# limit = 1.40446
#
# x           y           z           vx          vy          vz          s           m
 2.7694e-01 -1.1264e-01 -5.5936e-01  1.3748e+01 -1.4870e+01 -2.4108e+01  3.1485e+01  1.0000e+00
-1.4677e-01  6.4399e-01 -3.4472e-01  1.7736e+00 -8.3650e+00  4.3072e+00  9.5745e+00  1.0000e+00
-5.2328e-01  5.5734e-01 -3.3357e-01  4.7351e+00 -8.3565e+00  1.3869e+00  9.7044e+00  1.0000e+00
-7.3142e-01 -1.6466e-01 -3.8415e-01  9.0452e+00  2.3343e+00  4.0405e+00  1.0178e+01  1.0000e+00
-2.0244e-01 -3.8826e-01 -6.6849e-01  2.4388e+01  1.5705e+00  5.7768e+00  2.5112e+01  1.0000e+00
-5.5696e-02  4.8057e-01 -6.5763e-01 -3.9285e-02 -7.0499e+00  7.8542e+00  1.0554e+01  1.0000e+00
-1.9023e-01  7.6905e-02  6.1033e-01  4.9332e+00  1.7235e+00 -7.4090e+00  9.0664e+00  1.0000e+00
-2.9585e-01 -6.9207e-01 -2.8345e-01  2.1666e+00  1.0754e+01  2.5514e+00  1.1263e+01  1.0000e+00
-5.0418e-01  2.3475e-01 -1.3420e-01  5.4341e+00 -2.7157e+00  2.6192e+00  6.6155e+00  1.0000e+00
-7.6930e-02 -3.8946e-01 -1.8256e-02 -2.0047e-01  6.2150e+00 -1.8200e+00  6.4791e+00  1.0000e+00
-2.6699e-04  5.3835e-01  1.4242e-01 -2.1327e+00 -9.5847e+00 -1.2070e+00  9.8930e+00  1.0000e+00
 6.0571e-01 -3.6325e-01 -9.8875e-04 -6.3332e+00  2.0037e+00 -1.2312e+00  6.7558e+00  1.0000e+00
 7.4692e-01 -9.4214e-02  2.0026e-01 -6.8194e+00  1.0658e+00 -4.6018e+00  8.2956e+00  1.0000e+00
 1.6416e-01 -4.9445e-01 -3.7778e-01 -1.8210e+00  5.1096e+00  4.5439e+00  7.0761e+00  1.0000e+00
 7.2527e-01 -3.0180e-01  1.1671e-01 -1.3462e+01  1.0326e+01  1.2644e+00  1.7014e+01  1.0000e+00
-2.6242e-01 -7.5967e-01  3.1843e-01  3.2008e+00  1.0490e+01 -4.8206e+00  1.1981e+01  1.0000e+00
-2.1365e-01 -1.1178e-01 -1.9612e-02  7.8779e+00  1.0327e+01 -9.7458e-01  1.3025e+01  1.0000e+00
 6.4105e-01  4.6809e-01 -4.2982e-02 -1.1918e+01 -9.2378e+00  2.2828e+00  1.5251e+01  1.0000e+00
 1.6033e-01  1.5039e-02 -3.5906e-01 -6.4793e+00  9.1923e-01  5.3544e+00  8.4555e+00  1.0000e+00
-5.8308e-01  1.7503e-02 -1.8287e-01  8.8922e+00 -5.3516e-01 -2.5969e+00  9.2791e+00  1.0000e+00
 4.4521e-01  2.4027e-01 -3.5523e-01 -5.3476e+00 -2.2617e+00  7.0901e+00  9.1642e+00  1.0000e+00
 6.3993e-02 -2.7455e-01 -7.6634e-02  7.6471e-01  1.9284e+00 -1.6317e+00  2.6393e+00  1.0000e+00
 3.2298e-01  3.3535e-01 -5.9936e-01 -4.3034e+00 -8.3247e+00  8.5452e+00  1.2682e+01  1.0000e+00
 6.0563e-01 -2.8281e-01  6.0438e-01 -6.3943e+00  2.7429e+00 -4.6624e+00  8.3754e+00  1.0000e+00
 3.0318e-01 -5.2932e-01  4.8485e-01 -6.8699e+00  5.6495e+00 -4.7598e+00  1.0088e+01  1.0000e+00
-3.5602e-01  3.7807e-01  5.4305e-01  1.7866e+01 -9.3190e+00  9.0175e+00  2.2076e+01  1.0000e+00
-6.8992e-01 -3.8712e-01 -3.2446e-01 -4.1682e-01  1.5152e+01  4.2344e+00  1.5738e+01  1.0000e+00
 6.0035e-01  1.6052e-01 -5.8734e-01 -7.4502e+00 -2.3488e+00  7.2805e+00  1.0678e+01  1.0000e+00
-4.1247e-01  5.3611e-01  4.4616e-01  3.0982e+00 -6.3635e+00 -6.6933e+00  9.7413e+00  1.0000e+00
-1.5347e-01  2.3458e-01  2.9772e-02 -7.7504e-01  5.3020e+00  8.3739e+00  9.9415e+00  1.0000e+00
 2.2297e-01 -4.6744e-01 -1.9134e-01 -2.1260e+00  7.8572e+00  1.2519e+00  8.2355e+00  1.0000e+00
-1.7777e-01 -2.2846e-01 -3.4416e-01  2.6164e+00  4.0390e+00  1.1963e+00  4.9588e+00  1.0000e+00
 2.4140e-01  5.0437e-01  8.0140e-02 -2.0328e+00 -7.0516e+00 -1.3912e+00  7.4694e+00  1.0000e+00
 3.8574e-01 -5.8656e-01 -4.4905e-01 -2.7418e+00  1.3634e+01  3.2310e+00  1.4277e+01  1.0000e+00
 1.6190e-01  2.5801e-01 -2.8931e-01 -5.2944e+00 -2.3430e+00  2.8241e+00  6.4418e+00  1.0000e+00
-6.9468e-01  4.0556e-02 -2.0786e-01  8.2922e+00 -8.9254e-01 -1.3725e+00  8.4523e+00  1.0000e+00
 9.1489e-01  2.8662e-01 -3.6644e-01  1.8402e+01  3.0536e+00 -6.9314e+00  1.9900e+01  1.0000e+00
 1.7943e-01 -3.6165e-01 -1.2485e-01 -3.0862e+00  4.3449e+00  1.5810e+00  5.5589e+00  1.0000e+00
-5.2082e-01 -2.1399e-01  5.7322e-01  7.5051e+00  4.9290e-01 -4.6184e+00  8.8261e+00  1.0000e+00
-6.5609e-01  4.2111e-01 -2.2914e-01  8.5740e+00 -6.3688e+00  1.5168e+00  1.0788e+01  1.0000e+00
 1.7398e-01  1.0733e-01 -1.5158e-01 -5.1244e+00 -7.6932e+00  1.5295e+01  1.7871e+01  1.0000e+00
-2.0381e-01 -3.8985e-01 -6.7063e-01 -1.5108e+01  6.6136e+00  1.0491e+01  1.9546e+01  1.0000e+00
-9.9320e-02 -6.3177e-01  3.8328e-01  5.3331e+00  1.0084e+01 -1.5797e+00  1.1516e+01  1.0000e+00
 6.6851e-02  3.7822e-01 -7.4283e-01 -1.9699e-01 -4.5816e+00  7.1324e+00  8.4795e+00  1.0000e+00
-8.3149e-01 -3.7258e-01  7.2980e-02  8.0128e+00  1.8730e+00 -1.2474e+00  8.3228e+00  1.0000e+00
 7.1794e-01  4.1710e-01  3.4575e-01 -9.8446e+00 -5.9028e+00  4.8845e-01  1.1489e+01  1.0000e+00
-3.7133e-02  1.6908e-01 -2.1004e-01  4.4424e-01 -5.1554e+00  1.2672e+00  5.3274e+00  1.0000e+00
 2.2630e-01  2.4025e-01  6.3680e-01 -3.3842e+00 -3.1032e+00 -9.6413e+00  1.0679e+01  1.0000e+00
 1.7675e-01 -1.0533e-01  2.2145e-01 -2.1824e+00 -1.6448e+00 -8.9170e+00  9.3264e+00  1.0000e+00
 6.7843e-01 -3.0514e-01  1.8238e-01 -6.0989e+00  6.0050e+00 -4.4235e+00  9.6345e+00  1.0000e+00
-2.4148e-01  3.0515e-01  1.2659e-01 -3.0771e+00 -5.2782e+00 -4.5875e+00  7.6402e+00  1.0000e+00
-3.8928e-01  2.0591e-01  1.5274e-01  8.0240e+00 -5.9585e-01 -2.5271e+00  8.4336e+00  1.0000e+00
 1.8264e-01 -6.0723e-01  4.3015e-03 -6.1788e+00  2.2345e+00 -1.8106e+01  1.9261e+01  1.0000e+00
-7.8654e-01  2.5241e-01 -1.7984e-01  1.1231e+01 -4.3476e+00  1.8182e+00  1.2180e+01  1.0000e+00
 8.2185e-01 -2.9606e-01  1.8049e-01 -1.1027e+01  3.6209e+00 -3.2105e+00  1.2042e+01  1.0000e+00
 4.6818e-01 -5.1734e-01 -4.8301e-02 -1.2078e+01  1.3485e+01  5.3960e+00  1.8890e+01  1.0000e+00
 3.0606e-01 -8.5879e-02 -7.4530e-01 -4.8892e+00  4.8148e-01  9.2159e+00  1.0444e+01  1.0000e+00
 1.1082e-01 -2.6509e-01  5.0056e-01 -1.9490e+00  1.2978e+00 -7.5392e+00  7.8944e+00  1.0000e+00
-3.2848e-01  8.7345e-02 -2.1697e-01  3.9258e+00 -1.1223e+00  2.2717e+00  4.6725e+00  1.0000e+00
-7.0012e-01 -4.9083e-01 -2.0645e-01  9.0324e+00  6.3354e+00 -9.5114e-01  1.1074e+01  1.0000e+00
 3.0413e-01  3.1250e-02 -1.6757e-01 -4.0274e+00  1.3505e+00  5.6024e-01  4.2846e+00  1.0000e+00
 1.6661e-01 -4.8996e-01  1.1760e-01 -2.1637e+00  3.6658e+00 -3.1435e+00  5.2917e+00  1.0000e+00
 5.8740e-01 -6.2057e-01 -2.0123e-02 -8.4134e+00  1.1279e+01  1.5003e+00  1.4151e+01  1.0000e+00
-2.9574e-01  4.2373e-01  2.1422e-01  2.6652e+00 -9.1262e+00 -3.6994e+00  1.0202e+01  1.0000e+00
-5.7709e-01  4.1558e-01 -3.6971e-01  3.3661e+00 -9.5806e+00  1.5674e+00  1.0275e+01  1.0000e+00
-1.5278e-01 -5.0483e-01  5.5493e-01  5.2633e+00 -1.0636e+00 -1.2198e+01  1.3327e+01  1.0000e+00
 3.1786e-01  8.2562e-02  5.1365e-02 -1.2412e+00  3.2255e+00 -9.2395e-01  3.5774e+00  1.0000e+00
-6.2080e-01  4.7058e-01  2.3691e-01  7.6108e+00 -7.6298e+00 -5.0064e+00  1.1883e+01  1.0000e+00
 2.2120e-01 -2.1102e-01 -5.8931e-01 -4.0808e+00  4.2536e+00  8.9908e+00  1.0751e+01  1.0000e+00
-5.3584e-02  6.4757e-01 -7.5711e-02 -4.9626e-02 -1.1580e+01 -1.5881e+00  1.1688e+01  1.0000e+00
-4.6924e-01 -3.7441e-01 -2.6712e-01 -5.2767e+00 -1.1423e+00  1.7338e+00  5.6705e+00  1.0000e+00
-3.3592e-01  3.7158e-02  5.7900e-01  4.1681e+00  1.4579e+00 -5.3951e+00  6.9718e+00  1.0000e+00
-4.1275e-02  4.0405e-02 -3.7397e-01 -3.6811e+00 -4.4303e-01  1.7682e+00  4.1077e+00  1.0000e+00
 1.7209e-01  5.4186e-01  3.4224e-01 -1.5811e+00 -5.5739e+00 -5.4309e+00  7.9412e+00  1.0000e+00
 6.2699e-01 -2.2698e-01 -1.0429e-01 -1.0170e+01  1.5663e+00  2.8681e+00  1.0682e+01  1.0000e+00
-5.0804e-02 -2.1919e-01 -5.2839e-01 -4.9257e-01  3.7104e+00  7.6495e+00  8.5161e+00  1.0000e+00
 1.9263e-01 -1.8244e-01  1.2079e-01 -2.5233e+00  4.0801e+00  6.7065e-02  4.7978e+00  1.0000e+00
 2.1964e-01 -7.3276e-01  2.4420e-01 -4.6315e+00  4.5744e+00 -4.3097e+00  7.8071e+00  1.0000e+00
-4.6590e-01  7.3472e-01  7.1973e-02  4.9359e+00 -8.6878e+00  3.4537e-01  9.9980e+00  1.0000e+00
 6.0869e-01  3.2170e-01 -1.1468e-01 -5.9290e+00 -3.8719e+00  2.6879e+00  7.5743e+00  1.0000e+00
-2.7920e-01 -3.8873e-01 -5.9742e-01  5.5742e+00  5.0437e+00  4.4745e+00  8.7483e+00  1.0000e+00
-1.9875e-01 -4.8451e-01  4.8081e-01  5.5625e+00  7.5563e+00 -6.1877e+00  1.1239e+01  1.0000e+00
-2.8028e-01  2.8936e-01  8.2469e-01 -2.8752e+00  3.0026e+00  9.2882e-01  4.2597e+00  1.0000e+00
-2.1226e-01  2.2334e-01  3.8774e-01 -2.0023e-02 -6.7206e-01 -5.2482e+00  5.2911e+00  1.0000e+00
-2.1977e-01  2.3936e-01  7.1435e-01  7.0589e+00 -7.6721e+00 -7.3006e+00  1.2727e+01  1.0000e+00
 5.8827e-01  4.1063e-02  9.5764e-02 -6.7881e+00 -1.4728e+00  6.8424e-01  6.9797e+00  1.0000e+00
 4.5057e-01 -4.1741e-01  6.4526e-01 -5.9943e+00  5.7398e+00 -7.6786e+00  1.1307e+01  1.0000e+00
-3.3254e-01  3.4041e-01 -4.4073e-01  2.2829e+00  3.8063e+00 -7.3434e+00  8.5805e+00  1.0000e+00
-3.4407e-01 -5.7951e-01 -2.5449e-01  3.7946e+00  8.9093e+00 -1.0377e+00  9.7391e+00  1.0000e+00
-6.2771e-01 -2.5634e-01 -2.9381e-01  4.0348e+00 -4.3245e-01 -1.7687e+00  4.4266e+00  1.0000e+00
-3.5119e-01  2.0760e-01  5.9741e-02 -6.2665e+00  1.2162e+01 -9.6966e+00  1.6769e+01  1.0000e+00
-2.5352e-01 -7.2102e-01 -4.3843e-01  3.4285e+00  8.9507e+00  4.2437e+00  1.0482e+01  1.0000e+00
-2.3092e-01 -6.0984e-02 -2.0023e-02  2.8924e+00 -1.2304e+00  2.1669e+00  3.8178e+00  1.0000e+00
 2.2252e-01  2.3079e-02 -6.9104e-01 -8.3357e-01  4.4953e-01  9.8371e+00  9.8826e+00  1.0000e+00
-1.8402e-01 -2.4460e-01  4.4051e-01  3.8512e-01 -1.4104e+00 -8.8643e+00  8.9841e+00  1.0000e+00
 7.8915e-01 -6.1795e-02 -3.2210e-01 -1.0343e+01  5.7571e-01  3.8603e+00  1.1055e+01  1.0000e+00
 1.4609e-01  2.1647e-02 -2.8214e-01  2.7590e+00  6.0614e+00  2.3931e+00  7.0767e+00  1.0000e+00
 4.1171e-02  4.5549e-01  5.9687e-01  2.8210e-01 -6.8852e+00 -6.2970e+00  9.3348e+00  1.0000e+00
-5.0654e-02 -5.7884e-02 -1.0084e-01  3.9325e+00 -1.1505e+01 -4.8111e+01  4.9623e+01  1.0000e+00
 7.4023e-01 -1.4423e-01 -3.2327e-02 -7.2648e+00 -1.7011e+01  1.2565e+01  2.2361e+01  1.0000e+00
-3.0028e-01  3.2051e-01  6.4115e-02  8.9186e-01 -1.0941e+01  3.0821e+00  1.1402e+01  1.0000e+00
-3.6202e-01 -4.1127e-02 -4.8098e-01  5.9867e+00 -8.3314e-01  4.7210e+00  7.6696e+00  1.0000e+00
-4.0593e-01  1.3259e-01 -4.7325e-01  5.6848e+00  1.7777e+00  8.5800e+00  1.0445e+01  1.0000e+00
-7.6882e-01  8.8991e-03 -3.3653e-01  1.2003e+01  3.9255e-01 -1.5485e+00  1.2109e+01  1.0000e+00
-3.6385e-01  3.7951e-01 -5.0495e-01  2.6615e+00 -3.9076e+00  8.8249e+00  1.0012e+01  1.0000e+00
-2.7401e-01 -2.8496e-01  3.5099e-01  3.6209e+00  7.2011e-01 -3.5000e+00  5.0872e+00  1.0000e+00
-7.5065e-01  1.5757e-01 -3.6685e-01  1.1096e+01 -3.7503e+00  6.7226e+00  1.3505e+01  1.0000e+00
 6.6934e-01 -8.9261e-02  1.1940e-01 -1.2065e+01  1.6308e+00  7.3228e+00  1.4207e+01  1.0000e+00
 3.8073e-01 -5.2865e-01  1.0387e-01 -5.7694e+00 -1.7469e+01  1.5942e+01  2.4344e+01  1.0000e+00
 5.1106e-01  3.9373e-01  6.9023e-03 -3.5409e+00 -7.8472e+00  2.6968e-02  8.6092e+00  1.0000e+00
-2.5050e-01 -4.6744e-01  7.1136e-01  3.5521e+00  4.2329e+00 -9.0412e+00  1.0596e+01  1.0000e+00
-2.3652e-01  4.5066e-01 -7.2646e-01  3.0194e+00 -4.3504e+00  7.5655e+00  9.2347e+00  1.0000e+00
-6.3578e-01  1.5693e-01 -3.4745e-01  2.5360e+00 -3.3353e+00  3.6030e+00  5.5260e+00  1.0000e+00
-3.8520e-01  8.2007e-02  6.8104e-01  5.0336e+00 -1.5728e+00 -8.6448e+00  1.0126e+01  1.0000e+00
-6.3145e-01  7.9788e-02 -4.3853e-01  5.8852e+00  2.3513e-01  7.8949e+00  9.8499e+00  1.0000e+00
-7.4260e-01  3.8975e-01  1.1823e-01  5.9685e+00 -9.7378e+00 -1.8118e+00  1.1564e+01  1.0000e+00
 8.1037e-02 -3.1320e-01 -1.2525e-01  1.0414e+00  4.6176e+00  3.3859e+00  5.8199e+00  1.0000e+00
 2.2829e-01  3.2851e-01 -5.2866e-01 -2.6626e+00 -8.4704e+00  7.1221e+00  1.1383e+01  1.0000e+00
 7.0050e-02 -5.2355e-01  5.1101e-01 -7.3852e-01  1.0627e+01 -3.2377e+00  1.1133e+01  1.0000e+00
-3.1968e-01  3.4533e-01  2.8355e-01  5.3710e+00 -6.7295e+00 -4.9851e+00  9.9491e+00  1.0000e+00
-3.3408e-01 -9.1985e-02  3.1703e-02  6.5086e+00  2.2068e+00 -2.5672e+00  7.3363e+00  1.0000e+00
-1.7966e-01  1.6990e-01  5.8436e-01  6.8141e+00 -1.0309e+01 -2.0227e+01  2.3703e+01  1.0000e+00
 4.4309e-01 -1.0116e-01  6.5941e-02 -7.7818e+00  1.0867e+00 -1.3652e+00  7.9751e+00  1.0000e+00
-3.3281e-01  5.1830e-02 -1.1556e-03  1.4001e+01  2.8768e+00 -3.7627e+00  1.4780e+01  1.0000e+00
 2.6783e-01  3.5957e-01 -7.9607e-02 -3.2342e+00 -8.3723e+00  8.6109e-01  9.0165e+00  1.0000e+00
 2.8717e-01 -7.8755e-01  1.9442e-01 -1.6924e-01  8.8625e+00 -4.4764e-01  8.8754e+00  1.0000e+00
 5.3743e-01  3.7609e-01  5.8182e-01 -5.9500e+00 -4.3181e+00 -7.1121e+00  1.0229e+01  1.0000e+00
 1.7150e-01 -1.7990e-01 -8.4901e-01 -1.5690e+00  3.0363e-01  1.1016e+01  1.1132e+01  1.0000e+00
-4.0332e-01  2.4382e-01  2.9617e-01  1.9830e+00  9.7760e+00 -1.1936e+01  1.5555e+01  1.0000e+00
 2.1211e-01  1.3673e-01 -1.2677e-01 -3.1645e+01 -6.2878e+00  1.0971e+01  3.4078e+01  1.0000e+00
-5.0865e-01 -1.2646e-01  4.7778e-01  6.5092e+00  1.1258e+00 -3.3504e+00  7.4070e+00  1.0000e+00
-2.5145e-01 -7.2772e-01  2.5298e-01  3.5119e+00  8.7311e+00 -5.7737e-01  9.4286e+00  1.0000e+00
 6.0287e-01 -5.4056e-01  1.8004e-02 -9.9622e+00  6.8717e+00  7.2658e-01  1.2124e+01  1.0000e+00
 2.7803e-01  1.9274e-01 -1.2783e-01 -1.0862e+01 -1.0731e+01 -2.7361e+00  1.5512e+01  1.0000e+00
 2.0681e-01 -1.5009e-01  2.2934e-01 -8.2674e+00  4.0485e+00 -5.1224e+00  1.0535e+01  1.0000e+00
 3.9337e-01  3.5086e-01 -4.7045e-01 -4.6776e+00 -7.7640e+00  4.5805e+00  1.0156e+01  1.0000e+00
-1.6061e-01 -3.8023e-01  4.2270e-01 -6.6421e-01  1.0256e+01 -2.4432e+00  1.0564e+01  1.0000e+00
-2.2096e-01  3.6263e-01  7.1517e-01  3.2547e+00 -7.5163e+00 -7.8287e+00  1.1330e+01  1.0000e+00
-1.5008e-01  1.4013e-01  8.4635e-01 -9.2771e-02 -1.3601e+00 -1.0522e+01  1.0610e+01  1.0000e+00
 8.0922e-02 -5.8380e-01 -6.5923e-01 -2.0279e-01  1.1901e+01 -3.4066e+00  1.2381e+01  1.0000e+00
-4.4710e-01  5.1151e-01  8.6863e-02  3.6855e-01 -8.6600e+00 -5.2679e+00  1.0143e+01  1.0000e+00
 6.5092e-01  5.3605e-02 -2.5820e-01 -5.3178e+00 -1.4790e+00  3.6250e+00  6.6036e+00  1.0000e+00
 6.7272e-01 -4.8262e-01  2.6573e-02 -1.1421e+01  4.3070e+00 -3.8678e+00  1.2804e+01  1.0000e+00
 5.3368e-02 -2.4237e-01 -7.0572e-01 -4.5037e-01  3.7368e+00  9.1556e+00  9.8990e+00  1.0000e+00
-6.4488e-01  3.2408e-01 -1.2268e-02  7.8898e+00 -3.1268e+00  1.0605e+00  8.5528e+00  1.0000e+00
 5.8155e-01  3.3375e-02 -4.8088e-01 -7.2838e+00 -3.1730e-01  7.4124e+00  1.0397e+01  1.0000e+00
 5.4921e-01 -7.8770e-01 -1.6438e-01 -1.3270e+01 -5.1570e+01 -5.6322e+01  7.7509e+01  1.0000e+00
-7.1931e-01  4.3131e-01  1.2813e-01  1.2280e+01 -3.3943e+00  2.4352e+00  1.2971e+01  1.0000e+00
 2.2172e-01  2.7424e-02 -2.9045e-01 -2.3452e+01 -1.1348e+01  1.0071e+01  2.7932e+01  1.0000e+00
 2.0560e-01  6.7068e-01  1.4041e-01 -2.5609e+00 -8.6883e+00 -1.0309e+00  9.1163e+00  1.0000e+00
 2.1232e-01  6.1700e-02 -5.3448e-01 -2.4753e+00 -2.1213e+00  9.0619e+00  9.6304e+00  1.0000e+00
 2.6541e-01  5.9176e-01  3.7316e-01 -4.0380e+00 -7.5405e+00 -3.6836e+00  9.3130e+00  1.0000e+00
 7.7178e-02 -6.0566e-01 -6.1059e-01  1.1515e-01  2.1078e+00  1.5122e+01  1.5268e+01  1.0000e+00
 5.9329e-01 -5.4116e-01  1.2822e-01 -7.3847e+00  7.5881e+00 -7.0301e+00  1.2710e+01  1.0000e+00
 4.4403e-01 -1.7321e-01  6.9066e-01 -4.2189e+00  5.2140e-02 -8.9180e+00  9.8657e+00  1.0000e+00
 3.1221e-01 -5.7864e-01 -5.9821e-01 -3.6439e+00  5.7334e+00  8.4789e+00  1.0865e+01  1.0000e+00
 4.6029e-01 -4.3713e-01 -3.2356e-02 -6.7169e+00  1.5001e+00  8.4922e-01  6.9346e+00  1.0000e+00
 6.3683e-01 -3.3588e-01 -3.9170e-01 -7.6782e+00  3.2448e+00  6.4602e+00  1.0546e+01  1.0000e+00
-2.3169e-01 -3.8033e-01 -6.3603e-01 -2.6277e+00  7.7612e+00  1.5731e+01  1.7737e+01  1.0000e+00
-4.3412e-01  2.5937e-01  3.2265e-01  3.1287e+00  1.6048e+00 -9.5408e+00  1.0168e+01  1.0000e+00
-3.4370e-01 -4.8526e-01 -5.7350e-01  4.5563e+00  7.4562e+00  8.1123e+00  1.1923e+01  1.0000e+00
 7.8569e-01 -2.7743e-01 -2.9703e-01 -9.9174e+00  1.2993e+00  5.8004e+00  1.1562e+01  1.0000e+00
-4.2492e-01  5.5508e-01  1.4821e-01  3.1703e+00 -6.2953e+00 -1.4794e+00  7.2021e+00  1.0000e+00
-7.9302e-02 -5.5057e-01  2.1262e-02  3.3214e-01  1.0998e+01 -7.8962e+00  1.3543e+01  1.0000e+00
-2.6819e-01 -7.6670e-01 -1.4660e-01  3.5899e+00  1.0105e+01 -8.3631e-01  1.0756e+01  1.0000e+00
-7.9159e-01 -1.2538e-01 -2.0854e-01  9.5292e+00  1.8581e+00  3.3108e-02  9.7088e+00  1.0000e+00
 6.0753e-01  2.7256e-01  1.5745e-01 -7.0637e+00 -4.4384e+00 -1.5754e+00  8.4898e+00  1.0000e+00
-4.9831e-01  2.7982e-01 -8.0497e-02  4.8780e+00 -5.2245e+00 -3.7814e-01  7.1577e+00  1.0000e+00
 4.8775e-02 -4.9147e-01  5.1266e-01 -1.2569e+00  2.5023e+00 -1.2140e+01  1.2459e+01  1.0000e+00
 3.7703e-01 -6.2176e-01  3.0590e-01 -5.5047e+00  6.8491e+00 -4.2356e+00  9.7546e+00  1.0000e+00
-9.8858e-02  6.5161e-01  5.0108e-01  5.3536e+00 -8.9796e+00 -2.3049e+00  1.0705e+01  1.0000e+00
-1.8512e-01  3.3196e-01  4.5853e-01 -8.8694e-01 -7.1504e+00 -6.4224e+00  9.6521e+00  1.0000e+00
 5.3163e-01 -6.4214e-02 -3.5881e-01 -5.0798e+00  8.9817e-02  3.8881e+00  6.3977e+00  1.0000e+00
 5.5685e-01  3.3706e-01  4.9010e-02 -2.3993e+01 -8.0443e+00  9.1574e+00  2.6911e+01  1.0000e+00
 2.6110e-02 -3.5449e-02  1.9672e-01 -2.4360e+00  1.9213e+00 -3.4399e+00  4.6323e+00  1.0000e+00
-7.1880e-02  8.6228e-02 -3.5466e-01  8.9646e+00 -1.1716e+01  2.2329e+00  1.4920e+01  1.0000e+00
-5.4969e-01 -4.1437e-01  2.7278e-01  7.4587e+00  2.8280e+00 -3.1289e+00  8.5686e+00  1.0000e+00
-4.2436e-01  5.2268e-01  1.3874e-01  1.0569e+01 -1.3944e+01  4.2085e+00  1.7996e+01  1.0000e+00
 7.0207e-01  8.1496e-02  1.2269e-01 -8.8480e+00 -1.1710e+01 -1.3084e+01  1.9662e+01  1.0000e+00
-7.2068e-01 -3.2231e-01 -2.9909e-01  1.0735e+01  5.0122e+00  1.6693e-01  1.1848e+01  1.0000e+00
-2.4533e-01 -4.2173e-01  3.1087e-01  4.1207e+00  4.8413e+00 -2.4389e+00  6.8093e+00  1.0000e+00
 3.8352e-01  2.0303e-01 -1.7341e-01 -6.7388e+00 -6.2420e+00  1.7921e+00  9.3587e+00  1.0000e+00
 7.4914e-01  3.2026e-01  2.1565e-01 -9.6708e+00 -4.0333e+00 -2.3475e+00  1.0738e+01  1.0000e+00
-4.4713e-01 -2.3892e-01 -1.0952e-02  7.6718e+00  4.5821e+00  4.6931e-03  8.9360e+00  1.0000e+00
-6.8914e-01  3.3343e-01 -3.7235e-01  8.9138e+00 -3.5306e+00  3.2942e+00  1.0138e+01  1.0000e+00
 6.2278e-01 -2.6454e-01 -5.0562e-01 -7.2272e+00  1.0624e+00  7.0670e+00  1.0164e+01  1.0000e+00
-1.4457e-01  6.1622e-01 -1.2388e-01  4.1028e+00 -9.2201e+00  1.4303e+00  1.0193e+01  1.0000e+00
 1.7723e-01 -7.5023e-01  1.9968e-01 -5.9808e+00  1.0419e+01  1.0040e-01  1.2014e+01  1.0000e+00
-2.3703e-01 -1.3106e-01  8.3077e-01  1.6899e+00  1.7845e+00 -8.1514e+00  8.5139e+00  1.0000e+00
 4.6621e-01 -5.7693e-01 -4.0971e-01 -1.0415e+01  6.3797e+00  3.9090e+00  1.2824e+01  1.0000e+00
 4.0462e-01  4.0336e-01  5.2801e-01 -3.4833e+00 -5.0632e+00 -6.6964e+00  9.0890e+00  1.0000e+00
-3.3451e-01  7.5379e-02  4.4727e-01  8.9594e+00 -7.4696e+00  2.4838e+00  1.1926e+01  1.0000e+00
-7.6376e-01  4.3287e-01  2.2924e-01  6.9431e+00  2.8939e+00  1.4540e-01  7.5235e+00  1.0000e+00
-3.8109e-01 -9.7990e-02  6.0358e-01  4.4374e+00  1.6649e+00 -8.2196e+00  9.4881e+00  1.0000e+00
-4.0836e-01 -3.3742e-01  3.7128e-01  8.1271e+00  2.3869e+00 -4.1461e+00  9.4307e+00  1.0000e+00
 3.3444e-01  3.2145e-01  4.0650e-01 -4.9055e+00 -3.4028e+00 -5.4839e+00  8.1066e+00  1.0000e+00
-2.7621e-01  5.9562e-01  1.2149e-01  1.0380e+00 -1.0131e+01 -1.3704e+00  1.0276e+01  1.0000e+00
 6.4153e-02  1.6038e-03 -5.1775e-01 -2.3966e+00 -2.9232e+00  1.2050e+01  1.2629e+01  1.0000e+00
-5.3556e-01 -3.1149e-01 -5.1271e-01  9.7915e+00  2.8540e+00  9.0417e+00  1.3630e+01  1.0000e+00
 2.3776e-01  9.1141e-02  7.0971e-01 -2.1741e+00 -1.2032e+00 -1.0130e+01  1.0431e+01  1.0000e+00
-1.2783e-01 -9.9916e-02  1.1208e-01  1.8102e+00  1.5152e+00 -4.0696e+00  4.7047e+00  1.0000e+00
-2.3485e-01  3.5691e-01  1.0029e-01  1.0207e+01 -6.5675e+00  3.1544e+00  1.2541e+01  1.0000e+00
 4.7249e-01  3.8690e-01  4.2582e-01 -5.2785e+00 -4.2133e+00 -5.1887e+00  8.5168e+00  1.0000e+00
-8.0280e-01  6.7279e-02  3.0834e-01 -1.5733e+00 -3.4087e+00 -1.0218e+01  1.0886e+01  1.0000e+00
 2.8730e-01 -3.9726e-01 -2.1839e-01 -6.5383e+00  6.4424e-01  1.9547e+00  6.8546e+00  1.0000e+00
-6.3912e-02  8.7483e-01  6.4639e-02  6.8225e-02 -8.7228e+00 -5.0895e-01  8.7379e+00  1.0000e+00
-5.5668e-01 -1.9532e-01 -4.6387e-01  6.9456e+00 -4.9786e-01  6.7251e+00  9.6807e+00  1.0000e+00
-2.3686e-01 -1.6260e-01 -1.4876e-02 -1.1008e+00 -3.9643e+00  9.8802e-01  4.2313e+00  1.0000e+00
-5.9799e-02  6.6215e-01  5.4484e-01 -4.0510e+00 -1.1265e+01 -9.5762e+00  1.5330e+01  1.0000e+00
 1.5192e-01  9.4631e-02  4.8007e-01 -2.4727e+00 -2.9902e+00 -5.2799e+00  6.5523e+00  1.0000e+00
 3.8217e-01  1.2369e-01 -3.4552e-01  1.1628e+01  9.6066e+00 -1.9235e+00  1.5205e+01  1.0000e+00
-3.6827e-02 -2.0250e-01 -8.2522e-01  5.5404e-01  4.1461e-01  9.7215e+00  9.7461e+00  1.0000e+00
 6.6328e-01  2.1005e-01  3.0176e-01 -1.2675e+01  4.4055e+00  7.8058e+00  1.5524e+01  1.0000e+00
-2.5901e-01  2.6947e-01  3.1498e-01  1.3256e+00 -3.2755e+00 -5.2880e+00  6.3599e+00  1.0000e+00
 4.0005e-01 -5.7103e-01 -4.2876e-01 -5.0251e+00  4.7983e+00  1.3308e+00  7.0744e+00  1.0000e+00
-4.6211e-01  1.0382e-01  1.1619e-01  9.0028e+00 -5.5481e-01 -1.8578e+00  9.2092e+00  1.0000e+00
 5.0262e-01  6.7426e-02 -4.4049e-01 -5.0793e+00 -2.8451e+00  5.7355e+00  8.1724e+00  1.0000e+00
-1.0075e-01  2.4189e-01 -7.4929e-01  1.9692e+00 -4.2068e+00  7.8708e+00  9.1392e+00  1.0000e+00
 9.8674e-02 -6.9952e-01 -3.3357e-01  1.7936e+00  8.2885e+00  6.2026e-01  8.5030e+00  1.0000e+00
 4.1229e-02  1.9540e-01  5.2388e-01 -5.2362e+00 -7.4162e+00 -8.2545e+00  1.2270e+01  1.0000e+00
-2.3622e-01 -1.6858e-01 -6.3361e-01  2.0882e+00 -2.5932e-01  1.1699e+01  1.1886e+01  1.0000e+00
-5.5363e-01  1.1662e-02 -2.1720e-01  4.2203e+00  9.0000e-01  3.0448e+00  5.2812e+00  1.0000e+00
 8.3046e-04 -1.7515e-02 -4.3471e-01  1.6948e+00 -3.0499e+00  9.2425e+00  9.8792e+00  1.0000e+00
-1.6367e-02 -5.0556e-03 -4.4537e-01  3.0422e+00  5.6777e+00  1.7093e+01  1.8266e+01  1.0000e+00
-2.0925e-01 -2.5761e-02  8.2540e-02  3.3008e+00 -3.1154e-02 -2.2811e+00  4.0124e+00  1.0000e+00
-3.7954e-01 -3.1543e-01 -3.1209e-01  3.9616e+00  3.0808e+00  2.4805e+00  5.5981e+00  1.0000e+00
-4.7128e-01  4.2707e-01 -1.3928e-01  4.8757e+00 -6.4921e+00  1.6665e+00  8.2884e+00  1.0000e+00
 6.4531e-01  5.0732e-01 -1.6060e-01 -5.8826e+00 -1.0569e+01  6.3670e+00  1.3669e+01  1.0000e+00
 1.6716e-01 -2.0800e-01 -4.8433e-01 -2.5250e+00  3.5459e+00  5.8493e+00  7.2913e+00  1.0000e+00
-2.2781e-01  4.4945e-02 -5.4934e-01  1.4472e+00  9.9526e+00 -2.4331e+00  1.0347e+01  1.0000e+00
 6.7193e-01  3.0036e-01  5.2350e-01 -5.9151e+00 -1.8710e+00 -5.4239e+00  8.2406e+00  1.0000e+00
-8.7590e-01  8.4863e-02 -3.5792e-01 -4.0111e+00  1.5399e+01  5.6003e+00  1.6870e+01  1.0000e+00
-6.0292e-02 -7.2650e-01  4.3533e-01  6.0155e-01  1.0250e+01 -2.7599e+00  1.0632e+01  1.0000e+00
-4.4066e-01  5.6813e-01  3.8681e-01  6.6167e+00 -9.1938e+00 -2.5473e+00  1.1610e+01  1.0000e+00
 4.0408e-01 -3.4640e-01 -4.5379e-02 -6.1354e-02  2.8032e+01 -2.1334e+01  3.5227e+01  1.0000e+00
 4.6743e+00 -6.3479e+00  4.9633e+00  3.8389e+02 -4.7422e+02  3.0949e+02  6.8413e+02  1.0000e+00
 5.7123e-01  3.2981e-01 -2.1322e-01 -6.3303e+00 -6.5442e+00  4.4325e+00  1.0126e+01  1.0000e+00
 1.6681e-01 -7.6982e-01 -1.1482e-01 -1.4484e+00  1.1723e+01  1.0937e+00  1.1862e+01  1.0000e+00
-3.7388e-02  3.2490e-01  1.3826e-01 -2.7988e+00 -5.6619e+00 -5.4639e+00  8.3514e+00  1.0000e+00
 2.5496e-01 -4.9009e-01  5.4197e-01 -3.1465e+00  2.4970e+00 -7.5056e+00  8.5129e+00  1.0000e+00
 2.7229e-01  3.1000e-02 -5.2517e-01 -7.6088e+00 -8.6066e-01  6.7697e+00  1.0221e+01  1.0000e+00
-7.4120e-01  7.2448e-02 -2.9612e-01  8.1384e+00 -2.9002e+00  9.1266e-01  8.6878e+00  1.0000e+00
 5.1034e-01 -2.1183e-01 -3.4954e-01 -6.0612e+00  1.3109e+00  3.4885e+00  7.1152e+00  1.0000e+00
 1.8334e-01 -6.0608e-01  1.9327e-03  5.5952e+00  1.0153e+01  1.4791e+01  1.8793e+01  1.0000e+00
-3.4823e-01 -2.6558e-01  5.4391e-01  3.1776e+00  1.3989e+00 -8.0204e+00  8.7396e+00  1.0000e+00
 5.3403e-01 -3.6304e-01 -5.5641e-01 -6.2050e+00  3.6073e+00  8.6183e+00  1.1216e+01  1.0000e+00
-1.0961e-01  2.4870e-01  1.4246e-01 -1.6885e+01  1.1773e+01  2.7152e+01  3.4072e+01  1.0000e+00
-1.8399e-01 -3.0641e-01 -6.0853e-01  3.1235e+00  9.4555e-01  9.7523e+00  1.0284e+01  1.0000e+00
-1.1411e-01 -5.8904e-02 -3.9055e-01  3.9389e+00  3.7521e+00  1.3506e+00  5.6051e+00  1.0000e+00
-4.4574e-01 -2.9139e-01 -5.2278e-01  6.3578e+00  1.2129e+01 -2.1859e+00  1.3868e+01  1.0000e+00
 2.4012e-01  7.1180e-02 -7.5510e-01 -4.4978e+00 -3.2647e+00  1.0380e+01  1.1774e+01  1.0000e+00
-6.4186e-01 -5.1589e-01  1.8726e-01  5.5278e+00  4.9878e+00 -8.2954e-01  7.4915e+00  1.0000e+00
 1.5474e-01 -6.2859e-01  5.1577e-01 -7.4821e+00  4.2405e+00 -4.8288e+00  9.8631e+00  1.0000e+00
 2.8162e-01 -6.4659e-01 -9.5611e-02 -3.3689e+00  7.5568e+00  2.3130e+00  8.5910e+00  1.0000e+00
 1.6948e-02 -3.8443e-01  5.4259e-01 -3.8462e+00  1.6612e+00 -3.8406e+00  5.6836e+00  1.0000e+00
 1.3620e-01 -1.0872e-01  2.6233e-01 -5.6025e+00 -2.8062e+00 -6.4220e+00  8.9725e+00  1.0000e+00
-1.5269e-01 -1.3247e-02  1.7982e-01  1.6143e+01 -1.3281e+01  3.5116e+00  2.1197e+01  1.0000e+00
-1.2995e-01 -3.5420e-01 -2.2969e-01 -1.4463e+00  2.8837e+00  3.5844e+00  4.8224e+00  1.0000e+00
-3.9736e-02  1.3735e-01 -8.4709e-02  2.8859e-01 -2.1887e+00  1.8792e-01  2.2156e+00  1.0000e+00
 3.3429e-01  4.1771e-01  3.2955e-01 -3.1899e+00 -6.8713e+00 -2.6875e+00  8.0382e+00  1.0000e+00
-3.8753e-01  5.5486e-01 -4.8930e-01  2.9686e+00 -8.0649e+00  6.2781e+00  1.0643e+01  1.0000e+00
-9.6676e-02  3.7142e-01  7.2892e-01 -2.1718e-01 -6.7728e+00 -7.4664e+00  1.0083e+01  1.0000e+00
 1.6463e-01 -7.2155e-01 -3.7371e-01  2.7582e+00  1.4066e+01  2.4474e+00  1.4541e+01  1.0000e+00
 2.9737e-01  2.0113e-01 -1.2387e-01  1.1631e+00 -4.1490e+00  6.5368e+00  7.8292e+00  1.0000e+00
 7.2841e-01 -2.3249e-01  1.8381e-01 -7.6026e+00 -1.5851e-01 -6.5276e+00  1.0022e+01  1.0000e+00
-9.9741e-02 -8.8048e-02 -4.7435e-01  2.5173e+01  2.4564e+01 -1.7543e-01  3.5173e+01  1.0000e+00
 4.6629e-01 -5.1944e-01 -4.0970e-02  4.5033e+00  1.0964e+00 -7.4260e-01  4.6940e+00  1.0000e+00
 5.4906e-01 -8.5818e-02  4.0241e-01 -6.2269e+00 -3.0060e-01 -1.2696e+01  1.4144e+01  1.0000e+00
 3.1315e-01  2.6063e-01  3.5683e-01 -2.7043e+00 -2.8452e+00 -2.9216e+00  4.8933e+00  1.0000e+00
 6.1776e-01 -3.6504e-01  2.0904e-01  5.9219e+00  6.7731e+01  4.9046e+01  8.3833e+01  1.0000e+00
-3.2515e-01  2.3038e-01 -3.0698e-01  3.2219e+00 -1.5114e+01  1.4592e+01  2.1254e+01  1.0000e+00
-2.0100e-01  2.0851e-01  1.4047e-02  6.1185e+00 -1.2436e+00  3.4288e+00  7.1232e+00  1.0000e+00
-1.9426e-01 -6.6955e-01 -7.2935e-01 -5.6588e+00 -5.8409e+00 -1.3519e+01  1.5776e+01  1.0000e+00
 4.5572e-01 -7.0122e-02  7.2719e-02 -1.7856e+00  8.7072e-01 -2.5390e+00  3.2238e+00  1.0000e+00
-4.6661e-01 -1.9480e-02  5.5743e-02  2.7958e+00 -3.4751e+00  1.6024e+00  4.7392e+00  1.0000e+00
 5.8296e-01  6.0647e-01  7.4091e-02 -1.4298e+01 -8.2591e+00  8.2933e-01  1.6533e+01  1.0000e+00
 5.2010e-01 -4.1044e-01  3.6268e-01 -5.3501e+00  4.9650e+00 -6.9581e+00  1.0084e+01  1.0000e+00
-3.6289e-02 -5.3572e-01 -2.5399e-01  2.3729e+00  5.5686e+00  3.7833e+00  7.1381e+00  1.0000e+00
-1.5964e-01  1.7878e-01 -4.1289e-01  1.0656e+00 -4.8705e+00  7.0708e+00  8.6518e+00  1.0000e+00
-1.6084e-01 -4.4561e-01  4.0125e-01  3.1396e-01  4.4204e+00 -6.7341e+00  8.0615e+00  1.0000e+00
 2.5574e-01 -4.0569e-01 -2.3636e-01 -4.3374e-01  5.3465e+00  5.3802e+00  7.5974e+00  1.0000e+00
 1.7415e-01 -4.0512e-01 -5.5150e-01 -3.2860e+00  3.2714e+00  8.5079e+00  9.6894e+00  1.0000e+00
-1.6164e-01 -3.8449e-01 -2.3479e-01  4.4474e+00  7.4688e+00  8.4331e-01  8.7334e+00  1.0000e+00
-6.5390e-01  2.2838e-01  1.1473e-01  8.3807e+00  9.4408e-01 -1.3665e+00  8.5437e+00  1.0000e+00
 5.2441e-02  2.3020e-01  5.4351e-01  1.2270e+00  2.7459e-01 -4.9040e+00  5.0627e+00  1.0000e+00
-4.9236e-01 -3.0048e-01  5.3258e-01  1.4346e+01  2.6961e+00 -5.7484e+01  5.9308e+01  1.0000e+00
 3.8969e-01 -3.9245e-01  6.3180e-01 -2.4411e+00  8.7213e-01 -9.8562e+00  1.0191e+01  1.0000e+00
 6.2243e-01  4.9705e-01  6.2601e-02 -6.8945e+00 -6.5894e+00 -6.2663e+00  1.1411e+01  1.0000e+00
-7.8992e-01 -9.9573e-02  3.5875e-01  7.2598e+00  1.3630e+00 -2.6938e+00  7.8625e+00  1.0000e+00
-7.2331e-01  2.4203e-01 -1.0399e-01  8.1419e+00 -2.6914e+00  8.3630e-01  8.6159e+00  1.0000e+00
-2.1850e-01 -3.4009e-01 -3.9907e-02  3.5748e+00  6.4124e+00  1.3376e+00  7.4624e+00  1.0000e+00
-8.6849e-02 -5.5828e-01  6.2843e-01  1.0854e+00  6.2204e+00 -9.4633e+00  1.1377e+01  1.0000e+00
 1.4721e-01  2.6047e-01 -2.8912e-01  3.0071e+00 -1.4600e+01  1.7007e+00  1.5003e+01  1.0000e+00
 6.1334e-02 -7.0833e-01  2.3731e-01  9.8323e-01  6.8203e+00 -3.3662e+00  7.6690e+00  1.0000e+00
 4.8384e-01  3.7069e-01  1.2871e-02 -1.4180e+00 -2.1366e-01 -1.3739e+00  1.9860e+00  1.0000e+00
-1.0664e-02  5.7599e-01 -5.5644e-01 -4.2100e-01 -7.8658e+00  4.5069e+00  9.0753e+00  1.0000e+00
-4.6692e-01 -6.7838e-01 -3.2109e-01  5.8276e+00  9.1342e+00  2.0300e+00  1.1023e+01  1.0000e+00
-2.3450e-01 -4.7250e-01  8.9619e-02  3.6076e+00  7.5762e+00 -6.8477e-01  8.4192e+00  1.0000e+00
 1.9604e-01 -7.0368e-01  4.5108e-01 -5.6362e+00  9.1730e+00 -4.0126e+00  1.1490e+01  1.0000e+00
 1.8182e-01  4.2424e-01  6.0091e-01 -2.2936e+00 -4.8547e+00 -5.8915e+00  7.9711e+00  1.0000e+00
 9.2005e-02  5.7328e-01  2.4502e-01 -2.6797e+00 -5.5021e+00 -3.8470e+00  7.2286e+00  1.0000e+00
 3.0157e-01  5.8906e-02  5.3250e-02 -4.6029e+00 -7.2038e+00 -5.4142e+00  1.0119e+01  1.0000e+00
-2.0143e-01  2.1694e-01  6.5916e-01  2.3648e+00  2.9902e+00 -1.0192e+01  1.0882e+01  1.0000e+00
-6.4372e-01  3.8426e-01 -3.9578e-01  1.0374e+01 -7.6385e+00  5.7410e+00  1.4104e+01  1.0000e+00
-4.2864e-01 -6.2349e-01  2.7717e-01  2.8365e+00  5.9741e+00  6.8217e-01  6.6484e+00  1.0000e+00
-5.6281e-01 -1.7391e-01  5.5520e-02  8.0968e+00  3.1545e+00 -3.3054e+00  9.2970e+00  1.0000e+00
-1.1468e-01  1.2878e-01  3.8963e-01 -3.6581e+00 -1.7012e+01  2.3336e+01  2.9109e+01  1.0000e+00
 5.4383e-01 -1.4666e-01 -6.4168e-01 -7.1562e+00 -5.9222e-01  8.7286e+00  1.1303e+01  1.0000e+00
 6.9063e-02 -1.8961e-01 -3.3766e-01 -1.7608e+00  2.9720e+00  2.8176e+00  4.4578e+00  1.0000e+00
 1.1525e-01  4.2022e-01  6.9610e-01 -1.2957e+00 -4.6632e+00 -8.9717e+00  1.0194e+01  1.0000e+00
-2.1956e-01 -2.7734e-01  1.8754e-01  2.4681e+00  4.3944e+00 -1.9387e+00  5.4001e+00  1.0000e+00
-2.9163e-01  3.3249e-01  9.1979e-02 -2.0008e+00 -7.7003e+00 -1.1882e+00  8.0442e+00  1.0000e+00
-3.1435e-01  5.9448e-01  3.8226e-01  6.7636e-01 -8.9492e+00 -5.0321e+00  1.0289e+01  1.0000e+00
-3.7384e-01 -4.9620e-01 -4.0996e-01  3.5083e+00  6.8511e+00  6.7935e+00  1.0266e+01  1.0000e+00
-2.0034e-01  7.3546e-02  2.7820e-01  4.2048e+00 -2.8296e-01 -5.8660e+00  7.2229e+00  1.0000e+00
-1.5423e-01  3.1885e-01 -3.5277e-02  3.8611e+00 -6.4741e+00  4.2989e+00  8.6777e+00  1.0000e+00
 6.2184e-01 -5.0899e-02 -3.6712e-01 -9.4323e+00 -1.3763e-01  4.2485e+00  1.0346e+01  1.0000e+00
-5.8632e+00  6.7108e+00 -3.6838e+00 -3.7967e+02  4.7217e+02 -3.1703e+02  6.8382e+02  1.0000e+00
-6.8682e-01 -1.0978e-01 -3.4691e-01  2.3155e+01 -1.3794e+01  6.7716e+00  2.7790e+01  1.0000e+00
-6.3159e-02 -6.2829e-01  3.8119e-01 -1.4444e+00  4.9561e+00 -3.3511e+00  6.1546e+00  1.0000e+00
 6.3028e-01 -5.4446e-01 -1.9475e-01 -8.3919e+00  8.8058e+00  2.5202e+00  1.2422e+01  1.0000e+00
 6.9897e-01  7.2230e-02 -2.2973e-01 -1.1949e+01 -2.2639e-01  1.7697e+00  1.2082e+01  1.0000e+00
 7.7743e-01 -8.6713e-02  2.1020e-01 -1.4628e+01 -2.3807e+00 -4.8799e+00  1.5603e+01  1.0000e+00
-5.8173e-01  1.0380e-02  6.2189e-01  7.8612e+00  6.6554e-01 -5.9550e+00  9.8845e+00  1.0000e+00
-6.9917e-01  3.2394e-01  1.1764e-01  1.1908e+01 -6.2514e+00 -1.0307e+01  1.6944e+01  1.0000e+00
-5.4063e-02  6.1073e-01 -1.2628e-01 -3.6631e-01 -6.2728e+00  1.6512e+00  6.4969e+00  1.0000e+00
 7.2332e-02 -3.2207e-02 -1.2612e-01 -1.7799e+00  9.2906e-01 -3.8041e-01  2.0435e+00  1.0000e+00
 5.9874e-01  5.9936e-01  6.3942e-02  4.0059e+00 -1.1276e+01 -3.8140e+00  1.2559e+01  1.0000e+00
-3.1873e-02  2.1377e-01 -8.3230e-01  7.8891e-01 -2.8678e+00  1.0402e+01  1.0819e+01  1.0000e+00
 1.3783e-01 -7.7653e-01  2.8711e-01 -9.4256e-01  9.9257e+00 -4.6447e+00  1.0999e+01  1.0000e+00
 5.1799e-01 -2.9793e-01  6.7634e-01 -5.1382e+00  2.1479e+00 -7.7080e+00  9.5094e+00  1.0000e+00
-5.7878e-01  3.2877e-01  1.6198e-01  6.1620e+00 -2.8895e+00 -1.5597e+00  6.9823e+00  1.0000e+00
-8.8062e-01 -5.6054e-02 -1.2486e-01  1.0324e+01  1.0027e+00 -8.2748e-01  1.0405e+01  1.0000e+00
 4.4660e-01  2.7369e-01 -3.1755e-01 -4.9674e+00 -8.8044e+00  3.9182e+00  1.0842e+01  1.0000e+00
-3.1192e-01 -1.4560e-01 -5.2650e-01  4.9413e+00  7.0444e-01  9.4783e+00  1.0712e+01  1.0000e+00
-1.6517e-01 -4.8188e-01  5.5097e-01 -1.6025e+00  9.6362e+00 -8.1150e+00  1.2700e+01  1.0000e+00
-5.1671e-01 -5.6556e-01 -3.5814e-01  1.7539e+01 -2.6928e+00  1.1020e+00  1.7779e+01  1.0000e+00
-3.9030e-01 -5.2886e-01  3.1964e-01  5.7151e+00  5.7372e+00 -5.1436e+00  9.5934e+00  1.0000e+00
 2.8715e-01  1.7230e-01  5.8597e-01 -4.3910e+00 -1.6936e+00 -5.8985e+00  7.5459e+00  1.0000e+00
-4.5842e-01 -3.5579e-01 -4.4052e-01  4.6701e+00  4.1780e+00  1.4967e+01  1.6226e+01  1.0000e+00
 1.4714e-01  2.4783e-01 -3.8083e-01  3.5816e-01 -7.5503e+00  6.5255e+00  9.9859e+00  1.0000e+00
 6.9791e-01  4.1168e-01  3.6525e-01 -4.7542e+00 -2.2261e+00 -6.8538e+00  8.6332e+00  1.0000e+00
 1.9553e-02  5.9407e-01 -3.5390e-01 -1.7010e+00 -8.4333e+00  4.2005e+00  9.5738e+00  1.0000e+00
-4.4449e-02 -5.9080e-01  1.3737e-01  4.6006e+00  5.2909e+00  4.8755e+00  8.5398e+00  1.0000e+00
 6.4791e-01 -4.7840e-01 -2.7773e-02 -8.5982e+00  3.4781e+00  2.9647e+00  9.7373e+00  1.0000e+00
-7.8013e-02  6.5770e-01  5.2437e-01 -1.8933e+00 -3.5823e+00 -3.7750e+00  5.5379e+00  1.0000e+00
 3.2855e-01 -7.1593e-01 -1.6454e-02 -6.1879e+00  1.0701e+01  7.0153e-01  1.2382e+01  1.0000e+00
 5.2255e-01 -6.7833e-02  2.9455e-01 -4.4036e+00 -1.3451e+00 -4.0389e+00  6.1248e+00  1.0000e+00
 6.2540e-02 -5.6634e-01  4.8543e-01  1.8571e+00  2.4653e+00 -5.9983e+00  6.7458e+00  1.0000e+00
-2.9453e-01  2.3433e-01  2.0139e-01  4.4614e+00 -1.9206e+00 -3.4711e+00  5.9700e+00  1.0000e+00
 6.4844e-01  1.0455e-01  2.2310e-01 -1.3980e+00 -1.0041e+00 -4.4291e+00  4.7518e+00  1.0000e+00
-4.7156e-01  1.8190e-01 -4.3967e-01  8.1769e+00 -3.0031e+00  4.6135e+00  9.8572e+00  1.0000e+00
-4.3317e-01 -6.5331e-01  2.9747e-01  7.6415e+00  9.5428e+00 -5.1258e+00  1.3256e+01  1.0000e+00
 1.9082e-01  1.1108e-01  1.1059e+00  1.2648e+01 -6.6730e+00  1.6905e+01  2.2143e+01  1.0000e+00
-5.5177e-02  1.0604e-01 -3.3288e-01  5.9614e-01 -6.8241e+00 -3.7657e+00  7.8169e+00  1.0000e+00
 7.9388e-01 -2.6377e-01 -2.3274e-01 -1.0265e+01  1.5360e+00  2.1387e-01  1.0382e+01  1.0000e+00
 9.7024e-02  1.0827e+00 -8.3046e-01 -4.3505e+01  4.8512e+01 -2.9488e+01  7.1524e+01  1.0000e+00
 5.2777e-01 -2.0826e-01  2.9973e-02 -5.2463e+00  1.7859e+00 -1.8482e+00  5.8420e+00  1.0000e+00
-3.8812e-02  6.6501e-01 -1.9756e-01 -2.2855e+00 -9.0941e+00  4.1868e+00  1.0269e+01  1.0000e+00
 4.1279e-01  8.4450e-02  2.0582e-01 -4.0340e+00 -1.5509e+00 -4.4267e+00  6.1866e+00  1.0000e+00
 4.8400e-01 -1.9366e-01 -5.5509e-01 -5.0556e+00  2.6128e+00  7.6906e+00  9.5672e+00  1.0000e+00
 5.1123e-02  6.0382e-01  2.4395e-01  4.2071e-01 -1.0667e+01 -2.7593e+00  1.1026e+01  1.0000e+00
 7.3469e-01  4.2065e-01 -6.5964e-02  3.8957e+00  5.1217e+00 -9.4962e+00  1.1471e+01  1.0000e+00
-4.4778e-01  2.1191e-01  6.6042e-01  6.3526e+00 -2.4354e+00 -8.4524e+00  1.0850e+01  1.0000e+00
-3.3998e-01 -5.5337e-01  1.4960e-02  5.0010e+00  8.5224e+00 -4.6350e-01  9.8922e+00  1.0000e+00
-1.6841e-01  5.9701e-02  1.2903e-02  1.5880e+00 -8.6138e-01  1.3873e+00  2.2777e+00  1.0000e+00
 6.1452e-01  4.5238e-01 -9.5246e-03 -6.3039e+00 -2.4951e+01 -7.3789e+00  2.6772e+01  1.0000e+00
-3.9678e-01 -5.6624e-01 -3.9157e-01  5.0669e+00  6.7097e+00 -5.2631e+00  9.9194e+00  1.0000e+00
 2.6125e-01 -5.0381e-02  4.8065e-01 -6.6587e+00  3.2218e+00 -3.7367e+00  8.2874e+00  1.0000e+00
 1.2142e-01  8.1534e-02 -4.4892e-01 -2.2884e+00 -4.1649e+00  7.3631e+00  8.7635e+00  1.0000e+00
-3.7523e-01 -4.3491e-02 -5.0378e-02  7.2362e+00  7.6312e-02  2.5827e+00  7.6836e+00  1.0000e+00
-7.9463e-02 -4.9839e-01 -4.3974e-01  1.0915e+01  1.8060e+01  2.6659e+01  3.4000e+01  1.0000e+00
-4.4323e-01 -3.5931e-01 -2.6770e-01  1.6672e+01  1.0937e+01 -2.8468e+00  2.0141e+01  1.0000e+00
 4.3496e-01 -2.0283e-01 -9.2165e-02 -4.3711e+00  1.6454e+00  1.9782e+00  5.0722e+00  1.0000e+00
 2.5464e-01  1.9495e-01 -8.1822e-02 -9.5281e-01 -4.3969e+00 -4.2842e+00  6.2125e+00  1.0000e+00
-2.4466e-01  8.2330e-01 -1.2657e-01  1.4641e+00 -9.2549e+00  2.1234e+00  9.6076e+00  1.0000e+00
 6.4695e-01 -4.7678e-01 -1.8732e-01 -1.0273e+01  4.2096e+00  2.8200e+00  1.1454e+01  1.0000e+00
-4.7277e-01 -5.3143e-01  6.9517e-01 -1.8541e+01 -3.4477e+00  1.5957e+01  2.4704e+01  1.0000e+00
-1.4333e-01 -1.7441e-01  5.2260e-01  3.3215e+00  1.8232e+00 -5.8339e+00  6.9563e+00  1.0000e+00
 1.6315e-01 -4.9172e-02  1.5466e-01 -3.6944e+00 -1.8071e+00 -6.2190e-02  4.1132e+00  1.0000e+00
-5.9401e-01  3.9652e-01 -3.7735e-01  4.4322e+00 -1.0137e+00  7.8969e+00  9.1122e+00  1.0000e+00
-7.8083e-01  3.4271e-01  5.6901e-02  1.0498e+01 -1.0958e+00  3.9610e-01  1.0563e+01  1.0000e+00
 1.5035e-01 -5.8721e-01  4.8068e-01 -5.1191e+00  1.4142e+01 -9.8864e+00  1.7998e+01  1.0000e+00
 5.8923e-01 -2.9382e-01 -2.8486e-01 -5.8534e+00  2.4635e+00  2.3781e+00  6.7813e+00  1.0000e+00
 1.0152e-01  7.5391e-03 -2.9041e-01 -7.2262e+00  6.5990e-02 -1.4797e+00  7.3764e+00  1.0000e+00
 2.9061e-01  2.5627e-01 -5.5948e-01 -5.7056e+00  1.1982e+00  1.2988e+01  1.4236e+01  1.0000e+00
 1.6692e-01  2.0043e-01 -3.8066e-03 -3.9305e-01 -5.0771e+00 -1.9438e+00  5.4507e+00  1.0000e+00
 8.5720e-02 -5.7924e-01 -2.4953e-01 -1.5682e+00  7.1065e+00  5.8018e+00  9.3071e+00  1.0000e+00
 3.6917e-01 -4.6705e-01 -3.9334e-01 -3.8741e+00  4.9194e+00  3.6842e+00  7.2652e+00  1.0000e+00
-1.1970e-02  6.7369e-02  3.3918e-01 -3.4766e+00 -1.8641e+00 -5.3797e+00  6.6711e+00  1.0000e+00
 6.7064e-01  2.5216e-01 -4.1057e-01 -8.8122e+00 -2.3198e+00  7.5914e+00  1.1860e+01  1.0000e+00
-4.2234e-01 -1.7475e-01 -4.9627e-01  5.9928e+00 -4.4969e-01  7.5091e+00  9.6178e+00  1.0000e+00
-3.1947e-02 -6.3207e-01 -1.2490e-01  1.9032e+00  8.2272e+00 -7.5722e-02  8.4448e+00  1.0000e+00
 1.7254e-01 -3.4863e-01  1.6297e-01  2.3960e+01  8.8840e+00 -1.9836e+01  3.2349e+01  1.0000e+00
-3.4951e-02 -7.0085e-01  5.0714e-01  1.9510e+00  9.4684e+00 -7.5519e+00  1.2267e+01  1.0000e+00
 6.8396e-02 -7.5889e-01 -3.3912e-01 -8.6190e+00  8.6701e+00  6.4074e+00  1.3803e+01  1.0000e+00
 3.2912e-02 -6.1692e-01 -5.6077e-01 -3.7239e+00  4.4851e+00  1.3466e+01  1.4674e+01  1.0000e+00
 3.6311e-01 -3.8747e-01 -4.0617e-01 -3.8830e+00  2.3442e+00  6.6405e+00  8.0417e+00  1.0000e+00
 1.6403e-01 -9.8307e-02 -5.8726e-01 -2.2165e+00  1.9916e+00  8.5394e+00  9.0444e+00  1.0000e+00
-1.5599e-01  1.6228e-01  6.8286e-01 -7.7821e+00  1.3209e+01  3.6396e+01  3.9493e+01  1.0000e+00
-3.6249e-01  4.5012e-01 -4.9659e-01  1.8859e+00 -6.9646e+00  4.9723e+00  8.7628e+00  1.0000e+00
-5.9359e-01 -5.8371e-01  1.7300e-01  5.5908e+00  8.9006e+00  2.4781e-01  1.0514e+01  1.0000e+00
 1.6233e-01 -1.1475e-01  2.3474e-01  3.8573e+00  8.8324e+00 -1.0686e+00  9.6970e+00  1.0000e+00
 2.5585e-01  4.1177e-01  6.4153e-01 -4.8826e+00 -5.6422e+00 -7.7503e+00  1.0758e+01  1.0000e+00
-9.1270e-02 -3.6883e-02  4.6796e-01  9.4610e-01  3.0160e-01 -7.2702e+00  7.3377e+00  1.0000e+00
-6.3987e-02  8.3222e-02 -3.5260e-01 -3.0971e-01  1.9837e+00  1.2887e+01  1.3042e+01  1.0000e+00
 5.6414e-01 -4.6964e-01 -2.3780e-01 -5.7679e+00  5.8781e+00  5.1067e+00  9.6902e+00  1.0000e+00
-1.7839e-01  2.7930e-01 -4.0572e-01  1.4195e+00 -7.8597e+00  6.7437e+00  1.0453e+01  1.0000e+00
 6.1580e-01  9.0472e-02  2.1394e-01 -1.0910e+01  4.5233e-01 -6.6107e+00  1.2764e+01  1.0000e+00
-5.2528e-02  4.6529e-01  1.2218e-01  9.2207e-01 -8.0117e+00 -1.5604e+00  8.2141e+00  1.0000e+00
-1.0918e-01 -2.1411e-01  3.4530e-01 -9.4089e-01  2.7522e+00 -4.4531e+00  5.3189e+00  1.0000e+00
-4.8662e-01 -4.5308e-01 -4.3718e-02  6.5538e+00  5.3340e+00  2.6347e-02  8.4501e+00  1.0000e+00
-5.8615e-01 -2.3780e-01 -3.9306e-01  8.0907e+00  1.4712e+00  4.9458e+00  9.5961e+00  1.0000e+00
-3.2491e-01  3.8858e-01  3.7668e-01  7.3859e-01 -3.7490e+00 -8.8117e+00  9.6045e+00  1.0000e+00
 6.5338e-01 -3.0320e-01  2.6545e-01 -5.9369e+00  3.6342e+00 -6.7577e+00  9.7016e+00  1.0000e+00
-4.4629e-01 -4.3329e-01 -3.8131e-01 -1.7372e+01 -1.7631e+01  1.0216e+01  2.6777e+01  1.0000e+00
 2.3269e-01  2.2835e-01 -7.7144e-01 -3.8662e+00 -3.7965e+00  9.3350e+00  1.0794e+01  1.0000e+00
 5.8914e-01 -1.9603e-01 -4.1961e-02 -6.2586e+00 -1.0464e+00  2.0492e+00  6.6682e+00  1.0000e+00
 6.3146e-01  4.8924e-01 -1.2867e-01 -6.6619e+00 -3.9954e+00  2.8310e+00  8.2679e+00  1.0000e+00
 1.8436e-01 -3.1808e-01 -7.3677e-02 -3.1489e+00  1.6231e+00 -2.0103e+00  4.0732e+00  1.0000e+00
-6.4283e-01 -2.8543e-01 -3.0328e-01  9.7881e+00  4.5140e+00  1.8541e+00  1.0937e+01  1.0000e+00
-1.2764e-01 -2.8899e-01 -2.3040e-02 -4.4360e-01  3.6880e+00 -5.4274e-01  3.7540e+00  1.0000e+00
-4.3551e-01 -3.8255e-01  5.3388e-01  6.7837e+00  5.4930e+00 -6.1961e+00  1.0704e+01  1.0000e+00
 4.8221e-01 -4.3772e-01  2.6995e-01 -3.9587e+00  4.0681e+00 -4.0627e+00  6.9804e+00  1.0000e+00
 2.2988e-01  2.1580e-01 -4.6213e-01 -1.6746e+00  4.7675e-01 -7.6266e+00  7.8228e+00  1.0000e+00
 5.4597e-01 -8.7983e-02  3.7734e-01 -4.4530e+00  1.6036e+00 -2.5803e+00  5.3906e+00  1.0000e+00
-1.3895e-01  4.0133e-01 -9.1479e-02  1.6120e+00 -8.7094e+00  4.5572e+00  9.9609e+00  1.0000e+00
 7.2749e-01 -2.9092e-01  1.1020e-01 -6.1461e+00 -4.1215e+00 -1.3826e+00  7.5281e+00  1.0000e+00
-3.6188e-01 -5.5125e-02 -1.4449e-01  6.1401e+00  2.5430e+00  4.5057e+00  8.0292e+00  1.0000e+00
-2.0075e-01 -3.7563e-02 -5.0460e-01  3.2075e+00 -2.2927e+00  1.1933e+01  1.2568e+01  1.0000e+00
 3.5326e-01 -7.5659e-02 -1.1568e-01 -8.3452e+00 -1.3506e+01 -8.2011e+00  1.7869e+01  1.0000e+00
 8.9349e-02 -5.6486e-01 -2.1264e-01  1.2184e-01  4.9988e+00 -1.2362e+00  5.1508e+00  1.0000e+00
-4.6452e-01  4.1026e-01  1.5590e-02  6.2607e+00 -7.7968e+00  1.2160e+00  1.0073e+01  1.0000e+00
 2.4657e-01 -3.7767e-01  6.8635e-01 -1.0375e+00  2.7861e+00 -9.5239e+00  9.9771e+00  1.0000e+00
-8.1667e-01  4.8604e-01  2.0654e-03 -5.7798e+00 -5.4804e+00 -1.5763e+01  1.7661e+01  1.0000e+00
 3.1734e-01  6.3751e-01 -1.2240e-01 -1.4437e+00 -7.7616e+00  1.2277e+00  7.9896e+00  1.0000e+00
 2.5307e-01 -3.0489e-02  4.9953e-01 -1.9404e+00 -1.4274e+00 -1.1525e+01  1.1774e+01  1.0000e+00
 3.7819e-01 -3.7544e-01  2.8116e-02 -1.2254e+00 -3.0646e-01 -2.7355e+00  3.0130e+00  1.0000e+00
-3.1319e-02 -2.5050e-02  1.7789e-01 -3.3143e-01 -1.4487e+00 -1.7809e+00  2.3195e+00  1.0000e+00
-6.7791e-01  1.3654e-01 -3.6353e-01  8.2930e+00 -2.9718e+00  4.5776e+00  9.9278e+00  1.0000e+00
 1.3234e-01 -6.2021e-01  5.1160e-01  5.7005e-01  4.5671e+00 -3.1573e+00  5.5814e+00  1.0000e+00
 6.2129e-01  4.3462e-01  4.0330e-01 -4.3449e+00 -5.5303e+00 -4.3362e+00  8.2622e+00  1.0000e+00
-7.0378e-01 -5.0152e-01  1.5020e-01  8.7859e+00  3.6282e+00 -3.0472e-02  9.5056e+00  1.0000e+00
 4.4959e-01  6.7677e-01 -1.7319e-02 -1.9015e+00 -8.0901e+00 -6.9880e-01  8.3399e+00  1.0000e+00
 5.4829e-01  1.7861e-01  2.1925e-01 -2.9376e+00 -4.4715e+00 -4.2385e+00  6.8256e+00  1.0000e+00
 3.1935e-02  3.7404e-01  3.8352e-02 -4.2865e+00 -6.3944e+00 -4.5137e-01  7.7115e+00  1.0000e+00
 3.6075e-01 -3.9273e-01  5.6060e-01 -4.0722e+00  2.1047e+00 -4.7912e+00  6.6309e+00  1.0000e+00
 1.5583e-01  1.7058e-01 -6.8289e-01  3.5140e-01 -3.8963e+00  9.7476e+00  1.0503e+01  1.0000e+00
-3.8661e-01 -5.4375e-01 -2.7335e-01  5.6216e+00  9.3192e+00  1.0970e+01  1.5453e+01  1.0000e+00
 6.1982e-01  4.7143e-01 -8.6428e-04 -1.4725e+00  1.1089e+01  4.9369e+00  1.2227e+01  1.0000e+00
 3.8509e-01 -5.9613e-01 -3.8718e-01 -4.9471e+00  6.6592e+00  1.0413e+01  1.3314e+01  1.0000e+00
-2.3565e-01  2.5762e-01  4.0672e-01 -1.6774e+01  2.0652e+00 -3.2012e+01  3.6199e+01  1.0000e+00
 1.1737e-01 -6.2422e-01 -8.7697e-02  1.5979e+00  1.0072e+01  1.7050e+00  1.0340e+01  1.0000e+00
-3.0035e-01 -3.7645e-01  1.5704e-01  6.5849e+00  5.1653e+00 -1.9403e+00  8.5911e+00  1.0000e+00
 1.8276e-01 -3.0580e-02  4.5743e-01 -6.9346e-01 -1.2173e-01 -5.4256e+00  5.4711e+00  1.0000e+00
 5.2307e-01  6.7160e-01 -1.3892e-01 -2.9384e+00 -8.5502e+00  3.8423e+00  9.8236e+00  1.0000e+00
 4.0760e-01  1.6462e-01  5.2111e-02 -3.1945e+00  1.1344e+01  8.9525e+00  1.4800e+01  1.0000e+00
-3.7759e-01  4.3066e-01 -3.1002e-01  3.7409e+00 -6.7254e+00  2.8266e+00  8.1984e+00  1.0000e+00
-1.8850e-01 -5.3270e-01 -2.0200e-01  2.3737e+00  8.5193e+00  1.8549e+00  9.0362e+00  1.0000e+00
 1.0654e-01 -7.7811e-01  1.7151e-01  2.2024e+00  9.8037e+00  6.7783e-01  1.0071e+01  1.0000e+00
-2.3326e-01 -2.3818e-01 -2.4717e-02  3.9509e+00  4.8764e+00  6.1500e-01  6.3061e+00  1.0000e+00
-2.3697e-01  1.8225e-01 -3.9983e-01  5.0084e+00 -2.5206e+00  6.2673e+00  8.4093e+00  1.0000e+00
 2.4766e-01 -1.9971e-01 -7.2359e-01 -3.5860e+00  3.7037e+00  1.0898e+01  1.2056e+01  1.0000e+00
 6.7630e-01 -3.3565e-01 -3.3141e-01 -8.7755e+00  4.8377e+00  2.4005e+00  1.0304e+01  1.0000e+00
-1.0862e-01  3.3341e-01  2.9222e-04 -5.2891e+00 -6.0419e+00  3.8950e+00  8.9247e+00  1.0000e+00
-2.9558e-01 -3.3740e-01  3.8742e-01  6.3863e+00  4.0291e+00 -5.9202e+00  9.5952e+00  1.0000e+00
-4.9467e-02 -1.2876e-02 -4.9249e-01 -7.2452e+00 -4.2190e+00  9.2785e-01  8.4352e+00  1.0000e+00
 6.0469e-03 -6.0892e-01 -4.3765e-01  1.0523e+01  1.1695e+01  6.7899e+00  1.7135e+01  1.0000e+00
 1.5310e-01  3.5197e-01 -4.8484e-01  1.0408e+00 -7.6493e+00  6.4713e+00  1.0073e+01  1.0000e+00
-5.9998e-01 -5.3351e-01  2.9183e-01  7.8004e+00  5.2487e+00 -4.6082e+00  1.0470e+01  1.0000e+00
-1.5527e-01  2.2606e-01  2.8233e-02  4.0211e-01 -1.1042e+01 -9.8312e+00  1.4790e+01  1.0000e+00
-2.2579e-02 -6.5645e-01 -4.7327e-01 -3.5123e-01  1.4168e+01  6.1469e+00  1.5448e+01  1.0000e+00
-1.5210e-01  5.8802e-02  6.3019e-01 -2.5928e+00  2.2409e+00 -9.8133e+00  1.0394e+01  1.0000e+00
 5.2400e-01  4.1433e-01 -6.0998e-01 -5.7096e+00 -5.0597e+00  5.6822e+00  9.5125e+00  1.0000e+00
 2.2999e-01 -6.8390e-01 -9.4935e-03 -2.7091e+00  1.1004e+01 -5.5587e-01  1.1346e+01  1.0000e+00
-5.2453e-01  3.6844e-01  5.7884e-01  5.6198e+00 -5.7028e+00 -5.8276e+00  9.9028e+00  1.0000e+00
-4.3441e-01  3.9305e-02 -7.5489e-01  4.3179e+00 -2.0390e+00  9.0807e+00  1.0260e+01  1.0000e+00
 6.7113e-01 -9.2517e-02  9.7150e-02 -4.5349e+00 -1.9787e+00 -7.4087e+00  8.9090e+00  1.0000e+00
 1.8204e-02  8.4783e-01  3.6699e-01  4.3866e-01 -7.4559e+00 -2.5443e+00  7.8902e+00  1.0000e+00
-1.4485e-01 -2.1823e-01 -3.7793e-01  6.5946e+00 -1.0368e+01  1.2263e+01  1.7360e+01  1.0000e+00
-1.2209e-01 -3.3531e-01  4.8826e-01 -3.4688e-01  1.4871e+00 -9.5587e+00  9.6799e+00  1.0000e+00
-5.0740e-01  4.9873e-01 -4.3201e-01  5.3520e+00 -7.6572e+00  5.7577e+00  1.0974e+01  1.0000e+00
 4.3301e-01 -1.2801e-01 -4.8420e-01 -4.9177e+00  1.4727e+00  5.4372e+00  7.4777e+00  1.0000e+00
 3.7089e-01 -1.2859e-01  6.3180e-01 -2.2971e+00  2.4301e-02 -7.5217e+00  7.8647e+00  1.0000e+00
-5.0611e-01  2.1541e-01 -6.6822e-01  5.5068e+00 -2.2064e+00  8.3909e+00  1.0276e+01  1.0000e+00
-5.2829e-01 -2.9675e-01  7.5456e-01 -2.1624e+00  4.1136e+00  4.2193e+01  4.2449e+01  1.0000e+00
-3.9383e-01  2.7089e-02  7.6089e-01  3.5955e+00  2.1141e+00 -9.2565e+00  1.0153e+01  1.0000e+00
-6.4321e-02 -7.3427e-02 -5.1082e-01  3.5216e-01  4.1050e+00  1.2093e+01  1.2775e+01  1.0000e+00
-4.6357e-01 -4.2252e-01 -4.5772e-01  5.5041e+00 -3.1825e+00  5.7413e+00  8.5666e+00  1.0000e+00
-6.6756e-02 -4.2319e-03 -4.0614e-01  4.3761e+00  1.0362e+00  2.5480e+00  5.1687e+00  1.0000e+00
-9.0123e-02 -6.7541e-01 -4.6825e-01 -7.0491e+00 -1.8164e+00  9.7279e-01  7.3440e+00  1.0000e+00
 7.4425e-02 -4.2650e-01  4.6874e-01  2.5374e-01 -1.9738e-01 -8.8536e+00  8.8595e+00  1.0000e+00
 1.3858e-01 -5.2571e-01 -5.3503e-01 -2.0047e+00  4.0969e+00  6.4875e+00  7.9304e+00  1.0000e+00
 3.3748e-01 -1.3891e-01 -5.5780e-01 -4.0243e+00  2.8375e+00  6.8111e+00  8.4046e+00  1.0000e+00
-2.9699e-01  3.1196e-01  1.4348e-01  7.9763e+00 -5.0356e+00 -3.9292e+00  1.0218e+01  1.0000e+00
-4.2714e-01 -1.9036e-01 -7.5604e-01  5.0430e+00  3.7183e-01  9.5754e+00  1.0829e+01  1.0000e+00
-2.4700e-01  3.1211e-01  4.5612e-01  7.4241e+00 -7.9652e+00 -4.1217e+00  1.1643e+01  1.0000e+00
-1.2564e-01  1.8388e-01  6.3627e-01 -2.4528e+00 -3.2011e+00 -8.0891e+00  9.0386e+00  1.0000e+00
-4.4142e-01  2.6975e-01  3.2632e-01  1.2889e+01 -8.4822e+00 -1.7119e+00  1.5524e+01  1.0000e+00
 1.2713e+00 -5.6506e-01  1.9511e-01  2.9233e+01 -5.3804e+01  3.4385e+01  7.0226e+01  1.0000e+00
-1.9302e-02  4.7074e-01 -4.7387e-01  3.1759e+00  3.1319e+00 -2.7776e+01  2.8132e+01  1.0000e+00
-5.5912e-01  2.3050e-01  5.4420e-01  8.5491e+00 -1.5850e+00 -4.6464e+00  9.8585e+00  1.0000e+00
-7.3057e-01  9.2892e-02  3.5549e-01  1.6776e+01  2.5587e+00  3.1825e+00  1.7265e+01  1.0000e+00
 9.7165e-02  9.0903e-01 -1.2586e-01 -1.3005e+00 -7.7348e+00  1.4673e+00  7.9795e+00  1.0000e+00
 5.1395e-01  6.3283e-01  3.9146e-01 -3.4895e+00 -7.1484e+00 -4.0618e+00  8.9316e+00  1.0000e+00
 3.0017e-01  2.2602e-01 -5.8731e-01 -1.2803e+00 -8.4068e+00  3.8146e+00  9.3201e+00  1.0000e+00
 6.7104e-01  6.7381e-02  6.4597e-01 -5.1043e+00 -4.4698e-02 -5.6254e+00  7.5961e+00  1.0000e+00
-9.7839e-02  3.7325e-02  2.9606e-01  3.5383e+00 -3.6047e+00 -3.7004e+00  6.2615e+00  1.0000e+00
-1.3234e-01 -3.1208e-01 -5.7081e-01 -1.2527e-01  3.4072e+00  5.4160e+00  6.3998e+00  1.0000e+00
-4.1881e-01  1.8177e-01 -4.6556e-01  2.7012e+00 -4.6817e+00  8.8774e+00  1.0393e+01  1.0000e+00
 6.5736e-01  3.4283e-01 -4.2544e-01 -1.1318e+01  1.0292e+01 -9.0824e+00  1.7791e+01  1.0000e+00
-1.0980e-01 -1.5092e-01  8.4966e-02 -1.2296e+00  4.6610e+00 -1.0205e+00  4.9273e+00  1.0000e+00
