# limit = 1.29134
#
# x           y           z           vx          vy          vz          s           m
 3.9042e-01 -2.4274e-01 -7.5313e-01  1.1013e+01 -1.3586e+01 -1.8589e+01  2.5523e+01  1.0000e+00
-1.2675e-01  5.4722e-01 -2.9508e-01  2.6602e+00 -1.3217e+01  6.7657e+00  1.5085e+01  1.0000e+00
-4.6835e-01  4.5683e-01 -3.1654e-01  7.5824e+00 -1.4207e+01  2.3825e+00  1.6279e+01  1.0000e+00
-6.2156e-01 -1.4072e-01 -3.3279e-01  1.5217e+01  2.6109e+00  7.3307e+00  1.7092e+01  1.0000e+00
-1.0299e-01 -3.7914e-01 -6.1768e-01  1.0548e+01  3.0043e+00  9.1525e+00  1.4285e+01  1.0000e+00
-5.2070e-02  4.0315e-01 -5.6769e-01  8.9135e-01 -1.0086e+01  1.1951e+01  1.5663e+01  1.0000e+00
-1.7784e-01  6.9424e-02  5.2345e-01 -2.2523e+00 -7.9023e-02 -1.3812e+01  1.3995e+01  1.0000e+00
-2.6948e-01 -5.6886e-01 -2.5592e-01  3.6809e+00  1.6680e+01  3.4918e+00  1.7434e+01  1.0000e+00
-4.5451e-01  2.2537e-01 -6.2666e-02 -5.1050e+01  3.6271e+01  1.0919e+02  1.2587e+02  1.0000e+00
-7.8355e-02 -3.1666e-01 -3.8021e-02 -1.7528e-01  1.0032e+01 -2.6034e+00  1.0365e+01  1.0000e+00
-2.3932e-02  4.2575e-01  1.2718e-01 -3.2122e+00 -1.5710e+01 -2.3690e+00  1.6209e+01  1.0000e+00
 5.2990e-01 -3.3840e-01 -1.2752e-02 -1.0750e+01  3.6577e+00 -1.3142e+00  1.1431e+01  1.0000e+00
 6.1549e-01 -1.4145e-01  1.9781e-01 -2.0467e+01 -7.4084e+00 -1.3135e+00  2.1806e+01  1.0000e+00
 1.4219e-01 -4.3566e-01 -3.2402e-01 -3.1408e+00  7.8849e+00  7.4373e+00  1.1285e+01  1.0000e+00
 6.3378e-01 -2.4543e-01  9.3548e-02 -1.4150e+01  5.2602e+00  2.1418e+00  1.5248e+01  1.0000e+00
-2.1438e-01 -6.3276e-01  2.5675e-01  1.8251e+01  1.6418e+01  5.8450e+00  2.5235e+01  1.0000e+00
-1.5761e-01 -1.0342e-02 -1.6466e-02  5.0292e+00  1.0943e+01  1.9995e+00  1.2208e+01  1.0000e+00
 5.1041e-01  3.6747e-01 -1.0655e-02 -1.6455e+01 -1.2629e+01  3.8640e+00  2.1099e+01  1.0000e+00
 8.3349e-02  2.3117e-02 -2.9204e-01 -1.1510e+01  6.1219e-01  8.5379e+00  1.4344e+01  1.0000e+00
-1.3529e-01  3.7249e-01 -3.5814e-01  7.6648e+01  6.5807e+01 -2.9069e+01  1.0512e+02  1.0000e+00
 3.8964e-01  1.6825e-01 -2.6646e-01 -7.5825e+00 -1.4020e+01  8.1281e+00  1.7892e+01  1.0000e+00
 9.3333e-02 -2.6219e-01 -8.8078e-02  5.7506e+00  4.7852e+00  5.7759e+00  9.4515e+00  1.0000e+00
 2.6771e-01  2.3700e-01 -4.9616e-01 -8.4653e+00 -1.3570e+01  1.4573e+01  2.1637e+01  1.0000e+00
 5.2919e-01 -2.5378e-01  5.4890e-01 -1.0710e+01  3.6538e+00 -7.6577e+00  1.3663e+01  1.0000e+00
 2.2045e-01 -4.6102e-01  4.3839e-01 -1.2944e+01  1.0035e+01 -5.0475e-01  1.6386e+01  1.0000e+00
-1.8206e-01  2.7713e-01  6.0756e-01  2.0842e+01 -1.3401e+01  7.1076e+00  2.5778e+01  1.0000e+00
-6.5253e-01 -2.1977e-01 -2.7481e-01  1.0008e+01  2.0353e+01  5.9999e+00  2.3461e+01  1.0000e+00
 5.1510e-01  1.3214e-01 -5.0273e-01 -1.1583e+01 -3.9939e+00  1.1586e+01  1.6862e+01  1.0000e+00
-3.5509e-01  4.5937e-01  3.5536e-01  1.6703e+01 -1.4933e+01 -8.9591e+00  2.4130e+01  1.0000e+00
-1.7118e-01  2.2771e-01  6.9595e-02 -1.6901e+00 -2.3502e+00  2.0339e+00  3.5379e+00  1.0000e+00
 2.0653e-01 -3.7419e-01 -1.7994e-01 -6.3194e-01  1.1966e+01  1.1199e+00  1.2034e+01  1.0000e+00
-1.3457e-01 -1.8771e-01 -3.2842e-01  6.2237e+00  5.2201e+00  2.8593e+00  8.6116e+00  1.0000e+00
 2.1581e-01  4.2207e-01  6.5554e-02 -3.6668e+00 -1.1308e+01 -1.8089e+00  1.2025e+01  1.0000e+00
 3.4410e-01 -4.9966e-01 -3.5766e-01 -1.5920e+01  1.1061e+01  1.3208e+01  2.3457e+01  1.0000e+00
 1.1879e-01  1.3210e-01 -2.7000e-01 -2.7941e+00 -1.6228e+01  2.0602e+00  1.6595e+01  1.0000e+00
-5.9824e-01  3.3351e-02 -2.2453e-01  1.2856e+01 -5.0070e-01 -2.5101e+00  1.3109e+01  1.0000e+00
 1.0664e+00  3.0897e-01 -4.2338e-01  1.5158e+01  1.9332e+00 -5.6719e+00  1.6300e+01  1.0000e+00
 1.1237e-01 -2.3365e-01 -2.0873e-01 -2.9668e+01  5.6961e+01 -7.9490e+01  1.0219e+02  1.0000e+00
-4.3440e-01 -2.0365e-01  5.1333e-01  1.1709e+01  1.9548e+00 -8.7790e+00  1.4764e+01  1.0000e+00
-5.5902e-01  3.4642e-01 -2.1404e-01  1.3045e+01 -1.0294e+01  1.6848e+00  1.6702e+01  1.0000e+00
 1.2197e-01  4.4904e-02 -8.9349e-03 -6.5337e+00 -6.9276e+00  1.5327e+01  1.8044e+01  1.0000e+00
-2.3743e-01 -3.1751e-01 -5.0125e-01 -9.5454e+00 -2.1020e+00  3.3019e+00  1.0317e+01  1.0000e+00
-5.2899e-02 -5.6853e-01  3.4375e-01  2.3439e+00  8.1571e+00 -4.6441e+00  9.6747e+00  1.0000e+00
 6.2981e-02  3.2312e-01 -6.5752e-01 -7.0851e-01 -7.6838e+00  1.1872e+01  1.4159e+01  1.0000e+00
-7.3897e-01 -3.4877e-01  5.8941e-02  1.2540e+01  3.4823e+00 -1.9196e+00  1.3156e+01  1.0000e+00
 5.7178e-01  4.3953e-01  2.7691e-01 -1.8243e+01  2.8876e+00 -1.0606e+01  2.1299e+01  1.0000e+00
-3.0561e-02  1.0618e-01 -1.9562e-01  1.0807e+00 -9.0299e+00  1.8355e+00  9.2777e+00  1.0000e+00
 1.8958e-01  2.0324e-01  5.2785e-01 -4.6764e+00 -5.2416e+00 -1.4564e+01  1.6169e+01  1.0000e+00
 7.1385e-02 -1.1101e-01  2.0520e-01 -2.0321e+01  5.1765e-01 -2.2111e+00  2.0447e+01  1.0000e+00
 6.1777e-01 -2.4950e-01  1.1806e-01 -5.9657e+00  4.8151e+00 -1.1310e+01  1.3663e+01  1.0000e+00
-2.7287e-01  2.5025e-01  1.0107e-01 -2.4000e+00 -1.2978e+01 -3.5193e+00  1.3659e+01  1.0000e+00
-2.9147e-01  2.0579e-01  1.2368e-01  1.4668e+01  1.9228e+00 -4.0819e+00  1.5346e+01  1.0000e+00
 2.4187e-01 -4.5102e-01 -9.9625e-02  5.5578e+00  1.8769e+01 -1.1277e+01  2.2591e+01  1.0000e+00
-6.5788e-01  2.0520e-01 -1.5794e-01  1.7450e+01 -6.0414e+00  3.1647e+00  1.8736e+01  1.0000e+00
 6.8454e-01 -2.5314e-01  1.3984e-01 -2.0322e+01  5.8851e+00 -6.3263e+00  2.2082e+01  1.0000e+00
 4.1642e-01 -4.4050e-01  1.0969e-02 -5.9337e+00  1.1499e+01  3.5475e+00  1.3417e+01  1.0000e+00
 2.4937e-01 -8.1850e-02 -6.3368e-01 -7.7494e+00  4.2416e-01  1.5686e+01  1.7501e+01  1.0000e+00
 8.6911e-02 -2.5081e-01  4.1426e-01 -3.4154e+00  1.8879e+00 -1.1671e+01  1.2306e+01  1.0000e+00
-2.8082e-01  7.7676e-02 -1.8873e-01  6.4052e+00  9.7068e-01  5.9200e+00  8.7759e+00  1.0000e+00
-5.9748e-01 -4.1790e-01 -2.1497e-01  1.3888e+01  9.8862e+00 -8.9408e-01  1.7071e+01  1.0000e+00
 2.5186e-01  4.4921e-02 -1.5759e-01 -7.6814e+00  1.8352e+00  1.7628e+00  8.0919e+00  1.0000e+00
 1.4362e-01 -4.4459e-01  8.0242e-02 -2.9571e+00  6.4654e+00 -5.1825e+00  8.7980e+00  1.0000e+00
 4.9431e-01 -4.8401e-01 -4.1871e-03 -1.2536e+01  2.0089e+01  2.3594e+00  2.3797e+01  1.0000e+00
-2.6581e-01  3.1005e-01  1.7184e-01  3.7714e+00 -1.6549e+01 -5.7336e+00  1.7916e+01  1.0000e+00
-5.6697e-01  3.3928e-01 -3.0999e-01  5.5423e+00 -1.0584e+01  7.3955e+00  1.4051e+01  1.0000e+00
-1.0687e-01 -4.8145e-01  4.2247e-01  5.7764e+00  5.4298e+00 -1.6970e+01  1.8731e+01  1.0000e+00
 2.8792e-01  9.1173e-02  3.4450e-02 -4.9800e+00 -5.2600e-01 -2.9215e+00  5.7976e+00  1.0000e+00
-5.3542e-01  3.8337e-01  1.7948e-01  1.1376e+01 -1.1858e+01 -7.9344e+00  1.8247e+01  1.0000e+00
 1.7656e-01 -1.6022e-01 -4.8668e-01 -6.0482e+00  7.0267e+00  1.3963e+01  1.6761e+01  1.0000e+00
-6.5507e-02  5.3682e-01 -1.1268e-01 -3.6541e+00 -8.2843e+00 -2.2258e+00  9.3240e+00  1.0000e+00
-4.9222e-01 -3.6794e-01 -2.5368e-01 -1.5671e-01  2.6654e+00  1.4183e+00  3.0233e+00  1.0000e+00
-2.8501e-01  5.2389e-02  5.1292e-01  7.3353e+00  1.7751e+00 -9.3732e+00  1.2034e+01  1.0000e+00
-5.2555e-02  3.2655e-02 -3.2239e-01  4.7804e+00 -6.9835e+00  1.0031e+01  1.3124e+01  1.0000e+00
 1.5311e-01  4.7546e-01  2.8249e-01 -2.6474e+00 -9.2751e+00 -7.7655e+00  1.2383e+01  1.0000e+00
 5.1093e-01 -2.0774e-01 -6.4188e-02 -1.5640e+01  2.6886e+00  6.7552e+00  1.7247e+01  1.0000e+00
-5.5562e-02 -1.7458e-01 -4.3840e-01 -2.9490e-01  6.5052e+00  1.2428e+01  1.4031e+01  1.0000e+00
 1.6006e-01 -1.3233e-01  1.2364e-01 -5.0582e+00  7.9086e+00  9.0759e-01  9.4316e+00  1.0000e+00
 1.5314e-01 -6.7063e-01  1.9160e-01 -1.2085e+01  1.0974e+01 -6.7628e+00  1.7670e+01  1.0000e+00
-4.1095e-01  6.3353e-01  7.4458e-02  7.2739e+00 -1.3852e+01  1.7058e-01  1.5646e+01  1.0000e+00
 5.3578e-01  2.8167e-01 -8.0356e-02 -1.0094e+01 -6.0877e+00  5.9309e+00  1.3195e+01  1.0000e+00
-1.9432e-01 -2.8636e-01 -5.2167e-01  9.8384e+00  1.8862e+01  1.6810e+01  2.7114e+01  1.0000e+00
-1.3421e-01 -3.9963e-01  4.1607e-01  7.9212e+00  1.1206e+01 -8.0395e+00  1.5905e+01  1.0000e+00
-2.9759e-01  3.0739e-01  8.1036e-01 -9.3988e-01  9.4452e-01 -3.9433e+00  4.1624e+00  1.0000e+00
-2.1543e-01  2.2031e-01  3.2375e-01 -1.6189e-01 -2.8533e-01 -8.9460e+00  8.9520e+00  1.0000e+00
-1.4790e-01  1.6157e-01  6.1559e-01  8.2663e+00 -9.0773e+00 -1.4799e+01  1.9229e+01  1.0000e+00
 5.1199e-01  2.3013e-02  1.0218e-01 -1.0278e+01 -2.4551e+00  5.8709e-01  1.0584e+01  1.0000e+00
 3.7024e-01 -3.5403e-01  5.4976e-01 -1.2247e+01  7.3257e+00 -1.4681e+01  2.0474e+01  1.0000e+00
-3.2506e-01  3.7067e-01 -4.8802e-01 -4.6994e-01  2.3340e+00 -9.2778e-01  2.5552e+00  1.0000e+00
-3.0759e-01 -4.7286e-01 -2.6072e-01  4.7842e+00  1.4391e+01  1.7060e-02  1.5166e+01  1.0000e+00
-5.1532e-01 -2.5781e-01 -2.7222e-01  1.7122e+01  3.0950e+00  3.4974e+00  1.7748e+01  1.0000e+00
-3.8855e-01  3.1263e-01 -1.9866e-02 -2.2319e+00  1.0502e+01 -7.4285e+00  1.3056e+01  1.0000e+00
-2.1462e-01 -6.1715e-01 -3.8834e-01  5.2212e+00  1.4133e+01  6.8902e+00  1.6568e+01  1.0000e+00
-1.7959e-01 -7.7094e-02 -8.8770e-04  7.9796e+00 -6.0821e-01  2.1162e+00  8.2778e+00  1.0000e+00
 2.0791e-01  2.7049e-02 -5.8102e-01 -2.8211e+00  4.6151e-01  1.4354e+01  1.4636e+01  1.0000e+00
-1.7422e-01 -2.6008e-01  3.4366e-01  1.6994e+00 -2.6438e+00 -1.2431e+01  1.2822e+01  1.0000e+00
 6.7005e-01 -5.7772e-02 -2.7830e-01 -1.6239e+01  2.8987e-01  5.8948e+00  1.7278e+01  1.0000e+00
 1.5776e-01  6.2290e-02 -2.6008e-01 -9.5286e-01  3.4274e+00  2.6499e+00  4.4359e+00  1.0000e+00
 4.3732e-02  3.7721e-01  5.2560e-01  3.8245e-01 -1.0531e+01 -9.5237e+00  1.4204e+01  1.0000e+00
-1.2783e-02 -1.5323e-01 -5.3285e-01  4.0967e+00 -9.2490e+00 -4.5689e+01  4.6795e+01  1.0000e+00
 6.4438e-01 -2.9595e-01  9.1260e-02 -1.4772e+01 -1.4824e+01  1.5966e+01  2.6323e+01  1.0000e+00
-2.7492e-01  2.3539e-01  9.4000e-02  8.4006e+00 -1.0803e+01  5.3633e+00  1.4699e+01  1.0000e+00
-2.9189e-01 -5.2815e-02 -4.2200e-01  9.6974e+00 -1.9261e+00  8.5686e+00  1.3083e+01  1.0000e+00
-3.8235e-01  1.4873e-01 -3.7488e-01 -6.7370e-01 -6.9797e+00  7.6412e+00  1.0371e+01  1.0000e+00
-6.3304e-01  2.1245e-02 -3.3454e-01  1.8139e+01  2.6608e+00  2.6615e+00  1.8525e+01  1.0000e+00
-3.1711e-01  3.3564e-01 -4.1002e-01  6.7794e+00 -4.9187e+00  1.0617e+01  1.3523e+01  1.0000e+00
-2.0741e-01 -2.8704e-01  3.1530e-01  1.9953e+01  3.3456e+00 -8.5644e+00  2.1970e+01  1.0000e+00
-6.0951e-01  1.1479e-01 -2.9674e-01  2.0861e+01 -2.1111e+00  5.7683e+00  2.1747e+01  1.0000e+00
 5.4800e-01 -7.8992e-02  1.6315e-01 -1.5067e+01  8.2194e-01  3.2573e+00  1.5437e+01  1.0000e+00
 3.1627e-01 -6.6956e-01  2.4030e-01 -8.9549e+00 -1.3286e+01  1.4037e+01  2.1301e+01  1.0000e+00
 4.5567e-01  3.5473e-01  1.0869e-03 -4.0265e+00 -3.4327e+00 -1.5100e+00  5.5024e+00  1.0000e+00
-2.1037e-01 -4.1918e-01  6.0660e-01  5.4165e+00  6.5405e+00 -1.4307e+01  1.6637e+01  1.0000e+00
-2.0342e-01  3.9848e-01 -6.3931e-01  4.3395e+00 -7.2960e+00  1.1833e+01  1.4563e+01  1.0000e+00
-5.6999e-01  9.1002e-02 -3.1306e-01  1.4228e+01 -8.6885e+00  5.1285e+00  1.7442e+01  1.0000e+00
-3.2582e-01  6.5192e-02  5.8280e-01  8.2195e+00 -2.1275e+00 -1.3241e+01  1.5729e+01  1.0000e+00
-5.6542e-01  8.4546e-02 -3.4212e-01  8.2642e+00  1.1107e+00  1.4529e+01  1.6752e+01  1.0000e+00
-6.6036e-01  2.9389e-01  8.8541e-02  1.2479e+01 -1.0607e+01 -5.8760e+00  1.7400e+01  1.0000e+00
 7.2873e-02 -2.5481e-01 -9.7115e-02 -2.8464e+00  4.1980e+00 -4.3262e+00  6.6664e+00  1.0000e+00
 2.0620e-01  2.2584e-01 -4.4688e-01 -8.4564e-01 -1.3493e+01  1.1447e+01  1.7715e+01  1.0000e+00
 4.3540e-02 -4.1614e-01  4.3407e-01 -3.4255e+00  1.1475e+01 -1.3793e+01  1.8266e+01  1.0000e+00
-2.6180e-01  2.6015e-01  2.2566e-01  7.1818e+00 -1.2291e+01 -8.0742e+00  1.6366e+01  1.0000e+00
-2.5450e-01 -6.4304e-02 -1.6549e-03  1.1114e+01  4.0957e+00 -4.9638e+00  1.2843e+01  1.0000e+00
-1.1520e-01  6.9122e-02  3.9144e-01  7.2322e+00 -1.1752e+01 -2.2650e+01  2.6522e+01  1.0000e+00
 3.8597e-01 -7.1362e-02  4.9545e-02 -3.0218e+00  3.4665e+00 -3.1794e+00  5.5907e+00  1.0000e+00
-1.9073e-01  7.2020e-02 -3.3213e-02  1.7510e+01  1.4152e+00 -2.9234e+00  1.7809e+01  1.0000e+00
 2.3125e-01  2.6132e-01 -7.0866e-02 -4.9339e+00 -1.3544e+01  1.0522e+00  1.4453e+01  1.0000e+00
 2.7052e-01 -6.8112e-01  1.8599e-01 -3.4592e+00  1.4906e+01 -1.3937e+00  1.5365e+01  1.0000e+00
 4.7098e-01  3.2776e-01  4.9887e-01 -8.7949e+00 -6.4702e+00 -1.1381e+01  1.5772e+01  1.0000e+00
 1.5384e-01 -1.7284e-01 -7.2170e-01 -2.3718e+00  1.3420e+00  1.7359e+01  1.7571e+01  1.0000e+00
-3.7038e-01  3.1879e-01  1.9568e-01  6.9603e+00  5.7526e+00 -1.1899e+01  1.4938e+01  1.0000e+00
-7.4949e-02  6.3802e-02 -3.4912e-02 -3.2021e+01 -8.7176e+00  9.4558e+00  3.4508e+01  1.0000e+00
-4.3086e-01 -1.1454e-01  4.3672e-01  1.0878e+01  1.5992e+00 -5.8557e+00  1.2457e+01  1.0000e+00
-2.2202e-01 -6.3525e-01  2.5482e-01 -7.6776e+00  1.3272e+01 -1.3759e+01  2.0601e+01  1.0000e+00
 4.9746e-01 -4.5772e-01  1.7326e-02 -1.3742e+01  1.0931e+01 -7.0052e-01  1.7573e+01  1.0000e+00
 1.8807e-01  9.8487e-02 -1.2783e-01 -9.5234e+00 -1.0547e+01  1.3188e+00  1.4272e+01  1.0000e+00
 1.6648e-01 -9.1392e-02  1.3277e-01  1.5641e-02  6.0220e+00 -1.4476e+01  1.5679e+01  1.0000e+00
 3.3573e-01  2.6081e-01 -4.1685e-01 -8.3407e+00 -1.2292e+01  7.3642e+00  1.6580e+01  1.0000e+00
-1.5667e-01 -2.8133e-01  3.8915e-01  2.1927e+00  1.1021e+01 -6.1041e+00  1.2788e+01  1.0000e+00
-1.8524e-01  2.7705e-01  6.2085e-01  4.4972e+00 -1.1361e+01 -1.5573e+01  1.9794e+01  1.0000e+00
-1.5173e-01  1.2917e-01  7.2348e-01 -1.8812e-01 -1.1598e+00 -1.6783e+01  1.6824e+01  1.0000e+00
 7.6370e-02 -4.6373e-01 -6.6311e-01 -7.8287e-01  1.4791e+01  2.3580e+00  1.4998e+01  1.0000e+00
-4.2533e-01  4.1058e-01  4.6443e-02  4.5378e+00 -1.4158e+01 -3.9428e+00  1.5381e+01  1.0000e+00
 5.7810e-01  5.9875e-02 -2.0772e-01 -1.6605e+01  2.7609e+00  5.4249e+00  1.7685e+01  1.0000e+00
 4.1035e-01 -5.0987e-01 -8.8020e-02 -4.9170e+01 -1.2094e+01 -2.0818e+01  5.4748e+01  1.0000e+00
 4.8183e-02 -2.0073e-01 -5.9778e-01 -7.1302e-01  5.5448e+00  1.4984e+01  1.5993e+01  1.0000e+00
-5.5572e-01  2.8408e-01  3.4519e-03  1.1579e+01 -6.3731e+00  3.2447e+00  1.3610e+01  1.0000e+00
 4.9120e-01  2.7165e-02 -3.9431e-01 -1.3193e+01 -1.1481e+00  1.2013e+01  1.7880e+01  1.0000e+00
 4.2083e-01 -1.2401e+00 -6.7055e-01 -1.4716e+01 -4.8595e+01 -5.5282e+01  7.5061e+01  1.0000e+00
-5.9127e-01  3.7670e-01  1.4396e-01  1.6683e+01 -8.3480e+00  1.0325e+00  1.8683e+01  1.0000e+00
-1.0928e-02 -6.3286e-02 -2.0232e-01 -2.6525e+01 -8.6400e+00  9.1141e+00  2.9348e+01  1.0000e+00
 1.7564e-01  5.6908e-01  1.2885e-01 -4.1195e+00 -1.3957e+01 -1.5215e+00  1.4631e+01  1.0000e+00
 1.8288e-01  2.2331e-02 -4.4764e-01 -1.1933e+01 -4.5753e+00  6.3330e+00  1.4263e+01  1.0000e+00
 2.1887e-01  5.0284e-01  3.2825e-01 -6.3431e+00 -1.2282e+01 -6.3924e+00  1.5229e+01  1.0000e+00
 7.0750e-02 -5.6530e-01 -4.5005e-01 -1.5088e+00  7.2616e+00  2.0659e+01  2.1950e+01  1.0000e+00
 5.0897e-01 -4.5350e-01  4.4887e-02 -1.1991e+01  1.1773e+01 -1.2704e+01  2.1066e+01  1.0000e+00
 3.9372e-01 -1.7159e-01  5.8819e-01 -7.0198e+00  3.4156e-01 -1.3877e+01  1.5555e+01  1.0000e+00
 2.7010e-01 -5.1066e-01 -4.9986e-01 -5.7038e+00  9.5146e+00  1.3516e+01  1.7485e+01  1.0000e+00
 3.9321e-01 -4.2347e-01 -2.5974e-02 -7.1328e+00  1.8595e+00  5.4205e-01  7.3911e+00  1.0000e+00
 5.5583e-01 -2.9233e-01 -3.0750e-01 -7.3777e+00  9.0402e+00  1.3815e+01  1.8083e+01  1.0000e+00
-2.3480e-01 -3.1601e-01 -5.0244e-01  1.0841e+01  1.4525e+01  3.0087e+01  3.5125e+01  1.0000e+00
-3.3505e-01  2.3940e-01  2.8585e-01  1.5114e+01 -3.9878e+00 -7.7476e+00  1.7446e+01  1.0000e+00
-2.9023e-01 -3.9876e-01 -4.8032e-01  7.3679e+00  1.1805e+01  1.2701e+01  1.8840e+01  1.0000e+00
 6.7642e-01 -2.3690e-01 -2.4110e-01 -1.4393e+01  9.3943e+00 -1.5679e+00  1.7259e+01  1.0000e+00
-3.8009e-01  4.5580e-01  1.2730e-01  6.8139e+00 -1.4908e+01 -2.8741e+00  1.6642e+01  1.0000e+00
-7.0986e-02 -4.3102e-01 -5.3532e-02  1.5441e+00  1.5658e+01 -8.7163e+00  1.7987e+01  1.0000e+00
-2.2792e-01 -6.5075e-01 -1.5471e-01  5.3659e+00  1.5751e+01 -9.4823e-01  1.6667e+01  1.0000e+00
-6.8080e-01 -1.0314e-01 -2.0780e-01  1.5124e+01  2.9784e+00  2.1155e-01  1.5416e+01  1.0000e+00
 5.2513e-01  2.2090e-01  1.3753e-01 -1.1302e+01 -7.1550e+00 -2.8624e+00  1.3680e+01  1.0000e+00
-4.2181e-01  2.0212e-01 -1.2144e-01  6.9095e+01 -4.7371e+01 -1.0440e+02  1.3386e+02  1.0000e+00
 6.2481e-02 -4.6888e-01  4.0320e-01  4.0735e+00  4.8788e+00 -1.2906e+01  1.4387e+01  1.0000e+00
 3.1399e-01 -5.4370e-01  2.5559e-01 -8.5445e+00  1.0345e+01 -7.0266e+00  1.5146e+01  1.0000e+00
-1.6127e-01  5.7745e-01  4.8678e-01 -1.4659e+01 -1.0397e+01 -5.6486e+00  1.8838e+01  1.0000e+00
-1.9713e-01  2.2472e-01  3.9172e-01  2.9393e+00 -1.6504e+01 -7.9046e+00  1.8534e+01  1.0000e+00
 4.7484e-01 -6.2584e-02 -3.1560e-01 -6.9735e+00  4.6609e-01  5.7268e+00  9.0357e+00  1.0000e+00
 3.2778e-01  2.5386e-01  1.2225e-01 -2.5165e+01 -1.2053e+01  7.4687e+00  2.8885e+01  1.0000e+00
-1.6920e-02 -2.3880e-02  1.5393e-01 -9.1264e+00 -1.9992e+00 -5.5839e+00  1.0884e+01  1.0000e+00
-8.6393e-03  5.1052e-02 -2.7794e-01  5.1648e+00 -6.6569e+00  5.5381e+00  1.0083e+01  1.0000e+00
-4.6413e-01 -3.8252e-01  2.3646e-01  1.1559e+01  4.2140e+00 -5.0541e+00  1.3301e+01  1.0000e+00
-3.2135e-01  3.8605e-01  1.6850e-01  1.2533e+01 -1.7831e+01  2.3232e+00  2.1918e+01  1.0000e+00
 5.9466e-01 -3.2506e-02  6.3175e-03 -1.4910e+01 -1.3556e+01 -1.2362e+01  2.3641e+01  1.0000e+00
-6.0326e-01 -2.7521e-01 -2.9865e-01  1.4846e+01  7.1638e+00  3.7708e-01  1.6489e+01  1.0000e+00
-1.9804e-01 -3.6054e-01  2.8649e-01  6.5002e+00  9.0097e+00 -2.7625e+00  1.1448e+01  1.0000e+00
 3.0055e-01  1.3504e-01 -1.4923e-01 -1.2024e+01 -8.9226e+00  3.7156e+00  1.5427e+01  1.0000e+00
 6.3822e-01  2.7457e-01  1.8920e-01 -1.4966e+01 -6.1521e+00 -3.5608e+00  1.6568e+01  1.0000e+00
-3.5787e-01 -1.8698e-01 -1.2943e-02  1.2349e+01  6.8696e+00 -3.7115e-01  1.4136e+01  1.0000e+00
-5.7664e-01  2.9845e-01 -3.3152e-01  1.6626e+01 -3.7902e+00  6.2535e+00  1.8163e+01  1.0000e+00
 5.3602e-01 -2.4988e-01 -4.2338e-01 -1.2176e+01  2.2499e+00  1.1323e+01  1.6779e+01  1.0000e+00
-9.0168e-02  5.1413e-01 -1.0538e-01  9.4816e+00 -1.2693e+01  2.7471e+00  1.6080e+01  1.0000e+00
 1.1954e-01 -6.4465e-01  2.0018e-01 -5.4790e+00  1.0196e+01 -1.3134e+00  1.1649e+01  1.0000e+00
-2.1788e-01 -1.1036e-01  7.3479e-01  2.6062e+00  2.8332e+00 -1.3235e+01  1.3784e+01  1.0000e+00
 3.4899e-01 -4.9851e-01 -3.8579e-01 -7.9637e+00  1.0750e+01  1.1096e+00  1.3424e+01  1.0000e+00
 3.6459e-01  3.4447e-01  4.4952e-01 -5.3809e+00 -8.0591e+00 -1.0832e+01  1.4534e+01  1.0000e+00
-2.3940e-01  9.8569e-03  4.5861e-01  1.1977e+01 -6.7902e+00  1.8468e-02  1.3768e+01  1.0000e+00
-6.7828e-01  4.4534e-01  2.1813e-01  1.1992e+01 -3.3741e-01 -2.4799e+00  1.2250e+01  1.0000e+00
-3.2874e-01 -7.7687e-02  5.0998e-01  7.3039e+00  2.9165e+00 -1.2604e+01  1.4857e+01  1.0000e+00
-3.1432e-01 -3.0625e-01  3.2356e-01  1.3186e+01  4.5945e+00 -6.6188e+00  1.5452e+01  1.0000e+00
 2.8137e-01  2.7706e-01  3.3979e-01 -6.7714e+00 -6.7894e+00 -9.5418e+00  1.3528e+01  1.0000e+00
-2.6388e-01  4.7617e-01  1.0725e-01  1.7009e+00 -1.6635e+01 -1.7360e+00  1.6811e+01  1.0000e+00
 2.8100e-02 -2.3371e-02 -3.7654e-01 -6.3466e+00 -1.7267e+00  1.9854e+01  2.0915e+01  1.0000e+00
-4.2538e-01 -2.7469e-01 -4.0896e-01  1.4370e+01  5.5034e+00  1.4063e+01  2.0846e+01  1.0000e+00
 2.1082e-01  7.9808e-02  5.9398e-01 -3.8629e+00 -1.2545e+00 -1.5658e+01  1.6176e+01  1.0000e+00
-1.2947e-01 -9.2068e-02  7.6176e-02 -5.1724e+00  5.9211e+00 -5.7086e-01  7.8828e+00  1.0000e+00
-1.5543e-01  2.6255e-01  1.2402e-01  7.3766e+00 -1.3830e+01  9.5436e-01  1.5703e+01  1.0000e+00
 4.1196e-01  3.3679e-01  3.6812e-01 -8.2119e+00 -7.0105e+00 -7.6013e+00  1.3205e+01  1.0000e+00
-7.9552e-01  3.6278e-02  2.0956e-01  3.2325e+00 -3.4447e+00 -1.1626e+01  1.2549e+01  1.0000e+00
 2.2720e-01 -3.2015e-01 -1.8295e-01 -5.9717e+00  1.1125e+01  6.4710e+00  1.4188e+01  1.0000e+00
-6.2639e-02  7.7497e-01  5.8376e-02  2.1673e-01 -1.3474e+01 -8.8375e-01  1.3505e+01  1.0000e+00
-4.7617e-01 -2.0284e-01 -3.8099e-01  1.0912e+01 -1.2699e+00  1.2132e+01  1.6367e+01  1.0000e+00
-2.2443e-01 -1.9342e-01 -9.5806e-03  5.5879e+00 -2.5581e+00 -2.3176e-01  6.1500e+00  1.0000e+00
-8.6529e-02  5.7285e-01  4.4479e-01 -5.6653e-03 -1.1345e+01 -9.1504e+00  1.4575e+01  1.0000e+00
 1.2336e-01  6.1762e-02  4.1578e-01 -3.8591e+00 -4.3080e+00 -9.1236e+00  1.0802e+01  1.0000e+00
 4.7133e-01  2.0738e-01 -3.4939e-01  7.4598e+00  8.3905e+00  1.5040e+00  1.1327e+01  1.0000e+00
-2.9173e-02 -1.9538e-01 -7.1031e-01  1.1718e+00  1.2306e+00  1.5924e+01  1.6015e+01  1.0000e+00
 5.3096e-01  2.4384e-01  3.5859e-01 -1.6402e+01  3.0977e+00  4.8067e+00  1.7371e+01  1.0000e+00
-2.5344e-01  2.3649e-01  2.5765e-01  1.8629e-01 -3.4236e+00 -8.8624e+00  9.5025e+00  1.0000e+00
 3.4341e-01 -4.5743e-01 -4.0665e-01 -5.9175e+00  1.5978e+01  8.1509e+00  1.8888e+01  1.0000e+00
-3.5796e-01  1.0151e-01  9.2888e-02  1.4239e+01  2.3853e-01 -3.2886e+00  1.4615e+01  1.0000e+00
 4.4415e-01  3.4729e-02 -3.7540e-01 -7.6167e+00 -4.5141e+00  8.6664e+00  1.2389e+01  1.0000e+00
-7.6475e-02  1.9452e-01 -6.5796e-01  3.5120e+00 -6.3400e+00  1.2446e+01  1.4402e+01  1.0000e+00
 1.1332e-01 -6.0147e-01 -3.2159e-01  1.5603e+00  1.4173e+01  2.2008e+00  1.4428e+01  1.0000e+00
-8.3274e-03  1.2876e-01  4.3654e-01 -5.9928e+00 -7.8403e+00 -1.1488e+01  1.5144e+01  1.0000e+00
-2.0883e-01 -1.7075e-01 -5.0027e-01  4.0689e+00 -2.5846e-01  1.7981e+01  1.8438e+01  1.0000e+00
-8.5110e-01 -3.3963e-01 -3.4188e-02 -5.6512e+01 -6.6139e+01  3.0655e+01  9.2237e+01  1.0000e+00
-2.6865e-02  5.5336e-03 -3.3917e-01 -7.8316e+00  7.9040e+00  7.6759e+00  1.3518e+01  1.0000e+00
 3.2424e-03  1.4425e-02 -2.8594e-01  1.3893e-01  1.2360e+00  1.5692e+01  1.5741e+01  1.0000e+00
-1.6886e-01 -2.8360e-02  4.9204e-02  5.7882e+00 -6.1925e-01 -5.5987e+00  8.0766e+00  1.0000e+00
-3.1659e-01 -2.7996e-01 -2.5815e-01  1.2393e+01  6.3577e+00  8.2956e+00  1.6212e+01  1.0000e+00
-4.1505e-01  3.4814e-01 -1.1752e-01  7.6870e+00 -1.1196e+01  3.3182e+00  1.3980e+01  1.0000e+00
 5.5312e-01  4.2950e-01 -8.2850e-02 -1.1152e+01 -7.9508e+00  6.7814e+00  1.5283e+01  1.0000e+00
 1.3805e-01 -1.6508e-01 -4.1884e-01 -4.0215e+00  6.1051e+00  8.7305e+00  1.1387e+01  1.0000e+00
-2.0456e-01  1.2661e-01 -5.4514e-01  3.6495e+00  8.0225e+00  3.5182e+00  9.4898e+00  1.0000e+00
 6.0212e-01  2.7803e-01  4.5852e-01 -9.6224e+00 -3.2286e+00 -9.1031e+00  1.3634e+01  1.0000e+00
-8.8777e-01  2.2078e-01 -2.9940e-01  1.2378e+00  1.4472e+01  7.2398e+00  1.6229e+01  1.0000e+00
-4.5574e-02 -6.0078e-01  4.0294e-01  3.7761e+00  1.8258e+01 -4.3504e+00  1.9145e+01  1.0000e+00
-3.8099e-01  4.6537e-01  3.6489e-01 -5.8337e-02 -9.4374e+00 -7.2536e+00  1.1903e+01  1.0000e+00
 3.9252e-01 -8.5288e-02 -2.3194e-01 -2.8823e+00  2.9170e+01 -1.9625e+01  3.5275e+01  1.0000e+00
 8.1554e+00 -1.0648e+01  7.7697e+00  3.8387e+02 -4.7420e+02  3.0948e+02  6.8410e+02  1.0000e+00
 4.9824e-01  2.5933e-01 -1.6149e-01 -9.8775e+00 -9.0988e+00  7.1471e+00  1.5213e+01  1.0000e+00
 1.5157e-01 -6.3317e-01 -1.0067e-01 -1.9080e+00  1.8797e+01  2.1004e+00  1.9010e+01  1.0000e+00
-7.4171e-02  2.5956e-01  7.7897e-02 -5.7846e+00 -8.9792e+00 -8.1473e+00  1.3434e+01  1.0000e+00
 2.2025e-01 -4.6193e-01  4.4660e-01 -3.6383e+00  3.2685e+00 -1.8833e+01  1.9458e+01  1.0000e+00
 1.8390e-01  3.4708e-02 -4.3075e-01 -4.5139e+00 -2.8144e-01  1.8164e+01  1.8718e+01  1.0000e+00
-6.4064e-01  4.4604e-02 -2.8736e-01  1.4710e+01 -2.8885e+00  8.6749e-01  1.5016e+01  1.0000e+00
 4.4205e-01 -1.9596e-01 -3.0762e-01 -9.1630e+00  2.2557e+00  5.9286e+00  1.1144e+01  1.0000e+00
 1.1493e-01 -6.1939e-01  6.5098e-02 -7.3354e+00  1.2390e+00  6.0849e+00  9.6109e+00  1.0000e+00
-3.0796e-01 -2.4831e-01  4.5063e-01  5.9676e+00  2.3854e+00 -1.2760e+01  1.4287e+01  1.0000e+00
 4.6295e-01 -3.1852e-01 -4.5859e-01 -9.6413e+00  6.3617e+00  1.3191e+01  1.7534e+01  1.0000e+00
-2.7131e-01  3.4109e-01  3.7355e-01 -1.8306e+01  7.6861e+00  2.3215e+01  3.0547e+01  1.0000e+00
-1.4027e-01 -2.8197e-01 -5.0084e-01  3.2119e+00  9.8603e+00  9.1185e+00  1.3809e+01  1.0000e+00
-4.5211e-02  5.6654e-03 -3.6964e-01  1.3997e+01  1.9142e+01  1.2873e+01  2.6982e+01  1.0000e+00
-3.7478e-01 -1.7568e-01 -5.1779e-01  9.7452e+00  1.3275e+01  3.6256e+00  1.6862e+01  1.0000e+00
 1.9171e-01  3.4451e-02 -6.2657e-01 -6.0128e+00 -4.8243e+00  1.8747e+01  2.0270e+01  1.0000e+00
-5.7581e-01 -4.6224e-01  1.7063e-01  8.6802e+00  6.9327e+00 -3.8514e+00  1.1758e+01  1.0000e+00
 1.4552e-01 -4.8133e-01  4.6132e-01 -5.5639e-02  1.9754e+01 -8.8428e+00  2.1643e+01  1.0000e+00
 2.3744e-01 -5.5663e-01 -6.5176e-02 -6.5710e+00  1.2632e+01  4.5837e+00  1.4958e+01  1.0000e+00
-1.8508e-02 -3.6830e-01  4.8265e-01 -3.9475e+00  1.9348e+00 -9.7609e+00  1.0705e+01  1.0000e+00
 1.1302e-01 -1.1630e-01  1.7666e-01 -2.0886e-01  3.9914e+00 -9.9969e+00  1.0766e+01  1.0000e+00
 1.0277e-03 -1.2803e-01  1.9691e-01  1.7506e+01 -1.1272e+01  1.4270e-02  2.0821e+01  1.0000e+00
-1.1784e-01 -3.1008e-01 -2.3346e-01  5.8398e+00  9.5258e+00 -7.8162e-01  1.1201e+01  1.0000e+00
-3.7123e-02  1.0829e-01 -8.1669e-02  2.8866e-01 -4.8372e+00  8.4294e-01  4.9186e+00  1.0000e+00
 2.9725e-01  3.3815e-01  2.9876e-01 -5.0770e+00 -1.0994e+01 -4.1243e+00  1.2792e+01  1.0000e+00
-3.5407e-01  4.5743e-01 -4.1827e-01  4.4908e+00 -1.3763e+01  9.5099e+00  1.7321e+01  1.0000e+00
-1.0266e-01  2.9560e-01  6.3910e-01 -1.3129e+00 -1.0109e+01 -1.2685e+01  1.6274e+01  1.0000e+00
 1.7598e-01 -5.6878e-01 -3.3803e-01 -3.8002e-01  1.9850e+01  5.4926e+00  2.0600e+01  1.0000e+00
 2.6396e-01  1.3974e-01 -7.2151e-02 -6.9573e+00 -8.8150e+00  4.2190e+00  1.1996e+01  1.0000e+00
 6.2688e-01 -2.4769e-01  1.0824e-01 -1.7590e+01 -5.3501e+00 -1.0304e+01  2.1076e+01  1.0000e+00
 1.2728e-01  1.2963e-01 -4.5924e-01  2.4745e+01  2.2242e+01  5.1977e+00  3.3676e+01  1.0000e+00
 4.2573e-01 -4.1476e-01 -5.4672e-02 -7.7199e+00  1.3999e+01  1.5603e+00  1.6062e+01  1.0000e+00
 6.1485e-01  1.5764e-01  4.3470e-01  8.5804e+00  3.2234e+01  6.3510e+00  3.3956e+01  1.0000e+00
 2.8188e-01  2.3339e-01  3.2312e-01 -4.3069e+00 -2.7585e+00 -4.5556e+00  6.8493e+00  1.0000e+00
 6.6225e-01  2.5294e-01  6.3665e-01  2.9919e+00  6.7953e+01  4.5329e+01  8.1739e+01  1.0000e+00
-2.8430e-01  7.7964e-02 -1.6803e-01  6.5224e+00 -2.0338e+01  1.4364e+01  2.5739e+01  1.0000e+00
-1.2077e-01  2.0769e-01  4.4065e-02  8.4692e+00  1.3626e+00  2.8633e+00  9.0434e+00  1.0000e+00
-2.4128e-01 -7.0954e-01 -8.3669e-01 -4.7304e+00 -3.1037e+00 -1.0260e+01  1.1717e+01  1.0000e+00
 4.0325e-01 -8.2937e-02  4.3690e-02 -1.1877e+01 -1.8348e+00 -3.0782e+00  1.2406e+01  1.0000e+00
-4.1785e-01 -4.7923e-02  6.3364e-02  8.1984e+00 -2.8390e+00 -4.2297e-02  8.6762e+00  1.0000e+00
 4.6101e-01  5.0306e-01  6.6569e-02 -1.3959e+01 -1.4080e+01 -1.8723e+00  1.9915e+01  1.0000e+00
 4.5645e-01 -3.5545e-01  2.8183e-01 -8.9281e+00  7.1757e+00 -1.1214e+01  1.6029e+01  1.0000e+00
-7.6061e-03 -4.6832e-01 -2.1308e-01  4.2323e+00  9.4559e+00  5.5150e+00  1.1736e+01  1.0000e+00
-1.4993e-01  1.2334e-01 -3.3117e-01  5.5202e-01 -6.5399e+00  1.1054e+01  1.2856e+01  1.0000e+00
-1.5480e-01 -3.8686e-01  3.3644e-01  1.1332e+00  8.8053e+00 -7.6950e+00  1.1749e+01  1.0000e+00
 2.2132e-01 -4.1453e-01 -1.8298e-01 -9.1578e+00 -9.8076e-01  6.1662e+00  1.1084e+01  1.0000e+00
 1.3831e-01 -3.6653e-01 -4.5444e-01 -4.6422e+00  5.3203e+00  1.3170e+01  1.4943e+01  1.0000e+00
-1.3371e-01 -3.0959e-01 -1.8157e-01  8.0587e-01  7.0229e+00  6.8607e+00  9.8509e+00  1.0000e+00
-5.5713e-01  2.4207e-01  9.4320e-02  1.3267e+01  2.1357e+00 -3.4843e+00  1.3882e+01  1.0000e+00
 5.4788e-02  2.1537e-01  4.7791e-01 -5.2682e-01 -3.1058e+00 -9.4290e+00  9.9413e+00  1.0000e+00
-3.4044e-01 -2.7040e-01  1.8577e-03  1.9270e+01  4.3434e+00 -5.9352e+01  6.2553e+01  1.0000e+00
 3.6306e-01 -3.7579e-01  5.2441e-01 -3.9497e+00  3.9639e+00 -1.2965e+01  1.4121e+01  1.0000e+00
 5.4573e-01  4.2626e-01 -1.5166e-02 -1.0300e+01 -9.4928e+00 -9.8426e+00  1.7119e+01  1.0000e+00
-7.0518e-01 -8.3251e-02  3.2566e-01  1.1570e+01  2.2123e+00 -4.7038e+00  1.2684e+01  1.0000e+00
-6.2833e-01  2.1282e-01 -9.8079e-02  1.3043e+01 -3.8109e+00  3.4334e-01  1.3593e+01  1.0000e+00
-1.7161e-01 -2.6264e-01 -2.7130e-02  7.2943e+00  1.1123e+01  1.4401e+00  1.3379e+01  1.0000e+00
-7.4635e-02 -4.8539e-01  5.1472e-01  1.7573e+00  9.9810e+00 -1.6021e+01  1.8957e+01  1.0000e+00
 1.5912e-01  1.9110e-01 -2.6353e-01 -1.9720e+00 -1.0540e+01  2.8237e+00  1.1088e+01  1.0000e+00
 8.0705e-02 -6.3053e-01  2.0007e-01  4.4487e+00  1.0196e+01 -4.8787e+00  1.2147e+01  1.0000e+00
 4.8429e-01  3.0831e-01  5.7692e-03 -3.3986e+00 -1.0619e+01 -6.0205e-01  1.1166e+01  1.0000e+00
-1.5587e-02  4.8157e-01 -5.0370e-01 -6.8978e-01 -1.2980e+01  7.1067e+00  1.4814e+01  1.0000e+00
-3.9737e-01 -5.6783e-01 -2.9996e-01  1.0033e+01  1.5493e+01  2.4424e+00  1.8619e+01  1.0000e+00
-1.9355e-01 -3.8499e-01  7.9679e-02  5.4571e+00  1.2033e+01 -1.5430e+00  1.3302e+01  1.0000e+00
 1.3221e-01 -5.9373e-01  4.0497e-01 -8.6828e+00  1.5253e+01 -6.3420e+00  1.8662e+01  1.0000e+00
 1.5823e-01  3.6476e-01  5.3644e-01 -2.6634e+00 -8.6004e+00 -8.3073e+00  1.2250e+01  1.0000e+00
 5.1867e-02  4.7077e-01  2.1567e-01 -1.8424e+00 -1.8399e+01 -3.3468e+00  1.8791e+01  1.0000e+00
 2.5830e-01  6.0232e-03  1.0099e-04 -5.7956e+00 -5.4088e+00 -6.2966e+00  1.0124e+01  1.0000e+00
-1.7225e-01  2.3023e-01  5.5377e-01  3.8957e+00 -1.4915e-01 -1.3318e+01  1.3877e+01  1.0000e+00
-5.1855e-01  3.2147e-01 -3.2051e-01  1.6260e+01 -3.8732e+00  7.4271e+00  1.8290e+01  1.0000e+00
-3.4831e-01 -5.5827e-01  2.4947e-01  1.1439e+01  1.2660e+01 -6.2162e+00  1.8160e+01  1.0000e+00
-4.6573e-01 -1.3891e-01  1.9960e-02  1.3669e+01  4.6156e+00 -4.5152e+00  1.5118e+01  1.0000e+00
-1.4946e-01 -2.2573e-02  5.8592e-01 -4.1097e+00 -1.5530e+01  1.9258e+01  2.5079e+01  1.0000e+00
 4.6000e-01 -1.5092e-01 -5.3871e-01 -1.1567e+01 -2.9414e-01  1.4317e+01  1.8408e+01  1.0000e+00
 4.7466e-02 -1.5028e-01 -3.0428e-01 -3.1260e+00  5.9805e+00  4.6369e+00  8.1878e+00  1.0000e+00
 1.0081e-01  3.6577e-01  5.9059e-01 -1.8391e+00 -7.4985e+00 -1.4654e+01  1.6563e+01  1.0000e+00
-1.8916e-01 -2.2963e-01  1.6217e-01  4.3504e+00  6.1349e+00 -3.8018e+00  8.4271e+00  1.0000e+00
-2.5795e-01  2.2429e-01  1.2392e-01  7.2630e+00 -8.2290e+00  6.9720e+00  1.3003e+01  1.0000e+00
-3.0580e-01  4.8883e-01  3.2638e-01  1.0637e+00 -1.4772e+01 -7.3183e+00  1.6520e+01  1.0000e+00
-3.3762e-01 -4.2208e-01 -3.3745e-01  4.8089e+00  9.7138e+00  9.0005e+00  1.4089e+01  1.0000e+00
-1.5311e-01  7.0272e-02  2.1302e-01  6.1817e+00 -5.1767e-01 -8.7104e+00  1.0694e+01  1.0000e+00
-1.2301e-01  2.4881e-01  3.5874e-02 -1.5449e-02 -9.6459e+00  1.1246e+01  1.4816e+01  1.0000e+00
 5.0847e-01 -5.3350e-02 -3.1765e-01 -1.6577e+01 -5.9909e-01  6.7889e+00  1.7924e+01  1.0000e+00
-9.3060e+00  1.0992e+01 -6.5587e+00 -3.7965e+02  4.7215e+02 -3.1702e+02  6.8379e+02  1.0000e+00
-4.6067e-01 -2.3953e-01 -2.8159e-01  2.6359e+01 -1.4974e+01  7.0206e+00  3.1118e+01  1.0000e+00
-6.1363e-02 -5.2008e-01  3.6682e-01  4.6929e+00  1.5018e+01 -2.0399e+00  1.5866e+01  1.0000e+00
 5.1639e-01 -4.3406e-01 -1.5230e-01 -2.5049e+01  8.4779e+00  9.4284e+00  2.8075e+01  1.0000e+00
 5.7050e-01  3.9042e-02 -2.2197e-01 -1.1084e+01 -7.1540e+00  2.1129e+00  1.3361e+01  1.0000e+00
 6.5731e-01 -5.7161e-02  1.0192e-01 -1.4086e+01  4.6185e+00 -1.3951e+01  2.0356e+01  1.0000e+00
-4.9184e-01  1.6862e-02  5.5214e-01  1.2168e+01  7.9950e-01 -9.5999e+00  1.5520e+01  1.0000e+00
-5.7051e-01  2.6377e-01  1.9966e-02  1.7408e+01 -6.7657e+00 -1.1461e+01  2.1913e+01  1.0000e+00
-5.9607e-02  5.1712e-01 -9.2142e-02 -1.3709e+00 -1.9643e+01  6.8198e-01  1.9703e+01  1.0000e+00
 5.2936e-02 -2.0512e-02 -1.3247e-01 -2.6567e+00  1.6300e+00 -1.1846e+00  3.3344e+00  1.0000e+00
 5.9534e-01  4.8003e-01  1.5008e-02 -5.0384e+00 -1.3557e+01 -8.6331e+00  1.6844e+01  1.0000e+00
-2.4539e-02  1.8178e-01 -7.1209e-01  7.6626e-01 -4.2466e+00  1.6462e+01  1.7018e+01  1.0000e+00
 1.2958e-01 -6.5667e-01  2.2213e-01 -9.6286e-01  1.7337e+01 -1.2130e+01  2.1181e+01  1.0000e+00
 4.5861e-01 -2.7369e-01  5.8651e-01 -8.0414e+00  3.2910e+00 -1.2295e+01  1.5055e+01  1.0000e+00
-5.0565e-01  2.9328e-01  1.3822e-01  1.0289e+01 -4.9978e+00 -3.8951e+00  1.2084e+01  1.0000e+00
-7.6229e-01 -4.5366e-02 -1.3486e-01  1.6018e+01  1.3175e+00 -1.3566e+00  1.6129e+01  1.0000e+00
 3.7863e-01  2.1341e-01 -2.9044e-01 -9.3412e+00 -4.2484e+00  6.2487e+00  1.2015e+01  1.0000e+00
-2.5607e-01 -1.3662e-01 -4.2258e-01  7.5454e+00  1.2645e+00  1.3496e+01  1.5513e+01  1.0000e+00
-1.6194e-01 -3.9766e-01  4.4519e-01  2.5021e+00  1.0223e+01 -1.6227e+01  1.9342e+01  1.0000e+00
-3.3859e-01 -5.6899e-01 -3.3799e-01  2.1169e+01  2.2274e+00  3.8201e+00  2.1626e+01  1.0000e+00
-3.2638e-01 -4.6409e-01  2.6339e-01  8.4899e+00  8.6661e+00 -7.2972e+00  1.4157e+01  1.0000e+00
 2.3391e-01  1.5411e-01  5.1565e-01 -7.5630e+00 -2.2364e+00 -9.7824e+00  1.2566e+01  1.0000e+00
-4.0147e-01 -3.1025e-01 -2.9334e-01  8.1906e+00  6.4263e+00  1.7385e+01  2.0264e+01  1.0000e+00
 1.4592e-01  1.6151e-01 -3.0063e-01 -1.0799e+00 -1.1858e+01  1.1788e+01  1.6755e+01  1.0000e+00
 6.7045e-01  2.9159e-01  3.6134e-01 -5.6325e+00 -1.6662e+01  9.1007e-01  1.7612e+01  1.0000e+00
 4.6580e-04  4.9774e-01 -3.0581e-01 -2.5573e+00 -1.3000e+01  6.5495e+00  1.4780e+01  1.0000e+00
 1.3948e-03 -5.2508e-01  1.7721e-01  5.5765e+00  9.2662e+00  3.9814e+00  1.1524e+01  1.0000e+00
 6.7178e-01 -3.5519e-01  8.0206e-02  1.6584e+01  2.6918e+01  2.0893e+01  3.7896e+01  1.0000e+00
 8.3707e-03  5.4997e-01  4.5920e-01  1.4695e+01 -1.4788e+01 -9.5109e+00  2.2915e+01  1.0000e+00
 2.5555e-01 -5.9024e-01 -1.3006e-02 -1.0196e+01  1.7500e+01 -2.3509e-01  2.0255e+01  1.0000e+00
 4.7110e-01 -8.0882e-02  2.4674e-01 -7.1694e+00 -1.4424e+00 -7.1884e+00  1.0254e+01  1.0000e+00
 8.5535e-02 -5.1643e-01  4.2037e-01  2.6199e+00  9.1992e+00 -9.1983e+00  1.3270e+01  1.0000e+00
-2.4856e-01  2.2197e-01  1.5474e-01  4.8741e+00 -5.5494e-01 -8.1747e+00  9.5337e+00  1.0000e+00
 5.9979e-01  8.7237e-02  1.6849e-01 -9.0738e+00 -2.5959e+00 -7.4156e+00  1.2003e+01  1.0000e+00
-3.5919e-01  1.2425e-01 -3.7274e-01  1.1539e+01 -5.8596e+00  1.3161e+01  1.8458e+01  1.0000e+00
-3.9044e-01 -5.3596e-01  2.7096e-01  5.6104e+00  1.2565e+01 -1.5631e+00  1.3849e+01  1.0000e+00
 3.0273e-01  4.9375e-02  1.2460e+00  1.2030e+01 -6.9068e+00  1.4086e+01  1.9770e+01  1.0000e+00
-4.6518e-02  4.8360e-03 -3.3154e-01  7.5169e+00 -9.2384e+00 -2.8174e+00  1.2239e+01  1.0000e+00
 6.6707e-01 -2.6963e-01 -2.2128e-01 -1.8170e+01 -4.4392e+00  1.0498e+01  2.1449e+01  1.0000e+00
-2.9749e-01  1.5158e+00 -1.0931e+00 -4.3448e+01  4.7141e+01 -2.8531e+01  7.0171e+01  1.0000e+00
 4.6980e-01 -1.8785e-01  5.6264e-03 -7.4570e+00  2.4910e+00 -3.7683e+00  8.7185e+00  1.0000e+00
-6.3421e-02  5.5462e-01 -1.4385e-01 -3.2221e+00 -1.6124e+01  8.6039e+00  1.8558e+01  1.0000e+00
 3.6657e-01  6.5202e-02  1.5334e-01 -6.2972e+00 -2.7304e+00 -7.2521e+00  9.9851e+00  1.0000e+00
 4.2208e-01 -1.6282e-01 -4.6653e-01 -8.7723e+00  4.2472e+00  1.2020e+01  1.5475e+01  1.0000e+00
 6.4813e-02  5.1689e-01  1.9829e-01 -1.7593e+00 -7.6524e+00 -6.6886e+00  1.0315e+01  1.0000e+00
 7.4329e-01  4.5692e-01 -1.4778e-01 -1.7255e+00  2.6450e+00 -8.4490e+00  9.0199e+00  1.0000e+00
-3.7472e-01  1.8267e-01  5.6408e-01  9.8842e+00 -4.1166e+00 -1.2990e+01  1.6834e+01  1.0000e+00
-2.8161e-01 -4.5594e-01  9.1072e-03  8.0139e+00  1.3226e+01 -8.7051e-01  1.5489e+01  1.0000e+00
-1.5306e-01  4.6428e-02  2.4867e-02  1.7781e+00 -2.3409e+00  7.8649e-01  3.0431e+00  1.0000e+00
 5.4145e-01  2.3501e-01 -8.0781e-02 -1.1084e+01 -2.3191e+01 -9.1330e+00  2.7278e+01  1.0000e+00
-3.4094e-01 -4.7928e-01 -4.2216e-01  7.3307e+00  1.2446e+01 -9.9528e-01  1.4479e+01  1.0000e+00
 2.4949e-01  1.0622e-02  3.6362e-01 -1.7119e+00  6.0137e+00 -1.7007e+01  1.8120e+01  1.0000e+00
 9.0140e-02  3.0453e-02 -3.6241e-01 -5.2807e+00 -7.1527e+00  1.2184e+01  1.5083e+01  1.0000e+00
-2.8629e-01 -4.2344e-02 -2.4995e-02  1.3070e+01 -6.7428e-02  3.0744e+00  1.3427e+01  1.0000e+00
 2.2164e-02 -3.2208e-01 -1.8573e-01  1.1259e+01  2.0950e+01  2.9229e+01  3.7683e+01  1.0000e+00
-3.0547e-01 -2.5769e-01 -3.1932e-01  1.1947e+01  1.0408e+01 -7.1714e+00  1.7393e+01  1.0000e+00
 3.8330e-01 -1.8729e-01 -7.2586e-02 -7.0524e+00  1.8544e+00  2.3332e+00  7.6563e+00  1.0000e+00
 2.4786e-01  1.3418e-01 -1.3729e-01 -1.3523e+00 -9.1923e+00 -6.0011e+00  1.1061e+01  1.0000e+00
-2.2604e-01  7.1816e-01 -1.0400e-01  2.6868e+00 -1.4134e+01  2.8760e+00  1.4672e+01  1.0000e+00
 5.4241e-01 -4.3158e-01 -1.6867e-01 -5.7592e+00  1.3966e+01 -1.4909e+00  1.5180e+01  1.0000e+00
-6.3143e-01 -5.5373e-01  8.2724e-01 -1.6538e+01 -1.6198e+00  1.3320e+01  2.1296e+01  1.0000e+00
-1.1141e-01 -1.5564e-01  4.4651e-01  3.7028e+00  2.3897e+00 -1.1188e+01  1.2025e+01  1.0000e+00
 1.2606e-01 -8.0098e-02  1.5882e-01 -3.8203e+00 -5.7674e+00  8.2262e-01  6.9667e+00  1.0000e+00
-5.2416e-01  3.2258e-01 -3.3765e-01  5.4146e+00 -1.5047e+01  8.6261e+00  1.8169e+01  1.0000e+00
-6.5315e-01  3.2468e-01  7.0040e-02  1.7813e+01 -4.1996e+00  3.2473e+00  1.8587e+01  1.0000e+00
 8.3835e-02 -4.5321e-01  3.9213e-01 -1.1010e+01  1.6194e+01 -9.6352e+00  2.1825e+01  1.0000e+00
 5.2166e-01 -2.6676e-01 -2.5888e-01 -9.0821e+00  3.4731e+00  3.1441e+00  1.0219e+01  1.0000e+00
 3.7753e-02  1.0779e-02 -3.0329e-01 -8.6388e+00  5.9469e-01 -1.6587e+00  8.8166e+00  1.0000e+00
 2.1930e-01  2.4940e-01 -4.3084e-01 -1.1826e+01 -3.8568e+00  1.4511e+01  1.9113e+01  1.0000e+00
 1.5997e-01  1.3951e-01 -3.0956e-02 -1.2669e+00 -8.6150e+00 -4.0097e+00  9.5865e+00  1.0000e+00
 1.2811e-01 -4.9351e-01 -2.2710e-01  6.5334e+00  1.1128e+01 -5.6850e-01  1.2917e+01  1.0000e+00
 3.2323e-01 -4.0941e-01 -3.4847e-01 -6.4304e+00  8.1058e+00  6.5054e+00  1.2222e+01  1.0000e+00
-5.2524e-02  4.2440e-02  2.7345e-01 -5.5403e+00 -4.2115e+00 -9.6594e+00  1.1905e+01  1.0000e+00
 5.7000e-01  2.2259e-01 -3.3104e-01 -1.3702e+01 -4.5227e+00  1.0081e+01  1.7602e+01  1.0000e+00
-3.5364e-01 -1.7923e-01 -4.1318e-01  9.3441e+00 -4.5717e-01  1.0901e+01  1.4365e+01  1.0000e+00
-7.9121e-03 -5.3262e-01 -1.2648e-01  3.5053e+00  1.4112e+01 -4.5548e-01  1.4548e+01  1.0000e+00
 3.8316e-01 -2.5911e-01 -2.5939e-02  2.2380e+01  1.0673e+01 -2.1725e+01  3.2966e+01  1.0000e+00
-1.8185e-02 -5.9235e-01  4.1327e-01  8.3957e-01  1.4523e+01 -1.3835e+01  2.0076e+01  1.0000e+00
-4.7213e-03 -6.4846e-01 -2.7492e-01 -7.5501e+00  1.5704e+01  7.7957e+00  1.9089e+01  1.0000e+00
 3.3133e-03 -5.5499e-01 -4.1913e-01 -2.8360e+00  9.9378e+00  1.8194e+01  2.0925e+01  1.0000e+00
 3.1731e-01 -3.6615e-01 -3.3205e-01 -6.3028e+00  2.0003e+00  9.6018e+00  1.1659e+01  1.0000e+00
 1.4030e-01 -7.7950e-02 -4.8605e-01 -3.1641e+00  2.5142e+00  1.4107e+01  1.4675e+01  1.0000e+00
-2.2627e-01  2.7904e-01  9.8444e-01 -7.4972e+00  1.2297e+01  3.0672e+01  3.3885e+01  1.0000e+00
-3.3574e-01  3.5716e-01 -4.3403e-01  4.8891e+00 -1.4178e+01  8.8644e+00  1.7421e+01  1.0000e+00
-5.3254e-01 -4.8020e-01  1.7549e-01  7.5319e+00  1.4265e+01  3.2474e-01  1.6135e+01  1.0000e+00
 1.8381e-01 -6.0638e-02  1.6977e-01 -1.2268e+00  3.1133e+00 -1.0934e+01  1.1434e+01  1.0000e+00
 1.9619e-01  3.4934e-01  5.5019e-01 -8.8479e+00 -8.0525e+00 -1.2706e+01  1.7452e+01  1.0000e+00
-8.3412e-02 -3.0174e-02  3.8388e-01  7.8914e-01  1.2134e+00 -1.1453e+01  1.1544e+01  1.0000e+00
-2.6873e-02 -1.5769e-02 -3.6251e-01  5.4440e+00 -1.6122e+01 -2.5375e-01  1.7019e+01  1.0000e+00
 5.0237e-01 -4.0584e-01 -1.7750e-01 -7.4697e+00  7.6389e+00  8.8048e+00  1.3845e+01  1.0000e+00
-1.6250e-01  1.8172e-01 -3.3068e-01  2.0490e+00 -1.4790e+01  9.9851e+00  1.7962e+01  1.0000e+00
 5.0961e-01  9.5567e-02  1.4694e-01 -1.3450e+01  9.1672e-01 -7.9628e+00  1.5657e+01  1.0000e+00
-4.5445e-02  3.7245e-01  1.0377e-01  5.0181e-01 -1.2632e+01 -2.5391e+00  1.2894e+01  1.0000e+00
-1.1804e-01 -1.8578e-01  2.9458e-01 -9.5294e-01  3.3995e+00 -6.9051e+00  7.7553e+00  1.0000e+00
-4.0943e-01 -3.9050e-01 -4.5625e-02  1.0714e+01  8.6525e+00 -4.5480e-01  1.3779e+01  1.0000e+00
-4.9571e-01 -2.1859e-01 -3.3536e-01  1.2239e+01  2.7674e+00  8.1244e+00  1.4948e+01  1.0000e+00
-3.0618e-01  3.3050e-01  2.7635e-01  3.6796e+00 -9.4214e+00 -1.3629e+01  1.6972e+01  1.0000e+00
 5.7930e-01 -2.5847e-01  1.8012e-01 -9.3593e+00  6.3897e+00 -1.3136e+01  1.7349e+01  1.0000e+00
-5.8220e-01 -5.7658e-01 -2.8289e-01 -1.2530e+01 -1.3735e+01  1.1593e+01  2.1910e+01  1.0000e+00
 1.9056e-01  1.8238e-01 -6.5998e-01 -5.4704e+00 -6.4794e+00  1.5630e+01  1.7782e+01  1.0000e+00
 5.1325e-01 -2.0632e-01 -2.4246e-02 -1.1057e+01 -1.0523e+00  1.3339e+00  1.1187e+01  1.0000e+00
 5.7665e-01  3.9742e-01 -9.4735e-02 -9.3587e+00 -1.5027e+01  8.6997e+00  1.9725e+01  1.0000e+00
 1.7828e-01 -3.7352e-01  3.0909e-03  1.9505e+01 -4.6592e+01  7.8391e+01  9.3255e+01  1.0000e+00
-5.9457e-01 -2.3390e-01 -3.2208e-01  5.3441e+00  4.0528e+00 -2.3304e+00  7.1003e+00  1.0000e+00
-1.3345e-01 -2.4634e-01 -2.9575e-02 -1.2909e+00  5.6760e+00 -8.7635e-01  5.8866e+00  1.0000e+00
-3.5754e-01 -3.1956e-01  4.5924e-01  1.0768e+01  8.4881e+00 -1.0481e+01  1.7258e+01  1.0000e+00
 4.3531e-01 -3.8726e-01  2.2360e-01 -6.5520e+00  7.3551e+00 -6.2413e+00  1.1661e+01  1.0000e+00
 2.1113e-01  2.1512e-01 -5.1583e-01 -2.1866e+00 -5.9466e-01 -2.8948e+00  3.6762e+00  1.0000e+00
 3.5577e-01 -3.1644e-01  1.7004e-01 -2.5330e+01 -3.0029e+01 -2.9200e+01  4.8949e+01  1.0000e+00
-1.2340e-01  2.9627e-01 -3.5862e-02  1.6768e+00 -1.4883e+01  8.0859e+00  1.7021e+01  1.0000e+00
 5.9413e-01 -2.4623e-01  1.4907e-01 -1.4266e+01  1.3132e+01  2.0220e+00  1.9496e+01  1.0000e+00
-2.8988e-01 -2.9283e-02 -9.1925e-02  1.0156e+01  3.0778e+00  7.3373e+00  1.2902e+01  1.0000e+00
-1.5376e-01 -5.8244e-02 -3.7629e-01  7.6810e+00 -2.1541e+00  1.6319e+01  1.8165e+01  1.0000e+00
 2.6718e-01 -1.9617e-01 -1.8558e-01 -1.0636e+01 -1.3026e+01 -7.0647e+00  1.8240e+01  1.0000e+00
 2.9256e-02 -5.0210e-01 -1.8288e-01 -9.2179e+00  1.0375e+01  7.5199e+00  1.5785e+01  1.0000e+00
-3.9132e-01  3.2160e-01  3.0356e-02  1.0229e+01 -1.2256e+01  1.7679e+00  1.6062e+01  1.0000e+00
 2.3349e-01 -3.4712e-01  5.7632e-01 -1.8673e+00  3.9758e+00 -1.5001e+01  1.5630e+01  1.0000e+00
-8.4937e-01  4.2318e-01 -1.3893e-01 -1.4162e+00 -8.2619e+00 -1.5330e+01  1.7472e+01  1.0000e+00
 2.9943e-01  5.4685e-01 -1.0587e-01 -2.5522e+00 -1.2429e+01  2.4737e+00  1.2927e+01  1.0000e+00
 1.5486e-01 -7.0215e-02  4.3560e-01 -1.3752e+01 -2.8075e+00 -8.2202e+00  1.6266e+01  1.0000e+00
 3.6120e-01 -3.7055e-01 -5.2529e-03 -2.3709e+00  1.2671e+00 -4.6831e+00  5.3999e+00  1.0000e+00
-2.3853e-02 -3.8583e-02  1.5811e-01  4.1136e+00  6.6888e-01 -3.0945e+00  5.1909e+00  1.0000e+00
-6.2670e-01  1.2371e-01 -3.0159e-01  8.1666e-01 -6.9319e+00  1.0048e+01  1.2235e+01  1.0000e+00
 6.1163e-02 -6.3421e-01  4.4169e-01 -1.0897e+01  6.5464e-01 -1.0913e+01  1.5435e+01  1.0000e+00
 5.7311e-01  3.7019e-01  3.4919e-01 -6.6782e+00 -8.6939e+00 -7.6313e+00  1.3357e+01  1.0000e+00
-5.9303e-01 -4.6039e-01  1.5431e-01  1.7152e+01  5.4067e+00  2.0059e+00  1.8096e+01  1.0000e+00
 4.2683e-01  5.8094e-01 -2.4041e-02 -3.1369e+00 -1.3297e+01 -7.8093e-01  1.3685e+01  1.0000e+00
 5.1173e-01  1.2557e-01  1.6860e-01 -5.3802e+00 -7.9454e+00 -7.4952e+00  1.2176e+01  1.0000e+00
-1.8483e-02  2.9749e-01  3.5320e-02 -7.2243e+00 -1.0799e+01 -1.0568e-01  1.2994e+01  1.0000e+00
 3.1934e-01 -3.6792e-01  5.1067e-01 -4.4899e+00  3.4105e+00 -6.2289e+00  8.4018e+00  1.0000e+00
 1.5907e-01  1.2527e-01 -5.7018e-01  3.3731e-01 -6.2204e+00  1.5502e+01  1.6706e+01  1.0000e+00
-3.1611e-01 -4.4890e-01 -1.7835e-01  9.7409e+00  1.2098e+01  9.6960e+00  1.8310e+01  1.0000e+00
 5.9160e-01  5.3386e-01  5.7371e-02 -3.6786e+00  1.4055e+00  8.7426e+00  9.5885e+00  1.0000e+00
 3.3476e-01 -5.0757e-01 -3.0024e-01 -6.5870e+00  1.2974e+01  8.9672e+00  1.7092e+01  1.0000e+00
-3.6497e-01  2.6859e-01  9.5385e-02 -1.0957e+01  1.5028e-01 -3.5488e+01  3.7142e+01  1.0000e+00
 1.3517e-01 -5.1226e-01 -7.0344e-02  2.3275e+00  1.4723e+01  1.9340e+00  1.5031e+01  1.0000e+00
-2.2612e-01 -3.1654e-01  1.3453e-01  9.8575e+00  8.2532e+00 -3.1634e+00  1.3240e+01  1.0000e+00
 1.8049e-01 -3.2936e-02  3.9760e-01 -4.5467e-01 -6.5696e-01 -7.7378e+00  7.7789e+00  1.0000e+00
 4.8639e-01  5.7283e-01 -9.6175e-02 -5.3095e+00 -1.3449e+01  5.7077e+00  1.5545e+01  1.0000e+00
 3.6667e-01  2.5973e-01  1.2703e-01 -6.8485e+00  1.0565e+01  7.1077e+00  1.4458e+01  1.0000e+00
-3.3729e-01  3.5154e-01 -2.7819e-01  5.2223e+00 -1.0901e+01  4.2509e+00  1.2813e+01  1.0000e+00
-1.5887e-01 -4.3553e-01 -1.8306e-01  4.3005e+00  1.3204e+01  2.3991e+00  1.4093e+01  1.0000e+00
 1.3560e-01 -6.5302e-01  1.8994e-01  3.7782e+00  1.9372e+01  6.3586e+00  2.0736e+01  1.0000e+00
-1.9286e-01 -1.7486e-01 -1.5600e-02  3.5585e+00  8.5830e+00  1.7357e+00  9.4522e+00  1.0000e+00
-1.7125e-01  1.4792e-01 -3.3033e-01  1.0586e+01 -5.3313e+00  9.1620e+00  1.4981e+01  1.0000e+00
 2.0833e-01 -1.5675e-01 -5.9831e-01 -5.1865e+00  5.8594e+00  1.6925e+01  1.8647e+01  1.0000e+00
 5.6365e-01 -2.8415e-01 -3.0683e-01 -1.9641e+01  4.1614e+00  1.8965e+00  2.0167e+01  1.0000e+00
-1.6081e-01  2.4397e-01  2.2902e-02 -3.4078e+00 -1.4342e+01  2.1858e+00  1.4903e+01  1.0000e+00
-2.4230e-01 -2.8189e-01  3.1812e-01 -2.5950e+00  3.7767e+00 -5.0316e+00  6.8055e+00  1.0000e+00
-9.4984e-02 -6.9800e-02 -4.3014e-01 -2.9382e+00 -6.3303e+00  1.2509e+01  1.4324e+01  1.0000e+00
 9.8919e-02 -4.8865e-01 -3.6755e-01  1.0079e+01  1.5170e+01  9.0632e+00  2.0344e+01  1.0000e+00
 1.6621e-01  2.5739e-01 -4.1511e-01  2.2299e+00 -1.3755e+01  8.6976e+00  1.6426e+01  1.0000e+00
-5.1191e-01 -4.7207e-01  2.3556e-01  1.1653e+01  8.4512e+00 -8.1639e+00  1.6549e+01  1.0000e+00
-1.6408e-01  1.6608e-01 -1.8518e-02 -1.0509e+00 -6.1104e+00 -2.2271e+00  6.5880e+00  1.0000e+00
-1.6705e-02 -5.0673e-01 -4.0539e-01  2.1700e+00  1.8234e+01  8.6624e+00  2.0303e+01  1.0000e+00
-1.3767e-01  1.1556e-01  5.1364e-01  5.7989e+00  6.5611e+00 -1.3834e+01  1.6372e+01  1.0000e+00
 4.5996e-01  3.5472e-01 -5.4278e-01 -8.4442e+00 -8.1596e+00  9.3261e+00  1.4995e+01  1.0000e+00
 1.9919e-01 -5.5614e-01 -1.8978e-02 -3.6796e+00  1.6925e+01 -1.8891e+00  1.7423e+01  1.0000e+00
-4.5730e-01  3.0399e-01  5.0953e-01  9.3442e+00 -8.6925e+00 -9.6369e+00  1.5992e+01  1.0000e+00
-3.8432e-01  1.8023e-02 -6.5060e-01  6.8671e+00 -2.6731e+00  1.4142e+01  1.5946e+01  1.0000e+00
 6.0499e-01 -1.0959e-01  4.7775e-02 -1.0128e+01 -1.9886e+00 -4.8513e+00  1.1404e+01  1.0000e+00
 2.0915e-02  7.6081e-01  3.3736e-01  1.4966e-01 -1.1879e+01 -4.0498e+00  1.2552e+01  1.0000e+00
-9.0947e-02 -2.9874e-01 -2.5237e-01  5.6361e+00 -7.7286e+00  1.5695e+01  1.8380e+01  1.0000e+00
-1.3433e-01 -3.1742e-01  3.7547e-01 -3.3307e+00  3.4033e+00 -1.5296e+01  1.6020e+01  1.0000e+00
-4.4771e-01  4.1005e-01 -3.6399e-01  7.8992e+00 -1.2011e+01  9.4393e+00  1.7198e+01  1.0000e+00
 3.7460e-01 -1.1419e-01 -4.2261e-01 -8.0235e+00  1.5375e+00  8.3519e+00  1.1683e+01  1.0000e+00
 3.4291e-01 -1.2934e-01  5.4610e-01 -3.9206e+00 -2.7382e-01 -1.1451e+01  1.2107e+01  1.0000e+00
-4.4329e-01  1.8817e-01 -5.7131e-01  8.4994e+00 -3.8520e+00  1.3192e+01  1.6159e+01  1.0000e+00
-5.3901e-01 -2.5534e-01  1.1226e+00 -4.2694e-01  4.9079e+00  3.9171e+01  3.9479e+01  1.0000e+00
-3.4867e-01  4.9392e-02  6.5003e-01  6.5932e+00  2.7787e+00 -1.5573e+01  1.7138e+01  1.0000e+00
-5.9981e-02 -1.6186e-02 -3.6239e-01  2.5160e+00 -1.1009e+00  1.4179e+01  1.4442e+01  1.0000e+00
-3.9486e-01 -4.3538e-01 -3.8475e-01  1.0154e+01  3.2215e-01  1.0240e+01  1.4424e+01  1.0000e+00
-9.2036e-03  3.8003e-03 -3.5283e-01  2.4735e+00 -1.7749e+00  1.4627e+01  1.4941e+01  1.0000e+00
-1.4604e-01 -6.6774e-01 -4.4584e-01 -5.6194e+00  3.6266e+00  4.1750e+00  7.8842e+00  1.0000e+00
 6.8567e-02 -4.3414e-01  3.8553e-01 -1.2328e+00 -2.7004e+00 -8.6981e+00  9.1907e+00  1.0000e+00
 1.1370e-01 -4.7582e-01 -4.5749e-01 -3.4928e+00  7.0721e+00  1.1167e+01  1.3672e+01  1.0000e+00
 2.8464e-01 -1.0921e-01 -4.8101e-01 -7.4777e+00  3.6595e+00  1.0650e+01  1.3518e+01  1.0000e+00
-2.3778e-01  2.3988e-01  5.4180e-02  1.9493e+00 -1.0845e+01 -1.1335e+01  1.5808e+01  1.0000e+00
-3.6923e-01 -1.8428e-01 -6.4568e-01  7.8675e+00  1.0200e+00  1.5081e+01  1.7041e+01  1.0000e+00
-1.7368e-01  2.4890e-01  3.8467e-01  3.9458e+00 -5.8223e+00 -1.2665e+01  1.4487e+01  1.0000e+00
-1.5753e-01  1.4695e-01  5.4180e-01 -3.9275e+00 -5.3323e+00 -1.3101e+01  1.4680e+01  1.0000e+00
-3.3377e-01  2.2512e-01  2.0575e-01  1.4297e+01 -2.6786e+00 -1.5346e+01  2.1144e+01  1.0000e+00
 1.5285e+00 -1.0491e+00  5.0506e-01  2.7698e+01 -5.2991e+01  3.3986e+01  6.8777e+01  1.0000e+00
 6.9795e-03  4.8354e-01 -7.1184e-01  2.5388e+00 -5.7418e-01 -2.4213e+01  2.4353e+01  1.0000e+00
-4.6200e-01  2.1156e-01  4.8793e-01  1.3044e+01 -2.6238e+00 -7.8984e+00  1.5473e+01  1.0000e+00
-5.5969e-01  1.1453e-01  3.7297e-01  2.1238e+01  2.2309e+00  5.7781e-01  2.1363e+01  1.0000e+00
 8.2560e-02  8.1989e-01 -1.0959e-01 -1.9357e+00 -1.2066e+01  2.1433e+00  1.2407e+01  1.0000e+00
 4.7255e-01  5.5057e-01  3.4561e-01 -5.7214e+00 -1.1171e+01 -6.1355e+00  1.3971e+01  1.0000e+00
 2.7157e-01  1.4815e-01 -5.2457e-01 -5.3340e+00 -9.0796e+00  9.9483e+00  1.4487e+01  1.0000e+00
 6.1131e-01  6.5324e-02  5.7912e-01 -8.1223e+00 -2.6941e-01 -9.3533e+00  1.2391e+01  1.0000e+00
-6.2282e-02  5.3165e-03  2.4954e-01  4.5415e+00 -3.0935e+00 -6.5477e+00  8.5479e+00  1.0000e+00
-1.5474e-01 -2.8750e-01 -5.0611e-01 -2.5325e+00 -2.9345e+00  1.4214e+01  1.4733e+01  1.0000e+00
-3.6437e-01  1.5011e-01 -3.8045e-01  1.5026e+01  2.4676e+00  1.2781e+01  1.9880e+01  1.0000e+00
 5.3866e-01  4.2175e-01 -4.9600e-01 -1.4893e+01  7.0334e+00 -6.4681e+00  1.7695e+01  1.0000e+00
-1.0302e-01 -8.4633e-02  6.1055e-02  5.6515e+00  4.4658e+00 -8.0257e+00  1.0784e+01  1.0000e+00
