# limit = 1.25063
#
# x           y           z           vx          vy          vz          s           m
 4.1739e-01 -2.7664e-01 -7.9839e-01  1.0315e+01 -1.3211e+01 -1.7219e+01  2.4030e+01  1.0000e+00
-1.1962e-01  5.1165e-01 -2.7696e-01  2.9905e+00 -1.4916e+01  7.5689e+00  1.6992e+01  1.0000e+00
-4.4777e-01  4.1811e-01 -3.1015e-01  8.7352e+00 -1.6487e+01  2.6649e+00  1.8848e+01  1.0000e+00
-5.8084e-01 -1.3437e-01 -3.1292e-01  1.6961e+01  2.3985e+00  8.4030e+00  1.9079e+01  1.0000e+00
-7.6099e-02 -3.7016e-01 -5.9210e-01  1.0719e+01  4.1111e+00  1.1078e+01  1.5954e+01  1.0000e+00
-4.9625e-02  3.7627e-01 -5.3579e-01  1.0539e+00 -1.1172e+01  1.3297e+01  1.7400e+01  1.0000e+00
-1.8294e-01  6.9955e-02  4.8652e-01 -1.8153e+00  4.6153e-01 -1.5372e+01  1.5486e+01  1.0000e+00
-2.5955e-01 -5.2422e-01 -2.4689e-01  4.1911e+00  1.8623e+01  3.6316e+00  1.9431e+01  1.0000e+00
-5.8213e-01  3.1653e-01  2.1353e-01 -4.9550e+01  3.5731e+01  1.0870e+02  1.2469e+02  1.0000e+00
-7.8931e-02 -2.8962e-01 -4.4985e-02 -2.9236e-01  1.1373e+01 -2.9091e+00  1.1743e+01  1.0000e+00
-3.2642e-02  3.8303e-01  1.2036e-01 -3.6913e+00 -1.8152e+01 -3.0635e+00  1.8776e+01  1.0000e+00
 5.0037e-01 -3.2823e-01 -1.6098e-02 -1.2668e+01  4.3766e+00 -1.3464e+00  1.3470e+01  1.0000e+00
 5.6149e-01 -1.6056e-01  1.9247e-01 -2.2213e+01 -7.7450e+00 -2.9842e+00  2.3713e+01  1.0000e+00
 1.3366e-01 -4.1492e-01 -3.0420e-01 -3.5814e+00  8.4484e+00  8.1717e+00  1.2287e+01  1.0000e+00
 5.8274e-01 -2.5162e-01  8.8414e-02 -1.9131e+01 -2.6123e+00 -1.3432e+01  2.3521e+01  1.0000e+00
-1.7479e-01 -5.9081e-01  2.6767e-01  1.5421e+01  1.7411e+01  3.7031e+00  2.3551e+01  1.0000e+00
-1.4449e-01  1.7940e-02 -1.0260e-02  5.2687e+00  1.2024e+01  2.9344e+00  1.3451e+01  1.0000e+00
 4.6606e-01  3.3384e-01 -1.0165e-03 -1.9191e+01 -1.3787e+01  3.6795e+00  2.3915e+01  1.0000e+00
 5.0909e-02  2.3959e-02 -2.7105e-01 -1.4331e+01 -2.9340e-02  7.9557e+00  1.6391e+01  1.0000e+00
 5.8719e-02  5.3720e-01 -4.3055e-01  7.6607e+01  6.4316e+01 -2.8189e+01  1.0392e+02  1.0000e+00
 3.6872e-01  1.3238e-01 -2.4548e-01 -8.9757e+00 -1.4427e+01  8.5109e+00  1.9004e+01  1.0000e+00
 1.0452e-01 -2.4859e-01 -7.5489e-02  3.4880e+00  5.7695e+00  4.3139e+00  8.0040e+00  1.0000e+00
 2.4385e-01  2.0063e-01 -4.5708e-01 -1.0469e+01 -1.5186e+01  1.6364e+01  2.4658e+01  1.0000e+00
 5.0016e-01 -2.4425e-01  5.2831e-01 -1.2280e+01  3.8754e+00 -8.6415e+00  1.5508e+01  1.0000e+00
 2.1047e-01 -4.5779e-01  4.2725e-01 -4.1242e+00  1.6303e+00 -7.9461e+00  9.0998e+00  1.0000e+00
-1.4078e-01  2.4282e-01  6.2652e-01  1.5213e+01 -1.3803e+01  5.6155e+00  2.1295e+01  1.0000e+00
-6.2418e-01 -1.6776e-01 -2.5966e-01  1.2382e+01  2.0803e+01  6.0001e+00  2.4942e+01  1.0000e+00
 4.8398e-01  1.2133e-01 -4.7157e-01 -1.3043e+01 -4.5686e+00  1.3076e+01  1.9025e+01  1.0000e+00
-3.1297e-01  4.2053e-01  3.3132e-01  1.6941e+01 -1.5726e+01 -1.0318e+01  2.5313e+01  1.0000e+00
-1.7461e-01  2.2097e-01  7.3306e-02 -9.5727e-01 -3.2290e+00  9.4729e-01  3.4986e+00  1.0000e+00
 2.0473e-01 -3.4323e-01 -1.7650e-01 -8.7556e-01  1.2676e+01  1.6630e+00  1.2814e+01  1.0000e+00
-1.1800e-01 -1.7347e-01 -3.2027e-01  6.8762e+00  6.1010e+00  3.5894e+00  9.8685e+00  1.0000e+00
 2.0587e-01  3.9164e-01  6.0860e-02 -4.2036e+00 -1.2775e+01 -1.8987e+00  1.3582e+01  1.0000e+00
 3.0294e-01 -4.6901e-01 -3.2454e-01 -1.6595e+01  1.3191e+01  1.3429e+01  2.5095e+01  1.0000e+00
 1.1210e-01  8.9770e-02 -2.6460e-01 -2.4565e+00 -1.7280e+01  2.3259e+00  1.7608e+01  1.0000e+00
-5.6409e-01  3.2603e-02 -2.3177e-01  1.4158e+01 -4.8662e-02 -3.2855e+00  1.4534e+01  1.0000e+00
 1.1038e+00  3.1353e-01 -4.3734e-01  1.4386e+01  1.6766e+00 -5.3696e+00  1.5447e+01  1.0000e+00
 3.6175e-02 -8.8197e-02 -4.0877e-01 -3.0566e+01  5.8122e+01 -7.8261e+01  1.0216e+02  1.0000e+00
-4.0303e-01 -1.9802e-01  4.8931e-01  1.3115e+01  2.5041e+00 -1.0236e+01  1.6824e+01  1.0000e+00
-5.2416e-01  3.1873e-01 -2.0997e-01  1.4520e+01 -1.1612e+01  1.5024e+00  1.8653e+01  1.0000e+00
 1.0491e-01  2.6949e-02  2.9242e-02 -6.9768e+00 -7.3088e+00  1.4847e+01  1.7959e+01  1.0000e+00
-2.3558e-01 -3.0449e-01 -4.8109e-01  2.1018e+00  6.4220e+00  1.0525e+01  1.2508e+01  1.0000e+00
-4.6086e-02 -5.4520e-01  3.3274e-01  3.1399e+00  1.0308e+01 -3.9886e+00  1.1490e+01  1.0000e+00
 6.0973e-02  3.0234e-01 -6.2553e-01 -8.7749e-01 -8.7660e+00  1.3450e+01  1.6078e+01  1.0000e+00
-7.0547e-01 -3.3931e-01  5.3804e-02  1.3978e+01  4.0051e+00 -2.1304e+00  1.4696e+01  1.0000e+00
 5.2422e-01  4.4527e-01  2.4951e-01 -1.9357e+01  1.6378e+00 -1.1067e+01  2.2358e+01  1.0000e+00
-2.7470e-02  8.1442e-02 -1.9110e-01  1.3882e+00 -1.0581e+01  1.6705e+00  1.0802e+01  1.0000e+00
 1.7740e-01  1.8888e-01  4.8905e-01 -4.9381e+00 -6.1593e+00 -1.6109e+01  1.7939e+01  1.0000e+00
 1.9538e-02 -1.0980e-01  1.9736e-01 -2.0596e+01  2.2108e-01 -3.9145e+00  2.0966e+01  1.0000e+00
 6.0078e-01 -2.3712e-01  7.8592e-02 -1.1745e+01  4.9931e+00 -1.0843e+01  1.6747e+01  1.0000e+00
-2.6766e-01  2.0283e-01  9.7561e-02  8.0486e+00 -2.0142e+01  3.5084e+00  2.1972e+01  1.0000e+00
-2.4976e-01  2.1749e-01  1.0959e-01  1.1820e+01  8.3163e+00 -8.4371e+00  1.6735e+01  1.0000e+00
 2.5482e-01 -4.0194e-01 -1.2834e-01  4.5817e+00  2.0017e+01 -1.1446e+01  2.3509e+01  1.0000e+00
-6.1109e-01  1.8939e-01 -1.4916e-01  1.9561e+01 -6.4409e+00  3.8103e+00  2.0944e+01  1.0000e+00
 6.2782e-01 -2.3803e-01  1.2157e-01 -2.4709e+01  6.0072e+00 -8.2229e+00  2.6725e+01  1.0000e+00
 4.0035e-01 -4.0925e-01  1.7539e-02 -6.6946e+00  1.3122e+01  1.5898e+00  1.4816e+01  1.0000e+00
 2.2845e-01 -8.0701e-02 -5.9114e-01 -8.8114e+00  4.8626e-01  1.8001e+01  2.0048e+01  1.0000e+00
 7.7589e-02 -2.4580e-01  3.8299e-01 -3.9693e+00  2.0648e+00 -1.3075e+01  1.3819e+01  1.0000e+00
-2.6359e-01  7.8282e-02 -1.6958e-01  7.3922e+00 -4.5393e-01  8.4046e+00  1.1202e+01  1.0000e+00
-5.6014e-01 -3.9138e-01 -2.1716e-01  1.5701e+01  1.1115e+01 -8.4339e-01  1.9256e+01  1.0000e+00
 2.3086e-01  5.0190e-02 -1.5256e-01 -8.9273e+00  2.4051e+00  2.2252e+00  9.5096e+00  1.0000e+00
 1.3623e-01 -4.2687e-01  6.6297e-02 -2.9135e+00  7.5005e+00 -5.7896e+00  9.9129e+00  1.0000e+00
 4.6200e-01 -4.2623e-01  7.5233e-03 -8.8654e+00  2.6659e+01  1.1404e+01  3.0320e+01  1.0000e+00
-2.5585e-01  2.6448e-01  1.5629e-01  4.1813e+00 -1.9722e+01 -6.6281e+00  2.1222e+01  1.0000e+00
-5.4922e-01  3.0912e-01 -2.9173e-01  8.7216e+00 -1.3308e+01  6.9342e+00  1.7357e+01  1.0000e+00
-9.0887e-02 -4.6597e-01  3.7769e-01  7.0287e+00  6.7537e+00 -1.8440e+01  2.0858e+01  1.0000e+00
 2.7401e-01  8.8906e-02  2.6191e-02 -6.0403e+00 -1.2790e+00 -3.6276e+00  7.1610e+00  1.0000e+00
-5.0539e-01  3.5138e-01  1.5778e-01  1.2217e+01 -1.3500e+01 -9.2517e+00  2.0423e+01  1.0000e+00
 1.6015e-01 -1.4123e-01 -4.4903e-01 -6.9799e+00  8.0263e+00  1.5869e+01  1.9104e+01  1.0000e+00
-6.4996e-02  5.0639e-01 -1.2093e-01  1.6169e+01 -2.5376e+01  2.8448e-01  3.0091e+01  1.0000e+00
-4.9062e-01 -3.5940e-01 -2.4987e-01  1.4541e+00  4.0970e+00  1.6322e+00  4.6437e+00  1.0000e+00
-2.6500e-01  5.6806e-02  4.8774e-01  8.5031e+00  1.7204e+00 -1.0519e+01  1.3635e+01  1.0000e+00
-3.4779e-02  8.7041e-03 -3.0232e-01  9.0139e+00 -1.1151e+01  4.6102e+00  1.5062e+01  1.0000e+00
 1.4599e-01  4.5034e-01  2.6202e-01 -2.9822e+00 -1.0612e+01 -8.4127e+00  1.3866e+01  1.0000e+00
 4.6947e-01 -2.0087e-01 -4.3762e-02 -1.6997e+01  2.5640e+00  9.6745e+00  1.9725e+01  1.0000e+00
-5.6254e-02 -1.5691e-01 -4.0480e-01 -2.5017e-01  7.5200e+00  1.4227e+01  1.6094e+01  1.0000e+00
 1.4582e-01 -1.0905e-01  1.2621e-01 -6.3827e+00  1.0442e+01  1.0969e+00  1.2288e+01  1.0000e+00
 1.1803e-01 -6.3305e-01  1.7799e-01 -1.4840e+01  1.9309e+01 -3.3285e+00  2.4580e+01  1.0000e+00
-3.9159e-01  5.9632e-01  7.4778e-02  8.0407e+00 -1.5592e+01  7.9619e-02  1.7543e+01  1.0000e+00
 5.0823e-01  2.6493e-01 -6.4975e-02 -1.1743e+01 -6.9993e+00  6.2501e+00  1.5032e+01  1.0000e+00
-1.6706e-01 -2.3933e-01 -4.7535e-01  1.1778e+01  1.8097e+01  1.9667e+01  2.9207e+01  1.0000e+00
-1.1513e-01 -3.6995e-01  3.9450e-01  7.0342e+00  1.2234e+01 -9.1989e+00  1.6846e+01  1.0000e+00
-2.9934e-01  3.0907e-01  7.9874e-01 -4.5247e-01  3.8312e-01 -5.2464e+00  5.2798e+00  1.0000e+00
-2.1547e-01  2.1903e-01  2.9948e-01  1.4683e-01 -8.0683e-01 -1.0357e+01  1.0389e+01  1.0000e+00
-1.2723e-01  1.3843e-01  5.7515e-01  8.0304e+00 -9.1942e+00 -1.7167e+01  2.1065e+01  1.0000e+00
 4.8431e-01  1.6615e-02  1.0337e-01 -1.1625e+01 -2.5883e+00  3.2377e-01  1.1914e+01  1.0000e+00
 3.3735e-01 -3.3693e-01  5.0854e-01 -1.3687e+01  6.0041e+00 -1.7897e+01  2.3317e+01  1.0000e+00
-3.2560e-01  3.7490e-01 -4.8762e-01  8.3438e-02  1.0031e+00  1.1509e+00  1.5289e+00  1.0000e+00
-2.9452e-01 -4.3462e-01 -2.6034e-01  5.5621e+00  1.5879e+01  2.6129e-01  1.6827e+01  1.0000e+00
-4.6942e-01 -2.4899e-01 -2.6383e-01  1.9178e+01  3.8537e+00  3.1365e+00  1.9811e+01  1.0000e+00
-3.9289e-01  3.3737e-01 -3.7065e-02 -1.1619e+00  8.9252e+00 -6.2815e+00  1.0976e+01  1.0000e+00
-2.0081e-01 -5.7929e-01 -3.6978e-01  5.6738e+00  1.5827e+01  7.8183e+00  1.8542e+01  1.0000e+00
-1.5866e-01 -7.7314e-02  4.9312e-03  8.5614e+00  5.0502e-01  2.5059e+00  8.9349e+00  1.0000e+00
 1.9918e-01  2.8105e-02 -5.4326e-01 -4.1939e+00  3.1604e-01  1.5480e+01  1.6041e+01  1.0000e+00
-1.6969e-01 -2.6871e-01  3.0999e-01  2.4249e+00 -4.5991e+00 -1.4885e+01  1.5767e+01  1.0000e+00
 6.2638e-01 -5.7170e-02 -2.6251e-01 -1.8333e+01  1.8317e-01  6.5986e+00  1.9485e+01  1.0000e+00
 1.5332e-01  7.0925e-02 -2.5304e-01 -2.7008e+00  3.4872e+00  2.8985e+00  5.2779e+00  1.0000e+00
 4.4951e-02  3.4905e-01  5.0023e-01  6.1237e-01 -1.1742e+01 -1.0540e+01  1.5790e+01  1.0000e+00
-1.9795e-03 -1.7647e-01 -6.4588e-01  4.3518e+00 -9.1915e+00 -4.3725e+01  4.4892e+01  1.0000e+00
 6.0454e-01 -3.2999e-01  1.3135e-01 -1.6673e+01 -1.2176e+01  1.5464e+01  2.5795e+01  1.0000e+00
-2.5738e-01  2.1391e-01  1.1232e-01  1.1381e+01 -1.1421e+01  9.8322e+00  1.8885e+01  1.0000e+00
-2.6571e-01 -5.8381e-02 -3.9850e-01  1.1033e+01 -2.4900e+00  1.0050e+01  1.5131e+01  1.0000e+00
-3.7715e-01  1.3011e-01 -3.5418e-01  3.8941e+00 -7.6470e+00  8.9953e+00  1.2432e+01  1.0000e+00
-5.8474e-01  2.9290e-02 -3.2501e-01  2.0036e+01  3.7260e+00  5.0477e+00  2.0996e+01  1.0000e+00
-3.0095e-01  3.2290e-01 -3.8366e-01  5.8743e+00 -5.4092e+00  1.0139e+01  1.2906e+01  1.0000e+00
-1.5611e-01 -2.7703e-01  2.9497e-01  2.0242e+01  4.8583e+00 -6.7025e+00  2.1869e+01  1.0000e+00
-5.5692e-01  1.0792e-01 -2.8267e-01  2.1529e+01 -3.9553e+00  5.3381e+00  2.2531e+01  1.0000e+00
 5.0823e-01 -7.7208e-02  1.7013e-01 -1.6426e+01  5.7817e-01  2.2497e+00  1.6589e+01  1.0000e+00
 2.9212e-01 -7.0104e-01  2.7459e-01 -1.0073e+01 -1.1555e+01  1.3092e+01  2.0159e+01  1.0000e+00
 4.4690e-01  3.4405e-01 -3.1231e-03 -2.3142e+00 -5.2729e+00 -1.7871e+00  6.0293e+00  1.0000e+00
-1.9585e-01 -4.0161e-01  5.6816e-01  6.0789e+00  7.3656e+00 -1.6114e+01  1.8731e+01  1.0000e+00
-1.9191e-01  3.7878e-01 -6.0759e-01  4.7650e+00 -8.3018e+00  1.3254e+01  1.6349e+01  1.0000e+00
-5.3567e-01  7.2301e-02 -3.0497e-01  1.1434e+01 -3.4238e+00  2.2435e+00  1.2144e+01  1.0000e+00
-3.0364e-01  5.9683e-02  5.4733e-01  9.3298e+00 -2.2078e+00 -1.4830e+01  1.7659e+01  1.0000e+00
-5.4263e-01  8.4264e-02 -2.9634e-01  1.1108e+01 -3.8604e+00  2.0846e+01  2.3934e+01  1.0000e+00
-6.2523e-01  2.6819e-01  7.2580e-02  1.5361e+01 -9.7999e+00 -6.5249e+00  1.9354e+01  1.0000e+00
 6.7905e-02 -2.4446e-01 -1.0683e-01 -1.7581e+00  3.9201e+00 -3.6150e+00  5.6148e+00  1.0000e+00
 2.0329e-01  1.9214e-01 -4.1560e-01 -1.8767e+00 -1.3430e+01  1.2929e+01  1.8736e+01  1.0000e+00
 3.5372e-02 -3.8792e-01  3.9617e-01 -3.0578e+00  1.0766e+01 -1.6123e+01  1.9627e+01  1.0000e+00
-2.4351e-01  2.2695e-01  2.0467e-01  7.0200e+00 -1.3764e+01 -8.3598e+00  1.7567e+01  1.0000e+00
-2.2555e-01 -5.2534e-02 -1.5302e-02  1.1383e+01  5.3789e+00 -5.7638e+00  1.3846e+01  1.0000e+00
-9.6644e-02  3.9000e-02  3.3252e-01  7.4702e+00 -1.2111e+01 -2.3988e+01  2.7891e+01  1.0000e+00
 3.8039e-01 -7.0705e-02  3.8353e-02 -3.8078e+00 -4.2231e+00 -5.5974e+00  7.9791e+00  1.0000e+00
-1.4487e-01  7.4384e-02 -3.9368e-02  1.8649e+01  1.4301e-01 -1.6748e+00  1.8725e+01  1.0000e+00
 2.1798e-01  2.2482e-01 -6.8200e-02 -5.5716e+00 -1.5350e+01  1.0445e+00  1.6363e+01  1.0000e+00
 2.6053e-01 -6.4112e-01  1.8227e-01 -4.5048e+00  1.6728e+01 -1.5957e+00  1.7397e+01  1.0000e+00
 4.4759e-01  3.1045e-01  4.6826e-01 -9.7054e+00 -7.2259e+00 -1.2857e+01  1.7655e+01  1.0000e+00
 1.4740e-01 -1.6893e-01 -6.7507e-01 -2.7502e+00  1.7606e+00  1.9542e+01  1.9813e+01  1.0000e+00
-3.5009e-01  3.3152e-01  1.6434e-01  9.1217e+00  4.2466e+00 -1.2822e+01  1.6299e+01  1.0000e+00
-1.5702e-01  4.0968e-02 -1.0545e-02 -3.2714e+01 -9.7344e+00  1.0006e+01  3.5568e+01  1.0000e+00
-4.0144e-01 -1.1023e-01  4.2080e-01  1.2411e+01  1.8134e+00 -6.7435e+00  1.4241e+01  1.0000e+00
-2.3316e-01 -5.9756e-01  2.2281e-01 -3.4613e+00  1.5936e+01 -1.2462e+01  2.0524e+01  1.0000e+00
 4.6548e-01 -4.2825e-01  1.4088e-02 -9.2521e+00  1.4652e+01 -8.5414e+00  1.9319e+01  1.0000e+00
 1.6392e-01  7.1150e-02 -1.2454e-01 -9.5872e+00 -1.1063e+01  1.2476e+00  1.4692e+01  1.0000e+00
 1.6430e-01 -7.7084e-02  9.7262e-02 -1.6805e+00  5.3377e+00 -1.3456e+01  1.4573e+01  1.0000e+00
 3.1283e-01  2.2784e-01 -3.9702e-01 -9.8203e+00 -1.3802e+01  8.3254e+00  1.8874e+01  1.0000e+00
-1.5071e-01 -2.5414e-01  3.6999e-01  2.4873e+00  1.0461e+01 -9.0475e+00  1.4053e+01  1.0000e+00
-1.6048e-01  2.4573e-01  5.7557e-01  1.1723e+01 -1.3173e+01 -1.8139e+01  2.5298e+01  1.0000e+00
-1.5207e-01  1.2613e-01  6.7829e-01 -6.3166e-02 -1.2418e+00 -1.8991e+01  1.9032e+01  1.0000e+00
 7.4149e-02 -4.2508e-01 -6.5506e-01 -9.8065e-01  1.5774e+01  4.0292e+00  1.6310e+01  1.0000e+00
-4.1211e-01  3.7201e-01  3.6742e-02  5.9447e+00 -1.6380e+01 -3.7443e+00  1.7823e+01  1.0000e+00
 5.3340e-01  6.3655e-02 -1.9512e-01 -1.8590e+01  5.1378e-01  4.7709e+00  1.9199e+01  1.0000e+00
 2.8459e-01 -5.3779e-01 -1.4009e-01 -5.0293e+01 -9.9571e+00 -2.0340e+01  5.5157e+01  1.0000e+00
 4.5881e-02 -1.8571e-01 -5.5734e-01 -1.0993e+00  6.3215e+00  1.6934e+01  1.8108e+01  1.0000e+00
-5.2611e-01  2.6189e-01  1.2552e-02  1.2246e+01 -1.1319e+01  2.7188e+00  1.6896e+01  1.0000e+00
 4.5440e-01  2.3694e-02 -3.6161e-01 -1.6181e+01 -1.6647e+00  1.3940e+01  2.1423e+01  1.0000e+00
 3.8340e-01 -1.3624e+00 -8.1008e-01 -1.4863e+01 -4.8118e+01 -5.5015e+01  7.4585e+01  1.0000e+00
-5.4621e-01  3.5373e-01  1.4598e-01  1.9101e+01 -9.9536e+00  5.9565e-01  2.1547e+01  1.0000e+00
-7.7600e-02 -8.4266e-02 -1.7957e-01 -2.6117e+01 -7.9609e+00  8.9211e+00  2.8724e+01  1.0000e+00
 1.6455e-01  5.3154e-01  1.2482e-01 -4.6538e+00 -1.5744e+01 -1.6592e+00  1.6501e+01  1.0000e+00
 1.5214e-01  1.2409e-02 -4.2650e-01 -1.2367e+01 -3.7297e+00  9.8880e+00  1.6267e+01  1.0000e+00
 2.0183e-01  4.6978e-01  3.1084e-01 -7.1401e+00 -1.3878e+01 -7.3910e+00  1.7269e+01  1.0000e+00
 6.6524e-02 -5.4432e-01 -3.9560e-01 -1.8003e+00  9.3868e+00  2.2386e+01  2.4341e+01  1.0000e+00
 4.6894e-01 -4.2549e-01  6.2211e-03 -2.6355e+01  7.1893e+00 -1.5711e+01  3.1514e+01  1.0000e+00
 3.7472e-01 -1.7057e-01  5.5102e-01 -8.0188e+00  4.8075e-01 -1.5538e+01  1.7492e+01  1.0000e+00
 2.5483e-01 -4.8484e-01 -4.6339e-01 -6.3714e+00  1.0934e+01  1.5366e+01  1.9906e+01  1.0000e+00
 3.7576e-01 -4.1639e-01 -2.4325e-02 -6.7299e+00  4.0150e+00  8.4502e-01  7.8820e+00  1.0000e+00
 5.2778e-01 -2.5930e-01 -2.9339e-01 -1.5503e+01  1.1301e+01  4.2845e+00  1.9658e+01  1.0000e+00
-2.2979e-01 -2.9431e-01 -4.3425e-01  1.9032e+00  8.5152e+00  2.6071e+01  2.7492e+01  1.0000e+00
-2.9415e-01  2.2902e-01  2.6349e-01  1.7319e+01 -4.2393e+00 -1.0057e+01  2.0471e+01  1.0000e+00
-2.7034e-01 -3.6695e-01 -4.4618e-01  8.3827e+00  1.3392e+01  1.4315e+01  2.1320e+01  1.0000e+00
 6.3703e-01 -2.1370e-01 -2.4378e-01 -1.6739e+01  9.1087e+00 -6.2137e-01  1.9067e+01  1.0000e+00
-3.6145e-01  4.1514e-01  1.1960e-01  7.9323e+00 -1.7280e+01 -3.2126e+00  1.9283e+01  1.0000e+00
-6.6603e-02 -3.8934e-01 -7.5998e-02  1.9179e+00  1.7324e+01 -9.0509e+00  1.9640e+01  1.0000e+00
-2.1359e-01 -6.0846e-01 -1.5714e-01  5.9755e+00  1.7712e+01 -9.7257e-01  1.8718e+01  1.0000e+00
-6.4022e-01 -9.5259e-02 -2.0728e-01  1.6991e+01  3.2417e+00  1.8293e-01  1.7298e+01  1.0000e+00
 4.9482e-01  2.0156e-01  1.2968e-01 -1.2671e+01 -8.1553e+00 -3.3706e+00  1.5441e+01  1.0000e+00
-2.4565e-01  8.1498e-02 -3.8493e-01  6.9997e+01 -4.7930e+01 -1.0374e+02  1.3401e+02  1.0000e+00
 7.3970e-02 -4.4905e-01  3.6767e-01  4.1298e+00  1.1684e+01 -1.4375e+01  1.8980e+01  1.0000e+00
 2.9101e-01 -5.1608e-01  2.3674e-01 -9.6806e+00  1.1538e+01 -7.9184e+00  1.7016e+01  1.0000e+00
-1.9775e-01  5.4939e-01  4.7109e-01 -1.4192e+01 -1.1798e+01 -6.7527e+00  1.9652e+01  1.0000e+00
-1.8833e-01  1.8347e-01  3.6909e-01  3.8743e+00 -1.6211e+01 -9.9212e+00  1.9396e+01  1.0000e+00
 4.6001e-01 -5.4946e-02 -2.9893e-01 -2.0164e+01  2.1591e+01  1.4357e+01  3.2847e+01  1.0000e+00
 2.6421e-01  2.2243e-01  1.4058e-01 -2.5301e+01 -1.2836e+01  6.9825e+00  2.9218e+01  1.0000e+00
-3.3336e-02 -3.9980e-02  1.4533e-01 -1.5695e+00 -6.7151e+00 -2.2553e+00  7.2555e+00  1.0000e+00
 5.2971e-03  2.7857e-02 -2.6527e-01  5.7354e+00 -1.2474e+01  5.3535e+00  1.4736e+01  1.0000e+00
-4.3328e-01 -3.7140e-01  2.2280e-01  1.2843e+01  4.5847e+00 -5.7571e+00  1.4802e+01  1.0000e+00
-2.8886e-01  3.3770e-01  1.7364e-01  1.3081e+01 -2.0480e+01  1.7056e+00  2.4361e+01  1.0000e+00
 5.5470e-01 -6.7611e-02 -2.4396e-02 -1.6702e+01 -1.4189e+01 -1.1891e+01  2.4933e+01  1.0000e+00
-5.6309e-01 -2.5460e-01 -2.9761e-01  1.6862e+01  9.1010e+00  4.0593e-01  1.9165e+01  1.0000e+00
-1.8023e-01 -3.3565e-01  2.7988e-01  7.6826e+00  1.0720e+01 -2.3676e+00  1.3399e+01  1.0000e+00
 2.6647e-01  1.1109e-01 -1.3921e-01 -1.5394e+01 -1.0101e+01  3.9140e+00  1.8823e+01  1.0000e+00
 5.9823e-01  2.5809e-01  1.7960e-01 -1.6667e+01 -6.8935e+00 -4.0496e+00  1.8486e+01  1.0000e+00
-3.2436e-01 -1.6887e-01 -1.4175e-02  1.4183e+01  7.5174e+00 -6.2345e-01  1.6064e+01  1.0000e+00
-5.3042e-01  2.8995e-01 -3.1334e-01  2.0298e+01 -2.9814e+00  8.4029e+00  2.2170e+01  1.0000e+00
 5.0304e-01 -2.4363e-01 -3.9280e-01 -1.3930e+01  2.6982e+00  1.2884e+01  1.9166e+01  1.0000e+00
-5.9923e-02  4.7983e-01 -9.6101e-02  1.2563e+01 -1.8163e+01  5.5456e+00  2.2770e+01  1.0000e+00
 1.1821e-01 -6.1841e-01  1.9723e-01  5.0110e+00  1.2753e+01 -3.0302e+00  1.4033e+01  1.0000e+00
-2.1082e-01 -1.0272e-01  6.9910e-01  3.0015e+00  3.2285e+00 -1.5027e+01  1.5660e+01  1.0000e+00
 3.2657e-01 -4.6804e-01 -3.7935e-01 -9.7146e+00  1.3359e+01  3.7286e+00  1.6934e+01  1.0000e+00
 3.5026e-01  3.2283e-01  4.2030e-01 -5.9522e+00 -9.0619e+00 -1.2299e+01  1.6396e+01  1.0000e+00
-2.0824e-01 -6.6453e-03  4.5744e-01  1.2621e+01 -6.2088e+00 -1.0207e+00  1.4102e+01  1.0000e+00
-6.4605e-01  4.4309e-01  2.1103e-01  1.3499e+01 -1.4647e+00 -3.1306e+00  1.3934e+01  1.0000e+00
-3.0895e-01 -6.9756e-02  4.7631e-01  8.3614e+00  3.3560e+00 -1.4032e+01  1.6676e+01  1.0000e+00
-2.7802e-01 -2.9351e-01  3.0576e-01  1.5723e+01  5.6089e+00 -7.4620e+00  1.8285e+01  1.0000e+00
 2.6381e-01  2.5767e-01  3.1373e-01 -7.0257e+00 -8.7563e+00 -1.1064e+01  1.5762e+01  1.0000e+00
-2.5931e-01  4.3113e-01  1.0277e-01  1.9107e+00 -1.9017e+01 -1.8054e+00  1.9198e+01  1.0000e+00
 7.8144e-03 -2.5037e-02 -3.2239e-01 -1.0072e+01  9.5071e-01  2.2714e+01  2.4865e+01  1.0000e+00
-3.8740e-01 -2.5953e-01 -3.7123e-01  1.5677e+01  6.4975e+00  1.5787e+01  2.3178e+01  1.0000e+00
 2.0028e-01  7.6701e-02  5.5201e-01 -4.4885e+00 -1.1911e+00 -1.7547e+01  1.8152e+01  1.0000e+00
-1.4076e-01 -7.5607e-02  7.2144e-02 -3.9591e+00  7.0551e+00 -2.6228e+00  8.5046e+00  1.0000e+00
-1.3783e-01  2.2539e-01  1.2393e-01  6.4722e+00 -1.5471e+01 -1.1795e+00  1.6812e+01  1.0000e+00
 3.8992e-01  3.1781e-01  3.4797e-01 -9.2306e+00 -8.0093e+00 -8.3268e+00  1.4788e+01  1.0000e+00
-7.8550e-01  2.7559e-02  1.7962e-01  4.7096e+00 -3.4440e+00 -1.2039e+01  1.3379e+01  1.0000e+00
 2.1098e-01 -2.9226e-01 -1.6611e-01 -6.8120e+00  1.0936e+01  6.7790e+00  1.4559e+01  1.0000e+00
-6.2029e-02  7.3894e-01  5.5986e-02  2.6712e-01 -1.5024e+01 -1.0074e+00  1.5060e+01  1.0000e+00
-4.4704e-01 -2.0648e-01 -3.4737e-01  1.2098e+01 -1.5979e+00  1.4587e+01  1.9018e+01  1.0000e+00
-2.0717e-01 -1.9780e-01 -1.0689e-02  7.9780e+00 -9.0870e-01 -6.3808e-01  8.0549e+00  1.0000e+00
-8.6487e-02  5.4231e-01  4.2065e-01  4.4912e-02 -1.2813e+01 -9.9616e+00  1.6230e+01  1.0000e+00
 1.1301e-01  5.0357e-02  3.9099e-01 -4.3389e+00 -4.7086e+00 -1.0498e+01  1.2296e+01  1.0000e+00
 4.8860e-01  2.2728e-01 -3.4419e-01  6.2357e+00  7.2879e+00  2.6642e+00  9.9546e+00  1.0000e+00
-2.5880e-02 -1.9180e-01 -6.6717e-01  1.5481e+00  1.6963e+00  1.8373e+01  1.8516e+01  1.0000e+00
 4.8823e-01  2.5129e-01  3.6971e-01 -1.7391e+01  2.7951e+00  3.9647e+00  1.8054e+01  1.0000e+00
-2.5282e-01  2.2824e-01  2.3095e-01  5.0520e-01 -3.2542e+00 -1.2670e+01  1.3091e+01  1.0000e+00
 3.2688e-01 -4.1684e-01 -3.8286e-01 -7.2377e+00  1.6169e+01  1.0628e+01  2.0658e+01  1.0000e+00
-3.1957e-01  1.0270e-01  8.4044e-02  1.6173e+01  7.2749e-01 -3.6949e+00  1.6606e+01  1.0000e+00
 4.2468e-01  2.2404e-02 -3.5240e-01 -7.5695e+00 -5.2391e+00  9.5132e+00  1.3238e+01  1.0000e+00
-6.6807e-02  1.7758e-01 -6.2464e-01  4.1594e+00 -7.0629e+00  1.3900e+01  1.6136e+01  1.0000e+00
 1.1723e-01 -5.6250e-01 -3.1524e-01  1.5165e+00  1.6704e+01  2.8408e+00  1.7012e+01  1.0000e+00
-2.4079e-02  1.0836e-01  4.0579e-01 -6.4718e+00 -8.2972e+00 -1.2848e+01  1.6607e+01  1.0000e+00
-1.9762e-01 -1.7151e-01 -4.5218e-01  4.8228e+00 -3.5772e-01  2.0058e+01  2.0633e+01  1.0000e+00
-9.9256e-01 -5.0638e-01  4.3322e-02 -5.5383e+01 -6.5676e+01  3.0602e+01  9.1198e+01  1.0000e+00
-4.7888e-02  1.7245e-02 -3.1983e-01 -5.9205e+00  1.5581e+00  9.2991e+00  1.1133e+01  1.0000e+00
 3.2631e-03  2.0106e-02 -2.5025e-01 -5.4461e-02  3.9900e+00  1.1285e+01  1.1969e+01  1.0000e+00
-1.5306e-01 -3.0117e-02  3.3255e-02  6.6853e+00 -7.5360e-01 -6.9928e+00  9.7036e+00  1.0000e+00
-2.8422e-01 -2.6295e-01 -2.3726e-01  1.3192e+01  7.0845e+00  8.3140e+00  1.7127e+01  1.0000e+00
-3.9434e-01  3.1796e-01 -1.0805e-01  8.7046e+00 -1.2622e+01  4.2363e+00  1.5907e+01  1.0000e+00
 5.2390e-01  4.0638e-01 -6.3964e-02 -1.2138e+01 -1.0390e+01  8.6645e+00  1.8175e+01  1.0000e+00
 1.2722e-01 -1.4840e-01 -3.9552e-01 -4.5800e+00  7.1555e+00  9.7033e+00  1.2897e+01  1.0000e+00
-1.9454e-01  1.4610e-01 -5.3395e-01  4.2781e+00  7.3555e+00  5.3531e+00  1.0053e+01  1.0000e+00
 5.7638e-01  2.6899e-01  4.3389e-01 -1.0666e+01 -3.9632e+00 -1.0364e+01  1.5391e+01  1.0000e+00
-8.8293e-01  2.5696e-01 -2.8056e-01  2.5816e+00  1.4123e+01  7.6472e+00  1.6267e+01  1.0000e+00
-3.0309e-02 -5.5073e-01  3.8963e-01  9.0675e+00  2.0999e+01 -7.6094e+00  2.4106e+01  1.0000e+00
-3.7759e-01  4.3912e-01  3.4442e-01  2.4253e+00 -1.1263e+01 -8.8025e+00  1.4499e+01  1.0000e+00
 3.8408e-01 -1.1580e-02 -2.8120e-01 -3.7443e+00  2.9044e+01 -1.9309e+01  3.5078e+01  1.0000e+00
 9.1267e+00 -1.1848e+01  8.5528e+00  3.8387e+02 -4.7419e+02  3.0947e+02  6.8410e+02  1.0000e+00
 4.7189e-01  2.3512e-01 -1.4220e-01 -1.0956e+01 -1.0083e+01  8.0927e+00  1.6947e+01  1.0000e+00
 1.4666e-01 -5.8251e-01 -9.4882e-02 -1.9574e+00  2.1301e+01  2.4872e+00  2.1535e+01  1.0000e+00
-9.1645e-02  2.3441e-01  5.5796e-02 -8.5394e+00 -1.1497e+01 -9.2895e+00  1.7070e+01  1.0000e+00
 1.8444e-01 -4.2931e-01  4.0592e-01 -1.5645e+01  1.3476e+01 -1.3677e+01  2.4767e+01  1.0000e+00
 1.7036e-01  3.1589e-02 -3.8620e-01 -6.1915e+00 -1.8050e+00  1.7624e+01  1.8767e+01  1.0000e+00
-5.9993e-01  3.7882e-02 -2.8533e-01  1.7581e+01 -2.3644e+00  7.4574e-01  1.7755e+01  1.0000e+00
 4.1756e-01 -1.8980e-01 -2.9159e-01 -1.0200e+01  2.6120e+00  6.7457e+00  1.2505e+01  1.0000e+00
 9.6515e-02 -6.1390e-01  8.0789e-02 -7.2044e+00  3.1520e+00  6.4048e+00  1.0142e+01  1.0000e+00
-2.9155e-01 -2.4206e-01  4.1639e-01  7.0274e+00  2.5326e+00 -1.4330e+01  1.6160e+01  1.0000e+00
 4.3709e-01 -3.0121e-01 -4.2321e-01 -1.0822e+01  7.3430e+00  1.4816e+01  1.9762e+01  1.0000e+00
-3.1680e-01  3.5892e-01  4.3021e-01 -1.7615e+01  6.4476e+00  2.1578e+01  2.8591e+01  1.0000e+00
-1.3878e-01 -2.5951e-01 -4.7666e-01 -1.1325e+00  8.4872e+00  1.0537e+01  1.3578e+01  1.0000e+00
-8.0663e-03  4.6390e-02 -3.2699e-01  1.4616e+01  1.2809e+01  1.9797e+01  2.7742e+01  1.0000e+00
-3.4845e-01 -1.4199e-01 -5.0626e-01  1.1086e+01  1.3334e+01  5.4999e+00  1.8192e+01  1.0000e+00
 1.7648e-01  2.1926e-02 -5.7490e-01 -5.9308e+00 -5.0126e+00  2.2211e+01  2.3529e+01  1.0000e+00
-5.2665e-01 -4.5805e-01  1.4304e-01  3.5968e+01 -4.9624e+00 -1.5497e+01  3.9477e+01  1.0000e+00
 1.4471e-01 -4.3018e-01  4.3605e-01 -4.9861e-01  2.0581e+01 -1.1228e+01  2.3450e+01  1.0000e+00
 2.1934e-01 -5.2253e-01 -5.2157e-02 -7.8156e+00  1.4348e+01  5.8442e+00  1.7352e+01  1.0000e+00
-2.8485e-02 -3.6323e-01  4.5519e-01 -3.9414e+00  2.0789e+00 -1.2019e+01  1.2819e+01  1.0000e+00
 1.1363e-01 -1.0124e-01  1.4978e-01  1.9690e+00  1.0117e+01 -8.6700e+00  1.3468e+01  1.0000e+00
 4.5990e-02 -1.5452e-01  1.9568e-01  1.7820e+01 -9.3944e+00 -1.0191e+00  2.0171e+01  1.0000e+00
-9.9535e-02 -2.8514e-01 -2.3448e-01  8.2903e+00  9.8375e+00  3.7700e-01  1.2870e+01  1.0000e+00
-3.6945e-02  9.4781e-02 -7.9270e-02 -1.4631e-01 -5.8461e+00  1.0218e+00  5.9366e+00  1.0000e+00
 2.8352e-01  3.0830e-01  2.8779e-01 -5.8146e+00 -1.2669e+01 -4.5492e+00  1.4663e+01  1.0000e+00
-3.4204e-01  4.2015e-01 -3.9292e-01  5.0267e+00 -1.5736e+01  1.0538e+01  1.9594e+01  1.0000e+00
-1.0711e-01  2.6833e-01  6.0457e-01 -2.3392e+00 -1.1582e+01 -1.4579e+01  1.8766e+01  1.0000e+00
 1.7375e-01 -5.1608e-01 -3.2292e-01 -1.3890e+00  2.1861e+01  6.4767e+00  2.2842e+01  1.0000e+00
 2.4487e-01  1.1605e-01 -6.2443e-02 -8.1487e+00 -9.9227e+00  3.4778e+00  1.3303e+01  1.0000e+00
 5.9303e-01 -2.4173e-01  1.0603e-01 -1.1878e+01  3.0269e+00  6.9799e+00  1.4106e+01  1.0000e+00
 1.9016e-01  1.8498e-01 -4.4403e-01  2.5139e+01  2.1736e+01  7.0879e+00  3.3980e+01  1.0000e+00
 4.0394e-01 -3.7872e-01 -4.8959e-02 -9.4407e+00  1.4444e+01  2.9209e+00  1.7501e+01  1.0000e+00
 6.3487e-01  2.3931e-01  4.4944e-01  7.1560e+00  3.2319e+01  5.2257e+00  3.3512e+01  1.0000e+00
 2.7007e-01  2.2760e-01  3.1089e-01 -5.1160e+00 -1.5744e+00 -5.1539e+00  7.4307e+00  1.0000e+00
 6.6885e-01  4.2437e-01  7.5018e-01  2.2662e+00  6.7547e+01  4.4459e+01  8.0897e+01  1.0000e+00
-2.6571e-01  2.7223e-02 -1.3411e-01  8.1248e+00 -1.9870e+01  1.3312e+01  2.5259e+01  1.0000e+00
-1.0206e-01  2.1393e-01  5.1593e-02  5.9458e+00  3.9260e+00  3.6116e+00  7.9881e+00  1.0000e+00
-2.5294e-01 -7.1657e-01 -8.6162e-01 -4.4884e+00 -2.4559e+00 -9.4532e+00  1.0749e+01  1.0000e+00
 3.6882e-01 -7.9759e-02  3.7941e-02 -1.2948e+01  5.6208e+00 -1.5569e+00  1.4201e+01  1.0000e+00
-3.9479e-01 -5.4921e-02  6.2435e-02  1.0073e+01 -2.6926e+00 -7.1602e-01  1.0451e+01  1.0000e+00
 4.2498e-01  4.6551e-01  6.1154e-02 -1.4537e+01 -1.5622e+01 -2.4101e+00  2.1475e+01  1.0000e+00
 4.3228e-01 -3.3662e-01  2.5137e-01 -1.0198e+01  7.6869e+00 -1.2916e+01  1.8163e+01  1.0000e+00
 3.9947e-03 -4.4324e-01 -1.9771e-01  4.8626e+00  1.0312e+01  6.7408e+00  1.3245e+01  1.0000e+00
-1.4907e-01  1.0983e-01 -3.0194e-01  4.8057e-01 -3.4466e+00  1.1915e+01  1.2413e+01  1.0000e+00
-1.5150e-01 -3.6213e-01  3.1631e-01  1.4801e+00  1.0907e+01 -8.2601e+00  1.3761e+01  1.0000e+00
 1.9728e-01 -4.1443e-01 -1.6661e-01 -9.7042e+00  9.4324e-01  6.7464e+00  1.1856e+01  1.0000e+00
 1.2606e-01 -3.5223e-01 -4.1903e-01 -5.0359e+00  5.9831e+00  1.4859e+01  1.6791e+01  1.0000e+00
-1.3042e-01 -2.9063e-01 -1.6473e-01  1.7978e+00  7.9597e+00  6.5368e+00  1.0456e+01  1.0000e+00
-5.2100e-01  2.4821e-01  8.4395e-02  1.5304e+01  2.7711e+00 -4.2606e+00  1.6126e+01  1.0000e+00
 5.2997e-02  2.0658e-01  4.5242e-01 -8.8368e-01 -3.8419e+00 -1.0731e+01  1.1433e+01  1.0000e+00
-2.8982e-01 -2.5804e-01 -1.4842e-01  2.0734e+01  5.3613e+00 -5.9407e+01  6.3150e+01  1.0000e+00
 3.5035e-01 -3.6263e-01  4.9170e-01 -6.3973e+00  6.5096e+00 -1.2914e+01  1.5814e+01  1.0000e+00
 5.1829e-01  4.0035e-01 -4.1164e-02 -1.1238e+01 -1.0941e+01 -1.1154e+01  1.9246e+01  1.0000e+00
-6.7416e-01 -7.7384e-02  3.1292e-01  1.2970e+01  2.4248e+00 -5.3743e+00  1.4247e+01  1.0000e+00
-5.9326e-01  2.0264e-01 -9.7604e-02  1.4700e+01 -4.2652e+00 -4.8386e-03  1.5306e+01  1.0000e+00
-1.4933e-01 -2.3168e-01 -2.4264e-02  1.1866e+01  1.3489e+01 -1.3995e-01  1.7966e+01  1.0000e+00
-6.9685e-02 -4.5858e-01  4.7122e-01  2.1876e+00  1.1240e+01 -1.8429e+01  2.1696e+01  1.0000e+00
 1.5271e-01  1.6067e-01 -2.5679e-01 -3.1580e+00 -1.3762e+01  2.5121e+00  1.4342e+01  1.0000e+00
 9.6991e-02 -6.0473e-01  1.8772e-01  9.2196e+00  9.8386e+00 -4.7219e+00  1.4286e+01  1.0000e+00
 4.7432e-01  2.8182e-01  3.5181e-03 -4.5297e+00 -1.0291e+01 -1.1994e+00  1.1308e+01  1.0000e+00
-1.7507e-02  4.4678e-01 -4.8443e-01 -8.0057e-01 -1.4515e+01  8.1725e+00  1.6677e+01  1.0000e+00
-3.6993e-01 -5.2640e-01 -2.9340e-01  1.1658e+01  1.7295e+01  2.7917e+00  2.1043e+01  1.0000e+00
-1.7899e-01 -3.5249e-01  7.5411e-02  6.0672e+00  1.3691e+01 -1.8284e+00  1.5086e+01  1.0000e+00
 1.0895e-01 -5.5250e-01  3.8760e-01 -9.7079e+00  1.7450e+01 -7.4444e+00  2.1311e+01  1.0000e+00
 1.5250e-01  3.4065e-01  5.1465e-01 -1.4280e+00 -1.0800e+01 -8.9410e+00  1.4093e+01  1.0000e+00
 4.7109e-02  4.2307e-01  2.0611e-01 -1.9532e+00 -1.9413e+01 -4.1985e+00  1.9958e+01  1.0000e+00
 2.4253e-01 -7.5616e-03 -1.6171e-02 -6.7023e+00 -5.3232e+00 -6.5645e+00  1.0787e+01  1.0000e+00
-1.6192e-01  2.2858e-01  5.1902e-01  4.2892e+00 -1.2071e+00 -1.4142e+01  1.4827e+01  1.0000e+00
-4.8119e-01  3.0869e-01 -3.0569e-01  1.3640e+01 -6.4584e+00  5.5508e+00  1.6080e+01  1.0000e+00
-3.1870e-01 -5.2376e-01  2.3353e-01  1.2043e+01  1.4620e+01 -6.4135e+00  1.9998e+01  1.0000e+00
-4.2860e-01 -1.2659e-01  8.1330e-03  1.5724e+01  5.1383e+00 -4.8262e+00  1.7232e+01  1.0000e+00
-1.5981e-01 -6.1305e-02  6.3225e-01 -4.0648e+00 -1.5123e+01  1.7378e+01  2.3392e+01  1.0000e+00
 4.2884e-01 -1.5141e-01 -4.9990e-01 -1.3098e+01 -7.2945e-02  1.6422e+01  2.1006e+01  1.0000e+00
 3.9409e-02 -1.3393e-01 -2.9189e-01 -3.2831e+00  7.0646e+00  5.0151e+00  9.2649e+00  1.0000e+00
 9.6097e-02  3.4552e-01  5.5092e-01 -1.8689e+00 -8.5413e+00 -1.6760e+01  1.8904e+01  1.0000e+00
-1.7723e-01 -2.1349e-01  1.5166e-01  5.1118e+00  6.6284e+00 -4.5259e+00  9.5157e+00  1.0000e+00
-2.3882e-01  2.1032e-01  1.4123e-01  8.2378e+00  4.7124e-01  3.0549e+00  8.7987e+00  1.0000e+00
-3.0332e-01  4.4845e-01  3.0736e-01  8.9014e-01 -1.7336e+01 -7.5982e+00  1.8949e+01  1.0000e+00
-3.2448e-01 -3.9620e-01 -3.1387e-01  5.6319e+00  1.0744e+01  9.6743e+00  1.5516e+01  1.0000e+00
-1.3677e-01  6.8744e-02  1.8965e-01  6.7351e+00 -7.0622e-01 -9.7935e+00  1.1907e+01  1.0000e+00
-1.2374e-01  2.2011e-01  6.4491e-02  3.4709e-01 -1.2935e+01  1.0855e+01  1.6890e+01  1.0000e+00
 4.5944e-01 -6.1175e-02 -3.0069e-01 -6.8911e+00 -2.1521e+01 -2.7986e-01  2.2599e+01  1.0000e+00
-1.0267e+01  1.2187e+01 -7.3608e+00 -3.7965e+02  4.7215e+02 -3.1702e+02  6.8378e+02  1.0000e+00
-3.9271e-01 -2.7724e-01 -2.6382e-01  2.7806e+01 -1.5065e+01  7.3108e+00  3.2459e+01  1.0000e+00
-4.8864e-02 -4.8109e-01  3.6101e-01  5.0864e+00  1.5878e+01 -2.5274e+00  1.6863e+01  1.0000e+00
 4.5227e-01 -4.0917e-01 -1.2968e-01 -2.5645e+01  1.1131e+01  8.7277e+00  2.9287e+01  1.0000e+00
 5.4056e-01  2.2941e-02 -2.1461e-01 -1.2808e+01 -5.8783e+00  3.4760e+00  1.4515e+01  1.0000e+00
 6.1869e-01 -4.6157e-02  6.6008e-02 -1.6465e+01  4.0553e+00 -1.4421e+01  2.2260e+01  1.0000e+00
-4.5921e-01  1.8978e-02  5.2630e-01  1.3653e+01  8.7796e-01 -1.0856e+01  1.7465e+01  1.0000e+00
-5.2199e-01  2.5106e-01 -8.5079e-03  2.0472e+01 -3.0732e+00 -9.7375e+00  2.2878e+01  1.0000e+00
-6.8484e-02  4.7099e-01 -9.6017e-02 -4.2767e+00 -1.3068e+01 -4.6906e+00  1.4528e+01  1.0000e+00
 4.5559e-02 -1.6238e-02 -1.3593e-01 -3.1840e+00  1.7647e+00 -1.5774e+00  3.9674e+00  1.0000e+00
 5.8032e-01  4.4395e-01 -7.1300e-03 -6.8892e+00 -1.5021e+01 -8.9025e+00  1.8771e+01  1.0000e+00
-2.2747e-02  1.7045e-01 -6.6773e-01  6.2703e-01 -4.7257e+00  1.8658e+01  1.9257e+01  1.0000e+00
 1.2547e-01 -6.0801e-01  1.8207e-01 -3.2777e+00  1.9236e+01 -1.4958e+01  2.4586e+01  1.0000e+00
 4.3715e-01 -2.6479e-01  5.5350e-01 -8.9265e+00  3.7606e+00 -1.3828e+01  1.6883e+01  1.0000e+00
-4.7799e-01  2.7984e-01  1.2698e-01  1.1477e+01 -5.5937e+00 -4.9936e+00  1.3709e+01  1.0000e+00
-7.1940e-01 -4.1903e-02 -1.3848e-01  1.7920e+01  1.4230e+00 -1.5052e+00  1.8040e+01  1.0000e+00
 3.5379e-01  2.0042e-01 -2.7350e-01 -1.0352e+01 -5.9930e+00  7.1145e+00  1.3918e+01  1.0000e+00
-2.3574e-01 -1.3329e-01 -3.8693e-01  8.5587e+00  1.3508e+00  1.4691e+01  1.7056e+01  1.0000e+00
-1.5277e-01 -3.7050e-01  4.0046e-01  4.8672e+00  1.1311e+01 -1.9051e+01  2.2685e+01  1.0000e+00
-2.8411e-01 -5.6088e-01 -3.2706e-01  2.1941e+01  4.2305e+00  4.8136e+00  2.2857e+01  1.0000e+00
-3.0372e-01 -4.4095e-01  2.4417e-01  9.4427e+00  9.6439e+00 -7.8989e+00  1.5638e+01  1.0000e+00
 2.1326e-01  1.4845e-01  4.8922e-01 -8.8077e+00 -2.2088e+00 -1.1145e+01  1.4376e+01  1.0000e+00
-3.7961e-01 -2.9219e-01 -2.4905e-01  8.8268e+00  8.2123e+00  1.7351e+01  2.1128e+01  1.0000e+00
 1.4214e-01  1.2961e-01 -2.6835e-01 -1.8791e+00 -1.3284e+01  1.3662e+01  1.9148e+01  1.0000e+00
 6.5411e-01  2.4875e-01  3.6291e-01 -7.3062e+00 -1.7188e+01  3.7154e-01  1.8680e+01  1.0000e+00
-6.4333e-03  4.6289e-01 -2.8833e-01 -2.8784e+00 -1.4555e+01  7.2643e+00  1.6520e+01  1.0000e+00
 1.5952e-02 -5.0012e-01  1.8704e-01  5.9395e+00  1.0474e+01  3.7909e+00  1.2624e+01  1.0000e+00
 7.1021e-01 -2.8490e-01  1.3279e-01  1.3743e+01  2.8417e+01  2.0562e+01  3.7672e+01  1.0000e+00
 4.5177e-02  5.1082e-01  4.3390e-01  1.4416e+01 -1.6196e+01 -1.0503e+01  2.4092e+01  1.0000e+00
 2.2786e-01 -5.4258e-01 -1.4706e-02 -1.1759e+01  2.0301e+01 -1.2620e+00  2.3495e+01  1.0000e+00
 4.5182e-01 -8.4488e-02  2.2670e-01 -8.0615e+00 -1.4117e+00 -8.7042e+00  1.1948e+01  1.0000e+00
 9.1211e-02 -4.9000e-01  3.9486e-01  1.8032e+00  1.1703e+01 -1.1053e+01  1.6198e+01  1.0000e+00
-2.4214e-01  2.1400e-01  1.2577e-01 -1.1485e+00 -9.0468e+00 -1.2692e+01  1.5629e+01  1.0000e+00
 5.7400e-01  8.0205e-02  1.4875e-01 -1.1362e+01 -2.9694e+00 -8.1940e+00  1.4320e+01  1.0000e+00
-3.3044e-01  1.1302e-01 -3.3885e-01  1.1538e+01 -3.4983e+00  1.3748e+01  1.8286e+01  1.0000e+00
-3.7399e-01 -5.0255e-01  2.6564e-01  7.3653e+00  1.3900e+01 -2.6514e+00  1.5953e+01  1.0000e+00
 3.3295e-01  3.1852e-02  1.2808e+00  1.1856e+01 -6.9420e+00  1.3400e+01  1.9192e+01  1.0000e+00
-1.9755e-02 -1.0925e-02 -3.3966e-01  1.1478e+01 -4.2186e+00 -7.4828e-01  1.2251e+01  1.0000e+00
 6.1862e-01 -2.7928e-01 -1.9481e-01 -2.0225e+01 -3.3218e+00  1.0531e+01  2.3043e+01  1.0000e+00
-4.0735e-01  1.6348e+00 -1.1650e+00 -4.3394e+01  4.6882e+01 -2.8354e+01  6.9892e+01  1.0000e+00
 4.5039e-01 -1.8205e-01 -5.2445e-03 -7.8104e+00  1.9555e+00 -4.9715e+00  9.4627e+00  1.0000e+00
-8.2313e-02  5.1314e-01 -1.1455e-01 -2.3321e+01 -7.1743e+00  9.9857e+00  2.6364e+01  1.0000e+00
 3.4961e-01  5.7770e-02  1.3383e-01 -7.1334e+00 -3.1589e+00 -8.1881e+00  1.1310e+01  1.0000e+00
 3.9826e-01 -1.5138e-01 -4.3427e-01 -1.0097e+01  4.8100e+00  1.3510e+01  1.7539e+01  1.0000e+00
 5.9974e-02  4.9456e-01  1.8109e-01 -2.0304e+00 -9.9469e+00 -6.9428e+00  1.2299e+01  1.0000e+00
 7.3726e-01  4.6255e-01 -1.6870e-01 -3.0281e+00  1.8040e+00 -8.0887e+00  8.8233e+00  1.0000e+00
-3.4828e-01  1.7150e-01  5.2929e-01  1.1022e+01 -4.7274e+00 -1.4545e+01  1.8852e+01  1.0000e+00
-2.6003e-01 -4.2041e-01  6.6453e-03  9.0640e+00  1.4889e+01 -1.0899e+00  1.7465e+01  1.0000e+00
-1.4805e-01  3.9411e-02  2.5067e-02  2.2319e+00 -3.2882e+00 -1.1090e+00  4.1260e+00  1.0000e+00
 5.1117e-01  1.7666e-01 -1.0363e-01 -1.2873e+01 -2.3082e+01 -8.9299e+00  2.7897e+01  1.0000e+00
-3.2135e-01 -4.4564e-01 -4.2257e-01  8.1964e+00  1.4159e+01  7.1898e-01  1.6376e+01  1.0000e+00
 2.4370e-01  2.5492e-02  3.1923e-01 -2.8626e+00  5.7379e+00 -1.8108e+01  1.9210e+01  1.0000e+00
 7.4374e-02  1.1434e-02 -3.2886e-01 -7.3940e+00 -7.8233e+00  1.4379e+01  1.7962e+01  1.0000e+00
-2.4923e-01 -4.3149e-02 -1.6932e-02  1.6701e+01 -6.7047e-01  3.2386e+00  1.7026e+01  1.0000e+00
 5.0742e-02 -2.6764e-01 -1.1113e-01  1.1544e+01  2.2346e+01  2.9835e+01  3.9023e+01  1.0000e+00
-2.7437e-01 -2.3073e-01 -3.3629e-01  1.2678e+01  1.0949e+01 -6.2807e+00  1.7890e+01  1.0000e+00
 3.6480e-01 -1.8276e-01 -6.6196e-02 -7.5083e+00  1.7462e+00  2.6798e+00  8.1612e+00  1.0000e+00
 2.4451e-01  1.0926e-01 -1.5173e-01 -9.0694e-01 -1.0513e+01 -5.1749e+00  1.1753e+01  1.0000e+00
-2.1874e-01  6.8037e-01 -9.6433e-02  3.0901e+00 -1.5758e+01  3.1098e+00  1.6357e+01  1.0000e+00
 5.2300e-01 -3.9413e-01 -1.7081e-01 -9.3962e+00  1.5643e+01 -2.4060e-01  1.8250e+01  1.0000e+00
-6.7266e-01 -5.5734e-01  8.6017e-01 -1.6060e+01 -1.2392e+00  1.2717e+01  2.0523e+01  1.0000e+00
-1.0194e-01 -1.4938e-01  4.1592e-01  3.7824e+00  2.5575e+00 -1.3028e+01  1.3805e+01  1.0000e+00
 1.1512e-01 -9.9096e-02  1.5909e-01 -5.9744e+00 -1.1430e+01 -3.4716e+00  1.3356e+01  1.0000e+00
-5.0729e-01  2.8523e-01 -3.0885e-01  7.0468e+00 -1.4181e+01  1.2754e+01  2.0333e+01  1.0000e+00
-6.0572e-01  3.1105e-01  7.8635e-02  1.9739e+01 -6.4850e+00  3.4000e+00  2.1053e+01  1.0000e+00
 4.7033e-02 -4.2454e-01  3.5496e-01 -1.4013e+01  5.7021e+00 -1.6626e+01  2.2478e+01  1.0000e+00
 4.9775e-01 -2.5780e-01 -2.5133e-01 -9.7550e+00  3.5441e+00  2.7085e+00  1.0727e+01  1.0000e+00
 1.2287e-02  1.2109e-02 -3.0680e-01 -1.1953e+01  1.5436e-02 -1.2075e+00  1.2014e+01  1.0000e+00
 1.8656e-01  2.3499e-01 -3.9402e-01 -1.4514e+01 -8.0767e+00  1.4837e+01  2.2272e+01  1.0000e+00
 1.5642e-01  1.1621e-01 -4.1806e-02 -1.5343e+00 -9.8134e+00 -4.5831e+00  1.0939e+01  1.0000e+00
 1.4429e-01 -4.6323e-01 -2.2801e-01  6.2736e+00  1.2849e+01 -1.5967e-01  1.4299e+01  1.0000e+00
 3.0569e-01 -3.8715e-01 -3.3022e-01 -7.4808e+00  9.5630e+00  8.0797e+00  1.4584e+01  1.0000e+00
-6.6864e-02  2.9807e-02  2.4663e-01 -5.6220e+00 -5.8443e+00 -1.1567e+01  1.4127e+01  1.0000e+00
 5.3293e-01  2.1001e-01 -3.0458e-01 -1.5673e+01 -5.4152e+00  1.0783e+01  1.9779e+01  1.0000e+00
-3.2839e-01 -1.8033e-01 -3.8401e-01  1.0674e+01 -4.3024e-01  1.2214e+01  1.6226e+01  1.0000e+00
 1.7363e-03 -4.9404e-01 -1.2839e-01  4.1190e+00  1.6510e+01 -1.2197e+00  1.7060e+01  1.0000e+00
 4.3899e-01 -2.3113e-01 -8.0866e-02  2.1722e+01  1.1512e+01 -2.1431e+01  3.2614e+01  1.0000e+00
-2.0954e-02 -5.5368e-01  3.7653e-01 -3.8842e+00  1.6454e+01 -1.3933e+01  2.1907e+01  1.0000e+00
-2.3450e-02 -6.0600e-01 -2.5461e-01 -7.2464e+00  1.7894e+01  8.2631e+00  2.1000e+01  1.0000e+00
-3.2108e-03 -5.2695e-01 -3.7156e-01 -2.2687e+00  1.2209e+01  1.9374e+01  2.3012e+01  1.0000e+00
 3.0043e-01 -3.6196e-01 -3.0730e-01 -7.0343e+00  1.2266e+00  9.7991e+00  1.2125e+01  1.0000e+00
 1.3186e-01 -7.1462e-02 -4.4790e-01 -3.5360e+00  2.6021e+00  1.6112e+01  1.6699e+01  1.0000e+00
-2.4501e-01  3.0978e-01  1.0607e+00 -7.3157e+00  1.2004e+01  2.9653e+01  3.2816e+01  1.0000e+00
-3.2122e-01  3.1934e-01 -4.0861e-01  6.6745e+00 -1.5536e+01  1.1463e+01  2.0428e+01  1.0000e+00
-5.1362e-01 -4.4219e-01  1.7602e-01  7.4725e+00  1.5569e+01 -1.0154e-01  1.7270e+01  1.0000e+00
 1.7813e-01 -5.4279e-02  1.3991e-01 -3.2491e+00  1.8933e+00 -1.2673e+01  1.3219e+01  1.0000e+00
 1.7065e-01  3.2877e-01  5.1576e-01 -1.1848e+01 -7.8781e+00 -1.4526e+01  2.0333e+01  1.0000e+00
-8.1434e-02 -2.6625e-02  3.5297e-01  7.7573e-01  1.6344e+00 -1.3048e+01  1.3173e+01  1.0000e+00
-1.3868e-02 -4.9961e-02 -3.5666e-01  5.1818e+00 -1.1434e+01  4.7666e+00  1.3428e+01  1.0000e+00
 4.8273e-01 -3.8710e-01 -1.5290e-01 -8.3216e+00  7.3590e+00  1.0477e+01  1.5270e+01  1.0000e+00
-1.5505e-01  1.3581e-01 -3.0423e-01  6.7768e+00 -2.3028e+01  1.0663e+01  2.6267e+01  1.0000e+00
 4.7503e-01  9.8924e-02  1.2788e-01 -1.3500e+01  1.5708e+00 -6.8898e+00  1.5238e+01  1.0000e+00
-4.4573e-02  3.3863e-01  9.6989e-02  1.5627e-01 -1.4113e+01 -2.8025e+00  1.4389e+01  1.0000e+00
-1.2029e-01 -1.7715e-01  2.7599e-01 -8.0425e-01  3.4010e+00 -7.8103e+00  8.5565e+00  1.0000e+00
-3.8040e-01 -3.6710e-01 -4.7040e-02  1.2269e+01  9.8570e+00 -6.8826e-01  1.5753e+01  1.0000e+00
-4.6232e-01 -2.1148e-01 -3.1426e-01  1.4251e+01  2.8454e+00  8.3863e+00  1.6779e+01  1.0000e+00
-2.9559e-01  3.0419e-01  2.3965e-01  4.7508e+00 -1.1427e+01 -1.5463e+01  1.9805e+01  1.0000e+00
 5.5636e-01 -2.3853e-01  1.4208e-01 -8.7620e+00  1.0114e+01 -1.6412e+01  2.1176e+01  1.0000e+00
-6.1239e-01 -6.0984e-01 -2.5311e-01 -1.1354e+01 -1.2575e+01  1.1935e+01  2.0724e+01  1.0000e+00
 1.7612e-01  1.6485e-01 -6.1756e-01 -5.9361e+00 -7.3872e+00  1.7957e+01  2.0304e+01  1.0000e+00
 4.8197e-01 -2.0820e-01 -2.2664e-02 -1.4038e+01 -1.9038e-01 -4.0512e-01  1.4045e+01  1.0000e+00
 5.4995e-01  3.5927e-01 -7.1199e-02 -1.1772e+01 -1.5141e+01  9.8701e+00  2.1570e+01  1.0000e+00
 2.2677e-01 -4.9048e-01  2.0063e-01  1.8785e+01 -4.5765e+01  7.7707e+01  9.2118e+01  1.0000e+00
-5.7861e-01 -2.2377e-01 -3.2586e-01  7.4174e+00  3.9864e+00 -5.9149e-01  8.4415e+00  1.0000e+00
-1.3962e-01 -2.3174e-01 -3.1191e-02 -5.1674e+00  5.7851e+00  5.4481e-01  7.7760e+00  1.0000e+00
-3.2837e-01 -2.9674e-01  4.3082e-01  1.2336e+01  9.5902e+00 -1.2033e+01  1.9722e+01  1.0000e+00
 4.1755e-01 -3.6707e-01  2.0691e-01 -7.4883e+00  8.6374e+00 -6.9349e+00  1.3371e+01  1.0000e+00
 2.0537e-01  2.1180e-01 -5.1993e-01 -2.4579e+00 -2.1471e+00 -2.9179e-01  3.2767e+00  1.0000e+00
 2.9090e-01 -3.9159e-01  9.4954e-02 -2.5956e+01 -2.9321e+01 -3.0164e+01  4.9430e+01  1.0000e+00
-1.1936e-01  2.5578e-01 -1.3483e-02  1.5165e+00 -1.7186e+01  9.7011e+00  1.9793e+01  1.0000e+00
 5.5667e-01 -2.1573e-01  1.5284e-01 -1.5475e+01  1.0187e+01  5.7297e-01  1.8536e+01  1.0000e+00
-2.6200e-01 -2.1474e-02 -7.2004e-02  1.1988e+01  3.0728e+00  8.4199e+00  1.4968e+01  1.0000e+00
-1.3209e-01 -6.3513e-02 -3.3365e-01  9.4853e+00 -2.0093e+00  1.7354e+01  1.9879e+01  1.0000e+00
 2.3917e-01 -2.2892e-01 -2.0285e-01 -1.1534e+01 -1.2893e+01 -6.5297e+00  1.8490e+01  1.0000e+00
 5.5563e-03 -4.7336e-01 -1.6361e-01 -9.4608e+00  1.2368e+01  7.7760e+00  1.7405e+01  1.0000e+00
-3.6410e-01  2.8813e-01  3.4954e-02  1.1066e+01 -1.4435e+01  1.7953e+00  1.8277e+01  1.0000e+00
 2.2847e-01 -3.3662e-01  5.3603e-01 -2.0905e+00  4.3292e+00 -1.6888e+01  1.7559e+01  1.0000e+00
-8.5140e-01  4.0140e-01 -1.7752e-01 -1.8684e-01 -8.9567e+00 -1.5167e+01  1.7615e+01  1.0000e+00
 2.9250e-01  5.1345e-01 -9.9096e-02 -2.9259e+00 -1.3995e+01  2.8890e+00  1.4587e+01  1.0000e+00
 1.1971e-01 -7.6589e-02  4.1240e-01 -1.4054e+01 -2.2745e+00 -1.0103e+01  1.7458e+01  1.0000e+00
 3.5532e-01 -3.6734e-01 -1.7868e-02 -2.1821e+00  1.2007e+00 -5.2674e+00  5.8265e+00  1.0000e+00
-2.0681e-02 -2.6323e-02  1.4313e-01 -3.9156e+00  5.0554e+00 -7.7378e+00  1.0038e+01  1.0000e+00
-6.1817e-01  1.0366e-01 -2.7507e-01  5.2904e+00 -8.5980e+00  1.0722e+01  1.4727e+01  1.0000e+00
 3.3248e-02 -6.2965e-01  4.1217e-01 -1.1151e+01  3.0063e+00 -1.2423e+01  1.6962e+01  1.0000e+00
 5.5473e-01  3.4692e-01  3.2892e-01 -7.8931e+00 -9.7175e+00 -8.3715e+00  1.5060e+01  1.0000e+00
-5.7048e-01 -4.3164e-01  1.7749e-01 -4.9734e+00  1.8883e+01  1.4076e+01  2.4071e+01  1.0000e+00
 4.1843e-01  5.4507e-01 -2.6074e-02 -3.5074e+00 -1.5087e+01 -8.3590e-01  1.5512e+01  1.0000e+00
 4.9575e-01  1.0286e-01  1.4657e-01 -7.6799e+00 -9.8803e+00 -1.0142e+01  1.6108e+01  1.0000e+00
-3.8571e-02  2.6800e-01  3.5394e-02 -8.7498e+00 -1.2595e+01  1.8817e-01  1.5337e+01  1.0000e+00
 3.0892e-01 -3.5843e-01  4.9413e-01 -3.5882e+00  4.2398e+00 -6.8809e+00  8.8429e+00  1.0000e+00
 1.5993e-01  1.0860e-01 -5.2829e-01  3.5882e-01 -6.9679e+00  1.7635e+01  1.8965e+01  1.0000e+00
-2.9010e-01 -4.1652e-01 -1.5417e-01  1.0839e+01  1.3556e+01  9.4347e+00  1.9755e+01  1.0000e+00
 5.8072e-01  5.3533e-01  7.8829e-02 -4.9185e+00 -1.9480e-01  8.2593e+00  9.6148e+00  1.0000e+00
 3.1670e-01 -4.7222e-01 -2.7806e-01 -7.7999e+00  1.4997e+01  8.5456e+00  1.8941e+01  1.0000e+00
-3.9033e-01  2.6888e-01  5.5081e-03 -8.9828e+00  4.3621e-01 -3.5290e+01  3.6418e+01  1.0000e+00
 1.4142e-01 -4.7333e-01 -6.5446e-02  2.6350e+00  1.6018e+01  1.9419e+00  1.6349e+01  1.0000e+00
-1.9982e-01 -2.9430e-01  1.2585e-01  1.0956e+01  9.3468e+00 -3.7112e+00  1.4872e+01  1.0000e+00
 1.7814e-01 -3.4676e-02  3.7657e-01 -1.4341e+00 -6.8186e-01 -8.9574e+00  9.0971e+00  1.0000e+00
 4.7183e-01  5.3674e-01 -8.0891e-02 -6.2375e+00 -1.5108e+01  6.3889e+00  1.7549e+01  1.0000e+00
 3.4748e-01  2.8486e-01  1.4426e-01 -8.1411e+00  9.3021e+00  6.5314e+00  1.3981e+01  1.0000e+00
-3.2348e-01  3.2228e-01 -2.6685e-01  5.6924e+00 -1.2248e+01  4.7107e+00  1.4304e+01  1.0000e+00
-1.4711e-01 -3.9998e-01 -1.7665e-01  5.0183e+00  1.4946e+01  2.6766e+00  1.5992e+01  1.0000e+00
 1.3271e-01 -6.0753e-01  2.0840e-01 -7.3261e+00  1.6258e+01  4.7616e+00  1.8458e+01  1.0000e+00
-1.8397e-01 -1.5340e-01 -1.1065e-02  3.6968e+00  8.4557e+00  1.7832e+00  9.3992e+00  1.0000e+00
-1.4318e-01  1.3478e-01 -3.0538e-01  8.3375e+00 -4.3677e+00  1.0985e+01  1.4466e+01  1.0000e+00
 1.9438e-01 -1.4095e-01 -5.5296e-01 -5.8528e+00  6.6595e+00  1.8962e+01  2.0932e+01  1.0000e+00
 5.1818e-01 -2.8135e-01 -2.7758e-01 -1.5767e+01  3.9161e+00  1.4440e+01  2.1736e+01  1.0000e+00
-1.6782e-01  2.0588e-01  3.1375e-02 -2.2851e+00 -1.5537e+01  4.5128e+00  1.6340e+01  1.0000e+00
-2.4596e-01 -2.7229e-01  3.0444e-01 -6.4087e-01  3.7281e+00 -5.7815e+00  6.9090e+00  1.0000e+00
-1.0133e-01 -8.5305e-02 -3.9523e-01 -2.0333e+00 -5.9546e+00  1.5104e+01  1.6362e+01  1.0000e+00
 1.2443e-01 -4.4854e-01 -3.4312e-01  1.0078e+01  1.6594e+01  1.0374e+01  2.2013e+01  1.0000e+00
 1.7410e-01  2.1995e-01 -3.9295e-01  4.7419e+00 -1.5327e+01  8.6402e+00  1.8222e+01  1.0000e+00
-4.8128e-01 -4.4925e-01  2.1302e-01  1.2494e+01  9.6387e+00 -9.6895e+00  1.8517e+01  1.0000e+00
-1.6608e-01  1.4993e-01 -2.2791e-02 -5.0202e-01 -6.7343e+00 -1.1198e+00  6.8452e+00  1.0000e+00
-1.0263e-02 -4.5975e-01 -3.8202e-01  2.8790e+00  1.8964e+01  9.8983e+00  2.1585e+01  1.0000e+00
-1.2431e-01  1.3221e-01  4.7783e-01  4.7315e+00  6.4826e+00 -1.4519e+01  1.6589e+01  1.0000e+00
 4.3753e-01  3.3291e-01 -5.1769e-01 -9.3114e+00 -9.0906e+00  1.0513e+01  1.6729e+01  1.0000e+00
 1.9039e-01 -5.1150e-01 -2.4893e-02 -3.1429e+00  1.8270e+01 -2.8665e+00  1.8758e+01  1.0000e+00
-4.3207e-01  2.8064e-01  4.8349e-01  1.0638e+01 -9.7949e+00 -1.0974e+01  1.8153e+01  1.0000e+00
-3.6583e-01  1.0992e-02 -6.1269e-01  7.7683e+00 -2.8908e+00  1.5854e+01  1.7890e+01  1.0000e+00
 5.7700e-01 -1.1465e-01  3.5517e-02 -1.2053e+01 -2.0181e+00 -4.8763e+00  1.3158e+01  1.0000e+00
 2.1186e-02  7.2898e-01  3.2649e-01  6.4090e-02 -1.3294e+01 -4.5537e+00  1.4052e+01  1.0000e+00
-7.9734e-02 -3.1659e-01 -2.1083e-01  3.5132e+00 -5.9579e+00  1.6704e+01  1.8080e+01  1.0000e+00
-1.4366e-01 -3.0728e-01  3.3507e-01 -4.0046e+00  4.5897e+00 -1.6818e+01  1.7887e+01  1.0000e+00
-4.2679e-01  3.7808e-01 -3.3846e-01  8.6172e+00 -1.3253e+01  1.0773e+01  1.9130e+01  1.0000e+00
 3.5311e-01 -1.1030e-01 -4.0011e-01 -8.9686e+00  1.5422e+00  9.4534e+00  1.3122e+01  1.0000e+00
 3.3235e-01 -1.3031e-01  5.1563e-01 -4.4314e+00 -5.1542e-01 -1.2645e+01  1.3409e+01  1.0000e+00
-4.2050e-01  1.7776e-01 -5.3593e-01  9.5324e+00 -4.3875e+00  1.4804e+01  1.8146e+01  1.0000e+00
-5.3971e-01 -2.4276e-01  1.2208e+00 -1.3293e-01  5.0313e+00  3.8519e+01  3.8847e+01  1.0000e+00
-3.3054e-01  5.6550e-02  6.0780e-01  7.7763e+00  2.8627e+00 -1.7857e+01  1.9686e+01  1.0000e+00
-4.4323e-02 -1.3715e-02 -3.2237e-01  1.0077e+01  3.2392e+00  1.7088e+01  2.0101e+01  1.0000e+00
-3.6681e-01 -4.3293e-01 -3.5733e-01  1.2029e+01  1.6933e+00  1.1446e+01  1.6691e+01  1.0000e+00
-1.1281e-02 -1.3726e-03 -3.1342e-01 -2.9919e+00 -2.0646e+00  1.5665e+01  1.6081e+01  1.0000e+00
-1.5993e-01 -6.5637e-01 -4.3389e-01 -5.3449e+00  5.3795e+00  5.2808e+00  9.2409e+00  1.0000e+00
 7.1437e-02 -4.3397e-01  3.7806e-01  3.1094e-01  2.7756e+00 -1.1971e+00  3.0387e+00  1.0000e+00
 1.0443e-01 -4.5651e-01 -4.2670e-01 -3.8009e+00  8.2460e+00  1.3230e+01  1.6046e+01  1.0000e+00
 2.6431e-01 -9.9619e-02 -4.5213e-01 -8.6295e+00  3.9260e+00  1.2206e+01  1.5455e+01  1.0000e+00
-2.3156e-01  2.1102e-01  2.8096e-02  3.1951e+00 -1.1959e+01 -9.2986e+00  1.5482e+01  1.0000e+00
-3.4810e-01 -1.8135e-01 -6.0506e-01  8.8601e+00  1.3163e+00  1.7067e+01  1.9275e+01  1.0000e+00
-1.6504e-01  2.3134e-01  3.5105e-01  3.0424e+00 -7.9414e+00 -1.3974e+01  1.6359e+01  1.0000e+00
-1.6643e-01  1.3231e-01  5.0613e-01 -3.0170e+00 -6.1611e+00 -1.5116e+01  1.6599e+01  1.0000e+00
-2.9414e-01  2.1856e-01  1.6517e-01  1.7330e+01 -2.5376e+00 -1.6849e+01  2.4304e+01  1.0000e+00
 1.5982e+00 -1.1829e+00  5.9093e-01  2.7438e+01 -5.2811e+01  3.3891e+01  6.8487e+01  1.0000e+00
 1.3336e-02  4.8085e-01 -7.7159e-01  2.4896e+00 -1.5222e+00 -2.3023e+01  2.3207e+01  1.0000e+00
-4.2715e-01  2.0453e-01  4.6658e-01  1.4522e+01 -2.9258e+00 -8.9962e+00  1.7331e+01  1.0000e+00
-5.0396e-01  1.2005e-01  3.7333e-01  2.2844e+01  2.1330e+00 -3.1206e-01  2.2946e+01  1.0000e+00
 7.7417e-02  7.8762e-01 -1.0390e-01 -2.1308e+00 -1.3460e+01  2.3526e+00  1.3830e+01  1.0000e+00
 4.5717e-01  5.2061e-01  3.2920e-01 -6.4411e+00 -1.2534e+01 -6.8517e+00  1.5669e+01  1.0000e+00
 2.5611e-01  1.2476e-01 -4.9706e-01 -6.9291e+00 -9.4090e+00  1.1845e+01  1.6638e+01  1.0000e+00
 5.8952e-01  6.4614e-02  5.5405e-01 -9.1119e+00 -2.9984e-01 -1.0472e+01  1.3884e+01  1.0000e+00
-5.0771e-02 -1.3052e-03  2.3209e-01  4.3679e+00 -2.0687e+00 -7.2767e+00  8.7355e+00  1.0000e+00
-1.5767e-01 -2.8924e-01 -4.6782e-01 -6.3742e-01  1.4000e+00  1.5755e+01  1.5830e+01  1.0000e+00
-3.2872e-01  1.5174e-01 -3.4521e-01  1.3950e+01 -9.3263e-01  1.4765e+01  2.0334e+01  1.0000e+00
 4.9973e-01  4.3818e-01 -5.1134e-01 -1.5863e+01  5.9409e+00 -5.6424e+00  1.7854e+01  1.0000e+00
-9.0921e-02 -7.2734e-02  4.0904e-02  4.0691e+00  5.0402e+00 -8.0428e+00  1.0327e+01  1.0000e+00
