# limit = 0.906699
#
# x           y           z           vx          vy          vz          s           m
 5.3780e-01 -4.4493e-01 -9.9554e-01  7.4778e+00 -1.1389e+01 -1.2043e+01  1.8184e+01  1.0000e+00
-5.8483e-02  2.1224e-01 -1.2777e-01  9.5652e+00 -3.1922e+01  1.6528e+01  3.7198e+01  1.0000e+00
-2.5569e-01  8.8321e-02 -1.5483e-01  1.7752e+01 -2.4154e+01  1.6616e+01  3.4273e+01  1.0000e+00
-2.6189e-01 -8.7386e-02 -1.5673e-01  3.3795e+01  6.3360e+00  1.4740e+01  3.7410e+01  1.0000e+00
 7.5322e-02 -2.5740e-01 -3.4798e-01  1.0656e+01  1.4263e+01  2.7561e+01  3.2812e+01  1.0000e+00
-2.7336e-02  1.7944e-01 -3.1093e-01  2.1020e-01 -2.2730e+01  1.6698e+01  2.8205e+01  1.0000e+00
-1.2226e-01  4.3843e-02  2.7732e-01  1.6791e+01 -5.9894e-02 -2.1078e+01  2.6948e+01  1.0000e+00
-1.4910e-01 -1.4460e-01 -1.6521e-01  1.7295e+01  4.2165e+01  1.4813e+01  4.7921e+01  1.0000e+00
-1.2310e+00  7.9045e-01  1.6813e+00 -4.6405e+01  3.3988e+01  1.0612e+02  1.2070e+02  1.0000e+00
-6.8610e-02 -1.1082e-01 -6.0213e-02  1.4312e+01  1.0568e+01 -9.9437e-01  1.7818e+01  1.0000e+00
-1.1327e-01  4.8470e-02  3.0758e-02 -1.6271e+01 -2.8379e+01 -8.5017e+00  3.3800e+01  1.0000e+00
 2.5402e-01 -2.0856e-01  7.6295e-03 -1.9133e+01  2.5486e+01  4.2499e+00  3.2150e+01  1.0000e+00
 1.9698e-01 -2.4981e-01  3.7617e-02 -3.2801e+01 -2.5148e-01 -2.1005e+01  3.8951e+01  1.0000e+00
 1.3639e-01 -2.2642e-01 -1.5844e-01  5.6426e+00  2.4933e+01  2.6879e+01  3.7094e+01  1.0000e+00
 2.2444e-01 -1.9193e-01 -7.1950e-02 -4.6934e+01  1.2087e+01 -7.3004e+00  4.9012e+01  1.0000e+00
 8.1307e-02 -2.0523e-01  2.5922e-01  1.7468e+01  4.2278e+01 -1.3707e+01  4.7754e+01  1.0000e+00
-1.2088e-01  1.3883e-01  8.7794e-02  1.1055e-01 -3.1264e+00  5.4748e+00  6.3055e+00  1.0000e+00
 1.8311e-01  1.3255e-01  1.1054e-02 -2.3971e+01 -2.1473e+01 -3.3458e-01  3.2184e+01  1.0000e+00
-1.4476e-01 -5.0692e-02 -1.3690e-01 -1.1550e+00 -1.0550e+01  1.7012e+01  2.0051e+01  1.0000e+00
 1.0980e+00  1.3859e+00 -7.9781e-01  7.5086e+01  6.0601e+01 -2.6047e+01  9.9944e+01  1.0000e+00
 1.7101e-01 -9.7497e-02 -1.1472e-01 -2.4624e+01 -2.0131e+01  1.0318e+01  3.3437e+01  1.0000e+00
 1.0415e-01 -1.2789e-01 -4.8535e-02 -3.3972e+00  1.3387e+01 -4.9711e+00  1.4679e+01  1.0000e+00
 7.4475e-02 -3.5893e-02 -9.5671e-02 -2.1908e+01 -3.0007e+01  3.3433e+01  4.9982e+01  1.0000e+00
 2.4280e-01 -1.8950e-01  3.2166e-01 -2.4256e+01  5.6690e+00 -2.7618e+01  3.7192e+01  1.0000e+00
 8.6366e-02 -3.5259e-01  2.3436e-01 -1.4117e+01  1.7162e+01 -2.3030e+01  3.2003e+01  1.0000e+00
 6.5331e-02  3.1511e-02  6.0301e-01  1.4470e+01 -1.6685e+01 -8.7536e+00  2.3758e+01  1.0000e+00
-3.3729e-01  1.2014e-01 -1.3006e-01  3.4579e+01  1.8374e+01  1.2437e+01  4.1085e+01  1.0000e+00
 2.1887e-01  2.3456e-02 -2.1103e-01 -2.8982e+01 -1.2666e+01  2.7984e+01  4.2231e+01  1.0000e+00
-7.7184e-02  1.2499e-01  1.0547e-01  1.7981e+01 -3.4359e+01 -2.5329e+01  4.6319e+01  1.0000e+00
-1.3971e-01  5.7455e-02  1.1710e-01  1.2331e+01 -2.5146e+01 -9.2935e+00  2.9509e+01  1.0000e+00
 1.5127e-01 -1.2438e-01 -1.2921e-01 -1.1451e+01  1.9334e+01  6.1709e+00  2.3303e+01  1.0000e+00
-2.7806e-02 -5.3067e-03 -1.4956e-01  1.1456e+01  1.0811e+01  3.5491e+01  3.8829e+01  1.0000e+00
 1.1747e-01  1.3689e-01  2.9713e-02 -1.0174e+01 -2.8084e+01 -3.5495e+00  3.0080e+01  1.0000e+00
 2.1796e-02 -1.9392e-01 -1.7412e-01 -2.2741e+01  2.8427e+01  1.3251e+01  3.8741e+01  1.0000e+00
 1.5774e-02 -1.2024e-01 -1.7720e-01 -1.4983e+01 -5.0281e+00  2.2808e+01  2.7748e+01  1.0000e+00
-2.2254e-01  3.2113e-02 -1.6361e-01  3.5105e+01 -5.6064e+00  1.9196e+01  4.0402e+01  1.0000e+00
 1.2757e+00  3.2855e-01 -5.0123e-01  1.0852e+01  5.8785e-01 -4.0147e+00  1.1585e+01  1.0000e+00
-3.7438e-01  6.9765e-01 -1.4116e+00 -2.9404e+01  5.6379e+01 -7.0547e+01  9.4974e+01  1.0000e+00
-1.5256e-01 -1.3121e-01  2.6423e-01  2.5343e+01  8.8200e+00 -2.6247e+01  3.7536e+01  1.0000e+00
-2.4310e-01  1.2866e-01 -1.9085e-01  2.9451e+01 -1.7067e+01  9.3189e+00  3.5291e+01  1.0000e+00
-2.3415e-02 -9.6534e-02  1.8153e-01 -1.4271e+01 -9.5216e+00  1.3009e+00  1.7205e+01  1.0000e+00
-1.3654e-01 -1.5171e-01 -1.7838e-01  1.2503e+01  1.8720e+01  4.0942e+01  4.6722e+01  1.0000e+00
 2.2491e-02 -2.1235e-01  2.1030e-01  4.8690e+00  3.4363e+01 -3.2364e+01  4.7455e+01  1.0000e+00
 3.8299e-02  1.2288e-01 -3.5816e-01 -3.2322e+00 -1.9087e+01  2.8569e+01  3.4511e+01  1.0000e+00
-4.4180e-01 -2.5405e-01  1.6548e-02  2.6344e+01  9.6194e+00 -3.4728e+00  2.8259e+01  1.0000e+00
 2.1425e-01  4.0109e-01  7.8700e-02 -2.6083e+01 -1.0325e+01 -1.3841e+01  3.1281e+01  1.0000e+00
-2.9461e-03 -5.6075e-02 -1.9125e-01 -4.7760e+00  5.4302e+00  6.2724e+00  9.5728e+00  1.0000e+00
 7.7866e-02  6.6240e-02  2.4355e-01 -1.1578e+01 -1.0289e+01 -2.6419e+01  3.0625e+01  1.0000e+00
-2.2283e-01 -6.9899e-02  7.5488e-02 -6.5010e+00  6.8829e+00 -1.5701e+01  1.8335e+01  1.0000e+00
 2.7525e-01 -1.4298e-01 -3.9798e-02 -3.6778e+01  8.1975e+00 -1.4686e+01  4.0441e+01  1.0000e+00
-8.7169e-02  6.6774e-02  8.2486e-02  9.7986e+00 -1.2676e+01 -1.9410e+01  2.5168e+01  1.0000e+00
-1.1473e-01  4.4045e-02  4.3541e-02  6.4645e+00 -2.2450e+01 -1.5501e+01  2.8037e+01  1.0000e+00
 2.5113e-01 -8.4252e-02 -2.4593e-01 -8.7105e+00  2.5912e+01  3.4521e+00  2.7554e+01  1.0000e+00
-2.7214e-01  1.1192e-01 -8.3962e-02  3.2745e+01 -8.3314e+00  1.0532e-01  3.3788e+01  1.0000e+00
 1.5418e-01 -1.3176e-01 -4.7493e-02 -3.8670e+01  1.1442e+01 -2.2068e+01  4.5971e+01  1.0000e+00
 2.2464e-01 -1.8658e-01 -5.1400e-02 -2.4338e+01  2.1867e+01 -4.1008e+00  3.2974e+01  1.0000e+00
 5.7727e-02 -4.3781e-02 -1.7359e-01 -1.7027e+01  1.2178e+01  5.0811e+01  5.4954e+01  1.0000e+00
-1.7532e-02 -2.3134e-01  1.5080e-01 -6.9813e+00 -2.2277e+00 -1.6525e+01  1.8077e+01  1.0000e+00
-7.6525e-02  1.4841e-02  6.3674e-03  3.6638e+01 -1.3395e+01  1.1093e+01  4.0556e+01  1.0000e+00
-2.6952e-01 -1.8997e-01 -2.5812e-01  2.8923e+01  1.9899e+01  3.4297e-01  3.5109e+01  1.0000e+00
 6.0774e-02 -5.5012e-02 -3.6184e-02 -1.5282e+01 -2.4657e+01  2.7919e+00  2.9143e+01  1.0000e+00
 8.9041e-02 -2.5200e-01 -7.0154e-02 -5.6651e+00  2.4676e+01 -1.4875e+01  2.9364e+01  1.0000e+00
 2.2853e-01 -1.6421e-01 -7.3155e-02 -3.3779e+01  2.0931e+01 -1.1739e+01  4.1436e+01  1.0000e+00
-5.6493e-02 -3.1755e-02 -2.9073e-02  1.9131e+01 -1.9748e+01 -1.8657e+01  3.3228e+01  1.0000e+00
-2.6923e-01  1.1891e-01 -1.0824e-01  3.4520e+01 -1.8822e+01  1.5100e+01  4.2118e+01  1.0000e+00
 6.5032e-02 -2.6741e-01  1.3315e-01  9.3162e+00  2.9031e+01 -1.7796e+01  3.5303e+01  1.0000e+00
 1.1516e-01  9.3980e-03 -6.7956e-02 -2.1819e+01 -1.5380e+01 -1.1063e+01  2.8896e+01  1.0000e+00
-2.4976e-01  1.3183e-01  1.1155e-02  3.2535e+01 -2.0354e+01 -1.3105e+01  4.0553e+01  1.0000e+00
 1.1548e-01 -3.8758e-02 -2.5540e-01  7.1220e+00  3.4352e+00  1.7021e+01  1.8768e+01  1.0000e+00
 8.1873e-02  5.8823e-02 -3.7477e-02  5.1154e+00 -4.3563e+01  8.3406e+00  4.4649e+01  1.0000e+00
-3.6132e-01 -2.2826e-01 -1.5870e-01  1.9918e+01  1.5991e+01  1.0205e+01  2.7506e+01  1.0000e+00
-1.2293e-01  7.4046e-02  2.2592e-01  5.4464e+00 -3.7342e+00 -2.9105e+01  2.9844e+01  1.0000e+00
 4.6145e-03 -4.8273e-02 -9.7123e-02 -8.2148e-01 -1.5436e+01  1.3665e+01  2.0632e+01  1.0000e+00
 8.8594e-02  2.2309e-01  1.2555e-01 -7.3049e+00 -2.6695e+01 -1.2567e+01  3.0396e+01  1.0000e+00
 2.0940e-01 -1.4396e-01 -2.4197e-02 -2.7399e+01  4.4443e+00 -3.0637e+00  2.7925e+01  1.0000e+00
-5.1423e-02 -3.3499e-02 -1.1419e-01  6.9321e+00  6.7408e+00  2.8854e+01  3.0431e+01  1.0000e+00
 5.9179e-02 -1.2658e-01  1.0977e-01 -1.0841e+01 -2.6584e+00 -9.3648e+00  1.4570e+01  1.0000e+00
 8.4580e-03 -2.2037e-01  1.7658e-01 -6.6057e+00  3.7075e+01  2.7789e+00  3.7762e+01  1.0000e+00
-2.4146e-01  2.9196e-01  6.3760e-02  1.5113e+01 -3.1553e+01 -2.9138e+00  3.5107e+01  1.0000e+00
 3.1124e-01  1.6092e-01  3.9385e-02 -2.2944e+01 -1.1511e+01  4.7424e+00  2.6104e+01  1.0000e+00
 5.7070e-02  8.9558e-03 -9.3321e-02  2.2533e+01  1.0552e+01  3.5285e+01  4.3176e+01  1.0000e+00
-1.9761e-02 -1.7710e-01  1.4860e-01  9.6351e+00  1.3992e+01 -2.8668e+01  3.3324e+01  1.0000e+00
-2.8743e-01  2.9241e-01  6.7601e-01  2.2724e+00 -2.9382e+00 -1.2826e+01  1.3353e+01  1.0000e+00
-1.6646e-01  1.1602e-01  1.8633e-02  1.0219e+01 -2.3337e+01 -2.8462e+01  3.8199e+01  1.0000e+00
-3.5254e-02  1.9950e-02  2.3198e-01  6.6143e+00 -7.3789e+00 -3.6466e+01  3.7788e+01  1.0000e+00
 2.5298e-01 -2.3809e-02  6.1433e-02 -2.5180e+01 -5.1140e+00 -1.0068e+01  2.7596e+01  1.0000e+00
 1.4868e-01 -2.4891e-01  2.3879e-01 -1.3581e+01  1.5658e+01 -2.5840e+01  3.3126e+01  1.0000e+00
-2.9291e-01  3.3147e-01 -4.0663e-01  5.2171e+00 -7.9341e+00  1.0795e+01  1.4377e+01  1.0000e+00
-1.8707e-01 -1.3131e-01 -1.9073e-01  2.1538e+01  2.9680e+01  1.4667e+01  3.9496e+01  1.0000e+00
-1.5496e-01 -1.5062e-01 -2.0062e-01  3.2162e+01  9.3896e+00  1.7870e+01  3.7972e+01  1.0000e+00
-3.5205e-01  3.6197e-01 -1.0125e-01  8.4032e+00 -5.9634e+00 -3.0440e+00  1.0744e+01  1.0000e+00
-1.0157e-01 -2.7713e-01 -1.8952e-01  1.1153e+01  3.3654e+01  2.1195e+01  4.1306e+01  1.0000e+00
-2.3888e-02  1.1359e-02 -3.5249e-02  1.2186e+01  3.0865e+00 -9.8892e+00  1.5994e+01  1.0000e+00
 8.7253e-02 -3.5246e-02 -1.6540e-01 -1.2535e+01 -1.8563e+01  5.0741e+01  5.5465e+01  1.0000e+00
-8.9256e-02 -2.4060e-01  1.2711e-01  2.3886e+01  9.4682e+00 -1.5532e+01  3.0024e+01  1.0000e+00
 2.3946e-01 -6.8689e-02 -1.3935e-01 -4.3321e+01 -1.1430e+01  4.2212e+00  4.5002e+01  1.0000e+00
 6.9830e-02  1.2734e-02 -2.1472e-01 -9.0081e+00 -2.3165e+01  1.0761e+01  2.7084e+01  1.0000e+00
 8.9995e-02  1.4176e-01  2.6282e-01  1.4715e+00 -2.0023e+01 -3.0793e+01  3.6760e+01  1.0000e+00
 4.8701e-02 -2.9361e-01 -1.1758e+00  3.6506e+00 -7.8392e+00 -3.5268e+01  3.6313e+01  1.0000e+00
 3.0213e-01 -4.3535e-01  2.9902e-01 -2.7432e+01 -2.6517e+00  8.3634e+00  2.8801e+01  1.0000e+00
-9.2385e-02  5.1813e-02  2.9035e-02  8.7236e+00 -4.0441e+01 -8.8418e+00  4.2306e+01  1.0000e+00
-2.8861e-02 -1.2637e-01 -1.4483e-01  2.6800e+01 -6.4143e-01  3.8125e+01  4.6607e+01  1.0000e+00
-2.6405e-01  1.5532e-02 -1.5963e-01  1.3359e+01 -5.2616e+00  1.9558e+01  2.4262e+01  1.0000e+00
-3.1507e-01  3.1762e-02 -1.2890e-01  2.7298e+01 -4.0348e+00  1.8439e+01  3.3188e+01  1.0000e+00
-2.5356e-01  1.4044e-01 -1.8356e-01  2.6169e+00 -2.8839e+01  2.5901e+01  3.8851e+01  1.0000e+00
 5.1965e-02 -2.1490e-01  1.6357e-01  5.7044e+00  3.1732e+00 -1.9492e+01  2.0556e+01  1.0000e+00
-2.6121e-01 -2.3894e-02 -1.9283e-01  2.6190e+01 -6.3986e+00  1.0537e+01  2.8946e+01  1.0000e+00
 2.0215e-01 -1.2658e-01  1.0186e-01 -2.8667e+01 -5.2899e+00 -1.6003e+01  3.3255e+01  1.0000e+00
 1.3144e-01 -7.9764e-01  4.2605e-01 -1.2734e+01 -3.0215e+00  8.9737e+00  1.5869e+01  1.0000e+00
 3.5622e-01  1.2298e-01 -1.7218e-02 -1.8094e+01 -2.4756e+01  4.0249e-01  3.0666e+01  1.0000e+00
-7.3720e-02 -2.5248e-01  2.4670e-01  1.3483e+01  1.6836e+01 -3.5014e+01  4.1125e+01  1.0000e+00
-1.0661e-01  2.0513e-01 -3.5756e-01  8.2396e+00 -2.0759e+01  2.2442e+01  3.1662e+01  1.0000e+00
-2.6344e-01  1.6653e-02 -2.4417e-01  3.3201e+01 -3.0975e+00  1.0317e+01  3.4904e+01  1.0000e+00
-1.4910e-01  4.8686e-02  2.2774e-01  7.9118e+00  8.3476e-01 -3.4519e+01  3.5424e+01  1.0000e+00
-3.0647e-01  2.2669e-02 -8.5372e-02  2.7732e+01 -4.0607e+00  1.2029e+01  3.0499e+01  1.0000e+00
-2.7859e-01  1.1678e-01 -2.3560e-02  4.0139e+01 -1.5428e+01 -7.2947e+00  4.3616e+01  1.0000e+00
 2.8250e-02 -1.5308e-01 -1.2235e-01 -3.9971e+00  1.6700e+01  6.0588e-01  1.7182e+01  1.0000e+00
 1.1653e-01 -5.6046e-02 -1.9958e-01 -2.5332e+01 -2.7092e+01  3.7893e+01  5.3025e+01  1.0000e+00
-5.7180e-03 -2.5917e-01  1.5042e-01  3.2995e+00  1.3752e+01 -1.4002e+01  1.9901e+01  1.0000e+00
-1.0306e-01  5.2389e-02 -2.5808e-03  1.8866e+01 -2.4264e+01 -1.0386e+01  3.2443e+01  1.0000e+00
-1.2741e-02  4.9032e-04  3.5366e-02  1.5075e+01 -3.9864e+00 -9.7749e-01  1.5624e+01  1.0000e+00
-3.6282e-02 -1.1731e-01 -8.6808e-02 -3.1918e+00 -8.6699e+00 -3.5795e+01  3.6968e+01  1.0000e+00
 1.8544e-01 -9.2518e-02 -3.9541e-02 -2.0583e+01 -1.4659e+00 -9.2515e+00  2.2615e+01  1.0000e+00
 8.1898e-02 -7.4723e-03 -6.1906e-02  1.2054e+01 -1.9524e+01 -6.1470e+00  2.3754e+01  1.0000e+00
 5.9146e-02 -9.2398e-02 -6.6893e-02 -2.9693e+01 -2.5476e+01 -3.9463e+00  3.9323e+01  1.0000e+00
 1.2425e-01 -3.0483e-01  1.1790e-01 -1.1709e+01  3.9263e+01 -1.7740e+01  4.4647e+01  1.0000e+00
 1.0643e-01  1.7710e-01  2.0511e-01 -3.6286e+01 -1.5153e+01 -2.7323e+01  4.7883e+01  1.0000e+00
 8.3890e-02 -1.1768e-01 -2.8756e-01 -7.6657e+00  7.0588e+00  4.2806e+01  4.4056e+01  1.0000e+00
-2.0096e-01  2.6766e-01 -3.9016e-02  1.3994e+01 -1.6742e+01 -1.4768e+01  2.6348e+01  1.0000e+00
-4.8224e-01 -1.0646e-01  1.0411e-01 -1.3712e+01 -9.8305e+00  5.7765e+00  1.7834e+01  1.0000e+00
-1.4994e-01 -6.9026e-02  2.6505e-01  2.6147e+01  5.1660e+00 -2.0497e+01  3.3623e+01  1.0000e+00
-2.3107e-01 -2.7830e-01  4.1092e-02  6.8616e+00  3.3504e+01 -1.4054e+01  3.6975e+01  1.0000e+00
 1.2025e-01 -1.0166e-01 -8.7586e-02 -3.3824e+01  2.4608e+01 -5.2353e+00  4.2154e+01  1.0000e+00
 2.4272e-02 -8.0705e-02 -1.3713e-01 -3.8348e+00 -5.4653e+00 -1.7454e+00  6.9008e+00  1.0000e+00
 6.7934e-02 -4.2822e-02 -1.0376e-01 -1.5175e+01 -4.1973e+00 -3.2053e+01  3.5711e+01  1.0000e+00
 1.5245e-01 -1.1275e-01 -2.5624e-01 -8.4287e+00 -3.6640e+01  1.6177e+01  4.0929e+01  1.0000e+00
-1.0572e-01 -1.3459e-01  1.2053e-01 -9.4222e-01  5.9179e+00 -1.8881e+01  1.9810e+01  1.0000e+00
-9.0550e-03  2.4888e-02  2.3338e-01  7.0369e+00 -2.0651e+01 -3.5794e+01  4.1918e+01  1.0000e+00
-1.3370e-01  9.3760e-02  2.8854e-01  3.1835e+00 -7.3155e+00 -4.4524e+01  4.5233e+01  1.0000e+00
 5.0403e-02 -1.6918e-01 -5.1631e-01 -2.5266e+00  2.1433e+01  1.8274e+01  2.8279e+01  1.0000e+00
-2.5972e-01  7.0311e-02  6.9068e-04  2.1729e+01 -2.4855e+01 -1.0630e+00  3.3031e+01  1.0000e+00
 1.8887e-01  3.3954e-03 -9.8371e-02 -3.8689e+01 -1.3004e+01  9.2535e+00  4.1852e+01  1.0000e+00
-4.1114e-01 -5.6846e-01 -3.9318e-01 -4.8602e+01  4.3922e+00 -1.6171e+01  5.1410e+01  1.0000e+00
 3.2752e-02 -5.8798e-02 -1.9297e-01  6.3466e-01  1.5532e+01  4.6906e+01  4.9415e+01  1.0000e+00
-2.4111e-01  1.0334e-01  2.4695e-02  3.3524e+01 -1.2201e+01 -3.9652e+00  3.5895e+01  1.0000e+00
 1.9195e-01 -1.0520e-01 -1.4988e-01 -2.9561e+01 -1.3305e+01  2.1156e+01  3.8709e+01  1.0000e+00
 1.7710e-01 -2.0109e+00 -1.5572e+00 -1.5132e+01 -4.6685e+01 -5.4043e+01  7.3001e+01  1.0000e+00
-1.6594e-01  1.1117e-01  4.8576e-02  3.8360e+01 -2.8919e+01 -1.4670e+01  5.0229e+01  1.0000e+00
-3.5877e-01 -1.6751e-01 -4.0748e-02 -9.5444e+00 -2.6415e+00  1.0334e+01  1.4313e+01  1.0000e+00
 7.1717e-02  2.2085e-01  9.8408e-02 -9.4485e+00 -3.2896e+01 -1.7715e+00  3.4272e+01  1.0000e+00
-1.8389e-02 -8.5059e-02 -1.3308e-01 -7.5977e+00 -1.4884e+01  3.9913e+01  4.3270e+01  1.0000e+00
 6.9769e-02  2.0058e-01  1.4842e-01 -1.1660e+01 -2.7493e+01 -1.9011e+01  3.5401e+01  1.0000e+00
 4.6645e-02 -2.8629e-01 -3.4143e-02  1.7098e+00  3.1841e+01  2.7303e+01  4.1979e+01  1.0000e+00
 1.1174e-01 -1.3362e-01 -6.8482e-02 -3.0400e+01  2.9808e+01 -9.9751e+00  4.3728e+01  1.0000e+00
 2.4720e-01 -1.4882e-01  2.8612e-01 -1.0471e+01 -1.4187e+00 -2.3233e+01  2.5523e+01  1.0000e+00
 1.2866e-01 -2.1567e-01 -1.4753e-01 -1.4984e+01  3.7807e+01  2.1524e+01  4.6012e+01  1.0000e+00
 2.5869e-01 -1.3058e-01 -7.0695e-02 -1.6778e+01  3.3168e+01 -5.0117e+00  3.7507e+01  1.0000e+00
 1.9881e-01 -1.5631e-01 -1.5748e-01 -2.9813e+01  3.7307e-01  1.8498e+01  3.5088e+01  1.0000e+00
-1.5560e-01 -1.1028e-01 -6.2034e-02  1.5915e+01  1.7036e+01  2.6524e+01  3.5313e+01  1.0000e+00
-6.6801e-02  4.7173e-02 -1.1182e-02  7.1599e+00 -4.1911e+01 -1.8313e+01  4.6294e+01  1.0000e+00
-9.2339e-02 -1.1065e-01 -1.6970e-01  1.9475e+01  2.3006e+01  3.2183e+01  4.4094e+01  1.0000e+00
 2.8341e-01 -8.1891e-02 -1.9646e-01 -4.0426e+01  9.4277e+00  1.1409e+01  4.3050e+01  1.0000e+00
-1.3502e-01  1.0621e-02  4.8831e-02  3.2693e+01 -4.4163e+01 -9.8416e+00  5.5822e+01  1.0000e+00
-4.4988e-02 -7.5302e-02 -1.8932e-01  3.1349e+00  3.1274e+01  3.8491e+00  3.1665e+01  1.0000e+00
-8.2678e-02 -2.5193e-01 -1.6454e-01  1.5693e+01  3.9221e+01  3.4120e+00  4.2382e+01  1.0000e+00
-3.0989e-01 -1.6100e-02 -2.1962e-01  3.5204e+01  8.9923e+00  3.1487e+00  3.6471e+01  1.0000e+00
 2.5098e-01  3.9496e-02  1.2426e-02 -2.4388e+01 -1.1919e+01 -1.8497e+01  3.2847e+01  1.0000e+00
 7.2157e-01 -5.7914e-01 -1.7462e+00  7.0152e+01 -4.7891e+01 -9.7047e+01  1.2897e+02  1.0000e+00
 9.8478e-03 -2.5630e-01  1.9532e-01 -1.8915e+01  2.4661e+01 -2.3288e+01  3.8837e+01  1.0000e+00
 9.3658e-02 -3.0273e-01  9.3242e-02 -1.9534e+01  2.1711e+01 -1.1987e+01  3.1569e+01  1.0000e+00
-3.6784e-01  3.2701e-01  3.3162e-01 -9.3819e+00 -2.0954e+01 -1.4147e+01  2.6967e+01  1.0000e+00
-9.2374e-02 -3.1087e-02  1.4672e-01  1.0888e+01 -9.2851e+00 -2.9502e+01  3.2789e+01  1.0000e+00
 1.0393e-01  1.5362e-01 -9.9759e-02 -3.3211e+01  4.6356e+00  1.7133e+01  3.7656e+01  1.0000e+00
-1.1865e-01 -2.8200e-03  1.8479e-01 -3.0847e+01 -2.1449e+01 -6.5848e+00  3.8144e+01  1.0000e+00
-4.3337e-02 -3.3138e-02  5.3273e-02 -8.5950e+00  5.6996e+00 -1.6043e+01  1.9072e+01  1.0000e+00
-7.7000e-02 -7.3603e-02 -1.4245e-01  2.2423e+00 -1.0830e+01  2.3931e+01  2.6363e+01  1.0000e+00
-1.8120e-01 -2.7206e-01  1.1167e-01  2.7533e+01  1.3934e+01 -1.1268e+01  3.2851e+01  1.0000e+00
-7.0792e-02 -4.6098e-02  6.2316e-02  1.8730e+01 -2.9236e+01 -3.0188e+01  4.6009e+01  1.0000e+00
 2.2167e-01 -2.6005e-01 -1.6300e-01 -3.5501e+01 -5.6512e+00 -6.4770e+00  3.6526e+01  1.0000e+00
-2.4460e-01 -8.6320e-02 -2.4853e-01  3.2595e+01  1.5014e+01  1.1232e+01  3.7604e+01  1.0000e+00
-7.1126e-02 -1.1096e-01  5.3368e-02  1.4169e+01  2.1075e+01 -3.4152e+01  4.2559e+01  1.0000e+00
-1.7355e-02 -7.0706e-02 -1.9803e-01 -1.8100e+01 -3.3817e+01  3.7368e+00  3.8538e+01  1.0000e+00
 2.8565e-01  1.2290e-01  8.6622e-02 -3.1433e+01 -1.4573e+01 -1.2019e+01  3.6672e+01  1.0000e+00
-8.4535e-03 -1.1240e-02 -4.0174e-02  2.4433e+01  1.6623e+01 -8.0234e+00  3.0621e+01  1.0000e+00
-2.3078e-01  1.6815e-01 -1.9658e-01  2.1781e+01 -2.3812e+01  1.0449e+01  3.3921e+01  1.0000e+00
 2.1027e-01 -1.0100e-01 -1.2024e-01 -2.9960e+01  2.7484e+01  2.8515e+01  4.9660e+01  1.0000e+00
 5.3009e-02  1.2087e-01 -7.2050e-02  6.7301e+00 -3.9469e+01  3.2843e+00  4.0173e+01  1.0000e+00
 1.5612e-01 -3.5110e-01  6.3441e-02 -1.5558e+00  3.1336e+01 -9.3769e+00  3.2745e+01  1.0000e+00
-1.3394e-01 -4.4253e-02  4.0801e-01  8.1587e+00  5.3484e+00 -3.0415e+01  3.1941e+01  1.0000e+00
 1.1619e-01 -1.9288e-01 -1.9896e-01 -2.2956e+01  2.6142e+01  3.4063e+01  4.8689e+01  1.0000e+00
 1.8834e-01  1.6380e-01  1.9102e-01 -2.3279e+01 -1.5732e+01 -1.8243e+01  3.3499e+01  1.0000e+00
-2.5899e-02 -6.5937e-02  3.4846e-01  1.3409e+01 -2.6724e+00 -1.9093e+01  2.3484e+01  1.0000e+00
-3.9960e-01  3.7103e-01  1.4459e-01  2.3063e+01 -1.0033e+01 -6.8911e+00  2.6078e+01  1.0000e+00
-1.3662e-01 -3.4276e-03  2.0887e-01  1.9514e+01  7.2335e+00 -2.8980e+01  3.5678e+01  1.0000e+00
-5.5657e-02 -1.3583e-01  2.4872e-01  1.4561e+01  1.4670e+01 -7.3865e+00  2.1950e+01  1.0000e+00
 1.6173e-01  1.3863e-01  1.3528e-01 -1.1632e+01 -1.5509e+01 -1.6047e+01  2.5166e+01  1.0000e+00
-1.7741e-01  8.5567e-02  7.7513e-02  2.0842e+01 -3.1275e+01 -6.9908e+00  3.8228e+01  1.0000e+00
-4.0367e-02  1.0351e-02 -7.5239e-02  1.2681e+00 -1.5250e+01  2.0754e+01  2.5786e+01  1.0000e+00
-7.8135e-02 -1.3927e-01 -9.7313e-02  3.0275e+01  2.5570e+00  2.4991e+01  3.9340e+01  1.0000e+00
 8.9515e-02  7.5090e-02  2.1498e-01 -1.5824e+01  1.7686e+00 -3.2416e+01  3.6115e+01  1.0000e+00
-8.7272e-02  3.9060e-02 -5.1821e-02  1.6803e+01  4.6426e+00 -4.3610e+00  1.7969e+01  1.0000e+00
-1.5593e-01  3.8410e-02  1.8440e-02  9.6229e+00 -1.5256e+01 -9.7977e+00  2.0527e+01  1.0000e+00
 2.4391e-01  1.4441e-01  1.9673e-01 -1.2515e+01 -1.8402e+01 -1.9586e+01  2.9646e+01  1.0000e+00
-6.5358e-01 -1.9641e-02  5.6763e-04  1.5641e+01 -3.4838e+00 -1.3845e+01  2.1177e+01  1.0000e+00
 9.0523e-02 -1.2954e-01 -8.0537e-02 -1.1621e+01  1.7660e+01  6.4695e+00  2.2108e+01  1.0000e+00
-5.5538e-02  4.5793e-01  3.6474e-02  8.2195e-01 -2.7757e+01 -1.9807e+00  2.7840e+01  1.0000e+00
-1.5304e-01 -1.5972e-01 -1.5046e-01  3.8583e+01  6.2655e+00  1.1115e+01  4.0638e+01  1.0000e+00
-1.5297e-02 -1.1393e-01 -5.5196e-02  1.4318e+01  1.8736e+01 -9.8342e+00  2.5549e+01  1.0000e+00
-7.9311e-02  2.9141e-01  2.3738e-01  1.5457e+00 -2.6211e+01 -1.8273e+01  3.1990e+01  1.0000e+00
 2.1373e-02 -2.9780e-02  1.6497e-01 -1.1013e+01 -7.4278e+00 -2.6474e+01  2.9620e+01  1.0000e+00
 5.0935e-01  2.7770e-01 -2.6193e-01 -3.8277e+00  3.8822e-01  8.9629e+00  9.7537e+00  1.0000e+00
 1.6470e-02 -1.3923e-01 -3.0455e-01  4.0381e+00  7.4504e+00  3.9966e+01  4.0854e+01  1.0000e+00
 3.5565e-01  2.5190e-01  3.6628e-01 -6.8601e+00 -4.1116e+00 -6.3759e+00  1.0228e+01  1.0000e+00
-1.1414e-01  8.8207e-03  9.9942e-03  2.4458e+01 -3.4207e+01  2.5115e+00  4.2126e+01  1.0000e+00
 1.3551e-01 -1.8093e-01 -1.1314e-01 -2.3009e+01  2.0651e+01  2.8503e+01  4.2051e+01  1.0000e+00
-4.1027e-02  1.1017e-01  4.6962e-02  1.2346e+01 -1.0736e+01 -7.6208e+00  1.8049e+01  1.0000e+00
 1.7095e-01  1.8275e-03 -9.0790e-02 -2.9167e+01 -7.6389e+00  2.5381e+01  3.9412e+01  1.0000e+00
-3.9405e-04  9.5251e-02 -3.0257e-01  3.4969e+00 -8.8934e+00  3.6494e+01  3.7725e+01  1.0000e+00
 1.2026e-01 -1.9556e-01 -1.8975e-01 -6.0736e-01  4.1781e+01  2.3762e+01  4.8069e+01  1.0000e+00
-1.3255e-01 -3.6930e-02  1.4404e-01 -5.3713e+00 -1.6771e+01 -2.8429e+01  3.3442e+01  1.0000e+00
-8.7068e-02 -1.2893e-01 -9.1429e-02  2.3000e+01  2.4566e+01  3.2372e+01  4.6696e+01  1.0000e+00
-1.7322e+00 -1.3955e+00  4.6019e-01 -5.3069e+01 -6.4242e+01  3.0218e+01  8.8636e+01  1.0000e+00
 4.3260e-02 -7.4300e-02 -7.8786e-02  2.9116e+00 -1.2165e+00  2.2941e+01  2.3157e+01  1.0000e+00
-7.0856e-03 -9.7479e-02 -1.6561e-01  4.7798e+00 -9.5566e+00  1.8163e+01  2.1073e+01  1.0000e+00
-4.3490e-02 -3.6117e-02 -1.6752e-02  4.2031e+00  5.5072e+00  8.6908e+00  1.1114e+01  1.0000e+00
 6.6546e-03 -8.7348e-02 -1.0713e-01  2.4131e+01  2.0167e+01  6.8288e+00  3.2181e+01  1.0000e+00
-2.4061e-01  8.9949e-02 -9.6557e-03  1.7024e+01 -2.1912e+01  1.0951e+01  2.9831e+01  1.0000e+00
 2.7576e-01  6.9413e-02  1.8249e-02 -2.2605e+01 -3.1476e+01  7.6615e+00  3.9502e+01  1.0000e+00
 1.9306e-02 -1.4216e-02 -7.0572e-02 -1.8395e+01 -3.6573e+00  3.9072e+01  4.3340e+01  1.0000e+00
-1.0630e-01  2.0993e-01 -3.7520e-01  8.9941e+00  2.1098e+00  2.2532e+01  2.4352e+01  1.0000e+00
 3.7108e-01  1.8940e-01  2.3815e-01 -2.0947e+01 -8.6586e+00 -1.9553e+01  2.9934e+01  1.0000e+00
-7.9245e-01  4.4163e-01 -1.7283e-01  1.0245e+01  1.1988e+01  7.9249e+00  1.7649e+01  1.0000e+00
 2.5082e-02 -2.0391e-01  1.6225e-01 -6.0239e+00  2.7603e+01 -1.9072e+01  3.4088e+01  1.0000e+00
-2.7262e-01  2.0638e-01  1.6629e-01  1.4517e+01 -2.4583e+01 -1.8441e+01  3.3987e+01  1.0000e+00
 2.8907e-01  3.4266e-01 -4.8680e-01 -1.0502e+01  2.2272e+01 -9.2125e+00  2.6291e+01  1.0000e+00
 1.4391e+01 -1.8351e+01  1.2797e+01  3.8386e+02 -4.7418e+02  3.0947e+02  6.8408e+02  1.0000e+00
 2.5519e-01  5.1486e-02 -1.8823e-03 -2.3899e+01 -1.8161e+01  1.3638e+01  3.2969e+01  1.0000e+00
 1.1710e-01 -1.6038e-01 -4.1463e-02 -4.2213e+00  4.3408e+01  2.5572e+00  4.3688e+01  1.0000e+00
-1.5685e-01  4.4873e-02  7.9180e-02  7.8298e+00 -1.4563e+01 -1.7822e+00  1.6630e+01  1.0000e+00
-6.8681e-02 -2.6171e-01  1.5173e-01 -1.2650e+01  1.3329e+01 -2.8439e+01  3.3859e+01  1.0000e+00
 1.5521e-02 -5.1416e-02 -7.8988e-02 -1.6619e+01 -1.7243e+01  2.0305e+01  3.1398e+01  1.0000e+00
-2.2622e-01  1.1359e-01 -2.0468e-01  3.5302e+01  7.0161e+00  1.8072e+01  4.0275e+01  1.0000e+00
 2.2221e-01 -1.3264e-01 -1.4219e-01 -3.0515e+01  8.1623e+00  2.3395e+01  3.9308e+01  1.0000e+00
 1.2055e-02 -4.4824e-01  1.7953e-01 -5.6134e+00  2.3724e+01  5.2100e+00  2.4929e+01  1.0000e+00
-1.0632e-01 -1.7856e-01  1.7539e-01  2.4766e+01  1.0694e+01 -2.6421e+01  3.7760e+01  1.0000e+00
 2.2877e-01 -1.6905e-01 -1.3718e-01 -2.8525e+01  1.0974e+01  2.6375e+01  4.0370e+01  1.0000e+00
-5.2389e-01  4.0611e-01  6.7503e-01 -1.2779e+01  1.1955e+00  1.4820e+01  1.9605e+01  1.0000e+00
-1.5256e-01 -1.0507e-01 -1.8407e-01  5.6562e+00  1.0936e+01  3.6320e+01  3.8350e+01  1.0000e+00
 1.6919e-01  4.3712e-02 -7.4720e-03  7.1712e+00 -1.4379e+01  2.3361e+01  2.8353e+01  1.0000e+00
-1.4585e-01  3.2159e-02 -3.3630e-01  1.8554e+01  1.0755e+01  2.2850e+01  3.1338e+01  1.0000e+00
 9.5725e-02 -2.3418e-02 -1.6428e-01 -1.7058e+01 -1.0492e+01  3.1601e+01  3.7412e+01  1.0000e+00
 2.2688e-02 -4.3875e-01 -6.1424e-02  4.3526e+01  1.1927e+01 -1.4890e+01  4.7523e+01  1.0000e+00
 8.5796e-02 -1.5016e-01  1.6746e-01 -1.1143e+01  2.0725e+01 -2.9255e+01  3.7544e+01  1.0000e+00
-2.9760e-02 -9.3475e-02 -1.8642e-02 -2.1737e+01  4.2964e+01 -4.8260e+00  4.8391e+01  1.0000e+00
-3.6221e-02 -3.0343e-01  1.4333e-01  7.5583e+00  1.6049e+01 -3.6936e+01  4.0975e+01  1.0000e+00
 2.2806e-02  1.3487e-01  4.9282e-03 -1.4414e+01  1.1131e+01 -1.5088e+01  2.3650e+01  1.0000e+00
 2.4791e-01 -2.3655e-01  1.1570e-01  8.5409e+00 -1.1497e+00 -1.3384e+01  1.5918e+01  1.0000e+00
 1.5005e-02 -8.2169e-02 -1.6382e-01  7.5721e+00  2.6517e+01  1.6119e+01  3.1942e+01  1.0000e+00
-6.0213e-02 -4.6670e-02 -1.8140e-02  1.2485e+00 -1.5487e+01  1.3419e+01  2.0530e+01  1.0000e+00
 1.6277e-01  9.4992e-02  2.3077e-01 -1.3078e+01 -1.5912e+01 -9.2383e+00  2.2574e+01  1.0000e+00
-2.3229e-01  1.0484e-01 -1.7826e-01  1.2009e+01 -3.3331e+01  2.4400e+01  4.3018e+01  1.0000e+00
-1.4513e-01  4.4404e-02  2.9807e-01 -2.0014e+00 -1.8389e+01 -3.4702e+01  3.9324e+01  1.0000e+00
 1.3530e-01 -1.2607e-01 -1.2868e-01 -3.2475e+00  3.3587e+01  2.5741e+01  4.2441e+01  1.0000e+00
 5.7539e-02 -6.0415e-02 -8.3137e-02 -1.8775e+01 -1.2264e+01 -1.3408e+01  2.6129e+01  1.0000e+00
 3.0921e-01 -1.2618e-01  6.6112e-02 -3.4445e+01  1.1696e+01 -1.0588e+01  3.7886e+01  1.0000e+00
 5.0020e-01  3.9470e-01 -2.7934e-01  1.9026e+01  1.0201e+01  1.5259e+01  2.6437e+01  1.0000e+00
 2.7140e-01 -2.1334e-01 -6.4062e-02 -1.2552e+01  1.4174e+01 -1.3915e+01  2.3497e+01  1.0000e+00
 6.8896e-01  6.5804e-01  4.8649e-01  1.6557e+00  2.8662e+01  9.6259e-01  2.8726e+01  1.0000e+00
 1.3279e-01  1.2109e-01  1.2545e-01 -1.6194e+01 -1.4464e+01 -2.0746e+01  3.0031e+01  1.0000e+00
 6.8738e-01  1.3377e+00  1.3424e+00  8.4493e-01  6.5854e+01  4.2361e+01  7.8307e+01  1.0000e+00
-6.1639e-02 -1.9914e-01  8.7491e-02  2.3845e+01 -6.3346e+00  1.5341e+01  2.9053e+01  1.0000e+00
-9.8192e-02  1.4595e-01  3.9854e-02 -1.1508e+00 -2.5304e+01  4.9336e-01  2.5335e+01  1.0000e+00
-3.0578e-01 -7.2886e-01 -9.6396e-01 -3.2298e+00  5.3699e-01 -5.5855e+00  6.4744e+00  1.0000e+00
 2.1480e-01 -7.0563e-02 -3.7311e-02 -2.1533e+01 -5.8954e+00 -9.6344e+00  2.4315e+01  1.0000e+00
-1.3847e-01 -6.5705e-02  1.0423e-02  3.4240e+01  3.9654e+00 -7.5707e+00  3.5290e+01  1.0000e+00
 1.9342e-01  1.6647e-01  9.2685e-03 -2.1185e+01 -3.2262e+01 -5.0878e+00  3.8929e+01  1.0000e+00
 2.5546e-01 -1.9762e-01  4.9717e-02 -2.2223e+01  1.9377e+01 -2.1322e+01  3.6386e+01  1.0000e+00
-8.1605e-04 -2.0084e-01 -8.4574e-02 -2.5932e+00  3.0941e+01  8.2516e+00  3.2127e+01  1.0000e+00
-1.7611e-02 -4.9227e-02 -7.0506e-02  1.7462e+01 -2.3445e+01  2.0459e+01  3.5681e+01  1.0000e+00
-6.4765e-02 -6.4394e-02  1.3877e-01  1.5665e+01  2.5040e+01 -2.0134e+01  3.5746e+01  1.0000e+00
 4.0405e-02 -2.9971e-01 -5.3716e-02 -1.7551e+01  2.5170e+01  1.1150e+01  3.2648e+01  1.0000e+00
 6.6723e-02 -2.2606e-01 -1.2151e-01 -3.9992e-02  1.9340e+01  2.7868e+01  3.3921e+01  1.0000e+00
-5.7328e-02 -1.1104e-01 -6.5521e-02  1.1388e+01  2.6761e+01  9.1369e+00  3.0485e+01  1.0000e+00
-2.2243e-01  2.0972e-01  4.2170e-02  2.8868e+01 -1.5997e+01 -2.4719e+00  3.3096e+01  1.0000e+00
 3.5495e-02  1.2222e-01  2.3928e-01  4.5643e+00 -7.8226e+00 -2.2668e+01  2.4411e+01  1.0000e+00
-2.7454e-02 -1.9993e-01 -9.0087e-01  2.0075e+01  5.2766e+00 -4.8861e+01  5.3087e+01  1.0000e+00
 1.7100e-01 -2.2424e-01  2.9563e-01 -1.6247e+01  1.3312e+01 -2.4213e+01  3.2054e+01  1.0000e+00
 3.7064e-01  2.6626e-01 -7.8516e-02 -1.6755e+01 -1.6515e+01  1.2605e+00  2.3560e+01  1.0000e+00
-4.2524e-01 -3.7059e-02  2.0505e-01  2.5364e+01  3.3527e+00 -1.1529e+01  2.8062e+01  1.0000e+00
-2.5733e-01  8.4391e-02 -1.1172e-01  3.8288e+01 -1.1486e+01  9.2730e-01  3.9985e+01  1.0000e+00
-6.5726e-02 -5.1691e-02 -1.2112e-01  1.2687e+01  2.2753e+01 -8.6462e+00  2.7448e+01  1.0000e+00
 1.7286e-02 -2.3595e-01  1.3272e-01  5.7385e+00  2.6134e+01 -2.2194e+01  3.4764e+01  1.0000e+00
 6.3018e-02 -9.6665e-02 -9.6490e-02 -1.4445e+01 -1.1929e+01  1.4016e+01  2.3397e+01  1.0000e+00
 1.3316e-01 -3.1234e-01  1.2875e-01 -1.1539e+01  3.0172e+01 -1.9378e+00  3.2362e+01  1.0000e+00
 2.7158e-01  1.4409e-01 -1.8961e-02 -2.7086e+01 -1.4362e+01  3.9673e+00  3.0914e+01  1.0000e+00
-3.4649e-02  1.4970e-01 -2.9611e-01  2.9633e-01 -2.8403e+01  2.6691e+01  3.8978e+01  1.0000e+00
-8.2384e-02 -2.3959e-01 -2.2939e-01  2.9217e+01  2.7907e+01  1.3422e+01  4.2575e+01  1.0000e+00
-5.3004e-02 -7.2080e-02  4.9483e-02  9.5418e+00  2.4010e+01 -4.3902e+00  2.6207e+01  1.0000e+00
-4.4586e-02 -1.9269e-01  1.6545e-01 -7.9140e+00  3.0993e+01 -3.2775e+01  4.5797e+01  1.0000e+00
 1.8073e-02  1.5267e-01  2.5905e-01 -7.7792e+00 -1.8593e+01 -2.4410e+01  3.1655e+01  1.0000e+00
-1.7757e-03  7.7601e-02  1.0457e-01 -7.5918e+00 -3.4557e+01 -1.3913e+01  3.8018e+01  1.0000e+00
 7.6710e-02 -5.8881e-02 -1.1541e-01 -2.3982e+01  5.7581e-01 -6.4957e+00  2.4853e+01  1.0000e+00
-7.6540e-02  1.2981e-01  2.5794e-01  7.4216e+00 -1.5422e+01 -2.8959e+01  3.3638e+01  1.0000e+00
-2.6186e-01  1.1325e-01 -1.2397e-01  2.0752e+01 -2.5118e+01  1.6153e+01  3.6366e+01  1.0000e+00
-1.2891e-01 -2.4429e-01  9.9861e-02  1.8286e+01  2.4785e+01 -1.4204e+01  3.3918e+01  1.0000e+00
-8.6104e-02 -2.9008e-02 -5.5867e-02  4.1721e+01  8.7815e+00 -2.2948e+00  4.2697e+01  1.0000e+00
-2.1845e-01 -2.5478e-01  7.9681e-01 -3.3896e+00 -1.3033e+01  7.2606e+00  1.5299e+01  1.0000e+00
 1.7202e-01 -1.1650e-01 -1.4450e-01 -2.4951e+01  8.0640e+00  3.9875e+01  4.7724e+01  1.0000e+00
-1.7515e-02 -5.2998e-03 -1.2430e-01  5.8152e-01 -6.1886e+00  3.0047e+01  3.0683e+01  1.0000e+00
 4.1931e-02  1.2115e-01  2.3872e-01 -1.5129e+01 -2.9072e+01 -2.8322e+01  4.3315e+01  1.0000e+00
-4.5693e-02 -8.7996e-02  3.0250e-02  2.2372e+01  1.8120e+01 -1.9534e+01  3.4791e+01  1.0000e+00
-1.4006e-01  5.2548e-02  2.8489e-03  1.9573e+01 -3.3912e+01 -1.0466e+01  4.0530e+01  1.0000e+00
-2.3108e-01  1.0784e-01  1.6085e-01  1.3180e+01 -3.2393e+01 -1.7538e+01  3.9123e+01  1.0000e+00
-1.4004e-01 -1.8340e-01 -1.7422e-01  1.8989e+01  2.8222e+01  8.3088e+00  3.5015e+01  1.0000e+00
-7.2088e-02  4.2403e-02 -4.8559e-03 -2.1852e+00 -7.2774e+00 -1.8823e+01  2.0299e+01  1.0000e+00
-9.6388e-02 -3.1964e-02  7.7763e-02  7.4094e+00 -1.8971e+01 -1.0804e+01  2.3055e+01  1.0000e+00
 2.4708e-01 -3.0218e-01 -1.9726e-01 -2.7320e+01 -1.0875e+01  1.8837e+01  3.4921e+01  1.0000e+00
-1.5473e+01  1.8662e+01 -1.1709e+01 -3.7964e+02  4.7214e+02 -3.1702e+02  6.8377e+02  1.0000e+00
 3.4387e-02 -4.0594e-01 -1.2635e-01  3.3489e+01  2.4257e+00  1.2898e+01  3.5969e+01  1.0000e+00
 2.0074e-02 -2.4106e-01  1.9470e-01  8.4001e+00  2.0091e+01 -3.1147e+01  3.8004e+01  1.0000e+00
 8.0169e-02 -1.7010e-01  1.9507e-02 -2.9208e+01  2.6172e+01  6.2910e+00  3.9720e+01  1.0000e+00
 2.5076e-01 -6.7304e-02 -1.2995e-01 -3.6041e+01 -3.6734e+00  1.9157e+01  4.0981e+01  1.0000e+00
 2.7423e-01 -2.1234e-02 -1.3540e-01 -3.9062e+01 -2.9105e+00 -1.3438e+01  4.1411e+01  1.0000e+00
-1.8936e-01  3.8624e-02  3.0212e-01  2.8881e+01  2.4791e+00 -2.6252e+01  3.9108e+01  1.0000e+00
-1.6209e-01  1.5062e-01 -9.0066e-02  3.2741e+01 -1.7905e+01 -2.2447e+00  3.7384e+01  1.0000e+00
-4.9241e-02  2.2227e-01 -1.3166e-01 -1.1452e+00 -3.2007e+01 -1.7691e+00  3.2077e+01  1.0000e+00
-1.8268e-03 -6.6207e-02 -1.9535e-01 -1.2033e+00 -1.3537e+01  1.6961e+01  2.1734e+01  1.0000e+00
 3.8418e-01  1.7696e-01 -1.2245e-01 -2.3034e+01 -2.4111e+01 -5.9905e+00  3.3879e+01  1.0000e+00
-7.4450e-04  1.9487e-02 -3.5115e-01  4.7888e+00 -1.6022e+01  3.1365e+01  3.5545e+01  1.0000e+00
 2.8762e-02 -3.1852e-01  1.1700e-01 -1.1721e+01  3.5221e+01 -1.7342e+00  3.7161e+01  1.0000e+00
 2.7485e-01 -1.7554e-01  3.1514e-01 -1.9694e+01  9.5517e+00 -2.0255e+01  2.9822e+01  1.0000e+00
-2.7562e-01  1.7292e-01  2.1510e-02  2.3393e+01 -1.7032e+01 -9.3488e+00  3.0409e+01  1.0000e+00
-3.7180e-01 -6.3399e-04 -1.6109e-01  3.5218e+01  6.1397e+00  1.0632e+00  3.5765e+01  1.0000e+00
 1.4872e-01  2.4171e-02 -1.3038e-01 -2.2911e+01 -2.4632e+01  1.7135e+01  3.7753e+01  1.0000e+00
-3.6332e-02 -1.1826e-01 -1.2957e-01  2.5412e+01  6.0435e+00  2.7404e+01  3.7858e+01  1.0000e+00
-5.2838e-02 -1.3073e-01  5.1878e-02  6.9552e+00  2.7977e+01 -3.1132e+01  4.2430e+01  1.0000e+00
 4.8565e-02 -3.9122e-01 -2.2430e-01  2.5574e+01  2.3372e+01  1.2653e+01  3.6883e+01  1.0000e+00
-9.1323e-02 -2.1846e-01  1.3519e-01  1.5062e+01  3.3598e+01 -7.2040e+00  3.7518e+01  1.0000e+00
 4.9736e-02  1.0209e-01  2.0724e-01 -1.3943e+01 -8.0381e+00 -2.9606e+01  3.3698e+01  1.0000e+00
-1.6101e-01 -1.3157e-01 -5.9389e-02  3.0822e+01  1.8608e+01  1.1531e+01  3.7805e+01  1.0000e+00
-2.6693e-03 -9.4476e-02 -1.1321e-01 -2.7270e+01 -1.6848e+01  1.4611e+01  3.5228e+01  1.0000e+00
 4.8667e-01  2.5495e-03  3.3435e-01 -1.8026e+01 -1.8612e+01 -5.5125e+00  2.6491e+01  1.0000e+00
-5.9436e-02  1.8327e-01 -1.3932e-01 -4.9202e+00 -2.8061e+01  1.7241e+01  3.3300e+01  1.0000e+00
 7.4985e-02 -2.8622e-01  2.2266e-01 -2.1436e+00  2.4501e+01 -3.1926e+00  2.4801e+01  1.0000e+00
 8.2862e-01  1.1430e-01  3.9072e-01  4.5178e+00  2.9066e+01  1.7116e+01  3.4032e+01  1.0000e+00
 2.2411e-01  2.1111e-01  2.3457e-01  9.6874e+00 -2.9599e+01 -2.0787e+01  3.7444e+01  1.0000e+00
 3.0716e-01 -1.8223e-01 -4.7951e-02  2.9520e+00  4.0874e+01  3.2245e-01  4.0982e+01  1.0000e+00
 2.8813e-01 -6.2698e-02  5.9247e-02 -2.2670e+01  1.5082e+00 -1.7407e+01  2.8622e+01  1.0000e+00
 1.2917e-02 -2.2562e-01  1.7363e-01 -1.7770e+01  2.9524e+01 -2.8928e+01  4.4991e+01  1.0000e+00
-1.0495e-01  6.3626e-02  5.7495e-02  2.9018e+01 -2.6103e+01 -1.8149e+01  4.3044e+01  1.0000e+00
 2.9153e-01  1.4224e-02 -2.6104e-04 -3.4492e+01 -7.5279e+00 -1.3906e+01  3.7943e+01  1.0000e+00
-9.9281e-02  3.1579e-02 -7.5206e-02  2.4587e+01 -1.8709e+01  2.8720e+01  4.2183e+01  1.0000e+00
-1.9221e-01 -2.3780e-01  1.6811e-01  2.2354e+01  2.6601e+01 -1.4313e+01  3.7579e+01  1.0000e+00
 4.8905e-01 -6.3887e-02  1.4421e+00  1.0912e+01 -6.9864e+00  1.0274e+01  1.6536e+01  1.0000e+00
 8.9108e-02 -5.5803e-02 -1.4367e-01  3.0260e-01 -2.3780e+00  2.6259e+01  2.6369e+01  1.0000e+00
 2.1024e-01 -2.4550e-01 -1.9707e-02 -3.9042e+01  2.0258e+01  1.5938e+01  4.6783e+01  1.0000e+00
-1.0004e+00  2.2708e+00 -1.5492e+00 -4.3092e+01  4.5976e+01 -2.7747e+01  6.8852e+01  1.0000e+00
 2.4984e-01 -2.7005e-01 -5.3592e-02 -1.6897e+01 -3.1855e+00 -4.0919e+00  1.7675e+01  1.0000e+00
-3.5792e-01  3.0596e-01  3.3606e-02 -1.5495e+01 -2.3794e+01  1.1273e+01  3.0550e+01  1.0000e+00
 1.9705e-01 -1.8626e-02 -2.5379e-02 -1.8848e+01 -1.0368e+01 -1.6687e+01  2.7225e+01  1.0000e+00
 1.7548e-01 -9.7362e-02 -1.9461e-01 -2.1297e+01 -7.8415e-01  2.7428e+01  3.4734e+01  1.0000e+00
 3.1352e-02  2.5680e-01  6.9613e-02 -1.8824e+00 -2.8411e+01 -9.4291e+00  2.9994e+01  1.0000e+00
 6.5000e-01  4.5397e-01 -2.6568e-01 -9.7390e+00 -3.2192e+00 -5.9533e+00  1.1860e+01  1.0000e+00
-1.5542e-01  7.1993e-02  2.5239e-01  1.4738e+01 -5.8013e+00 -2.9829e+01  3.3773e+01  1.0000e+00
-7.3133e-02 -1.2605e-01 -3.6477e-02  2.0883e+01  2.6672e+01 -9.6914e+00  3.5234e+01  1.0000e+00
-6.9724e-02 -6.0665e-02  1.7578e-03  1.7178e+01 -5.3873e+00  5.9659e+00  1.8966e+01  1.0000e+00
 2.3465e-01 -1.6035e-01 -2.2161e-01 -3.2594e+01 -2.4740e+01 -6.1570e-01  4.0925e+01  1.0000e+00
-1.5195e-01 -1.7441e-01 -3.1501e-01  1.7814e+01  2.6621e+01  1.9030e+01  3.7258e+01  1.0000e+00
 1.4944e-01  7.9069e-02  1.1725e-02 -1.2892e+01 -1.2844e+00 -2.8280e+01  3.1106e+01  1.0000e+00
-4.7516e-03 -5.6766e-02 -1.0408e-01  4.8197e+00 -1.3444e+00  1.1452e+01  1.2498e+01  1.0000e+00
-1.8442e-02  4.0989e-02 -2.5969e-03  3.0302e+00  3.2640e+00  2.4176e+00  5.0676e+00  1.0000e+00
 1.8997e-01  7.1888e-02  2.4111e-01  3.5638e+00  2.4796e+01  1.8831e+01  3.1339e+01  1.0000e+00
-3.9731e-02 -7.4767e-02 -3.1706e-01  2.1826e+01  1.1551e+01  1.6252e+01  2.9562e+01  1.0000e+00
 2.3137e-01 -1.4352e-01 -1.0281e-03 -2.3007e+01  8.8540e+00  7.3611e+00  2.5728e+01  1.0000e+00
 1.2924e-01 -7.6896e-02 -1.3763e-01 -2.0978e+01 -1.6760e+01  6.5642e+00  2.7642e+01  1.0000e+00
-1.5838e-01  3.8120e-01 -4.2279e-02  6.1306e+00 -3.0174e+01  4.9861e+00  3.1192e+01  1.0000e+00
 2.6558e-01 -1.1428e-01 -1.2479e-01 -3.6532e+01  2.4131e+01  7.4774e+00  4.4416e+01  1.0000e+00
-8.7721e-01 -5.6306e-01  1.0154e+00 -1.3863e+01  2.7589e-01  1.0073e+01  1.7139e+01  1.0000e+00
-5.2738e-02 -1.1131e-01  1.3284e-01  1.3931e+00  3.9923e+00 -3.2178e+01  3.2455e+01  1.0000e+00
 3.4491e-02 -1.4325e-01 -2.0032e-02 -9.6118e+00  3.8530e+00 -2.0075e+01  2.2589e+01  1.0000e+00
-3.0561e-01  9.0421e-02 -1.6794e-01  3.1349e+01 -1.9709e+01  1.4525e+01  3.9777e+01  1.0000e+00
-1.8454e-01  1.4581e-01  6.4509e-02  4.4989e+01 -2.2693e+01 -9.9466e+00  5.1361e+01  1.0000e+00
-9.8215e-02 -3.0045e-01  1.4441e-01 -2.4635e+00  2.1002e+01 -1.7669e+01  2.7556e+01  1.0000e+00
 2.6093e-01 -1.9630e-01 -1.4028e-01 -3.3305e+01  1.3234e+01  1.6284e+01  3.9364e+01  1.0000e+00
-5.4766e-02 -1.0031e-01 -1.2536e-01  1.2631e+01 -7.3618e+00  2.2225e+01  2.6602e+01  1.0000e+00
 7.3432e-03 -6.4034e-02 -1.3648e-01 -1.2673e+01 -4.0213e+01  2.9870e+01  5.1671e+01  1.0000e+00
 1.0313e-01 -5.9105e-02 -1.2472e-01 -1.6203e+01 -1.8103e+01 -3.4309e+00  2.4536e+01  1.0000e+00
 2.1175e-01 -1.4902e-01 -1.3661e-01 -3.1406e+00  3.5681e+01  1.7788e+01  3.9993e+01  1.0000e+00
 9.5966e-02 -1.8993e-01 -1.1362e-01 -2.3728e+01  3.0127e+01  1.4497e+01  4.0998e+01  1.0000e+00
-8.0468e-02 -6.3804e-02  9.3425e-03  8.2279e+00 -1.1073e+00 -2.8233e+01  2.9429e+01  1.0000e+00
 2.3084e-01  7.9436e-02 -1.1966e-01 -3.1326e+01 -1.7362e+01  1.8280e+01  4.0211e+01  1.0000e+00
-9.3446e-02 -1.7706e-01 -1.3801e-01  2.4581e+01  7.6906e+00  2.6131e+01  3.6690e+01  1.0000e+00
 1.0922e-01 -1.7987e-01 -1.4704e-01  1.0983e+01  3.0080e+01  2.8064e+00  3.2145e+01  1.0000e+00
 6.4138e-01 -6.2510e-02 -3.4479e-01  7.3888e+00  1.2766e+01 -1.6682e+01  2.2267e+01  1.0000e+00
 9.7381e-03 -1.9494e-01  1.5560e-01  9.6347e+00  3.5759e+01 -2.5043e+01  4.4707e+01  1.0000e+00
-1.0413e-01 -2.4731e-01 -1.2316e-01 -3.2743e+00  3.8376e+01  1.0492e+01  3.9918e+01  1.0000e+00
-5.6444e-03 -2.5335e-01 -5.3224e-02  1.5791e+00  3.3405e+01  2.7773e+01  4.3470e+01  1.0000e+00
 1.1049e-01 -1.9474e-01 -1.7058e-01 -2.3153e+01  2.6641e+01  1.5146e+01  3.8409e+01  1.0000e+00
-8.1189e-02  9.2044e-03 -7.7943e-02 -2.9782e+01  6.3787e+00  4.7653e+01  5.6555e+01  1.0000e+00
-3.3973e-01  4.6569e-01  1.4406e+00 -6.5653e+00  1.0835e+01  2.6149e+01  2.9056e+01  1.0000e+00
-2.0144e-01  9.4664e-02 -1.4941e-01  6.2461e+00 -2.0430e+01  2.6155e+01  3.3771e+01  1.0000e+00
-3.1314e-01 -1.9789e-01  1.4930e-01  2.3809e+01  2.1591e+01 -5.5945e+00  3.2624e+01  1.0000e+00
 8.8658e-02 -2.0433e-02 -8.4999e-02 -1.1262e+01 -3.0672e+00 -1.1620e+01  1.6470e+01  1.0000e+00
 3.6667e-02  1.7154e-01  3.1147e-01 -1.2034e+01 -1.9632e+01 -2.6996e+01  3.5482e+01  1.0000e+00
-7.0867e-02  2.5467e-03  5.9551e-02 -2.1576e+00 -3.3466e-01 -3.6126e+01  3.6192e+01  1.0000e+00
 4.4350e-02 -9.1841e-02 -1.5738e-01 -9.9358e-01  1.0729e+01  2.6139e+01  2.8273e+01  1.0000e+00
 2.3366e-01 -1.9075e-01  9.5003e-03 -3.6195e+01  2.3465e+01  6.5670e+00  4.3633e+01  1.0000e+00
-3.7674e-02 -1.3095e-01 -5.9642e-02  1.4552e+01 -1.4933e+01  1.8165e+01  2.7654e+01  1.0000e+00
 2.5860e-01  6.6391e-02  4.1224e-02 -2.3670e+01 -1.0360e+01 -7.7021e+00  2.6962e+01  1.0000e+00
-1.4820e-01  8.7459e-03  1.8888e-02 -9.5257e+00 -2.9902e+01 -1.5593e+01  3.5043e+01  1.0000e+00
-7.1745e-02 -1.2909e-01  1.1949e-01  3.4744e+01  1.8320e+01 -3.0801e+01  4.9914e+01  1.0000e+00
-1.1512e-01 -1.5944e-01 -7.4279e-02  3.1656e+01  2.5921e+01 -4.1027e+00  4.1120e+01  1.0000e+00
-1.2289e-01 -2.1169e-01 -1.0277e-01  3.8312e+01  9.6623e+00  1.8063e+01  4.3445e+01  1.0000e+00
-2.1768e-02  6.3167e-02  2.4150e-02  3.0858e+01 -2.8460e+01 -8.4433e+00  4.2819e+01  1.0000e+00
 3.4084e-01 -1.4291e-01 -9.6998e-02 -3.3139e+01  6.0845e+00 -1.6662e+01  3.7587e+01  1.0000e+00
-7.3092e-01 -7.4631e-01 -8.1225e-02 -6.1751e+00 -7.5769e+00  1.2908e+01  1.6192e+01  1.0000e+00
 7.8123e-02  8.9379e-03 -2.4302e-01 -9.6940e+00 -1.9898e+01  4.3379e+01  4.8700e+01  1.0000e+00
 2.1388e-01 -1.4710e-01 -1.2231e-02 -2.1504e+01 -5.2255e+00 -1.0662e+01  2.4564e+01  1.0000e+00
 2.6810e-01  1.0243e-01  2.6428e-02 -2.8195e+01 -2.8207e+01 -5.5703e-01  3.9886e+01  1.0000e+00
 4.6222e-01 -1.0782e+00  1.2318e+00  1.6397e+01 -4.1283e+01  7.3612e+01  8.5976e+01  1.0000e+00
-3.6342e-01 -1.4214e-01 -2.6647e-01  2.5206e+01  8.9214e+00  1.0016e+01  2.8553e+01  1.0000e+00
-8.3722e-02  2.5354e-02  4.0853e-03  1.8538e+00  2.4694e+01  8.8723e+00  2.6305e+01  1.0000e+00
-8.1527e-02 -1.3306e-01  1.1330e-01  1.3270e+01  6.9444e+00 -3.4930e+01  3.8006e+01  1.0000e+00
 2.3388e-01 -1.6730e-01  1.4889e-03 -2.1122e+01  1.8021e+01 -2.6856e+01  3.8628e+01  1.0000e+00
 1.3879e-01  1.1502e-01 -4.2528e-01 -8.0314e+00 -1.1850e+01  1.5579e+01  2.1158e+01  1.0000e+00
-1.0135e-01 -6.8727e-01 -3.4366e-01 -2.9298e+01 -1.3676e+01 -3.0744e+01  4.4617e+01  1.0000e+00
-1.5478e-01 -1.4700e-02  1.5290e-01  3.5936e+00 -1.6283e+01  2.7631e+00  1.6902e+01  1.0000e+00
 2.5972e-01 -9.0089e-02  7.9335e-02 -3.1670e+01  1.0056e+01 -1.3731e+01  3.5954e+01  1.0000e+00
-5.2544e-02 -9.0055e-03  1.4185e-02  9.8230e-01  2.7818e+00 -1.2661e+00  3.2104e+00  1.0000e+00
 6.7716e-02 -3.0131e-02 -1.0030e-01  1.7112e+01  3.4966e+00  1.5154e+01  2.3123e+01  1.0000e+00
 6.3733e-02 -3.6341e-01 -2.3731e-01 -1.3978e+01  1.3091e+00  4.3864e+00  1.4708e+01  1.0000e+00
-6.1986e-02 -1.9385e-01 -4.0994e-02  2.0051e-01  3.4055e+01  8.8724e+00  3.5192e+01  1.0000e+00
-8.2093e-02  4.2082e-02  7.1394e-02  3.2800e+01 -2.0963e+01 -5.0017e+00  3.9247e+01  1.0000e+00
 1.8641e-01 -2.7645e-01  2.1257e-01 -9.6194e+00  6.2297e+00 -3.0099e+01  3.2207e+01  1.0000e+00
-8.1573e-01  2.4696e-01 -3.6462e-01  5.6525e+00 -1.2854e+01 -1.1813e+01  1.8351e+01  1.0000e+00
 2.3016e-01  2.3823e-01 -3.8127e-02 -7.6735e+00 -2.9123e+01  6.5871e+00  3.0829e+01  1.0000e+00
-9.6420e-02 -1.0009e-01  1.6975e-01 -1.5830e+01 -1.5253e+00 -3.2030e+01  3.5761e+01  1.0000e+00
 2.9079e-01 -2.3763e-01 -4.5049e-02 -1.8568e+01  2.8124e+01  1.1433e-01  3.3701e+01  1.0000e+00
-1.0165e-01 -1.2104e-02  1.5600e-03  2.0946e+00  4.1120e+00 -2.1324e+01  2.1817e+01  1.0000e+00
-3.9927e-01 -4.6999e-02 -1.1763e-01  3.0636e+01 -1.2553e+01  1.1083e+01  3.4914e+01  1.0000e+00
-1.0924e-01 -4.8514e-01  1.8778e-01 -8.3668e+00  1.9284e+01 -2.0481e+01  2.9349e+01  1.0000e+00
 3.8001e-01  1.7062e-01  1.8530e-01 -1.9591e+01 -1.6487e+01 -1.3083e+01  2.8754e+01  1.0000e+00
-5.6365e-01 -1.4632e-01  3.4004e-01  5.8191e+00  2.2607e+01  8.9986e+00  2.5018e+01  1.0000e+00
 3.6426e-01  2.4045e-01 -3.7398e-03 -9.6243e+00 -3.0294e+01  5.9154e+00  3.2332e+01  1.0000e+00
 2.7403e-01 -4.7940e-02 -2.9410e-02 -2.8273e+01 -1.3325e+01 -1.4441e+01  3.4431e+01  1.0000e+00
-1.8156e-01 -1.0316e-03  9.8192e-02  7.1150e+00 -2.0632e+01  4.5127e+00  2.2286e+01  1.0000e+00
 1.8236e-01 -2.1484e-01  2.3719e-01 -2.0458e+01  1.3636e+01 -2.8002e+01  3.7263e+01  1.0000e+00
 1.4462e-01 -3.7597e-02 -2.1682e-01 -9.9254e+00 -1.8882e+01  2.4417e+01  3.2423e+01  1.0000e+00
-7.3785e-02 -1.3301e-01 -2.9773e-02  2.6493e+01  4.0053e+01  7.7858e+00  4.8649e+01  1.0000e+00
 4.6577e-01  4.7728e-01  1.7931e-01 -1.2026e+01 -8.4944e+00  6.1783e+00  1.5967e+01  1.0000e+00
 1.1775e-01 -2.2705e-01 -1.5674e-01 -2.7656e+01  3.0558e+01  2.0917e+01  4.6219e+01  1.0000e+00
-4.3052e-01  2.0666e-01 -4.5339e-01  3.6663e+00 -1.0031e+01 -2.9501e+01  3.1375e+01  1.0000e+00
 1.6428e-01 -2.0472e-01 -3.8372e-02 -3.2854e+00  3.0155e+01 -3.6529e-01  3.0335e+01  1.0000e+00
-3.7571e-02 -9.4224e-02  2.5455e-02  5.5213e+00  2.7017e+01 -1.2434e+01  3.0249e+01  1.0000e+00
 1.0449e-01 -4.0220e-02  1.7433e-01 -1.1444e+01 -4.7477e-01 -2.3946e+01  2.6544e+01  1.0000e+00
 3.0999e-01  2.5488e-01 -1.1877e-02 -1.6380e+01 -2.8405e+01  6.4756e-01  3.2795e+01  1.0000e+00
 1.9410e-01  3.4411e-01  2.0814e-01 -1.4791e+01 -3.1331e+00  1.5873e+00  1.5202e+01  1.0000e+00
-2.2724e-01  9.4988e-02 -1.8062e-01  6.9328e+00 -1.8146e+01  9.3987e+00  2.1580e+01  1.0000e+00
-2.9744e-02 -8.3058e-02 -1.1195e-01  1.3437e+01  3.6448e+01  7.0453e+00  3.9480e+01  1.0000e+00
 1.4672e-02 -3.0700e-01  1.0657e-01 -4.6846e+00  3.3818e+01 -1.1951e+01  3.6172e+01  1.0000e+00
-5.9208e-02  4.0766e-03 -4.0707e-03  1.8537e+01  9.2860e+00  5.2102e+00  2.1378e+01  1.0000e+00
 4.9110e-02 -1.0371e-01 -1.4138e-01  2.0641e+01 -2.1550e+01  2.0989e+01  3.6483e+01  1.0000e+00
 5.4987e-02 -1.5895e-02 -2.0980e-01 -1.9470e+01  7.1479e+00  4.5029e+00  2.1224e+01  1.0000e+00
 2.1807e-01 -1.1918e-01 -1.1666e-01 -3.4161e+01  1.4409e+01  7.7467e+00  3.7876e+01  1.0000e+00
-1.4858e-01  5.7212e-02  6.6076e-02  9.3354e+00  2.6394e+00 -9.8747e+00  1.3843e+01  1.0000e+00
-1.0262e-01 -2.4220e-01  1.5710e-01  2.3282e+01  9.1968e+00 -2.0842e+01  3.2573e+01  1.0000e+00
-5.7120e-02 -1.3487e-01 -1.0706e-01  9.6481e+00  8.2854e+00  2.7443e+01  3.0246e+01  1.0000e+00
 2.3358e-01 -2.1530e-01 -1.5244e-01  1.9041e+00  2.2915e+01  1.4109e+01  2.6978e+01  1.0000e+00
 4.4789e-02 -4.3252e-02 -1.7442e-01 -3.4691e+01 -3.3907e+01  5.8706e+01  7.6155e+01  1.0000e+00
-2.4395e-01 -2.4825e-01  5.4762e-02  2.6741e+01  2.0908e+01 -1.3043e+01  3.6364e+01  1.0000e+00
-1.2173e-01  2.9951e-02  1.3686e-02  1.8937e+01 -7.1055e+00  5.6081e-01  2.0234e+01  1.0000e+00
 5.4347e-02 -1.3487e-01 -1.5721e-01  5.4952e+00  3.3406e+01  2.8398e+01  4.4188e+01  1.0000e+00
-7.6037e-02  1.6926e-01  2.2404e-01  3.4655e+00 -5.7430e+00 -2.4290e+01  2.5199e+01  1.0000e+00
 2.6061e-01  1.5497e-01 -3.1832e-01 -1.7753e+01 -1.8182e+01  1.9748e+01  3.2183e+01  1.0000e+00
-4.7759e-02 -2.5422e-01 -6.8382e-02 -2.4662e+01  3.1159e+01 -5.9796e+00  4.0185e+01  1.0000e+00
-1.7574e-01  8.0826e-02  2.6437e-01  3.3323e+01 -1.9633e+01 -2.3787e+01  4.5405e+01  1.0000e+00
-2.0213e-01 -4.1963e-02 -3.0090e-01  1.8485e+01 -4.6294e+00  3.3174e+01  3.8258e+01  1.0000e+00
 2.8677e-01 -1.6986e-01 -3.4251e-02 -4.0369e+01 -5.2792e+00 -5.0948e+00  4.1030e+01  1.0000e+00
 1.8802e-02  4.8119e-01  2.3858e-01 -4.2547e-01 -2.4091e+01 -8.9392e+00  2.5700e+01  1.0000e+00
-1.3536e-02 -3.0214e-01  1.1220e-02  8.0005e+00  1.3491e+01  1.2672e+01  2.0164e+01  1.0000e+00
-2.8319e-02 -3.0232e-01  1.3103e-01  1.5476e+01  8.9886e+00 -1.0208e+01  2.0604e+01  1.0000e+00
-2.4939e-01  8.1029e-02 -1.6633e-01  3.2059e+01 -3.6590e+01  1.9777e+01  5.2514e+01  1.0000e+00
 1.8820e-01 -8.2929e-02 -1.5852e-01 -2.2849e+01  5.1068e-01  3.4637e+01  4.1497e+01  1.0000e+00
 2.0701e-01 -1.6418e-01  2.5105e-01 -1.7688e+01 -9.2740e-01 -2.9679e+01  3.4562e+01  1.0000e+00
-2.3740e-01  8.7941e-02 -2.4340e-01  1.8762e+01 -9.9202e+00  3.2757e+01  3.9032e+01  1.0000e+00
-5.3410e-01 -1.7099e-01  1.7300e+00  8.1321e-01  5.3674e+00  3.5953e+01  3.6360e+01  1.0000e+00
-1.3438e-01  7.5012e-02  2.2969e-01  2.8950e+01 -1.0355e+01 -3.9945e+01  5.0407e+01  1.0000e+00
 1.2443e-01 -2.6919e-02 -4.4960e-04  3.8555e+00  4.2664e+00  1.3833e+01  1.4981e+01  1.0000e+00
-1.6773e-01 -2.4849e-01 -1.1999e-01  2.1907e+01  2.9540e+01  2.1435e+01  4.2568e+01  1.0000e+00
 4.6350e-02 -5.5200e-02 -2.0404e-01  8.0301e+00 -1.2206e+01  3.1390e+01  3.4624e+01  1.0000e+00
-2.1273e-01 -5.0902e-01 -3.1192e-01 -1.7971e+00  1.6485e+01  1.3089e+01  2.1126e+01  1.0000e+00
 6.4343e-02 -3.2199e-01  1.7985e-01 -4.5726e+00  2.3032e+01 -2.5543e+01  3.4697e+01  1.0000e+00
 6.6840e-02 -2.4504e-01 -1.3577e-01  2.5175e-01  3.1540e+01  3.1455e+01  4.4545e+01  1.0000e+00
 6.0173e-02  3.7724e-04 -1.8130e-01 -2.4607e+01  1.2296e+01  4.4474e+01  5.2294e+01  1.0000e+00
-7.2822e-02 -2.6768e-02  1.2681e-02  2.4827e+01 -2.3967e+01  1.8673e+00  3.4558e+01  1.0000e+00
-1.6700e-01 -1.4237e-01 -2.6409e-01  2.0063e+01  5.2904e+00  3.6975e+01  4.2399e+01  1.0000e+00
-1.2562e-01  5.1083e-02  3.4412e-02  1.0839e+01 -2.3162e+01 -4.2453e+01  4.9560e+01  1.0000e+00
-1.9864e-01  6.7279e-02  2.2475e-01  6.1403e+00 -1.8023e+00 -2.3224e+01  2.4089e+01  1.0000e+00
-3.3500e-03  6.6832e-02  2.4215e-02  9.9233e+00 -2.6403e+01 -4.9587e+00  2.8639e+01  1.0000e+00
 1.9679e+00 -1.9020e+00  1.0529e+00  2.6591e+01 -5.2112e+01  3.3503e+01  6.7418e+01  1.0000e+00
 4.5984e-02  4.3487e-01 -1.0488e+00  2.2577e+00 -4.7700e+00 -1.7682e+01  1.8453e+01  1.0000e+00
-1.8042e-01  1.1915e-01  2.7358e-01  2.3665e+01 -1.6737e+01 -2.2971e+01  3.6984e+01  1.0000e+00
-1.1208e-01  1.3329e-01  3.1655e-01  3.3629e+01 -5.1755e+00 -1.3165e+01  3.6483e+01  1.0000e+00
 4.0267e-02  5.3782e-01 -6.2269e-02 -3.3665e+00 -2.4302e+01  3.8674e+00  2.4837e+01  1.0000e+00
 3.2739e-01  2.8517e-01  1.9665e-01 -1.4090e+01 -2.3022e+01 -1.3078e+01  2.9993e+01  1.0000e+00
 9.4858e-02 -5.3418e-02 -1.8047e-01 -5.8759e+00 -1.3508e+01  4.0407e+01  4.3009e+01  1.0000e+00
 4.1734e-01  5.5580e-02  3.5763e-01 -1.6897e+01 -1.4355e+00 -1.9343e+01  2.5724e+01  1.0000e+00
-5.7733e-02 -4.5633e-02  4.3428e-02 -2.2152e+00 -3.5144e+00 -2.7105e+01  2.7422e+01  1.0000e+00
-1.6730e-01 -1.4970e-01 -1.5956e-01  7.6519e+00  1.9278e+01  3.3263e+01  3.9200e+01  1.0000e+00
-1.2487e-01  8.0786e-02 -1.0220e-01  1.9590e+01 -7.9349e+00  2.3394e+01  3.1528e+01  1.0000e+00
 2.5323e-01  4.7757e-01 -5.5126e-01 -1.9745e+01 -3.9050e-01  1.5974e-01  1.9749e+01  1.0000e+00
-8.9584e-02 -4.3635e-02 -8.2430e-02  7.7583e+00 -5.4720e-01 -4.6798e+00  9.0770e+00  1.0000e+00
