# limit = 0.808377
#
# x           y           z           vx          vy          vz          s           m
 5.5626e-01 -4.7343e-01 -1.0252e+00  7.0848e+00 -1.1092e+01 -1.1349e+01  1.7379e+01  1.0000e+00
-3.3058e-02  1.2295e-01 -8.9384e-02  9.1363e+00 -4.1035e+01  1.5659e+01  4.4861e+01  1.0000e+00
-1.9428e-01  2.3464e-02 -1.1359e-01  3.0364e+01 -2.7180e+01  1.5519e+01  4.3607e+01  1.0000e+00
-1.6384e-01 -6.7821e-02 -1.1527e-01  4.5136e+01  9.4173e+00  1.8921e+01  4.9840e+01  1.0000e+00
 1.0086e-01 -2.1598e-01 -2.6959e-01  9.2571e+00  1.8731e+01  3.4889e+01  4.0667e+01  1.0000e+00
-2.7090e-02  1.1411e-01 -2.6116e-01  9.4742e-02 -2.8925e+01  2.3101e+01  3.7018e+01  1.0000e+00
-8.2502e-02  4.3560e-02  2.1120e-01  1.4494e+01 -9.5913e-01 -3.2616e+01  3.5704e+01  1.0000e+00
-9.6121e-02 -3.9989e-02 -1.1714e-01  2.5396e+01  4.0154e+01  2.5216e+01  5.3788e+01  1.0000e+00
-1.3485e+00  8.7652e-01  1.9502e+00 -4.6284e+01  3.3905e+01  1.0595e+02  1.2049e+02  1.0000e+00
-1.0603e-02 -6.8987e-02 -5.3517e-02  3.0325e+01  2.2778e+01  8.4381e+00  3.8854e+01  1.0000e+00
-1.3352e-01 -2.6241e-02 -5.1327e-03  3.9300e+00 -2.8858e+01 -1.8902e+01  3.4720e+01  1.0000e+00
 1.6923e-01 -1.3760e-01  6.7136e-03 -5.1017e+01  2.9921e+01 -9.7705e+00  5.9946e+01  1.0000e+00
 1.0821e-01 -2.3799e-01 -2.0351e-02 -3.7747e+01  1.1113e+01 -2.3918e+01  4.6048e+01  1.0000e+00
 1.3693e-01 -1.4066e-01 -8.0761e-02 -6.4009e+00  4.5560e+01  3.4777e+01  5.7673e+01  1.0000e+00
 9.7948e-02 -1.4194e-01 -8.8023e-02 -5.4640e+01  3.2890e+01 -6.3308e+00  6.4088e+01  1.0000e+00
 1.2247e-01 -9.6741e-02  2.1421e-01  1.4579e+01  4.3031e+01 -2.2176e+01  5.0557e+01  1.0000e+00
-1.1637e-01  1.1783e-01  9.4261e-02  4.0393e+00 -1.3659e+01 -3.7674e-01  1.4249e+01  1.0000e+00
 1.1787e-01  7.0989e-02  7.3980e-03 -2.7315e+01 -2.8267e+01 -3.6482e+00  3.9477e+01  1.0000e+00
-1.3167e-01 -8.1109e-02 -8.7642e-02  1.6957e+01 -1.4857e+01  2.2472e+01  3.1832e+01  1.0000e+00
 1.2882e+00  1.5393e+00 -8.6370e-01  7.4920e+01  6.0388e+01 -2.5933e+01  9.9660e+01  1.0000e+00
 1.0204e-01 -1.3246e-01 -9.6973e-02 -2.7735e+01 -5.4487e+00  1.3744e+01  3.1430e+01  1.0000e+00
 8.7913e-02 -8.7936e-02 -7.6687e-02 -1.2422e+01  1.9103e+01 -1.5840e+01  2.7752e+01  1.0000e+00
 9.6457e-03 -1.1923e-01 -2.0128e-02 -2.9891e+01 -3.1918e+01  1.9647e+01  4.7941e+01  1.0000e+00
 1.7859e-01 -1.7164e-01  2.4388e-01 -2.6741e+01  8.5702e+00 -3.4138e+01  4.4203e+01  1.0000e+00
 4.8588e-02 -3.0038e-01  1.6907e-01 -1.5643e+01  2.4540e+01 -2.8784e+01  4.0932e+01  1.0000e+00
 1.0154e-01 -1.1145e-02  5.7709e-01  1.4060e+01 -1.6935e+01 -1.1742e+01  2.4947e+01  1.0000e+00
-2.3912e-01  1.5974e-01 -9.6583e-02  4.2596e+01  1.2258e+01  1.4130e+01  4.6522e+01  1.0000e+00
 1.3585e-01 -1.7379e-02 -1.3005e-01 -3.7566e+01 -2.1092e+01  3.7206e+01  5.6924e+01  1.0000e+00
-3.2470e-02  2.3233e-02  3.0482e-02  1.7118e+01 -4.8151e+01 -3.5935e+01  6.2473e+01  1.0000e+00
-1.0144e-01 -1.1671e-02  7.9229e-02  1.8602e+01 -2.8810e+01 -2.1631e+01  4.0546e+01  1.0000e+00
 1.1646e-01 -7.2893e-02 -9.4868e-02 -1.7731e+01  1.3472e+01  2.1933e+01  3.1256e+01  1.0000e+00
 9.9653e-05 -1.9156e-03 -4.2348e-02 -3.6968e+00 -1.7377e+01  4.4555e+01  4.7966e+01  1.0000e+00
 8.7832e-02  5.5402e-02  1.7488e-02 -1.3748e+01 -3.7222e+01 -6.7490e+00  4.0250e+01  1.0000e+00
-3.2727e-02 -1.0456e-01 -1.2377e-01 -1.8624e+01  4.2373e+01  2.9362e+01  5.4813e+01  1.0000e+00
-1.7450e-02 -1.1342e-01 -9.4960e-02 -7.6561e+00  1.1471e+01  4.3132e+01  4.5284e+01  1.0000e+00
-1.3033e-01  1.8164e-02 -1.0802e-01  3.7944e+01 -6.7147e+00  2.5649e+01  4.6290e+01  1.0000e+00
 1.3025e+00  3.2984e-01 -5.1114e-01  1.0290e+01  4.2823e-01 -3.8021e+00  1.0979e+01  1.0000e+00
-4.4880e-01  8.4034e-01 -1.5900e+00 -2.9302e+01  5.6182e+01 -7.0191e+01  9.4561e+01  1.0000e+00
-8.2605e-02 -1.0507e-01  1.8747e-01  3.0279e+01  1.1927e+01 -3.5446e+01  4.8119e+01  1.0000e+00
-1.6200e-01  7.6442e-02 -1.5784e-01  3.3713e+01 -2.3516e+01  1.7105e+01  4.4522e+01  1.0000e+00
-5.9190e-02 -1.1999e-01  1.7159e-01 -1.2928e+01 -8.3987e+00 -9.9618e+00  1.8355e+01  1.0000e+00
-9.6839e-02 -9.7358e-02 -6.5500e-02  2.2591e+01  2.5490e+01  4.7140e+01  5.8157e+01  1.0000e+00
 2.7170e-02 -1.2528e-01  1.0906e-01 -2.0004e+00  3.5127e+01 -4.8534e+01  5.9946e+01  1.0000e+00
 2.8365e-02  6.9851e-02 -2.7727e-01 -4.7299e+00 -2.3039e+01  3.5925e+01  4.2939e+01  1.0000e+00
-3.6951e-01 -2.2658e-01  7.1379e-03  3.0945e+01  1.2302e+01 -4.0040e+00  3.3540e+01  1.0000e+00
 1.4622e-01  3.6977e-01  4.3026e-02 -2.7599e+01 -1.4574e+01 -1.4295e+01  3.4329e+01  1.0000e+00
-8.1450e-03 -5.7360e-02 -1.5173e-01  1.1815e+00 -3.7574e+00  2.7279e+01  2.7562e+01  1.0000e+00
 4.4368e-02  4.0553e-02  1.6531e-01 -1.5253e+01 -1.0124e+01 -3.5900e+01  4.0298e+01  1.0000e+00
-2.2598e-01 -4.9435e-02  3.1589e-02  4.8739e+00  9.1244e+00 -1.9032e+01  2.1662e+01  1.0000e+00
 1.6065e-01 -1.2088e-01 -7.7101e-02 -6.0940e+01  1.3030e+01 -8.8985e+00  6.2949e+01  1.0000e+00
-6.0940e-02  1.8564e-02  1.6010e-02  1.2114e+01 -2.6464e+01 -3.5137e+01  4.5625e+01  1.0000e+00
-8.2473e-02 -1.8723e-02 -2.5549e-02  2.5362e+01 -2.8887e+01 -3.3440e+01  5.0950e+01  1.0000e+00
 2.2005e-01 -2.0034e-02 -2.2650e-01 -1.6074e+01  2.4453e+01  1.1911e+01  3.1594e+01  1.0000e+00
-1.7382e-01  7.0306e-02 -9.3524e-02  4.4193e+01 -2.7928e+01 -2.6942e+00  5.2348e+01  1.0000e+00
 4.2638e-02 -9.3620e-02 -1.0642e-01 -4.9012e+01  1.9951e+01 -2.0312e+01  5.6682e+01  1.0000e+00
 1.5002e-01 -1.1822e-01 -6.4531e-02 -3.7899e+01  3.3571e+01 -7.2447e+00  5.1145e+01  1.0000e+00
 1.1849e-02 -3.5820e-02 -3.6052e-02 -2.0398e+01 -6.3509e+00  5.3993e+01  5.8066e+01  1.0000e+00
-2.7702e-02 -2.2655e-01  1.0236e-01 -5.9423e-01  9.8039e+00 -2.3767e+01  2.5717e+01  1.0000e+00
 9.2403e-03 -3.1025e-02  1.6640e-02  2.9482e+01 -2.1025e+01 -5.5158e+00  3.6629e+01  1.0000e+00
-1.8962e-01 -1.3518e-01 -2.5086e-01  3.4331e+01  2.3425e+01  5.9970e+00  4.1992e+01  1.0000e+00
 1.3284e-02 -1.0729e-01 -4.8216e-02 -2.0104e+01 -6.2525e+00 -1.0007e+01  2.3311e+01  1.0000e+00
 6.9195e-02 -1.6767e-01 -1.0711e-01 -1.0190e+01  4.5322e+01 -1.1230e+01  4.7791e+01  1.0000e+00
 1.3087e-01 -1.0274e-01 -1.0077e-01 -4.6040e+01  3.0074e+01 -6.1445e+00  5.5334e+01  1.0000e+00
-7.1381e-03 -8.8791e-02 -6.6508e-02  1.9724e+01 -2.4790e+01 -8.0671e+00  3.2691e+01  1.0000e+00
-1.7851e-01  6.4971e-02 -7.1194e-02  3.7528e+01 -2.3269e+01  1.1825e+01  4.5713e+01  1.0000e+00
 8.1735e-02 -1.8624e-01  8.3428e-02  3.2492e+00  3.4818e+01 -2.2647e+01  4.1662e+01  1.0000e+00
 4.7188e-02 -5.5711e-02 -9.6011e-02 -3.1102e+01 -4.3275e+01 -8.4888e+00  5.3964e+01  1.0000e+00
-1.5780e-01  6.8215e-02 -2.3586e-02  4.0493e+01 -3.0517e+01 -1.5061e+01  5.2895e+01  1.0000e+00
 1.2663e-01 -3.4496e-02 -1.9501e-01  1.0491e+00 -5.1802e-01  3.1291e+01  3.1313e+01  1.0000e+00
 8.6095e-02 -6.3782e-02 -2.4534e-02 -3.5266e+00 -5.2451e+01 -1.6835e+00  5.2597e+01  1.0000e+00
-3.0427e-01 -1.8383e-01 -1.3065e-01  2.5444e+01  1.9224e+01  1.2087e+01  3.4104e+01  1.0000e+00
-1.0837e-01  1.8231e-02  1.2069e-01  8.7677e+00 -2.6222e+01 -4.6353e+01  5.3973e+01  1.0000e+00
 4.8403e-03 -8.6298e-02 -6.8305e-02  7.5502e+00 -1.2481e+01  1.9408e+01  2.4279e+01  1.0000e+00
 6.2688e-02  1.4301e-01  8.9089e-02 -1.4209e+01 -3.8160e+01 -1.6057e+01  4.3771e+01  1.0000e+00
 1.4333e-01 -1.3996e-01 -3.6891e-02 -2.7834e+01  3.2940e+00 -1.5018e+01  3.1798e+01  1.0000e+00
-2.2242e-02 -2.9768e-02 -2.8730e-02  1.6305e+01 -8.6851e+00  3.9048e+01  4.3198e+01  1.0000e+00
 2.4801e-02 -1.3153e-01  7.9315e-02 -1.7356e+01 -9.7692e-02 -1.4498e+01  2.2615e+01  1.0000e+00
-2.4221e-03 -1.2921e-01  1.5969e-01 -3.9353e+00  3.7142e+01 -1.5015e+01  4.0255e+01  1.0000e+00
-1.9894e-01  2.0450e-01  5.4459e-02  1.8853e+01 -3.7849e+01 -4.5621e+00  4.2530e+01  1.0000e+00
 2.4557e-01  1.2558e-01  4.9330e-02 -2.9231e+01 -1.6648e+01  2.9159e+00  3.3765e+01  1.0000e+00
 1.0798e-01  1.5899e-02 -4.6148e-03  1.5741e+01 -4.7174e+00  3.3186e+01  3.7032e+01  1.0000e+00
 6.4178e-03 -1.4031e-01  7.1441e-02  1.1153e+01  1.6938e+01 -3.2580e+01  3.8376e+01  1.0000e+00
-2.8089e-01  2.8402e-01  6.4152e-01  2.8937e+00 -3.6912e+00 -1.4390e+01  1.5135e+01  1.0000e+00
-1.3165e-01  4.3927e-02 -5.0673e-02  1.7849e+01 -3.3740e+01 -2.6150e+01  4.6269e+01  1.0000e+00
-1.5835e-02 -1.8190e-03  1.2840e-01  8.2803e+00 -1.0693e+01 -4.6620e+01  4.8542e+01  1.0000e+00
 1.8010e-01 -3.9366e-02  2.8151e-02 -3.3580e+01 -7.0026e+00 -1.6804e+01  3.8198e+01  1.0000e+00
 1.1057e-01 -2.0316e-01  1.6542e-01 -1.6820e+01  2.1195e+01 -3.2791e+01  4.2514e+01  1.0000e+00
-2.7790e-01  3.0871e-01 -3.7667e-01  6.6691e+00 -1.0049e+01  1.2875e+01  1.7642e+01  1.0000e+00
-1.1747e-01 -5.4176e-02 -1.4098e-01  3.3462e+01  3.0913e+01  2.5992e+01  5.2449e+01  1.0000e+00
-6.6285e-02 -1.1956e-01 -1.3284e-01  3.8158e+01  1.7117e+01  3.6663e+01  5.5617e+01  1.0000e+00
-3.2762e-01  3.4277e-01 -1.0801e-01  1.0910e+01 -9.2211e+00 -2.2720e+00  1.4465e+01  1.0000e+00
-6.6758e-02 -1.7737e-01 -1.2750e-01  1.7240e+01  4.6684e+01  2.8598e+01  5.7397e+01  1.0000e+00
 7.8687e-03 -3.6065e-04 -5.8915e-02  2.6381e+01 -9.4943e+00 -6.1303e+00  2.8700e+01  1.0000e+00
 4.9447e-02 -9.6235e-02 -3.8821e-02 -2.0296e+01 -2.6367e+01  4.1006e+01  5.2808e+01  1.0000e+00
-2.4402e-02 -2.0759e-01  9.0386e-02  2.4860e+01  1.5448e+01 -1.2353e+01  3.1769e+01  1.0000e+00
 1.1373e-01 -1.0389e-01 -1.0971e-01 -6.1949e+01 -1.3209e+01  2.3231e+01  6.7468e+01  1.0000e+00
 5.2599e-02 -5.8705e-02 -1.6698e-01 -7.5849e+00 -3.2102e+01  3.0861e+01  4.5172e+01  1.0000e+00
 8.8669e-02  8.5243e-02  1.7559e-01 -2.9522e+00 -2.4958e+01 -3.8571e+01  4.6037e+01  1.0000e+00
 5.7914e-02 -3.1326e-01 -1.2642e+00  3.6163e+00 -7.6600e+00 -3.4445e+01  3.5471e+01  1.0000e+00
 2.3036e-01 -4.3894e-01  3.1765e-01 -2.9124e+01 -1.3783e-01  6.2719e+00  2.9792e+01  1.0000e+00
-6.1066e-02 -5.8071e-02 -8.3860e-03  2.4837e+01 -4.1836e+01 -2.2548e+01  5.3624e+01  1.0000e+00
 3.2234e-02 -9.9038e-02 -3.4607e-02  1.3418e+01  2.0031e+01  4.3083e+01  4.9370e+01  1.0000e+00
-2.1881e-01  5.5155e-03 -1.0587e-01  2.4138e+01 -1.7696e+00  2.3099e+01  3.3457e+01  1.0000e+00
-2.3183e-01  2.1300e-02 -8.0162e-02  4.0201e+01 -4.5796e+00  1.9862e+01  4.5073e+01  1.0000e+00
-2.3283e-01  5.4170e-02 -1.1334e-01  1.5182e+01 -3.9382e+01  2.9791e+01  5.1661e+01  1.0000e+00
 5.5093e-02 -2.0084e-01  1.0593e-01 -2.9182e+00  9.3196e+00 -2.7430e+01  2.9116e+01  1.0000e+00
-1.8582e-01 -3.8009e-02 -1.5924e-01  3.4347e+01 -4.6105e+00  1.6811e+01  3.8518e+01  1.0000e+00
 1.2210e-01 -1.3749e-01  5.1681e-02 -3.5509e+01 -2.4811e+00 -2.4724e+01  4.3339e+01  1.0000e+00
 9.8906e-02 -8.0361e-01  4.4781e-01 -1.2917e+01 -1.7003e+00  8.1886e+00  1.5388e+01  1.0000e+00
 3.0143e-01  5.6632e-02 -1.5787e-02 -2.5664e+01 -2.7722e+01  6.6577e-01  3.7783e+01  1.0000e+00
-3.5006e-02 -2.0255e-01  1.4551e-01  1.7615e+01  2.3526e+01 -4.6502e+01  5.5011e+01  1.0000e+00
-8.3911e-02  1.5067e-01 -2.9816e-01  9.7296e+00 -2.2966e+01  2.5828e+01  3.5905e+01  1.0000e+00
-1.7300e-01  7.1706e-03 -2.0765e-01  3.8280e+01 -4.8067e+00  1.9352e+01  4.3162e+01  1.0000e+00
-1.1862e-01  5.0453e-02  1.3510e-01  1.6654e+01 -1.6420e+00 -3.9223e+01  4.2644e+01  1.0000e+00
-2.2395e-01  1.3348e-02 -5.7372e-02  3.8663e+01 -3.2987e+00  9.4310e+00  3.9933e+01  1.0000e+00
-1.6435e-01  6.9998e-02 -4.1281e-02  5.0603e+01 -2.2756e+01 -6.3575e+00  5.5847e+01  1.0000e+00
 1.5120e-02 -8.9633e-02 -1.0881e-01 -8.1293e+00  3.4315e+01  1.3381e+01  3.7718e+01  1.0000e+00
 4.2661e-02 -1.1810e-01 -7.7103e-02 -3.0294e+01 -1.6333e+01  5.7042e+01  6.6620e+01  1.0000e+00
-2.4622e-04 -2.1027e-01  1.0720e-01 -2.6776e+00  2.2877e+01 -2.3422e+01  3.2850e+01  1.0000e+00
-4.6749e-02 -3.1827e-02 -2.0594e-02  2.5240e+01 -4.3946e+01 -4.1558e+00  5.0849e+01  1.0000e+00
 1.0880e-02 -1.6685e-02  1.6335e-02  1.3819e+00 -1.2302e+01 -1.7894e+01  2.1759e+01  1.0000e+00
-3.3959e-02 -1.2275e-01 -1.6372e-01  5.6871e+00  2.6778e+00 -2.0435e+01  2.1380e+01  1.0000e+00
 1.2203e-01 -9.6389e-02 -7.2801e-02 -3.3950e+01  1.8044e+00 -1.7861e+01  3.8404e+01  1.0000e+00
 9.6204e-02 -6.4215e-02 -9.0386e-02 -4.1129e+00 -2.4865e+01 -1.1386e+01  2.7656e+01  1.0000e+00
-2.0725e-02 -1.3497e-01 -8.2426e-02 -3.1842e+01 -2.4723e+00 -1.6642e-02  3.1938e+01  1.0000e+00
 8.8473e-02 -1.9841e-01  7.2285e-02 -1.8319e+01  4.6682e+01 -1.9137e+01  5.3675e+01  1.0000e+00
 1.1637e-02  1.3009e-01  1.2939e-01 -3.7987e+01 -2.3066e+01 -3.3126e+01  5.5429e+01  1.0000e+00
 6.1085e-02 -9.6349e-02 -1.6067e-01 -1.1151e+01  1.0396e+01  6.0410e+01  6.2304e+01  1.0000e+00
-1.6201e-01  2.1663e-01 -7.5267e-02  1.6975e+01 -2.3950e+01 -1.3654e+01  3.2376e+01  1.0000e+00
-5.1201e-01 -1.3051e-01  1.1742e-01 -9.8017e+00 -9.1294e+00  4.7173e+00  1.4201e+01  1.0000e+00
-7.9035e-02 -5.4382e-02  2.0221e-01  2.9760e+01  6.2306e+00 -3.0073e+01  4.2765e+01  1.0000e+00
-2.0430e-01 -1.8345e-01  6.8293e-03  1.5772e+01  4.1116e+01 -1.3174e+01  4.5966e+01  1.0000e+00
 2.6618e-02 -3.7581e-02 -9.7031e-02 -3.2918e+01  2.2266e+01  5.6828e+00  4.0146e+01  1.0000e+00
 1.6157e-02 -8.7652e-02 -1.2008e-01 -2.8149e+00 -1.4237e+00  2.3294e+01  2.3506e+01  1.0000e+00
 2.7600e-02 -6.9502e-02 -1.6226e-01 -1.6994e+01 -1.4547e+01 -8.9204e+00  2.4082e+01  1.0000e+00
 1.2497e-01 -2.0085e-01 -2.0025e-01 -1.3023e+01 -3.2001e+01  2.7849e+01  4.4376e+01  1.0000e+00
-9.4815e-02 -1.1254e-01  6.4445e-02  1.0109e+01  1.2330e+01 -2.6081e+01  3.0568e+01  1.0000e+00
 2.7942e-03 -2.8446e-02  1.3085e-01  2.4822e+00 -2.1274e+01 -4.6671e+01  5.1351e+01  1.0000e+00
-1.2416e-01  6.4322e-02  1.6424e-01  6.7567e+00 -1.8048e+01 -5.2750e+01  5.6160e+01  1.0000e+00
 4.3560e-02 -1.1371e-01 -4.6426e-01 -2.8902e+00  2.2287e+01  2.2994e+01  3.2153e+01  1.0000e+00
-1.8871e-01  9.5675e-03 -4.0915e-03  3.5251e+01 -2.3485e+01 -2.5480e+00  4.2434e+01  1.0000e+00
 7.0946e-02 -4.3092e-02 -6.6451e-02 -5.5093e+01 -2.8150e+01  1.6873e+01  6.4128e+01  1.0000e+00
-5.3297e-01 -5.5574e-01 -4.3302e-01 -4.7505e+01  5.5769e+00 -1.5277e+01  5.0212e+01  1.0000e+00
 3.6926e-02 -3.9015e-02 -5.2839e-02  1.5638e+00 -4.6107e+00  5.8759e+01  5.8960e+01  1.0000e+00
-1.4640e-01  6.5069e-02  7.5101e-03  4.1973e+01 -1.9521e+01 -9.6183e+00  4.7279e+01  1.0000e+00
 9.7031e-02 -1.3182e-01 -8.1375e-02 -4.8602e+01 -6.2561e+00  2.6871e+01  5.5887e+01  1.0000e+00
 1.3871e-01 -2.1291e+00 -1.6940e+00 -1.5143e+01 -4.6535e+01 -5.3926e+01  7.2821e+01  1.0000e+00
-5.9147e-02  2.2058e-02  7.9352e-03  4.7483e+01 -4.4636e+01 -1.6411e+01  6.7203e+01  1.0000e+00
-3.7571e-01 -1.7147e-01 -1.4615e-02 -3.6877e+00 -5.4957e-01  1.0299e+01  1.0953e+01  1.0000e+00
 4.7227e-02  1.2766e-01  9.6112e-02 -1.3339e+01 -4.3618e+01 -6.6136e-02  4.5612e+01  1.0000e+00
-2.2924e-02 -1.2550e-01 -2.1843e-02  8.9794e+00 -9.4251e+00  5.2942e+01  5.4519e+01  1.0000e+00
 4.0931e-02  1.2473e-01  9.3093e-02 -7.5459e+00 -3.0444e+01 -2.5664e+01  4.0527e+01  1.0000e+00
 4.7937e-02 -1.9264e-01  3.1862e-02 -1.1587e+00  4.3347e+01  2.4764e+01  4.9935e+01  1.0000e+00
 2.0308e-02 -5.8855e-02 -9.1104e-02 -3.6423e+01  3.2315e+01 -3.2083e+00  4.8797e+01  1.0000e+00
 2.1514e-01 -1.5305e-01  2.2280e-01 -1.5367e+01 -1.5077e+00 -2.6704e+01  3.0847e+01  1.0000e+00
 8.0542e-02 -1.0455e-01 -8.9492e-02 -2.4831e+01  5.1474e+01  2.7163e+01  6.3277e+01  1.0000e+00
 1.9633e-01 -4.9116e-02 -8.2214e-02 -3.4937e+01  2.9972e+01 -2.9956e+00  4.6129e+01  1.0000e+00
 1.1180e-01 -1.3994e-01 -9.4225e-02 -4.2444e+01  1.6326e+01  3.3946e+01  5.6748e+01  1.0000e+00
-9.4650e-02 -6.4856e-02  2.8024e-03  3.5248e+01  2.1070e+01  2.3353e+01  4.7241e+01  1.0000e+00
-5.1958e-02 -6.8439e-02 -3.8727e-02  1.9019e+01 -4.5326e+01 -7.3054e-01  4.9160e+01  1.0000e+00
-2.9263e-02 -5.1946e-02 -6.6829e-02  3.2137e+01  2.0520e+01  5.2545e+01  6.4922e+01  1.0000e+00
 1.6717e-01 -5.9302e-02 -1.5663e-01 -5.2429e+01  8.6215e+00  2.1683e+01  5.7387e+01  1.0000e+00
-3.1762e-02 -9.2890e-02  5.6092e-03  5.1912e+01 -3.0763e+01 -2.7506e+01  6.6316e+01  1.0000e+00
-2.5084e-02 -2.6723e-03 -1.5966e-01  1.1483e+01  2.4558e+01  2.0622e+01  3.4062e+01  1.0000e+00
-3.9106e-02 -1.3898e-01 -1.4651e-01  1.9544e+01  5.2042e+01  1.2815e+01  5.7048e+01  1.0000e+00
-2.1036e-01  7.0985e-03 -2.0384e-01  4.3868e+01  8.9404e+00  1.0216e+01  4.5920e+01  1.0000e+00
 1.8611e-01  1.3465e-02 -3.0432e-02 -2.9709e+01 -1.3762e+01 -1.5129e+01  3.6068e+01  1.0000e+00
 8.9930e-01 -7.0047e-01 -1.9919e+00  7.0039e+01 -4.7809e+01 -9.6791e+01  1.2868e+02  1.0000e+00
-3.4118e-02 -1.8116e-01  1.1952e-01 -1.5273e+01  3.3067e+01 -3.7493e+01  5.2272e+01  1.0000e+00
 4.0646e-02 -2.3576e-01  6.2116e-02 -2.2946e+01  3.2685e+01 -1.3077e+01  4.2022e+01  1.0000e+00
-3.8923e-01  2.7161e-01  2.9351e-01 -7.4150e+00 -2.2742e+01 -1.5937e+01  2.8743e+01  1.0000e+00
-5.9357e-02 -5.5366e-02  5.6950e-02  1.6587e+01 -9.5194e+00 -4.3833e+01  4.7824e+01  1.0000e+00
 1.5968e-02  1.5341e-01 -5.2688e-02 -3.6255e+01 -5.7883e+00  2.0036e+01  4.1825e+01  1.0000e+00
-1.8884e-01 -5.5493e-02  1.5761e-01 -2.2795e+01 -2.0144e+01 -1.5605e+01  3.4190e+01  1.0000e+00
-6.6431e-02 -2.6858e-02 -1.1398e-02 -2.4972e+00 -2.3868e+00 -3.7732e+01  3.7890e+01  1.0000e+00
-5.0874e-02 -1.0088e-01 -6.8697e-02  2.2297e+01 -8.1601e+00  3.7034e+01  4.3991e+01  1.0000e+00
-1.0176e-01 -2.2741e-01  8.0135e-02  3.6947e+01  2.2479e+01 -1.3391e+01  4.5274e+01  1.0000e+00
-1.6984e-02 -1.0445e-01 -4.5183e-02  2.5588e+01 -1.7271e+01 -5.2310e+01  6.0740e+01  1.0000e+00
 1.2576e-01 -2.6371e-01 -1.7305e-01 -4.0003e+01  2.9877e+00 -1.1434e+00  4.0131e+01  1.0000e+00
-1.5197e-01 -4.6358e-02 -2.1165e-01  4.5177e+01  1.3637e+01  1.9703e+01  5.1139e+01  1.0000e+00
-3.2036e-02 -4.3547e-02 -3.5292e-02  8.0617e+00  3.4890e+01 -3.3651e+01  4.9140e+01  1.0000e+00
-5.3048e-02 -1.4971e-01 -1.6403e-01 -1.0200e+01 -2.7080e+01  2.3909e+01  3.7537e+01  1.0000e+00
 1.9841e-01  8.0340e-02  5.0935e-02 -3.8048e+01 -1.9748e+01 -1.6324e+01  4.5871e+01  1.0000e+00
 4.3413e-02  1.2785e-02 -6.2028e-02  1.5660e+01 -1.1101e+00 -8.0459e+00  1.7641e+01  1.0000e+00
-1.7025e-01  9.2975e-02 -1.6195e-01  2.7337e+01 -3.6232e+01  1.7982e+01  4.8820e+01  1.0000e+00
 1.1912e-01 -4.3175e-02 -5.1406e-02 -4.3782e+01  1.6723e+01  2.2942e+01  5.2181e+01  1.0000e+00
 6.4954e-02  4.8109e-03 -6.0295e-02  4.6455e-01 -5.5063e+01  6.2882e+00  5.5423e+01  1.0000e+00
 1.4685e-01 -2.6110e-01  3.7660e-02 -6.4179e+00  4.0398e+01 -1.1337e+01  4.2447e+01  1.0000e+00
-1.1106e-01 -3.0293e-02  3.2313e-01  1.0054e+01  5.6002e+00 -3.6977e+01  3.8727e+01  1.0000e+00
 5.0068e-02 -1.1346e-01 -8.7794e-02 -3.1106e+01  3.9490e+01  5.0068e+01  7.0949e+01  1.0000e+00
 1.2441e-01  1.1764e-01  1.3928e-01 -2.7630e+01 -2.1324e+01 -2.3150e+01  4.1882e+01  1.0000e+00
 7.6704e-03 -7.2113e-02  2.9067e-01  1.3007e+01 -2.1891e+00 -2.7061e+01  3.0104e+01  1.0000e+00
-3.3823e-01  3.4225e-01  1.2579e-01  2.5384e+01 -1.2787e+01 -7.9639e+00  2.9517e+01  1.0000e+00
-8.3574e-02  1.3547e-02  1.2250e-01  2.1967e+01  6.2846e+00 -3.9226e+01  4.5395e+01  1.0000e+00
-1.7687e-02 -9.6629e-02  2.1734e-01  1.5153e+01  1.6263e+01 -1.8209e+01  2.8735e+01  1.0000e+00
 1.2516e-01  9.2514e-02  8.9689e-02 -1.7708e+01 -2.1474e+01 -2.0431e+01  3.4527e+01  1.0000e+00
-1.0906e-01 -4.7872e-03  5.2054e-02  3.1568e+01 -3.8955e+01 -1.1659e+01  5.1478e+01  1.0000e+00
-3.5379e-02 -4.7337e-02 -1.5784e-02  4.6569e+00 -3.2665e+01  2.4173e+01  4.0903e+01  1.0000e+00
 6.2535e-03 -9.7714e-02 -4.2777e-02  3.2085e+01  2.9961e+01  1.3892e+01  4.6044e+01  1.0000e+00
 4.2776e-02  7.6593e-02  1.2782e-01 -2.1438e+01 -1.4885e+00 -3.6868e+01  4.2674e+01  1.0000e+00
-4.1111e-02  2.8092e-02 -5.1057e-02  1.9585e+01 -1.5165e+01  5.7088e+00  2.5419e+01  1.0000e+00
-1.0054e-01 -7.9926e-03 -4.8843e-03  3.4742e+01 -2.2469e+01 -9.1450e+00  4.2373e+01  1.0000e+00
 2.0592e-01  9.4395e-02  1.4234e-01 -1.7719e+01 -2.1329e+01 -2.3678e+01  3.6462e+01  1.0000e+00
-6.1023e-01 -2.8540e-02 -3.4592e-02  1.8623e+01 -3.5399e+00 -1.3851e+01  2.3477e+01  1.0000e+00
 6.1465e-02 -6.2882e-02 -7.5441e-02 -1.3577e+01  2.8444e+01 -4.9264e+00  3.1900e+01  1.0000e+00
-5.3044e-02  3.8215e-01  3.0986e-02  1.1882e+00 -3.2273e+01 -2.3794e+00  3.2383e+01  1.0000e+00
-4.5566e-02 -1.2755e-01 -1.2031e-01  4.7462e+01  1.9507e+01  1.5930e+01  5.3730e+01  1.0000e+00
 1.6873e-02 -5.6626e-02 -8.4106e-02  1.3491e+01  2.1226e+01 -7.7671e+00  2.6323e+01  1.0000e+00
-7.4105e-02  2.1813e-01  1.8685e-01  2.7101e+00 -3.2058e+01 -2.1900e+01  3.8919e+01  1.0000e+00
-1.1243e-02 -5.0067e-02  8.5495e-02 -1.4653e+01 -8.4457e+00 -3.8539e+01  4.2086e+01  1.0000e+00
 4.9697e-01  2.7707e-01 -2.3784e-01 -5.9596e+00 -9.1168e-01  1.0029e+01  1.1702e+01  1.0000e+00
 2.7313e-02 -1.1532e-01 -1.8723e-01  4.3432e+00  1.2166e+01  5.4961e+01  5.6459e+01  1.0000e+00
 3.3585e-01  2.3932e-01  3.4714e-01 -8.7996e+00 -5.8562e+00 -8.7525e+00  1.3724e+01  1.0000e+00
-3.3196e-02 -7.5393e-02  6.1156e-03  4.1149e+01 -3.3874e+01 -1.0249e+01  5.4274e+01  1.0000e+00
 6.8597e-02 -1.1192e-01 -4.5244e-02 -3.1020e+01  3.6167e+01  2.1948e+01  5.2459e+01  1.0000e+00
-1.3135e-02  6.5749e-02  2.2990e-02  9.3929e+00 -2.6105e+01 -1.1856e+01  3.0171e+01  1.0000e+00
 8.6311e-02 -3.0333e-02 -3.3149e-02 -4.0163e+01 -2.0251e+01  1.8281e+01  4.8553e+01  1.0000e+00
 7.4818e-03  6.6943e-02 -2.0145e-01  2.3598e+00 -1.4364e+01  4.3999e+01  4.6345e+01  1.0000e+00
 1.0345e-01 -8.2380e-02 -1.0890e-01 -8.4755e+00  4.5874e+01  4.5134e+01  6.4910e+01  1.0000e+00
-1.3535e-01 -7.5607e-02  6.2972e-02  4.9301e+00 -1.3741e+01 -3.5858e+01  3.8716e+01  1.0000e+00
-1.4811e-03 -5.0526e-02 -1.4083e-02  3.6249e+01  3.7953e+01  2.3825e+01  5.7637e+01  1.0000e+00
-1.8666e+00 -1.5582e+00  5.3675e-01 -5.2894e+01 -6.4102e+01  3.0169e+01  8.8414e+01  1.0000e+00
 3.6622e-02 -7.7696e-02 -4.5323e-02 -1.1293e+01 -4.8487e+00  1.1752e+00  1.2346e+01  1.0000e+00
 1.3276e-02 -1.1302e-01 -9.6694e-02  1.1582e+01  1.3881e+00  3.8113e+01  3.9858e+01  1.0000e+00
-4.0952e-02 -2.8911e-02  4.9974e-04  2.6365e+00  2.2675e+00  3.2419e+00  4.7542e+00  1.0000e+00
 6.5698e-02 -4.6421e-02 -9.1835e-02  1.8296e+01  5.6993e+00  6.3749e+00  2.0196e+01  1.0000e+00
-1.8672e-01  2.9343e-02  1.6890e-02  2.7374e+01 -2.6642e+01  8.2194e+00  3.9073e+01  1.0000e+00
 2.0016e-01 -1.3225e-02  3.2760e-02 -3.8905e+01 -3.3328e+01  2.2142e+00  5.1277e+01  1.0000e+00
-3.8488e-02 -3.2064e-02  2.3274e-02 -2.7625e+01 -9.2103e+00  2.8088e+01  4.0459e+01  1.0000e+00
-8.2320e-02  2.0779e-01 -3.0916e-01  9.9513e+00 -3.5845e+00  2.8687e+01  3.0575e+01  1.0000e+00
 3.1355e-01  1.6448e-01  1.8464e-01 -2.4690e+01 -1.1226e+01 -2.2781e+01  3.5420e+01  1.0000e+00
-7.6499e-01  4.7105e-01 -1.5247e-01  1.1414e+01  1.1213e+01  8.1293e+00  1.7947e+01  1.0000e+00
 1.4898e-03 -1.3052e-01  1.0289e-01 -1.0222e+01  3.0770e+01 -2.9843e+01  4.4067e+01  1.0000e+00
-2.2979e-01  1.3855e-01  1.1552e-01  1.9757e+01 -2.9198e+01 -2.1806e+01  4.1453e+01  1.0000e+00
 2.6122e-01  3.9741e-01 -5.0810e-01 -1.1449e+01  2.0936e+01 -7.6196e+00  2.5049e+01  1.0000e+00
 1.5365e+01 -1.9554e+01  1.3582e+01  3.8386e+02 -4.7418e+02  3.0947e+02  6.8408e+02  1.0000e+00
 1.8326e-01 -6.3512e-03  2.9583e-02 -3.2270e+01 -2.4692e+01  1.0744e+01  4.2030e+01  1.0000e+00
 9.5242e-02 -4.2618e-02 -5.2406e-02 -1.5560e+01  4.5600e+01 -1.2423e+01  4.9757e+01  1.0000e+00
-1.2091e-01  8.8330e-03  5.9049e-02  2.2603e+01 -1.5358e+01 -1.6927e+01  3.2145e+01  1.0000e+00
-9.3663e-02 -2.1306e-01  7.4448e-02 -6.0690e+00  2.4080e+01 -3.1938e+01  4.0456e+01  1.0000e+00
-3.0629e-02 -9.9654e-02 -3.3303e-02 -1.4072e+01 -1.8777e+01  1.5061e+01  2.7882e+01  1.0000e+00
-1.4084e-01  1.2212e-01 -1.4745e-01  3.3170e+01 -1.6404e+00  2.5875e+01  4.2101e+01  1.0000e+00
 1.3822e-01 -1.1699e-01 -6.3430e-02 -4.0432e+01  3.5973e+00  3.3792e+01  5.2816e+01  1.0000e+00
-1.9546e-03 -3.8073e-01  1.8932e-01 -5.3748e+00  2.9719e+01  2.2134e+00  3.0282e+01  1.0000e+00
-4.1249e-02 -1.4184e-01  8.9099e-02  2.3977e+01  2.3854e+01 -4.2193e+01  5.4076e+01  1.0000e+00
 1.3983e-01 -1.2394e-01 -6.2735e-02 -4.1646e+01  3.0312e+01  3.2710e+01  6.1018e+01  1.0000e+00
-5.5540e-01  4.0840e-01  7.1148e-01 -1.2092e+01  6.2787e-01  1.3943e+01  1.8467e+01  1.0000e+00
-1.2344e-01 -7.9464e-02 -8.2366e-02  1.5743e+01  1.2213e+01  4.4327e+01  4.8600e+01  1.0000e+00
 1.8103e-01  1.1280e-03  4.6019e-02  2.3804e+00 -1.9732e+01  1.6485e+01  2.5822e+01  1.0000e+00
-9.5768e-02  5.6589e-02 -2.6914e-01  2.1124e+01  8.1591e+00  3.0724e+01  3.8168e+01  1.0000e+00
 3.1111e-02 -7.5000e-02 -6.6202e-02 -3.6569e+01 -2.4427e+01  4.1794e+01  6.0669e+01  1.0000e+00
 1.3181e-01 -3.9851e-01 -9.9556e-02  4.0761e+01  2.1346e+01 -1.5013e+01  4.8399e+01  1.0000e+00
 4.9191e-02 -9.7461e-02  8.2828e-02 -1.9164e+01  2.0483e+01 -3.8937e+01  4.7988e+01  1.0000e+00
-8.3016e-02  1.3081e-02 -2.5752e-02 -1.9111e+01  2.7917e+01  3.2398e+00  3.3987e+01  1.0000e+00
-1.3373e-03 -2.4945e-01  4.6865e-02  1.7408e+01  2.8069e+01 -3.8413e+01  5.0660e+01  1.0000e+00
-1.6074e-02  1.4922e-01 -3.3376e-02 -1.5792e+01 -6.8513e-01 -1.5015e+01  2.1802e+01  1.0000e+00
 2.6167e-01 -2.3380e-01  7.6710e-02  1.8909e+00  3.5350e+00 -1.7176e+01  1.7638e+01  1.0000e+00
 4.3729e-02 -2.4197e-02 -9.4161e-02  1.3306e+01  1.1302e+01  4.0445e+01  4.4052e+01  1.0000e+00
-3.8833e-02 -7.8580e-02  1.5516e-02  1.7856e+01 -6.9388e+00  3.9192e+00  1.9553e+01  1.0000e+00
 1.2479e-01  5.2246e-02  2.0023e-01 -1.7461e+01 -1.7869e+01 -1.5709e+01  2.9512e+01  1.0000e+00
-1.9480e-01  1.2888e-02 -1.2167e-01  1.6803e+01 -3.4392e+01  2.7790e+01  4.7301e+01  1.0000e+00
-1.4552e-01  1.2127e-03  1.9846e-01  2.9744e+00 -1.5901e+01 -4.3992e+01  4.6872e+01  1.0000e+00
 1.2562e-01 -4.6183e-02 -6.4430e-02 -9.0384e+00  2.6197e+01  2.6513e+01  3.8353e+01  1.0000e+00
 6.2983e-03 -8.9472e-02 -1.1507e-01 -1.5247e+01 -1.1125e+01 -6.2576e+00  1.9885e+01  1.0000e+00
 2.0930e-01 -9.4298e-02  3.2549e-02 -4.5620e+01  1.3781e+01 -1.6677e+01  5.0490e+01  1.0000e+00
 5.4665e-01  4.1866e-01 -2.3965e-01  1.7641e+01  8.7360e+00  1.5984e+01  2.5358e+01  1.0000e+00
 2.2577e-01 -1.6726e-01 -9.5549e-02 -2.4747e+01  2.2919e+01 -1.0852e+01  3.5432e+01  1.0000e+00
 6.9239e-01  7.2989e-01  4.8836e-01  1.0629e+00  2.8011e+01  5.2070e-01  2.8036e+01  1.0000e+00
 8.8047e-02  7.8959e-02  6.8503e-02 -1.9796e+01 -1.9850e+01 -2.4777e+01  3.7414e+01  1.0000e+00
 6.8940e-01  1.5044e+00  1.4496e+00  7.5623e-01  6.5664e+01  4.2180e+01  7.8048e+01  1.0000e+00
 1.7188e-03 -2.0841e-01  1.2438e-01  2.5768e+01 -1.9472e+00  9.3049e+00  2.7466e+01  1.0000e+00
-9.8839e-02  6.7792e-02  4.0673e-02  3.1910e+00 -3.5852e+01 -3.0935e-01  3.5995e+01  1.0000e+00
-3.1368e-01 -7.2688e-01 -9.7729e-01 -3.0070e+00  1.0173e+00 -4.9280e+00  5.8619e+00  1.0000e+00
 1.4367e-01 -9.0823e-02 -6.9139e-02 -3.8610e+01 -1.0538e+01 -1.7166e+01  4.3548e+01  1.0000e+00
-2.6165e-02 -4.7159e-02 -1.4411e-02  5.4082e+01  1.0915e+01 -1.7359e+01  5.7839e+01  1.0000e+00
 1.3189e-01  7.1426e-02 -3.1569e-03 -2.9324e+01 -4.3858e+01 -4.0731e+00  5.2915e+01  1.0000e+00
 2.0784e-01 -1.3694e-01 -9.8490e-03 -1.5559e+01  3.0232e+01 -2.1711e+01  4.0342e+01  1.0000e+00
-6.5929e-03 -9.8107e-02 -6.3138e-02 -4.2916e-01  5.3286e+01  9.8099e+00  5.4183e+01  1.0000e+00
 2.7938e-02 -1.0898e-01 -4.1064e-02  1.8122e+01 -2.3061e+01 -3.4651e+00  2.9534e+01  1.0000e+00
-2.6201e-02 -2.2383e-03  7.2391e-02  1.5447e+01  2.2364e+01 -3.5158e+01  4.4439e+01  1.0000e+00
-3.2054e-03 -2.1952e-01 -2.3216e-02 -1.6573e+01  3.9617e+01  1.2606e+01  4.4756e+01  1.0000e+00
 6.8827e-02 -1.4540e-01 -6.0750e-02  2.4891e-01  5.0684e+01  2.4177e+01  5.6156e+01  1.0000e+00
-2.4102e-02 -5.7892e-02 -3.9197e-02  1.8721e+01  1.8199e+01  1.1101e+01  2.8371e+01  1.0000e+00
-1.4415e-01  1.5933e-01  3.3688e-02  3.3133e+01 -2.4418e+01 -4.3450e+00  4.1387e+01  1.0000e+00
 4.8784e-02  7.1923e-02  1.6473e-01  2.5424e+00 -2.4058e+01 -3.4631e+01  4.2243e+01  1.0000e+00
 2.3489e-02 -1.8629e-01 -1.0231e+00  2.0094e+01  5.4681e+00 -4.7579e+01  5.1937e+01  1.0000e+00
 1.2647e-01 -1.8689e-01  2.2504e-01 -1.9054e+01  1.6455e+01 -3.2034e+01  4.0743e+01  1.0000e+00
 3.2360e-01  2.1974e-01 -7.3728e-02 -2.0533e+01 -2.0328e+01  2.5225e+00  2.9003e+01  1.0000e+00
-3.5530e-01 -2.8530e-02  1.7278e-01  3.0111e+01  3.3430e+00 -1.4094e+01  3.3414e+01  1.0000e+00
-1.5373e-01  4.9686e-02 -1.0810e-01  4.2858e+01 -1.9351e+01  4.8714e+00  4.7275e+01  1.0000e+00
-2.0258e-02 -4.2823e-03 -1.2549e-01  2.2281e+01  1.2608e+01  6.6563e+00  2.6452e+01  1.0000e+00
 2.6931e-02 -1.6130e-01  7.6823e-02  1.4098e+00  3.3656e+01 -2.3577e+01  4.1116e+01  1.0000e+00
 1.6476e-02 -1.1122e-01 -6.0315e-02 -2.4179e+01  5.6798e+00  1.6084e+01  2.9590e+01  1.0000e+00
 9.5198e-02 -2.2407e-01  1.1476e-01 -1.8425e+01  3.9662e+01 -9.0342e+00  4.4656e+01  1.0000e+00
 1.9551e-01  9.9853e-02 -7.3990e-03 -3.3588e+01 -2.1192e+01  4.9995e+00  4.0028e+01  1.0000e+00
-3.2336e-02  7.2176e-02 -2.2176e-01  1.7109e+00 -3.3484e+01  3.3060e+01  4.7085e+01  1.0000e+00
-5.4359e-03 -1.5864e-01 -1.8274e-01  3.1365e+01  3.7282e+01  2.5190e+01  5.4848e+01  1.0000e+00
-3.6830e-02 -7.9582e-03  1.0350e-02  5.4690e+00  2.1597e+01 -3.0534e+01  3.7798e+01  1.0000e+00
-5.9713e-02 -1.1185e-01  7.2264e-02 -3.0157e+00  3.3200e+01 -4.1416e+01  5.3166e+01  1.0000e+00
-6.9203e-04  9.7201e-02  1.8796e-01 -7.3489e+00 -2.5525e+01 -3.2469e+01  4.1950e+01  1.0000e+00
-2.6413e-02 -1.9452e-02  5.5968e-02 -1.1400e+01 -4.2809e+01 -2.7639e+01  5.2215e+01  1.0000e+00
 1.1963e-02 -5.6222e-02 -1.2147e-01 -2.3544e+01 -2.6861e+00  8.6067e+00  2.5211e+01  1.0000e+00
-5.7856e-02  8.3762e-02  1.7577e-01  7.4058e+00 -2.1656e+01 -3.6926e+01  4.3444e+01  1.0000e+00
-1.9500e-01  4.5303e-02 -7.5850e-02  3.5256e+01 -2.8807e+01  1.8661e+01  4.9204e+01  1.0000e+00
-7.2390e-02 -1.7276e-01  6.2749e-02  2.7035e+01  3.2478e+01 -1.5815e+01  4.5120e+01  1.0000e+00
 2.5163e-02 -1.5195e-02 -5.4851e-02  4.1033e+01 -2.0101e+00  2.0278e+00  4.1133e+01  1.0000e+00
-2.2654e-01 -2.8731e-01  8.1339e-01 -2.9963e+00 -1.2623e+01  5.8287e+00  1.4223e+01  1.0000e+00
 9.2314e-02 -9.8661e-02 -3.8117e-02 -3.8527e+01  8.5873e+00  3.7116e+01  5.4182e+01  1.0000e+00
-1.5180e-02 -3.8390e-02 -3.7266e-02 -7.9328e-01 -2.0737e+01  4.1539e+01  4.6434e+01  1.0000e+00
-2.9333e-04  6.7611e-02  1.6495e-01 -1.5366e+01 -2.1691e+01 -3.3335e+01  4.2636e+01  1.0000e+00
-4.7586e-02 -5.6667e-02 -3.7673e-02  1.7551e+01  1.2980e+01 -5.9209e+00  2.2618e+01  1.0000e+00
-6.0077e-02 -3.6042e-02 -1.5419e-02  4.6514e+01 -3.3402e+01 -6.6028e+00  5.7644e+01  1.0000e+00
-1.8752e-01  2.0982e-02  1.1072e-01  2.2208e+01 -3.6047e+01 -2.2460e+01  4.7927e+01  1.0000e+00
-7.9281e-02 -9.8056e-02 -1.4337e-01  3.2228e+01  3.5641e+01  1.7045e+01  5.0984e+01  1.0000e+00
-7.1102e-02 -6.8970e-03 -4.9145e-02  4.2340e+00 -4.3823e+01 -4.6234e+01  6.3843e+01  1.0000e+00
-6.5372e-02 -7.5938e-02  3.2292e-02  1.9428e+01 -1.4838e+01 -2.6958e+01  3.6392e+01  1.0000e+00
 1.7197e-01 -3.2106e-01 -1.4470e-01 -3.1972e+01 -3.7556e+00  2.2473e+01  3.9259e+01  1.0000e+00
-1.6436e+01  1.9860e+01 -1.2512e+01 -3.7964e+02  4.7214e+02 -3.1702e+02  6.8377e+02  1.0000e+00
 1.1913e-01 -3.9231e-01 -9.0416e-02  3.4458e+01  7.1710e+00  1.5362e+01  3.8403e+01  1.0000e+00
 3.4146e-02 -1.8034e-01  1.0137e-01  3.3149e+00  2.7566e+01 -4.2897e+01  5.1099e+01  1.0000e+00
 3.3615e-04 -9.4901e-02  2.5254e-02 -3.4832e+01  3.4472e+01 -4.1063e+00  4.9178e+01  1.0000e+00
 1.3890e-01 -8.7665e-02 -8.1705e-02 -5.4042e+01 -1.1865e+01  2.0619e+01  5.9046e+01  1.0000e+00
 1.6121e-01 -3.6265e-02 -1.6198e-01 -5.0819e+01 -9.5972e+00 -5.5531e+00  5.2014e+01  1.0000e+00
-1.0717e-01  4.3563e-02  2.2177e-01  3.5652e+01  1.0483e+00 -3.8417e+01  5.2422e+01  1.0000e+00
-7.4988e-02  9.3497e-02 -9.1665e-02  3.7084e+01 -2.7325e+01  1.5970e+00  4.6091e+01  1.0000e+00
-5.4643e-02  1.2343e-01 -1.2431e-01 -1.8569e+00 -4.5241e+01  7.4052e+00  4.5880e+01  1.0000e+00
-6.7725e-04 -9.4214e-02 -1.2495e-01  5.2572e+00 -9.0982e+00  4.2126e+01  4.3417e+01  1.0000e+00
 3.1999e-01  1.1240e-01 -1.3515e-01 -2.7922e+01 -2.6978e+01 -3.8595e+00  3.9017e+01  1.0000e+00
 1.1441e-02 -2.4115e-02 -2.6004e-01  4.7815e+00 -1.9041e+01  4.1653e+01  4.6048e+01  1.0000e+00
-6.3689e-03 -2.1176e-01  1.0504e-01 -1.3479e+01  5.2595e+01 -6.4795e+00  5.4680e+01  1.0000e+00
 2.1740e-01 -1.5010e-01  2.5653e-01 -2.5670e+01  1.0546e+01 -2.6728e+01  3.8530e+01  1.0000e+00
-2.0685e-01  1.2102e-01 -4.2802e-03  3.1340e+01 -2.4409e+01 -1.1051e+01  4.1232e+01  1.0000e+00
-2.7173e-01  1.4857e-02 -1.5455e-01  4.4576e+01  5.9056e+00  4.6929e+00  4.5210e+01  1.0000e+00
 7.7793e-02 -5.5412e-02 -7.4947e-02 -3.6020e+01 -4.0228e+01  2.9580e+01  6.1569e+01  1.0000e+00
 3.1923e-02 -9.0805e-02 -5.6231e-02  2.5259e+01  1.3967e+01  3.1340e+01  4.2606e+01  1.0000e+00
-2.8314e-02 -3.3749e-02 -4.6314e-02  1.8961e+01  3.8950e+01 -4.5019e+01  6.2477e+01  1.0000e+00
 1.1169e-01 -3.2235e-01 -1.8948e-01  2.3964e+01  3.0811e+01  1.5577e+01  4.2026e+01  1.0000e+00
-3.6379e-02 -1.3321e-01  1.1523e-01  3.2813e+01  2.9799e+01 -1.1208e+01  4.5719e+01  1.0000e+00
 1.3328e-02  7.6805e-02  1.2924e-01 -1.4337e+01 -1.2930e+01 -3.2878e+01  3.8127e+01  1.0000e+00
-6.3678e-02 -7.0908e-02 -2.9079e-02  5.0694e+01  2.9974e+01  1.2463e+01  6.0197e+01  1.0000e+00
-4.8403e-02 -1.0197e-01 -5.3939e-02  3.5499e+00  5.8239e+00  3.9449e+01  4.0034e+01  1.0000e+00
 4.3735e-01 -4.4576e-02  3.1786e-01 -2.0945e+01 -1.8530e+01 -7.5915e+00  2.8977e+01  1.0000e+00
-6.9616e-02  1.0491e-01 -8.9703e-02 -3.3431e+00 -3.6426e+01  2.2020e+01  4.2695e+01  1.0000e+00
 6.6907e-02 -2.1727e-01  2.0452e-01 -4.0641e+00  3.0100e+01 -1.1764e+01  3.2571e+01  1.0000e+00
 8.3854e-01  1.8768e-01  4.3334e-01  3.3307e+00  2.8805e+01  1.6507e+01  3.3366e+01  1.0000e+00
 2.4441e-01  1.3109e-01  1.7695e-01  6.0012e+00 -3.3530e+01 -2.4825e+01  4.2149e+01  1.0000e+00
 2.9804e-01 -7.5792e-02 -4.7564e-02 -9.9608e+00  4.2512e+01  9.2343e-02  4.3663e+01  1.0000e+00
 2.1729e-01 -6.0190e-02  9.9503e-03 -3.4805e+01  5.5564e-01 -2.1578e+01  4.0954e+01  1.0000e+00
-3.1374e-02 -1.3844e-01  9.6994e-02 -1.6748e+01  3.7456e+01 -3.5281e+01  5.4113e+01  1.0000e+00
-3.1180e-02 -2.3604e-02 -5.7023e-03  2.7306e+01 -4.7048e+01 -3.2634e+01  6.3436e+01  1.0000e+00
 1.8927e-01 -6.6917e-03 -3.4821e-02 -4.7565e+01 -9.3516e+00 -1.2838e+01  5.0146e+01  1.0000e+00
-3.0569e-02 -3.3114e-02  1.2641e-02  2.4951e+01 -3.4061e+01  3.4246e+01  5.4364e+01  1.0000e+00
-1.2649e-01 -1.6462e-01  1.2475e-01  3.0228e+01  3.1644e+01 -2.0720e+01  4.8419e+01  1.0000e+00
 5.1650e-01 -8.1589e-02  1.4675e+00  1.0742e+01 -6.9756e+00  9.7847e+00  1.6118e+01  1.0000e+00
 6.4387e-02 -7.2716e-02 -6.9575e-02 -2.7120e+01 -9.6271e+00  3.2426e+01  4.3354e+01  1.0000e+00
 1.0483e-01 -1.8182e-01  1.7113e-02 -4.4969e+01  3.0698e+01  1.2124e+01  5.5781e+01  1.0000e+00
-1.1096e+00  2.3872e+00 -1.6195e+00 -4.3044e+01  4.5867e+01 -2.7676e+01  6.8720e+01  1.0000e+00
 1.9903e-01 -2.6616e-01 -6.3376e-02 -2.3576e+01  6.3326e+00 -3.4830e+00  2.4659e+01  1.0000e+00
-3.9285e-01  2.4178e-01  6.1496e-02 -1.1952e+01 -2.6728e+01  1.0681e+01  3.1166e+01  1.0000e+00
 1.3477e-01 -5.3974e-02 -7.2681e-02 -3.5950e+01 -2.0271e+01 -2.0067e+01  4.5891e+01  1.0000e+00
 1.0963e-01 -9.9619e-02 -1.0334e-01 -3.0331e+01 -5.9591e-01  4.5363e+01  5.4572e+01  1.0000e+00
 2.6060e-02  1.7406e-01  4.4807e-02 -2.4745e+00 -3.7802e+01 -1.0279e+01  3.9253e+01  1.0000e+00
 6.2352e-01  4.4444e-01 -2.8011e-01 -1.1181e+01 -4.3172e+00 -5.3959e+00  1.3144e+01  1.0000e+00
-1.1270e-01  5.3724e-02  1.7337e-01  1.9143e+01 -7.4932e+00 -3.3848e+01  3.9602e+01  1.0000e+00
-1.2030e-02 -4.9899e-02 -6.1171e-02  2.4875e+01  2.8036e+01 -5.3507e+00  3.7861e+01  1.0000e+00
-2.7488e-02 -6.6438e-02  1.2154e-04  1.4009e+01 -2.3663e+00 -1.0569e+01  1.7708e+01  1.0000e+00
 1.4317e-01 -2.1669e-01 -2.1160e-01 -3.9668e+01 -1.8837e+01  8.6320e+00  4.4754e+01  1.0000e+00
-1.0259e-01 -1.0307e-01 -2.5606e-01  2.1416e+01  2.9639e+01  2.8298e+01  4.6238e+01  1.0000e+00
 1.1058e-01  6.5630e-02 -6.0563e-02 -1.8621e+01 -1.1174e+01 -2.7540e+01  3.5073e+01  1.0000e+00
 1.2905e-02 -8.7697e-02 -5.8554e-02  3.6067e+00 -2.3360e+01  1.5881e+01  2.8476e+01  1.0000e+00
-1.7134e-02  2.9299e-02  3.8497e-03 -2.2720e+00 -1.6296e+01  1.5072e+00  1.6522e+01  1.0000e+00
 1.9356e-01  1.3282e-01  2.8149e-01 -3.0865e-01  2.2839e+01  1.3108e+01  2.6335e+01  1.0000e+00
 1.7378e-02 -4.5269e-02 -2.6234e-01  2.2804e+01  1.2097e+01  2.7859e+01  3.7980e+01  1.0000e+00
 1.5937e-01 -1.2507e-01  3.8216e-03 -3.4819e+01  7.0188e+00 -3.0514e+00  3.5650e+01  1.0000e+00
 6.1167e-02 -1.1561e-01 -1.0603e-01 -3.2964e+01 -1.1000e+01  2.1258e+01  4.0738e+01  1.0000e+00
-1.4114e-01  2.9800e-01 -2.9132e-02  7.6401e+00 -3.5832e+01  5.3596e+00  3.7028e+01  1.0000e+00
 1.5159e-01 -6.1601e-02 -9.1264e-02 -5.0670e+01  1.3384e+01  2.5260e+01  5.8178e+01  1.0000e+00
-9.1192e-01 -5.6210e-01  1.0405e+00 -1.3511e+01  4.8361e-01  9.6690e+00  1.6621e+01  1.0000e+00
-4.6593e-02 -1.0096e-01  3.2231e-02  6.1042e+00  6.8078e+00 -4.9750e+01  5.0583e+01  1.0000e+00
 4.9233e-03 -1.1416e-01 -8.1068e-02 -1.4013e+01  2.4873e+01 -2.4627e+01  3.7703e+01  1.0000e+00
-2.0976e-01  3.7441e-02 -1.2442e-01  4.6650e+01 -2.0938e+01  2.0069e+01  5.4931e+01  1.0000e+00
-6.2831e-02  7.0149e-02  3.1702e-02  4.9097e+01 -4.1172e+01 -1.8061e+01  6.6572e+01  1.0000e+00
-9.6420e-02 -2.3309e-01  9.3880e-02  4.1112e+00  3.3332e+01 -2.3700e+01  4.1104e+01  1.0000e+00
 1.6120e-01 -1.5351e-01 -9.3800e-02 -4.6589e+01  2.3193e+01  2.2283e+01  5.6612e+01  1.0000e+00
-2.3244e-03 -1.3540e-01 -5.8173e-02  2.7001e+01 -1.1997e+01  3.1332e+01  4.3066e+01  1.0000e+00
-2.1887e-02 -1.5292e-01 -3.8093e-02 -7.3514e+00 -1.9692e+01  4.4024e+01  4.8785e+01  1.0000e+00
 4.6066e-02 -9.4938e-02 -1.2032e-01 -2.6995e+01 -9.9817e+00  1.6279e+01  3.3066e+01  1.0000e+00
 1.6267e-01 -4.0014e-02 -9.5706e-02 -3.9206e+01  4.5040e+01  1.4977e+01  6.1563e+01  1.0000e+00
 3.4245e-02 -9.5269e-02 -7.5747e-02 -2.6000e+01  4.7051e+01  1.6563e+01  5.6251e+01  1.0000e+00
-2.7315e-02 -5.8613e-02 -5.6980e-02  3.4400e+01  1.4645e+00 -1.8334e+01  3.9009e+01  1.0000e+00
 1.4188e-01  2.5483e-02 -6.8609e-02 -4.0063e+01 -2.6629e+01  2.2412e+01  5.3070e+01  1.0000e+00
-2.1768e-02 -1.3967e-01 -6.3124e-02  3.4854e+01  2.6146e+01  3.3649e+01  5.5052e+01  1.0000e+00
 1.2585e-01 -9.4793e-02 -1.2800e-01 -2.0731e+00  3.9022e+01  1.8962e+01  4.3435e+01  1.0000e+00
 6.5756e-01 -3.0116e-02 -3.8572e-01  5.4182e+00  1.2774e+01 -1.5608e+01  2.0884e+01  1.0000e+00
 3.0440e-02 -1.1086e-01  8.7630e-02  5.4826e+00  3.1488e+01 -3.2220e+01  4.5384e+01  1.0000e+00
-1.0254e-01 -1.3511e-01 -9.0788e-02  6.9589e+00  5.0094e+01  1.6354e+01  5.3153e+01  1.0000e+00
 1.7444e-04 -1.5291e-01  1.4314e-02  2.8999e+00  4.7970e+01  2.3772e+01  5.3616e+01  1.0000e+00
 6.7589e-02 -1.1014e-01 -1.1243e-01 -1.5255e+01  4.2502e+01  4.0493e+01  6.0653e+01  1.0000e+00
-1.3632e-01  1.6268e-02  5.3167e-02 -1.2031e+01 -3.4625e+00  5.2334e+01  5.3811e+01  1.0000e+00
-3.5625e-01  4.9296e-01  1.5063e+00 -6.4635e+00  1.0675e+01  2.5707e+01  2.8576e+01  1.0000e+00
-1.8932e-01  4.1070e-02 -8.2736e-02  4.4005e+00 -1.9754e+01  2.6283e+01  3.3172e+01  1.0000e+00
-2.4532e-01 -1.3985e-01  1.3120e-01  3.0242e+01  2.4397e+01 -9.0718e+00  3.9901e+01  1.0000e+00
 4.4947e-02 -6.0825e-02 -1.0211e-01 -2.3036e+01 -2.6693e+01  7.6389e+00  3.6077e+01  1.0000e+00
 4.8948e-03  1.1598e-01  2.3376e-01 -1.3163e+01 -2.4576e+01 -3.4842e+01  4.4623e+01  1.0000e+00
-7.0706e-02 -3.2767e-04 -4.6612e-02  6.4457e+00  1.1795e+01 -1.0359e+01  1.6970e+01  1.0000e+00
 3.8044e-02 -5.8985e-02 -7.0965e-02 -6.5674e-01  9.4094e+00  4.1994e+01  4.3041e+01  1.0000e+00
 1.3652e-01 -1.2207e-01  1.3833e-02 -4.1136e+01  3.0598e+01 -4.4339e+00  5.1459e+01  1.0000e+00
-1.9610e-04 -1.4595e-01 -2.3314e-02  1.5116e+01  6.4933e+00  8.7609e+00  1.8639e+01  1.0000e+00
 1.8698e-01  3.7487e-02  3.3815e-02 -3.6885e+01 -1.5895e+01  9.9661e+00  4.1382e+01  1.0000e+00
-1.4923e-01 -6.2124e-02 -2.1463e-02  9.5116e+00 -2.6099e+01 -1.6455e+01  3.2286e+01  1.0000e+00
 1.0256e-02 -7.6717e-02  3.2256e-02  2.9294e+01  2.2595e+01 -4.1663e+01  5.5718e+01  1.0000e+00
-2.2409e-02 -7.1450e-02 -8.9008e-02  3.6994e+01  4.6584e+01 -6.9363e+00  5.9890e+01  1.0000e+00
-1.7341e-02 -1.7197e-01 -5.6275e-02  4.5033e+01  2.5995e+01  1.9324e+01  5.5472e+01  1.0000e+00
 3.7916e-02 -5.8640e-03  5.7991e-03  1.2558e+01 -3.2949e+01 -1.0220e+01  3.6712e+01  1.0000e+00
 2.4195e-01 -1.2546e-01 -1.3480e-01 -4.5634e+01  7.8696e+00 -1.2131e+01  4.7870e+01  1.0000e+00
-7.4552e-01 -7.6451e-01 -4.8432e-02 -5.3480e+00 -6.7766e+00  1.2951e+01  1.5565e+01  1.0000e+00
 3.4418e-02 -5.3239e-02 -1.1401e-01 -2.2382e+01 -3.1601e+01  6.1897e+01  7.3013e+01  1.0000e+00
 1.4500e-01 -1.4202e-01 -5.1660e-02 -3.5571e+01  1.4123e+01 -1.8189e+01  4.2374e+01  1.0000e+00
 1.9249e-01  1.4646e-02  1.1985e-03 -3.0594e+01 -3.9455e+01 -2.6745e+01  5.6639e+01  1.0000e+00
 5.0366e-01 -1.1825e+00  1.4181e+00  1.6291e+01 -4.1041e+01  7.3319e+01  8.5589e+01  1.0000e+00
-2.9309e-01 -1.1741e-01 -2.3665e-01  3.0543e+01  1.0663e+01  1.3781e+01  3.5164e+01  1.0000e+00
-7.8192e-02  6.5421e-02  2.3751e-02  3.3798e+00  5.4266e+00  6.8218e+00  9.3492e+00  1.0000e+00
-3.7189e-02 -1.0306e-01  2.0478e-02  2.0992e+01  1.9681e+01 -4.0405e+01  4.9604e+01  1.0000e+00
 1.5922e-01 -1.1639e-01 -7.4131e-02 -4.2183e+01  1.8519e+01 -3.5195e+01  5.7975e+01  1.0000e+00
 1.1638e-01  8.2390e-02 -3.7976e-01 -9.7054e+00 -1.3960e+01  2.0598e+01  2.6709e+01  1.0000e+00
-1.7520e-01 -7.1960e-01 -4.2040e-01 -2.8938e+01 -1.1899e+01 -2.9794e+01  4.3205e+01  1.0000e+00
-1.3542e-01 -5.4520e-02  1.5145e-01  1.1248e+01 -1.4786e+01 -4.8413e+00  1.9198e+01  1.0000e+00
 1.7077e-01 -6.4058e-02  3.5238e-02 -3.9552e+01  1.0783e+01 -2.2043e+01  4.6546e+01  1.0000e+00
-5.1211e-02 -5.1272e-03  4.7876e-04  5.1315e+00 -6.3244e+00 -9.5847e+00  1.2578e+01  1.0000e+00
 1.0373e-01 -3.4151e-02 -6.8014e-02  6.4888e+00 -1.1618e+01  6.3842e+00  1.4759e+01  1.0000e+00
 2.8738e-02 -3.5424e-01 -2.1913e-01 -1.3480e+01  6.6733e+00  9.5755e+00  1.7831e+01  1.0000e+00
-4.9913e-02 -8.7912e-02 -2.5187e-02  1.4162e+01  5.1859e+01  2.3639e+00  5.3810e+01  1.0000e+00
-3.2295e-03 -1.9048e-02  3.9719e-02  2.8666e+01 -2.8404e+01 -2.1850e+01  4.5891e+01  1.0000e+00
 1.5542e-01 -2.5372e-01  1.3085e-01 -1.5249e+01  1.2330e+01 -3.4723e+01  3.9878e+01  1.0000e+00
-7.9980e-01  2.1384e-01 -3.9385e-01  6.9150e+00 -1.3260e+01 -1.1234e+01  1.8705e+01  1.0000e+00
 2.0665e-01  1.5647e-01 -2.0065e-02 -1.1351e+01 -3.5892e+01  7.6761e+00  3.8419e+01  1.0000e+00
-1.2738e-01 -1.0028e-01  7.6064e-02 -6.8244e+00  2.3106e+00 -4.2299e+01  4.2908e+01  1.0000e+00
 2.2874e-01 -1.5564e-01 -4.6816e-02 -3.1693e+01  3.6365e+01 -1.4763e+00  4.8260e+01  1.0000e+00
-8.0949e-02 -6.0321e-04 -4.1900e-02  1.9372e+01 -8.0468e-01 -1.1633e+01  2.2611e+01  1.0000e+00
-3.1254e-01 -7.7315e-02 -8.8411e-02  3.8304e+01 -1.1246e+01  1.2124e+01  4.1721e+01  1.0000e+00
-1.2846e-01 -4.3058e-01  1.3360e-01 -6.6751e+00  2.3945e+01 -2.2283e+01  3.3383e+01  1.0000e+00
 3.2479e-01  1.2674e-01  1.5022e-01 -2.4292e+01 -1.8173e+01 -1.4734e+01  3.3727e+01  1.0000e+00
-5.4618e-01 -8.8515e-02  3.6103e-01  7.9665e+00  2.2947e+01  7.5334e+00  2.5432e+01  1.0000e+00
 3.3357e-01  1.5931e-01  1.0737e-02 -1.4900e+01 -3.3806e+01  5.4968e+00  3.7351e+01  1.0000e+00
 1.8558e-01 -8.5848e-02 -6.9180e-02 -4.4584e+01 -1.6421e+01 -1.7291e+01  5.0560e+01  1.0000e+00
-1.4895e-01 -5.2496e-02  1.0158e-01  1.9187e+01 -1.9983e+01 -2.6168e+00  2.7826e+01  1.0000e+00
 1.2445e-01 -1.7762e-01  1.5996e-01 -2.5587e+01  1.5920e+01 -3.3575e+01  4.5116e+01  1.0000e+00
 1.0801e-01 -9.1165e-02 -1.3605e-01 -1.9570e+01 -2.3250e+01  4.3516e+01  5.3077e+01  1.0000e+00
-5.2066e-03 -1.9932e-02 -2.9696e-02  2.1656e+01  4.0575e+01 -4.1086e+00  4.6175e+01  1.0000e+00
 4.3341e-01  4.5350e-01  1.9417e-01 -1.3512e+01 -1.0282e+01  5.5209e+00  1.7854e+01  1.0000e+00
 4.9476e-02 -1.2342e-01 -9.2829e-02 -2.6661e+01  5.6825e+01  3.1407e+01  7.0188e+01  1.0000e+00
-4.1911e-01  1.8004e-01 -5.2581e-01  5.2848e+00 -1.0921e+01 -2.7629e+01  3.0176e+01  1.0000e+00
 1.5382e-01 -1.1557e-01 -4.4270e-02 -6.7273e+00  3.8181e+01 -6.3723e+00  3.9289e+01  1.0000e+00
 1.8187e-02  1.0291e-02  1.0803e-03  2.0075e+01  3.8200e+01 -1.4614e+01  4.5561e+01  1.0000e+00
 6.8892e-02 -4.2866e-02  1.0374e-01 -1.7428e+01 -1.9710e+00 -3.3138e+01  3.7493e+01  1.0000e+00
 2.6402e-01  1.7656e-01 -1.0022e-02 -2.0396e+01 -3.3675e+01  8.5353e-01  3.9380e+01  1.0000e+00
 1.5475e-01  3.3132e-01  2.0957e-01 -1.6263e+01 -7.0268e+00 -5.3684e-01  1.7724e+01  1.0000e+00
-2.0922e-01  4.6432e-02 -1.2822e-01  1.0245e+01 -2.5260e+01  2.8684e+01  3.9570e+01  1.0000e+00
 1.6696e-02 -3.1549e-03 -8.0849e-02  2.0705e+01  2.2874e+01  2.1124e+01  3.7392e+01  1.0000e+00
 2.8270e-03 -2.1147e-01  8.1097e-02 -5.8144e+00  4.2953e+01 -8.3415e+00  4.4140e+01  1.0000e+00
-2.3003e-02  8.4236e-03  1.2363e-02  1.0434e+01 -9.9238e+00  3.4244e+00  1.4801e+01  1.0000e+00
 9.3794e-02 -1.4039e-01 -8.3924e-02  1.7629e+01 -3.0715e+00  2.3985e+01  2.9924e+01  1.0000e+00
 9.1980e-03 -7.7287e-03 -1.7882e-01 -1.7494e+01 -1.6169e+00  2.0964e+01  2.7352e+01  1.0000e+00
 1.1278e-01 -8.1583e-02 -9.5915e-02 -5.1945e+01  1.6586e+01  1.1746e+01  5.5780e+01  1.0000e+00
-1.1418e-01  5.1189e-02  3.3981e-02  1.9110e+01 -8.2569e+00 -1.5943e+01  2.6221e+01  1.0000e+00
-3.1077e-02 -2.1082e-01  9.0054e-02  3.7620e+01  1.8195e+01 -3.2223e+01  5.2770e+01  1.0000e+00
-1.6049e-02 -9.9243e-02 -3.1876e-02  2.2273e+01  2.6821e+01  2.3935e+01  4.2289e+01  1.0000e+00
 2.2522e-01 -1.4439e-01 -1.0480e-01 -1.0206e+01  3.1726e+01  2.3379e+01  4.0709e+01  1.0000e+00
-3.8970e-02 -1.3352e-01 -1.9299e-02 -3.1451e+01 -2.6604e+01  5.1934e+01  6.6288e+01  1.0000e+00
-1.6834e-01 -1.9142e-01  1.7699e-02  3.3174e+01  2.5323e+01 -1.6210e+01  4.4772e+01  1.0000e+00
-6.7074e-02  3.9905e-03  1.3649e-02  2.6891e+01 -1.7268e+01 -5.4102e+00  3.2412e+01  1.0000e+00
 6.0387e-02 -3.6420e-02 -6.7341e-02 -4.4495e+00  3.7875e+01  3.7256e+01  5.3313e+01  1.0000e+00
-6.5635e-02  1.4536e-01  1.5687e-01  5.0207e+00 -1.3787e+01 -2.9135e+01  3.2622e+01  1.0000e+00
 2.1169e-01  1.0510e-01 -2.6345e-01 -2.1096e+01 -2.1365e+01  2.3869e+01  3.8356e+01  1.0000e+00
-1.0342e-01 -1.5650e-01 -8.3076e-02 -1.7708e+01  4.7351e+01 -4.1495e+00  5.0723e+01  1.0000e+00
-8.2433e-02  2.9596e-02  1.8939e-01  3.8243e+01 -1.9805e+01 -3.4683e+01  5.5297e+01  1.0000e+00
-1.5209e-01 -5.3829e-02 -2.0545e-01  1.7218e+01 -1.6402e+00  4.2280e+01  4.5681e+01  1.0000e+00
 1.6842e-01 -1.7402e-01 -5.0351e-02 -5.3893e+01  4.7481e+00 -7.3496e+00  5.4599e+01  1.0000e+00
 1.7609e-02  4.1604e-01  2.1403e-01 -5.1132e-01 -2.7433e+01 -1.0508e+01  2.9381e+01  1.0000e+00
 8.5550e-03 -2.5430e-01  4.3220e-02  8.4659e+00  2.6114e+01  1.3621e+01  3.0645e+01  1.0000e+00
 3.8081e-03 -2.6134e-01  1.0004e-01  1.2710e+01  2.4656e+01 -1.5859e+01  3.1952e+01  1.0000e+00
-1.6292e-01 -4.0707e-03 -1.0850e-01  3.7061e+01 -3.1551e+01  2.5658e+01  5.5021e+01  1.0000e+00
 1.1736e-01 -9.3827e-02 -6.0472e-02 -3.1818e+01 -9.6256e+00  3.8196e+01  5.0635e+01  1.0000e+00
 1.5597e-01 -1.6602e-01  1.6946e-01 -2.3547e+01 -1.7837e-01 -3.5337e+01  4.2464e+01  1.0000e+00
-1.8403e-01  5.9387e-02 -1.4657e-01  2.4095e+01 -1.3292e+01  4.4318e+01  5.2166e+01  1.0000e+00
-5.3190e-01 -1.5734e-01  1.8207e+00  9.1703e-01  5.3951e+00  3.5606e+01  3.6024e+01  1.0000e+00
-6.3367e-02  8.1449e-02  1.4967e-01  2.6968e+01  1.2673e+00 -3.2325e+01  4.2116e+01  1.0000e+00
 1.2524e-01 -2.0803e-02  2.4523e-02 -4.1898e+00  1.7641e-02  4.9680e+00  6.4989e+00  1.0000e+00
-9.9391e-02 -1.6072e-01 -6.3998e-02  3.4201e+01  4.1691e+01  2.1611e+01  5.8094e+01  1.0000e+00
 6.0335e-02 -8.7876e-02 -9.1870e-02  1.6217e+00 -1.5329e+01  5.7884e+01  5.9901e+01  1.0000e+00
-2.1561e-01 -4.6384e-01 -2.7669e-01 -4.1038e-01  1.9228e+01  1.4749e+01  2.4237e+01  1.0000e+00
 4.9626e-02 -2.5187e-01  1.0808e-01 -7.4945e+00  3.3484e+01 -3.1729e+01  4.6734e+01  1.0000e+00
 6.6712e-02 -1.5900e-01 -4.1481e-02 -1.5028e+00  3.6054e+01  3.5371e+01  5.0530e+01  1.0000e+00
-4.3504e-03  8.9108e-03 -5.5266e-02 -2.5773e+01 -1.0350e+01  5.7517e+01  6.3872e+01  1.0000e+00
-2.0811e-02 -8.9649e-02  6.0126e-05  1.1705e+01 -1.9799e+01 -1.7022e+01  2.8614e+01  1.0000e+00
-1.0802e-01 -1.2405e-01 -1.5762e-01  2.8093e+01  1.0220e+01  4.8216e+01  5.6731e+01  1.0000e+00
-7.0109e-02 -3.5014e-02 -5.6374e-02  3.5873e+01 -3.8239e+01 -2.5770e+01  5.8423e+01  1.0000e+00
-1.7164e-01  5.8861e-02  1.5973e-01  1.5541e+01 -5.3986e+00 -2.8813e+01  3.3179e+01  1.0000e+00
 1.4739e-02 -3.5157e-02 -7.3739e-03  2.3255e+00 -4.8681e+01 -1.6353e+01  5.1407e+01  1.0000e+00
 2.0352e+00 -2.0340e+00  1.1377e+00  2.6495e+01 -5.2020e+01  3.3450e+01  6.7283e+01  1.0000e+00
 5.1663e-02  4.2229e-01 -1.0925e+00  2.2217e+00 -5.1527e+00 -1.6847e+01  1.7757e+01  1.0000e+00
-1.1222e-01  6.6506e-02  2.0473e-01  3.0223e+01 -2.5242e+01 -3.2776e+01  5.1234e+01  1.0000e+00
-2.5807e-02  1.1493e-01  2.7366e-01  3.4447e+01 -9.3278e+00 -2.0999e+01  4.1407e+01  1.0000e+00
 3.1369e-02  4.7198e-01 -5.1959e-02 -3.6535e+00 -2.7792e+01  4.2745e+00  2.8355e+01  1.0000e+00
 2.8807e-01  2.2241e-01  1.6124e-01 -1.7086e+01 -2.6731e+01 -1.4942e+01  3.5067e+01  1.0000e+00
 6.0942e-02 -8.9764e-02 -5.5356e-02 -2.3653e+01 -1.1097e+01  5.4207e+01  6.0175e+01  1.0000e+00
 3.7128e-01  5.1069e-02  3.0532e-01 -1.9609e+01 -2.1553e+00 -2.2020e+01  2.9564e+01  1.0000e+00
-4.7383e-02 -5.8593e-02 -3.9916e-02 -1.8513e+00 -1.4456e+00 -5.4650e+01  5.4700e+01  1.0000e+00
-1.2609e-01 -9.2579e-02 -7.3503e-02  2.5780e+01  2.7818e+01  3.4657e+01  5.1377e+01  1.0000e+00
-6.8762e-02  4.6661e-02 -3.4745e-02  2.5490e+01 -2.1882e+01  2.9856e+01  4.4944e+01  1.0000e+00
 2.0254e-01  4.7481e-01 -5.4916e-01 -2.0207e+01 -1.8109e+00  1.5189e+00  2.0345e+01  1.0000e+00
-5.0349e-02 -4.9846e-02 -8.2515e-02  2.5365e+01 -6.1654e+00  8.2929e+00  2.7390e+01  1.0000e+00
