# limit = 0.732019
#
# x           y           z           vx          vy          vz          s           m
 5.7062e-01 -4.9616e-01 -1.0481e+00  6.7831e+00 -1.0857e+01 -1.0821e+01  1.6762e+01  1.0000e+00
-1.5159e-02  1.7985e-02 -5.2406e-02  9.0100e+00 -6.6007e+01  2.0724e+01  6.9768e+01  1.0000e+00
-1.2347e-01 -3.6021e-02 -7.4206e-02  4.2595e+01 -2.9043e+01  2.4795e+01  5.7207e+01  1.0000e+00
-5.1737e-02 -4.4547e-02 -6.3264e-02  6.6676e+01  1.2888e+01  3.4686e+01  7.6256e+01  1.0000e+00
 1.1682e-01 -1.7226e-01 -1.8778e-01  5.2582e+00  2.3932e+01  4.4566e+01  5.0857e+01  1.0000e+00
-2.6806e-02  4.7467e-02 -2.0417e-01  9.7463e-02 -3.5764e+01  3.3345e+01  4.8897e+01  1.0000e+00
-4.4552e-02  4.7298e-02  1.3775e-01  2.6649e+01  1.3863e+00 -4.2457e+01  5.0147e+01  1.0000e+00
-3.1375e-02  3.0483e-02 -4.8631e-02  3.7228e+01  2.0382e+01  4.0371e+01  5.8576e+01  1.0000e+00
-1.4443e+00  9.4671e-01  2.1696e+00 -4.6206e+01  3.3852e+01  1.0584e+02  1.2034e+02  1.0000e+00
 5.0258e-02 -3.8358e-02 -3.0014e-02  2.7506e+01 -1.1367e-02  1.8675e+01  3.3246e+01  1.0000e+00
-1.0161e-01 -8.5799e-02 -4.6860e-02  2.9347e+01 -2.6782e+01 -1.9527e+01  4.4270e+01  1.0000e+00
 1.1004e-02 -8.3749e-02  3.2197e-03 -9.5289e+01  3.1565e+01 -1.3264e+01  1.0125e+02  1.0000e+00
 2.4591e-02 -1.9650e-01 -6.7883e-02 -4.2527e+01  3.1749e+01 -2.0130e+01  5.6761e+01  1.0000e+00
 9.4293e-02 -3.1564e-02 -6.5682e-03 -4.0291e+01  5.1520e+01  3.4898e+01  7.4133e+01  1.0000e+00
-1.3310e-02 -5.2959e-02 -6.6929e-02 -5.2724e+01  4.2215e+01  3.1144e+01  7.4377e+01  1.0000e+00
 1.4719e-01 -7.9768e-03  1.5887e-01  8.4305e+00  4.2293e+01 -3.1809e+01  5.3587e+01  1.0000e+00
-1.0126e-01  7.8486e-02  8.7685e-02  1.1616e+01 -2.5039e+01 -6.9366e+00  2.8461e+01  1.0000e+00
 5.2536e-02 -9.1962e-03 -7.2304e-03 -4.0749e+01 -5.5174e+01 -1.1688e+01  6.9579e+01  1.0000e+00
-6.9711e-02 -1.0039e-01 -2.9033e-02  4.4313e+01 -1.5622e+00  3.1777e+01  5.4552e+01  1.0000e+00
 1.4433e+00  1.6642e+00 -9.1735e-01  7.4805e+01  6.0248e+01 -2.5859e+01  9.9469e+01  1.0000e+00
 3.3092e-02 -1.1281e-01 -3.2953e-02 -3.2722e+01  2.7922e+01  4.4371e+01  6.1799e+01  1.0000e+00
 4.0449e-02 -5.0931e-02 -9.6460e-02 -3.7423e+01  1.3766e+01  4.5440e+00  4.0133e+01  1.0000e+00
-4.3469e-02 -1.5671e-01  8.5398e-03 -1.5727e+01 -1.2559e+00  1.0012e+01  1.8686e+01  1.0000e+00
 1.1890e-01 -1.5046e-01  1.6515e-01 -3.1679e+01  1.2323e+01 -4.2725e+01  5.4597e+01  1.0000e+00
 1.5161e-02 -2.3960e-01  1.0251e-01 -1.6389e+01  3.5442e+01 -3.6074e+01  5.3161e+01  1.0000e+00
 1.3019e-01 -4.6323e-02  5.5003e-01  1.3571e+01 -1.7002e+01 -1.4412e+01  2.6095e+01  1.0000e+00
-1.4446e-01  1.7801e-01 -6.5415e-02  4.8948e+01  4.8353e+00  1.5874e+01  5.1685e+01  1.0000e+00
 4.1595e-02 -6.9360e-02 -2.5101e-02 -5.5766e+01 -2.3549e+01  6.5505e+01  8.9192e+01  1.0000e+00
-2.9301e-02 -9.5086e-02 -1.2438e-01 -3.1531e+00 -6.1885e+01 -8.9412e+01  1.0879e+02  1.0000e+00
-4.2808e-02 -7.2764e-02  1.4043e-02  4.5684e+01 -2.9440e+01 -4.4979e+01  7.0547e+01  1.0000e+00
 4.1872e-02 -5.3384e-02 -4.1996e-02 -6.1836e+01  8.4057e+00  3.1504e+01  6.9906e+01  1.0000e+00
 3.0233e-03 -8.3247e-02  1.2471e-02  3.3313e+00 -5.3905e+01 -3.0859e+00  5.4096e+01  1.0000e+00
 4.9816e-02 -3.8588e-02 -7.9796e-03 -2.4141e+01 -5.7640e+01 -2.5499e+01  6.7493e+01  1.0000e+00
-4.7216e-02 -1.4183e-02 -4.0878e-02  8.2001e+00  4.3219e+01  4.6210e+01  6.3800e+01  1.0000e+00
-2.8258e-03 -7.3762e-02  1.3622e-02  2.5156e+01  2.3920e+01  5.5667e+01  6.5603e+01  1.0000e+00
-4.0455e-02 -6.1297e-03 -4.4644e-02  5.3088e+01 -2.1711e+01  3.4555e+01  6.6961e+01  1.0000e+00
 1.3234e+00  3.3060e-01 -5.1884e-01  9.8472e+00  3.0511e-01 -3.6347e+00  1.0501e+01  1.0000e+00
-5.0943e-01  9.5659e-01 -1.7352e+00 -2.9234e+01  5.6050e+01 -6.9964e+01  9.4293e+01  1.0000e+00
-1.3946e-02 -7.8430e-02  9.8527e-02  3.6282e+01  1.4854e+01 -5.3753e+01  6.6532e+01  1.0000e+00
-9.3687e-02  1.9970e-02 -1.1235e-01  3.4119e+01 -3.5961e+01  2.8598e+01  5.7229e+01  1.0000e+00
-8.0569e-02 -1.3089e-01  1.3744e-01 -6.7817e+00 -1.7573e+00 -2.3957e+01  2.4960e+01  1.0000e+00
-2.1910e-02 -3.9382e-02  3.1022e-02  5.1626e+01  2.4173e+01  3.8625e+01  6.8858e+01  1.0000e+00
 1.4110e-02 -4.7303e-02 -2.3298e-02 -1.3837e+01  3.6347e+01 -8.1527e+01  9.0329e+01  1.0000e+00
 1.6580e-02  1.6767e-02 -1.9192e-01 -6.8043e+00 -2.8909e+01  4.8305e+01  5.6705e+01  1.0000e+00
-3.0039e-01 -1.9776e-01 -1.6936e-03  3.6137e+01  1.5626e+01 -4.4838e+00  3.9626e+01  1.0000e+00
 8.7665e-02  3.3503e-01  1.3037e-02 -2.8944e+01 -1.9199e+01 -1.4653e+01  3.7697e+01  1.0000e+00
-7.6860e-05 -7.4829e-02 -5.7422e-02  5.9581e+00 -9.3927e+00  6.8145e+01  6.9047e+01  1.0000e+00
 9.4007e-03  1.7197e-02  7.7352e-02 -1.8589e+01 -1.3303e+01 -5.1717e+01  5.6544e+01  1.0000e+00
-2.0167e-01 -2.9620e-02 -1.0999e-02  1.9895e+01  9.6112e+00 -2.2102e+01  3.1252e+01  1.0000e+00
 7.2582e-03 -5.5902e-02 -1.0805e-01 -7.5946e+01  3.8700e+01 -7.0417e+00  8.5528e+01  1.0000e+00
-2.9635e-03 -6.6392e-02 -5.6211e-02  4.5646e+01 -5.2603e+01 -2.5541e+01  7.4182e+01  1.0000e+00
 1.3501e-03 -8.0638e-02 -8.1029e-02  5.2366e+01 -2.5841e+01 -1.1796e+01  5.9575e+01  1.0000e+00
 1.7949e-01  2.8266e-02 -1.9439e-01 -2.3364e+01  2.2025e+01  1.9235e+01  3.7430e+01  1.0000e+00
-7.1430e-02 -2.4627e-03 -9.0979e-02  5.9200e+01 -4.2970e+01  8.3026e+00  7.3621e+01  1.0000e+00
-5.6404e-02 -5.3369e-02 -1.0748e-01 -4.0414e+01  1.5596e+01  1.9053e+01  4.7324e+01  1.0000e+00
 3.2343e-02 -4.9844e-02 -7.8142e-02 -7.4835e+01  3.2419e+01  5.6678e+00  8.1752e+01  1.0000e+00
-3.7535e-02 -6.4027e-02  4.3355e-02 -1.7122e+01 -1.9167e+01  1.5412e+01  2.9968e+01  1.0000e+00
-1.9249e-02 -1.8336e-01  4.2833e-02  8.2018e+00  3.4841e+01 -3.4105e+01  4.9440e+01  1.0000e+00
 4.2638e-02 -7.8723e-02 -2.7729e-02 -5.5306e+00 -2.7943e+01 -3.5870e+01  4.5804e+01  1.0000e+00
-1.1278e-01 -8.3449e-02 -2.3022e-01  4.0127e+01  2.6430e+01  1.4910e+01  5.0309e+01  1.0000e+00
 1.5082e-02 -6.2582e-02 -4.3536e-02  5.2725e+00  2.0021e+01  2.7349e+01  3.4302e+01  1.0000e+00
 3.9390e-02 -5.0272e-02 -1.0090e-01 -2.0793e+01  6.3406e+01  2.8529e+01  7.2571e+01  1.0000e+00
 1.5943e-02 -3.9297e-02 -6.9005e-02 -5.8774e+01  2.5741e+01  4.0937e+01  7.6111e+01  1.0000e+00
 4.3925e-02 -1.1167e-01 -4.9193e-02  1.7539e+01  9.1587e+00  1.3288e+01  2.3835e+01  1.0000e+00
-8.7743e-02  2.6778e-03 -4.6262e-02  5.3591e+01 -3.7899e+01  1.2858e+01  6.6885e+01  1.0000e+00
 6.8603e-02 -1.0599e-01  1.7123e-02 -2.1062e+01  4.7945e+01 -4.2512e+01  6.7450e+01  1.0000e+00
-2.2413e-03 -1.0840e-01 -9.1434e-02 -2.2297e+01 -1.5258e+01  2.6200e+01  3.7635e+01  1.0000e+00
-5.7708e-02 -8.4453e-04 -6.1258e-02  6.2207e+01 -3.7208e+01 -1.4983e+01  7.4018e+01  1.0000e+00
 1.1674e-01 -4.3220e-02 -1.1055e-01 -1.3788e+01 -7.2734e+00  5.0780e+01  5.3119e+01  1.0000e+00
 5.3729e-02 -1.5727e-01 -4.4382e-02 -2.8983e+01 -2.6299e+01 -1.2230e+01  4.1002e+01  1.0000e+00
-2.4468e-01 -1.4038e-01 -1.0307e-01  3.2774e+01  2.2934e+01  1.4828e+01  4.2661e+01  1.0000e+00
-7.6503e-02 -4.0527e-02  1.0595e-02  2.7707e+01 -3.0840e+01 -6.2129e+01  7.4692e+01  1.0000e+00
 1.7889e-02 -1.0759e-01 -2.1004e-02 -3.6236e-01  1.5359e+01  1.9804e+01  2.5064e+01  1.0000e+00
 2.5635e-02  4.6456e-02  4.2838e-02 -1.4078e+01 -5.1258e+01 -3.5601e+01  6.3976e+01  1.0000e+00
 6.4233e-02 -1.0654e-01 -8.4276e-02 -5.5382e+01  3.0974e+01 -2.0359e+01  6.6642e+01  1.0000e+00
 1.3946e-02 -7.5832e-02  3.0720e-02  1.7506e+01 -2.8839e+01  6.4970e+00  3.4357e+01  1.0000e+00
-1.6441e-02 -1.1644e-01  2.8396e-02 -1.9869e+01  2.6011e+01 -3.7022e+01  4.9416e+01  1.0000e+00
-1.1329e-02 -5.0094e-02  1.1041e-01 -4.4397e+00  3.8684e+01 -3.4750e+01  5.2189e+01  1.0000e+00
-1.5422e-01  1.1844e-01  4.2832e-02  2.5149e+01 -4.5965e+01 -6.9148e+00  5.2849e+01  1.0000e+00
 1.7761e-01  8.4909e-02  5.2656e-02 -3.7009e+01 -2.3302e+01 -8.8423e-02  4.3734e+01  1.0000e+00
 1.2654e-01 -3.0822e-03  5.6745e-02 -1.6803e+00 -1.1650e+01  2.4942e+01  2.7579e+01  1.0000e+00
 2.6723e-02 -8.9020e-02 -8.8512e-03  1.5876e+00  3.9862e+01 -5.3716e+01  6.6909e+01  1.0000e+00
-2.7432e-01  2.7568e-01  6.1032e-01  3.4629e+00 -4.3712e+00 -1.5751e+01  1.6709e+01  1.0000e+00
-8.1264e-02 -3.3580e-02 -9.8999e-02  3.3753e+01 -3.9796e+01 -1.6580e+01  5.4753e+01  1.0000e+00
 9.9375e-04 -3.3903e-02  1.0829e-02  6.1260e+00 -2.5298e+01 -7.2378e+01  7.6916e+01  1.0000e+00
 8.9311e-02 -5.7428e-02 -1.3701e-02 -5.9575e+01 -1.1969e+01 -2.4946e+01  6.5687e+01  1.0000e+00
 6.9641e-02 -1.4759e-01  8.4625e-02 -2.6248e+01  3.6653e+01 -4.8989e+01  6.6575e+01  1.0000e+00
-2.6264e-01  2.8595e-01 -3.4806e-01  8.1124e+00 -1.1954e+01  1.4780e+01  2.0668e+01  1.0000e+00
-3.4282e-02  5.3713e-03 -6.8250e-02  4.8285e+01  2.1089e+01  4.7823e+01  7.1157e+01  1.0000e+00
 3.3766e-02 -6.9396e-02 -3.2937e-02  5.0984e+01  2.9011e+01  6.5106e+01  8.7634e+01  1.0000e+00
-3.0267e-01  3.2073e-01 -1.1197e-01  1.3226e+01 -1.2093e+01 -1.5314e+00  1.7987e+01  1.0000e+00
-1.3750e-02 -6.0308e-02 -5.1340e-02  4.4022e+01  6.5071e+01  4.8871e+01  9.2523e+01  1.0000e+00
 5.1595e-02 -5.0020e-02 -5.5356e-02  6.2155e-01 -3.5070e+01  1.8896e+01  3.9841e+01  1.0000e+00
-6.4714e-03 -1.1900e-01  1.7765e-02 -2.9296e+01  1.3687e+01  1.5090e+01  3.5683e+01  1.0000e+00
 3.0055e-02 -1.6146e-01  4.0160e-02  2.9079e+01  3.2523e+01 -3.5591e+01  5.6303e+01  1.0000e+00
-2.5494e-02 -1.0674e-01 -3.4005e-02 -5.7130e+01  1.5490e+01  4.5505e+01  7.4662e+01  1.0000e+00
 2.6820e-02 -1.2186e-01 -6.7517e-02 -1.3595e+01 -1.7486e+01  7.0807e+01  7.4190e+01  1.0000e+00
 7.5550e-02  2.7030e-02  8.4942e-02 -1.1249e+01 -3.2403e+01 -5.0747e+01  6.1252e+01  1.0000e+00
 6.5379e-02 -3.2898e-01 -1.3349e+00  3.5908e+00 -7.5236e+00 -3.3848e+01  3.4860e+01  1.0000e+00
 1.6883e-01 -4.3693e-01  3.2865e-01 -3.0231e+01  2.0972e+00  4.3190e+00  3.0610e+01  1.0000e+00
 2.7565e-02 -1.2755e-01 -5.3009e-02  5.5499e+01 -1.3743e+01 -4.0792e+00  5.7320e+01  1.0000e+00
 4.0683e-02 -5.4890e-02  1.5720e-02 -1.2459e+01  1.8104e+01  1.2585e+00  2.2013e+01  1.0000e+00
-1.5047e-01  3.9692e-03 -5.4569e-02  4.2798e+01 -3.2379e+00  2.7245e+01  5.0837e+01  1.0000e+00
-1.1405e-01  1.8070e-03 -4.9358e-02  8.1158e+01 -1.7541e+01 -2.8432e+00  8.3080e+01  1.0000e+00
-1.7978e-01 -3.2872e-02 -4.8777e-02  3.7959e+01 -4.2418e+01  3.2208e+01  6.5403e+01  1.0000e+00
 3.9009e-02 -1.6748e-01  3.6918e-02 -1.7507e+01  2.7684e+01 -3.9949e+01  5.1660e+01  1.0000e+00
-1.0095e-01 -4.7667e-02 -1.1402e-01  4.8830e+01 -1.0238e+01  3.1022e+01  5.8749e+01  1.0000e+00
 3.1253e-02 -1.2721e-01 -1.2302e-02 -5.5738e+01  2.4336e+01 -3.8054e+01  7.1743e+01  1.0000e+00
 7.2030e-02 -8.0604e-01  4.6411e-01 -1.3024e+01 -6.5303e-01  7.5435e+00  1.5065e+01  1.0000e+00
 2.3873e-01 -3.9363e-03 -1.4586e-02 -3.5709e+01 -3.0750e+01  2.7748e-01  4.7125e+01  1.0000e+00
 7.0571e-03 -1.4144e-01  2.6106e-02  1.9376e+01  3.8920e+01 -7.0201e+01  8.2573e+01  1.0000e+00
-6.1965e-02  9.8281e-02 -2.3798e-01  1.1667e+01 -2.8152e+01  3.3025e+01  4.4937e+01  1.0000e+00
-8.7123e-02 -6.0248e-03 -1.5508e-01  4.6033e+01 -8.3970e+00  3.3255e+01  5.7406e+01  1.0000e+00
-7.6985e-02  3.8216e-02  4.7867e-02  2.4845e+01 -1.2118e+01 -4.6386e+01  5.3998e+01  1.0000e+00
-1.4131e-01  1.3736e-02 -3.1052e-02  3.4803e+01  1.6119e+00  3.0338e+01  4.6198e+01  1.0000e+00
-5.0975e-02  6.6012e-04 -4.8649e-02  6.0004e+01 -4.7474e+01 -3.6844e+00  7.6602e+01  1.0000e+00
 4.8087e-03 -3.2302e-02 -5.5183e-02 -4.2225e-01  1.5257e+01  4.3186e+01  4.5804e+01  1.0000e+00
-1.6323e-02 -1.1073e-01  3.5360e-02 -1.8440e+01  2.1949e+01  4.2688e+01  5.1420e+01  1.0000e+00
-1.2554e-02 -1.4201e-01  4.0117e-02  6.8626e-01  4.5802e+01 -4.3089e+01  6.2889e+01  1.0000e+00
 2.5933e-02 -9.8557e-02 -1.7911e-02  4.5973e+01 -1.2428e+01 -6.6763e-01  4.7628e+01  1.0000e+00
 6.3714e-03 -7.0569e-02 -3.8252e-02  1.0384e+00 -4.1659e+01 -3.0996e+01  5.1935e+01  1.0000e+00
-1.6273e-02 -1.0874e-01 -1.8350e-01  1.1115e+01  1.1372e+01  1.4092e+00  1.5964e+01  1.0000e+00
 7.4006e-03 -7.9935e-02 -1.0350e-01 -1.0549e+02  3.3158e+01 -1.1146e+01  1.1114e+02  1.0000e+00
 6.5054e-02 -1.1873e-01 -6.2937e-02 -3.4467e+01 -9.7870e+00  3.5511e+01  5.0446e+01  1.0000e+00
-6.7417e-02 -1.1176e-01 -6.8643e-02 -1.0402e+01  2.4574e+01  1.4612e+01  3.0424e+01  1.0000e+00
 3.9320e-02 -8.5373e-02  2.4613e-02 -3.4440e+01  6.2447e+01 -3.7311e+01  8.0485e+01  1.0000e+00
-6.5202e-02  6.8511e-02  5.4415e-02 -3.4738e+01 -3.8209e+01 -3.9875e+01  6.5243e+01  1.0000e+00
 2.4227e-02 -7.1235e-02 -3.7023e-03 -2.8247e+01  9.4583e+00  8.6188e+01  9.1190e+01  1.0000e+00
-1.2321e-01  1.5857e-01 -1.0128e-01  2.0795e+01 -3.2579e+01 -1.0839e+01  4.0141e+01  1.0000e+00
-5.2917e-01 -1.4880e-01  1.2631e-01 -6.7980e+00 -8.5292e+00  3.8716e+00  1.1574e+01  1.0000e+00
-1.3909e-02 -4.1803e-02  1.2533e-01  3.3448e+01  5.3520e+00 -4.7124e+01  5.8035e+01  1.0000e+00
-1.5825e-01 -9.1213e-02 -2.1286e-02  3.1077e+01  4.8402e+01 -1.3990e+01  5.9196e+01  1.0000e+00
-3.9405e-02 -2.0659e-02 -6.6925e-02 -2.3255e+01  5.8271e+00  2.0819e+01  3.1752e+01  1.0000e+00
 7.2143e-03 -8.5713e-02 -2.9473e-02 -9.0695e+00  6.1515e+00  6.1690e+01  6.2655e+01  1.0000e+00
-6.5386e-03 -9.8318e-02 -1.5068e-01 -1.5475e+01 -1.0692e+01  2.0651e+01  2.7933e+01  1.0000e+00
 9.3602e-02 -2.6050e-01 -1.3685e-01 -1.7599e+01 -2.4508e+01  3.3302e+01  4.4937e+01  1.0000e+00
-5.2064e-02 -7.5921e-02 -2.2286e-03  3.8264e+01  2.5153e+01 -3.8415e+01  5.9770e+01  1.0000e+00
-9.8389e-03 -7.8785e-02  3.9114e-03 -2.5675e+01 -2.6253e+01 -9.1564e+01  9.8653e+01  1.0000e+00
-9.7996e-02  1.8872e-02  4.5839e-02  2.0466e+01 -2.5927e+01 -6.2752e+01  7.0915e+01  1.0000e+00
 3.7172e-02 -6.6976e-02 -4.1162e-01 -3.2974e+00  2.2788e+01  2.8063e+01  3.6300e+01  1.0000e+00
-9.7673e-02 -4.1017e-02 -1.2398e-02  5.6317e+01 -2.5808e+01 -6.0908e+00  6.2248e+01  1.0000e+00
-3.9479e-02 -1.1690e-01 -1.1891e-02 -3.5487e+01 -2.7120e+01  3.9112e+01  5.9368e+01  1.0000e+00
-6.3050e-01 -5.4341e-01 -4.6401e-01 -4.6667e+01  6.2931e+00 -1.4663e+01  4.9320e+01  1.0000e+00
 2.0883e-02 -7.1633e-02  4.2919e-02 -1.7737e+01 -2.5061e+01  2.0334e+01  3.6825e+01  1.0000e+00
-4.6270e-02  9.7078e-03 -1.6408e-02  5.5903e+01 -3.7086e+01 -1.3651e+01  6.8460e+01  1.0000e+00
-6.5402e-03 -1.0508e-01 -2.5893e-02 -4.7223e+01  4.9024e+01  2.9378e+01  7.4137e+01  1.0000e+00
 1.0733e-01 -2.2254e+00 -1.8057e+00 -1.5149e+01 -4.6427e+01 -5.3840e+01  7.2689e+01  1.0000e+00
 8.3752e-02 -9.3315e-02  3.7534e-02  7.3957e+01 -6.0054e+01  2.7151e+01  9.9062e+01  1.0000e+00
-3.7766e-01 -1.7108e-01  6.6160e-03  1.8700e+00  1.0010e+00  1.0127e+01  1.0347e+01  1.0000e+00
 9.1477e-03  2.4989e-02  7.6914e-02 -2.1669e+01 -5.7687e+01 -1.7607e+01  6.4089e+01  1.0000e+00
 9.8057e-03 -1.2219e-01  6.7525e-02  2.2450e+01  9.1986e+00  2.5512e+01  3.5207e+01  1.0000e+00
 2.8058e-02  4.9591e-02  5.3530e-02 -1.6820e+01 -5.0763e+01 -1.2566e+01  5.4933e+01  1.0000e+00
 3.5723e-02 -8.8935e-02  7.0089e-02 -1.2913e+01  5.6171e+01  3.7825e+00  5.7761e+01  1.0000e+00
-3.4516e-02 -1.7415e-02 -5.6956e-02 -2.1177e+01  2.6459e+00  3.9589e+01  4.4975e+01  1.0000e+00
 1.7638e-01 -1.5358e-01  1.6303e-01 -2.2569e+01  1.5668e+00 -3.1679e+01  3.8928e+01  1.0000e+00
 1.2490e-02 -1.0843e-02 -1.8906e-02 -3.9993e+01  2.2855e+01  4.2014e+01  6.2345e+01  1.0000e+00
 1.0145e-01  4.8513e-03 -7.9738e-02 -5.8037e+01  1.9191e+01  7.8752e+00  6.1633e+01  1.0000e+00
-2.3825e-03 -8.0188e-02 -1.6671e-02 -6.1239e+01  3.8851e+01  3.9748e+01  8.2702e+01  1.0000e+00
 4.5223e-03 -2.5680e-02  3.2746e-02  5.7241e+01  9.8979e+00 -3.6564e+00  5.8205e+01  1.0000e+00
 2.3122e-02 -1.3117e-01 -2.4301e-02  4.9351e+01  6.8513e-01  9.9812e+00  5.0354e+01  1.0000e+00
 3.6046e-02 -4.3419e-02  4.7031e-02  2.5509e+01 -1.3440e+01  4.0858e+01  5.0007e+01  1.0000e+00
 4.0468e-02 -4.5515e-02 -9.1413e-02 -7.3943e+01 -1.3842e+00  4.7530e+01  8.7913e+01  1.0000e+00
 6.5892e-02 -1.1305e-01 -6.7355e-02  3.2764e+01  6.8492e+00 -3.2408e+01  4.6590e+01  1.0000e+00
 3.3479e-03  3.2966e-02 -9.7754e-02  1.7708e+01  5.1231e+00  4.0153e+01  4.4182e+01  1.0000e+00
 9.5163e-03 -2.2148e-02 -8.5632e-02  2.3699e+01  5.2645e+01  5.3768e+01  7.8893e+01  1.0000e+00
-1.0967e-01  2.2323e-02 -1.7190e-01  5.3778e+01  4.6886e+00  2.1873e+01  5.8245e+01  1.0000e+00
 1.0321e-01 -3.1254e-02 -5.9227e-02 -5.5906e+01 -3.0909e+01 -1.1525e+01  6.4913e+01  1.0000e+00
 1.0443e+00 -7.9945e-01 -2.1923e+00  6.9965e+01 -4.7755e+01 -9.6632e+01  1.2850e+02  1.0000e+00
-5.3470e-02 -1.0307e-01  2.5780e-02  1.4743e+00  4.5149e+01 -5.5423e+01  7.1501e+01  1.0000e+00
-1.0248e-02 -1.4868e-01  3.3305e-02 -2.3796e+01  5.7263e+01 -1.4943e+01  6.3786e+01  1.0000e+00
-4.0260e-01  2.2298e-01  2.5890e-01 -5.4236e+00 -2.4204e+01 -1.7484e+01  3.0347e+01  1.0000e+00
 2.9635e-03 -7.4708e-02 -4.9567e-02  5.2069e+01 -1.0146e+01 -4.7454e+01  7.1176e+01  1.0000e+00
-6.2356e-02  1.2702e-01 -1.0962e-02 -3.7471e+01 -2.0810e+01  1.9622e+01  4.7139e+01  1.0000e+00
-2.2666e-01 -9.6037e-02  1.1799e-01 -1.3292e+01 -1.8877e+01 -2.2522e+01  3.2253e+01  1.0000e+00
-4.0973e-02 -4.4514e-02 -8.8373e-02  2.8215e+01 -1.2703e+01 -2.7709e+01  4.1536e+01  1.0000e+00
 1.4216e-02 -8.7086e-02  1.0568e-02  4.0720e+01  2.6225e+01  2.6456e+01  5.5189e+01  1.0000e+00
-1.8613e-02 -1.6465e-01  4.8937e-02  4.4359e+01  4.2360e+01 -2.3459e+01  6.5669e+01  1.0000e+00
 5.1011e-02 -1.0155e-01 -1.2924e-01  3.3358e+01  1.8258e+01 -2.1105e+01  4.3492e+01  1.0000e+00
 4.1248e-02 -2.4804e-01 -1.6985e-01 -4.0645e+01  1.2691e+01  4.3556e+00  4.2802e+01  1.0000e+00
-5.2742e-02 -2.1200e-02 -1.5383e-01  5.1808e+01  1.1053e+01  3.7489e+01  6.4898e+01  1.0000e+00
-8.7130e-05  9.2595e-04 -8.9833e-02  1.9570e+01  6.0314e+00 -1.5394e+01  2.5620e+01  1.0000e+00
-6.5538e-02 -1.9073e-01 -1.0016e-01 -1.5724e+00 -1.1820e+01  3.6815e+01  3.8698e+01  1.0000e+00
 1.0874e-01  2.9923e-02  1.2162e-02 -5.0658e+01 -3.0528e+01 -2.1799e+01  6.3035e+01  1.0000e+00
 6.2433e-02 -2.1190e-02 -6.5773e-02 -1.0206e+00 -3.2486e+01  8.5307e+00  3.3603e+01  1.0000e+00
-9.7477e-02  5.5531e-03 -1.1134e-01  4.5876e+01 -4.5546e+01  3.2390e+01  7.2306e+01  1.0000e+00
 6.3097e-03 -2.8690e-02 -1.8784e-02 -6.0772e+01 -1.1540e+01  1.1076e+01  6.2841e+01  1.0000e+00
 3.6824e-02 -1.2565e-01 -4.1159e-02 -3.2640e+01 -5.8623e+01  1.4302e+01  6.8605e+01  1.0000e+00
 1.2431e-01 -1.6570e-01  1.1134e-02 -1.7494e+01  5.2906e+01 -1.4566e+01  5.7595e+01  1.0000e+00
-8.7654e-02 -1.8950e-02  2.3860e-01  1.2822e+01  5.1788e+00 -4.5316e+01  4.7378e+01  1.0000e+00
-1.0753e-02 -3.1067e-02  1.7811e-02 -2.0444e+01  3.2885e+01  4.2101e+01  5.7200e+01  1.0000e+00
 6.0646e-02  6.3816e-02  8.3586e-02 -3.4627e+01 -3.2631e+01 -3.2068e+01  5.7377e+01  1.0000e+00
 3.3850e-02 -7.6016e-02  2.2470e-01  1.2106e+01 -1.4667e+00 -3.7550e+01  3.9480e+01  1.0000e+00
-2.8345e-01  3.1295e-01  1.0828e-01  2.7573e+01 -1.5605e+01 -8.9699e+00  3.2928e+01  1.0000e+00
-3.3405e-02  1.8144e-02  2.7577e-02  2.8455e+01 -5.4891e+00 -5.3709e+01  6.1028e+01  1.0000e+00
 1.3290e-02 -6.1573e-02  1.6579e-01  1.4538e+01  1.7549e+01 -3.3120e+01  4.0203e+01  1.0000e+00
 7.9641e-02  3.7726e-02  4.0282e-02 -2.7777e+01 -3.3840e+01 -2.8554e+01  5.2269e+01  1.0000e+00
-2.4066e-02 -8.6717e-02  1.5626e-02  5.5714e+01 -3.7366e+01 -2.9282e+01  7.3196e+01  1.0000e+00
 1.6623e-04 -1.0352e-01  5.7706e-03  3.3226e+01 -1.2651e+01 -4.3188e+00  3.5814e+01  1.0000e+00
 5.9392e-02 -3.8743e-02 -3.1040e-02  5.8024e+00  2.4275e+01  7.5509e+00  2.6076e+01  1.0000e+00
-3.8611e-03  6.3732e-02  4.3872e-02 -2.1875e+01 -1.5120e+01 -4.4364e+01  5.1723e+01  1.0000e+00
 4.6613e-03 -3.5685e-02 -2.8051e-02  2.5647e+01 -5.1157e+01  1.8329e+01  6.0090e+01  1.0000e+00
 3.7265e-03 -6.4038e-02 -2.8197e-02  6.9449e+01 -3.4320e+01 -1.0080e+01  7.8119e+01  1.0000e+00
 1.6237e-01  4.5634e-02  8.7465e-02 -2.5362e+01 -2.6394e+01 -2.9980e+01  4.7315e+01  1.0000e+00
-5.6884e-01 -3.5933e-02 -6.3128e-02  2.1381e+01 -3.5977e+00 -1.3666e+01  2.5629e+01  1.0000e+00
 2.0774e-02 -2.6206e-02 -6.0668e-02 -2.4642e+01  2.0550e+00  2.3892e+01  3.4384e+01  1.0000e+00
-5.0023e-02  3.1015e-01  2.5539e-02  1.8008e+00 -3.7568e+01 -2.9330e+00  3.7725e+01  1.0000e+00
 6.0814e-02 -6.5089e-02 -5.7944e-02  4.4142e+01  3.8518e+01  4.8737e+01  7.6207e+01  1.0000e+00
 3.5778e-02 -3.5072e-02 -7.7800e-02  3.1155e+00 -3.0806e+00  2.4717e+01  2.5102e+01  1.0000e+00
-6.6585e-02  1.4422e-01  1.3638e-01  4.8412e+00 -3.9990e+01 -2.7473e+01  4.8759e+01  1.0000e+00
-3.2526e-02 -6.9582e-02 -2.3677e-02  5.6808e+00 -1.0559e+01 -6.3943e+01  6.5058e+01  1.0000e+00
 4.8271e-01  2.7396e-01 -2.1618e-01 -7.8327e+00 -2.1175e+00  1.0886e+01  1.3577e+01  1.0000e+00
 3.2867e-02 -7.6859e-02 -4.0441e-02 -3.1109e+00  2.7112e+01  9.3901e+01  9.7787e+01  1.0000e+00
 3.1578e-01  2.2552e-01  3.2685e-01 -1.0626e+01 -7.4922e+00 -1.0862e+01  1.6942e+01  1.0000e+00
 4.5848e-02 -1.2660e-01 -4.0648e-02  2.7424e+01  3.6632e-01 -3.0516e+01  4.1030e+01  1.0000e+00
-2.0740e-02 -2.7032e-02 -1.1079e-02 -4.3261e+01  2.9011e+01  2.1503e+01  5.6352e+01  1.0000e+00
 2.0389e-03 -1.7963e-02 -9.3493e-03  6.3881e+00 -6.0891e+01 -2.2484e+01  6.5223e+01  1.0000e+00
-1.8427e-02 -7.9929e-02 -1.2830e-02 -4.9353e+01 -2.4699e+01  5.2960e-01  5.5191e+01  1.0000e+00
 9.1376e-03  2.4053e-02 -9.6880e-02 -3.3130e+00 -3.0904e+01  6.0892e+01  6.8365e+01  1.0000e+00
 6.3390e-02 -1.4978e-02  1.7464e-04 -3.9294e+01  1.9208e+01  4.9915e+01  6.6366e+01  1.0000e+00
-1.1244e-01 -1.0212e-01 -1.4452e-02  1.7379e+01 -7.2349e+00 -3.9559e+01  4.3810e+01  1.0000e+00
 5.6594e-02  6.0668e-03  1.3435e-02  1.9183e+01  1.1771e+01  7.3677e-01  2.2518e+01  1.0000e+00
-1.9760e+00 -1.6909e+00  5.9921e-01 -5.2774e+01 -6.4004e+01  3.0133e+01  8.8259e+01  1.0000e+00
 3.8766e-04 -8.7926e-02 -4.9214e-02 -1.2415e+01  5.0136e-01  8.9182e+00  1.5295e+01  1.0000e+00
 2.1191e-02 -7.9246e-02  2.5613e-03 -1.1509e+01  2.4603e+01  4.5362e+01  5.2872e+01  1.0000e+00
-1.1351e-02 -3.2646e-02 -1.2462e-02  2.7505e+01 -7.4117e+00 -1.5868e+01  3.2608e+01  1.0000e+00
 8.0719e-02 -6.5500e-02 -5.8767e-02 -1.1060e+01 -2.2317e+01  2.6109e+01  3.6084e+01  1.0000e+00
-1.1328e-01 -3.1453e-02  2.6945e-02  4.6178e+01 -3.1986e+01  4.3033e-01  5.6176e+01  1.0000e+00
 9.5962e-02 -7.9557e-02  2.7189e-02 -6.4025e+01 -2.8797e+01 -1.0338e+01  7.0960e+01  1.0000e+00
-8.0283e-02 -5.9027e-02  5.1682e-02 -1.0560e+01 -1.5640e+01 -1.5638e+00  1.8936e+01  1.0000e+00
-6.0710e-02  1.9553e-01 -2.4525e-01  1.0971e+01 -8.4931e+00  3.3192e+01  3.5975e+01  1.0000e+00
 2.5794e-01  1.3811e-01  1.3410e-01 -2.9329e+01 -1.4214e+01 -2.6190e+01  4.1811e+01  1.0000e+00
-7.4037e-01  4.9359e-01 -1.3547e-01  1.2356e+01  1.0541e+01  8.2835e+00  1.8232e+01  1.0000e+00
-1.3711e-02 -6.3074e-02  1.3360e-02  3.9137e+00  3.0414e+01 -6.6535e+01  7.3261e+01  1.0000e+00
-1.8135e-01  7.2586e-02  6.6393e-02  2.8016e+01 -3.4919e+01 -2.5931e+01  5.1736e+01  1.0000e+00
 2.3671e-01  4.3971e-01 -5.2266e-01 -1.2221e+01  1.9898e+01 -6.4434e+00  2.4224e+01  1.0000e+00
 1.6160e+01 -2.0536e+01  1.4223e+01  3.8386e+02 -4.7418e+02  3.0947e+02  6.8408e+02  1.0000e+00
 1.0472e-01 -6.6089e-02  4.0439e-02 -4.8831e+01 -3.2060e+01 -4.6363e+00  5.8599e+01  1.0000e+00
 4.3448e-02  2.4584e-02 -7.2532e-02 -3.4229e+01  1.4677e+01 -2.7188e+00  3.7342e+01  1.0000e+00
-5.7380e-02 -3.1788e-02  1.3676e-02  4.1334e+01 -2.6119e+01 -2.8810e+01  5.6751e+01  1.0000e+00
-9.3182e-02 -1.5293e-01  7.3493e-03  9.0677e+00  3.7302e+01 -3.3702e+01  5.1083e+01  1.0000e+00
-2.8868e-02 -1.0362e-01 -1.0331e-02  2.2228e+01  1.6183e+01  5.0249e+00  2.7951e+01  1.0000e+00
-6.7630e-02  1.0667e-01 -8.7529e-02  3.8060e+01 -1.4471e+01  3.2302e+01  5.1975e+01  1.0000e+00
 9.0772e-02 -6.9633e-02  9.8528e-03 -3.6437e+01  3.0440e+01  2.8430e+01  5.5340e+01  1.0000e+00
-1.2625e-02 -3.1327e-01  1.8998e-01 -4.8834e+00  3.5580e+01 -1.8827e+00  3.5963e+01  1.0000e+00
 1.7792e-02 -7.6667e-02 -1.3884e-02  2.9954e+01  3.8196e+01 -6.4153e+01  8.0447e+01  1.0000e+00
-2.3177e-02 -7.6676e-02 -1.8897e-02 -8.2391e+01  2.3393e+01  2.4239e+01  8.9011e+01  1.0000e+00
-5.7991e-01  4.0927e-01  7.3967e-01 -1.1572e+01  2.1503e-01  1.3278e+01  1.7615e+01  1.0000e+00
-4.8040e-02 -5.1632e-02  1.3549e-02  5.8204e+01  1.5038e+01  4.2125e+01  7.3405e+01  1.0000e+00
 1.7143e-01 -4.5366e-02  6.7532e-02 -1.2971e+01 -2.3767e+01  5.3282e+00  2.7596e+01  1.0000e+00
-4.8587e-02  6.8705e-02 -1.9563e-01  2.4852e+01  2.3718e+00  4.0898e+01  4.7916e+01  1.0000e+00
-3.2440e-02 -1.1832e-01  9.7265e-03 -1.6266e+01 -5.2195e+00  2.1859e+01  2.7743e+01  1.0000e+00
 2.1187e-01 -3.4761e-01 -1.2719e-01  3.6764e+01  2.7438e+01 -1.2115e+01  4.7446e+01  1.0000e+00
 6.5998e-04 -6.1017e-02 -1.2289e-02 -2.1308e+01  1.2086e+01 -5.6499e+01  6.1581e+01  1.0000e+00
-1.0685e-01  5.3051e-02 -2.0021e-02 -3.8977e+00  9.9428e+00  1.7194e+00  1.0817e+01  1.0000e+00
 3.8697e-02 -1.7237e-01 -2.9676e-02  1.7911e+01  5.1905e+01 -3.6272e+01  6.5807e+01  1.0000e+00
-4.5538e-02  1.3341e-01 -6.1693e-02 -1.2921e+01 -1.5566e+01 -1.1484e+01  2.3263e+01  1.0000e+00
 2.5854e-01 -2.2181e-01  3.8768e-02 -5.1202e+00  8.1432e+00 -1.9297e+01  2.1562e+01  1.0000e+00
 5.9280e-02 -3.2369e-02  5.1339e-03 -6.5985e+00 -1.9171e+01  4.3514e+01  4.8006e+01  1.0000e+00
 9.8822e-03 -8.1659e-02 -1.0719e-02  3.0646e+01  4.0778e+00 -2.6594e+01  4.0781e+01  1.0000e+00
 8.3162e-02  1.2133e-02  1.5774e-01 -2.3020e+01 -2.1403e+01 -2.6535e+01  4.1135e+01  1.0000e+00
-1.4381e-01 -4.7084e-02 -5.4816e-02  3.5483e+01 -2.5037e+01  3.5197e+01  5.5899e+01  1.0000e+00
-1.3068e-01 -3.2286e-02  9.6419e-02  1.2746e+01 -1.6645e+01 -5.5365e+01  5.9201e+01  1.0000e+00
 7.6950e-02 -9.2767e-03 -1.3917e-02 -4.1717e+01  5.3897e+00  2.2630e+01  4.7765e+01  1.0000e+00
-9.6908e-03 -1.0397e-01 -8.1904e-02  2.7236e+00  6.0358e+00  3.7260e+01  3.7844e+01  1.0000e+00
 9.3685e-02 -6.0654e-02 -1.1550e-02 -7.4659e+01  2.1233e+01 -2.7249e+01  8.2264e+01  1.0000e+00
 5.8210e-01  4.3565e-01 -2.0625e-01  1.6562e+01  7.6740e+00  1.6210e+01  2.4412e+01  1.0000e+00
 1.6062e-01 -1.1049e-01 -1.1200e-01 -3.9195e+01  3.1210e+01 -4.0222e+00  5.0264e+01  1.0000e+00
 6.9414e-01  7.8738e-01  4.8910e-01  6.3176e-01  2.7498e+01  2.0036e-01  2.7506e+01  1.0000e+00
 3.9888e-02  2.4079e-02  9.7978e-03 -2.8071e+01 -3.8207e+01 -3.3783e+01  5.8216e+01  1.0000e+00
 6.9091e-01  1.6403e+00  1.5369e+00  6.9836e-01  6.5528e+01  4.2054e+01  7.7865e+01  1.0000e+00
 5.2611e-02 -2.0105e-01  1.2683e-01  2.3451e+01  9.6053e+00 -5.8835e+00  2.6015e+01  1.0000e+00
-8.1078e-02 -2.0798e-02  2.6758e-02  1.8096e+01 -5.0167e+01 -1.4013e+01  5.5141e+01  1.0000e+00
-3.1972e-01 -7.2438e-01 -9.8695e-01 -2.8271e+00  1.3971e+00 -4.3964e+00  5.4105e+00  1.0000e+00
 4.4683e-02 -9.9372e-02 -6.8757e-02 -5.6509e+01  3.9216e+00  1.7054e+01  5.9157e+01  1.0000e+00
 6.1681e-02 -5.1009e-02 -5.7641e-02  2.0468e+01 -2.2968e+01 -1.9259e+01  3.6296e+01  1.0000e+00
 5.2703e-02 -3.5940e-02 -1.1804e-02 -5.3797e+01 -6.7076e+01 -5.4028e+00  8.6154e+01  1.0000e+00
 1.5461e-01 -7.1970e-02 -5.8863e-02 -4.1283e+01  2.9565e+01 -2.2388e+01  5.5494e+01  1.0000e+00
 1.5315e-02 -1.8720e-03 -3.5514e-02  1.4341e+01  2.5198e+01  2.2752e+01  3.6854e+01  1.0000e+00
 4.2583e-02 -1.1152e-01 -5.4627e-02 -2.3955e+01  2.7314e+01  3.9113e+00  3.6540e+01  1.0000e+00
 6.2359e-03  2.3210e-02 -2.2666e-02  1.7616e+01 -7.0278e+00 -5.5234e+01  5.8399e+01  1.0000e+00
-3.1077e-02 -1.0835e-01  5.3418e-03 -4.1083e+00  7.3708e+01  1.8008e+01  7.5987e+01  1.0000e+00
 4.3260e-02 -2.5164e-02 -1.8133e-02 -3.0663e+01  5.1410e+01  1.4706e+01  6.1640e+01  1.0000e+00
 2.4325e-02 -3.1900e-02 -9.3103e-03  2.6735e+01 -4.0563e+00  1.0811e+01  2.9122e+01  1.0000e+00
-7.0018e-02  9.6921e-02  2.2371e-02  3.9187e+01 -3.7702e+01 -6.8743e+00  5.4811e+01  1.0000e+00
 4.7864e-02  1.4848e-02  8.0499e-02 -4.4738e+00 -3.1869e+01 -4.8893e+01  5.8533e+01  1.0000e+00
 6.5092e-02 -1.7486e-01 -1.1207e+00  2.0065e+01  5.5662e+00 -4.6733e+01  5.1162e+01  1.0000e+00
 8.2966e-02 -1.4870e-01  1.4867e-01 -2.3708e+01  2.0981e+01 -4.2694e+01  5.3152e+01  1.0000e+00
 2.7688e-01  1.7365e-01 -6.7350e-02 -2.4835e+01 -2.4358e+01  3.6709e+00  3.4979e+01  1.0000e+00
-2.8731e-01 -2.1864e-02  1.4052e-01  3.5937e+01  2.9973e+00 -1.7284e+01  3.9990e+01  1.0000e+00
-5.9341e-02 -4.9726e-04 -8.5663e-02  4.9804e+01 -3.1113e+01  1.9498e+01  6.1876e+01  1.0000e+00
 2.5136e-02  3.3495e-03 -9.0391e-02  1.7280e+01 -6.9224e+00  2.9870e+01  3.5196e+01  1.0000e+00
 1.8238e-02 -7.7448e-02  6.4937e-03 -1.3335e+01  4.6456e+01 -5.7823e+01  7.5362e+01  1.0000e+00
-3.7635e-02 -9.4005e-02 -2.2835e-02 -4.9951e+00  2.0203e+01  2.6956e+01  3.4055e+01  1.0000e+00
 4.9884e-02 -1.3114e-01  8.5109e-02 -2.4294e+01  5.0108e+01 -2.2546e+01  6.0078e+01  1.0000e+00
 1.1612e-01  4.5296e-02  3.3143e-03 -4.5148e+01 -3.3845e+01  5.2987e+00  5.6674e+01  1.0000e+00
-2.6548e-02 -5.2781e-03 -1.3974e-01  4.4915e+00 -4.2572e+01  4.9757e+01  6.5638e+01  1.0000e+00
 5.7962e-02 -6.7851e-02 -1.0412e-01  2.5245e+01  4.8864e+01  5.8087e+01  7.9995e+01  1.0000e+00
-2.1961e-02  4.4373e-03 -5.0405e-02  1.2306e+01 -1.3332e+01 -2.7344e+01  3.2816e+01  1.0000e+00
-4.2865e-02 -3.4968e-02 -3.0856e-02  2.7071e+01  3.8921e+01 -5.4213e+01  7.2019e+01  1.0000e+00
-1.7455e-02  3.5567e-02  1.0799e-01 -9.1940e+00 -3.5277e+01 -4.6817e+01  5.9337e+01  1.0000e+00
-3.2785e-02 -1.0967e-01 -3.1856e-02  1.7673e+01 -3.6534e+01 -5.1155e+01  6.5298e+01  1.0000e+00
-2.0790e-02 -7.3825e-02 -7.0519e-02 -1.1649e-01 -1.0747e+01  4.4148e+01  4.5438e+01  1.0000e+00
-3.9175e-02  3.0483e-02  8.7282e-02  1.2361e+01 -3.1697e+01 -4.9294e+01  5.9895e+01  1.0000e+00
-1.2123e-01 -2.2928e-02 -5.0434e-02  4.1886e+01 -3.3880e+01  1.2551e+01  5.5316e+01  1.0000e+00
-9.5399e-04 -8.9663e-02  1.7036e-02  4.6936e+01  5.0412e+01 -3.6283e+01  7.7851e+01  1.0000e+00
 8.9887e-02 -4.3638e-02 -4.7404e-02  1.3717e+01 -2.3528e+01  7.9390e+00  2.8369e+01  1.0000e+00
-2.3243e-01 -3.1310e-01  8.2430e-01 -2.6871e+00 -1.2277e+01  4.7198e+00  1.3424e+01  1.0000e+00
-1.0041e-02 -6.8705e-02  1.3587e-02 -5.3390e+01  1.6168e+01  1.5995e+01  5.8032e+01  1.0000e+00
-1.3467e-02 -8.1815e-02  2.8631e-02  1.3244e+01 -1.8549e+01  1.1656e+01  2.5599e+01  1.0000e+00
-3.2134e-02  1.7769e-02  8.3898e-02 -1.4823e+01 -2.6930e+01 -4.6233e+01  5.5520e+01  1.0000e+00
 1.3927e-02 -4.6775e-02 -4.3667e-02  3.9273e+01 -6.1344e+00  7.2118e+00  4.0398e+01  1.0000e+00
 4.8137e-02 -1.1667e-01 -5.4926e-02  6.2901e+01 -2.6255e+01 -1.0925e+01  6.9031e+01  1.0000e+00
-1.2769e-01 -5.5424e-02  5.6418e-02  3.7439e+01 -3.7144e+01 -3.1117e+01  6.1235e+01  1.0000e+00
 4.3153e-03 -2.7174e-02 -8.1448e-02  5.0384e+01  2.7886e+01  4.6623e+01  7.4094e+01  1.0000e+00
-3.8399e-02 -1.0089e-01 -1.2199e-01  2.9230e+01 -4.1536e+01 -2.1634e+01  5.5206e+01  1.0000e+00
 1.1675e-02 -8.8643e-02 -4.1534e-02  6.0872e+01  9.8144e+00 -3.4321e+01  7.0567e+01  1.0000e+00
 1.0207e-01 -3.2145e-01 -9.5545e-02 -3.5248e+01  3.9240e+00  2.4921e+01  4.3345e+01  1.0000e+00
-1.7223e+01  2.0838e+01 -1.3169e+01 -3.7964e+02  4.7214e+02 -3.1702e+02  6.8377e+02  1.0000e+00
 1.8990e-01 -3.7104e-01 -5.9846e-02  3.2911e+01  1.3483e+01  1.4694e+01  3.8482e+01  1.0000e+00
 3.4467e-02 -1.0313e-01 -5.5744e-03 -9.3715e+00  5.8286e+01 -6.5445e+01  8.8137e+01  1.0000e+00
-6.4807e-02 -2.5945e-02 -1.1079e-02 -1.8464e+01  2.4581e+01 -2.5838e+01  4.0159e+01  1.0000e+00
-4.0701e-03 -1.0372e-01 -3.0272e-02 -8.5076e+01  8.4831e+00  3.3037e+01  9.1659e+01  1.0000e+00
 4.5221e-02 -5.9323e-02 -1.5552e-01 -6.1320e+01 -1.1866e+01  1.5245e+01  6.4291e+01  1.0000e+00
-4.0263e-02  2.9805e-02  1.1476e-01  2.6444e+01 -1.5947e+01 -6.2565e+01  6.9771e+01  1.0000e+00
 3.5881e-03  2.4262e-02 -7.6571e-02  3.8587e+01 -4.6261e+01  1.4150e+01  6.1881e+01  1.0000e+00
-5.5309e-02  1.4231e-02 -9.7613e-02  3.0644e+00 -6.3008e+01  2.1211e+01  6.6553e+01  1.0000e+00
 2.4734e-02 -9.0800e-02 -1.0860e-02  5.1151e+00  1.2057e-01  6.7009e+01  6.7204e+01  1.0000e+00
 2.5616e-01  5.3358e-02 -1.4034e-01 -3.4219e+01 -3.0144e+01 -8.4170e-01  4.5610e+01  1.0000e+00
 2.3340e-02 -6.6827e-02 -1.5838e-01  5.5386e+00 -2.0824e+01  6.0485e+01  6.4209e+01  1.0000e+00
-2.1200e-02 -1.0016e-01  7.0189e-02 -2.3528e+00  5.7586e+01 -3.1973e+01  6.5909e+01  1.0000e+00
 1.5882e-01 -1.2731e-01  1.9304e-01 -3.1187e+01  1.1652e+01 -3.5027e+01  4.8325e+01  1.0000e+00
-1.3177e-01  6.0566e-02 -2.8574e-02  4.2687e+01 -3.5546e+01 -1.2152e+01  5.6863e+01  1.0000e+00
-1.6785e-01  2.4700e-02 -1.3799e-01  5.6279e+01  2.7105e+00  1.2025e+01  5.7613e+01  1.0000e+00
-2.5694e-02 -1.2044e-01 -1.6977e-02 -5.0309e+01 -3.7796e+00  2.0739e+01  5.4547e+01  1.0000e+00
 4.4830e-02 -5.9166e-02  1.4580e-03 -2.7568e+01  2.1786e+01  3.8767e+01  5.2321e+01  1.0000e+00
 1.9009e-02  1.5478e-02 -1.1646e-01  2.4608e+01  1.0390e+01 -2.0556e+01  3.3705e+01  1.0000e+00
 1.5795e-01 -2.5084e-01 -1.5230e-01  1.9789e+01  3.8261e+01  2.0507e+01  4.7708e+01  1.0000e+00
 3.3826e-02 -6.8086e-02  6.6626e-02  3.1844e+01  3.2385e+01 -4.0562e+01  6.0894e+01  1.0000e+00
-1.4346e-02  4.1044e-02  5.2364e-02 -1.1534e+01 -2.3823e+01 -4.2653e+01  5.0198e+01  1.0000e+00
 8.0286e-02 -3.8075e-02  3.3559e-03  6.2384e+01  3.1203e+00  6.2967e+00  6.2778e+01  1.0000e+00
 3.7681e-03 -6.9371e-02  1.9999e-02  4.4589e+01  1.5076e+01  2.0462e+01  5.1324e+01  1.0000e+00
 3.9117e-01 -8.2743e-02  2.9996e-01 -2.3701e+01 -1.8277e+01 -9.7639e+00  3.1482e+01  1.0000e+00
-6.8653e-02  6.2391e-03 -4.1944e-02  7.9846e+00 -6.3107e+01  2.4657e+01  6.8222e+01  1.0000e+00
 5.7029e-02 -1.4903e-01  1.6909e-01 -5.5082e+00  3.6033e+01 -2.3666e+01  4.3460e+01  1.0000e+00
 8.4452e-01  2.4709e-01  4.6704e-01  2.4645e+00  2.8548e+01  1.6026e+01  3.2831e+01  1.0000e+00
 2.5220e-01  5.8761e-02  1.2125e-01  1.1153e+00 -3.6005e+01 -2.9111e+01  4.6315e+01  1.0000e+00
 2.6625e-01  1.1784e-02 -4.6377e-02 -2.0959e+01  4.1643e+01  1.3914e+00  4.6641e+01  1.0000e+00
 1.2278e-01 -5.9648e-02 -3.7580e-02 -6.1323e+01 -1.7310e-01 -2.4117e+01  6.5896e+01  1.0000e+00
-5.1276e-02 -5.5019e-02  9.1488e-04  5.2378e+00  4.6043e+01 -5.5856e+01  7.2576e+01  1.0000e+00
 3.5106e-02 -1.2218e-01 -7.4157e-02  3.0422e+01 -3.3819e+01 -2.0928e+01  5.0072e+01  1.0000e+00
 7.0332e-02 -3.3699e-02 -5.7197e-02 -7.2645e+01 -2.2169e+01 -5.3075e+00  7.6138e+01  1.0000e+00
 1.9727e-02 -1.0477e-01  4.7421e-02  2.2838e+01 -3.0839e+01 -7.4773e+00  3.9097e+01  1.0000e+00
-5.2313e-02 -9.1824e-02  6.9421e-02  4.3447e+01  3.9288e+01 -3.6266e+01  6.8895e+01  1.0000e+00
 5.3861e-01 -9.6028e-02  1.4874e+00  1.0604e+01 -6.9633e+00  9.4015e+00  1.5790e+01  1.0000e+00
-1.0850e-02 -9.2521e-02 -1.4063e-02 -3.5917e+01 -3.5081e+00  1.0318e+01  3.7534e+01  1.0000e+00
 7.5702e-04 -1.0087e-01  3.2678e-02 -5.6099e+01  5.1243e+01 -7.0519e+00  7.6306e+01  1.0000e+00
-1.1987e+00  2.4822e+00 -1.6768e+00 -4.3006e+01  4.5786e+01 -2.7624e+01  6.8622e+01  1.0000e+00
 1.4292e-01 -2.4401e-01 -6.9125e-02 -3.0908e+01  1.5509e+01 -1.8280e+00  3.4630e+01  1.0000e+00
-4.1426e-01  1.8426e-01  8.2938e-02 -8.6722e+00 -2.8742e+01  9.9931e+00  3.1641e+01  1.0000e+00
 4.9864e-02 -1.2243e-01 -8.8261e-02 -1.5574e+01 -5.4521e+01  2.1106e+01  6.0503e+01  1.0000e+00
 3.1886e-02 -9.1584e-02 -8.3730e-03 -5.9271e+01  1.2595e+01  4.2210e+01  7.3847e+01  1.0000e+00
 1.9249e-02  8.1066e-02  2.1802e-02 -4.5367e+00 -5.4853e+01 -1.2382e+01  5.6415e+01  1.0000e+00
 5.9903e-01  4.3452e-01 -2.9059e-01 -1.2440e+01 -5.2509e+00 -4.6750e+00  1.4289e+01  1.0000e+00
-6.6859e-02  3.2896e-02  9.2241e-02  2.7258e+01 -1.4037e+01 -4.5577e+01  5.4930e+01  1.0000e+00
 3.6805e-02 -2.3568e-02 -5.2732e-02  2.0296e+01 -8.1741e+00  1.4064e+01  2.6011e+01  1.0000e+00
 6.8721e-03 -7.3102e-02 -4.0313e-02  2.5463e+01 -3.9568e+00 -1.8199e+01  3.1547e+01  1.0000e+00
 5.6163e-02 -2.4797e-01 -1.8318e-01 -4.3889e+01 -1.1344e+01  1.9029e+01  4.9164e+01  1.0000e+00
-5.3470e-02 -3.9383e-02 -1.8387e-01  2.6594e+01  3.1537e+01  4.3664e+01  6.0070e+01  1.0000e+00
 6.2348e-02  2.4586e-02 -1.0934e-01 -2.9516e+01 -3.0153e+01 -1.6206e+01  4.5200e+01  1.0000e+00
 2.1253e-02 -9.3846e-02 -1.6841e-02  1.5080e+01  2.2528e+01  3.8113e+01  4.6771e+01  1.0000e+00
-1.7114e-02 -4.2324e-02 -3.7098e-03  2.0903e+01 -5.0097e+01 -1.8975e+01  5.7504e+01  1.0000e+00
 1.9066e-01  1.7763e-01  3.0441e-01 -2.4146e+00  2.0395e+01  9.1204e+00  2.2471e+01  1.0000e+00
 5.9716e-02 -2.0328e-02 -1.8772e-01  1.7735e+01  1.0499e+01  4.5296e+01  4.9765e+01  1.0000e+00
 9.0980e-02 -7.8322e-02 -4.5323e-02 -4.8158e+01  3.4234e+01 -3.0369e+01  6.6434e+01  1.0000e+00
-7.7756e-03 -9.6064e-02 -2.4548e-02 -2.6240e+01  3.4613e+01  6.6948e+01  7.9803e+01  1.0000e+00
-1.2297e-01  2.1692e-01 -1.7879e-02  1.0238e+01 -4.3031e+01  5.4313e+00  4.4565e+01  1.0000e+00
 1.1141e-02 -4.5483e-02 -2.8484e-02 -8.1802e+01  1.4874e+00  3.7375e+01  8.9948e+01  1.0000e+00
-9.3962e-01 -5.6093e-01  1.0602e+00 -1.3232e+01  6.4095e-01  9.3536e+00  1.6217e+01  1.0000e+00
-6.7757e-03 -7.3344e-02 -8.1832e-02  3.6926e+01  1.8449e+01 -4.7545e+01  6.2963e+01  1.0000e+00
-4.6903e-03 -4.5077e-02 -1.0225e-01  2.3013e+00  3.7247e+01  1.1818e+01  3.9144e+01  1.0000e+00
-1.0350e-01 -8.7892e-03 -7.2089e-02  5.9544e+01 -2.6464e+01  3.1921e+01  7.2559e+01  1.0000e+00
 3.8891e-02 -4.0294e-02 -1.7770e-02  4.2728e+01 -7.1222e+01 -3.3354e+01  8.9503e+01  1.0000e+00
-7.3559e-02 -1.4829e-01  3.0729e-02  1.9495e+01  5.0118e+01 -3.5645e+01  6.4517e+01  1.0000e+00
 3.0671e-02 -8.2324e-02 -3.6110e-02 -8.5127e+01  4.5182e+01  3.4530e+01  1.0237e+02  1.0000e+00
 4.8062e-02 -1.1473e-01  1.0538e-03  1.4174e+01  3.6006e+01  2.1549e+01  4.4291e+01  1.0000e+00
-2.4026e-02 -1.6360e-01  4.8251e-02  8.1843e+00  8.7299e+00  3.9257e+01  4.1040e+01  1.0000e+00
-1.4420e-02 -9.0385e-02 -4.6013e-02 -1.9441e+01  1.8978e+01  5.7214e+01  6.3337e+01  1.0000e+00
 6.0775e-02  3.5827e-02 -5.3927e-02 -5.9762e+01  2.4227e+01  2.5466e+01  6.9332e+01  1.0000e+00
-1.6603e-02 -7.2474e-03 -2.2972e-02 -1.4874e+01  2.9809e+01  3.3736e+01  4.7412e+01  1.0000e+00
 5.3114e-02 -5.9275e-02 -6.6182e-02  3.4421e+01 -2.7916e+00  1.1374e+01  3.6359e+01  1.0000e+00
 3.9333e-02 -5.1432e-02 -1.9171e-02 -6.6486e+01 -4.9785e+01  2.5135e+01  8.6780e+01  1.0000e+00
 5.5506e-02 -5.3824e-02 -5.9917e-03  2.6307e+01  4.4233e+01 -4.8120e+00  5.1689e+01  1.0000e+00
 9.4231e-02 -1.8929e-02 -6.2195e-02 -3.0425e+01  3.0384e+01  4.3862e+01  6.1422e+01  1.0000e+00
 6.6726e-01 -3.6869e-03 -4.1717e-01  3.9708e+00  1.2734e+01 -1.4755e+01  1.9891e+01  1.0000e+00
 2.6040e-02 -4.5720e-02 -9.5789e-03 -1.4459e+01  2.7432e+01 -6.7708e+01  7.4471e+01  1.0000e+00
-6.8529e-02 -2.2881e-02 -4.6514e-02  3.0048e+01  5.5351e+01  2.5781e+01  6.8053e+01  1.0000e+00
 2.2830e-02 -3.7006e-02  4.4391e-02  4.0445e+01  5.9476e+01 -7.2992e-01  7.1929e+01  1.0000e+00
 2.1230e-02 -1.8774e-02 -3.4706e-03 -3.0856e+01  3.4761e+01  5.4159e+01  7.1370e+01  1.0000e+00
-1.4729e-01  3.7152e-03  1.5268e-01  4.8127e-01 -8.0424e+00  4.2872e+01  4.3622e+01  1.0000e+00
-3.6956e-01  5.1494e-01  1.5593e+00 -6.3861e+00  1.0553e+01  2.5375e+01  2.8215e+01  1.0000e+00
-1.5396e-01 -7.3407e-03 -2.2189e-02  2.9887e+01 -2.8971e+01  2.3325e+01  4.7713e+01  1.0000e+00
-1.7407e-01 -8.5622e-02  1.0728e-01  3.9323e+01  2.8090e+01 -1.4734e+01  5.0521e+01  1.0000e+00
-3.4748e-02 -1.3639e-01 -4.2156e-02 -3.1233e+01 -1.8583e+01  4.1501e+01  5.5165e+01  1.0000e+00
-2.3217e-02  5.8457e-02  1.5137e-01 -1.3818e+01 -3.1984e+01 -4.6380e+01  5.8009e+01  1.0000e+00
-3.8114e-02 -1.6751e-02 -5.2857e-02  3.0161e+01 -2.0490e+01 -3.7868e-01  3.6465e+01  1.0000e+00
 2.3760e-02 -6.3278e-02  1.2503e-02 -1.6365e+01 -1.1789e+01  3.2254e+01  3.8040e+01  1.0000e+00
 3.0649e-02 -5.6135e-02 -1.4723e-02 -6.5392e+01  2.9535e+01 -2.5832e+01  7.6260e+01  1.0000e+00
 2.7072e-02 -8.5851e-02 -2.2713e-02  9.7384e-01  5.6496e+01 -8.6955e+00  5.7170e+01  1.0000e+00
 9.8058e-02 -6.9939e-03  4.5160e-02 -4.9732e+01 -2.9889e+01 -2.2122e+00  5.8065e+01  1.0000e+00
-1.0640e-01 -1.0857e-01 -5.5353e-02  3.3570e+01 -1.6149e+01 -1.3876e+01  3.9752e+01  1.0000e+00
 5.6954e-02 -3.8653e-02 -7.2807e-02  2.4032e+01  3.4307e+00 -4.5601e+01  5.1659e+01  1.0000e+00
 5.8331e-02  1.5138e-02 -7.0190e-02  3.3805e+01  2.9692e+01  2.3749e+01  5.0876e+01  1.0000e+00
 6.7794e-02 -7.4349e-02 -1.0083e-02  2.2321e+01  6.6851e+01  2.0224e+01  7.3323e+01  1.0000e+00
 3.4277e-02 -9.1319e-02 -2.8393e-02 -1.9885e+01 -3.6623e+01 -1.3157e+01  4.3701e+01  1.0000e+00
 1.3465e-01 -1.0599e-01 -1.5033e-01 -5.8321e+01  1.1482e+01 -1.5507e+00  5.9460e+01  1.0000e+00
-7.5592e-01 -7.7788e-01 -2.1589e-02 -4.6934e+00 -6.1409e+00  1.2960e+01  1.5090e+01  1.0000e+00
-2.8743e-03 -1.1116e-01  2.8240e-02 -1.3889e+01 -8.0091e+00  6.0146e+01  6.2246e+01  1.0000e+00
 4.9717e-02 -9.2874e-02 -8.1195e-02 -6.1641e+01  2.9418e+01 -2.1487e+00  6.8335e+01  1.0000e+00
 1.0742e-01 -7.4112e-02 -5.6508e-02 -5.7588e+01 -4.4017e+01 -2.6172e+01  7.7063e+01  1.0000e+00
 5.3734e-01 -1.2674e+00  1.5698e+00  1.6222e+01 -4.0884e+01  7.3121e+01  8.5331e+01  1.0000e+00
-2.2383e-01 -9.3568e-02 -2.0339e-01  3.6734e+01  1.2379e+01  1.8747e+01  4.3059e+01  1.0000e+00
-6.4676e-02  5.7580e-02  3.2603e-02  1.0692e+01 -1.3651e+01  1.2389e+00  1.7384e+01  1.0000e+00
 2.2734e-02 -4.8428e-02 -7.4664e-02  3.1376e+01  2.6993e+01 -3.9195e+01  5.7003e+01  1.0000e+00
 3.0571e-02 -8.3030e-02 -1.1044e-01 -7.6826e+01  2.3443e+01  3.9423e+00  8.0420e+01  1.0000e+00
 9.4527e-02  5.1360e-02 -3.3144e-01 -1.1480e+01 -1.6067e+01  2.6404e+01  3.2971e+01  1.0000e+00
-2.3481e-01 -7.4301e-01 -4.8137e-01 -2.8601e+01 -1.0741e+01 -2.9076e+01  4.2176e+01  1.0000e+00
-1.0345e-01 -8.3117e-02  1.2932e-01  2.0401e+01 -1.2554e+01 -1.7814e+01  2.9853e+01  1.0000e+00
 7.4954e-02 -4.1123e-02 -2.1875e-02 -5.9473e+01  7.6451e+00 -3.2598e+01  6.8250e+01  1.0000e+00
-1.2657e-02 -3.4837e-02 -2.0715e-02  3.8267e+01 -2.8314e+01 -4.1811e+00  4.7787e+01  1.0000e+00
 8.5427e-02 -7.4372e-02 -5.1602e-02 -3.0158e+01 -2.0489e+01  1.1439e+01  3.8212e+01  1.0000e+00
 1.1806e-03 -3.3425e-01 -1.9534e-01 -1.3076e+01  1.2862e+01  1.3513e+01  2.2782e+01  1.0000e+00
 1.2585e-02  1.8987e-02 -1.8609e-02  3.6990e+01  3.5798e+01  3.5720e+00  5.1600e+01  1.0000e+00
 4.8188e-02 -8.7644e-02 -4.0178e-02  1.0511e+01 -3.5928e+01 -4.8374e+01  6.1167e+01  1.0000e+00
 1.1675e-01 -2.1907e-01  5.3661e-02 -2.2810e+01  2.2370e+01 -3.9974e+01  5.1173e+01  1.0000e+00
-7.8440e-01  1.8605e-01 -4.1660e-01  7.9488e+00 -1.3568e+01 -1.0723e+01  1.9033e+01  1.0000e+00
 1.7658e-01  7.3889e-02 -3.3425e-03 -1.8895e+01 -4.4288e+01  8.3062e+00  4.8862e+01  1.0000e+00
-1.1643e-01 -8.5038e-02 -2.4101e-02  2.3133e+01  1.0157e+01 -5.2590e+01  5.8344e+01  1.0000e+00
 1.4578e-01 -6.9906e-02 -4.7935e-02 -4.8091e+01  4.8917e+01  1.9932e-01  6.8598e+01  1.0000e+00
-2.3965e-02 -5.9745e-03 -6.3238e-02  3.0089e+01 -1.3404e+01 -2.7933e+00  3.3058e+01  1.0000e+00
-2.2345e-01 -9.8597e-02 -6.1611e-02  4.8752e+01 -8.9327e+00  1.3962e+01  5.1493e+01  1.0000e+00
-1.4026e-01 -3.7608e-01  8.5758e-02 -4.5615e+00  2.8908e+01 -2.3938e+01  3.7809e+01  1.0000e+00
 2.6861e-01  8.7080e-02  1.1753e-01 -3.0498e+01 -2.0517e+01 -1.7027e+01  4.0509e+01  1.0000e+00
-5.2784e-01 -4.0854e-02  3.7530e-01  9.7422e+00  2.3038e+01  6.2228e+00  2.5775e+01  1.0000e+00
 2.9656e-01  8.5915e-02  2.1654e-02 -2.1275e+01 -3.7114e+01  4.9912e+00  4.3070e+01  1.0000e+00
 6.0257e-02 -1.1529e-01 -9.3106e-02 -7.8274e+01 -6.4359e+00  2.5179e+00  7.8578e+01  1.0000e+00
-9.6106e-02 -9.1425e-02  8.5156e-02  3.3131e+01 -1.6733e+01 -1.4809e+01  3.9962e+01  1.0000e+00
 6.3430e-02 -1.4358e-01  8.0640e-02 -3.4187e+01  1.6411e+01 -4.3811e+01  5.7944e+01  1.0000e+00
 5.0756e-02 -1.1776e-01 -1.6186e-02 -4.4061e+01  5.4821e+00  6.3175e+01  7.7218e+01  1.0000e+00
 2.1472e-02  4.0162e-02 -2.9836e-02  9.5201e+00  1.0577e+01  2.0188e+00  1.4373e+01  1.0000e+00
 4.0409e-01  4.3058e-01  2.0495e-01 -1.4817e+01 -1.1869e+01  4.8577e+00  1.9596e+01  1.0000e+00
-1.3903e-02  9.7787e-04 -8.1871e-04 -2.8942e+01  4.5394e+01  4.8042e+01  7.2155e+01  1.0000e+00
-4.0698e-01  1.5681e-01 -5.8151e-01  6.3978e+00 -1.1483e+01 -2.6158e+01  2.9275e+01  1.0000e+00
 1.0627e-01 -3.7358e-02 -6.1931e-02 -4.1715e+01  3.7385e+01 -3.2325e+00  5.6109e+01  1.0000e+00
 5.0158e-02  6.2520e-02 -3.3858e-02  1.0757e+01  1.0148e+01 -1.7097e+01  2.2605e+01  1.0000e+00
 2.0375e-02 -5.3871e-02  1.1621e-02 -3.1912e+01 -1.3784e+01 -6.5215e+01  7.3901e+01  1.0000e+00
 2.1551e-01  1.0070e-01 -7.9327e-03 -2.7262e+01 -4.0006e+01  1.1745e+00  4.8425e+01  1.0000e+00
 1.1977e-01  3.1312e-01  2.0632e-01 -1.7514e+01 -1.0622e+01 -2.6751e+00  2.0658e+01  1.0000e+00
-1.6731e-01 -1.8825e-02 -5.5417e-02  3.1466e+01 -3.4597e+01  4.1351e+01  6.2426e+01  1.0000e+00
 5.3568e-02  9.1143e-03 -2.3013e-02  1.1355e+01 -1.3943e+01  3.1993e+01  3.6700e+01  1.0000e+00
-1.1658e-02 -1.1582e-01  5.6760e-02 -3.8529e+00  5.2619e+01 -2.3805e+01  5.7882e+01  1.0000e+00
-1.6773e-02 -3.7844e-02 -7.5181e-03 -3.0971e+00 -3.8152e+01 -2.7004e+01  4.6844e+01  1.0000e+00
 1.0396e-01 -1.0277e-01 -3.6616e-02 -1.4899e+01  3.4022e+01  2.6210e+01  4.5458e+01  1.0000e+00
-2.6045e-02 -2.0229e-02 -1.1225e-01 -1.4485e+01 -1.1409e+01  4.6846e+01  5.0344e+01  1.0000e+00
-1.2079e-04 -5.2024e-02 -5.5567e-02 -5.3657e+01  9.7708e-01  4.0135e+01  6.7014e+01  1.0000e+00
-6.0705e-02  2.0242e-02 -4.2903e-03  3.3829e+01 -2.5327e+01 -2.3334e+01  4.8274e+01  1.0000e+00
 5.3515e-02 -1.5117e-01  3.9711e-02  3.4449e+01  3.6711e+01 -2.7554e+01  5.7390e+01  1.0000e+00
 2.9749e-02 -3.8789e-02 -2.9136e-03  1.9019e+01  1.9116e+01 -1.5401e+00  2.7010e+01  1.0000e+00
 1.8692e-01 -7.5765e-02 -5.1346e-02 -2.8737e+01  3.4790e+01  2.8163e+01  5.3191e+01  1.0000e+00
-8.6012e-02 -1.6792e-01  8.0041e-02 -1.4773e+01 -8.5614e+00  4.2089e+01  4.5421e+01  1.0000e+00
-8.6401e-02 -1.2744e-01 -1.7240e-02  4.9243e+01  3.9011e+01 -1.7130e+01  6.5117e+01  1.0000e+00
 1.0649e-02 -4.8479e-02 -2.2858e-02  4.5023e+01 -3.8907e+01 -2.6818e+01  6.5269e+01  1.0000e+00
 3.6616e-02  1.0231e-02  1.0382e-03 -1.8164e+01  3.2403e+00  2.7932e+01  3.3476e+01  1.0000e+00
-5.2259e-02  1.0576e-01  8.9753e-02  8.2394e+00 -2.5813e+01 -3.6447e+01  4.5416e+01  1.0000e+00
 1.6363e-01  5.6911e-02 -2.0853e-01 -2.5727e+01 -2.5586e+01  2.9801e+01  4.6953e+01  1.0000e+00
-1.2015e-01 -4.3544e-02 -8.1869e-02  3.2172e+00  6.0054e+01  6.8378e+00  6.0527e+01  1.0000e+00
-2.1164e-03 -1.2097e-02  1.0493e-01  3.9248e+01 -2.1603e+01 -4.9935e+01  6.7086e+01  1.0000e+00
-1.0586e-01 -4.9516e-02 -1.0692e-01  3.0304e+01  1.0838e+01  5.4280e+01  6.3104e+01  1.0000e+00
 3.9875e-02 -1.3910e-01 -6.2762e-02 -7.1378e+01  3.5398e+01  1.0857e-02  7.9673e+01  1.0000e+00
 1.6511e-02  3.5572e-01  1.9053e-01 -5.3581e-01 -3.0950e+01 -1.2267e+01  3.3297e+01  1.0000e+00
 2.3367e-02 -1.7639e-01  6.6453e-02  7.8681e+00  4.9368e+01  5.5647e+00  5.0300e+01  1.0000e+00
 2.9912e-02 -1.8955e-01  5.7381e-02  1.0970e+01  4.8863e+01 -2.7142e+01  5.6961e+01  1.0000e+00
-6.8786e-02 -6.9220e-02 -4.7858e-02  5.9601e+01 -2.9963e+01  3.3947e+01  7.4849e+01  1.0000e+00
 2.2099e-02 -1.0451e-01  7.0532e-04 -6.3836e+01  1.0997e+01  1.9947e+01  6.7778e+01  1.0000e+00
 9.6627e-02 -1.6192e-01  8.7334e-02 -3.5361e+01  6.1242e+00 -4.5182e+01  5.7700e+01  1.0000e+00
-1.2265e-01  1.9625e-02 -4.5492e-02  3.7667e+01 -2.7927e+01  5.2630e+01  7.0488e+01  1.0000e+00
-5.2992e-01 -1.4614e-01  1.8942e+00  9.9196e-01  5.4132e+00  3.5343e+01  3.5769e+01  1.0000e+00
-5.1238e-03  7.2586e-02  7.5525e-02  2.8959e+01 -1.2439e+01 -4.1453e+01  5.2074e+01  1.0000e+00
 1.0275e-01 -2.8067e-02  2.1967e-02 -2.1909e+01 -8.4652e+00 -9.0737e+00  2.5179e+01  1.0000e+00
-1.3030e-03 -5.5440e-02 -1.5399e-02  7.0883e+01  5.4702e+01  2.5435e+01  9.3079e+01  1.0000e+00
 4.5495e-02 -1.0111e-01  2.5028e-02 -2.2734e+01  7.9352e+00  4.4982e+01  5.1021e+01  1.0000e+00
-2.1497e-01 -4.2131e-01 -2.4449e-01  1.1073e+00  2.1924e+01  1.6389e+01  2.7395e+01  1.0000e+00
 2.7225e-02 -1.6341e-01  3.4296e-02 -1.4091e+01  5.8443e+01 -3.6775e+01  7.0473e+01  1.0000e+00
 4.4905e-02 -5.9147e-02  1.3420e-02 -2.9366e+01  5.6875e+01  9.2347e+00  6.4672e+01  1.0000e+00
-4.9359e-02 -4.6100e-02  5.9060e-02 -1.2925e+01 -3.8493e+01  4.2322e+01  5.8651e+01  1.0000e+00
 1.3034e-02 -1.0293e-01 -4.1379e-02  2.6869e+01  1.7366e+01 -1.4989e+01  3.5329e+01  1.0000e+00
-3.0944e-02 -9.1077e-02 -4.0983e-02  5.3134e+01  2.4546e+01  6.7104e+01  8.9043e+01  1.0000e+00
 3.3249e-02 -1.0000e-01 -6.7165e-02  5.9710e+01 -2.3376e+01  1.9290e+01  6.6961e+01  1.0000e+00
-1.2892e-01  4.1851e-02  9.1852e-02  2.6454e+01 -1.1710e+01 -3.7444e+01  4.7318e+01  1.0000e+00
 1.1938e-02 -1.3416e-01 -5.5170e-02  6.9112e+00 -3.0465e+01 -2.3584e+01  3.9141e+01  1.0000e+00
 2.0900e+00 -2.1417e+00  1.2070e+00  2.6425e+01 -5.1951e+01  3.3410e+01  6.7182e+01  1.0000e+00
 5.6236e-02  4.1131e-01 -1.1267e+00  2.1930e+00 -5.4352e+00 -1.6191e+01  1.7219e+01  1.0000e+00
-3.7401e-02  1.0254e-02  1.2823e-01  4.1932e+01 -2.6158e+01 -4.4018e+01  6.6183e+01  1.0000e+00
 4.5307e-02  9.1215e-02  2.2161e-01  3.3831e+01 -1.3845e+01 -2.9448e+01  4.6940e+01  1.0000e+00
 2.3566e-02  4.1067e-01 -4.2717e-02 -3.8716e+00 -3.1588e+01  4.6579e+00  3.2164e+01  1.0000e+00
 2.4939e-01  1.6242e-01  1.2827e-01 -2.0403e+01 -3.1736e+01 -1.6980e+01  4.1373e+01  1.0000e+00
-1.6424e-03 -9.7892e-02  2.7679e-02 -3.4274e+01  7.2496e+00  1.9574e+01  4.0130e+01  1.0000e+00
 3.2757e-01  4.5831e-02  2.5692e-01 -2.2759e+01 -2.9471e+00 -2.4836e+01  3.3815e+01  1.0000e+00
-2.2528e-02 -6.5779e-02 -1.3579e-01  2.3130e+01 -1.1738e+00 -3.2529e+01  3.9931e+01  1.0000e+00
-6.8776e-02 -3.2843e-02 -4.6801e-03  4.0267e+01  2.5354e+01  3.3818e+01  5.8377e+01  1.0000e+00
-3.1584e-03 -2.9583e-02  2.2615e-02  4.0110e+01 -5.7161e+01  1.6557e+01  7.1766e+01  1.0000e+00
 1.6044e-01  4.6976e-01 -5.4476e-01 -2.0402e+01 -3.0714e+00  2.7436e+00  2.0813e+01  1.0000e+00
 2.2903e-02 -7.2250e-02 -3.8501e-02  4.6476e+01 -1.4820e+01  3.0754e+01  5.7667e+01  1.0000e+00
