# limit = 1.42949
#
# x           y           z           vx          vy          vz          s           m
 6.7544e-01 -6.8014e-01 -1.2123e+00  4.6125e+00 -9.0060e+00 -7.0648e+00  1.2341e+01  1.0000e+00
 2.0548e-01 -1.2091e-01  1.1355e-01 -1.5336e+00  2.0338e+01 -3.2907e+00  2.0659e+01  1.0000e+00
 9.7650e-01 -9.2165e-02  1.7246e-01  4.4878e+01  8.3649e-01  9.0202e+00  4.5784e+01  1.0000e+00
 5.2426e-04 -1.0078e-01 -2.7321e-02 -1.8795e+01  2.9719e+01 -1.1051e+01  3.6859e+01  1.0000e+00
-6.0614e-01  3.1400e-01  5.0230e-01 -3.8770e+01  1.5661e+01  2.3930e+01  4.8177e+01  1.0000e+00
 2.4217e-01 -2.1737e-01  8.6975e-01  1.5570e+01 -5.5256e+00  4.6841e+01  4.9669e+01  1.0000e+00
 1.1412e-01 -6.8815e-01 -6.0367e-01  3.6519e+00 -3.7803e+01 -2.7240e+01  4.6738e+01  1.0000e+00
 2.2207e-01 -4.1808e-01  8.0972e-02 -8.0547e-01 -1.5287e+01 -7.4200e+00  1.7012e+01  1.0000e+00
-2.3000e+00  1.5738e+00  4.1323e+00 -4.5874e+01  3.3622e+01  1.0530e+02  1.1968e+02  1.0000e+00
-9.9485e-02  9.6994e-02  7.6139e-02  2.3257e+01  1.8405e+01 -6.5868e-02  2.9659e+01  1.0000e+00
 4.6432e-01  3.3040e-01  4.0287e-01  1.8737e+01  1.9656e+01  1.5196e+01  3.1118e+01  1.0000e+00
-1.0100e-01  1.6652e-01 -1.0411e-01  1.7912e+01 -6.0528e+00  1.0060e+01  2.1416e+01  1.0000e+00
 1.0775e-01  5.0325e-01  2.8499e-01  1.2324e+01  1.7459e+01  1.8865e+01  2.8506e+01  1.0000e+00
-3.1415e-01 -2.4507e-01 -6.1770e-02  3.9720e+00 -8.2223e+00 -5.1994e+00  1.0508e+01  1.0000e+00
 2.2276e-01  8.3992e-02 -1.0845e-01  3.9767e-01  6.9286e+00 -2.1408e+01  2.2505e+01  1.0000e+00
-1.7936e-01  1.9866e-01 -5.3503e-01 -2.3382e+01 -1.2081e+00 -2.6290e+01  3.5204e+01  1.0000e+00
 5.1774e-01 -5.7879e-01 -5.4653e-01  2.8655e+01 -2.7477e+01 -3.1444e+01  5.0644e+01  1.0000e+00
-3.1882e-01 -9.6921e-02 -8.3188e-03  4.0761e+00  9.8058e+00  9.1696e+00  1.4030e+01  1.0000e+00
 2.7370e-01  1.5902e-01 -1.2614e-01 -4.1755e+00 -2.3808e+00 -6.5298e+00  8.1081e+00  1.0000e+00
 2.8284e+00  2.7779e+00 -1.3947e+00  7.4223e+01  5.9613e+01 -2.5538e+01  9.8564e+01  1.0000e+00
-1.0756e-01  1.1265e-01 -1.7397e-02  1.2931e+01 -2.7030e+01 -4.0656e+00  3.0238e+01  1.0000e+00
-1.7692e-02 -3.5490e-02  8.3027e-02  4.8237e+00  1.4442e+01 -2.6233e+01  3.0332e+01  1.0000e+00
 1.3519e-01  5.8668e-02 -1.6101e-01 -5.4755e+00 -1.8025e+01  5.5942e-01  1.8847e+01  1.0000e+00
-4.0672e-01  5.4276e-01 -7.2666e-01 -1.9226e+01  3.6129e+01 -3.7191e+01  5.5300e+01  1.0000e+00
-3.9639e-04  8.0606e-01 -4.0397e-01 -2.0501e-01  4.4437e+01 -1.9633e+01  4.8581e+01  1.0000e+00
 2.5033e-01 -3.0649e-01  3.1340e-02 -3.3357e+00 -7.2862e+00 -3.7607e+01  3.8452e+01  1.0000e+00
 4.9497e-01 -4.3651e-01  1.8023e-01  1.7777e+01 -3.9964e+01  9.7471e+00  4.4813e+01  1.0000e+00
 2.4734e-01  2.6357e-02 -2.2049e-01  8.1798e+01 -2.0159e+01 -7.8891e+01  1.1542e+02  1.0000e+00
 4.8169e-03 -9.8580e-01 -1.3098e+00  2.1830e+00 -4.4680e+01 -5.8931e+01  7.3986e+01  1.0000e+00
-1.0932e-01  2.8781e-02  7.5916e-02 -1.5146e+01 -1.8722e+01  2.4354e+01  3.4250e+01  1.0000e+00
 8.1642e-02  1.1107e-01 -7.7779e-02  2.4583e+01  4.4337e+00 -1.9921e+01  3.1950e+01  1.0000e+00
-4.7703e-02 -1.0681e-02  5.1004e-02 -7.1622e+00 -2.5734e+01  4.1471e+00  2.7032e+01  1.0000e+00
-2.4596e-01 -9.9536e-02  4.0488e-02  7.6505e+00  1.2231e+01  6.6126e+00  1.5870e+01  1.0000e+00
 4.5609e-02 -1.6876e-01 -1.5918e-01 -9.0014e+00  1.2748e+01 -3.9819e+00  1.6105e+01  1.0000e+00
-1.0001e-01  2.4475e-02  6.0635e-02  1.2599e+01  1.6755e+00  3.0074e+01  3.2650e+01  1.0000e+00
-1.7742e-01  1.2136e-01 -2.0988e-02 -2.1237e+01  1.7582e+01  1.3508e+01  3.0702e+01  1.0000e+00
 1.4728e+00  3.2716e-01 -5.7365e-01  6.3509e+00 -6.3591e-01 -2.2951e+00  6.7828e+00  1.0000e+00
-1.0497e+00  1.9924e+00 -3.0256e+00 -2.8915e+01  5.5436e+01 -6.8987e+01  9.3104e+01  1.0000e+00
-1.7112e-02  4.9915e-02 -3.7968e-01 -6.4856e+00  1.5302e+00  1.1668e+00  6.7650e+00  1.0000e+00
 6.7222e-01 -2.9795e-01  5.3829e-01  3.0581e+01 -6.4935e+00  2.4952e+01  4.0000e+01  1.0000e+00
 4.6107e-01  3.7372e-01 -2.2354e-01  2.5651e+01  2.2702e+01 -3.7146e+00  3.4455e+01  1.0000e+00
-3.5827e-01  2.2991e-02 -1.1273e-01 -2.8176e+01  9.6453e+00  7.7669e+00  3.0777e+01  1.0000e+00
-3.0502e-02 -3.6674e-02  2.4787e-01 -6.7032e+00 -4.6012e+00  9.8017e+00  1.2735e+01  1.0000e+00
 6.5219e-02 -3.8285e-01  9.4130e-01  4.4207e+00 -1.5260e+01  4.8856e+01  5.1374e+01  1.0000e+00
 7.3345e-01  3.2682e-01  2.4015e-02  4.7897e+01  2.4634e+01  3.4991e+00  5.3974e+01  1.0000e+00
-1.9568e-01 -4.6758e-01 -8.7542e-02 -3.9683e-01 -4.1775e+01  4.6570e+00  4.2036e+01  1.0000e+00
-7.2968e-02  3.0492e-02 -1.2572e-01  8.7074e+00 -5.8194e+00 -1.3720e+01  1.7260e+01  1.0000e+00
 1.8861e-01 -5.5455e-01 -3.2244e-01  1.3074e+01 -2.1611e+01 -7.1923e+00  2.6262e+01  1.0000e+00
 5.9851e-01 -2.0941e-01  2.2636e-01  3.2216e+01 -1.0716e+01  1.6197e+01  3.7617e+01  1.0000e+00
-4.0985e-01  1.4353e-01  4.2002e-01 -3.2790e+00  6.6910e-01  2.3856e+01  2.4089e+01  1.0000e+00
-8.7196e-02  9.2430e-02  7.1233e-02 -2.1117e+01  1.2219e+00 -1.6290e+01  2.6698e+01  1.0000e+00
-1.9193e-01  1.1346e-01 -3.6121e-02 -3.2102e+00  1.5003e+00 -2.5476e+01  2.5722e+01  1.0000e+00
-3.3251e-01 -3.0415e-01  3.7497e-01 -1.4242e+01 -2.2794e+01  2.1501e+01  3.4420e+01  1.0000e+00
 2.7745e-01 -1.7145e-01  2.8330e-01  1.7250e+00  1.2353e+00  1.9017e+00  2.8492e+00  1.0000e+00
 1.3291e-01 -3.6522e-01  1.3181e-01  5.7607e+00 -1.8890e+01 -7.1122e+00  2.0990e+01  1.0000e+00
-9.7704e-02 -5.6251e-02  2.9228e-01  1.5506e+01 -1.8952e+00 -3.2853e-01  1.5625e+01  1.0000e+00
 3.0032e-02  1.6592e-01 -5.0655e-02 -1.1749e+01 -7.5182e+00  1.6736e+01  2.1787e+01  1.0000e+00
 1.0782e-02  4.9866e-01 -2.1600e-01 -4.6840e+00  1.4672e+01 -8.3604e+00  1.7524e+01  1.0000e+00
-9.4578e-02 -9.4889e-03 -6.0701e-02 -3.8890e+00  4.6868e+00 -8.5685e+00  1.0512e+01  1.0000e+00
 3.8782e-01 -1.9584e-02  6.3264e-01  1.4743e+01 -6.0252e+00  4.0067e+01  4.3116e+01  1.0000e+00
-2.5328e-02  4.7520e-02  6.0207e-02 -9.0323e+00 -2.0922e+00  5.1494e+00  1.0606e+01  1.0000e+00
-1.3531e-01 -3.1429e-01  1.9182e-01  1.3656e+00 -1.1113e+01 -8.1799e+00  1.3866e+01  1.0000e+00
 2.2055e-02  1.2045e-01 -1.2609e-01  6.8880e+00  1.4792e+01 -2.3570e+00  1.6486e+01  1.0000e+00
-6.5568e-03  1.3494e-02 -2.9489e-02  1.1544e+01  1.1895e+01 -1.2695e+01  2.0878e+01  1.0000e+00
 6.2967e-01 -3.0797e-01  1.5620e-01  1.9472e+01 -8.2344e+00  5.9263e+00  2.1957e+01  1.0000e+00
-2.3054e-01  1.8616e-01 -1.0727e-01  5.7211e+00  1.5267e-02  1.2292e+01  1.3558e+01  1.0000e+00
-2.1824e-02  2.8468e-02 -7.5748e-02 -1.8829e+01 -1.8640e+01 -1.5540e+01  3.0716e+01  1.0000e+00
-9.3134e-02  1.4528e-01 -2.2933e-02 -2.1944e+00 -8.6012e-01 -5.4533e+00  5.9408e+00  1.0000e+00
-5.2722e-01 -1.7513e-02  6.3742e-02 -1.7743e+01  4.3500e+00 -5.9569e+00  1.9215e+01  1.0000e+00
 1.3792e-01  3.3655e-01  1.3485e-01  1.1237e+01  8.5370e+00  8.5410e+00  1.6496e+01  1.0000e+00
 7.6077e-01  1.6250e-01  1.9283e-01  4.5254e+01  6.1345e+00  9.3290e+00  4.6611e+01  1.0000e+00
 1.0530e-01  1.5813e-02  1.0305e-01 -2.7528e+01  5.4268e+00  8.0034e+00  2.9177e+01  1.0000e+00
-2.1559e-01  4.9216e-01 -1.9286e-01 -5.2835e+00  1.5459e+01 -4.9925e+00  1.7083e+01  1.0000e+00
-4.2827e-02 -4.2649e-01 -2.4589e-01  1.3234e+00 -3.3563e+00 -6.4991e+00  7.4334e+00  1.0000e+00
-1.7155e-01  1.2242e-01  4.9281e-01  4.5669e+00  8.3376e-01  1.6360e+01  1.7006e+01  1.0000e+00
-1.2632e-02  1.3550e-02  5.4698e-02 -2.1536e+01 -1.9355e+01 -5.7920e+00  2.9529e+01  1.0000e+00
 4.2904e-02 -3.9970e-02  8.8957e-03 -3.1209e+01 -2.0242e+01  8.8042e+00  3.8227e+01  1.0000e+00
 1.1503e-01 -1.6638e-01 -5.3328e-01  5.3962e+00 -1.0434e+01 -1.5451e+01  1.9409e+01  1.0000e+00
 8.5020e-01 -5.6564e-01 -1.2532e-01  4.9110e+01 -2.4446e+01 -5.9732e+00  5.5182e+01  1.0000e+00
-6.3650e-01 -4.6026e-01 -3.3566e-01 -3.2646e+01 -2.0118e+01 -1.7747e+01  4.2255e+01  1.0000e+00
-1.8409e-01 -1.7744e-01 -3.1644e-01 -4.1941e+00 -2.2414e-01 -1.2912e+01  1.3578e+01  1.0000e+00
 2.2849e-02 -5.3870e-02  1.8620e-01  2.3001e+00  3.0728e+00  6.0166e+00  7.1366e+00  1.0000e+00
-1.2824e-01  8.5981e-02  1.3485e-01  1.8335e+01 -1.7395e+01 -4.3032e+01  4.9905e+01  1.0000e+00
 4.9343e-01  1.2597e-01  4.8600e-01  1.9550e+01  1.3633e+01  2.4208e+01  3.3972e+01  1.0000e+00
-2.1105e-01  1.2677e-01  1.1658e-01 -1.2425e+01 -4.8748e+00  3.3146e+00  1.3752e+01  1.0000e+00
 5.4501e-02  6.8315e-02  1.4975e-02  1.2621e+01 -4.1251e-01 -2.3179e+01  2.6396e+01  1.0000e+00
-1.6049e-01  4.1725e-01 -4.5474e-01 -5.8845e+00  1.2320e+01 -1.4122e+01  1.9643e+01  1.0000e+00
 1.6535e-01 -1.0833e-01  1.4849e-01  2.7887e+01 -1.8438e+01  2.5054e+01  4.1777e+01  1.0000e+00
 1.5372e-01 -2.9283e-01 -1.3383e-02 -7.2216e+00 -1.9134e+00 -2.5823e+00  7.9045e+00  1.0000e+00
-1.1415e-02 -7.3682e-02 -4.7704e-02  2.9347e+01 -3.2774e+00  1.4952e+01  3.3099e+01  1.0000e+00
 1.9622e-01 -1.7860e-01  8.4243e-02  2.4775e+01 -2.2505e+01  2.3270e+01  4.0765e+01  1.0000e+00
-9.8301e-03 -8.7158e-02 -5.5376e-02 -1.7106e+01  1.2854e+01 -2.4393e+01  3.2448e+01  1.0000e+00
 2.8568e-02 -2.6909e-02 -1.8086e-03  2.2996e+00 -4.7265e+00 -1.1900e+01  1.3010e+01  1.0000e+00
-2.2494e-02 -8.5514e-02  8.7494e-02 -1.1532e+01  7.6133e+00  8.4954e+00  1.6221e+01  1.0000e+00
-3.0918e-01  5.5435e-01 -1.5393e-01 -1.4734e+01  2.3378e+01  1.7060e+00  2.7686e+01  1.0000e+00
-1.4525e-02 -1.1524e-01 -1.2595e-01 -1.3610e+01 -3.4985e+00  8.1688e+00  1.6254e+01  1.0000e+00
-1.0588e-01  3.1794e-01  6.3487e-02 -2.4612e+00  3.3969e+00 -1.5799e+01  1.6346e+01  1.0000e+00
-3.4580e-01 -6.0864e-01 -6.6755e-01 -1.7707e+01 -2.5989e+01 -2.8600e+01  4.2508e+01  1.0000e+00
 1.3090e-01 -4.5997e-01 -1.9284e+00  3.4679e+00 -6.6763e+00 -3.0408e+01  3.1325e+01  1.0000e+00
-3.7636e-01 -1.8751e-01  2.1849e-01 -2.3678e+01  2.3441e+01 -1.4662e+01  3.6402e+01  1.0000e+00
-1.3968e-01  2.8981e-03  4.3265e-03  1.5240e+01  8.0820e+00 -2.3604e+00  1.7411e+01  1.0000e+00
-1.0448e-01  2.0653e-01  1.7231e-01 -1.0346e+01  1.5754e+01  6.0420e+00  1.9793e+01  1.0000e+00
 4.9146e-01 -4.0024e-01  6.3973e-02  1.6359e+01 -1.6083e+01 -1.2394e+00  2.2975e+01  1.0000e+00
 4.8579e-01 -4.2334e-01  1.5199e-01  1.5155e+01 -7.9823e+00  6.9900e+00  1.8500e+01  1.0000e+00
 8.8457e-01  1.2838e-01  5.0389e-02  4.3743e+01  1.5937e+01 -1.7307e+00  4.6588e+01  1.0000e+00
-8.5116e-02  4.4286e-01 -2.8593e-01 -2.6485e+00  1.0826e+01 -9.6686e+00  1.4754e+01  1.0000e+00
 6.7132e-01 -1.6755e-02  7.4721e-01  3.1470e+01  1.8144e+00  3.5688e+01  4.7616e+01  1.0000e+00
 9.9874e-02  1.0399e-01  1.0940e-01  1.9173e+00 -2.2140e+01  1.7167e+00  2.2289e+01  1.0000e+00
-1.6847e-01 -7.3755e-01  5.5072e-01 -1.2381e+01  7.6771e+00  1.8966e+00  1.4691e+01  1.0000e+00
-8.8632e-01  4.9581e-02  1.7188e-01 -5.1231e+01  1.0553e+01  1.1376e+01  5.3529e+01  1.0000e+00
-6.6974e-02  6.4976e-01 -2.6446e-01 -6.6350e+00  2.7328e+01 -1.3161e+00  2.8153e+01  1.0000e+00
 2.6636e-01 -4.9785e-01  6.0892e-01  1.5557e+01 -2.3075e+01  3.3603e+01  4.3631e+01  1.0000e+00
 3.8211e-01 -3.3300e-01  6.5867e-01  1.4910e+01 -1.2900e+01  3.0401e+01  3.6235e+01  1.0000e+00
 5.6303e-01 -6.1909e-01 -3.4406e-01  2.5944e+01 -2.9119e+01 -1.0809e+01  4.0470e+01  1.0000e+00
 5.6894e-01 -4.5593e-01  1.1494e-01  2.2550e+01 -1.7618e+01  6.1551e+00  2.9271e+01  1.0000e+00
-1.8505e-02  6.7500e-02  5.1157e-02 -3.3101e+01  7.5272e+00 -2.2605e+01  4.0784e+01  1.0000e+00
-8.7390e-02  1.7712e-01  2.8573e-02 -1.9496e+01 -1.1077e+00  1.3092e+01  2.3510e+01  1.0000e+00
 3.8463e-02 -1.0459e-01 -8.8984e-02 -1.1597e+01 -1.1295e-01  2.4891e+01  2.7460e+01  1.0000e+00
 5.6473e-02  9.8692e-02 -1.2581e-01 -8.2294e+00 -1.8445e+01  1.5222e+01  2.5291e+01  1.0000e+00
-6.0121e-02  4.4114e-02  7.7371e-02  2.3224e+01 -1.4990e+01  1.1359e+01  2.9885e+01  1.0000e+00
-2.1594e-01  1.8121e-01  6.4851e-02 -1.3775e+01 -1.2351e+00 -5.5075e+00  1.4887e+01  1.0000e+00
-7.9613e-02  7.1891e-02  3.4789e-01 -1.3176e+01 -1.9589e+00  5.5286e+00  1.4423e+01  1.0000e+00
-1.2662e+00  4.3070e-01  2.9731e-01 -5.9671e+01  2.4872e+01  2.2638e+01  6.8496e+01  1.0000e+00
-7.4294e-02  1.8095e-01 -6.2906e-03  1.4101e+01 -1.6926e+01 -6.5179e+00  2.2974e+01  1.0000e+00
 3.7526e-02 -7.0537e-02 -3.3591e-02 -2.8154e+01 -2.0648e+00 -2.0578e+01  3.4934e+01  1.0000e+00
-4.9883e-02  3.0060e-02 -1.1757e-01  1.0483e+01 -5.5303e+00  2.7549e+01  2.9991e+01  1.0000e+00
 3.5175e-01 -6.0716e-01 -3.6117e-01  2.8275e+01 -2.3970e+01 -1.1791e+01  3.8898e+01  1.0000e+00
 1.1085e-01 -1.0774e-02 -1.9898e-01  8.6573e+00  1.0038e-01  5.8352e+00  1.0441e+01  1.0000e+00
 3.5379e-01 -4.1615e-01  5.4509e-01  2.0518e+01 -1.6804e+01  3.8865e+01  4.7051e+01  1.0000e+00
-4.3103e-01 -2.3267e-01  1.3500e-01  1.6237e+01  8.9342e-01 -2.7634e+00  1.6494e+01  1.0000e+00
-4.8684e-03 -2.1595e-01 -8.2800e-01 -5.0097e+00 -9.4348e+00 -3.5487e+01  3.7060e+01  1.0000e+00
 6.5221e-01 -1.6637e-01  1.4943e-02  2.4024e+01 -1.4807e+01  4.7887e+00  2.8624e+01  1.0000e+00
 2.8560e-01 -1.6029e-01  2.9052e-02  3.1387e+00  5.4687e+00 -5.6987e+00  8.4990e+00  1.0000e+00
 3.9471e-02 -5.7743e-02 -6.3671e-02  5.9365e+00  1.0302e+01  1.8778e+01  2.2226e+01  1.0000e+00
 8.4870e-02  3.0315e-01  2.4541e-01 -1.5558e-02  1.2461e+01 -2.5649e+00  1.2723e+01  1.0000e+00
-2.4012e-01 -3.0413e-03  4.0312e-01 -1.0485e+01  2.9756e+01  1.6236e+01  3.5482e+01  1.0000e+00
-2.2579e-01  8.8674e-02  9.1612e-02 -8.9374e+00  1.6792e+01 -4.4350e-01  1.9027e+01  1.0000e+00
 6.9758e-02  6.3514e-02 -4.2410e-01  4.1568e+00  9.3471e+00  1.9449e+00  1.0413e+01  1.0000e+00
 5.7928e-01 -4.0764e-01 -1.7417e-01  2.4092e+01 -1.4753e+01  1.6213e+00  2.8297e+01  1.0000e+00
-4.4935e-02 -8.6837e-02  5.3502e-01 -6.0494e+00 -1.7193e+01  4.2474e+01  4.6220e+01  1.0000e+00
 5.6919e-01 -4.3029e-02  3.1398e-02  1.4361e+01  3.3011e+00  2.2543e+00  1.4907e+01  1.0000e+00
 1.5268e-01  1.0734e-01 -2.2541e-01 -7.8743e-01 -5.5010e+00 -1.0252e+01  1.1661e+01  1.0000e+00
-1.4476e+00 -3.9823e-01 -7.0590e-01 -4.1903e+01  8.5770e+00 -1.1926e+01  4.4403e+01  1.0000e+00
 8.5066e-02  8.6954e-02 -8.5862e-03 -1.8796e+01 -1.2194e+01  8.0817e+00  2.3818e+01  1.0000e+00
 1.6562e-01 -2.0524e-01  6.7243e-02 -9.8168e+00  9.6667e+00  2.3342e+00  1.3974e+01  1.0000e+00
 1.0870e-02 -3.1120e-02 -3.6224e-02 -1.1699e+01  2.2889e+01  1.0439e+01  2.7744e+01  1.0000e+00
-1.7451e-01 -3.0825e+00 -2.8017e+00 -1.5144e+01 -4.5816e+01 -5.3317e+01  7.1911e+01  1.0000e+00
 9.4889e-01 -8.6277e-01  2.7563e-01  4.0527e+01 -3.6187e+01  1.0386e+01  5.5316e+01  1.0000e+00
 9.8660e-02  1.3788e-01  3.9343e-02  2.4025e+01  3.0725e+01 -9.2858e+00  4.0093e+01  1.0000e+00
 1.2915e-01 -3.1124e-01 -5.9386e-01  9.8044e+00 -4.7714e+00 -2.2075e+01  2.4621e+01  1.0000e+00
-1.3656e-01  8.5552e-02 -2.2033e-01 -6.5952e+00 -2.0592e+00  6.5809e+00  9.5418e+00  1.0000e+00
 4.1379e-02 -4.9000e-01 -4.8611e-01  5.2767e+00 -1.2834e+01 -1.9644e+01  2.4051e+01  1.0000e+00
-1.0334e-01 -5.2769e-02 -4.6341e-01  1.3644e+00 -6.2611e+00 -1.2474e+01  1.4023e+01  1.0000e+00
 7.1515e-02  4.6969e-02 -7.0510e-02 -2.7916e+01  1.4481e+01  3.6077e+00  3.1655e+01  1.0000e+00
-4.5530e-01  5.1952e-01 -4.4701e-01 -2.5976e+01  3.8724e+01 -2.1737e+01  5.1447e+01  1.0000e+00
 2.3655e-02  1.0915e-01 -5.5628e-02 -9.4692e+00  1.1554e+01  1.5367e+01  2.1431e+01  1.0000e+00
-1.3920e-01 -1.4508e-01  4.2468e-01  7.6350e+00  7.4467e-01  1.4186e+01  1.6127e+01  1.0000e+00
 2.1942e-02 -3.1173e-02 -5.1921e-03 -1.6480e+01  1.0043e+01  1.3220e+01  2.3393e+01  1.0000e+00
-1.1317e-01  1.2982e-01  1.8875e-01  1.0029e+01  1.5048e+01  1.4711e+01  2.3311e+01  1.0000e+00
-3.4299e-02 -1.7853e-02  1.2936e-01  2.3384e+01  8.7870e+00  4.0386e+00  2.5304e+01  1.0000e+00
-1.6006e-01  1.3270e-01 -1.0502e-01 -1.1740e+00  9.9972e+00  1.6081e+01  1.8972e+01  1.0000e+00
-2.4727e-01 -3.0287e-02  4.6858e-01 -2.2916e-01  2.9171e+00  8.4507e+00  8.9430e+00  1.0000e+00
-2.1319e-01  5.8789e-02  2.0812e-01 -1.7530e+00 -1.0714e+00 -1.7920e+00  2.7262e+00  1.0000e+00
-2.2459e-01 -2.4708e-01  1.2294e-01 -1.1304e+01  8.8345e+00 -4.7128e+00  1.5101e+01  1.0000e+00
-9.9481e-02 -2.1487e-01 -8.0884e-03 -2.7535e+00  5.5087e+00 -1.7518e+01  1.8569e+01  1.0000e+00
 3.3570e-01 -4.6095e-01  6.1807e-01  9.3349e+00 -2.2420e+01  3.5744e+01  4.3213e+01  1.0000e+00
-1.3136e-01  1.5115e-01  1.8591e-01  1.3944e+01  7.2950e+00 -1.0194e+01  1.8750e+01  1.0000e+00
 2.3419e+00 -1.6850e+00 -3.9825e+00  6.9621e+01 -4.7513e+01 -9.5996e+01  1.2775e+02  1.0000e+00
 2.9379e-01  3.8329e-02 -1.6583e-02 -4.7488e+00 -3.8391e+00  1.4306e+01  1.5555e+01  1.0000e+00
 8.6152e-02  2.7863e-01 -3.3560e-01  2.7717e+00 -4.1975e-02 -7.4251e+00  7.9257e+00  1.0000e+00
-1.6925e-01 -2.9545e-01 -1.3385e-01  2.9792e+01 -2.1813e+01 -1.9354e+01  4.1689e+01  1.0000e+00
-1.3196e-01  1.1199e-01  5.5198e-02  1.2521e+01  2.5144e+00 -4.3445e+00  1.3490e+01  1.0000e+00
 1.3293e-01 -4.3281e-01  1.3184e-01  2.1540e+01 -1.1625e+01  6.2162e-01  2.4485e+01  1.0000e+00
 1.3579e-01 -7.5012e-02 -2.6235e-01  2.7418e+01  1.7334e+01 -1.9119e+00  3.2494e+01  1.0000e+00
-1.1793e-01  7.2435e-02  9.5511e-02 -1.4053e+01  1.2647e+01 -2.4367e+01  3.0841e+01  1.0000e+00
-7.8025e-02  1.4523e-01  1.0640e-01 -2.0249e+01  2.2873e+01 -3.8507e+00  3.0790e+01  1.0000e+00
-2.6938e-01  4.4496e-01 -3.5554e-01 -1.6577e+01  2.0443e+01 -1.0543e+01  2.8352e+01  1.0000e+00
-3.3046e-01 -1.6389e-02  1.8458e-01 -2.1820e+01 -4.7227e-01  9.5412e-01  2.1846e+01  1.0000e+00
-1.8228e-02  2.5746e-01  3.4988e-01  1.8789e+01  1.5186e+01  2.1286e+01  3.2198e+01  1.0000e+00
 1.4024e-01 -3.4897e-01  7.2538e-01  3.6619e-01 -1.9250e+01  3.5343e+01  4.0247e+01  1.0000e+00
-9.7715e-02 -1.5650e-01  2.3760e-01 -1.0200e+01  9.3352e+00 -3.2640e+00  1.4207e+01  1.0000e+00
 1.2006e-01  3.7477e-01  7.8020e-02 -2.7143e+00  2.2158e+01 -8.4134e+00  2.3857e+01  1.0000e+00
-4.5035e-01 -4.3163e-01 -5.5400e-02 -1.4691e+01 -9.2464e+00 -6.9970e-01  1.7373e+01  1.0000e+00
 1.0935e-02  7.4717e-03 -5.6620e-02  1.7679e+00 -2.2887e+01 -9.2001e+00  2.4730e+01  1.0000e+00
 4.7358e-01 -7.6245e-02  3.1519e-01  1.1480e+01  4.0127e+00  1.0318e+01  1.5948e+01  1.0000e+00
 1.7230e-02  6.7619e-02 -1.3086e-01 -1.2047e+01 -9.7132e+00  4.8597e+00  1.6220e+01  1.0000e+00
 4.1839e-02  2.0060e-01  5.3007e-02  1.2845e+01  1.0086e+00 -5.1946e+00  1.3892e+01  1.0000e+00
-6.6631e-01  5.5690e-01 -2.1325e-01 -3.3220e+01  2.7192e+01 -8.9344e+00  4.3849e+01  1.0000e+00
 2.8237e-01 -2.0576e-01 -9.0143e-01  1.7138e+01 -1.2242e+01 -5.1239e+01  5.5399e+01  1.0000e+00
 4.1633e-02 -4.5847e-03 -3.2149e-02 -1.5894e+00  6.5715e+00  2.7441e+01  2.8261e+01  1.0000e+00
-1.6353e-01 -7.8926e-01 -5.4773e-01 -3.8142e+00 -3.6111e+01 -2.5891e+01  4.4597e+01  1.0000e+00
-1.3931e-01  9.1171e-02 -9.0655e-01 -1.2163e+01  1.1978e+01 -5.0150e+01  5.2976e+01  1.0000e+00
 1.4963e-01 -4.4984e-01 -9.0017e-03  8.6497e+00 -4.2061e+01  2.1356e-01  4.2942e+01  1.0000e+00
 2.6099e-02 -3.6389e-01 -3.4120e-02 -6.3946e+00 -3.0299e-03  9.9017e+00  1.1787e+01  1.0000e+00
-9.2674e-02 -7.7574e-02 -7.7960e-01 -6.5804e+00 -5.0995e+00 -3.8904e+01  3.9785e+01  1.0000e+00
-2.7440e-01 -5.1856e-01 -3.2055e-01 -1.0512e+01 -1.4594e+01 -1.0449e+01  2.0801e+01  1.0000e+00
-1.7328e-01  7.3220e-02  8.1558e-02 -1.4967e+01 -3.0865e-01  1.9693e+01  2.4738e+01  1.0000e+00
-3.7911e-03 -5.1827e-02  1.6739e-01  1.1258e+00  3.9246e+00  1.3906e+01  1.4493e+01  1.0000e+00
 6.9599e-02  1.5389e-01  1.7730e-02  1.3373e+01  2.3758e+01  1.5451e+01  3.1337e+01  1.0000e+00
 3.2684e-01 -7.0180e-01 -2.7962e-01  2.0750e+01 -3.0055e+01 -1.0632e+01  3.8038e+01  1.0000e+00
-3.6359e-02  1.6308e-01  1.0171e-01  1.1443e+00 -8.9896e+00  8.5029e+00  1.2427e+01  1.0000e+00
-1.2499e-01  1.7302e-01  1.1921e-01  6.5347e+00  9.9608e-01  1.8054e+00  6.8523e+00  1.0000e+00
-7.3078e-01 -3.8925e-01 -3.4325e-01 -3.9368e+01 -1.6156e+01 -1.2705e+01  4.4411e+01  1.0000e+00
 1.4890e-01 -6.4453e-02 -1.0478e-01  4.5545e+01  7.0150e+00  2.2886e+01  5.1452e+01  1.0000e+00
-1.1537e-02  7.8191e-02  2.0222e-02 -1.7768e+01 -1.2276e+01  1.0704e+01  2.4103e+01  1.0000e+00
 1.6073e-01 -7.5481e-01 -6.1349e-02  1.3766e+01 -4.8490e+01 -3.4479e+00  5.0524e+01  1.0000e+00
-1.6508e-01  1.1201e-01 -1.2196e-01  1.0980e+01  1.0832e+01 -1.0792e+01  1.8824e+01  1.0000e+00
-1.3814e-01  6.4324e-02  2.4309e-01 -6.3840e+01 -6.7047e+00  9.2933e+01  1.1295e+02  1.0000e+00
 3.7141e-01 -8.2724e-01 -6.2754e-01  2.4971e+01 -4.3839e+01 -3.5328e+01  6.1591e+01  1.0000e+00
-2.3280e-01  4.1441e-02  1.3193e-02 -8.6824e+00 -3.4540e+00 -8.3976e+00  1.2563e+01  1.0000e+00
 1.0670e-01  5.7516e-02  3.9952e-02 -3.9439e+01 -2.5023e+01  1.2867e+01  4.8447e+01  1.0000e+00
-1.7773e-01  5.1899e-02  9.2735e-02  1.2594e+01 -3.6644e+00 -2.3625e+01  2.7022e+01  1.0000e+00
-1.5080e-01 -1.0048e-01 -1.4608e-01 -3.3444e+01 -1.5370e+01 -2.9806e+01  4.7361e+01  1.0000e+00
-9.2629e-02 -5.6224e-02  1.7152e-02  5.4978e+00  7.1228e+00 -1.8448e+01  2.0525e+01  1.0000e+00
-2.7103e-02  2.7929e-02  2.3157e-03 -1.3784e+01  1.1267e+01  8.6943e+00  1.9812e+01  1.0000e+00
-1.3503e-02 -8.9894e-01 -5.9498e-01 -1.6781e-01 -3.6181e+01 -2.4771e+01  4.3848e+01  1.0000e+00
 2.8442e-01  1.1061e-01 -1.0055e-01  1.6179e+00  3.7257e+00  1.3610e+00  4.2837e+00  1.0000e+00
 1.2644e-03 -2.6887e-02 -6.7090e-02 -6.0364e-01  3.9109e+01 -9.7141e+00  4.0302e+01  1.0000e+00
 7.3879e-02 -3.0762e-02 -8.6255e-02  2.3594e+01  1.4198e+01  2.0089e+01  3.4086e+01  1.0000e+00
 5.2667e-01  1.6984e-02  2.4038e-01  1.5369e+01 -3.1471e+00  2.4314e+01  2.8936e+01  1.0000e+00
-2.4730e-01 -1.8408e-02  5.8749e-03  4.1402e+00  1.4737e+01  1.1123e+01  1.8921e+01  1.0000e+00
-2.9512e+00 -2.8758e+00  1.1575e+00 -5.2176e+01 -6.3468e+01  2.9926e+01  8.7442e+01  1.0000e+00
-5.8306e-02  1.3203e-01  3.2367e-02  8.0236e+00  1.8172e+01 -5.1712e+00  2.0526e+01  1.0000e+00
-1.2398e-02 -3.4426e-02 -8.1836e-03  1.4705e+01  1.3586e+01  1.7079e+01  2.6316e+01  1.0000e+00
-2.0076e-01  1.4049e-01  7.5061e-02 -1.5065e+01 -1.0055e+00 -2.7482e+00  1.5346e+01  1.0000e+00
 2.6860e-02 -1.9657e-02  2.1827e-03  1.5035e+00 -1.5983e+01  1.3505e+01  2.0979e+01  1.0000e+00
 2.8832e-01  1.8384e-01 -2.6767e-01 -7.0376e-01  1.8141e+01 -2.7009e+00  1.8355e+01  1.0000e+00
-4.3046e-01  2.8483e-01 -2.0524e-01 -6.8262e+00  1.8078e+01 -4.6359e+00  1.9872e+01  1.0000e+00
 4.5412e-01  2.5086e-01 -1.4633e-01  1.8635e+01  1.7828e+01  3.4589e+00  2.6020e+01  1.0000e+00
 3.9784e-02 -5.2533e-01  3.5161e-01 -3.1683e-01 -3.7352e+01  1.8714e+01  4.1779e+01  1.0000e+00
-5.6599e-01 -4.5375e-01 -2.4567e-01 -4.2626e+01 -2.8316e+01 -1.5000e+01  5.3327e+01  1.0000e+00
-4.3360e-01  6.1752e-01  2.5744e-02  2.0505e+01  1.9223e+00  8.5891e+00  2.2314e+01  1.0000e+00
-1.3060e-01  4.3220e-03  1.4315e-01 -2.8631e+01  5.1303e+00  2.8691e+00  2.9228e+01  1.0000e+00
 8.7654e-01 -4.0673e-01 -1.3351e-01  4.9571e+01 -1.7056e+01 -3.1547e+00  5.2518e+01  1.0000e+00
-2.4872e-02  7.1807e-01 -5.6006e-01 -1.4936e+01  1.0467e+01  1.7515e+00  1.8322e+01  1.0000e+00
 2.3300e+01 -2.9356e+01  1.9979e+01  3.8386e+02 -4.7418e+02  3.0947e+02  6.8408e+02  1.0000e+00
-4.6618e-01  2.3964e-01 -3.3577e-01 -1.2754e+01  1.9469e+01 -9.2625e+00  2.5050e+01  1.0000e+00
 6.4652e-03 -3.0291e-01  2.9120e-01  7.7256e+00 -1.1085e+00  5.0584e+00  9.3006e+00  1.0000e+00
 2.4766e-02  9.1158e-02  9.1197e-02 -3.4172e+01  1.7838e+00  5.8585e+00  3.4717e+01  1.0000e+00
 6.2143e-01  5.6885e-01 -6.4236e-02  3.1546e+01  2.6793e+01  1.6574e+00  4.1422e+01  1.0000e+00
-1.8894e-02  7.5487e-02  1.0461e-01  1.6012e+01  8.7360e+00 -1.0243e+00  1.8269e+01  1.0000e+00
 2.2052e-01 -8.2103e-01  1.5783e-01  7.3496e+00 -4.1767e+01  3.5784e+00  4.2559e+01  1.0000e+00
-1.4771e-01 -7.0958e-02 -1.8202e-01  1.7915e+01  3.9751e+00 -6.6939e-02  1.8351e+01  1.0000e+00
 3.2115e-02  4.1079e-01 -4.2700e-01  4.4674e+00  2.3455e+01 -3.5621e+01  4.2883e+01  1.0000e+00
-5.8274e-02  2.6220e-02  2.8585e-02  1.1832e+01  1.5608e+01 -2.5928e+01  3.2494e+01  1.0000e+00
 4.9361e-02 -9.9346e-02 -6.2764e-02 -1.5532e+01 -9.0875e+00 -2.3183e+00  1.8144e+01  1.0000e+00
-7.5846e-01  3.8703e-01  9.3954e-01 -7.8427e+00 -2.3392e+00  8.4743e+00  1.1781e+01  1.0000e+00
-2.8661e-02 -3.2409e-02 -3.2448e-02 -1.5411e+01  1.9231e+01  1.5038e+01  2.8871e+01  1.0000e+00
-3.4630e-01  1.6948e-01 -2.3375e-01 -1.1481e+01  1.9056e+01 -6.0794e+00  2.3063e+01  1.0000e+00
 1.2355e-01 -6.8918e-01  5.5805e-01  3.5678e+00 -3.9623e+01  3.0942e+01  5.0400e+01  1.0000e+00
-2.5041e-02 -6.7081e-02 -2.5119e-02 -1.7085e+01 -5.9810e+00  2.4988e+01  3.0856e+01  1.0000e+00
 5.7152e-01  3.1156e-01 -1.9021e-01  8.1065e+00  3.4898e+01  2.3639e+00  3.5905e+01  1.0000e+00
-9.3499e-02  5.1513e-02 -4.1371e-02  4.0530e+00  9.1179e+00 -1.8359e+00  1.0146e+01  1.0000e+00
 4.1996e-01 -4.0060e-01 -1.4983e-02  2.4159e+01 -1.5684e+01  8.9092e-01  2.8817e+01  1.0000e+00
-2.2604e-01  2.7806e-01  6.4460e-02 -9.9433e+00 -7.3529e+00  1.2931e+01  1.7893e+01  1.0000e+00
 3.7112e-01 -4.5023e-01  2.2294e-01  2.7397e+01 -1.5222e+01  1.8460e+01  3.6375e+01  1.0000e+00
-3.1361e-01  1.8540e-01  1.3405e-01 -2.1435e+01  1.1741e+01  2.3407e+01  3.3841e+01  1.0000e+00
 8.0085e-02  1.0400e-01  2.3540e-03 -4.4383e+00 -4.5859e+00  2.4961e+01  2.5764e+01  1.0000e+00
-3.5770e-02  7.6111e-03  3.2928e-02  1.7380e+01  5.7777e+00 -3.0762e+00  1.8572e+01  1.0000e+00
-2.3271e-01 -2.4456e-01 -8.3569e-01 -9.7735e+00 -7.9141e+00 -4.4456e+01  4.6200e+01  1.0000e+00
 4.9862e-01  1.2727e-01 -1.1635e-01  1.3400e+01  1.1626e+01 -1.0673e+01  2.0704e+01  1.0000e+00
 9.0394e-01 -1.1752e-01 -3.6647e-01  5.0560e+01 -1.0380e+00 -1.1023e+01  5.1758e+01  1.0000e+00
 2.6655e-02  1.3974e-01 -4.7658e-03 -7.4822e+00  1.5547e+01 -5.7151e-01  1.7263e+01  1.0000e+00
 1.7633e-01  2.8236e-02  5.8572e-01  1.8577e+01 -8.6692e-01  5.0750e+01  5.4050e+01  1.0000e+00
-6.6987e-01 -9.8069e-03 -6.2216e-02 -2.0550e+01  1.9628e+00  4.8945e+00  2.1216e+01  1.0000e+00
 7.9968e-01  5.0570e-01  1.0420e-01  7.5429e+00  4.7126e-01  1.6627e+01  1.8264e+01  1.0000e+00
-5.2838e-01  9.7010e-02  6.3258e-01 -2.3355e+01  3.8427e+00  3.7168e+01  4.4065e+01  1.0000e+00
 6.7996e-01  1.2612e+00  4.7368e-01 -1.8126e+00  2.3684e+01 -1.5965e+00  2.3806e+01  1.0000e+00
-1.5328e-02 -2.4915e-01 -4.0321e-02  2.3616e+00  1.5126e+01  6.4845e+00  1.6626e+01  1.0000e+00
 7.0110e-01  2.8511e+00  2.3121e+00  4.5199e-01  6.4763e+01  4.1403e+01  7.6868e+01  1.0000e+00
-1.9616e-01  3.2618e-01 -3.8637e-01 -2.5178e+01  2.0626e+01 -1.7979e+01  3.7183e+01  1.0000e+00
 2.8394e-01  2.4604e-01 -1.1483e-01 -4.9514e-01  1.3523e+01  3.0070e+00  1.3862e+01  1.0000e+00
-3.5730e-01 -6.6925e-01 -1.0250e+00 -1.1839e+00  4.4263e+00  2.7177e-01  4.5899e+00  1.0000e+00
-2.5489e-02 -9.1268e-02 -9.9947e-02 -4.4531e+00 -8.7996e+00 -3.7586e-01  9.8694e+00  1.0000e+00
-3.3377e-02  5.4783e-02 -3.2524e-02  1.8355e+01 -1.0044e+01 -2.4325e+01  3.2086e+01  1.0000e+00
-3.2404e-01 -1.1065e-01 -6.3458e-03 -5.3154e+00  1.9626e+01  7.7448e+00  2.1758e+01  1.0000e+00
-5.8084e-01 -6.0939e-02  3.6407e-01 -2.0573e+01 -3.0691e+00  2.3911e+01  3.1692e+01  1.0000e+00
-9.6982e-02 -1.0680e-01 -1.5895e-01  4.5974e+00  1.7626e+01 -1.7350e+00  1.8298e+01  1.0000e+00
 4.1235e-02 -1.1087e-01 -5.8913e-02  5.7877e+00  8.1181e+00  7.1486e+00  1.2268e+01  1.0000e+00
-4.4542e-02 -1.0213e-01  2.6276e-01 -6.5777e+00  2.0228e+01  1.4135e+01  2.5539e+01  1.0000e+00
-3.8634e-02 -9.0247e-02  3.1476e-02 -5.6900e+00  1.6755e+01  2.6188e+00  1.7888e+01  1.0000e+00
 8.0790e-02 -4.9727e-02 -3.8594e-02 -4.7008e+00  3.1906e+01 -2.7377e+00  3.2366e+01  1.0000e+00
-8.6083e-02  2.7756e-01  7.4750e-02  1.0141e+01  1.0401e+01  5.9163e+00  1.5685e+01  1.0000e+00
 4.1306e-01 -7.8685e-01 -2.8039e-01  1.8243e+01 -3.3758e+01 -1.5433e+01  4.1359e+01  1.0000e+00
-2.5777e-01 -3.1667e-01 -1.8946e-01 -8.3955e+00 -1.8258e+00  3.7515e+00  9.3750e+00  1.0000e+00
 4.3263e-01 -6.9108e-02 -1.9462e+00  1.9441e+01  5.7005e+00 -4.2743e+01  4.7301e+01  1.0000e+00
-1.4201e-01  4.7104e-01 -5.8663e-01 -3.5113e+00  2.7744e+01 -2.2475e+01  3.5877e+01  1.0000e+00
-6.3843e-01 -3.6307e-01  1.4395e-01 -4.6220e+01 -1.7960e+01  1.1407e+01  5.0882e+01  1.0000e+00
 7.9368e-01 -1.0444e-01 -3.7508e-01  5.2421e+01 -5.0294e+00 -2.3162e+01  5.7530e+01  1.0000e+00
 3.6782e-01 -1.8161e+00  1.0488e+00  1.7898e+01 -9.9338e+01  6.1711e+01  1.1831e+02  1.0000e+00
-6.3197e-02 -8.4349e-02  6.9363e-02  7.2793e+00  2.2675e+01 -1.4470e+01  2.7867e+01  1.0000e+00
 1.7964e-02 -8.8500e-02  2.1419e-01  5.5579e+00 -9.9404e+00  8.7192e+00  1.4343e+01  1.0000e+00
-7.7768e-02 -3.0770e-02  1.9460e-02 -2.8019e+00  1.0973e+01  1.8538e+01  2.1724e+01  1.0000e+00
-1.3699e-01  3.4495e-01 -5.1222e-01 -3.9181e+00  1.7008e+01 -1.3470e+01  2.2047e+01  1.0000e+00
-6.1482e-01 -5.7076e-01 -2.3263e-01 -2.6683e+01 -1.9620e+01 -1.3361e+01  3.5714e+01  1.0000e+00
 1.8481e-01 -2.9524e-02  4.4358e-01  5.6577e+00  6.8943e+00  8.4467e+00  1.2284e+01  1.0000e+00
-3.7946e-01 -6.9284e-02  2.6589e-01 -1.5527e+01 -6.6679e+00 -5.1353e+00  1.7661e+01  1.0000e+00
-1.3435e-01  1.4736e-01 -4.0226e-03 -1.2799e+01  9.4613e+00 -1.3693e+00  1.5975e+01  1.0000e+00
 6.4110e-02 -1.3911e-01  2.9270e-01 -1.3940e+01 -1.6881e-01  1.8304e+01  2.3009e+01  1.0000e+00
 2.1911e-01 -4.1338e-01 -5.6452e-01  1.2015e+01 -1.7181e+01 -1.9300e+01  2.8496e+01  1.0000e+00
-1.9627e-01  1.5772e-01  2.4319e-01 -2.5850e+01 -2.3159e+00  8.1281e+00  2.7197e+01  1.0000e+00
-1.4380e-02 -5.0124e-03 -3.8434e-02  6.8753e+00 -4.2391e+00  2.6653e+01  2.7850e+01  1.0000e+00
 4.3502e-01 -4.8236e-01 -6.9451e-01  2.0331e+01 -2.0825e+01 -2.9489e+01  4.1433e+01  1.0000e+00
 4.6640e-01 -1.9362e-02  1.7224e-01  1.3438e+01  7.0365e+00  3.3050e+00  1.5525e+01  1.0000e+00
-6.5975e-02 -1.3218e-03  1.1317e-01 -1.0543e+01 -5.3221e+00  2.9064e+01  3.1372e+01  1.0000e+00
 1.6141e-02  6.2612e-02  8.8864e-02  1.1520e+01 -3.7729e+00 -7.0182e+00  1.4007e+01  1.0000e+00
-2.5903e-01 -5.0881e-01  8.3099e-01 -2.5245e-01 -8.5935e+00 -3.5189e+00  9.2895e+00  1.0000e+00
 8.4565e-03 -2.3939e-02  1.4810e-02 -2.0875e+01  4.0087e+00 -1.3768e+01  2.5325e+01  1.0000e+00
-9.2868e-02 -3.8453e-02  3.7352e-02 -9.3943e+00 -1.7530e+01 -5.4609e+00  2.0625e+01  1.0000e+00
 3.6233e-01 -4.4564e-01 -3.1364e-01  1.7373e+01 -1.4891e+01 -5.8130e+00  2.3608e+01  1.0000e+00
 1.3676e-02  1.0139e-02  7.2944e-02  1.0692e+01  6.1217e-02 -6.3613e+00  1.2441e+01  1.0000e+00
-1.5533e-01  2.5634e-02  9.2514e-02  1.3564e+01  7.7612e+00  8.4774e+00  1.7779e+01  1.0000e+00
 7.3901e-01  2.6312e-01 -2.1003e-01  3.1220e+01  2.0277e+01 -4.9866e+00  3.7559e+01  1.0000e+00
-4.0853e-02 -9.0149e-02  2.5010e-01 -1.5112e+01 -4.6544e+00 -1.1842e+01  1.9755e+01  1.0000e+00
 1.3714e-01  9.5240e-02  1.9315e-01 -1.4717e+01  2.4626e+01  9.4983e+00  3.0220e+01  1.0000e+00
-2.5692e-01  1.1834e-01  1.3003e-01 -4.1920e+00  7.1945e+00  4.1099e+00  9.2858e+00  1.0000e+00
-2.2986e-01  4.2969e-01  1.8995e-01  2.0389e+00  4.1614e+01  4.2852e+00  4.1884e+01  1.0000e+00
-2.4284e+01  2.9620e+01 -1.9066e+01 -3.7964e+02  4.7214e+02 -3.1702e+02  6.8377e+02  1.0000e+00
 4.2522e-01  1.3979e-01  1.8210e-01 -1.8137e+00  3.0280e+01  1.0277e+01  3.2028e+01  1.0000e+00
 1.0747e-01 -1.6896e-02  1.1236e-01  8.0525e+00  6.4553e+00 -4.1086e+00  1.1108e+01  1.0000e+00
 1.7567e-01 -1.2572e-01  1.3069e-01 -8.7392e+00  6.9298e-01  6.3084e+00  1.0800e+01  1.0000e+00
 8.4744e-02 -8.4072e-02 -1.0485e-01  5.6743e+00 -6.9281e+00 -3.5258e+01  3.6378e+01  1.0000e+00
-1.3568e-01  1.1989e-01  4.6101e-01  6.3477e+00  1.4530e+01  1.2224e+01  2.0021e+01  1.0000e+00
 3.4308e-01 -6.2735e-01 -6.6271e-01  1.7113e+01 -2.6713e+01 -2.7459e+01  4.1957e+01  1.0000e+00
-3.9647e-02 -1.4865e-01  1.9253e-01 -2.8299e+00  2.0183e+01 -2.0021e+00  2.0479e+01  1.0000e+00
 4.8810e-01 -3.3441e-02  3.5956e-01  2.0472e+01  1.0912e+01  9.7629e+00  2.5169e+01  1.0000e+00
 5.0206e-02 -2.0918e-02  2.2902e-02  4.6371e-01  1.5910e+01 -3.3906e+00  1.6274e+01  1.0000e+00
-6.5915e-01 -1.6163e-01  4.3381e-01 -4.0217e+01  1.5898e+00  3.3683e+01  5.2483e+01  1.0000e+00
-2.1192e-01  3.5766e-01  3.6878e-01 -1.3648e+01  1.3712e+01  3.5464e+00  1.9669e+01  1.0000e+00
 2.2630e-02 -9.9042e-02  6.2929e-03 -8.7708e+00  3.8292e+00  2.1047e+01  2.3121e+01  1.0000e+00
-4.7691e-01  3.0805e-01 -7.3464e-01 -2.5787e+01  2.2603e+01 -4.1240e+01  5.3634e+01  1.0000e+00
 8.1749e-01 -6.6281e-01  1.6329e-01  4.1950e+01 -2.8680e+01  1.1750e+01  5.2158e+01  1.0000e+00
 5.9736e-01 -3.2404e-01  4.8987e-01  2.6269e+01 -1.7018e+01  2.8537e+01  4.2357e+01  1.0000e+00
 9.6033e-02 -4.1500e-02 -1.0192e-01 -1.6986e+01 -1.4805e+01  1.2151e+00  2.2566e+01  1.0000e+00
 1.1430e-01  6.1297e-03  4.8457e-02 -1.0368e+01  8.3533e+00  1.8362e+01  2.2681e+01  1.0000e+00
-1.3441e-01 -1.6573e-01  2.6567e-01 -1.0880e+01  4.9356e+00  8.7998e+00  1.4838e+01  1.0000e+00
-2.8297e-01  3.2850e-01  3.0400e-01 -3.4411e+01  1.2491e+01  1.3738e+01  3.9101e+01  1.0000e+00
-6.8578e-02  3.6777e-02  1.3210e-01  1.8333e+01  2.1853e+01  1.9182e+01  3.4375e+01  1.0000e+00
 3.4831e-01 -3.5368e-01 -2.4174e-01  1.7112e+01 -1.0126e+01 -1.9101e+00  1.9975e+01  1.0000e+00
-2.4105e-01  8.7258e-02  8.6682e-02 -1.0309e+01  1.8075e+01  1.9889e+01  2.8785e+01  1.0000e+00
-5.7105e-02  8.5862e-02  9.2961e-02 -3.6150e+00  2.0888e+01 -1.2435e+01  2.4577e+01  1.0000e+00
-2.6325e-01 -1.4780e-01 -1.6828e-01 -3.3636e+01  1.6370e+01 -2.8934e+01  4.7292e+01  1.0000e+00
 2.8925e-01  1.1116e-01 -5.3642e-03 -4.1131e+00  2.1235e+01 -1.4854e+00  2.1681e+01  1.0000e+00
-2.4678e-01  1.8507e-01 -7.3629e-01 -1.4699e+01  9.6064e+00 -3.7523e+01  4.1428e+01  1.0000e+00
 8.3947e-01  7.5213e-01  7.3106e-01 -2.2475e+00  2.5716e+01  1.2645e+01  2.8745e+01  1.0000e+00
-4.4417e-01 -3.5911e-01 -3.7645e-01 -4.3722e+01 -1.0578e+01 -1.6347e+01  4.7862e+01  1.0000e+00
-4.3425e-01  1.1652e-01  2.5158e-02 -2.7076e+01 -1.6407e+01  5.4842e+00  3.2131e+01  1.0000e+00
-6.0935e-01  1.4282e-02  2.9393e-01 -1.6608e+01  3.1149e+00  1.7147e+01  2.4074e+01  1.0000e+00
 6.4530e-02 -7.5364e-02  1.4087e-01 -2.0702e+01  8.3320e+00  1.5306e+01  2.7061e+01  1.0000e+00
-3.4196e-01  2.4639e-01  7.6856e-02 -2.1491e+01  1.1195e+01 -4.5966e+00  2.4664e+01  1.0000e+00
 4.3911e-02  1.7968e-01  7.0602e-03  1.4020e+01  1.2595e+00 -2.2975e+01  2.6945e+01  1.0000e+00
-8.8349e-02  1.3796e-01  6.3104e-02 -2.3031e+00 -1.9786e+01  1.5144e+01  2.5023e+01  1.0000e+00
 1.1478e-01 -1.6207e-01 -3.1642e-01 -6.5733e+00 -5.7720e+00  2.0884e+00  8.9937e+00  1.0000e+00
 7.2478e-01 -2.2381e-01  1.6338e+00  9.4327e+00 -6.7521e+00  6.4836e+00  1.3289e+01  1.0000e+00
-7.3943e-02 -1.3931e-01 -3.3908e-02 -9.0527e+00 -2.1863e+00  1.7637e+00  9.4785e+00  1.0000e+00
 1.2212e-01 -3.1893e-02 -1.0414e-02 -6.5738e+00 -1.5979e+01  2.2405e+01  2.8293e+01  1.0000e+00
-1.9960e+00  3.3287e+00 -2.1873e+00 -4.2741e+01  4.5291e+01 -2.7307e+01  6.7998e+01  1.0000e+00
-2.3874e-01  4.3637e-01  3.0776e-01 -6.0121e+00  2.0780e+01  2.0631e+01  2.9893e+01  1.0000e+00
-2.4500e-01 -3.4438e-01  1.6054e-01  2.3041e+01 -2.0528e+01 -1.5682e+00  3.0899e+01  1.0000e+00
-6.9077e-02  2.0689e-01 -3.4418e-02  1.0947e+01  1.7137e+00 -1.5528e+01  1.9076e+01  1.0000e+00
 8.8498e-02 -2.6126e-03 -1.9836e-03  1.2011e+01 -1.8231e+01  1.2154e+01  2.4987e+01  1.0000e+00
-4.6657e-02 -8.4392e-01 -3.1746e-01 -1.7975e+00 -3.4036e+01 -1.6159e+01  3.7720e+01  1.0000e+00
 2.6489e-01  2.4488e-01 -3.0756e-01 -2.4002e+01 -1.6094e+01  4.0975e+00  2.9188e+01  1.0000e+00
 4.2336e-01 -5.9650e-01 -5.8584e-01  1.8033e+01 -2.8501e+01 -2.4535e+01  4.1707e+01  1.0000e+00
-1.2976e-02  7.8167e-02 -4.8559e-02  1.0228e+01 -1.3008e+01 -1.0848e+01  1.9786e+01  1.0000e+00
-1.4082e-01  4.6203e-02 -6.3592e-04 -4.1303e+00  1.6105e+01 -1.0115e+01  1.9461e+01  1.0000e+00
-4.0559e-01  2.4111e-01  3.1294e-01 -7.1284e+00  3.4253e+01  2.0471e+01  4.0536e+01  1.0000e+00
 2.1550e-01 -3.9104e-01  7.1689e-01  7.8344e+00 -2.0509e+01  3.1955e+01  3.8770e+01  1.0000e+00
-5.9804e-02 -1.0210e-02  4.8843e-01  2.5385e+00  1.3644e+01  1.8426e+01  2.3068e+01  1.0000e+00
 3.3158e-02 -7.6928e-02 -6.3391e-03  1.8354e+01  1.7587e+01  7.5238e+00  2.6510e+01  1.0000e+00
-7.0370e-02  2.8030e-02  3.7655e-02 -8.5769e-01 -1.9799e+01  1.9648e+01  2.7906e+01  1.0000e+00
 4.4503e-02  3.5065e-01  2.4509e-01 -1.1988e+01 -2.4527e+00 -1.3193e+01  1.7994e+01  1.0000e+00
-4.4206e-01 -2.6001e-01  5.4626e-01 -2.7353e+01 -1.1381e+01  2.0985e+01  3.6305e+01  1.0000e+00
-1.2562e-01  2.7123e-02  1.5716e-01  1.2909e+01  3.8467e+00 -1.6864e+01  2.1583e+01  1.0000e+00
 1.0425e-02 -7.8577e-02 -1.0082e-02 -9.9697e+00  1.3771e+01 -8.2734e+00  1.8907e+01  1.0000e+00
 4.6653e-01 -7.9270e-01 -3.0788e-02  3.2312e+01 -4.2566e+01 -2.6875e+00  5.3509e+01  1.0000e+00
 2.2199e-02  1.3510e-01 -1.0551e-01 -5.5849e+00 -4.0251e-01  3.5760e+00  6.6439e+00  1.0000e+00
-1.1646e+00 -5.3817e-01  1.2110e+00 -1.1047e+01  1.7274e+00  6.9854e+00  1.3184e+01  1.0000e+00
-1.9412e-01  7.1748e-02 -8.5373e-03  4.8329e+00  1.6630e+01 -1.2061e+01  2.1104e+01  1.0000e+00
-8.0140e-02 -1.7323e-01  1.0035e-01 -2.5672e+00  6.6333e+00 -1.2618e+01  1.4484e+01  1.0000e+00
 6.5909e-01 -2.7172e-01  1.3030e-01  2.3282e+01 -2.7827e+00  7.7719e+00  2.4702e+01  1.0000e+00
-1.7398e-02  5.0177e-02 -9.5099e-03 -1.0428e-01  2.5896e+01  3.1980e+01  4.1150e+01  1.0000e+00
 4.5539e-01  6.6153e-02 -7.9095e-02  9.6289e+00  3.3680e-02  6.8983e+00  1.1845e+01  1.0000e+00
 6.4374e-02  3.6737e-02 -2.6907e-02  2.8683e+01  2.4111e+00 -2.5276e+01  3.8307e+01  1.0000e+00
 1.0302e-01 -1.4340e-02  6.4549e-02  1.2442e+01  1.2185e+01 -2.1078e+00  1.7542e+01  1.0000e+00
-6.1705e-02  3.4916e-02 -2.8435e-01 -8.9541e+00 -1.1042e+01 -6.0718e+00  1.5458e+01  1.0000e+00
-1.4725e-02  3.2367e-03 -1.8032e-02  1.1022e+01 -6.4589e+00  1.8560e+01  2.2532e+01  1.0000e+00
-5.8826e-02 -2.9741e-01  1.1841e-01  1.3361e+01 -2.8531e+00 -3.8558e+00  1.4196e+01  1.0000e+00
 1.1178e-01 -3.3056e-02 -1.4017e-01 -1.0068e+01  1.8535e+01  5.3033e+00  2.1749e+01  1.0000e+00
-3.4295e-01  8.5450e-02  4.2546e-02 -4.7770e-01  6.9786e+00 -1.5117e+00  7.1564e+00  1.0000e+00
-2.7076e-01  4.6773e-02  1.0287e-01  1.3170e+01  1.5139e+01 -8.9090e-01  2.0086e+01  1.0000e+00
 1.2022e-01 -1.3768e-01  6.4191e-02  1.4982e+01  1.4421e+01  1.8166e+00  2.0875e+01  1.0000e+00
-4.4036e-01 -1.7183e-01  2.1329e-02 -8.2362e+00 -5.5746e+00 -1.1994e+01  1.5581e+01  1.0000e+00
 6.4735e-01  2.1859e-01 -6.2378e-01 -5.0284e+00  1.0837e+01 -7.6864e+00  1.4206e+01  1.0000e+00
-9.4476e-02  2.8521e-02 -6.2860e-02 -9.9775e+00 -9.0803e+00 -4.0229e+01  4.2431e+01  1.0000e+00
 1.9659e-01 -3.3398e-01  9.0627e-03 -7.1922e+00 -1.4687e+01 -1.2073e+01  2.0327e+01  1.0000e+00
-8.2688e-02 -1.2221e-01  6.0423e-02  1.4335e+00  6.2970e+00  2.7419e+01  2.8170e+01  1.0000e+00
 3.9357e-02  1.8056e-02 -8.6945e-02 -7.6616e+00  2.1453e+01  1.7795e+01  2.8906e+01  1.0000e+00
 8.7908e-02 -1.5981e-01  3.3785e-01  1.2404e+01 -4.2295e+00 -1.0710e+01  1.6925e+01  1.0000e+00
-4.8309e-01  7.0286e-01  2.0089e+00 -5.8660e+00  9.7186e+00  2.3164e+01  2.5796e+01  1.0000e+00
 6.7773e-01 -2.2570e-02 -1.5461e-02  2.9839e+01  6.4255e+00  2.5064e+00  3.0626e+01  1.0000e+00
 5.2780e-01 -1.5173e-01 -4.8522e-01  2.5074e+01 -1.1883e+01 -2.2197e+01  3.5533e+01  1.0000e+00
 1.5528e-02 -3.7573e-02 -1.0024e-01  4.2844e+00 -1.9557e+01 -3.6477e-01  2.0024e+01  1.0000e+00
 3.7559e-01 -5.4005e-01 -8.1431e-01  2.4853e+01 -2.5863e+01 -3.9586e+01  5.3419e+01  1.0000e+00
 5.9035e-02  5.6197e-03  2.7734e-02 -2.6541e+01  1.6558e+01 -1.8200e+01  3.6191e+01  1.0000e+00
 1.2225e-02  6.5875e-02  4.5426e-02 -2.4267e+01 -1.0161e+01  9.8760e+00  2.8101e+01  1.0000e+00
 2.4238e-01  2.2551e-02  1.3778e-01  6.8338e+00  5.5425e+00 -2.4265e-01  8.8022e+00  1.0000e+00
 4.5549e-02 -4.3442e-02 -1.1043e-02 -1.1700e+01  1.2746e+01  1.2790e+01  2.1516e+01  1.0000e+00
-3.4033e-01 -1.3101e-01 -3.2312e-01 -5.6717e+00  1.8628e+00 -5.1903e+00  7.9106e+00  1.0000e+00
 5.0563e-01  1.9092e-01  4.7026e-02  1.3208e+01  1.5130e+01  1.5270e+01  2.5230e+01  1.0000e+00
-1.0332e-01  1.3299e-01  1.5788e-02  2.0876e+00  7.8898e+00 -1.9591e+01  2.1223e+01  1.0000e+00
-2.2547e-01 -1.8780e-01  2.1378e-02 -1.2046e+01  1.1821e+00 -1.1005e+01  1.6359e+01  1.0000e+00
-4.1729e-02 -1.2841e-01  1.7279e-02  1.6321e+01  6.9323e+00  4.7699e-01  1.7739e+01  1.0000e+00
-5.8208e-02  1.0752e-02 -1.7914e-02 -1.9362e+00  1.9455e+00 -7.0824e-01  2.8347e+00  1.0000e+00
-3.8183e-01  2.2240e-01  6.3738e-01 -9.7943e+00  1.2566e+01  3.6555e+01  3.9876e+01  1.0000e+00
-7.9448e-01 -8.4326e-01  2.1491e-01  2.6987e-01 -1.0435e+00  1.2255e+01  1.2303e+01  1.0000e+00
 1.1609e-01 -1.4922e-02 -1.7345e-01  5.6173e+00 -1.1255e+01  3.8884e+00  1.3166e+01  1.0000e+00
 5.2092e-03  1.8101e-02 -2.7954e-02  6.4975e+00 -1.4486e+00 -2.2821e+01  2.3773e+01  1.0000e+00
-6.2106e-01  7.8467e-02  2.2453e-01 -1.9005e+01  1.6434e+01  1.9139e+01  3.1584e+01  1.0000e+00
 8.3571e-01 -2.0200e+00  2.9194e+00  1.5921e+01 -4.0178e+01  7.2155e+01  8.4108e+01  1.0000e+00
 6.7212e-01  1.2869e-01  5.3228e-01  3.8704e+01  8.1288e+00  3.5800e+01  5.3345e+01  1.0000e+00
 3.2673e-01 -4.9454e-01 -1.6703e-01  1.4234e+01 -1.5279e+01 -8.2346e+00  2.2447e+01  1.0000e+00
 7.3168e-03  1.3564e-02  1.2012e-02  2.2523e+01 -4.3529e+00 -1.0085e+01  2.5059e+01  1.0000e+00
-9.9681e-02  6.8903e-02  4.2240e-01  7.0371e+00 -5.0869e+00  9.5429e+00  1.2902e+01  1.0000e+00
-1.6514e-01 -2.9955e-02  6.7015e-01 -1.0998e+01  6.0778e+00  4.6178e+01  4.7857e+01  1.0000e+00
-7.3966e-01 -8.8756e-01 -9.7954e-01 -2.5854e+01 -5.8932e+00 -2.5081e+01  3.6500e+01  1.0000e+00
 3.1830e-01  3.0513e-01 -4.0602e-01  1.1864e+01  2.1271e+01 -1.4376e+01  2.8282e+01  1.0000e+00
-2.8287e-01 -1.1212e-01  1.1032e-01  9.9674e+00  2.7909e+00  1.0623e+01  1.4832e+01  1.0000e+00
-4.0586e-03  4.9645e-01 -2.4027e-01 -1.1979e+01  1.8144e+01 -1.0498e+00  2.1767e+01  1.0000e+00
 5.0440e-02  1.4768e-02  6.1643e-03  1.7084e+01 -7.9368e+00 -2.7771e+01  3.3557e+01  1.0000e+00
 2.7311e-02  4.1263e-01  1.9404e-01  8.3364e+00  3.1254e+01  1.1846e+01  3.4447e+01  1.0000e+00
-1.0745e-01 -2.8823e-01 -1.1289e-01 -1.0152e+01 -2.3112e-01 -8.4754e-01  1.0190e+01  1.0000e+00
-2.0381e-02  1.5989e-01  1.8545e-01 -5.3245e+00 -3.4316e+00 -3.6089e+00  7.2905e+00  1.0000e+00
-3.1965e-01  7.8345e-01 -1.8800e-01 -1.4658e+01  4.6065e+01 -5.5412e+00  4.8658e+01  1.0000e+00
-5.4837e-01 -8.2422e-02 -5.5874e-01  1.7284e+01 -1.4686e+01 -3.8890e+00  2.3012e+01  1.0000e+00
-6.6200e-01 -3.0242e-01 -9.3767e-02 -3.4509e+01 -4.8613e+00 -6.9827e+00  3.5542e+01  1.0000e+00
 5.1235e-01  4.0585e-02  2.4591e-01  1.7347e+01  1.6952e+00  1.7847e+01  2.4947e+01  1.0000e+00
-7.3314e-01 -1.8848e-01  3.2227e-01 -2.8787e+01 -1.2717e+01  1.7165e+01  3.5848e+01  1.0000e+00
-1.1277e-01  1.5294e-01 -5.7693e-02 -1.6429e+01  7.2791e+00 -1.7995e+01  2.5431e+01  1.0000e+00
 9.3679e-01  2.5617e-01  9.6361e-02  5.0597e+01  1.8379e+01  4.7028e+00  5.4037e+01  1.0000e+00
 1.8491e-01  4.7310e-01 -1.3982e-01  2.4362e+01  3.7267e+01  1.5216e+00  4.4549e+01  1.0000e+00
-5.7929e-01 -4.6440e-01 -2.9751e-01 -3.9048e+01 -2.5620e+01 -1.3485e+01  4.8611e+01  1.0000e+00
-2.0127e-01  3.3323e-01  3.4940e-01  2.4646e+01  1.4929e+01 -9.8213e+00  3.0443e+01  1.0000e+00
-6.1986e-01 -2.5420e-01 -1.3695e-01 -4.5987e+01 -3.5661e-01 -1.1664e+01  4.7445e+01  1.0000e+00
-1.3446e-01  2.0532e-01  4.2050e-01  1.3346e+01  8.0291e+00  1.5164e+01  2.1738e+01  1.0000e+00
 2.9547e-01  2.8912e-01 -4.9999e-01  7.8335e+00  1.9121e+01 -1.7438e+01  2.7038e+01  1.0000e+00
-2.3301e-01  6.8672e-01 -4.7667e-01 -9.4316e+00  3.4458e+01 -1.7378e+01  3.9728e+01  1.0000e+00
-4.2121e-02  6.9732e-02 -5.8523e-02  2.3446e+01 -2.1259e+01  6.6456e+00  3.2339e+01  1.0000e+00
-1.0743e-01 -2.9097e-01  1.7119e-02 -3.2965e+00  8.1344e+00  8.2306e-01  8.8155e+00  1.0000e+00
-2.2294e-02  2.1831e-02  1.5565e-01 -3.3722e+01 -3.2205e+01 -2.0166e+01  5.0804e+01  1.0000e+00
 1.2420e-01 -6.8311e-02 -2.2553e-01  9.1660e+00 -1.5991e-01 -1.1132e+01  1.4421e+01  1.0000e+00
-2.3096e-01 -7.7297e-02 -9.6053e-01  1.1415e+01 -1.2895e+01 -1.5361e+01  2.3077e+01  1.0000e+00
-4.6263e-01 -2.4878e-01  3.2274e-01 -1.0610e+01 -8.0469e+00  1.3142e+01  1.8709e+01  1.0000e+00
-1.8975e-01 -3.0343e-01  1.8051e-01 -8.3594e+00  9.7692e-01  1.4294e+01  1.6588e+01  1.0000e+00
-3.0960e-01 -1.0098e-01 -3.9265e-01 -3.1331e+01 -1.5192e+01 -5.4712e+01  6.4852e+01  1.0000e+00
-8.4171e-01 -4.7926e-01 -6.8576e-03 -5.2584e+01 -1.8240e+01 -1.1336e+00  5.5669e+01  1.0000e+00
-9.3753e-02 -2.8959e-01 -1.0037e-01  6.5807e+00 -3.2433e+01 -2.0979e+01  3.9183e+01  1.0000e+00
 9.9506e-01 -1.6262e-02 -9.7953e-03  5.3369e+01  8.6211e+00 -5.7301e+00  5.4363e+01  1.0000e+00
-3.4849e-01 -8.6129e-02 -1.5830e-01 -6.3773e+00 -1.9450e+00 -9.1380e-02  6.6680e+00  1.0000e+00
 1.2028e-01 -2.1784e-02 -3.0414e-01  1.0607e-01 -6.3524e+00  6.7303e+00  9.2553e+00  1.0000e+00
-1.9700e-01 -7.5853e-02  1.1766e-02 -1.0166e+01 -1.2062e+01  1.5240e+01  2.1934e+01  1.0000e+00
-5.1826e-01 -1.5641e-01  1.2728e-01 -1.3513e+01 -1.2176e+01  7.5074e+00  1.9678e+01  1.0000e+00
 1.2082e-01  8.8904e-02 -1.0719e-01 -1.8599e+01  2.1535e+01 -1.9940e+00  2.8525e+01  1.0000e+00
-2.6985e-04  7.5447e-02 -1.3102e-01 -1.2826e+00  3.0580e+00 -8.5297e+00  9.1516e+00  1.0000e+00
 1.9099e-01 -1.8999e-01  5.8475e-02 -4.6100e+00  1.7983e+01  9.7095e+00  2.0950e+01  1.0000e+00
-5.1383e-01  5.3000e-01 -2.5941e-01 -2.8638e+01  2.4846e+01 -5.6367e+00  3.8330e+01  1.0000e+00
-4.5861e-02  9.3486e-02  2.7570e-02 -5.9582e+00 -3.8976e+00 -6.4988e+00  9.6398e+00  1.0000e+00
-7.6075e-01 -1.1807e-01  8.9382e-02 -3.3552e+01 -9.4739e+00  1.0600e+00  3.4880e+01  1.0000e+00
-1.7569e-02  1.0942e-01  7.4538e-02  4.5124e+00  1.2700e+01 -3.8292e+01  4.0595e+01  1.0000e+00
 3.1489e-01  9.5751e-02  3.2247e-02 -4.5566e+00 -5.5014e+00 -1.3608e-01  7.1447e+00  1.0000e+00
-1.4305e-01  1.0625e-01 -6.3393e-04  1.4897e+01 -5.8283e+00 -5.5237e+00  1.6924e+01  1.0000e+00
 1.1725e-02  1.6332e-01  4.9589e-02  1.3154e+00  1.5830e+01  1.8696e+01  2.4533e+01  1.0000e+00
 3.0761e-01 -8.7117e-01 -4.2402e-01  1.6697e+01 -4.3385e+01 -2.0231e+01  5.0699e+01  1.0000e+00
-6.5970e-01 -2.6968e-01  5.9452e-01 -3.9107e+01 -7.9538e+00  3.5312e+01  5.3288e+01  1.0000e+00
 3.2495e-01 -2.3604e-02  1.8488e-01  1.0212e+01 -1.8829e+01  4.3954e+00  2.1867e+01  1.0000e+00
-1.7511e-01 -3.0900e-01 -6.4588e-01 -1.0899e+01 -9.6659e+00 -2.3114e+01  2.7322e+01  1.0000e+00
 6.4039e-01 -2.2901e-01  2.0166e-01  2.3709e+01 -1.2350e+01  1.5675e+00  2.6779e+01  1.0000e+00
 7.1586e-03  2.4713e-01  2.3141e-01  8.1995e+00 -7.4322e+00  2.2231e+00  1.1288e+01  1.0000e+00
-4.0266e-02 -5.0547e-01 -3.0671e-01 -5.8191e+00 -3.8805e+01 -2.6635e+01  4.7424e+01  1.0000e+00
-2.1080e-01  4.5469e-01 -5.2008e-01 -1.1976e+01  2.0672e+01 -2.2119e+01  3.2558e+01  1.0000e+00
-2.0729e-01  4.1159e-01 -3.7050e-01 -1.1059e+01  1.0686e+01 -1.2448e+01  1.9784e+01  1.0000e+00
 6.6445e-01  1.2462e-01  8.6111e-02  2.0597e+01  9.9658e+00 -4.1324e-01  2.2885e+01  1.0000e+00
 1.5299e-01 -1.1373e-01  4.4993e-02 -5.4659e+00 -7.0942e+00  4.9714e+00  1.0243e+01  1.0000e+00
-2.8807e-01  6.8424e-01 -4.1186e-01 -8.8567e+00  4.0230e+01 -1.4662e+01  4.3725e+01  1.0000e+00
 6.0887e-01 -1.6771e-01 -1.1008e-01  2.3099e+01  1.6678e+00 -9.0788e+00  2.4875e+01  1.0000e+00
-5.0702e-01 -4.4637e-02  2.5338e+00  1.4110e+00  5.4803e+00  3.3585e+01  3.4059e+01  1.0000e+00
 1.3108e-02 -6.3526e-01 -1.9708e-01 -2.8005e+00 -2.2644e+01 -2.7333e+00  2.2980e+01  1.0000e+00
-3.3830e-01 -1.2396e-01 -1.3620e-01 -1.9527e+00  3.7049e+00  5.3986e+00  6.8326e+00  1.0000e+00
-8.1378e-02 -6.3016e-02 -4.2076e-02 -2.6441e+01  2.1995e+00 -7.0818e+00  2.7461e+01  1.0000e+00
 9.4301e-02  1.8675e-02 -1.7128e-01  1.5401e+01 -1.0601e+01  1.2889e+01  2.2710e+01  1.0000e+00
 5.7383e-02  3.0848e-01  2.5433e-01  1.7859e+01  3.7686e+01  2.7347e+01  4.9871e+01  1.0000e+00
-5.9790e-02  3.3684e-01 -1.6301e-01  4.5884e-01  1.8515e+00  1.0494e+00  2.1771e+00  1.0000e+00
 1.9449e-01  1.5689e-02  5.5178e-02 -1.8987e+00  1.4543e+01  3.6967e+00  1.5125e+01  1.0000e+00
 5.4417e-02  1.2148e-01 -1.5850e-01 -8.9665e+00  2.8974e+01 -1.6119e+00  3.0372e+01  1.0000e+00
-9.3867e-02 -2.6497e-02 -1.6267e-03  1.9519e+01 -3.7067e+00  8.9288e-02  1.9868e+01  1.0000e+00
 1.2774e-01  1.9194e-01  8.2073e-02 -1.2499e+01 -3.8921e+00 -1.2920e+01  1.8393e+01  1.0000e+00
-1.4835e-01  1.1379e-01  1.7081e-02  1.6907e+00 -5.8716e+00  1.2205e+01  1.3649e+01  1.0000e+00
 5.5213e-01 -4.8712e-01 -2.1111e-01  2.7531e+01 -2.0742e+01 -5.1973e+00  3.4860e+01  1.0000e+00
-1.1502e-01  9.1581e-02  1.4424e-01 -1.7711e+01 -1.1710e+01 -7.2034e+00  2.2421e+01  1.0000e+00
 2.5773e+00 -3.1034e+00  1.8258e+00  2.6012e+01 -5.1501e+01  3.3147e+01  6.6541e+01  1.0000e+00
 9.4469e-02  2.9249e-01 -1.3794e+00  1.8989e+00 -7.1246e+00 -1.1230e+01  1.3435e+01  1.0000e+00
 1.5361e-01 -3.9072e-01 -1.0085e+00  3.4573e+00 -1.7503e+01 -4.9853e+01  5.2950e+01  1.0000e+00
 2.3208e-02 -3.9266e-01 -6.1546e-01 -1.3708e+01 -2.2872e+01 -3.8845e+01  4.7117e+01  1.0000e+00
-6.6560e-02 -5.6965e-01  5.8447e-02 -4.2875e+00 -4.5668e+01  5.6345e+00  4.6213e+01  1.0000e+00
-7.1756e-01 -5.2366e-01 -2.5212e-01 -5.1517e+01 -2.6842e+01 -1.2975e+01  5.9522e+01  1.0000e+00
 5.2182e-02 -4.8721e-02 -1.0455e-02 -3.4694e+01 -3.9605e+00  3.2782e-01  3.4921e+01  1.0000e+00
-5.4191e-01 -1.5487e-01 -2.3869e-01 -4.6871e+01 -1.1555e+01 -1.1125e+01  4.9540e+01  1.0000e+00
-1.3335e-01  8.0400e-02  3.7956e-01 -2.1512e+01  8.9612e+00  1.6070e+01  2.8307e+01  1.0000e+00
-1.6016e-01 -1.7622e-01 -1.5176e-01 -1.8977e+01  7.8749e+00  5.0683e+00  2.1162e+01  1.0000e+00
-3.6585e-02  5.0249e-02 -1.2960e-01 -4.7707e+00  2.1850e+01  2.3808e+01  3.2665e+01  1.0000e+00
-2.2078e-01  3.0246e-01 -3.6430e-01 -1.8581e+01 -1.3960e+01  1.8166e+01  2.9499e+01  1.0000e+00
-4.7034e-02  1.8215e-02 -6.5770e-02  1.8869e+01  1.3348e+01  1.1016e+01  2.5604e+01  1.0000e+00
