# limit = 1.55053
#
# x           y           z           vx          vy          vz          s           m
 6.8987e-01 -7.0889e-01 -1.2344e+00  4.2910e+00 -8.7326e+00 -6.5186e+00  1.1712e+01  1.0000e+00
 1.8746e-01 -5.2476e-02  9.8593e-02 -9.5675e+00  2.1868e+01 -6.3840e+00  2.4708e+01  1.0000e+00
 1.1197e+00 -8.9251e-02  2.0115e-01  4.3551e+01  9.5478e-01  8.7046e+00  4.4423e+01  1.0000e+00
-4.2965e-02  2.4048e-02 -4.7283e-02 -7.4249e+00  4.3427e+01  3.3428e+00  4.4184e+01  1.0000e+00
-7.2969e-01  3.6347e-01  5.7818e-01 -3.7530e+01  1.4909e+01  2.2951e+01  4.6449e+01  1.0000e+00
 2.9202e-01 -2.3501e-01  1.0192e+00  1.5206e+01 -5.3623e+00  4.5455e+01  4.8231e+01  1.0000e+00
 1.2586e-01 -8.0892e-01 -6.9036e-01  3.5868e+00 -3.6770e+01 -2.6306e+01  4.5353e+01  1.0000e+00
 2.1624e-01 -4.6231e-01  5.6168e-02 -2.7295e+00 -1.2113e+01 -7.7136e+00  1.4618e+01  1.0000e+00
-2.4487e+00  1.6827e+00  4.4735e+00 -4.5846e+01  3.3602e+01  1.0525e+02  1.1961e+02  1.0000e+00
-2.6992e-02  1.2050e-01  5.4151e-02  1.9181e+01 -3.0313e+00 -1.2141e+01  2.2902e+01  1.0000e+00
 5.2292e-01  3.9212e-01  4.5012e-01  1.7474e+01  1.8475e+01  1.4011e+01  2.9033e+01  1.0000e+00
-3.9304e-02  1.3143e-01 -5.5965e-02  2.0452e+01 -1.6859e+01  2.0320e+01  3.3398e+01  1.0000e+00
 1.4626e-01  5.5537e-01  3.4367e-01  1.1454e+01  1.4818e+01  1.7382e+01  2.5552e+01  1.0000e+00
-2.9566e-01 -2.6602e-01 -7.7040e-02  7.3555e+00 -4.7002e+00 -4.2201e+00  9.6956e+00  1.0000e+00
 2.1459e-01  1.0362e-01 -1.7226e-01 -5.2555e+00  5.2405e+00 -1.7727e+01  1.9218e+01  1.0000e+00
-2.5393e-01  1.9393e-01 -6.1630e-01 -2.2638e+01 -1.6913e+00 -2.3975e+01  3.3018e+01  1.0000e+00
 6.0871e-01 -6.6670e-01 -6.4722e-01  2.7538e+01 -2.6800e+01 -3.0716e+01  4.9194e+01  1.0000e+00
-3.1851e-01 -6.2063e-02  2.2523e-02  6.0448e-01  1.6327e+01  9.0836e+00  1.8693e+01  1.0000e+00
 2.5275e-01  1.4566e-01 -1.4273e-01 -8.8480e+00 -5.7937e+00 -3.6546e+00  1.1190e+01  1.0000e+00
 3.0689e+00  2.9710e+00 -1.4775e+00  7.4166e+01  5.9557e+01 -2.5510e+01  9.8480e+01  1.0000e+00
-5.2309e-02  1.7350e-02 -1.8792e-02  2.3671e+01 -2.9601e+01  6.0782e+00  3.8386e+01  1.0000e+00
 1.9891e-03  2.7407e-02 -2.5044e-02  7.9589e+00  2.2022e+01 -3.3570e+01  4.0929e+01  1.0000e+00
 1.0536e-01 -7.1419e-03 -1.4646e-01 -1.1864e+01 -2.2509e+01  8.8284e+00  2.6932e+01  1.0000e+00
-4.6810e-01  6.5860e-01 -8.4548e-01 -1.8684e+01  3.5387e+01 -3.6184e+01  5.3950e+01  1.0000e+00
-1.3752e-03  9.4762e-01 -4.6666e-01 -3.8981e-01  4.2987e+01 -1.9070e+01  4.7028e+01  1.0000e+00
 2.3384e-01 -3.2525e-01 -8.9783e-02 -6.5917e+00 -4.3483e+00 -3.6861e+01  3.7697e+01  1.0000e+00
 5.4992e-01 -5.6199e-01  2.0890e-01  1.6309e+01 -3.7709e+01  8.3430e+00  4.1923e+01  1.0000e+00
 5.0717e-01 -3.8879e-02 -4.7146e-01  7.9099e+01 -2.0093e+01 -7.6417e+01  1.1180e+02  1.0000e+00
 1.1902e-02 -1.1301e+00 -1.5000e+00  2.1889e+00 -4.4351e+01 -5.8493e+01  7.3439e+01  1.0000e+00
-1.4106e-01 -2.1853e-02  1.4105e-01 -5.2522e+00 -1.2864e+01  1.5983e+01  2.1178e+01  1.0000e+00
 1.4440e-01  1.1195e-01 -1.3911e-01  1.4895e+01 -2.5975e+00 -1.6819e+01  2.2616e+01  1.0000e+00
-5.6389e-02 -7.3984e-02  3.6127e-02  1.1411e-01 -6.3950e+00 -1.4323e+01  1.5686e+01  1.0000e+00
-2.0826e-01 -5.4317e-02  5.8735e-02  1.5799e+01  1.5280e+01  4.6697e+00  2.2470e+01  1.0000e+00
 1.3513e-02 -1.1595e-01 -1.6068e-01 -1.0702e+01  1.9827e+01  3.3611e+00  2.2781e+01  1.0000e+00
-5.1639e-02  3.2320e-02  1.4358e-01  1.5808e+01  2.6364e+00  1.8423e+01  2.4418e+01  1.0000e+00
-2.2961e-01  1.6651e-01  2.6464e-02 -1.1797e+01  1.0636e+01  1.6069e+01  2.2594e+01  1.0000e+00
 1.4925e+00  3.2486e-01 -5.8073e-01  5.8143e+00 -7.8005e-01 -2.0750e+00  6.2226e+00  1.0000e+00
-1.1434e+00  2.1720e+00 -3.2490e+00 -2.8886e+01  5.5379e+01 -6.8903e+01  9.2999e+01  1.0000e+00
-3.7680e-02  5.3880e-02 -3.6769e-01 -6.2053e+00  9.1057e-01  6.2476e+00  8.8525e+00  1.0000e+00
 7.6904e-01 -3.1843e-01  6.1733e-01  2.9228e+01 -6.1752e+00  2.3880e+01  3.8245e+01  1.0000e+00
 5.4176e-01  4.4443e-01 -2.3395e-01  2.4255e+01  2.1003e+01 -2.7074e+00  3.2199e+01  1.0000e+00
-4.4150e-01  5.3424e-02 -8.4163e-02 -2.3344e+01  9.1315e+00  9.6928e+00  2.6875e+01  1.0000e+00
-5.4261e-02 -5.3341e-02  2.6928e-01 -7.1589e+00 -5.7103e+00  5.9705e+00  1.0932e+01  1.0000e+00
 7.9547e-02 -4.3156e-01  1.0976e+00  4.4201e+00 -1.4822e+01  4.7647e+01  5.0094e+01  1.0000e+00
 8.8629e-01  4.0522e-01  3.5339e-02  4.6488e+01  2.3805e+01  3.5010e+00  5.2346e+01  1.0000e+00
-1.9522e-01 -5.9804e-01 -7.1799e-02  5.9651e-01 -3.8910e+01  5.0064e+00  3.9235e+01  1.0000e+00
-3.4380e-02  1.1469e-02 -1.4462e-01  1.3570e+01 -5.9532e+00  2.0291e+00  1.4956e+01  1.0000e+00
 2.3028e-01 -6.2183e-01 -3.4411e-01  1.2648e+01 -1.9965e+01 -6.2273e+00  2.4441e+01  1.0000e+00
 7.0085e-01 -2.4401e-01  2.7596e-01  3.0865e+01 -1.0612e+01  1.4444e+01  3.5691e+01  1.0000e+00
-4.1703e-01  1.4448e-01  4.9359e-01 -1.2079e+00 -7.3486e-02  2.1591e+01  2.1625e+01  1.0000e+00
-1.5655e-01  1.0278e-01  1.9784e-02 -1.9892e+01  5.6772e+00 -1.7386e+01  2.7022e+01  1.0000e+00
-1.8497e-01  1.1358e-01 -1.0637e-01  6.9303e+00 -1.1158e+00 -1.8020e+01  1.9339e+01  1.0000e+00
-3.7648e-01 -3.7508e-01  4.4154e-01 -1.2965e+01 -2.1055e+01  1.9684e+01  3.1604e+01  1.0000e+00
 2.7865e-01 -1.6477e-01  2.8470e-01 -1.0113e+00  2.8741e+00 -1.0888e+00  3.2355e+00  1.0000e+00
 1.5023e-01 -4.2160e-01  1.0635e-01  5.0487e+00 -1.5976e+01 -8.4470e+00  1.8764e+01  1.0000e+00
-3.7071e-02 -5.2307e-02  2.7497e-01  2.0412e+01  8.3832e+00 -1.2034e+01  2.5134e+01  1.0000e+00
-1.6346e-02  1.1810e-01  7.7815e-03 -1.9008e+01 -1.9758e+01  1.1007e+01  2.9544e+01  1.0000e+00
-1.0765e-02  5.4186e-01 -2.4529e-01 -8.8493e+00  1.2327e+01 -8.9152e+00  1.7600e+01  1.0000e+00
-8.6563e-02  1.2268e-02 -7.2258e-02  9.2367e+00  7.8198e+00  2.1114e+00  1.2285e+01  1.0000e+00
 4.3405e-01 -3.9210e-02  7.5969e-01  1.3827e+01 -6.0737e+00  3.8419e+01  4.1281e+01  1.0000e+00
-6.9280e-02  2.5347e-02  3.4466e-02 -2.5705e+01 -1.2954e+01 -1.8432e+01  3.4180e+01  1.0000e+00
-1.2999e-01 -3.4309e-01  1.6158e-01  1.9727e+00 -6.8056e+00 -1.0327e+01  1.2524e+01  1.0000e+00
 4.0133e-02  1.5423e-01 -1.1512e-01  4.1995e+00  5.9011e+00  8.7742e+00  1.1377e+01  1.0000e+00
 2.2161e-02  2.6451e-02 -6.9679e-02 -1.3184e+01 -9.9583e+00  8.1394e-01  1.6543e+01  1.0000e+00
 6.9053e-01 -3.3155e-01  1.7435e-01  1.8161e+01 -6.3602e+00  5.3609e+00  1.9975e+01  1.0000e+00
-2.0130e-01  1.7695e-01 -6.0540e-02  1.2789e+01 -6.1444e+00  1.6593e+01  2.1833e+01  1.0000e+00
-7.3818e-02 -2.4427e-02 -9.8621e-02 -1.1506e+01 -1.4193e+01  3.7155e-01  1.8275e+01  1.0000e+00
-9.2418e-02  1.3840e-01 -2.5042e-02  4.7432e+00 -1.1812e+00 -4.2011e-01  4.9061e+00  1.0000e+00
-5.7874e-01 -3.3598e-03  4.4158e-02 -1.4109e+01  4.4237e+00 -6.1053e+00  1.5998e+01  1.0000e+00
 1.6983e-01  3.5760e-01  1.5997e-01  8.5143e+00  4.5626e+00  7.0065e+00  1.1933e+01  1.0000e+00
 9.0473e-01  1.8155e-01  2.2203e-01  4.3669e+01  5.6667e+00  8.7330e+00  4.4893e+01  1.0000e+00
 2.9912e-03  2.9639e-02  1.0918e-01 -3.4993e+01  2.4808e+00 -5.0544e+00  3.5443e+01  1.0000e+00
-2.3111e-01  5.3801e-01 -2.0785e-01 -4.3107e+00  1.2900e+01 -4.2735e+00  1.4257e+01  1.0000e+00
-3.8365e-02 -4.3291e-01 -2.6405e-01  1.3958e+00 -5.9881e-01 -4.6642e+00  4.9053e+00  1.0000e+00
-1.5397e-01  1.2372e-01  5.3815e-01  6.0546e+00  6.6331e-02  1.1808e+01  1.3270e+01  1.0000e+00
-7.1001e-02 -4.4243e-02  1.6692e-02 -8.7957e+00 -1.4494e+01 -1.4625e+01  2.2390e+01  1.0000e+00
-6.3656e-02 -6.6110e-02  1.1823e-02 -3.1663e+01  3.4309e+00 -1.2952e-01  3.1848e+01  1.0000e+00
 1.3151e-01 -1.9929e-01 -5.7938e-01  4.7934e+00 -9.8813e+00 -1.3092e+01  1.7088e+01  1.0000e+00
 1.0076e+00 -6.4360e-01 -1.4439e-01  4.8054e+01 -2.3702e+01 -5.8031e+00  5.3894e+01  1.0000e+00
-7.3952e-01 -5.2417e-01 -3.9065e-01 -3.1004e+01 -1.9399e+01 -1.6187e+01  3.9995e+01  1.0000e+00
-1.9522e-01 -1.7508e-01 -3.5218e-01 -2.7213e+00  1.6348e+00 -9.2227e+00  9.7538e+00  1.0000e+00
 1.8288e-02 -4.0301e-02  1.8745e-01 -7.0150e+00  5.7321e+00 -5.2121e+00  1.0451e+01  1.0000e+00
-5.3826e-02  2.6734e-02 -1.6951e-02  2.9648e+01 -2.0635e+01 -4.8343e+01  6.0348e+01  1.0000e+00
 5.5464e-01  1.6916e-01  5.6193e-01  1.8277e+01  1.3041e+01  2.2705e+01  3.1932e+01  1.0000e+00
-2.4596e-01  1.0351e-01  1.1518e-01 -8.7359e+00 -7.3989e+00 -3.6081e+00  1.2003e+01  1.0000e+00
 7.6125e-02  5.9324e-02 -5.4462e-02 -1.3635e+00 -6.7397e+00 -1.8758e+01  1.9979e+01  1.0000e+00
-1.7929e-01  4.5428e-01 -4.9752e-01 -5.7026e+00  1.0583e+01 -1.2343e+01  1.7230e+01  1.0000e+00
 2.4818e-01 -1.6478e-01  2.1884e-01  2.3544e+01 -1.6219e+01  1.9694e+01  3.4716e+01  1.0000e+00
 1.2728e-01 -2.9203e-01 -2.0260e-02 -9.1414e+00  2.4132e+00 -1.7600e+00  9.6170e+00  1.0000e+00
 7.4902e-02 -5.7862e-02  8.3776e-03  2.0433e+01  1.3205e+01  1.8130e+01  3.0341e+01  1.0000e+00
 2.6762e-01 -2.4442e-01  1.5451e-01  2.0045e+01 -1.8446e+01  2.0722e+01  3.4227e+01  1.0000e+00
-5.3978e-02 -2.7545e-02 -1.1000e-01 -1.1447e+01  2.2374e+01 -9.1007e+00  2.6729e+01  1.0000e+00
 6.5597e-03 -3.0629e-02 -5.5744e-03 -1.2208e+01  5.6187e+00  4.9884e+00  1.4335e+01  1.0000e+00
-5.9860e-02 -4.2725e-02  9.6187e-02 -1.0616e+01  1.9102e+01 -4.3088e+00  2.2275e+01  1.0000e+00
-3.5490e-01  6.2643e-01 -1.4788e-01 -1.3523e+01  2.1180e+01  2.0234e+00  2.5210e+01  1.0000e+00
-5.1304e-02 -1.0399e-01 -7.8930e-02 -5.5120e+00  1.1419e+01  1.9682e+01  2.3413e+01  1.0000e+00
-1.1088e-01  3.1601e-01  1.2421e-02 -6.7208e-01 -4.3747e+00 -1.5601e+01  1.6217e+01  1.0000e+00
-4.0231e-01 -6.9152e-01 -7.5873e-01 -1.7185e+01 -2.5189e+01 -2.7711e+01  4.1204e+01  1.0000e+00
 1.4211e-01 -4.8146e-01 -2.0263e+00  3.4489e+00 -6.5897e+00 -3.0019e+01  3.0926e+01  1.0000e+00
-4.4778e-01 -1.0862e-01  1.6793e-01 -2.0257e+01  2.5139e+01 -1.6327e+01  3.6178e+01  1.0000e+00
-6.3867e-02  3.4980e-02  1.2452e-03  3.5708e+01  1.1813e+01  7.6254e-01  3.7619e+01  1.0000e+00
-1.3486e-01  2.4478e-01  1.8274e-01 -8.2439e+00  8.2870e+00  6.7373e-01  1.1709e+01  1.0000e+00
 5.4165e-01 -4.5022e-01  6.0192e-02  1.4659e+01 -1.4785e+01 -1.1611e+00  2.0853e+01  1.0000e+00
 5.3317e-01 -4.4820e-01  1.7448e-01  1.4012e+01 -7.2184e+00  6.6319e+00  1.7101e+01  1.0000e+00
 1.0238e+00  1.7961e-01  4.4806e-02  4.2279e+01  1.5685e+01 -1.7071e+00  4.5127e+01  1.0000e+00
-9.3228e-02  4.7399e-01 -3.1447e-01 -2.3708e+00  8.4692e+00 -7.9473e+00  1.1854e+01  1.0000e+00
 7.7192e-01 -1.0956e-02  8.6118e-01  3.0647e+01  1.7670e+00  3.4689e+01  4.6321e+01  1.0000e+00
 9.1088e-02  2.3407e-02  1.0130e-01 -8.3222e+00 -2.7359e+01 -7.6205e+00  2.9594e+01  1.0000e+00
-2.0804e-01 -7.1068e-01  5.5545e-01 -1.2036e+01  8.8922e+00  1.0291e+00  1.5000e+01  1.0000e+00
-1.0497e+00  8.3445e-02  2.0832e-01 -4.9689e+01  1.0354e+01  1.1120e+01  5.1960e+01  1.0000e+00
-8.8458e-02  7.3456e-01 -2.6772e-01 -6.6175e+00  2.5085e+01 -7.2830e-01  2.5954e+01  1.0000e+00
 3.1689e-01 -5.7014e-01  7.1606e-01  1.5668e+01 -2.1547e+01  3.2591e+01  4.2094e+01  1.0000e+00
 4.2896e-01 -3.7421e-01  7.5477e-01  1.4042e+01 -1.2557e+01  2.8960e+01  3.4548e+01  1.0000e+00
 6.4526e-01 -7.1177e-01 -3.7815e-01  2.4839e+01 -2.8117e+01 -1.0254e+01  3.8893e+01  1.0000e+00
 6.3865e-01 -5.1036e-01  1.3459e-01  2.0574e+01 -1.6063e+01  5.9594e+00  2.6773e+01  1.0000e+00
-1.0964e-01  8.3331e-02 -2.6150e-02 -2.1043e+01  4.6602e+00 -2.0088e+01  2.9463e+01  1.0000e+00
-1.4286e-01  1.5055e-01  6.7882e-02 -1.4038e+01 -1.4070e+01  1.0873e+01  2.2655e+01  1.0000e+00
 1.0883e-02 -9.0900e-02  7.1451e-03 -9.3168e+00  1.2468e+01  3.0693e+01  3.4414e+01  1.0000e+00
 1.4698e-02  2.5930e-02 -5.6172e-02 -1.8928e+01 -3.1788e+01  2.6318e+01  4.5403e+01  1.0000e+00
 1.6198e-02 -3.4960e-03  8.7430e-02  2.2025e+01 -1.3480e+01 -5.7740e+00  2.6461e+01  1.0000e+00
-2.4779e-01  1.6331e-01  4.6848e-02 -5.4972e+00 -9.6110e+00 -5.6096e+00  1.2412e+01  1.0000e+00
-1.2237e-01  6.4130e-02  3.5795e-01 -1.2892e+01 -2.7958e+00  7.0370e-01  1.3211e+01  1.0000e+00
-1.4585e+00  5.1089e-01  3.7042e-01 -5.9013e+01  2.4622e+01  2.2481e+01  6.7780e+01  1.0000e+00
-2.7796e-02  1.0306e-01 -2.1281e-02  1.5187e+01 -3.1213e+01 -3.1155e+00  3.4851e+01  1.0000e+00
-5.9124e-02 -5.5092e-02 -7.8655e-02 -2.8108e+01  1.1125e+01 -8.1614e+00  3.1312e+01  1.0000e+00
-2.0143e-03  9.8905e-03 -3.7346e-04  1.8435e+01 -4.2996e+00  4.3768e+01  4.7687e+01  1.0000e+00
 4.4209e-01 -6.8285e-01 -3.9793e-01  2.7497e+01 -2.2800e+01 -1.0935e+01  3.7356e+01  1.0000e+00
 1.3023e-01 -1.0895e-02 -1.5810e-01  2.1498e+00 -1.2294e-01  1.8996e+01  1.9118e+01  1.0000e+00
 4.1868e-01 -4.6935e-01  6.6974e-01  1.9551e+01 -1.6065e+01  3.8084e+01  4.5724e+01  1.0000e+00
-3.7330e-01 -2.2565e-01  1.2453e-01  1.9414e+01  3.4986e+00 -3.7345e+00  2.0077e+01  1.0000e+00
-2.1255e-02 -2.4595e-01 -9.4048e-01 -5.1056e+00 -9.0890e+00 -3.3991e+01  3.5553e+01  1.0000e+00
 7.2650e-01 -2.1354e-01  3.0743e-02  2.1913e+01 -1.4334e+01  4.9766e+00  2.6653e+01  1.0000e+00
 2.8690e-01 -1.3855e-01  1.1020e-02 -2.2363e+00  8.0053e+00 -5.4221e+00  9.9240e+00  1.0000e+00
 3.4486e-02 -8.3567e-03  1.8130e-02 -1.0376e+01  2.2027e+01  2.8676e+01  3.7618e+01  1.0000e+00
 7.9258e-02  3.3917e-01  2.3357e-01 -2.8822e+00  9.4263e+00 -4.9853e+00  1.1046e+01  1.0000e+00
-2.7108e-01  9.2060e-02  4.4858e-01 -8.9967e+00  2.8448e+01  1.1764e+01  3.2072e+01  1.0000e+00
-2.4824e-01  1.3911e-01  9.3550e-02 -2.4372e+00  1.3266e+01  1.1172e+00  1.3534e+01  1.0000e+00
 8.1622e-02  9.2648e-02 -4.1077e-01  3.1727e+00  8.6184e+00  6.2427e+00  1.1105e+01  1.0000e+00
 6.5456e-01 -4.5428e-01 -1.6815e-01  2.2435e+01 -1.4038e+01  2.0636e+00  2.6545e+01  1.0000e+00
-6.4650e-02 -1.4116e-01  6.6742e-01 -6.0793e+00 -1.6390e+01  3.9457e+01  4.3156e+01  1.0000e+00
 6.1169e-01 -3.2145e-02  3.8706e-02  1.1918e+01  3.4117e+00  2.2588e+00  1.2601e+01  1.0000e+00
 1.4420e-01  8.5257e-02 -2.4888e-01 -4.2934e+00 -7.8871e+00 -4.2653e+00  9.9414e+00  1.0000e+00
-1.5826e+00 -3.7025e-01 -7.4417e-01 -4.1423e+01  8.6840e+00 -1.1699e+01  4.3910e+01  1.0000e+00
 5.5263e-04  2.3217e-02  1.3470e-02 -3.3119e+01 -2.9098e+01  3.3697e+00  4.4215e+01  1.0000e+00
 1.3070e-01 -1.6080e-01  7.2455e-02 -1.2432e+01  1.8031e+01  8.1732e-01  2.1917e+01  1.0000e+00
-2.5806e-02  4.2968e-02  2.4036e-02 -9.4084e+00  1.6311e+01  2.0488e+01  2.7827e+01  1.0000e+00
-2.2358e-01 -3.2309e+00 -2.9744e+00 -1.5140e+01 -4.5749e+01 -5.3256e+01  7.1822e+01  1.0000e+00
 1.0792e+00 -9.7908e-01  3.0893e-01  3.9916e+01 -3.5606e+01  1.0172e+01  5.4448e+01  1.0000e+00
 1.6037e-01  2.2623e-01  7.7166e-03  1.5110e+01  2.3973e+01 -9.6923e+00  2.9950e+01  1.0000e+00
 1.6017e-01 -3.2559e-01 -6.6236e-01  9.3506e+00 -4.0994e+00 -2.0257e+01  2.2684e+01  1.0000e+00
-1.5162e-01  7.5857e-02 -1.8681e-01 -2.4643e+00 -3.8794e+00  1.4267e+01  1.4989e+01  1.0000e+00
 5.8419e-02 -5.2932e-01 -5.4746e-01  5.2271e+00 -1.1487e+01 -1.8258e+01  2.2196e+01  1.0000e+00
-9.7896e-02 -7.2299e-02 -4.9813e-01  1.9458e+00 -5.7859e+00 -9.0347e+00  1.0904e+01  1.0000e+00
-3.4605e-02  6.9177e-02 -4.2593e-02 -3.3048e+01 -2.5387e+00  1.4333e+01  3.6112e+01  1.0000e+00
-5.3762e-01  6.4319e-01 -5.1583e-01 -2.4887e+01  3.7641e+01 -2.0787e+01  4.9682e+01  1.0000e+00
-1.6391e-02  1.3071e-01  7.2288e-03 -1.5960e+01 -1.4403e+00  2.6956e+01  3.1359e+01  1.0000e+00
-1.1305e-01 -1.3977e-01  4.6444e-01  8.4230e+00  2.4724e+00  1.0420e+01  1.3625e+01  1.0000e+00
-1.5678e-02  2.7801e-02  2.0452e-02 -9.2674e+00  1.6865e+01 -1.0866e+00  1.9274e+01  1.0000e+00
-7.9825e-02  1.7339e-01  2.1930e-01  1.0886e+01  1.1269e+01  4.8101e+00  1.6390e+01  1.0000e+00
 3.5333e-02  1.6981e-02  1.2076e-01  1.8598e+01  1.2211e+01 -1.0658e+01  2.4670e+01  1.0000e+00
-1.5139e-01  1.5466e-01 -4.2888e-02  6.5735e+00  2.8450e+00  2.2040e+01  2.3175e+01  1.0000e+00
-2.4517e-01 -1.9356e-02  4.8980e-01  1.4132e+00  3.8645e+00  4.7874e+00  6.3128e+00  1.0000e+00
-2.0965e-01  5.5153e-02  1.9085e-01  3.8800e+00 -1.2199e+00 -9.1804e+00  1.0041e+01  1.0000e+00
-2.5569e-01 -2.1169e-01  1.0498e-01 -7.8429e+00  1.3082e+01 -6.3665e+00  1.6528e+01  1.0000e+00
-1.0313e-01 -1.8414e-01 -6.2790e-02  5.4500e-01  1.3630e+01 -1.5750e+01  2.0836e+01  1.0000e+00
 3.6428e-01 -5.3201e-01  7.3146e-01  8.3195e+00 -2.1527e+01  3.4285e+01  4.1329e+01  1.0000e+00
-7.9336e-02  1.6320e-01  1.4064e-01  1.7377e+01  1.2034e-01 -1.8368e+01  2.5286e+01  1.0000e+00
 2.5675e+00 -1.8390e+00 -4.2935e+00  6.9591e+01 -4.7491e+01 -9.5945e+01  1.2769e+02  1.0000e+00
 2.6798e-01  2.6337e-02  3.0301e-02 -1.1236e+01 -3.5465e+00  1.4440e+01  1.8637e+01  1.0000e+00
 9.3646e-02  2.7460e-01 -3.5459e-01  1.8726e+00 -2.4136e+00 -4.2916e+00  5.2678e+00  1.0000e+00
-6.8743e-02 -3.5921e-01 -1.9117e-01  3.1784e+01 -1.8134e+01 -1.5742e+01  3.9836e+01  1.0000e+00
-7.8106e-02  9.9775e-02  3.6835e-02  1.9521e+01 -1.0430e+01 -7.8232e+00  2.3475e+01  1.0000e+00
 2.0121e-01 -4.6398e-01  1.3133e-01  2.0464e+01 -7.8177e+00 -9.7972e-01  2.1929e+01  1.0000e+00
 2.1650e-01 -1.6104e-02 -2.5804e-01  2.2388e+01  1.8601e+01  3.9696e+00  2.9377e+01  1.0000e+00
-1.2110e-01  1.0470e-01  9.6707e-03  1.5769e+01  2.5576e+00 -2.4129e+01  2.8938e+01  1.0000e+00
-1.4015e-01  2.0032e-01  8.5632e-02 -1.7213e+01  1.1090e+01 -8.1042e+00  2.2021e+01  1.0000e+00
-3.2034e-01  5.0772e-01 -3.8779e-01 -1.4965e+01  1.8367e+01 -9.3899e+00  2.5485e+01  1.0000e+00
-3.9319e-01 -1.7009e-02  1.8340e-01 -1.7052e+01 -7.4285e-03 -1.5158e+00  1.7119e+01  1.0000e+00
 4.1574e-02  3.0246e-01  4.1258e-01  1.8065e+01  1.2719e+01  1.7614e+01  2.8255e+01  1.0000e+00
 1.4170e-01 -4.1051e-01  8.3737e-01  5.2627e-01 -1.8733e+01  3.3839e+01  3.8682e+01  1.0000e+00
-1.2676e-01 -1.1834e-01  2.1945e-01 -7.2744e+00  1.4360e+01 -8.1913e+00  1.8061e+01  1.0000e+00
 1.0845e-01  4.3890e-01  5.0465e-02 -4.3511e+00  1.7574e+01 -8.5925e+00  2.0041e+01  1.0000e+00
-4.9515e-01 -4.5834e-01 -5.7434e-02 -1.3004e+01 -7.3046e+00 -5.5410e-01  1.4926e+01  1.0000e+00
 5.1863e-03 -5.8429e-02 -5.7797e-02 -3.7530e+00 -1.5533e+01  7.4496e+00  1.7632e+01  1.0000e+00
 5.0789e-01 -6.1692e-02  3.4617e-01  9.7815e+00  4.9384e+00  8.7948e+00  1.4050e+01  1.0000e+00
-2.7175e-02  3.5794e-02 -9.1168e-02 -1.2791e+01 -1.1122e+01  2.1651e+01  2.7497e+01  1.0000e+00
 7.8503e-02  1.8414e-01  3.2128e-02  1.0230e+01 -1.2068e+01 -6.6591e+00  1.7165e+01  1.0000e+00
-7.7180e-01  6.4339e-01 -2.4173e-01 -3.1931e+01  2.6226e+01 -8.6512e+00  4.2217e+01  1.0000e+00
 3.3717e-01 -2.4526e-01 -1.0655e+00  1.6707e+01 -1.2139e+01 -5.0082e+01  5.4173e+01  1.0000e+00
 4.9847e-03  1.1987e-02  5.0827e-02 -1.8364e+01  2.3575e+00  1.6669e+01  2.4913e+01  1.0000e+00
-1.7530e-01 -9.0454e-01 -6.3047e-01 -3.4631e+00 -3.5073e+01 -2.5199e+01  4.3325e+01  1.0000e+00
-1.7849e-01  1.2954e-01 -1.0668e+00 -1.2014e+01  1.1710e+01 -4.8778e+01  5.1583e+01  1.0000e+00
 1.7639e-01 -5.8060e-01 -7.7605e-03  7.9177e+00 -3.8843e+01  4.9294e-01  3.9645e+01  1.0000e+00
 4.6953e-03 -3.5563e-01 -1.2473e-03 -6.7728e+00  5.0642e+00  1.0311e+01  1.3335e+01  1.0000e+00
-1.1379e-01 -9.4094e-02 -9.0308e-01 -6.4670e+00 -5.1041e+00 -3.7385e+01  3.8282e+01  1.0000e+00
-3.0699e-01 -5.6290e-01 -3.5257e-01 -9.6248e+00 -1.2835e+01 -9.3576e+00  1.8573e+01  1.0000e+00
-2.0590e-01  6.7894e-02  1.3658e-01 -6.1397e+00 -2.0687e+00  1.3734e+01  1.5186e+01  1.0000e+00
 2.9467e-03 -3.5270e-02  1.9705e-01  3.4646e+00  5.1162e+00  2.2293e+00  6.5687e+00  1.0000e+00
 1.0151e-01  2.1431e-01  6.5780e-02  6.3979e+00  1.3175e+01  1.3515e+01  1.9929e+01  1.0000e+00
 3.9335e-01 -7.9678e-01 -3.1348e-01  2.0313e+01 -2.8630e+01 -1.0283e+01  3.6580e+01  1.0000e+00
-3.7007e-02  1.1585e-01  1.1479e-01 -1.1328e+00 -1.9791e+01 -1.3725e+00  1.9871e+01  1.0000e+00
-9.5413e-02  1.6057e-01  1.1260e-01  1.1230e+01 -8.2949e+00 -5.7407e+00  1.5095e+01  1.0000e+00
-8.5572e-01 -4.4100e-01 -3.8311e-01 -3.7805e+01 -1.5801e+01 -1.1934e+01  4.2677e+01  1.0000e+00
 2.8197e-01 -3.6789e-02 -2.5677e-02  3.7331e+01  9.5586e+00  2.5398e+01  4.6153e+01  1.0000e+00
-6.4737e-02  2.1933e-02  4.7567e-02 -5.5763e+00 -2.0491e+01 -2.5108e-01  2.1237e+01  1.0000e+00
 2.0493e-01 -9.0900e-01 -7.2481e-02  1.3517e+01 -4.6761e+01 -3.4206e+00  4.8796e+01  1.0000e+00
-1.2031e-01  1.4218e-01 -1.4120e-01  1.6078e+01  7.0755e+00 -1.2177e+00  1.7608e+01  1.0000e+00
-3.3962e-01  4.3241e-02  5.3780e-01 -6.0353e+01 -5.8678e+00  8.9837e+01  1.0839e+02  1.0000e+00
 4.5168e-01 -9.6769e-01 -7.4087e-01  2.4576e+01 -4.2886e+01 -3.4641e+01  6.0359e+01  1.0000e+00
-2.4429e-01  3.0128e-02 -9.8113e-03  1.4409e+00 -3.4351e+00 -5.4460e+00  6.5981e+00  1.0000e+00
-4.3658e-02 -2.8063e-02  5.6320e-02 -5.0277e+01 -2.3894e+01 -6.5502e+00  5.6050e+01  1.0000e+00
-1.1529e-01  4.5632e-02  1.2872e-02  2.7094e+01 -5.7805e-01 -2.5279e+01  3.7060e+01  1.0000e+00
-2.5173e-01 -1.4539e-01 -2.3467e-01 -2.9404e+01 -1.2640e+01 -2.5098e+01  4.0673e+01  1.0000e+00
-4.8213e-02 -9.9258e-03 -3.3443e-02  2.2862e+01  2.0949e+01 -1.0502e+01  3.2739e+01  1.0000e+00
-6.7781e-02  5.8891e-02  2.4293e-02 -8.1177e+00  5.3940e+00  2.0181e+00  9.9531e+00  1.0000e+00
-1.3960e-02 -1.0144e+00 -6.7418e-01 -1.1803e-01 -3.5123e+01 -2.4130e+01  4.2613e+01  1.0000e+00
 2.7993e-01  1.2046e-01 -9.3867e-02 -4.3623e+00  2.3334e+00  2.6908e+00  5.6316e+00  1.0000e+00
-2.9335e-03  9.6247e-02 -4.8191e-02 -4.3605e+00  3.1270e+01  2.0561e+01  3.7677e+01  1.0000e+00
 1.2584e-01  1.7616e-02 -8.8281e-03  7.7419e+00  1.5511e+01  2.5953e+01  3.1210e+01  1.0000e+00
 5.6998e-01  1.1310e-02  3.1707e-01  1.1738e+01 -4.6932e-01  2.2759e+01  2.5612e+01  1.0000e+00
-2.1902e-01  3.4095e-02  4.2661e-02  1.3468e+01  1.7429e+01  1.1136e+01  2.4681e+01  1.0000e+00
-3.1202e+00 -3.0814e+00  1.2545e+00 -5.2118e+01 -6.3412e+01  2.9902e+01  8.7359e+01  1.0000e+00
-3.3130e-02  1.6666e-01  1.3505e-02  7.9554e+00  2.3001e+00 -6.9101e+00  1.0786e+01  1.0000e+00
 1.2524e-02 -1.9102e-03  2.0486e-02 -3.4059e+00  5.9076e+00  2.9833e+00  7.4431e+00  1.0000e+00
-2.3826e-01  1.2671e-01  6.6403e-02 -8.2605e+00 -6.6447e+00 -1.7516e+00  1.0745e+01  1.0000e+00
 9.7561e-03 -5.4749e-02  7.7662e-04 -1.0577e+01  7.1943e-01 -5.4359e+00  1.1914e+01  1.0000e+00
 2.8091e-01  2.3996e-01 -2.7246e-01 -3.7851e+00  1.6341e+01 -2.6876e-01  1.6776e+01  1.0000e+00
-4.4843e-01  3.4057e-01 -2.1850e-01 -4.3426e+00  1.6335e+01 -3.5843e+00  1.7278e+01  1.0000e+00
 5.1070e-01  3.0610e-01 -1.3390e-01  1.6376e+01  1.6318e+01  4.1525e+00  2.3488e+01  1.0000e+00
 3.8632e-02 -6.4312e-01  4.1015e-01 -3.8889e-01 -3.5443e+01  1.7498e+01  3.9529e+01  1.0000e+00
-7.0282e-01 -5.4420e-01 -2.9554e-01 -4.1832e+01 -2.7567e+01 -1.5938e+01  5.2572e+01  1.0000e+00
-3.6515e-01  6.2055e-01  5.3215e-02  2.1713e+01 -7.8465e-02  8.3582e+00  2.3266e+01  1.0000e+00
-2.0890e-01  2.8899e-02  1.3784e-01 -1.9929e+01  9.3595e+00 -5.4789e+00  2.2688e+01  1.0000e+00
 1.0351e+00 -4.6130e-01 -1.4336e-01  4.8317e+01 -1.6642e+01 -2.9386e+00  5.1187e+01  1.0000e+00
-7.3546e-02  7.4981e-01 -5.5262e-01 -1.5093e+01  9.1341e+00  2.8067e+00  1.7864e+01  1.0000e+00
 2.4544e+01 -3.0893e+01  2.0982e+01  3.8386e+02 -4.7418e+02  3.0947e+02  6.8408e+02  1.0000e+00
-5.0402e-01  3.0124e-01 -3.6317e-01 -1.0659e+01  1.8559e+01 -7.6982e+00  2.2744e+01  1.0000e+00
 3.0849e-02 -3.0087e-01  3.0261e-01  7.2949e+00  2.3171e+00  2.0376e+00  7.9206e+00  1.0000e+00
-9.2958e-02  7.5748e-02  9.3585e-02 -3.6289e+01 -1.1194e+01 -5.2557e+00  3.8339e+01  1.0000e+00
 7.2191e-01  6.5365e-01 -5.8669e-02  3.0499e+01  2.5588e+01  1.7709e+00  3.9851e+01  1.0000e+00
 2.2673e-02  9.6443e-02  7.4807e-02  8.8038e+00  2.2451e+00 -1.5446e+01  1.7920e+01  1.0000e+00
 2.4383e-01 -9.5386e-01  1.6878e-01  7.0490e+00 -4.0273e+01  3.2015e+00  4.1010e+01  1.0000e+00
-8.0992e-02 -5.4648e-02 -1.6759e-01  2.3826e+01  7.3119e+00  1.0642e+01  2.7100e+01  1.0000e+00
 4.5626e-02  4.8402e-01 -5.3922e-01  3.8976e+00  2.1837e+01 -3.3726e+01  4.0367e+01  1.0000e+00
 6.3726e-04  6.1022e-02 -4.4184e-02  2.0540e+01  4.6033e+00 -1.8385e+01  2.7948e+01  1.0000e+00
-1.8814e-02 -9.2947e-02 -3.9723e-02 -2.2478e+01  1.3068e+01  1.2571e+01  2.8880e+01  1.0000e+00
-7.8299e-01  3.7892e-01  9.6584e-01 -7.2968e+00 -2.6566e+00  7.7606e+00  1.0979e+01  1.0000e+00
-5.5196e-02  4.1070e-02  2.3738e-02 -3.1505e+00  2.3631e+01  1.5737e+01  2.8565e+01  1.0000e+00
-3.7865e-01  2.2900e-01 -2.4964e-01 -8.5708e+00  1.7695e+01 -3.8386e+00  2.0033e+01  1.0000e+00
 1.3490e-01 -8.1559e-01  6.5685e-01  3.4401e+00 -3.8437e+01  3.0075e+01  4.8926e+01  1.0000e+00
-6.1601e-02 -5.9811e-02  6.0118e-02 -4.5615e+00  7.3567e+00  2.6909e+01  2.8267e+01  1.0000e+00
 5.9449e-01  4.2266e-01 -1.8152e-01  6.1107e+00  3.3684e+01  2.9066e+00  3.4357e+01  1.0000e+00
-6.3523e-02  7.2897e-02 -2.8421e-02  1.4290e+01  3.0817e+00  1.1422e+01  1.8552e+01  1.0000e+00
 4.9570e-01 -4.4872e-01 -1.1370e-02  2.2673e+01 -1.4093e+01  1.3502e+00  2.6730e+01  1.0000e+00
-2.5152e-01  2.4403e-01  1.0481e-01 -5.6831e+00 -1.3624e+01  1.1744e+01  1.8863e+01  1.0000e+00
 4.5827e-01 -4.9666e-01  2.8076e-01  2.6429e+01 -1.3542e+01  1.7250e+01  3.4343e+01  1.0000e+00
-3.7476e-01  2.1840e-01  2.0604e-01 -1.6648e+01  8.8463e+00  2.1102e+01  2.8297e+01  1.0000e+00
 4.6719e-02  7.0447e-02  7.5561e-02 -1.6529e+01 -1.5567e+01  1.9338e+01  2.9825e+01  1.0000e+00
 1.9602e-02  1.4087e-02  8.2643e-03  1.1608e+01 -4.2134e+00 -1.2219e+01  1.7372e+01  1.0000e+00
-2.6357e-01 -2.6952e-01 -9.7753e-01 -9.2856e+00 -7.4963e+00 -4.3133e+01  4.4753e+01  1.0000e+00
 5.3720e-01  1.6358e-01 -1.4925e-01  1.0545e+01  1.0828e+01 -9.6591e+00  1.7937e+01  1.0000e+00
 1.0655e+00 -1.2073e-01 -4.0136e-01  4.9170e+01 -9.4887e-01 -1.0552e+01  5.0298e+01  1.0000e+00
-5.2668e-03  1.6677e-01 -8.6115e-03 -1.2946e+01 -8.1712e-01 -1.4575e+00  1.3053e+01  1.0000e+00
 2.3528e-01  2.5004e-02  7.4629e-01  1.7863e+01 -1.1017e+00  4.8500e+01  5.1696e+01  1.0000e+00
-7.3226e-01 -3.7031e-03 -4.5658e-02 -1.8019e+01  1.8131e+00  5.2939e+00  1.8868e+01  1.0000e+00
 8.2224e-01  5.0563e-01  1.5764e-01  6.4120e+00 -4.9322e-01  1.6330e+01  1.7551e+01  1.0000e+00
-6.0218e-01  1.0912e-01  7.5058e-01 -2.2247e+01  3.6431e+00  3.5714e+01  4.2233e+01  1.0000e+00
 6.7366e-01  1.3371e+00  4.6820e-01 -2.0710e+00  2.3151e+01 -1.7814e+00  2.3312e+01  1.0000e+00
-8.7619e-03 -1.8640e-01 -1.7285e-02  1.5967e+00  2.4117e+01  7.6755e+00  2.5360e+01  1.0000e+00
 7.0253e-01  3.0609e+00  2.4462e+00  4.3253e-01  6.4680e+01  4.1338e+01  7.6763e+01  1.0000e+00
-2.7621e-01  3.9108e-01 -4.4062e-01 -2.4053e+01  1.9640e+01 -1.5671e+01  3.4783e+01  1.0000e+00
 2.7697e-01  2.8407e-01 -1.0321e-01 -3.7649e+00  1.0009e+01  4.1529e+00  1.1472e+01  1.0000e+00
-3.6066e-01 -6.5413e-01 -1.0228e+00 -8.8637e-01  4.9019e+00  1.0649e+00  5.0940e+00  1.0000e+00
-3.6505e-02 -1.0717e-01 -8.6560e-02 -6.0083e+00 -7.5584e-01  8.5978e+00  1.0516e+01  1.0000e+00
 2.6781e-02  2.5696e-02 -6.7295e-02  2.2775e+01  3.7777e+00  3.8206e+00  2.3400e+01  1.0000e+00
-3.0802e-01 -4.2959e-02  1.9754e-02  1.0974e+01  1.7403e+01  8.9899e+00  2.2453e+01  1.0000e+00
-6.4438e-01 -7.0417e-02  4.3910e-01 -1.8713e+01 -2.7784e+00  2.2440e+01  2.9350e+01  1.0000e+00
-7.7727e-02 -4.1551e-02 -1.5190e-01  7.0070e+00  2.2262e+01  5.7658e+00  2.4040e+01  1.0000e+00
 3.4003e-02 -5.3122e-02 -4.5579e-02 -9.4441e+00  2.4595e+01  6.5828e+00  2.7156e+01  1.0000e+00
-7.0862e-02 -3.7443e-02  2.9201e-01 -9.2201e+00  1.5351e+01  4.0394e+00  1.8357e+01  1.0000e+00
-5.0192e-02 -6.3747e-03  3.0362e-02 -3.6161e-01  3.5216e+01 -5.3328e+00  3.5620e+01  1.0000e+00
 3.9687e-02  5.4464e-02 -2.7470e-02 -2.2280e+01  2.9438e+01  9.5469e+00  3.8133e+01  1.0000e+00
-5.2855e-02  2.9845e-01  9.0729e-02  1.0321e+01  2.4923e+00  3.9761e+00  1.1338e+01  1.0000e+00
 4.7090e-01 -8.9382e-01 -3.2988e-01  1.7484e+01 -3.2305e+01 -1.5115e+01  3.9721e+01  1.0000e+00
-2.8124e-01 -3.1758e-01 -1.7407e-01 -6.1302e+00  1.2471e+00  5.6878e+00  8.4550e+00  1.0000e+00
 4.9548e-01 -5.0649e-02 -2.0841e+00  1.9346e+01  5.6896e+00 -4.2373e+01  4.6926e+01  1.0000e+00
-1.5343e-01  5.5875e-01 -6.5623e-01 -3.5277e+00  2.6435e+01 -2.0578e+01  3.3686e+01  1.0000e+00
-7.8546e-01 -4.1941e-01  1.8017e-01 -4.4606e+01 -1.6886e+01  1.0971e+01  4.8941e+01  1.0000e+00
 9.6185e-01 -1.2064e-01 -4.4890e-01  5.1416e+01 -4.9658e+00 -2.2417e+01  5.6309e+01  1.0000e+00
 4.2574e-01 -2.1376e+00  1.2486e+00  1.7849e+01 -9.9082e+01  6.1560e+01  1.1801e+02  1.0000e+00
-3.2505e-02  7.4023e-03  8.2072e-03  1.1499e+01  3.2642e+01 -2.2254e+01  4.1145e+01  1.0000e+00
 3.0861e-02 -1.1244e-01  2.2996e-01  2.4541e+00 -4.8369e+00  1.3044e+00  5.5785e+00  1.0000e+00
-6.4971e-02  1.2180e-02  7.0972e-02  1.1452e+01  1.6124e+01  1.1016e+01  2.2638e+01  1.0000e+00
-1.4959e-01  3.9881e-01 -5.5182e-01 -3.8758e+00  1.6261e+01 -1.1042e+01  2.0034e+01  1.0000e+00
-6.9964e-01 -6.3152e-01 -2.7565e-01 -2.5712e+01 -1.7892e+01 -1.3223e+01  3.4001e+01  1.0000e+00
 2.0050e-01 -7.0912e-03  4.6565e-01  4.0520e+00  6.9334e+00  5.2355e+00  9.5865e+00  1.0000e+00
-4.2419e-01 -8.9557e-02  2.4480e-01 -1.2136e+01 -5.8099e+00 -7.8527e+00  1.5579e+01  1.0000e+00
-1.6122e-01  1.5840e-01 -4.0693e-03 -4.0698e+00 -2.1811e+00  7.5512e-01  4.6787e+00  1.0000e+00
 1.6877e-02 -1.3566e-01  3.4369e-01 -1.5126e+01  2.3252e+00  1.3065e+01  2.0122e+01  1.0000e+00
 2.5697e-01 -4.6756e-01 -6.2471e-01  1.1374e+01 -1.6284e+01 -1.7899e+01  2.6738e+01  1.0000e+00
-2.7385e-01  1.4533e-01  2.6098e-01 -2.2082e+01 -5.0475e+00  3.0976e+00  2.2862e+01  1.0000e+00
 4.4947e-02 -6.6149e-03  4.4993e-02  1.6432e+01  7.3021e+00  1.6288e+01  2.4262e+01  1.0000e+00
 4.9966e-01 -5.4931e-01 -7.8830e-01  1.9595e+01 -2.0503e+01 -2.8437e+01  4.0162e+01  1.0000e+00
 5.0552e-01  3.5942e-03  1.8180e-01  1.0751e+01  7.0709e+00  2.6000e+00  1.3128e+01  1.0000e+00
-9.1352e-02 -1.1807e-02  1.8636e-01 -5.7012e+00 -1.9826e+00  1.6375e+01  1.7452e+01  1.0000e+00
 3.6385e-02  4.0824e-02  4.6434e-02  3.7274e-01 -1.1296e+01 -1.8938e+01  2.2054e+01  1.0000e+00
-2.5925e-01 -5.3550e-01  8.1774e-01  1.1425e-01 -7.8751e+00 -4.6391e+00  9.1406e+00  1.0000e+00
-2.1933e-02 -8.8223e-03 -3.7794e-02  7.0309e-01  9.5125e+00 -5.9442e+00  1.1239e+01  1.0000e+00
-9.8104e-02 -7.6664e-02  1.1222e-02  5.7200e+00 -5.6019e+00 -8.4347e+00  1.1630e+01  1.0000e+00
 4.1663e-01 -4.9181e-01 -3.3040e-01  1.6175e+01 -1.3647e+01 -4.5779e+00  2.1652e+01  1.0000e+00
 3.2655e-02  9.7327e-03  3.1780e-02 -2.6195e+00 -2.2856e+00 -1.9166e+01  1.9479e+01  1.0000e+00
-9.2492e-02  5.4498e-02  1.0771e-01  2.6196e+01  8.8585e+00 -1.5611e+00  2.7697e+01  1.0000e+00
 8.3759e-01  3.2778e-01 -2.2520e-01  2.9690e+01  1.9643e+01 -4.4049e+00  3.5871e+01  1.0000e+00
-8.7805e-02 -9.9332e-02  2.0504e-01 -1.3443e+01 -3.5710e-01 -1.7214e+01  2.1844e+01  1.0000e+00
 8.1776e-02  1.7001e-01  2.1394e-01 -1.9257e+01  2.1381e+01  3.4671e+00  2.8983e+01  1.0000e+00
-2.4605e-01  1.3382e-01  1.3113e-01  1.5239e+01  5.1106e+00 -1.6464e-01  1.6074e+01  1.0000e+00
-2.2123e-01  5.5909e-01  2.0237e-01  3.1637e+00  3.8413e+01  3.4217e+00  3.8695e+01  1.0000e+00
-2.5515e+01  3.1150e+01 -2.0094e+01 -3.7964e+02  4.7214e+02 -3.1702e+02  6.8377e+02  1.0000e+00
 4.1499e-01  2.3539e-01  2.1308e-01 -4.4181e+00  2.8717e+01  8.8603e+00  3.0376e+01  1.0000e+00
 1.1642e-01  9.2012e-03  8.3003e-02 -3.2989e+00  9.3880e+00 -1.3472e+01  1.6749e+01  1.0000e+00
 1.4115e-01 -1.1616e-01  1.4464e-01 -1.2826e+01  4.9842e+00  1.5741e+00  1.3850e+01  1.0000e+00
 9.3438e-02 -9.4354e-02 -2.0521e-01  6.3427e-01 -2.7234e-01 -2.7311e+01  2.7320e+01  1.0000e+00
-1.1527e-01  1.6442e-01  4.9447e-01  6.2689e+00  1.2968e+01  8.5209e+00  1.6735e+01  1.0000e+00
 3.9813e-01 -7.1240e-01 -7.4990e-01  1.6871e+01 -2.5811e+01 -2.6391e+01  4.0587e+01  1.0000e+00
-4.8119e-02 -7.2153e-02  1.7714e-01 -2.3962e+00  2.7019e+01 -8.1029e+00  2.8309e+01  1.0000e+00
 5.5112e-01  1.4169e-03  3.8726e-01  1.8493e+01  1.0635e+01  7.3605e+00  2.2567e+01  1.0000e+00
 9.0685e-03  2.9018e-02 -8.8213e-03 -2.6250e+01  1.1752e+01 -9.9288e+00  3.0426e+01  1.0000e+00
-7.8691e-01 -1.5584e-01  5.4099e-01 -3.8702e+01  1.9413e+00  3.2525e+01  5.0591e+01  1.0000e+00
-2.5355e-01  3.9731e-01  3.7510e-01 -1.2224e+01  1.1086e+01  7.1913e-01  1.6518e+01  1.0000e+00
-1.4497e-02 -5.4233e-02  5.8273e-02 -1.4159e+01  2.2996e+01  1.0343e+01  2.8918e+01  1.0000e+00
-5.5916e-01  3.8062e-01 -8.6640e-01 -2.5012e+01  2.2190e+01 -4.0124e+01  5.2230e+01  1.0000e+00
 9.5193e-01 -7.5451e-01  2.0098e-01  4.1052e+01 -2.7945e+01  1.1519e+01  5.0980e+01  1.0000e+00
 6.8093e-01 -3.7798e-01  5.8084e-01  2.5344e+01 -1.6286e+01  2.7633e+01  4.0879e+01  1.0000e+00
 2.3747e-02 -7.9347e-02 -8.0265e-02 -2.8543e+01 -9.4871e+00  1.4222e+01  3.3271e+01  1.0000e+00
 6.1478e-02  2.5897e-02  9.7118e-02 -2.1456e+01  5.1951e+00  1.0402e+01  2.4404e+01  1.0000e+00
-1.6458e-01 -1.4357e-01  2.8561e-01 -7.8711e+00  8.6211e+00  3.5915e+00  1.2214e+01  1.0000e+00
-3.9099e-01  3.6509e-01  3.4556e-01 -3.2499e+01  1.0130e+01  1.2095e+01  3.6127e+01  1.0000e+00
-9.6428e-03  1.0276e-01  1.7150e-01  1.7204e+01  1.8578e+01  5.6539e+00  2.5944e+01  1.0000e+00
 4.0108e-01 -3.8447e-01 -2.4594e-01  1.5499e+01 -8.9182e+00 -7.3561e-01  1.7897e+01  1.0000e+00
-2.5356e-01  1.4179e-01  1.4240e-01 -4.8803e+00  1.1019e+01  9.7613e+00  1.5509e+01  1.0000e+00
-6.6344e-02  1.5445e-01  4.2958e-02  2.7869e-01  1.8233e+01 -1.6612e+01  2.4667e+01  1.0000e+00
-3.6673e-01 -9.1549e-02 -2.5634e-01 -3.0273e+01  1.7989e+01 -2.5565e+01  4.3516e+01  1.0000e+00
 2.6743e-01  1.7463e-01 -9.9786e-03 -9.3759e+00  1.7922e+01 -1.4668e+00  2.0279e+01  1.0000e+00
-2.9355e-01  2.1558e-01 -8.5520e-01 -1.4187e+01  9.2369e+00 -3.5933e+01  3.9721e+01  1.0000e+00
 8.3145e-01  8.3472e-01  7.7134e-01 -2.6944e+00  2.5249e+01  1.2220e+01  2.8180e+01  1.0000e+00
-5.8385e-01 -3.9177e-01 -4.2718e-01 -4.2527e+01 -9.6506e+00 -1.5046e+01  4.6131e+01  1.0000e+00
-5.1438e-01  6.1507e-02  4.3106e-02 -2.2625e+01 -1.7424e+01  5.5347e+00  2.9088e+01  1.0000e+00
-6.5937e-01  2.4142e-02  3.4759e-01 -1.4346e+01  2.9842e+00  1.6008e+01  2.1702e+01  1.0000e+00
-1.1050e-02 -3.8574e-02  1.8090e-01 -2.4360e+01  1.4551e+01  1.0739e+01  3.0339e+01  1.0000e+00
-4.0442e-01  2.7706e-01  6.1528e-02 -1.7242e+01  7.9169e+00 -4.8310e+00  1.9578e+01  1.0000e+00
 7.8906e-02  1.6392e-01 -6.2976e-02  7.0988e+00 -1.0144e+01 -2.0111e+01  2.3617e+01  1.0000e+00
-8.3282e-02  5.3073e-02  9.7724e-02  5.4466e+00 -2.9808e+01  5.1144e+00  3.0731e+01  1.0000e+00
 9.1137e-02 -1.7645e-01 -3.0259e-01 -7.9800e+00 -3.0752e+00  6.3986e+00  1.0681e+01  1.0000e+00
 7.5504e-01 -2.4562e-01  1.6541e+00  9.2402e+00 -6.7026e+00  6.0470e+00  1.2918e+01  1.0000e+00
-9.3958e-02 -1.2853e-01 -2.3661e-02 -3.2659e+00  8.8249e+00  4.4006e+00  1.0388e+01  1.0000e+00
 7.5926e-02 -6.9430e-02  5.7847e-02 -2.0041e+01 -6.0277e+00  1.7889e+01  2.7531e+01  1.0000e+00
-2.1345e+00  3.4754e+00 -2.2757e+00 -4.2706e+01  4.5233e+01 -2.7270e+01  6.7922e+01  1.0000e+00
-2.5633e-01  4.9868e-01  3.7194e-01 -4.9179e+00  1.7828e+01  1.9006e+01  2.6518e+01  1.0000e+00
-1.6673e-01 -4.0399e-01  1.5352e-01  2.5044e+01 -1.6294e+01 -2.7273e+00  3.0002e+01  1.0000e+00
-3.2722e-02  1.9154e-01 -7.6643e-02  1.1477e+01 -1.1171e+01 -1.0249e+01  1.9014e+01  1.0000e+00
 9.8357e-02 -5.9211e-02  3.5147e-02 -5.1575e+00 -1.5569e+01  1.0850e+01  1.9665e+01  1.0000e+00
-5.2191e-02 -9.5182e-01 -3.6916e-01 -1.6259e+00 -3.2614e+01 -1.5762e+01  3.6260e+01  1.0000e+00
 1.8418e-01  1.8897e-01 -2.8914e-01 -2.5876e+01 -1.8344e+01  7.4084e+00  3.2572e+01  1.0000e+00
 4.8078e-01 -6.8748e-01 -6.6405e-01  1.7425e+01 -2.7672e+01 -2.3773e+01  4.0429e+01  1.0000e+00
 1.2326e-02  6.7817e-03 -7.2979e-02  7.5849e+00 -2.1758e+01 -1.8236e+00  2.3114e+01  1.0000e+00
-1.3345e-01  9.8699e-02 -2.5087e-02  9.2535e+00  1.5392e+01 -4.2069e+00  1.8445e+01  1.0000e+00
-4.2445e-01  3.4952e-01  3.7627e-01 -4.5271e+00  3.2748e+01  1.8569e+01  3.7918e+01  1.0000e+00
 2.4010e-01 -4.5614e-01  8.1802e-01  7.3864e+00 -1.9713e+01  3.0518e+01  3.7075e+01  1.0000e+00
-5.2132e-02  3.4361e-02  5.4149e-01  2.1660e+00  1.3838e+01  1.4398e+01  2.0087e+01  1.0000e+00
 5.8003e-02  1.0891e-02  8.7883e-03 -5.0920e+00  3.1124e+01  1.7378e+00  3.1586e+01  1.0000e+00
-5.5936e-02 -3.2706e-02  8.3789e-02  8.2086e+00 -1.6182e+01  6.8711e+00  1.9402e+01  1.0000e+00
 5.7823e-03  3.3461e-01  1.9883e-01 -1.2026e+01 -7.3105e+00 -1.5436e+01  2.0888e+01  1.0000e+00
-5.2889e-01 -2.9552e-01  6.1159e-01 -2.6265e+01 -1.0570e+01  1.9413e+01  3.4328e+01  1.0000e+00
-7.5409e-02  4.0373e-02  8.0305e-02  1.9342e+01  4.6195e+00 -3.0528e+01  3.6434e+01  1.0000e+00
-2.0791e-02 -7.3018e-04 -3.1759e-02 -1.4953e+01  3.3544e+01 -5.0491e+00  3.7071e+01  1.0000e+00
 5.7006e-01 -9.2847e-01 -3.9616e-02  3.1606e+01 -4.1290e+01 -2.7552e+00  5.2071e+01  1.0000e+00
 2.3753e-03  1.1505e-01 -8.4106e-02 -7.3215e+00 -1.1589e+01  1.1595e+01  1.7954e+01  1.0000e+00
-1.1999e+00 -5.3232e-01  1.2331e+00 -1.0717e+01  1.8777e+00  6.6378e+00  1.2745e+01  1.0000e+00
-1.5891e-01  1.2347e-01 -4.0750e-02  1.6985e+01  1.4436e+01 -7.3802e+00  2.3482e+01  1.0000e+00
-8.3505e-02 -1.3576e-01  5.3289e-02  7.3711e-01  1.7083e+01 -1.6237e+01  2.3580e+01  1.0000e+00
 7.3012e-01 -2.8014e-01  1.5637e-01  2.0619e+01 -2.4030e+00  8.3817e+00  2.2386e+01  1.0000e+00
-2.9141e-02  1.1237e-01  9.5939e-02 -6.6815e+00  1.3678e+01  2.9448e+01  3.3150e+01  1.0000e+00
 4.8114e-01  6.5895e-02 -5.5702e-02  6.3068e+00 -2.2172e-01  7.5054e+00  9.8059e+00  1.0000e+00
 1.3263e-01  3.6013e-02 -9.8990e-02  1.4382e+01 -2.0536e+00 -1.9308e+01  2.4163e+01  1.0000e+00
 1.1959e-01  3.3196e-02  4.8959e-02 -2.3201e+00  1.4538e+01 -6.3285e+00  1.6025e+01  1.0000e+00
-8.8492e-02 -1.1604e-03 -2.9319e-01 -7.5403e+00 -1.1069e+01  5.6793e-01  1.3406e+01  1.0000e+00
 5.8859e-03 -1.4849e-02  5.2402e-02  2.2147e+00  3.2426e+00  2.0588e+01  2.0959e+01  1.0000e+00
-1.5351e-02 -2.9753e-01  1.0275e-01  1.3373e+01  2.7364e+00 -5.7650e+00  1.4818e+01  1.0000e+00
 6.8976e-02  3.0170e-02 -1.1137e-01 -1.6360e+01  1.9525e+01  1.3659e+01  2.8904e+01  1.0000e+00
-3.3257e-01  1.0584e-01  3.8086e-02  6.9631e+00  5.5748e+00 -1.2000e+00  9.0002e+00  1.0000e+00
-2.1197e-01  1.0047e-01  9.5672e-02  2.2261e+01  1.7657e+01 -3.0796e+00  2.8579e+01  1.0000e+00
 1.6170e-01 -8.4002e-02  5.9896e-02  9.0276e+00  1.7699e+01 -3.4562e+00  2.0167e+01  1.0000e+00
-4.6083e-01 -1.8701e-01 -1.7106e-02 -4.4837e+00 -3.7984e+00 -1.1685e+01  1.3079e+01  1.0000e+00
 6.2943e-01  2.5304e-01 -6.4699e-01 -6.0135e+00  1.0421e+01 -6.6456e+00  1.3745e+01  1.0000e+00
-1.0964e-01 -1.6338e-03 -1.7421e-01 -6.3820e-01 -9.2997e+00 -2.8818e+01  3.0288e+01  1.0000e+00
 1.7012e-01 -3.7456e-01 -2.9396e-02 -9.0417e+00 -1.0512e+01 -1.1632e+01  1.8099e+01  1.0000e+00
-6.9424e-02 -8.4802e-02  1.3927e-01  6.1766e+00  1.6598e+01  2.0662e+01  2.7213e+01  1.0000e+00
-6.2569e-03  7.4164e-02 -1.2537e-02 -2.0997e+01  8.7718e+00  2.3905e+01  3.3004e+01  1.0000e+00
 1.2414e-01 -1.6915e-01  2.9544e-01  1.0007e+01 -1.5592e+00 -1.5243e+01  1.8300e+01  1.0000e+00
-5.0199e-01  7.3418e-01  2.0835e+00 -5.7986e+00  9.6080e+00  2.2877e+01  2.5481e+01  1.0000e+00
 7.7063e-01 -1.9244e-03 -6.8646e-03  2.7595e+01  6.3216e+00  2.7723e+00  2.8446e+01  1.0000e+00
 6.0690e-01 -1.8984e-01 -5.5502e-01  2.3790e+01 -1.1633e+01 -2.0931e+01  3.3754e+01  1.0000e+00
 2.5471e-02 -8.8291e-02 -7.4505e-02  2.4102e+00 -7.6494e+00  1.3358e+01  1.5581e+01  1.0000e+00
 4.5544e-01 -6.2300e-01 -9.4065e-01  2.4432e+01 -2.5343e+01 -3.8437e+01  5.2121e+01  1.0000e+00
-4.4565e-02  3.5252e-02 -4.2065e-02 -3.2444e+01  2.4376e+00 -1.8504e+01  3.7430e+01  1.0000e+00
-6.6156e-02  3.3764e-02  7.8483e-02 -1.8223e+01 -6.4212e+00  9.1729e+00  2.1388e+01  1.0000e+00
 2.5476e-01  3.9076e-02  1.3131e-01  8.2924e-01  4.6461e+00 -3.7151e+00  6.0063e+00  1.0000e+00
-2.9518e-02  1.1453e-02  2.8598e-02 -2.6705e+01  2.5922e+01  1.0028e+01  3.8545e+01  1.0000e+00
-3.5467e-01 -1.2348e-01 -3.3558e-01 -3.2241e+00  2.7804e+00 -2.4191e+00  4.8966e+00  1.0000e+00
 5.4423e-01  2.3765e-01  9.5929e-02  1.0708e+01  1.3756e+01  1.4896e+01  2.2929e+01  1.0000e+00
-8.9201e-02  1.2549e-01 -4.6982e-02  6.0222e+00 -1.6023e+01 -1.3670e+01  2.1906e+01  1.0000e+00
-2.5712e-01 -1.7584e-01 -1.3882e-02 -7.4627e+00  6.0595e+00 -1.0600e+01  1.4309e+01  1.0000e+00
 1.3323e-02 -7.6188e-02  1.4458e-02  1.6210e+01  2.5727e+01 -3.3504e+00  3.0592e+01  1.0000e+00
-3.8714e-02  1.5762e-02 -5.5889e-03  1.2665e+01  2.0925e+00  8.9898e+00  1.5671e+01  1.0000e+00
-4.1217e-01  2.6194e-01  7.5289e-01 -8.9724e+00  1.1865e+01  3.4800e+01  3.7846e+01  1.0000e+00
-7.9249e-01 -8.4534e-01  2.5424e-01  9.4926e-01 -2.4574e-01  1.2012e+01  1.2052e+01  1.0000e+00
 1.2225e-01 -4.1750e-02 -1.5053e-01 -1.3761e+00 -4.3483e+00  1.0461e+01  1.1412e+01  1.0000e+00
 5.0396e-03  2.9495e-02 -6.6380e-02  5.0765e+00  9.0492e+00 -5.0258e+00  1.1529e+01  1.0000e+00
-6.7856e-01  1.3049e-01  2.8546e-01 -1.6576e+01  1.5689e+01  1.8447e+01  2.9346e+01  1.0000e+00
 8.8726e-01 -2.1501e+00  3.1531e+00  1.5895e+01 -4.0116e+01  7.2062e+01  8.3993e+01  1.0000e+00
 7.9554e-01  1.5442e-01  6.4662e-01  3.7527e+01  7.7714e+00  3.4817e+01  5.1777e+01  1.0000e+00
 3.7101e-01 -5.4093e-01 -1.9283e-01  1.3132e+01 -1.3421e+01 -7.7051e+00  2.0296e+01  1.0000e+00
 6.3571e-02 -1.7112e-02 -1.2621e-02  7.3026e+00 -1.0093e+01 -2.3476e+00  1.2677e+01  1.0000e+00
-7.7544e-02  5.2170e-02  4.4544e-01  6.6755e+00 -5.2480e+00  4.8938e+00  9.8007e+00  1.0000e+00
-2.0002e-01 -1.0105e-02  8.1583e-01 -1.0555e+01  6.1516e+00  4.3866e+01  4.5536e+01  1.0000e+00
-8.2288e-01 -9.0603e-01 -1.0601e+00 -2.5504e+01 -5.5183e+00 -2.4656e+01  3.5900e+01  1.0000e+00
 3.5427e-01  3.7166e-01 -4.4994e-01  1.0400e+01  1.9844e+01 -1.2820e+01  2.5812e+01  1.0000e+00
-2.4170e-01 -9.7720e-02  1.3979e-01  1.5494e+01  6.1989e+00  7.3677e+00  1.8242e+01  1.0000e+00
-3.8068e-02  5.5012e-01 -2.3818e-01 -8.6952e+00  1.4786e+01  1.4870e+00  1.7217e+01  1.0000e+00
 6.9771e-02 -1.3993e-02 -8.3168e-02 -3.8991e+00 -6.3302e+00 -2.4914e+01  2.6000e+01  1.0000e+00
 5.3562e-02  5.0692e-01  2.3027e-01  7.8583e+00  2.7216e+01  1.0554e+01  3.0230e+01  1.0000e+00
-1.3473e-01 -2.8335e-01 -1.1146e-01 -7.4041e+00  3.6997e+00  1.3703e+00  8.3896e+00  1.0000e+00
-4.1359e-02  1.3887e-01  1.5931e-01 -7.4288e+00 -9.8366e+00 -1.2944e+01  1.7875e+01  1.0000e+00
-3.6624e-01  9.3010e-01 -2.0564e-01 -1.4116e+01  4.4507e+01 -5.3593e+00  4.6999e+01  1.0000e+00
-4.9008e-01 -1.2975e-01 -5.6886e-01  1.8710e+01 -1.4508e+01 -2.3414e+00  2.3792e+01  1.0000e+00
-7.7034e-01 -3.1632e-01 -1.1650e-01 -3.2479e+01 -3.7533e+00 -7.0584e+00  3.3448e+01  1.0000e+00
 5.6680e-01  3.9685e-02  3.0186e-01  1.6051e+01 -2.1063e+00  1.7135e+01  2.3573e+01  1.0000e+00
-8.2348e-01 -2.2878e-01  3.7679e-01 -2.7057e+01 -1.2170e+01  1.6503e+01  3.3950e+01  1.0000e+00
-1.5844e-01  1.6098e-01 -1.0348e-01 -1.1811e+01 -2.0155e+00 -1.0031e+01  1.5627e+01  1.0000e+00
 1.0985e+00  3.1479e-01  1.1130e-01  4.9241e+01  1.7824e+01  4.5225e+00  5.2562e+01  1.0000e+00
 2.6177e-01  5.8939e-01 -1.3385e-01  2.3129e+01  3.4644e+01  2.1099e+00  4.1708e+01  1.0000e+00
-7.0456e-01 -5.4541e-01 -3.3868e-01 -3.8304e+01 -2.4424e+01 -1.1875e+01  4.6955e+01  1.0000e+00
-1.2099e-01  3.7783e-01  3.1413e-01  2.5023e+01  1.2299e+01 -1.2076e+01  3.0385e+01  1.0000e+00
-7.6576e-01 -2.5471e-01 -1.7350e-01 -4.4096e+01 -1.2879e-02 -1.0925e+01  4.5429e+01  1.0000e+00
-9.0531e-02  2.2725e-01  4.6381e-01  1.3632e+01  5.5477e+00  1.1694e+01  1.8798e+01  1.0000e+00
 3.1915e-01  3.4943e-01 -5.5298e-01  6.8277e+00  1.8131e+01 -1.5353e+01  2.4719e+01  1.0000e+00
-2.6325e-01  7.9598e-01 -5.3098e-01 -9.2370e+00  3.3038e+01 -1.6181e+01  3.7930e+01  1.0000e+00
 4.5621e-02 -2.4226e-02 -3.7052e-02  2.3376e+01 -2.8296e+01  8.0738e+00  3.7580e+01  1.0000e+00
-1.1496e-01 -2.5409e-01  1.9065e-02 -1.3074e+00  1.4663e+01  4.0437e-01  1.4726e+01  1.0000e+00
-1.2920e-01 -7.5778e-02  7.0023e-02 -2.9355e+01 -2.6251e+01 -3.0865e+01  5.0035e+01  1.0000e+00
 1.4907e-01 -6.3315e-02 -2.5294e-01  5.8800e+00  3.1476e+00 -5.7978e+00  8.8372e+00  1.0000e+00
-1.9335e-01 -1.1901e-01 -1.0080e+00  1.1777e+01 -1.2851e+01 -1.3944e+01  2.2322e+01  1.0000e+00
-4.9366e-01 -2.7255e-01  3.6275e-01 -8.6247e+00 -6.6671e+00  1.1606e+01  1.5923e+01  1.0000e+00
-2.1306e-01 -2.9460e-01  2.2261e-01 -6.0942e+00  4.4324e+00  1.1702e+01  1.3919e+01  1.0000e+00
-4.0857e-01 -1.4944e-01 -5.6569e-01 -2.9922e+01 -1.4710e+01 -5.2338e+01  6.2057e+01  1.0000e+00
-1.0100e+00 -5.3719e-01 -1.0634e-02 -5.1340e+01 -1.7553e+01 -1.1933e+00  5.4271e+01  1.0000e+00
-7.5773e-02 -3.8413e-01 -1.6717e-01  5.3260e+00 -2.6371e+01 -2.0392e+01  3.3759e+01  1.0000e+00
 1.1657e+00  1.1676e-02 -2.8165e-02  5.2020e+01  8.6158e+00 -5.6111e+00  5.3026e+01  1.0000e+00
-3.6105e-01 -9.2629e-02 -1.5316e-01 -1.3747e+00 -1.8878e+00  3.2093e+00  3.9690e+00  1.0000e+00
 1.1778e-01 -4.2072e-02 -2.7099e-01 -1.5265e+00 -6.0753e+00  1.3791e+01  1.5147e+01  1.0000e+00
-2.2041e-01 -1.0544e-01  6.2301e-02 -4.2812e+00 -5.7263e+00  1.5559e+01  1.7123e+01  1.0000e+00
-5.5674e-01 -1.9406e-01  1.5043e-01 -1.0350e+01 -1.1009e+01  6.7979e+00  1.6569e+01  1.0000e+00
 4.9071e-02  1.5015e-01 -9.8081e-02 -2.5783e+01  1.5463e+01  6.4021e+00  3.0739e+01  1.0000e+00
-8.8868e-04  7.0807e-02 -1.3158e-01 -5.6659e-01 -4.8070e+00  8.1407e+00  9.4710e+00  1.0000e+00
 1.6481e-01 -1.2438e-01  8.9862e-02 -1.1897e+01  2.2901e+01  8.5717e+00  2.7193e+01  1.0000e+00
-6.0447e-01  6.0840e-01 -2.7679e-01 -2.7351e+01  2.3593e+01 -5.1204e+00  3.6482e+01  1.0000e+00
-6.1384e-02  5.0635e-02  1.0202e-02 -4.1289e+00 -2.4011e+01 -3.0386e+00  2.4553e+01  1.0000e+00
-8.6605e-01 -1.4830e-01  9.2541e-02 -3.1526e+01 -9.1908e+00  8.9120e-01  3.2851e+01  1.0000e+00
-7.2498e-03  1.2927e-01 -5.3534e-02  2.9834e+00 -6.2582e-01 -3.6926e+01  3.7052e+01  1.0000e+00
 2.9013e-01  7.5183e-02  2.9418e-02 -1.0806e+01 -7.3274e+00 -1.3816e+00  1.3129e+01  1.0000e+00
-7.8142e-02  7.6165e-02 -1.0025e-02  2.5378e+01 -1.6627e+01 -2.5780e+00  3.0449e+01  1.0000e+00
 1.0530e-02  1.9625e-01  1.0223e-01 -2.0800e+00  4.8150e+00  1.3618e+01  1.4593e+01  1.0000e+00
 3.6122e-01 -1.0097e+00 -4.8877e-01  1.6399e+01 -4.2160e+01 -1.9748e+01  4.9359e+01  1.0000e+00
-7.8468e-01 -2.9461e-01  7.0717e-01 -3.8070e+01 -7.4593e+00  3.4259e+01  5.1756e+01  1.0000e+00
 3.5158e-01 -8.3987e-02  1.9535e-01  6.3056e+00 -1.8344e+01  2.1819e+00  1.9520e+01  1.0000e+00
-2.0955e-01 -3.3910e-01 -7.1813e-01 -1.0372e+01 -8.9366e+00 -2.1532e+01  2.5516e+01  1.0000e+00
 7.1319e-01 -2.6837e-01  2.0553e-01  2.1457e+01 -1.2045e+01  7.2045e-01  2.4618e+01  1.0000e+00
 3.1458e-02  2.1611e-01  2.3095e-01  6.6608e+00 -1.1756e+01 -2.6715e+00  1.3773e+01  1.0000e+00
-5.8724e-02 -6.2781e-01 -3.9084e-01 -5.5735e+00 -3.6830e+01 -2.5376e+01  4.5072e+01  1.0000e+00
-2.4805e-01  5.1925e-01 -5.8873e-01 -1.1063e+01  1.9249e+01 -2.0325e+01  3.0100e+01  1.0000e+00
-2.4196e-01  4.4281e-01 -4.0857e-01 -1.0368e+01  8.6357e+00 -1.1119e+01  1.7484e+01  1.0000e+00
 7.2776e-01  1.5587e-01  8.4372e-02  1.8543e+01  9.3354e+00 -6.4785e-01  2.0770e+01  1.0000e+00
 1.2258e-01 -1.2589e-01  6.5728e-02 -1.1972e+01  3.3122e-01  7.0786e+00  1.3912e+01  1.0000e+00
-3.1541e-01  8.1205e-01 -4.5860e-01 -8.0565e+00  3.8692e+01 -1.4218e+01  4.2002e+01  1.0000e+00
 6.8034e-01 -1.6149e-01 -1.3817e-01  2.1078e+01  2.1339e+00 -8.2910e+00  2.2750e+01  1.0000e+00
-5.0237e-01 -2.6871e-02  2.6423e+00  1.4547e+00  5.4827e+00  3.3358e+01  3.3837e+01  1.0000e+00
 4.1178e-03 -7.0504e-01 -2.0509e-01 -2.7488e+00 -2.0499e+01 -2.2284e+00  2.0802e+01  1.0000e+00
-3.3797e-01 -1.0744e-01 -1.1677e-01  2.0468e+00  6.3698e+00  6.4849e+00  9.3176e+00  1.0000e+00
-1.4816e-01 -4.2009e-02 -5.3484e-02 -1.4773e+01  9.9306e+00 -4.4151e-01  1.7806e+01  1.0000e+00
 1.3471e-01 -1.8056e-02 -1.1806e-01  7.8212e+00 -1.0600e+01  1.8444e+01  2.2665e+01  1.0000e+00
 1.1361e-01  4.2449e-01  3.3579e-01  1.6690e+01  3.4212e+01  2.3634e+01  4.4806e+01  1.0000e+00
-5.7751e-02  3.3513e-01 -1.5559e-01  8.0306e-01 -2.9625e+00  3.5659e+00  4.7049e+00  1.0000e+00
 1.7241e-01  6.0415e-02  6.3286e-02 -1.1770e+01  1.2623e+01  1.1900e+00  1.7300e+01  1.0000e+00
 1.9936e-02  2.0224e-01 -1.4707e-01 -1.1730e+01  2.0805e+01  7.8673e+00  2.5146e+01  1.0000e+00
-1.0412e-02 -2.6381e-02  2.2785e-03  2.9439e+01  7.9555e+00 -9.1272e-01  3.0509e+01  1.0000e+00
 7.3818e-02  1.6972e-01  3.2102e-02 -2.1315e+01 -7.5749e+00 -1.7784e+01  2.8775e+01  1.0000e+00
-1.3127e-01  8.1449e-02  5.2140e-02  6.1715e+00 -1.3062e+01  5.8160e+00  1.5573e+01  1.0000e+00
 6.3913e-01 -5.5219e-01 -2.2690e-01  2.6195e+01 -1.9476e+01 -4.5742e+00  3.2961e+01  1.0000e+00
-1.6285e-01  4.5923e-02  9.9324e-02 -1.0565e+01 -1.5220e+01 -1.8444e+01  2.6143e+01  1.0000e+00
 2.6615e+00 -3.2703e+00  1.9332e+00  2.5965e+01 -5.1444e+01  3.3114e+01  6.6462e+01  1.0000e+00
 1.0051e-01  2.6909e-01 -1.4146e+00  1.8307e+00 -7.3080e+00 -1.0510e+01  1.2931e+01  1.0000e+00
 1.6459e-01 -4.4687e-01 -1.1683e+00  3.3259e+00 -1.7160e+01 -4.8797e+01  5.1833e+01  1.0000e+00
-2.1045e-02 -4.6523e-01 -7.3865e-01 -1.3607e+01 -2.1958e+01 -3.7259e+01  4.5338e+01  1.0000e+00
-7.9882e-02 -7.1327e-01  7.6103e-02 -3.9555e+00 -4.3132e+01  5.2750e+00  4.3633e+01  1.0000e+00
-8.8197e-01 -6.0895e-01 -2.9368e-01 -5.0032e+01 -2.5846e+01 -1.2687e+01  5.7725e+01  1.0000e+00
-6.9859e-02 -1.4375e-02  9.0046e-03 -3.1998e+01  1.8921e+01  1.2615e+01  3.9255e+01  1.0000e+00
-6.9021e-01 -1.9163e-01 -2.7276e-01 -4.4785e+01 -1.1164e+01 -9.9768e+00  4.7221e+01  1.0000e+00
-2.0010e-01  1.0758e-01  4.2491e-01 -1.9826e+01  7.8220e+00  1.2115e+01  2.4516e+01  1.0000e+00
-2.1561e-01 -1.4302e-01 -1.2939e-01 -1.5130e+01  1.2354e+01  8.6295e+00  2.1354e+01  1.0000e+00
-4.3882e-02  1.0675e-01 -2.9362e-02  8.8136e-01  1.1870e+01  3.7588e+01  3.9428e+01  1.0000e+00
-2.7811e-01  2.5542e-01 -3.0216e-01 -1.6837e+01 -1.5286e+01  2.0374e+01  3.0533e+01  1.0000e+00
 3.4963e-02  5.6853e-02 -1.9683e-02  2.5031e+01  7.0343e+00  1.4719e+01  2.9878e+01  1.0000e+00
