# limit = 1.61001
#
# x           y           z           vx          vy          vz          s           m
 6.9671e-01 -7.2297e-01 -1.2447e+00  4.1317e+00 -8.6005e+00 -6.2490e+00  1.1406e+01  1.0000e+00
 1.6820e-01 -1.6460e-02  8.6365e-02 -1.4271e+01  2.2421e+01 -8.7448e+00  2.7979e+01  1.0000e+00
 1.1900e+00 -8.7662e-02  2.1519e-01  4.3011e+01  1.0002e+00  8.5797e+00  4.3870e+01  1.0000e+00
-5.7723e-02  9.3733e-02 -3.1441e-02 -7.9395e+00  3.9527e+01  1.5058e+01  4.3036e+01  1.0000e+00
-7.9024e-01  3.8744e-01  6.1515e-01 -3.7029e+01  1.4616e+01  2.2572e+01  4.5763e+01  1.0000e+00
 3.1660e-01 -2.4366e-01  1.0926e+00  1.5058e+01 -5.2932e+00  4.4899e+01  4.7652e+01  1.0000e+00
 1.3166e-01 -8.6831e-01 -7.3278e-01  3.5529e+00 -3.6353e+01 -2.5934e+01  4.4797e+01  1.0000e+00
 2.1118e-01 -4.8081e-01  4.3742e-02 -3.4772e+00 -1.0678e+01 -7.5737e+00  1.3545e+01  1.0000e+00
-2.5231e+00  1.7373e+00  4.6444e+00 -4.5834e+01  3.3593e+01  1.0522e+02  1.1959e+02  1.0000e+00
 1.4745e-03  1.0964e-01  2.9956e-02  1.4870e+01 -1.0758e+01 -1.7450e+01  2.5324e+01  1.0000e+00
 5.5086e-01  4.2172e-01  4.7247e-01  1.6934e+01  1.7977e+01  1.3514e+01  2.8152e+01  1.0000e+00
-4.6274e-03  9.7140e-02 -1.8034e-02  2.1106e+01 -2.5466e+01  2.6619e+01  4.2457e+01  1.0000e+00
 1.6453e-01  5.7851e-01  3.7137e-01  1.1048e+01  1.3682e+01  1.6727e+01  2.4270e+01  1.0000e+00
-2.8247e-01 -2.7219e-01 -8.3505e-02  8.8614e+00 -2.8935e+00 -3.7417e+00  1.0045e+01  1.0000e+00
 2.0394e-01  1.1147e-01 -1.9918e-01 -7.8531e+00  4.3886e+00 -1.5338e+01  1.7781e+01  1.0000e+00
-2.9041e-01  1.9102e-01 -6.5447e-01 -2.2284e+01 -1.8849e+00 -2.3035e+01  3.2105e+01  1.0000e+00
 6.5307e-01 -7.1000e-01 -6.9686e-01  2.7092e+01 -2.6523e+01 -3.0411e+01  4.8604e+01  1.0000e+00
-3.1347e-01 -3.3065e-02  3.7098e-02  5.6170e+00  1.9046e+01  8.8795e+00  2.1752e+01  1.0000e+00
 2.3626e-01  1.3501e-01 -1.4750e-01 -1.1500e+01 -7.2913e+00 -2.2348e+00  1.3799e+01  1.0000e+00
 3.1893e+00  3.0677e+00 -1.5189e+00  7.4140e+01  5.9531e+01 -2.5498e+01  9.8442e+01  1.0000e+00
-7.1724e-03 -2.1201e-02 -7.2054e-03  2.8818e+01 -1.8564e+01  6.6127e+00  3.4912e+01  1.0000e+00
 1.1857e-02  5.9534e-02 -7.5174e-02  5.5212e+00  1.6752e+01 -2.7417e+01  3.2601e+01  1.0000e+00
 8.5209e-02 -4.3092e-02 -1.2838e-01 -1.3254e+01 -2.1154e+01  1.3549e+01  2.8403e+01  1.0000e+00
-4.9828e-01  7.1584e-01 -9.0393e-01 -1.8476e+01  3.5085e+01 -3.5787e+01  5.3413e+01  1.0000e+00
-2.0688e-03  1.0170e+00 -4.9744e-01 -4.6197e-01  4.2408e+01 -1.8830e+01  4.6402e+01  1.0000e+00
 2.2219e-01 -3.3121e-01 -1.4909e-01 -7.7135e+00 -3.0006e+00 -3.6147e+01  3.7083e+01  1.0000e+00
 5.7600e-01 -6.2259e-01  2.2220e-01  1.5815e+01 -3.6922e+01  8.0447e+00  4.0964e+01  1.0000e+00
 6.3515e-01 -7.1531e-02 -5.9508e-01  7.8505e+01 -2.0118e+01 -7.5820e+01  1.1098e+02  1.0000e+00
 1.5460e-02 -1.2020e+00 -1.5949e+00  2.1915e+00 -4.4216e+01 -5.8313e+01  7.3214e+01  1.0000e+00
-1.4657e-01 -4.1216e-02  1.6384e-01 -1.5984e+00 -1.1015e+01  1.2156e+01  1.6482e+01  1.0000e+00
 1.6638e-01  1.0622e-01 -1.6440e-01  1.2310e+01 -4.3289e+00 -1.4407e+01  1.9438e+01  1.0000e+00
-5.5761e-02 -7.6495e-02  1.0797e-02  3.1054e-01  2.8447e+00 -1.6913e+01  1.7153e+01  1.0000e+00
-1.7884e-01 -2.7789e-02  6.5584e-02  2.0634e+01  1.7550e+01  3.6219e+00  2.7330e+01  1.0000e+00
-4.5141e-03 -8.0815e-02 -1.5154e-01 -1.1495e+01  2.3500e+01  8.0614e+00  2.7375e+01  1.0000e+00
-2.5848e-02  3.6010e-02  1.6723e-01  1.5736e+01  1.7413e+00  1.0827e+01  1.9180e+01  1.0000e+00
-2.4699e-01  1.7965e-01  5.3969e-02 -9.3101e+00  5.4142e+00  1.7278e+01  2.0360e+01  1.0000e+00
 1.5018e+00  3.2354e-01 -5.8402e-01  5.5523e+00 -8.5119e-01 -1.9645e+00  5.9508e+00  1.0000e+00
-1.1903e+00  2.2619e+00 -3.3609e+00 -2.8873e+01  5.5354e+01 -6.8866e+01  9.2953e+01  1.0000e+00
-4.7627e-02  5.5098e-02 -3.5542e-01 -6.0318e+00  5.8724e-01  8.8807e+00  1.0752e+01  1.0000e+00
 8.1607e-01 -3.2837e-01  6.5577e-01  2.8681e+01 -6.0627e+00  2.3462e+01  3.7548e+01  1.0000e+00
 5.8075e-01  4.7798e-01 -2.3787e-01  2.3752e+01  2.0322e+01 -2.0995e+00  3.1330e+01  1.0000e+00
-4.7771e-01  6.8034e-02 -6.7865e-02 -2.1275e+01  8.8500e+00  1.0346e+01  2.5259e+01  1.0000e+00
-6.4501e-02 -6.0894e-02  2.7615e-01 -5.9578e+00 -3.6559e+00  2.2428e+00  7.3411e+00  1.0000e+00
 8.6727e-02 -4.5549e-01  1.1746e+00  4.4190e+00 -1.4646e+01  4.7156e+01  4.9575e+01  1.0000e+00
 9.6133e-01  4.4362e-01  4.1036e-02  4.5919e+01  2.3479e+01  3.5116e+00  5.1693e+01  1.0000e+00
-1.9396e-01 -6.6034e-01 -6.3589e-02  9.4647e-01 -3.7817e+01  5.0950e+00  3.8171e+01  1.0000e+00
-1.2509e-02  1.9609e-03 -1.3459e-01  1.3086e+01 -5.5631e+00  1.0352e+01  1.7588e+01  1.0000e+00
 2.5067e-01 -6.5368e-01 -3.5390e-01  1.2453e+01 -1.9258e+01 -5.8268e+00  2.3662e+01  1.0000e+00
 7.5038e-01 -2.6116e-01  2.9884e-01  3.0117e+01 -1.0496e+01  1.3751e+01  3.4732e+01  1.0000e+00
-4.1826e-01  1.4408e-01  5.2783e-01 -3.2382e-01 -4.0225e-01  2.0576e+01  2.0583e+01  1.0000e+00
-1.8340e-01  1.1044e-01 -8.5091e-03 -1.3333e+01  3.9676e+00 -1.7110e+01  2.2051e+01  1.0000e+00
-1.7034e-01  1.1089e-01 -1.3254e-01  1.0973e+01 -2.2570e+00 -1.4164e+01  1.8059e+01  1.0000e+00
-3.9713e-01 -4.0870e-01  4.7292e-01 -1.2464e+01 -2.0345e+01  1.8979e+01  3.0487e+01  1.0000e+00
 2.7586e-01 -1.5957e-01  2.8146e-01 -2.3770e+00  3.4307e+00 -2.9630e+00  5.1185e+00  1.0000e+00
 1.5826e-01 -4.4642e-01  9.2259e-02  4.8376e+00 -1.4601e+01 -8.8958e+00  1.7769e+01  1.0000e+00
-6.0680e-03 -3.8094e-02  2.5183e-01  1.8318e+01  9.1894e+00 -1.6531e+01  2.6330e+01  1.0000e+00
-4.7976e-02  7.9829e-02  2.3427e-02 -9.9587e+00 -3.4602e+01  8.9710e+00  3.7108e+01  1.0000e+00
-2.6466e-02  5.6125e-01 -2.5886e-01 -1.0330e+01  1.1538e+01 -7.7328e+00  1.7310e+01  1.0000e+00
-6.5127e-02  2.6834e-02 -6.1966e-02  1.6490e+01  1.1139e+01  1.1321e+01  2.2895e+01  1.0000e+00
 4.5620e-01 -4.9081e-02  8.2155e-01  1.3458e+01 -6.0770e+00  3.7760e+01  4.0545e+01  1.0000e+00
-1.0179e-01  5.1932e-03  4.8215e-03 -1.5631e+01 -1.1327e+01 -1.6734e+01  2.5547e+01  1.0000e+00
-1.2644e-01 -3.5263e-01  1.4413e-01  2.4271e+00 -4.9411e+00 -1.1129e+01  1.2416e+01  1.0000e+00
 4.4157e-02  1.6023e-01 -9.4101e-02  3.3464e-01  1.5055e+00  1.5830e+01  1.5905e+01  1.0000e+00
-3.8392e-04  1.2985e-02 -5.6843e-02 -1.6475e+01 -5.8877e+00  1.3042e+01  2.1822e+01  1.0000e+00
 7.1963e-01 -3.4116e-01  1.8294e-01  1.7685e+01 -5.4712e+00  5.2328e+00  1.9238e+01  1.0000e+00
-1.7675e-01  1.6363e-01 -3.1652e-02  1.7639e+01 -1.0475e+01  1.9130e+01  2.8050e+01  1.0000e+00
-8.8600e-02 -4.5409e-02 -9.1414e-02 -8.7683e+00 -1.0430e+01  9.8439e+00  1.6810e+01  1.0000e+00
-8.2267e-02  1.2937e-01 -2.4268e-02  7.4895e+00 -1.0182e+01  1.6353e+00  1.2745e+01  1.0000e+00
-6.0021e-01  3.9388e-03  3.4240e-02 -1.2302e+01  4.5765e+00 -6.0795e+00  1.4465e+01  1.0000e+00
 1.8263e-01  3.6356e-01  1.7075e-01  7.2615e+00  2.7872e+00  6.2682e+00  9.9894e+00  1.0000e+00
 9.7515e-01  1.9062e-01  2.3603e-01  4.3041e+01  5.5069e+00  8.5089e+00  4.4218e+01  1.0000e+00
-5.5265e-02  3.2866e-02  9.3368e-02 -3.6314e+01  2.1270e+00 -1.5594e+01  3.9578e+01  1.0000e+00
-2.3775e-01  5.5802e-01 -2.1452e-01 -3.8588e+00  1.1753e+01 -3.9347e+00  1.2981e+01  1.0000e+00
-3.6111e-02 -4.3273e-01 -2.7075e-01  1.3843e+00  8.2763e-01 -3.5442e+00  3.8939e+00  1.0000e+00
-1.4379e-01  1.2361e-01  5.5579e-01  6.4536e+00 -1.9101e-01  9.9476e+00  1.1859e+01  1.0000e+00
-8.2612e-02 -6.6733e-02 -4.9807e-03 -6.1103e+00 -1.3558e+01 -1.1492e+01  1.8794e+01  1.0000e+00
-1.0949e-01 -5.3167e-02  1.1454e-02 -2.3705e+01  1.0574e+01 -8.4783e-01  2.5971e+01  1.0000e+00
 1.3908e-01 -2.1513e-01 -5.9983e-01  4.5284e+00 -9.6240e+00 -1.2101e+01  1.6111e+01  1.0000e+00
 1.0853e+00 -6.8186e-01 -1.5376e-01  4.7630e+01 -2.3409e+01 -5.7353e+00  5.3381e+01  1.0000e+00
-7.8937e-01 -5.5551e-01 -4.1632e-01 -3.0384e+01 -1.9200e+01 -1.5424e+01  3.9111e+01  1.0000e+00
-1.9912e-01 -1.7173e-01 -3.6577e-01 -2.0951e+00  2.4728e+00 -7.5291e+00  8.1970e+00  1.0000e+00
 2.0151e-03 -2.8354e-02  1.7856e-01 -1.1684e+01  8.9562e+00 -4.8861e+00  1.5511e+01  1.0000e+00
 7.6871e-04 -8.7119e-03 -8.3770e-02  3.5046e+01 -1.9776e+01 -3.3698e+01  5.2486e+01  1.0000e+00
 5.8389e-01  1.9014e-01  5.9829e-01  1.7743e+01  1.2792e+01  2.2078e+01  3.1079e+01  1.0000e+00
-2.5610e-01  9.1940e-02  1.0769e-01 -3.7791e+00 -7.0989e+00 -5.5863e+00  9.7920e+00  1.0000e+00
 6.6996e-02  4.5805e-02 -8.1786e-02 -1.0242e+01 -9.5206e+00 -1.4531e+01  2.0166e+01  1.0000e+00
-1.8845e-01  4.7084e-01 -5.1696e-01 -5.5659e+00  9.8123e+00 -1.1610e+01  1.6188e+01  1.0000e+00
 2.8527e-01 -1.9022e-01  2.5005e-01  2.2144e+01 -1.5037e+01  1.8852e+01  3.2740e+01  1.0000e+00
 1.1156e-01 -2.8628e-01 -2.2863e-02 -1.0215e+01  4.6886e+00 -1.4398e+00  1.1332e+01  1.0000e+00
 1.0246e-01 -3.2873e-02  3.8138e-02  1.3353e+01  1.7069e+01  1.8196e+01  2.8298e+01  1.0000e+00
 2.9903e-01 -2.7323e-01  1.8763e-01  1.8686e+01 -1.7062e+01  2.0084e+01  3.2306e+01  1.0000e+00
-7.1543e-02  9.7866e-03 -1.1852e-01 -9.4227e+00  2.3041e+01 -1.8639e+00  2.4963e+01  1.0000e+00
-1.4352e-02 -9.5558e-03  7.9672e-03 -1.2649e+01  1.8150e+01  7.3015e+00  2.3296e+01  1.0000e+00
-7.1656e-02 -8.6945e-03  8.0396e-02 -4.4757e+00  2.2706e+01 -1.3294e+01  2.6690e+01  1.0000e+00
-3.7643e-01  6.6005e-01 -1.4448e-01 -1.2998e+01  2.0235e+01  2.1586e+00  2.4147e+01  1.0000e+00
-5.6259e-02 -8.1037e-02 -4.5021e-02 -1.1261e+00  1.7061e+01  2.2626e+01  2.8359e+01  1.0000e+00
-1.1128e-01  3.0585e-01 -1.2670e-02  1.8976e-01 -8.1648e+00 -1.5251e+01  1.7300e+01  1.0000e+00
-4.3005e-01 -7.3216e-01 -8.0345e-01 -1.6964e+01 -2.4851e+01 -2.7358e+01  4.0667e+01  1.0000e+00
 1.4771e-01 -4.9214e-01 -2.0749e+00  3.4395e+00 -6.5505e+00 -2.9838e+01  3.0741e+01  1.0000e+00
-4.7911e-01 -6.7289e-02  1.4104e-01 -1.8306e+01  2.5715e+01 -1.6755e+01  3.5737e+01  1.0000e+00
-3.9526e-03  5.1467e-02  5.4332e-03  3.4338e+01  7.3559e+00  2.5061e+00  3.5207e+01  1.0000e+00
-1.4732e-01  2.5577e-01  1.8204e-01 -7.0930e+00  5.2714e+00 -1.4966e+00  8.9631e+00  1.0000e+00
 5.6485e-01 -4.7375e-01  5.8229e-02  1.3907e+01 -1.4189e+01 -1.2731e+00  1.9909e+01  1.0000e+00
 5.5546e-01 -4.5952e-01  1.8498e-01  1.3435e+01 -6.7143e+00  6.2934e+00  1.6285e+01  1.0000e+00
 1.0920e+00  2.0500e-01  4.2051e-02  4.1697e+01  1.5577e+01 -1.6843e+00  4.4544e+01  1.0000e+00
-9.6985e-02  4.8691e-01 -3.2669e-01 -2.2555e+00  7.4520e+00 -7.1100e+00  1.0544e+01  1.0000e+00
 8.2143e-01 -8.1004e-03  9.1719e-01  3.0309e+01  1.7496e+00  3.4280e+01  4.5791e+01  1.0000e+00
 7.2158e-02 -2.0367e-02  8.4080e-02 -1.5250e+01 -2.5803e+01 -1.3715e+01  3.2962e+01  1.0000e+00
-2.2745e-01 -6.9576e-01  5.5678e-01 -1.1856e+01  9.4717e+00  6.0905e-01  1.5187e+01  1.0000e+00
-1.1299e+00  1.0020e-01  2.2630e-01 -4.9090e+01  1.0274e+01  1.1017e+01  5.1350e+01  1.0000e+00
-9.9194e-02  7.7452e-01 -2.6871e-01 -6.5997e+00  2.4123e+01 -4.9304e-01  2.5014e+01  1.0000e+00
 3.4246e-01 -6.0451e-01  7.6873e-01  1.5824e+01 -2.0752e+01  3.2278e+01  4.1508e+01  1.0000e+00
 4.5148e-01 -3.9451e-01  8.0132e-01  1.3695e+01 -1.2444e+01  2.8361e+01  3.3864e+01  1.0000e+00
 6.8522e-01 -7.5710e-01 -3.9462e-01  2.4376e+01 -2.7701e+01 -1.0032e+01  3.8239e+01  1.0000e+00
 6.7143e-01 -5.3594e-01  1.4417e-01  1.9798e+01 -1.5446e+01  5.8379e+00  2.5780e+01  1.0000e+00
-1.3846e-01  9.0824e-02 -5.4435e-02 -1.4154e+01  4.4560e+00 -1.4809e+01  2.0964e+01  1.0000e+00
-1.6318e-01  1.2425e-01  8.3808e-02 -1.1889e+01 -1.8158e+01  9.0876e+00  2.3530e+01  1.0000e+00
-5.3454e-03 -6.1042e-02  5.5214e-02 -1.0843e+01  2.3120e+01  2.7935e+01  3.7848e+01  1.0000e+00
-2.0372e-02 -2.1554e-02 -9.9058e-03 -2.1877e+01 -2.5927e+01  3.3818e+01  4.7901e+01  1.0000e+00
 4.8071e-02 -2.1938e-02  7.0982e-02  1.7059e+01 -8.6253e+00 -1.3694e+01  2.3514e+01  1.0000e+00
-2.5193e-01  1.4615e-01  3.7859e-02  9.0619e-02 -1.1304e+01 -4.8957e+00  1.2319e+01  1.0000e+00
-1.4280e-01  5.9287e-02  3.5708e-01 -1.2216e+01 -3.1632e+00 -1.7969e+00  1.2746e+01  1.0000e+00
-1.5542e+00  5.5080e-01  4.0689e-01 -5.8747e+01  2.4519e+01  2.2414e+01  6.7489e+01  1.0000e+00
-6.5707e-03  4.5902e-02 -2.3105e-02  8.4337e+00 -3.9297e+01  1.2744e+00  4.0212e+01  1.0000e+00
-1.0070e-01 -3.2125e-02 -9.0378e-02 -2.1191e+01  1.5765e+01 -7.4330e+00  2.7438e+01  1.0000e+00
 2.7165e-02  2.9349e-03  6.6949e-02  1.6250e+01 -2.9620e+00  3.7620e+01  4.1086e+01  1.0000e+00
 4.8648e-01 -7.1950e-01 -4.1541e-01  2.7155e+01 -2.2335e+01 -1.0595e+01  3.6722e+01  1.0000e+00
 1.2954e-01 -1.1595e-02 -1.2328e-01 -2.8317e+00 -6.3814e-01  2.3536e+01  2.3715e+01  1.0000e+00
 4.5009e-01 -4.9519e-01  7.3132e-01  1.9130e+01 -1.5755e+01  3.7744e+01  4.5153e+01  1.0000e+00
-3.4034e-01 -2.1878e-01  1.1799e-01  2.1203e+01  5.0014e+00 -4.3461e+00  2.2214e+01  1.0000e+00
-2.9595e-02 -2.6059e-01 -9.9519e-01 -5.1630e+00 -8.9273e+00 -3.3377e+01  3.4934e+01  1.0000e+00
 7.6137e-01 -2.3667e-01  3.8929e-02  2.1035e+01 -1.4149e+01  5.1045e+00  2.5859e+01  1.0000e+00
 2.8119e-01 -1.2440e-01  2.3518e-03 -4.7975e+00  9.4245e+00 -5.2364e+00  1.1801e+01  1.0000e+00
 8.6340e-03  3.2460e-02  5.7524e-02 -2.0018e+01  2.3999e+01  1.9630e+01  3.6905e+01  1.0000e+00
 7.3875e-02  3.5291e-01  2.2437e-01 -3.7200e+00  7.4681e+00 -6.3302e+00  1.0473e+01  1.0000e+00
-2.8473e-01  1.3799e-01  4.6642e-01 -7.7949e+00  2.8054e+01  1.0197e+01  3.0851e+01  1.0000e+00
-2.4857e-01  1.5784e-01  9.4323e-02  1.9148e+00  9.9106e+00 -2.4629e-01  1.0097e+01  1.0000e+00
 8.6381e-02  1.0633e-01 -3.9890e-01  2.6841e+00  8.2224e+00  8.3780e+00  1.2042e+01  1.0000e+00
 6.9043e-01 -4.7682e-01 -1.6466e-01  2.1738e+01 -1.3713e+01  2.2410e+00  2.5799e+01  1.0000e+00
-7.4498e-02 -1.6754e-01  7.3060e-01 -6.0421e+00 -1.6087e+01  3.8370e+01  4.2042e+01  1.0000e+00
 6.3013e-01 -2.6563e-02  4.2381e-02  1.0799e+01  3.4607e+00  2.2660e+00  1.1564e+01  1.0000e+00
 1.3603e-01  7.1852e-02 -2.5337e-01 -5.7498e+00 -8.5502e+00 -1.2445e+00  1.0379e+01  1.0000e+00
-1.6497e+00 -3.5611e-01 -7.6310e-01 -4.1205e+01  8.7260e+00 -1.1598e+01  4.3687e+01  1.0000e+00
-5.3186e-02 -2.1271e-02  1.4845e-02 -3.1456e+01 -2.3376e+01 -7.4870e-01  3.9198e+01  1.0000e+00
 1.0748e-01 -1.2582e-01  7.3057e-02 -1.9020e+01  2.7275e+01  1.0708e+00  3.3269e+01  1.0000e+00
-4.3967e-02  6.1864e-02  4.9616e-02 -1.3594e+01  8.4072e+00  9.7960e+00  1.8747e+01  1.0000e+00
-2.4818e-01 -3.3052e+00 -3.0609e+00 -1.5137e+01 -4.5718e+01 -5.3227e+01  7.1781e+01  1.0000e+00
 1.1438e+00 -1.0367e+00  3.2538e-01  3.9662e+01 -3.5363e+01  1.0084e+01  5.4086e+01  1.0000e+00
 1.8290e-01  2.6284e-01 -7.9643e-03  1.2764e+01  2.1168e+01 -9.6018e+00  2.6517e+01  1.0000e+00
 1.7519e-01 -3.3200e-01 -6.9462e-01  9.1392e+00 -3.8024e+00 -1.9465e+01  2.1838e+01  1.0000e+00
-1.5349e-01  6.8932e-02 -1.6016e-01  2.5027e-01 -4.5695e+00  1.8643e+01  1.9196e+01  1.0000e+00
 6.6878e-02 -5.4752e-01 -5.7662e-01  5.1872e+00 -1.0930e+01 -1.7658e+01  2.1406e+01  1.0000e+00
-9.4565e-02 -8.1498e-02 -5.1152e-01  2.1471e+00 -5.5385e+00 -7.4759e+00  9.5485e+00  1.0000e+00
-8.3740e-02  6.0331e-02 -1.1267e-02 -2.4753e+01 -8.2166e+00  2.2773e+01  3.4624e+01  1.0000e+00
-5.7769e-01  7.0397e-01 -5.4929e-01 -2.4464e+01  3.7197e+01 -2.0421e+01  4.8981e+01  1.0000e+00
-4.3552e-02  1.1811e-01  4.8081e-02 -1.6681e+01 -1.3490e+01  2.1688e+01  3.0506e+01  1.0000e+00
-9.9155e-02 -1.3514e-01  4.7992e-01  8.6701e+00  3.2239e+00  8.6538e+00  1.2667e+01  1.0000e+00
-3.4863e-02  5.1069e-02  1.3278e-02 -1.4617e+01  1.3295e+01 -7.1574e+00  2.1015e+01  1.0000e+00
-6.1723e-02  1.8970e-01  2.2405e-01  1.1378e+01  8.7952e+00  1.1160e+00  1.4425e+01  1.0000e+00
 6.0249e-02  3.7813e-02  9.3684e-02  1.0670e+01  1.2687e+01 -2.1628e+01  2.7250e+01  1.0000e+00
-1.3822e-01  1.5379e-01 -5.1904e-03  9.3128e+00 -3.8633e+00  2.3827e+01  2.5872e+01  1.0000e+00
-2.4228e-01 -1.2784e-02  4.9628e-01  2.1383e+00  4.2134e+00  3.2042e+00  5.7089e+00  1.0000e+00
-2.0120e-01  5.3188e-02  1.7202e-01  6.3254e+00 -9.9724e-01 -1.4348e+01  1.5712e+01  1.0000e+00
-2.6690e-01 -1.8860e-01  9.3997e-02 -5.9172e+00  1.5351e+01 -7.1379e+00  1.7933e+01  1.0000e+00
-1.0084e-01 -1.5841e-01 -8.6787e-02  2.2862e+00  1.8087e+01 -1.3635e+01  2.2766e+01  1.0000e+00
 3.7739e-01 -5.6679e-01  7.8663e-01  7.8139e+00 -2.1327e+01  3.3636e+01  4.0586e+01  1.0000e+00
-5.0852e-02  1.5873e-01  1.0686e-01  1.7421e+01 -6.1753e+00 -2.2963e+01  2.9478e+01  1.0000e+00
 2.6806e+00 -1.9161e+00 -4.4494e+00  6.9577e+01 -4.7482e+01 -9.5922e+01  1.2766e+02  1.0000e+00
 2.4697e-01  2.0753e-02  5.3415e-02 -1.4691e+01 -3.3116e+00  1.3959e+01  2.0534e+01  1.0000e+00
 9.6331e-02  2.6975e-01 -3.6027e-01  1.4290e+00 -3.5479e+00 -2.7057e+00  4.6851e+00  1.0000e+00
-1.7346e-02 -3.8789e-01 -2.1560e-01  3.1455e+01 -1.7123e+01 -1.4522e+01  3.8646e+01  1.0000e+00
-4.1820e-02  7.6743e-02  2.0501e-02  2.6315e+01 -1.1151e+01 -1.0973e+01  3.0614e+01  1.0000e+00
 2.3385e-01 -4.7551e-01  1.2912e-01  1.9709e+01 -6.4293e+00 -1.7135e+00  2.0802e+01  1.0000e+00
 2.5105e-01  1.4302e-02 -2.4988e-01  2.0180e+01  1.8823e+01  6.0297e+00  2.8247e+01  1.0000e+00
-9.1332e-02  1.0513e-01 -3.0429e-02  2.0797e+01 -1.6643e+00 -2.4488e+01  3.2170e+01  1.0000e+00
-1.6638e-01  2.1425e-01  7.1233e-02 -1.5112e+01  6.1629e+00 -9.5195e+00  1.8893e+01  1.0000e+00
-3.4412e-01  5.3683e-01 -4.0263e-01 -1.4330e+01  1.7482e+01 -8.8959e+00  2.4292e+01  1.0000e+00
-4.1920e-01 -1.6960e-02  1.8012e-01 -1.4995e+01  5.8885e-02 -2.5142e+00  1.5205e+01  1.0000e+00
 7.0577e-02  3.2230e-01  4.4000e-01  1.7640e+01  1.1726e+01  1.6167e+01  2.6646e+01  1.0000e+00
 1.4261e-01 -4.4074e-01  8.9183e-01  5.8804e-01 -1.8499e+01  3.3223e+01  3.8031e+01  1.0000e+00
-1.3662e-01 -9.2778e-02  2.0343e-01 -4.8034e+00  1.7109e+01 -1.1715e+01  2.1284e+01  1.0000e+00
 1.0086e-01  4.6579e-01  3.6458e-02 -4.9729e+00  1.5562e+01 -8.6458e+00  1.8484e+01  1.0000e+00
-5.1566e-01 -4.6951e-01 -5.8275e-02 -1.2251e+01 -6.4633e+00 -4.8076e-01  1.3860e+01  1.0000e+00
-1.7303e-03 -7.9095e-02 -4.2544e-02 -5.4570e+00 -1.0023e+01  1.0719e+01  1.5657e+01  1.0000e+00
 5.2322e-01 -5.3331e-02  3.5985e-01  9.1108e+00  5.3510e+00  8.0639e+00  1.3292e+01  1.0000e+00
-4.5626e-02  1.7050e-02 -4.5728e-02 -9.1088e+00 -1.0670e+01  3.4085e+01  3.6860e+01  1.0000e+00
 9.0391e-02  1.5911e-01  2.0429e-02  4.7400e+00 -1.7933e+01 -7.6598e+00  2.0068e+01  1.0000e+00
-8.2323e-01  6.8567e-01 -2.5569e-01 -3.1399e+01  2.5828e+01 -8.5351e+00  4.1543e+01  1.0000e+00
 3.6417e-01 -2.6495e-01 -1.1465e+00  1.6536e+01 -1.2096e+01 -4.9623e+01  5.3686e+01  1.0000e+00
-2.6386e-02  1.5421e-02  6.9866e-02 -2.0024e+01  2.6338e+00  7.4494e+00  2.1527e+01  1.0000e+00
-1.8080e-01 -9.6116e-01 -6.7117e-01 -3.3166e+00 -3.4646e+01 -2.4916e+01  4.2803e+01  1.0000e+00
-1.9795e-01  1.4848e-01 -1.1455e+00 -1.1942e+01  1.1605e+01 -4.8228e+01  5.1022e+01  1.0000e+00
 1.8902e-01 -6.4270e-01 -6.9304e-03  7.6434e+00 -3.7647e+01  5.2063e-01  3.8418e+01  1.0000e+00
-6.3982e-03 -3.4536e-01  1.5590e-02 -6.8758e+00  7.5944e+00  1.0414e+01  1.4609e+01  1.0000e+00
-1.2429e-01 -1.0241e-01 -9.6334e-01 -6.4709e+00 -5.1495e+00 -3.6833e+01  3.7750e+01  1.0000e+00
-3.2231e-01 -5.8313e-01 -3.6739e-01 -9.2336e+00 -1.2090e+01 -8.8966e+00  1.7623e+01  1.0000e+00
-2.1334e-01  6.3597e-02  1.5625e-01 -2.8896e+00 -3.3571e+00  1.0707e+01  1.1587e+01  1.0000e+00
 8.0458e-03 -2.7194e-02  1.9208e-01  1.9252e+00  5.0293e+00 -8.9574e+00  1.0452e+01  1.0000e+00
 1.0969e-01  2.3263e-01  8.6515e-02  3.7652e+00  9.5142e+00  1.2101e+01  1.5847e+01  1.0000e+00
 4.2620e-01 -8.4282e-01 -3.3007e-01  2.0133e+01 -2.8065e+01 -1.0144e+01  3.5998e+01  1.0000e+00
-3.7844e-02  8.2686e-02  1.0586e-01 -7.5432e-01 -2.2038e+01 -9.0383e+00  2.3831e+01  1.0000e+00
-7.4688e-02  1.4326e-01  1.0120e-01  1.4582e+01 -1.3087e+01 -8.4344e+00  2.1332e+01  1.0000e+00
-9.1661e-01 -4.6655e-01 -4.0224e-01 -3.7164e+01 -1.5658e+01 -1.1636e+01  4.1973e+01  1.0000e+00
 3.4009e-01 -2.0770e-02  1.5941e-02  3.4305e+01  1.0105e+01  2.5744e+01  4.4065e+01  1.0000e+00
-6.8404e-02 -7.3132e-03  4.0977e-02  9.9236e-01 -1.5014e+01 -6.6790e+00  1.6462e+01  1.0000e+00
 2.2680e-01 -9.8440e-01 -7.8026e-02  1.3415e+01 -4.6085e+01 -3.4053e+00  4.8118e+01  1.0000e+00
-9.2853e-02  1.5121e-01 -1.3932e-01  1.7704e+01  3.9191e+00  3.5588e+00  1.8478e+01  1.0000e+00
-4.3710e-01  3.3734e-02  6.8277e-01 -5.9717e+01 -5.8402e+00  8.8734e+01  1.0712e+02  1.0000e+00
 4.9146e-01 -1.0371e+00 -7.9692e-01  2.4415e+01 -4.2512e+01 -3.4369e+01  5.9872e+01  1.0000e+00
-2.3803e-01  2.4872e-02 -1.7402e-02  6.2872e+00 -3.0370e+00 -3.8930e+00  7.9942e+00  1.0000e+00
-1.2156e-01 -6.2564e-02  4.2987e-02 -4.4952e+01 -1.8581e+01 -9.8955e+00  4.9638e+01  1.0000e+00
-6.1690e-02  4.4893e-02 -2.6390e-02  3.9149e+01  2.7151e-01 -2.2064e+01  4.4939e+01  1.0000e+00
-2.9846e-01 -1.6508e-01 -2.7410e-01 -2.8162e+01 -1.1632e+01 -2.3526e+01  3.8495e+01  1.0000e+00
-4.6091e-03  2.9350e-02 -4.4350e-02  2.6838e+01  2.3378e+01 -2.8432e+00  3.5705e+01  1.0000e+00
-7.1210e-02  6.0646e-02  2.4952e-02  5.3114e+00 -2.0088e+00  3.5765e-01  5.6898e+00  1.0000e+00
-1.4137e-02 -1.0711e+00 -7.1316e-01 -1.0024e-01 -3.4677e+01 -2.3862e+01  4.2094e+01  1.0000e+00
 2.7041e-01  1.2359e-01 -8.9001e-02 -7.3610e+00  1.4881e+00  3.3039e+00  8.2046e+00  1.0000e+00
-1.4529e-02  1.4022e-01 -1.2016e-02 -9.5782e+00  2.2388e+01  2.3601e+01  3.3911e+01  1.0000e+00
 1.3218e-01  4.2503e-02  3.4187e-02 -2.0092e-01  1.5188e+01  2.7039e+01  3.1013e+01  1.0000e+00
 5.8809e-01  1.1400e-02  3.5320e-01  1.0611e+01  5.4973e-01  2.1747e+01  2.4204e+01  1.0000e+00
-1.9270e-01  6.2765e-02  6.0606e-02  1.9096e+01  1.7596e+01  1.0903e+01  2.8163e+01  1.0000e+00
-3.2048e+00 -3.1844e+00  1.3031e+00 -5.2092e+01 -6.3386e+01  2.9892e+01  8.7321e+01  1.0000e+00
-2.0027e-02  1.6221e-01  1.0088e-04  7.1391e+00 -8.5246e+00 -1.1228e+01  1.5802e+01  1.0000e+00
 3.5788e-03  1.7046e-02  2.3769e-02 -7.0922e+00  1.4669e+01  6.9793e-01  1.6308e+01  1.0000e+00
-2.4820e-01  1.1551e-01  6.4066e-02 -3.8901e+00 -7.0884e+00 -1.3676e+00  8.2005e+00  1.0000e+00
-8.6688e-03 -4.4934e-02 -6.8435e-03 -1.2032e+01  1.1865e+01 -4.1812e+00  1.7408e+01  1.0000e+00
 2.7372e-01  2.6565e-01 -2.7192e-01 -5.0395e+00  1.5285e+01  9.2176e-01  1.6121e+01  1.0000e+00
-4.5459e-01  3.6641e-01 -2.2395e-01 -3.2532e+00  1.5485e+01 -3.1308e+00  1.6130e+01  1.0000e+00
 5.3651e-01  3.3208e-01 -1.2695e-01  1.5416e+01  1.5683e+01  4.3987e+00  2.2427e+01  1.0000e+00
 3.7976e-02 -7.0007e-01  4.3820e-01 -4.1706e-01 -3.4694e+01  1.7044e+01  3.8657e+01  1.0000e+00
-7.7041e-01 -5.8874e-01 -3.2213e-01 -4.1351e+01 -2.7244e+01 -1.6860e+01  5.2311e+01  1.0000e+00
-3.2943e-01  6.1957e-01  6.6699e-02  2.2261e+01 -1.1338e+00  8.2442e+00  2.3765e+01  1.0000e+00
-2.3766e-01  4.5630e-02  1.2695e-01 -1.5353e+01  1.1086e+01 -7.7340e+00  2.0456e+01  1.0000e+00
 1.1131e+00 -4.8820e-01 -1.4807e-01  4.7815e+01 -1.6482e+01 -2.8614e+00  5.0657e+01  1.0000e+00
-9.8117e-02  7.6412e-01 -5.4768e-01 -1.5154e+01  8.4966e+00  3.2607e+00  1.7677e+01  1.0000e+00
 2.5168e+01 -3.1663e+01  2.1485e+01  3.8386e+02 -4.7418e+02  3.0947e+02  6.8408e+02  1.0000e+00
-5.2058e-01  3.3104e-01 -3.7512e-01 -9.7447e+00  1.8124e+01 -7.0252e+00  2.1744e+01  1.0000e+00
 4.2478e-02 -2.9578e-01  3.0476e-01  7.0140e+00  3.9339e+00  6.1277e-01  8.0651e+00  1.0000e+00
-1.4698e-01  5.4304e-02  8.0763e-02 -3.0231e+01 -1.4174e+01 -1.0562e+01  3.5020e+01  1.0000e+00
 7.7109e-01  6.9480e-01 -5.5757e-02  3.0055e+01  2.5092e+01  1.8129e+00  3.9194e+01  1.0000e+00
 3.2840e-02  9.5129e-02  4.6073e-02  3.1342e+00 -3.8421e+00 -1.9967e+01  2.0573e+01  1.0000e+00
 2.5518e-01 -1.0188e+00  1.7386e-01  6.9299e+00 -3.9665e+01  3.0496e+00  4.0381e+01  1.0000e+00
-4.1274e-02 -3.8874e-02 -1.4420e-01  2.4801e+01  1.1827e+01  1.7927e+01  3.2808e+01  1.0000e+00
 5.1768e-02  5.1898e-01 -5.9337e-01  3.6691e+00  2.1225e+01 -3.2962e+01  3.9376e+01  1.0000e+00
 2.9307e-02  6.1669e-02 -6.8064e-02  1.3391e+01 -4.1124e+00 -1.1698e+01  1.8250e+01  1.0000e+00
-5.4431e-02 -6.5157e-02 -1.7719e-02 -2.1359e+01  2.0745e+01  1.4685e+01  3.3200e+01  1.0000e+00
-7.9462e-01  3.7448e-01  9.7817e-01 -7.0296e+00 -2.8088e+00  7.4099e+00  1.0593e+01  1.0000e+00
-5.7830e-02  7.4344e-02  4.1998e-02  1.5676e+00  1.6100e+01  6.0782e+00  1.7280e+01  1.0000e+00
-3.9148e-01  2.5720e-01 -2.5513e-01 -7.2293e+00  1.7018e+01 -2.9334e+00  1.8721e+01  1.0000e+00
 1.4045e-01 -8.7763e-01  7.0542e-01  3.3933e+00 -3.7963e+01  2.9731e+01  4.8339e+01  1.0000e+00
-6.4846e-02 -4.0192e-02  1.0008e-01  9.6469e-01  1.5987e+01  2.1890e+01  2.7123e+01  1.0000e+00
 6.0368e-01  4.7692e-01 -1.7677e-01  5.2284e+00  3.3110e+01  2.8960e+00  3.3645e+01  1.0000e+00
-3.7344e-02  6.8853e-02 -5.8172e-03  1.7393e+01 -9.2446e+00  1.5953e+01  2.5348e+01  1.0000e+00
 5.3206e-01 -4.7109e-01 -8.9533e-03  2.2110e+01 -1.3457e+01  1.6361e+00  2.5935e+01  1.0000e+00
-2.5878e-01  2.1929e-01  1.2301e-01 -3.1997e+00 -1.6876e+01  1.0571e+01  2.0169e+01  1.0000e+00
 5.0086e-01 -5.1813e-01  3.0835e-01  2.6000e+01 -1.2904e+01  1.6721e+01  3.3498e+01  1.0000e+00
-4.0032e-01  2.3188e-01  2.3952e-01 -1.4877e+01  7.7806e+00  2.0135e+01  2.6216e+01  1.0000e+00
 1.5792e-02  4.1242e-02  1.0228e-01 -2.0692e+01 -2.0735e+01  1.3487e+01  3.2249e+01  1.0000e+00
 2.8801e-02  5.9270e-03 -5.8675e-03 -1.4358e+00 -6.1342e+00 -3.6880e+00  7.3001e+00  1.0000e+00
-2.7848e-01 -2.8155e-01 -1.0471e+00 -9.0715e+00 -7.3188e+00 -4.2577e+01  4.4144e+01  1.0000e+00
 5.5335e-01  1.8090e-01 -1.6456e-01  9.3593e+00  1.0501e+01 -9.2010e+00  1.6809e+01  1.0000e+00
 1.1449e+00 -1.2225e-01 -4.1837e-01  4.8603e+01 -9.2404e-01 -1.0403e+01  4.9712e+01  1.0000e+00
-2.8800e-02  1.5820e-01 -8.2707e-03 -1.4714e+01 -9.5054e+00  3.6324e+00  1.7890e+01  1.0000e+00
 2.6410e-01  2.3148e-02  8.2439e-01  1.7619e+01 -1.1805e+00  4.7672e+01  5.0838e+01  1.0000e+00
-7.6060e-01 -8.0327e-04 -3.6936e-02 -1.6884e+01  1.7593e+00  5.4390e+00  1.7826e+01  1.0000e+00
 8.3225e-01  5.0448e-01  1.8403e-01  5.9082e+00 -9.1442e-01  1.6161e+01  1.7232e+01  1.0000e+00
-6.3795e-01  1.1498e-01  8.0810e-01 -2.1806e+01  3.5639e+00  3.5122e+01  4.1493e+01  1.0000e+00
 6.7020e-01  1.3745e+00  4.6524e-01 -2.1888e+00  2.2897e+01 -1.8652e+00  2.3076e+01  1.0000e+00
-6.7771e-03 -1.4236e-01 -4.4780e-03  7.4382e-01  3.0419e+01  8.0165e+00  3.1467e+01  1.0000e+00
 7.0323e-01  3.1659e+00  2.5133e+00  4.2402e-01  6.4643e+01  4.1308e+01  7.6715e+01  1.0000e+00
-3.1468e-01  4.2272e-01 -4.6530e-01 -2.3309e+01  1.9308e+01 -1.4726e+01  3.3660e+01  1.0000e+00
 2.6957e-01  2.9896e-01 -9.6000e-02 -5.3478e+00  8.3276e+00  4.7253e+00  1.0967e+01  1.0000e+00
-3.6198e-01 -6.4598e-01 -1.0208e+00 -7.3993e-01  5.1327e+00  1.4612e+00  5.3876e+00  1.0000e+00
-4.7222e-02 -1.0190e-01 -6.7176e-02 -6.3337e+00  7.3043e+00  1.5074e+01  1.7908e+01  1.0000e+00
 4.8140e-02  3.0922e-02 -5.7162e-02  7.6255e+00  3.4059e+00  8.8396e+00  1.2161e+01  1.0000e+00
-2.8842e-01 -1.5553e-02  3.4717e-02  1.3300e+01  1.6661e+01  9.3484e+00  2.3278e+01  1.0000e+00
-6.7413e-01 -7.4814e-02  4.7504e-01 -1.7939e+01 -2.6370e+00  2.1821e+01  2.8371e+01  1.0000e+00
-6.4122e-02 -4.9542e-03 -1.3780e-01  9.7851e+00  2.3133e+01  1.2550e+01  2.8078e+01  1.0000e+00
 1.4142e-02 -7.5806e-03 -3.0545e-02 -1.5323e+01  3.1473e+01  1.2405e+01  3.7138e+01  1.0000e+00
-8.4734e-02 -1.2786e-02  2.9478e-01 -8.0427e+00  1.5083e+01 -4.5161e-01  1.7099e+01  1.0000e+00
-4.6673e-02  5.8259e-02  1.9960e-02  4.7173e+00  4.2144e+01 -6.2163e+00  4.2860e+01  1.0000e+00
-2.6354e-03  9.5989e-02 -5.7719e-03 -3.0217e+01  2.1643e+01  1.3703e+01  3.9614e+01  1.0000e+00
-3.6079e-02  2.9935e-01  9.6480e-02  1.0319e+01 -1.3673e+00  3.1245e+00  1.0868e+01  1.0000e+00
 4.9905e-01 -9.4579e-01 -3.5431e-01  1.7175e+01 -3.1694e+01 -1.4969e+01  3.9033e+01  1.0000e+00
-2.9032e-01 -3.1430e-01 -1.6409e-01 -5.0513e+00  2.7886e+00  6.5997e+00  8.7663e+00  1.0000e+00
 5.2687e-01 -4.1411e-02 -2.1528e+00  1.9301e+01  5.6834e+00 -4.2206e+01  4.6757e+01  1.0000e+00
-1.5915e-01  6.0125e-01 -6.8903e-01 -3.5221e+00  2.5891e+01 -1.9827e+01  3.2800e+01  1.0000e+00
-8.5740e-01 -4.4651e-01  1.9785e-01 -4.3981e+01 -1.6489e+01  1.0802e+01  4.8197e+01  1.0000e+00
 1.0450e+00 -1.2868e-01 -4.8505e-01  5.1028e+01 -4.9319e+00 -2.2101e+01  5.5827e+01  1.0000e+00
 4.5472e-01 -2.2985e+00  1.3485e+00  1.7830e+01 -9.8981e+01  6.1500e+01  1.1789e+02  1.0000e+00
-1.8574e-02  5.2553e-02 -3.1787e-02  6.2551e+00  1.8064e+01 -2.4618e+01  3.1169e+01  1.0000e+00
 3.3757e-02 -1.1825e-01  2.2945e-01  1.1438e+00 -2.3083e+00 -1.9083e+00  3.2060e+00  1.0000e+00
-4.5645e-02  4.1646e-02  8.1809e-02  1.2265e+01  1.8268e+01  3.3303e+00  2.2255e+01  1.0000e+00
-1.5590e-01  4.2497e-01 -5.6887e-01 -3.9009e+00  1.5956e+01 -9.9550e+00  1.9207e+01  1.0000e+00
-7.4113e-01 -6.5990e-01 -2.9714e-01 -2.5394e+01 -1.7050e+01 -1.3244e+01  3.3331e+01  1.0000e+00
 2.0646e-01  4.1714e-03  4.7294e-01  3.2874e+00  6.9315e+00  3.7443e+00  8.5365e+00  1.0000e+00
-4.4261e-01 -9.8518e-02  2.3102e-01 -1.0552e+01 -5.1977e+00 -9.0788e+00  1.4859e+01  1.0000e+00
-1.6365e-01  1.5055e-01 -3.5197e-03  1.5159e+00 -7.2697e+00 -1.8392e-01  7.4283e+00  1.0000e+00
-8.0484e-03 -1.3087e-01  3.6282e-01 -1.5532e+01  3.5524e+00  1.0521e+01  1.9093e+01  1.0000e+00
 2.7523e-01 -4.9369e-01 -6.5331e-01  1.1106e+01 -1.5902e+01 -1.7313e+01  2.5999e+01  1.0000e+00
-3.0820e-01  1.3640e-01  2.6430e-01 -2.0210e+01 -5.9083e+00  1.0447e+00  2.1082e+01  1.0000e+00
 6.3481e-02  7.7038e-03  6.6559e-02  6.9346e+00  9.4142e+00  1.1235e+01  1.6216e+01  1.0000e+00
 5.3125e-01 -5.8251e-01 -8.3414e-01  1.9302e+01 -2.0369e+01 -2.8007e+01  3.9646e+01  1.0000e+00
 5.2197e-01  1.5030e-02  1.8574e-01  9.5173e+00  7.0046e+00  2.2501e+00  1.2029e+01  1.0000e+00
-9.8851e-02 -1.4692e-02  2.0868e-01 -3.4620e+00 -1.6053e+00  1.1116e+01  1.1752e+01  1.0000e+00
 2.9499e-02  1.7396e-02  1.1254e-02 -9.6748e+00 -1.6827e+01 -2.4033e+01  3.0892e+01  1.0000e+00
-2.5892e-01 -5.4800e-01  8.0978e-01  2.8436e-01 -7.5149e+00 -5.1665e+00  9.1240e+00  1.0000e+00
-2.3636e-02  2.0752e-02 -3.9676e-02 -6.6426e-01  2.5867e+01  1.8790e+00  2.5943e+01  1.0000e+00
-8.2821e-02 -7.8436e-02 -1.2969e-03  1.2732e+01  4.6184e+00 -7.1525e+00  1.5317e+01  1.0000e+00
 4.4248e-01 -5.1354e-01 -3.3741e-01  1.5647e+01 -1.3115e+01 -4.0533e+00  2.0815e+01  1.0000e+00
 1.8354e-02  3.9058e-03 -2.0072e-03 -1.2016e+01 -2.2105e+00 -2.2987e+01  2.6032e+01  1.0000e+00
-4.6205e-02  6.4402e-02  9.5930e-02  2.9908e+01  3.6371e+00 -1.1850e+01  3.2375e+01  1.0000e+00
 8.8531e-01  3.5947e-01 -2.3216e-01  2.9072e+01  1.9373e+01 -4.1727e+00  3.5184e+01  1.0000e+00
-1.0877e-01 -9.7263e-02  1.7438e-01 -1.2340e+01  3.1002e+00 -2.0392e+01  2.4036e+01  1.0000e+00
 4.8311e-02  2.0337e-01  2.1758e-01 -2.3017e+01  1.9219e+01  1.8304e+00  3.0042e+01  1.0000e+00
-2.2016e-01  1.4093e-01  1.2911e-01  1.6918e+01  3.3646e+00 -2.7476e+00  1.7467e+01  1.0000e+00
-2.1579e-01  6.2044e-01  2.0763e-01  3.5109e+00  3.7148e+01  3.0546e+00  3.7438e+01  1.0000e+00
-2.6132e+01  3.1917e+01 -2.0609e+01 -3.7964e+02  4.7214e+02 -3.1702e+02  6.8377e+02  1.0000e+00
 4.0688e-01  2.8140e-01  2.2694e-01 -5.5509e+00  2.7936e+01  8.2114e+00  2.9643e+01  1.0000e+00
 1.0508e-01  2.4754e-02  5.8369e-02 -1.0639e+01  9.6006e+00 -1.6916e+01  2.2170e+01  1.0000e+00
 1.1829e-01 -1.0615e-01  1.4453e-01 -1.5358e+01  7.4487e+00 -1.7921e+00  1.7163e+01  1.0000e+00
 9.3516e-02 -9.3034e-02 -2.4714e-01 -4.1354e-01  1.8807e+00 -2.4376e+01  2.4452e+01  1.0000e+00
-1.0500e-01  1.8496e-01  5.0694e-01  6.3965e+00  1.2337e+01  6.8360e+00  1.5487e+01  1.0000e+00
 4.2546e-01 -7.5403e-01 -7.9241e-01  1.6783e+01 -2.5440e+01 -2.5945e+01  4.0025e+01  1.0000e+00
-5.1713e-02 -2.6025e-02  1.6000e-01 -2.0120e+00  2.9334e+01 -1.2903e+01  3.2110e+01  1.0000e+00
 5.8050e-01  1.8613e-02  3.9813e-01  1.7705e+01  1.0517e+01  5.9446e+00  2.1434e+01  1.0000e+00
-4.0594e-02  5.0663e-02 -1.8237e-02 -3.0544e+01  2.2023e+01  3.4247e+00  3.7811e+01  1.0000e+00
-8.4928e-01 -1.5260e-01  5.9346e-01 -3.8102e+01  2.0438e+00  3.2086e+01  4.9854e+01  1.0000e+00
-2.7298e-01  4.1450e-01  3.7548e-01 -1.1702e+01  1.0088e+01 -2.2347e-01  1.5452e+01  1.0000e+00
-3.8733e-02 -1.0562e-02  7.0514e-02 -1.5199e+01  3.0369e+01  4.7541e+00  3.4291e+01  1.0000e+00
-5.9954e-01  4.1652e-01 -9.3121e-01 -2.4707e+01  2.2017e+01 -3.9681e+01  5.1670e+01  1.0000e+00
 1.0183e+00 -7.9967e-01  2.1961e-01  4.0688e+01 -2.7656e+01  1.1423e+01  5.0506e+01  1.0000e+00
 7.2178e-01 -4.0417e-01  6.2541e-01  2.4957e+01 -1.5973e+01  2.7248e+01  4.0255e+01  1.0000e+00
-2.1702e-02 -9.1208e-02 -5.0130e-02 -2.7801e+01 -3.2077e+00  2.1682e+01  3.5402e+01  1.0000e+00
 2.3883e-02  3.2125e-02  1.1122e-01 -2.4276e+01  3.3850e+00  5.3024e+00  2.5078e+01  1.0000e+00
-1.7627e-01 -1.2823e-01  2.8941e-01 -6.5236e+00  1.0242e+01  1.0889e+00  1.2192e+01  1.0000e+00
-4.4335e-01  3.8080e-01  3.6528e-01 -3.1835e+01  9.3553e+00  1.2244e+01  3.5369e+01  1.0000e+00
 1.6646e-02  1.3105e-01  1.7610e-01  1.5115e+01  1.6158e+01  2.2574e-01  2.2127e+01  1.0000e+00
 4.2567e-01 -3.9853e-01 -2.4674e-01  1.4775e+01 -8.3996e+00 -2.5496e-01  1.6998e+01  1.0000e+00
-2.5735e-01  1.5679e-01  1.5415e-01 -2.7903e-01  7.9383e+00  5.3506e+00  9.5772e+00  1.0000e+00
-6.4078e-02  1.7750e-01  1.4316e-02  2.5458e+00  9.9352e+00 -1.8378e+01  2.1046e+01  1.0000e+00
-4.1462e-01 -6.2168e-02 -2.9691e-01 -2.8718e+01  1.8145e+01 -2.4414e+01  4.1833e+01  1.0000e+00
 2.5006e-01  2.0237e-01 -1.2395e-02 -1.2002e+01  1.6226e+01 -1.4955e+00  2.0238e+01  1.0000e+00
-3.1643e-01  2.3046e-01 -9.1304e-01 -1.3977e+01  9.0802e+00 -3.5288e+01  3.9027e+01  1.0000e+00
 8.2691e-01  8.7555e-01  7.9103e-01 -2.8931e+00  2.5024e+01  1.2021e+01  2.7912e+01  1.0000e+00
-6.5253e-01 -4.0717e-01 -4.5122e-01 -4.2033e+01 -9.3262e+00 -1.4553e+01  4.5448e+01  1.0000e+00
-5.4973e-01  3.2906e-02  5.2033e-02 -2.0959e+01 -1.7781e+01  5.4348e+00  2.8017e+01  1.0000e+00
-6.8188e-01  2.8955e-02  3.7319e-01 -1.3385e+01  2.9423e+00  1.5511e+01  2.0698e+01  1.0000e+00
-4.9680e-02 -1.4262e-02  1.9444e-01 -2.3562e+01  1.5127e+01  5.1965e+00  2.8478e+01  1.0000e+00
-4.3097e-01  2.8884e-01  5.3623e-02 -1.5476e+01  6.6202e+00 -4.8976e+00  1.7531e+01  1.0000e+00
 8.6745e-02  1.4393e-01 -9.4102e-02  2.4989e+00 -1.4263e+01 -1.7942e+01  2.3056e+01  1.0000e+00
-7.1589e-02  6.2026e-03  9.8446e-02  9.4249e+00 -2.7692e+01 -5.2050e+00  2.9711e+01  1.0000e+00
 7.7654e-02 -1.8026e-01 -2.9048e-01 -8.6081e+00 -1.5870e+00  8.5057e+00  1.2205e+01  1.0000e+00
 7.6997e-01 -2.5649e-01  1.6638e+00  9.1444e+00 -6.6767e+00  5.8340e+00  1.2737e+01  1.0000e+00
-9.6477e-02 -1.0889e-01 -1.5240e-02  4.0992e-01  1.5782e+01  6.1418e+00  1.6940e+01  1.0000e+00
 4.0472e-02 -7.4636e-02  8.3488e-02 -2.3397e+01 -2.2578e-01  1.3697e+01  2.7112e+01  1.0000e+00
-2.2039e+00  3.5489e+00 -2.3200e+00 -4.2689e+01  4.5205e+01 -2.7253e+01  6.7886e+01  1.0000e+00
-2.6399e-01  5.2667e-01  4.0221e-01 -4.5268e+00  1.6664e+01  1.8259e+01  2.5131e+01  1.0000e+00
-1.2555e-01 -4.2877e-01  1.4864e-01  2.5599e+01 -1.4225e+01 -3.2869e+00  2.9469e+01  1.0000e+00
-1.3703e-02  1.6808e-01 -9.0380e-02  1.2309e+01 -1.7672e+01 -6.5103e+00  2.2499e+01  1.0000e+00
 8.4733e-02 -8.0591e-02  5.1399e-02 -1.1008e+01 -1.0548e+01  9.2851e+00  1.7850e+01  1.0000e+00
-5.4774e-02 -1.0043e+00 -3.9463e-01 -1.5565e+00 -3.2026e+01 -1.5595e+01  3.5655e+01  1.0000e+00
 1.4121e-01  1.5820e-01 -2.7544e-01 -2.7038e+01 -1.9582e+01  9.5478e+00  3.4723e+01  1.0000e+00
 5.0888e-01 -7.3214e-01 -7.0243e-01  1.7166e+01 -2.7327e+01 -2.3491e+01  3.9916e+01  1.0000e+00
 2.1473e-02 -2.2360e-02 -6.7170e-02  3.0410e+00 -1.4666e+01  8.1673e+00  1.7060e+01  1.0000e+00
-1.1226e-01  1.2034e-01 -2.9432e-02  1.6792e+01  1.0862e+01 -1.3181e+00  2.0042e+01  1.0000e+00
-4.3077e-01  4.0213e-01  4.0516e-01 -3.4279e+00  3.1903e+01  1.6970e+01  3.6298e+01  1.0000e+00
 2.5198e-01 -4.8791e-01  8.6711e-01  7.2403e+00 -1.9401e+01  2.9931e+01  3.6396e+01  1.0000e+00
-4.8782e-02  5.6859e-02  5.6339e-01  1.9581e+00  1.3851e+01  1.2584e+01  1.8816e+01  1.0000e+00
 3.9510e-02  5.9096e-02  1.1821e-02 -1.6669e+01  2.7611e+01  1.4664e+00  3.2285e+01  1.0000e+00
-4.5266e-02 -5.4800e-02  9.0516e-02  4.9848e+00 -9.8152e+00  1.0697e+00  1.1060e+01  1.0000e+00
-1.3933e-02  3.2062e-01  1.7268e-01 -1.2255e+01 -9.9759e+00 -1.6793e+01  2.3059e+01  1.0000e+00
-5.7117e-01 -3.1241e-01  6.4261e-01 -2.5799e+01 -1.0231e+01  1.8789e+01  3.3516e+01  1.0000e+00
-3.9845e-02  4.2490e-02  2.5247e-02  2.2508e+01  2.3556e+00 -3.9926e+01  4.5894e+01  1.0000e+00
-4.5135e-02  5.1343e-02 -3.5376e-02 -1.2377e+01  3.0910e+01  3.0618e+00  3.3436e+01  1.0000e+00
 6.2116e-01 -9.9513e-01 -4.4112e-02  3.1317e+01 -4.0788e+01 -2.7797e+00  5.1499e+01  1.0000e+00
-1.1569e-02  9.2810e-02 -5.8603e-02 -9.5806e+00 -1.6528e+01  1.9591e+01  2.7364e+01  1.0000e+00
-1.2171e+00 -5.2921e-01  1.2437e+00 -1.0555e+01  1.9506e+00  6.4686e+00  1.2532e+01  1.0000e+00
-1.2671e-01  1.4447e-01 -4.9024e-02  2.2287e+01  1.0551e+01 -2.5557e+00  2.4791e+01  1.0000e+00
-8.0542e-02 -1.0217e-01  2.5275e-02  3.0170e+00  2.4737e+01 -1.8515e+01  3.1046e+01  1.0000e+00
 7.6257e-01 -2.8393e-01  1.7045e-01  1.9322e+01 -2.3026e+00  9.0230e+00  2.1449e+01  1.0000e+00
-4.3074e-02  1.2845e-01  1.4202e-01 -1.1317e+01  6.3867e+00  2.6117e+01  2.9171e+01  1.0000e+00
 4.9010e-01  6.5402e-02 -4.3306e-02  4.7435e+00 -3.8682e-01  7.7518e+00  9.0962e+00  1.0000e+00
 1.5189e-01  3.1670e-02 -1.2824e-01  9.5106e+00 -3.2372e+00 -1.6650e+01  1.9446e+01  1.0000e+00
 1.1035e-01  5.4828e-02  3.7479e-02 -8.7334e+00  1.1683e+01 -7.8609e+00  1.6570e+01  1.0000e+00
-1.0010e-01 -1.8896e-02 -2.8957e-01 -6.7436e+00 -1.0722e+01  3.9038e+00  1.3254e+01  1.0000e+00
 7.2285e-03 -4.0702e-03  7.8895e-02 -3.6486e-01  9.5911e+00  1.1884e+01  1.5276e+01  1.0000e+00
 6.2142e-03 -2.9086e-01  9.2667e-02  1.3145e+01  5.4786e+00 -6.6390e+00  1.5712e+01  1.0000e+00
 3.8191e-02  6.0428e-02 -8.2901e-02 -2.2030e+01  1.7259e+01  2.2199e+01  3.5721e+01  1.0000e+00
-3.1796e-01  1.1427e-01  3.6368e-02  1.1108e+01  4.7822e+00 -8.8328e-01  1.2126e+01  1.0000e+00
-1.7329e-01  1.2791e-01  8.9001e-02  2.6372e+01  1.5759e+01 -5.7306e+00  3.1252e+01  1.0000e+00
 1.7247e-01 -5.3638e-02  5.4068e-02  4.1205e+00  1.9754e+01 -3.7086e+00  2.0517e+01  1.0000e+00
-4.6671e-01 -1.9247e-01 -3.5912e-02 -2.7715e+00 -2.9151e+00 -1.1463e+01  1.2148e+01  1.0000e+00
 6.1929e-01  2.6980e-01 -6.5738e-01 -6.4683e+00  1.0216e+01 -6.1478e+00  1.3565e+01  1.0000e+00
-1.0855e-01 -1.6459e-02 -2.1685e-01  1.7456e+00 -8.8083e+00 -2.3878e+01  2.5510e+01  1.0000e+00
 1.5480e-01 -3.9018e-01 -4.8043e-02 -9.7972e+00 -8.7467e+00 -1.1315e+01  1.7336e+01  1.0000e+00
-5.7973e-02 -5.3728e-02  1.6996e-01  7.8625e+00  2.1888e+01  1.6857e+01  2.8724e+01  1.0000e+00
-4.5785e-02  8.2769e-02  2.5196e-02 -3.7662e+01 -1.7684e+00  2.0787e+01  4.3054e+01  1.0000e+00
 1.3947e-01 -1.7057e-01  2.6902e-01  8.8626e+00 -1.7809e-01 -1.7266e+01  1.9409e+01  1.0000e+00
-5.1139e-01  7.4975e-01  2.1206e+00 -5.7666e+00  9.5553e+00  2.2740e+01  2.5332e+01  1.0000e+00
 8.1470e-01  8.3116e-03 -2.2862e-03  2.6676e+01  6.2814e+00  2.8612e+00  2.7554e+01  1.0000e+00
 6.4510e-01 -2.0861e-01 -5.8859e-01  2.3249e+01 -1.1474e+01 -2.0411e+01  3.2997e+01  1.0000e+00
 2.3220e-02 -9.1694e-02 -5.0965e-02 -4.3811e+00  2.0731e+00  1.6395e+01  1.7096e+01  1.0000e+00
 4.9498e-01 -6.6399e-01 -1.0027e+00  2.4256e+01 -2.5133e+01 -3.7985e+01  5.1603e+01  1.0000e+00
-8.4668e-02  3.4881e-02 -6.4677e-02 -1.8980e+01 -1.7027e+00 -9.8098e+00  2.1433e+01  1.0000e+00
-9.1910e-02  2.6004e-02  8.6561e-02 -1.1657e+01 -4.6989e+00  2.2085e+00  1.2761e+01  1.0000e+00
 2.5364e-01  4.6224e-02  1.2385e-01 -2.2411e+00  4.1401e+00 -5.4938e+00  7.2349e+00  1.0000e+00
-7.0010e-02  5.4031e-02  3.6883e-02 -1.9910e+01  2.7160e+01  6.8317e-01  3.3683e+01  1.0000e+00
-3.5900e-01 -1.1855e-01 -3.3829e-01 -2.1221e+00  3.2802e+00 -9.4254e-01  4.0189e+00  1.0000e+00
 5.6074e-01  2.5951e-01  1.1996e-01  9.6335e+00  1.3166e+01  1.4685e+01  2.1950e+01  1.0000e+00
-7.6550e-02  9.5025e-02 -6.3363e-02  9.6563e+00 -2.1419e+01 -6.0879e+00  2.4271e+01  1.0000e+00
-2.6732e-01 -1.6421e-01 -3.0741e-02 -5.0655e+00  8.2464e+00 -1.0137e+01  1.4015e+01  1.0000e+00
 3.4449e-02 -2.7319e-02  6.7811e-03  9.4990e+00  3.5158e+01 -5.9104e+00  3.6895e+01  1.0000e+00
-1.1498e-02  2.5292e-02  1.0995e-02  1.7283e+01  8.9982e+00  9.5369e+00  2.1694e+01  1.0000e+00
-4.2648e-01  2.8098e-01  8.0882e-01 -8.6590e+00  1.1573e+01  3.4080e+01  3.7018e+01  1.0000e+00
-7.9069e-01 -8.4542e-01  2.7365e-01  1.2662e+00  1.3977e-01  1.1884e+01  1.1952e+01  1.0000e+00
 1.1695e-01 -4.5261e-02 -1.3032e-01 -5.4500e+00 -1.1919e-01  1.4487e+01  1.5479e+01  1.0000e+00
 1.4222e-02  3.9782e-02 -6.4030e-02  3.8024e+00  5.9517e+00  7.1499e+00  1.0050e+01  1.0000e+00
-7.0465e-01  1.5571e-01  3.1513e-01 -1.5563e+01  1.5359e+01  1.8088e+01  2.8378e+01  1.0000e+00
 9.1307e-01 -2.2153e+00  3.2701e+00  1.5883e+01 -4.0088e+01  7.2020e+01  8.3942e+01  1.0000e+00
 8.5612e-01  1.6693e-01  7.0286e-01  3.7068e+01  7.6357e+00  3.4433e+01  5.1167e+01  1.0000e+00
 3.9195e-01 -5.6208e-01 -2.0516e-01  1.2662e+01 -1.2635e+01 -7.4839e+00  1.9390e+01  1.0000e+00
 6.7294e-02 -3.1188e-02 -1.5365e-02 -2.3895e+00 -7.1352e+00 -8.3344e-01  7.5707e+00  1.0000e+00
-6.6778e-02  4.3593e-02  4.5172e-01  6.5805e+00 -5.3057e+00  2.8390e+00  8.9170e+00  1.0000e+00
-2.1703e-01 -1.0544e-04  8.8635e-01 -1.0392e+01  6.1577e+00  4.2988e+01  4.4653e+01  1.0000e+00
-8.6418e-01 -9.1486e-01 -1.1000e+00 -2.5343e+01 -5.3551e+00 -2.4460e+01  3.5627e+01  1.0000e+00
 3.7066e-01  4.0340e-01 -4.7025e-01  9.7942e+00  1.9242e+01 -1.2201e+01  2.4800e+01  1.0000e+00
-2.1410e-01 -8.6062e-02  1.5002e-01  1.8532e+01  8.1978e+00  5.1547e+00  2.0910e+01  1.0000e+00
-5.1116e-02  5.7268e-01 -2.3595e-01 -7.5052e+00  1.3021e+01  1.2011e+00  1.5077e+01  1.0000e+00
 5.9374e-02 -2.2133e-02 -1.1919e-01 -8.2490e+00 -3.8836e+00 -1.9460e+01  2.1490e+01  1.0000e+00
 6.6142e-02  5.4987e-01  2.4698e-01  7.6325e+00  2.5704e+01  1.0032e+01  2.8628e+01  1.0000e+00
-1.4606e-01 -2.7533e-01 -1.0838e-01 -6.5509e+00  6.1794e+00  2.4267e+00  9.3267e+00  1.0000e+00
-5.2757e-02  1.1998e-01  1.3281e-01 -4.7512e+00 -1.2792e+01 -2.0045e+01  2.4248e+01  1.0000e+00
-3.8899e-01  1.0019e+00 -2.1429e-01 -1.3898e+01  4.3883e+01 -5.2913e+00  4.6335e+01  1.0000e+00
-4.5897e-01 -1.5328e-01 -5.7216e-01  1.9530e+01 -1.4459e+01 -1.7800e+00  2.4365e+01  1.0000e+00
-8.2247e-01 -3.2204e-01 -1.2800e-01 -3.1717e+01 -3.3009e+00 -7.1002e+00  3.2669e+01  1.0000e+00
 5.9205e-01  3.5010e-02  3.3004e-01  1.4985e+01 -3.5912e+00  1.7644e+01  2.3426e+01  1.0000e+00
-8.6687e-01 -2.4835e-01  4.0337e-01 -2.6371e+01 -1.1936e+01  1.6218e+01  3.3180e+01  1.0000e+00
-1.7512e-01  1.5472e-01 -1.1677e-01 -8.6312e+00 -5.6411e+00 -6.4275e+00  1.2150e+01  1.0000e+00
 1.1780e+00  3.4356e-01  1.1858e-01  4.8695e+01  1.7604e+01  4.4480e+00  5.1970e+01  1.0000e+00
 2.9893e-01  6.4482e-01 -1.3025e-01  2.2639e+01  3.3626e+01  2.3085e+00  4.0602e+01  1.0000e+00
-7.6656e-01 -5.8472e-01 -3.5714e-01 -3.8041e+01 -2.4012e+01 -1.0787e+01  4.6261e+01  1.0000e+00
-8.0128e-02  3.9651e-01  2.9353e-01  2.5270e+01  1.0679e+01 -1.3279e+01  3.0479e+01  1.0000e+00
-8.3670e-01 -2.5465e-01 -1.9101e-01 -4.3251e+01  8.2761e-02 -1.0647e+01  4.4543e+01  1.0000e+00
-6.8454e-02  2.3533e-01  4.8158e-01  1.3521e+01  4.4081e+00  1.0207e+01  1.7505e+01  1.0000e+00
 3.2991e-01  3.7853e-01 -5.7721e-01  6.4172e+00  1.7702e+01 -1.4491e+01  2.3760e+01  1.0000e+00
-2.7819e-01  8.4918e-01 -5.5684e-01 -9.1503e+00  3.2470e+01 -1.5671e+01  3.7197e+01  1.0000e+00
 7.7100e-02 -6.5425e-02 -2.0506e-02  1.5749e+01 -2.1935e+01  1.1802e+01  2.9470e+01  1.0000e+00
-1.1620e-01 -2.2740e-01  1.9587e-02 -2.1140e-01  1.8264e+01  2.3928e-01  1.8267e+01  1.0000e+00
-1.7313e-01 -1.1487e-01  1.8702e-02 -2.4885e+01 -2.1924e+01 -3.1901e+01  4.6017e+01  1.0000e+00
 1.5650e-01 -5.7134e-02 -2.6020e-01  3.2266e+00  4.3601e+00 -3.0694e+00  6.2324e+00  1.0000e+00
-1.7408e-01 -1.3986e-01 -1.0301e+00  1.1950e+01 -1.2816e+01 -1.3252e+01  2.1970e+01  1.0000e+00
-5.0698e-01 -2.8289e-01  3.8106e-01 -7.7907e+00 -6.0673e+00  1.0946e+01  1.4742e+01  1.0000e+00
-2.2216e-01 -2.8602e-01  2.4063e-01 -5.1206e+00  6.1196e+00  1.0485e+01  1.3176e+01  1.0000e+00
-4.5696e-01 -1.7310e-01 -6.4993e-01 -2.9624e+01 -1.4421e+01 -5.1346e+01  6.1008e+01  1.0000e+00
-1.0930e+00 -5.6549e-01 -1.2592e-02 -5.0842e+01 -1.7291e+01 -1.2164e+00  5.3716e+01  1.0000e+00
-6.6607e-02 -4.2509e-01 -2.0015e-01  5.9545e+00 -2.4234e+01 -2.0119e+01  3.2055e+01  1.0000e+00
 1.2498e+00  2.5666e-02 -3.7240e-02  5.1485e+01  8.6072e+00 -5.5631e+00  5.2495e+01  1.0000e+00
-3.6128e-01 -9.5325e-02 -1.4660e-01  1.0915e+00 -1.3832e+00  4.8636e+00  5.1730e+00  1.0000e+00
 1.1484e-01 -5.1778e-02 -2.4576e-01 -2.1795e+00 -5.8551e+00  1.7149e+01  1.8252e+01  1.0000e+00
-2.2460e-01 -1.1241e-01  8.6958e-02 -9.1393e-01 -2.9126e+00  1.4731e+01  1.5044e+01  1.0000e+00
-5.7246e-01 -2.1142e-01  1.6120e-01 -9.0246e+00 -1.0369e+01  6.4635e+00  1.5190e+01  1.0000e+00
 5.6052e-03  1.7114e-01 -8.7517e-02 -2.7617e+01  9.9167e+00  7.6488e+00  3.0324e+01  1.0000e+00
-2.5396e-03  6.0797e-02 -1.1133e-01 -1.4047e+00 -7.5043e+00  1.7186e+01  1.8805e+01  1.0000e+00
 1.4209e-01 -8.4996e-02  1.0214e-01 -1.6139e+01  2.5498e+01  6.4384e+00  3.0856e+01  1.0000e+00
-6.4846e-01  6.4630e-01 -2.8494e-01 -2.6820e+01  2.3078e+01 -4.9178e+00  3.5722e+01  1.0000e+00
-5.9231e-02  1.0006e-02  6.7486e-03  6.0169e+00 -2.3026e+01 -1.0981e+00  2.3824e+01  1.0000e+00
-9.1658e-01 -1.6313e-01  9.3924e-02 -3.0696e+01 -9.0657e+00  8.1214e-01  3.2017e+01  1.0000e+00
-3.8963e-03  1.2128e-01 -1.0863e-01  1.5278e+00 -8.0620e+00 -3.0421e+01  3.1508e+01  1.0000e+00
 2.6978e-01  6.2345e-02  2.7032e-02 -1.4291e+01 -8.4587e+00 -1.4903e+00  1.6674e+01  1.0000e+00
-2.9404e-02  4.5900e-02 -1.5053e-02  3.2142e+01 -2.0584e+01 -6.3859e+00  3.8698e+01  1.0000e+00
 5.7739e-03  2.0007e-01  1.2224e-01 -3.7682e+00 -6.6862e-02  1.1025e+01  1.1651e+01  1.0000e+00
 3.8776e-01 -1.0778e+00 -5.2069e-01  1.6275e+01 -4.1666e+01 -1.9553e+01  4.8818e+01  1.0000e+00
-8.4618e-01 -3.0656e-01  7.6248e-01 -3.7658e+01 -7.2684e+00  3.3842e+01  5.1149e+01  1.0000e+00
 3.6036e-01 -1.1347e-01  1.9818e-01  4.5237e+00 -1.7939e+01  1.3327e+00  1.8548e+01  1.0000e+00
-2.2621e-01 -3.5336e-01 -7.5255e-01 -1.0149e+01 -8.6274e+00 -2.0866e+01  2.4755e+01  1.0000e+00
 7.4747e-01 -2.8794e-01  2.0602e-01  2.0801e+01 -1.2038e+01 -2.0797e-01  2.4034e+01  1.0000e+00
 4.2049e-02  1.9493e-01  2.2398e-01  7.4514e+00 -1.3937e+01 -6.7910e+00  1.7201e+01  1.0000e+00
-6.7687e-02 -6.8702e-01 -4.3167e-01 -5.4632e+00 -3.6089e+01 -2.4914e+01  4.4192e+01  1.0000e+00
-2.6572e-01  5.5006e-01 -6.2113e-01 -1.0705e+01  1.8684e+01 -1.9584e+01  2.9107e+01  1.0000e+00
-2.5860e-01  4.5614e-01 -4.2619e-01 -1.0126e+01  7.8024e+00 -1.0584e+01  1.6596e+01  1.0000e+00
 7.5715e-01  1.7081e-01  8.3245e-02  1.7655e+01  9.0561e+00 -7.3657e-01  1.9856e+01  1.0000e+00
 1.0205e-01 -1.2399e-01  7.6363e-02 -1.0701e+01  4.5050e-02  4.7020e+00  1.1688e+01  1.0000e+00
-3.2823e-01  8.7436e-01 -4.8156e-01 -7.7373e+00  3.8031e+01 -1.4064e+01  4.1279e+01  1.0000e+00
 7.1387e-01 -1.5788e-01 -1.5137e-01  2.0208e+01  2.3018e+00 -7.9643e+00  2.1843e+01  1.0000e+00
-4.9999e-01 -1.7963e-02  2.6964e+00  1.4746e+00  5.4833e+00  3.3251e+01  3.3732e+01  1.0000e+00
-3.2761e-04 -7.3759e-01 -2.0853e-01 -2.7241e+00 -1.9586e+01 -2.0132e+00  1.9877e+01  1.0000e+00
-3.3303e-01 -9.6257e-02 -1.0581e-01  4.0749e+00  7.3554e+00  7.0419e+00  1.0968e+01  1.0000e+00
-1.6746e-01 -2.3856e-02 -5.1924e-02 -8.9801e+00  1.2298e+01  2.3794e+00  1.5412e+01  1.0000e+00
 1.4293e-01 -3.3850e-02 -8.7149e-02  2.3078e+00 -8.7426e+00  1.9593e+01  2.1578e+01  1.0000e+00
 1.4031e-01  4.7914e-01  3.7337e-01  1.6202e+01  3.3122e+01  2.2668e+01  4.3283e+01  1.0000e+00
-5.6289e-02  3.2822e-01 -1.4869e-01  1.0011e+00 -5.5788e+00  4.9495e+00  7.5248e+00  1.0000e+00
 1.4896e-01  7.9275e-02  6.3819e-02 -1.7212e+01  1.0404e+01 -6.6538e-01  2.0123e+01  1.0000e+00
 3.1229e-04  2.3270e-01 -1.3150e-01 -1.2405e+01  1.6659e+01  1.1181e+01  2.3588e+01  1.0000e+00
 3.3953e-02 -1.0702e-02 -3.1484e-03  2.2620e+01  1.3278e+01 -3.5040e+00  2.6462e+01  1.0000e+00
 3.7598e-02  1.5494e-01  3.0105e-03 -2.4099e+01 -1.1969e+01 -1.8012e+01  3.2380e+01  1.0000e+00
-1.1567e-01  5.8182e-02  5.9736e-02  1.3081e+01 -1.5656e+01  3.5600e+00  2.0710e+01  1.0000e+00
 6.8121e-01 -5.8341e-01 -2.3412e-01  2.5621e+01 -1.8968e+01 -4.3253e+00  3.2170e+01  1.0000e+00
-1.7588e-01  2.1818e-02  6.7117e-02 -5.2765e+00 -1.4211e+01 -2.1019e+01  2.5915e+01  1.0000e+00
 2.7037e+00 -3.3538e+00  1.9870e+00  2.5944e+01 -5.1418e+01  3.3098e+01  6.6426e+01  1.0000e+00
 1.0346e-01  2.5715e-01 -1.4314e+00  1.7933e+00 -7.3919e+00 -1.0163e+01  1.2695e+01  1.0000e+00
 1.6995e-01 -4.7463e-01 -1.2472e+00  3.2759e+00 -1.7019e+01 -4.8368e+01  5.1380e+01  1.0000e+00
-4.3116e-02 -5.0059e-01 -7.9866e-01 -1.3566e+01 -2.1586e+01 -3.6639e+01  4.4637e+01  1.0000e+00
-8.6203e-02 -7.8254e-01  8.4547e-02 -3.8300e+00 -4.2176e+01  5.1247e+00  4.2658e+01  1.0000e+00
-9.6278e-01 -6.5061e-01 -3.1419e-01 -4.9464e+01 -2.5460e+01 -1.2573e+01  5.7035e+01  1.0000e+00
-1.1202e-01  2.2275e-02  2.9353e-02 -1.9442e+01  2.5166e+01  1.1137e+01  3.3695e+01  1.0000e+00
-7.6231e-01 -2.0966e-01 -2.8860e-01 -4.4011e+01 -1.1037e+01 -9.5345e+00  4.6365e+01  1.0000e+00
-2.3182e-01  1.1990e-01  4.4328e-01 -1.9251e+01  7.3767e+00  1.0541e+01  2.3155e+01  1.0000e+00
-2.3841e-01 -1.2145e-01 -1.1390e-01 -1.2901e+01  1.4187e+01  1.0466e+01  2.1846e+01  1.0000e+00
-3.9517e-02  1.1735e-01  3.3664e-02  3.7025e+00  6.2330e-01  3.9685e+01  3.9862e+01  1.0000e+00
-3.0470e-01  2.2988e-01 -2.6798e-01 -1.5875e+01 -1.6149e+01  2.1715e+01  3.1374e+01  1.0000e+00
 6.6323e-02  6.3882e-02  1.1452e-04  1.3915e+01  1.7215e+00  1.2605e+01  1.8854e+01  1.0000e+00
