# limit = 2.36902
#
# x           y           z           vx          vy          vz          s           m
 7.6494e-01 -9.0418e-01 -1.3434e+00  2.6078e+00 -8.0706e+00 -3.0058e+00  8.9983e+00  1.0000e+00
-4.3269e-01  1.1208e-01  5.5334e-02 -5.6051e+00 -7.6310e+00  4.7278e+00  1.0583e+01  1.0000e+00
 2.0868e+00 -6.1713e-02  3.9301e-01  3.9197e+01  1.2978e+00  7.7490e+00  3.9977e+01  1.0000e+00
-1.2135e-01 -7.0276e-02 -4.6821e-02 -2.7637e+00 -4.4559e+00 -8.5731e+00  1.0049e+01  1.0000e+00
-1.5591e+00  6.8395e-01  1.0795e+00 -3.3523e+01  1.2745e+01  2.0123e+01  4.1124e+01  1.0000e+00
 6.3516e-01 -3.5338e-01  2.0303e+00  1.4114e+01 -4.7667e+00  4.1040e+01  4.3660e+01  1.0000e+00
 2.0500e-01 -1.6305e+00 -1.2699e+00  3.1269e+00 -3.3473e+01 -2.3374e+01  4.0946e+01  1.0000e+00
 1.2830e-01 -5.4909e-01 -5.3986e-02 -3.4447e+00  2.9690e+00 -3.6205e+00  5.8128e+00  1.0000e+00
-3.5306e+00  2.4758e+00  6.9579e+00 -4.5726e+01  3.3517e+01  1.0502e+02  1.1934e+02  1.0000e+00
-9.2346e-02  2.1173e-01  5.0712e-03  4.8060e+00  1.1465e+01 -1.2335e+01  1.7513e+01  1.0000e+00
 8.6774e-01  7.6691e-01  7.2049e-01  1.2482e+01  1.3953e+01  9.6416e+00  2.1058e+01  1.0000e+00
-1.2752e-01  5.4401e-02  5.7261e-02 -3.6770e+00  4.2577e+01 -1.8677e+01  4.6638e+01  1.0000e+00
 3.6762e-01  7.7263e-01  7.2038e-01  7.8997e+00  6.0038e+00  1.3916e+01  1.7091e+01  1.0000e+00
 4.3244e-02  8.3369e-02  3.1327e-03  6.7261e+00  3.9707e+01  1.8727e+01  4.4414e+01  1.0000e+00
-1.4001e-01  6.9415e-02 -1.5132e-02 -3.6075e+00 -7.3523e+00  4.7872e+01  4.8568e+01  1.0000e+00
-7.3906e-01  1.3514e-01 -1.0738e+00 -1.8875e+01 -2.8509e+00 -1.6310e+01  2.5107e+01  1.0000e+00
 1.2102e+00 -1.2676e+00 -1.3381e+00  2.4136e+01 -2.4513e+01 -2.8263e+01  4.4523e+01  1.0000e+00
 8.5021e-02 -7.5511e-02  4.6702e-02 -1.5004e+01 -2.0829e+01  5.3886e+00  2.6230e+01  1.0000e+00
-2.0084e-01  9.7951e-02  2.5689e-01  4.4424e+00  1.6135e+01  2.0675e+01  2.6599e+01  1.0000e+00
 4.8183e+00  4.3752e+00 -2.0788e+00  7.3904e+01  5.9308e+01 -2.5392e+01  9.8102e+01  1.0000e+00
-3.0913e-01  1.0800e-01  6.0152e-02 -2.0317e+01 -2.6146e+00  8.6141e+00  2.2222e+01  1.0000e+00
-1.6241e-01 -2.3942e-02  2.1318e-01 -5.0633e+00  6.1424e-01  6.7197e+00  8.4361e+00  1.0000e+00
-9.6213e-02  2.5581e-01  8.5027e-02  1.4116e+01  6.8987e+00 -2.3215e+01  2.8032e+01  1.0000e+00
-8.8757e-01  1.4604e+00 -1.6571e+00 -1.7193e+01  3.2984e+01 -3.3208e+01  4.9863e+01  1.0000e+00
-1.8010e-02  1.8992e+00 -8.8926e-01 -8.8638e-01  3.8540e+01 -1.7102e+01  4.2173e+01  1.0000e+00
-2.0498e-02 -2.8299e-01 -8.2373e-01 -1.2109e+01  4.9054e+00 -2.5934e+01  2.9039e+01  1.0000e+00
 8.8485e-01 -1.3698e+00  3.7675e-01  1.2934e+01 -3.2051e+01  6.3899e+00  3.5148e+01  1.0000e+00
 2.3285e+00 -5.1402e-01 -2.2292e+00  7.6201e+01 -2.0033e+01 -7.3531e+01  1.0777e+02  1.0000e+00
 6.3879e-02 -2.1626e+00 -2.8618e+00  2.2031e+00 -4.3257e+01 -5.7050e+01  7.1629e+01  1.0000e+00
-1.4685e-01  2.7602e-01  1.2871e-02 -1.6725e+01  8.1017e+00  1.5846e+01  2.4423e+01  1.0000e+00
 7.7545e-02 -1.5937e-02 -1.7704e-01 -1.9413e+01 -8.3638e-01  1.4644e+01  2.4331e+01  1.0000e+00
-9.6874e-02  2.0780e-02 -2.7059e-03  2.2683e+01 -7.8340e+00 -2.5395e+01  3.4940e+01  1.0000e+00
 2.7666e-02  6.3259e-02 -7.7942e-02 -2.5910e+01 -6.9317e+00  1.1548e+01  2.9202e+01  1.0000e+00
-8.7574e-02  1.9891e-02  8.1165e-04 -2.4936e+01  1.4876e+01 -1.7783e+01  3.4049e+01  1.0000e+00
-1.8360e-01  1.6397e-01  1.6044e-02 -5.7156e+00 -3.6271e+00  2.1469e+01  2.2511e+01  1.0000e+00
 6.7534e-02 -2.7314e-03 -3.5509e-02  6.7270e+00  2.2458e+00 -3.0035e+01  3.0861e+01  1.0000e+00
 1.5897e+00  2.9515e-01 -6.1135e-01  2.6264e+00 -1.6398e+00 -5.7059e-01  3.1484e+00  1.0000e+00
-1.8243e+00  3.4775e+00 -4.8726e+00 -2.8757e+01  5.5126e+01 -6.8538e+01  9.2538e+01  1.0000e+00
 8.8668e-03  4.5716e-02  3.6781e-01  7.0734e+00  2.4214e+00  3.0202e+01  3.1114e+01  1.0000e+00
 1.3978e+00 -4.5160e-01  1.1350e+00  2.4904e+01 -5.2707e+00  2.0635e+01  3.2769e+01  1.0000e+00
 1.0341e+00  8.7308e-01 -2.4006e-01  1.8372e+01  1.6224e+01  8.1295e-01  2.4524e+01  1.0000e+00
-6.8984e-01  2.0572e-01  1.7661e-01 -5.5485e-01  4.2850e+00  9.9363e+00  1.0835e+01  1.0000e+00
 5.0265e-02  1.7804e-01 -6.6700e-02  1.5490e+01 -2.3024e+00  2.5124e-02  1.5660e+01  1.0000e+00
 1.8385e-01 -7.6193e-01  2.1679e+00  4.4068e+00 -1.3441e+01  4.3769e+01  4.5997e+01  1.0000e+00
 1.9245e+00  9.3031e-01  1.1707e-01  4.2397e+01  2.1211e+01  3.3921e+00  4.7528e+01  1.0000e+00
-1.4799e-01 -1.4014e+00  5.0339e-02  2.6767e+00 -3.1051e+01  5.1362e+00  3.1586e+01  1.0000e+00
-1.7683e-01  1.2707e-01  4.5163e-02  9.2708e+00 -6.8487e+00 -3.5290e+01  3.7124e+01  1.0000e+00
 5.0137e-01 -1.0025e+00 -4.4393e-01  1.0526e+01 -1.3224e+01 -2.8952e+00  1.7148e+01  1.0000e+00
 1.3352e+00 -4.7280e-01  5.5033e-01  2.4081e+01 -8.9154e+00  1.0102e+01  2.7594e+01  1.0000e+00
-3.4803e-01  1.1695e-01  8.4895e-01  5.3762e+00 -1.6240e+00  9.5055e+00  1.1041e+01  1.0000e+00
-7.6507e-02  4.7941e-02  1.6304e-01 -1.6232e+01  8.3462e+00 -6.4329e+00  1.9352e+01  1.0000e+00
-1.1224e-01  7.1328e-02  2.3162e-01 -2.5809e+01  1.3540e+01  4.5505e+00  2.9498e+01  1.0000e+00
-6.2348e-01 -7.9105e-01  8.2687e-01 -8.8085e+00 -1.5245e+01  1.4029e+01  2.2513e+01  1.0000e+00
-1.1995e-01  7.7984e-02 -1.0484e-02 -4.7499e+01  1.1861e+01 -2.3671e+01  5.4380e+01  1.0000e+00
 1.6194e-01 -6.0207e-01 -1.7181e-01 -3.8556e+00 -3.1163e-01 -1.1375e+01  1.2015e+01  1.0000e+00
-2.6129e-01  1.5412e-01 -2.3109e-01 -2.1704e+01 -1.3923e+00  7.6323e-01  2.1762e+01  1.0000e+00
-1.6632e-01  9.4429e-02  4.2497e-02 -1.5280e+01 -1.4756e+01  2.1469e+01  3.0202e+01  1.0000e+00
-2.7457e-01  6.8376e-01 -2.9625e-01 -1.0559e+01 -3.1363e-01  4.3340e+00  1.1418e+01  1.0000e+00
-2.4358e-01  4.1161e-02 -3.9982e-02 -1.4197e+01 -5.3717e+00 -4.0432e-01  1.5185e+01  1.0000e+00
 7.1987e-01 -1.8034e-01  1.5948e+00  1.1067e+01 -5.8445e+00  3.3435e+01  3.5701e+01  1.0000e+00
-3.9996e-02  1.7648e-01  1.6160e-01 -1.3683e+01  6.5479e+00  2.3192e+01  2.7712e+01  1.0000e+00
-2.0380e-02 -1.0083e-01 -1.1830e-01  4.9846e+00  3.3006e+01 -5.0526e+00  3.3761e+01  1.0000e+00
-6.0259e-03  1.4229e-01  6.2208e-02  2.4358e+01  9.1728e+00  7.8464e+00  2.7185e+01  1.0000e+00
-7.0954e-02  4.8185e-03  2.5219e-02  1.9156e+00 -1.3321e+01  8.3985e+00  1.5863e+01  1.0000e+00
 1.1041e+00 -3.7870e-01  2.8063e-01  1.5739e+01 -1.0927e+00  4.6589e+00  1.6450e+01  1.0000e+00
 2.6867e-01 -1.9023e-01  7.7930e-02  4.5293e+00 -4.4780e+00 -4.1222e+00  7.5868e+00  1.0000e+00
-7.4945e-02  1.8584e-01 -3.9945e-02 -3.0093e+01 -1.1211e+01 -1.0092e+01  3.3662e+01  1.0000e+00
-1.0585e-01  1.1575e-01 -7.9376e-02 -1.7075e+00  1.9889e+01 -2.1046e+01  2.9007e+01  1.0000e+00
-6.5090e-01  1.0596e-01 -6.3163e-02  6.3090e+00  4.6253e+00 -2.8989e+00  8.3427e+00  1.0000e+00
 1.3781e-01  2.0308e-01  1.7414e-01 -1.5434e+01 -1.7848e+01 -8.3726e+00  2.5037e+01  1.0000e+00
 1.8665e+00  2.9980e-01  4.0510e-01  3.8812e+01  4.6289e+00  7.1740e+00  3.9740e+01  1.0000e+00
 8.7484e-03  4.4773e-02  1.7899e-01  6.5465e+00 -1.8280e-01  1.9443e+01  2.0516e+01  1.0000e+00
-2.5704e-01  6.7810e-01 -2.6033e-01  2.3358e+00 -1.0375e-01 -1.5430e+00  2.8014e+00  1.0000e+00
-4.5692e-03 -2.4604e-01 -2.0687e-01  4.0976e-01  1.7520e+01  9.8180e+00  2.0088e+01  1.0000e+00
 3.3115e-02  1.0597e-01  5.6229e-01  7.9276e+00 -9.6251e-01 -9.2929e+00  1.2253e+01  1.0000e+00
-1.0597e-01  1.2486e-01  2.9393e-02 -3.9954e+00 -2.9610e+01  8.9783e+00  3.1198e+01  1.0000e+00
 1.7858e-02 -6.3850e-02  1.2432e-01 -4.8585e+00 -2.3451e+00 -3.8609e+00  6.6341e+00  1.0000e+00
 2.0693e-01 -3.9125e-01 -7.6059e-01  1.7531e+00 -6.4052e+00 -3.5232e+00  7.5175e+00  1.0000e+00
 2.0957e+00 -1.1718e+00 -2.7392e-01  4.4768e+01 -2.1517e+01 -5.2742e+00  4.9950e+01  1.0000e+00
-1.4219e+00 -9.6384e-01 -6.9403e-01 -2.7747e+01 -1.7959e+01 -1.1103e+01  3.4867e+01  1.0000e+00
-1.5188e-01 -1.6603e-02 -2.9068e-01  6.7927e+00  1.1395e+01  1.6476e+01  2.1153e+01  1.0000e+00
-6.0749e-02  8.4415e-02 -8.4913e-02 -1.1665e+00 -3.3421e+00  2.3905e+01  2.4166e+01  1.0000e+00
 4.5818e-01 -2.4530e-01 -4.8339e-01  1.4399e+01 -7.2756e+00 -1.1940e+01  2.0071e+01  1.0000e+00
 9.2192e-01  4.4718e-01  1.0224e+00  1.3637e+01  1.0861e+01  1.7233e+01  2.4514e+01  1.0000e+00
-2.9791e-02  1.1410e-01  3.5593e-02 -3.4283e+01 -3.2128e-01  7.4142e+00  3.5077e+01  1.0000e+00
-3.7830e-02  1.3782e-01  5.3140e-02  6.7237e+00 -1.2355e+01 -2.7267e+01  3.0681e+01  1.0000e+00
-2.5473e-01  6.4001e-01 -7.0279e-01 -1.3735e+00  7.6329e+00 -4.5323e+00  8.9827e+00  1.0000e+00
 6.5595e-01 -4.4376e-01  5.5753e-01  1.3627e+01 -1.0090e+01  1.0899e+01  2.0156e+01  1.0000e+00
-1.2171e-01  3.1636e-01  1.5128e-01  3.3023e+00  1.9502e+01  1.5628e+01  2.5208e+01  1.0000e+00
-1.8482e-01 -2.3452e-02 -4.2717e-02  1.1437e+01 -2.3269e+01 -3.4196e+00  2.6152e+01  1.0000e+00
 6.1583e-01 -5.3167e-01  5.6256e-01  1.2126e+01 -8.0750e+00  1.4713e+01  2.0706e+01  1.0000e+00
-7.5082e-02 -3.4140e-02  1.4376e-01  8.4636e-02 -6.6796e+00 -2.2934e+01  2.3887e+01  1.0000e+00
-3.4915e-02 -1.3821e-01  3.9084e-02  7.4074e+00 -1.7348e+01 -1.2948e+00  1.8907e+01  1.0000e+00
-1.2840e-01  1.0401e-01  3.0839e-02  5.3359e+00  2.5162e+01 -6.0449e+00  2.6423e+01  1.0000e+00
-6.0563e-01  1.0059e+00 -8.7749e-02 -8.3714e+00  1.2196e+01  2.7753e+00  1.5051e+01  1.0000e+00
-8.0949e-02  9.4236e-03  1.1411e-02  1.1194e+01 -3.2018e+01 -1.5270e+01  3.7198e+01  1.0000e+00
-5.0902e-02 -9.1370e-02  2.1183e-01 -4.1797e+00  1.0445e+01  2.1797e+01  2.4529e+01  1.0000e+00
-7.8172e-01 -1.2457e+00 -1.3717e+00 -1.5304e+01 -2.2290e+01 -2.4746e+01  3.6652e+01  1.0000e+00
 2.2215e-01 -6.3189e-01 -2.7097e+00  3.3322e+00 -6.1942e+00 -2.8004e+01  2.8873e+01  1.0000e+00
-7.0541e-01  4.7937e-01 -2.2779e-01 -4.2114e+00  2.2411e+01 -1.5129e+01  2.7366e+01  1.0000e+00
-1.7221e-01  8.5198e-02 -3.5467e-03  1.9296e+01  1.0479e+01 -3.2683e+00  2.2200e+01  1.0000e+00
 7.4645e-02 -1.3949e-01 -3.2004e-02  1.5479e+01 -1.7911e+01 -8.3220e-01  2.3687e+01  1.0000e+00
 8.4351e-01 -7.1142e-01 -1.1741e-02  1.2368e+01 -8.2680e+00 -3.1758e+00  1.5212e+01  1.0000e+00
 7.8803e-01 -5.4887e-01  2.8898e-01  8.2558e+00 -1.9592e+00  3.5456e+00  9.1960e+00  1.0000e+00
 1.9585e+00  5.3667e-01  8.3587e-03  3.7837e+01  1.4692e+01 -1.4083e+00  4.0614e+01  1.0000e+00
-1.3810e-01  5.3275e-01 -3.6709e-01 -1.6682e+00 -2.9480e+00  3.4254e+00  4.8173e+00  1.0000e+00
 1.4569e+00  2.9010e-02  1.6340e+00  2.7887e+01  1.6429e+00  3.1407e+01  4.2033e+01  1.0000e+00
-5.1353e-02  1.8715e-01  1.4581e-01  2.3771e+01 -5.9427e+00  2.1376e+01  3.2516e+01  1.0000e+00
-4.5910e-01 -4.0952e-01  5.1238e-01 -8.8545e+00  1.6378e+01 -4.7972e+00  1.9226e+01  1.0000e+00
-2.1591e+00  3.1891e-01  4.5941e-01 -4.5263e+01  9.7076e+00  1.0305e+01  4.7425e+01  1.0000e+00
-2.3971e-01  1.2042e+00 -2.5750e-01 -6.1298e+00  1.5992e+01  1.2339e+00  1.7171e+01  1.0000e+00
 6.1938e-01 -9.6198e-01  1.4849e+00  9.6159e+00 -1.5351e+01  3.1369e+01  3.6223e+01  1.0000e+00
 7.2475e-01 -6.6160e-01  1.3739e+00  1.1613e+01 -1.1828e+01  2.4564e+01  2.9634e+01  1.0000e+00
 1.1754e+00 -1.3259e+00 -5.9613e-01  2.0743e+01 -2.4463e+01 -8.5931e+00  3.3205e+01  1.0000e+00
 1.0372e+00 -8.1346e-01  2.5497e-01  1.4407e+01 -1.0463e+01  4.3255e+00  1.8323e+01  1.0000e+00
-4.3037e-02  1.0824e-02  1.5937e-01 -7.3072e+00  2.5025e+00 -1.1028e+00  7.8021e+00  1.0000e+00
 1.9166e-02  1.9887e-01 -4.9965e-03 -1.3706e+01  2.7200e+01  3.1093e+00  3.0617e+01  1.0000e+00
-7.7777e-02  3.8065e-02 -6.4031e-02  4.4593e+00 -2.9353e+01 -6.2835e+00  3.0348e+01  1.0000e+00
-1.2847e-01  1.2787e-01  1.3205e-01  1.7202e+01  1.3363e+01 -3.2452e+01  3.9084e+01  1.0000e+00
-1.0193e-01  1.2337e-01  1.4737e-01  1.2139e+01  6.3533e+00  1.4565e+00  1.3778e+01  1.0000e+00
 5.0220e-02  1.8362e-01 -9.6894e-03 -1.9432e+01  1.2406e+01  1.7048e+00  2.3118e+01  1.0000e+00
 4.1471e-02  9.9102e-02 -7.5711e-02  3.4922e+01  1.7878e+01 -1.3947e+01  4.1638e+01  1.0000e+00
-2.8232e+00  1.0810e+00  8.9358e-01 -5.6936e+01  2.3801e+01  2.1898e+01  6.5481e+01  1.0000e+00
-1.9496e-01  2.2961e-01  3.1491e-02  1.3395e+00  1.8845e+00 -9.4433e-01  2.4975e+00  1.0000e+00
 4.1673e-02 -2.6872e-02  7.7885e-02 -5.6751e+00 -1.6295e+01 -2.0391e+01  2.6711e+01  1.0000e+00
-1.4865e-01  1.0383e-01  6.2031e-02 -1.6560e+01  8.5957e+00 -4.1354e+01  4.5369e+01  1.0000e+00
 1.0495e+00 -1.1710e+00 -6.1864e-01  2.4454e+01 -1.9374e+01 -8.3400e+00  3.2294e+01  1.0000e+00
-2.8275e-01  2.7161e-01 -9.1442e-03  8.2976e-01  3.8896e+00 -1.1027e+01  1.1723e+01  1.0000e+00
 8.3037e-01 -8.0907e-01  1.5210e+00  1.6032e+01 -1.3305e+01  3.4375e+01  4.0195e+01  1.0000e+00
 2.6637e-02  3.0000e-01 -8.6587e-02 -1.0842e+01  1.8410e+01 -2.7711e+00  2.1544e+01  1.0000e+00
-1.4917e-01 -4.3650e-01 -1.6673e+00 -5.5139e+00 -7.3476e+00 -2.8569e+01  3.0010e+01  1.0000e+00
 1.1283e+00 -5.2083e-01  1.8526e-01  1.2551e+01 -1.0472e+01  8.4544e+00  1.8403e+01  1.0000e+00
-2.6418e-01  8.4070e-02  1.8255e-01 -1.0411e+01 -4.0735e+00  1.6696e+01  2.0094e+01  1.0000e+00
-8.8249e-02  2.7583e-02  1.0401e-02  2.1766e+01 -1.8868e+01  2.8041e+01  4.0201e+01  1.0000e+00
-1.4876e-01  3.3426e-04  1.9378e-02 -9.6047e+00 -4.5640e+01  1.8388e+00  4.6676e+01  1.0000e+00
-3.6951e-01  6.6030e-01  5.4057e-01 -1.4173e+00  1.9960e+01 -1.0864e+00  2.0040e+01  1.0000e+00
-4.6582e-02 -8.2981e-02  7.4306e-02 -9.4238e+00  4.6639e+00  1.1650e+00  1.0579e+01  1.0000e+00
-7.5676e-02  7.7514e-02  1.4664e-01 -3.2012e+01 -1.9827e+01  2.4694e+01  4.5030e+01  1.0000e+00
 1.0972e+00 -7.4132e-01 -9.7244e-02  1.6004e+01 -1.0630e+01  3.6775e+00  1.9562e+01  1.0000e+00
-2.0001e-01 -4.9608e-01  1.4899e+00 -5.3999e+00 -1.4155e+01  3.2127e+01  3.5520e+01  1.0000e+00
 7.3171e-01  5.5577e-02  9.5818e-02 -7.2255e-01  3.9228e+00  2.5503e+00  4.7344e+00  1.0000e+00
-1.7393e-01  1.3674e-01  2.5814e-01 -5.0184e+00  2.5232e+01  1.8934e+01  3.1943e+01  1.0000e+00
-2.5323e+00 -1.6098e-01 -1.0076e+00 -3.9239e+01  8.9279e+00 -1.0740e+01  4.1651e+01  1.0000e+00
 3.3106e-02  2.1301e-01  8.9738e-02  9.3957e+00  7.1461e+00  4.0870e+00  1.2492e+01  1.0000e+00
-1.0212e-01  5.9760e-02 -2.3070e-02  2.2026e+01 -2.4780e+01  1.6751e+01  3.7145e+01  1.0000e+00
-2.8698e-02 -5.1743e-02  7.6034e-02 -6.8502e+00  1.0190e+01  7.0720e+00  1.4169e+01  1.0000e+00
-5.8097e-01 -4.3079e+00 -4.2291e+00 -1.5103e+01 -4.5420e+01 -5.2945e+01  7.1373e+01  1.0000e+00
 1.9927e+00 -1.7917e+00  5.3905e-01  3.7814e+01 -3.3558e+01  9.4547e+00  5.1434e+01  1.0000e+00
 2.5713e-01  4.3836e-01 -1.8483e-01 -3.9741e+00 -7.2621e-01 -4.4578e+00  6.0161e+00  1.0000e+00
 3.4875e-01 -3.8749e-01 -1.0386e+00  6.7972e+00 -1.6507e+00 -1.2729e+01  1.4524e+01  1.0000e+00
 3.6475e-02  1.1913e-01  1.3436e-01 -1.7836e+01  1.5228e+00 -1.7763e+01  2.5218e+01  1.0000e+00
 1.7475e-01 -7.3069e-01 -9.0081e-01  4.6121e+00 -6.3426e+00 -1.2443e+01  1.4708e+01  1.0000e+00
-3.5755e-02 -1.5834e-01 -4.7750e-01  2.6864e+00 -8.0386e-01  1.0180e+01  1.0559e+01  1.0000e+00
-2.8390e-03  1.0146e-01 -5.0303e-02  3.9006e+00  6.9220e+00 -2.1670e+01  2.3081e+01  1.0000e+00
-1.0806e+00  1.4818e+00 -9.6803e-01 -2.1831e+01  3.4094e+01 -1.8142e+01  4.4364e+01  1.0000e+00
-1.0611e-01  2.2595e-01  5.7632e-02 -1.9235e+01  3.7178e+00  1.1249e+01  2.2591e+01  1.0000e+00
 7.6849e-02  2.6296e-02  4.1279e-01  5.0797e+00  1.0849e+01 -1.5746e+01  1.9785e+01  1.0000e+00
-5.2404e-02  4.1762e-02  1.1391e-01 -3.3815e+01  5.5589e+00 -1.0782e+01  3.5925e+01  1.0000e+00
-1.7470e-01 -6.6820e-02 -1.0781e-01 -2.1713e+01 -1.0849e+01  3.3149e+00  2.4498e+01  1.0000e+00
-1.3968e-01  1.0209e-01  1.5660e-01  2.9618e+01  1.2241e+01  1.5804e+01  3.5733e+01  1.0000e+00
-1.0290e-01  8.5041e-02 -4.3209e-02 -2.3142e+00  2.4600e+01  2.0365e+01  3.2019e+01  1.0000e+00
-9.9401e-02  9.7375e-02  2.9087e-01  1.0405e+01  4.5562e+00 -2.8717e+01  3.0882e+01  1.0000e+00
 7.6610e-02  1.5386e-02  8.6942e-02 -1.8505e+01  3.2460e+00  1.5305e+01  2.4233e+01  1.0000e+00
 1.2322e-01  1.5996e-01  4.8242e-02  1.3659e+01 -1.2884e+01  1.3238e+01  2.2974e+01  1.0000e+00
-1.0817e-01  1.2695e-01  2.5337e-01 -1.5023e+01 -1.6328e+01  8.5793e+00  2.3789e+01  1.0000e+00
 5.8580e-01 -1.0437e+00  1.4372e+00  1.1269e+01 -1.9731e+01  2.8137e+01  3.6166e+01  1.0000e+00
-1.1088e-01  1.7876e-02 -2.0102e-02 -8.4494e+00  2.6918e+01  3.0897e+01  4.1841e+01  1.0000e+00
 4.2105e+00 -2.9602e+00 -6.5582e+00  6.9455e+01 -4.7398e+01 -9.5728e+01  1.2741e+02  1.0000e+00
-9.0496e-02  1.7818e-01 -1.0227e-01  2.0371e+01 -2.3597e-04  2.6652e+00  2.0544e+01  1.0000e+00
 1.6938e-02  4.0762e-02 -1.0527e-01 -1.4042e+01 -1.3267e+01  3.6085e+01  4.0931e+01  1.0000e+00
 6.2196e-01 -6.4305e-01 -4.5646e-01  2.7196e+01 -8.6944e+00 -8.4945e+00  2.9789e+01  1.0000e+00
-1.4095e-01  2.1648e-01  3.4571e-02  6.1525e+00  1.0217e+00 -4.1174e+00  7.4733e+00  1.0000e+00
 5.8108e-01 -4.9577e-01  5.6979e-02  1.2421e+01  2.8427e+00 -3.8813e+00  1.3321e+01  1.0000e+00
 4.3422e-01  3.7958e-01  2.5080e-02 -9.5061e-01  1.2990e+01  1.4948e+01  1.9826e+01  1.0000e+00
-3.2801e-02 -3.1993e-02  1.8772e-01 -2.5219e+01  1.5647e+01  2.2046e+00  2.9761e+01  1.0000e+00
 1.2239e-01  1.0871e-03  1.7148e-01  1.6533e+01  8.3598e+00  2.1453e+01  2.8345e+01  1.0000e+00
-5.9909e-01  8.2976e-01 -5.4766e-01 -9.5132e+00  1.0152e+01 -4.6799e+00  1.4679e+01  1.0000e+00
-4.7116e-01  1.1013e-02  4.0792e-02  1.1398e+01  3.0202e+00 -7.3926e+00  1.3917e+01  1.0000e+00
 3.9941e-01  4.8821e-01  6.6076e-01  1.2520e+01  4.6723e+00  5.6793e+00  1.4520e+01  1.0000e+00
 1.6159e-01 -8.2300e-01  1.5661e+00  1.0637e+00 -1.6523e+01  2.8880e+01  3.3289e+01  1.0000e+00
 8.0721e-02  1.8607e-01 -1.0844e-01  6.4835e+00 -1.1900e+01  7.7167e+00  1.5595e+01  1.0000e+00
-5.8793e-02  5.6328e-01 -1.3129e-01 -8.5511e+00 -5.8070e+00 -5.5864e+00  1.1749e+01  1.0000e+00
-6.9706e-01 -5.1707e-01 -5.8373e-02 -4.8138e+00  1.4283e+00  4.8386e-01  5.0445e+00  1.0000e+00
-1.0055e-01  4.8773e-02 -1.3599e-02 -1.0093e+01 -3.4337e+01  1.0364e+01  3.7260e+01  1.0000e+00
 6.4940e-01  9.2177e-02  4.6593e-01  2.3856e+00  6.9953e+00  2.0988e+00  7.6832e+00  1.0000e+00
-1.3728e-01  3.4574e-02 -1.1688e-01 -6.4913e+00 -6.6530e+00  9.7253e-01  9.3458e+00  1.0000e+00
-3.3537e-01  2.7664e-02  9.1535e-02 -5.9762e-01  1.8087e+01  7.4949e+00  1.9588e+01  1.0000e+00
-1.4639e+00  1.2166e+00 -4.3205e-01 -2.7520e+01  2.2943e+01 -7.6309e+00  3.6632e+01  1.0000e+00
 7.1309e-01 -5.2690e-01 -2.1981e+00  1.5400e+01 -1.1758e+01 -4.6570e+01  5.0440e+01  1.0000e+00
 6.6975e-02  1.4401e-02  1.5476e-01 -7.9572e+00 -3.0110e+00  7.8777e+00  1.1595e+01  1.0000e+00
-2.3895e-01 -1.6836e+00 -1.1924e+00 -2.1367e+00 -3.1576e+01 -2.2806e+01  3.9009e+01  1.0000e+00
-4.5288e-01  3.9458e-01 -2.1585e+00 -1.1334e+01  1.0889e+01 -4.4578e+01  4.7268e+01  1.0000e+00
 3.3572e-01 -1.3767e+00  1.0101e-03  6.0927e+00 -3.0685e+01  2.2645e-01  3.1285e+01  1.0000e+00
-8.1858e-02  2.6124e-01 -4.4207e-02  3.6803e+00  1.7096e+01 -2.8162e+01  3.3150e+01  1.0000e+00
-2.5920e-01 -2.3723e-01 -1.7146e+00 -5.7796e+00 -6.3509e+00 -3.2156e+01  3.3282e+01  1.0000e+00
-4.8288e-01 -7.6973e-01 -5.1538e-01 -5.7632e+00 -5.6306e+00 -5.0406e+00  9.5040e+00  1.0000e+00
-4.4516e-02  1.0693e-01 -4.2571e-02 -1.3463e+01 -9.7518e+00  1.5532e+01  2.2751e+01  1.0000e+00
-1.2185e-01  9.8821e-02  3.5463e-02  1.2114e+01 -1.2457e+01  4.1781e+01  4.5250e+01  1.0000e+00
-1.7919e-01 -3.7283e-02 -4.7086e-02 -1.7210e+01 -1.4652e+01 -2.7693e+01  3.5746e+01  1.0000e+00
 8.5025e-01 -1.4104e+00 -5.4188e-01  1.8596e+01 -2.4258e+01 -9.2976e+00  3.1948e+01  1.0000e+00
-7.5890e-02  1.3079e-01  1.9282e-01 -3.0122e+00 -2.4316e+00  2.9727e+01  2.9978e+01  1.0000e+00
-2.9713e-02  3.1468e-02 -9.2312e-03 -1.3589e+01  2.2214e+01  2.8367e+01  3.8507e+01  1.0000e+00
-1.6750e+00 -7.9710e-01 -6.3413e-01 -3.2632e+01 -1.4520e+01 -9.8884e+00  3.7060e+01  1.0000e+00
 9.3656e-01  2.2715e-01  5.1203e-01  2.2874e+01  1.0625e+01  2.0224e+01  3.2328e+01  1.0000e+00
-7.4739e-02  7.9975e-02  1.9141e-01 -2.3414e+01 -2.9556e+00  8.2940e-01  2.3615e+01  1.0000e+00
 5.1206e-01 -1.9400e+00 -1.5082e-01  1.2636e+01 -4.1683e+01 -3.2244e+00  4.3676e+01  1.0000e+00
-1.7824e-01 -1.2486e-01  2.6561e-01 -2.0274e+01 -1.2834e+00  1.1172e+00  2.0345e+01  1.0000e+00
-1.7228e+00 -9.1715e-02  2.5827e+00 -5.7798e+01 -5.6563e+00  8.5277e+01  1.0317e+02  1.0000e+00
 1.0141e+00 -1.9405e+00 -1.5297e+00  2.3297e+01 -4.0110e+01 -3.2594e+01  5.6692e+01  1.0000e+00
 4.3181e-02  1.7058e-01  1.3760e-01 -2.0643e+01 -2.7507e+00 -2.0280e+00  2.0924e+01  1.0000e+00
-7.0107e-01 -1.7569e-01 -1.7547e-01 -1.6773e+01 -1.1316e-01 -7.8363e+00  1.8514e+01  1.0000e+00
 7.2050e-02  6.6666e-02  1.1747e-01 -3.3163e+01 -4.8619e-01  4.0424e+00  3.3412e+01  1.0000e+00
-8.0876e-01 -3.4265e-01 -6.7956e-01 -2.0062e+01 -6.3088e+00 -1.5420e+01  2.6078e+01  1.0000e+00
-5.8714e-02  1.4461e-01  4.2004e-02  9.7645e+00  1.1586e+01  1.3658e+01  2.0399e+01  1.0000e+00
-8.3426e-02  4.5880e-02  3.7745e-03  4.4383e+00 -1.6073e+01  9.1109e+00  1.9001e+01  1.0000e+00
-1.5116e-02 -1.7903e+00 -1.2127e+00 -1.8097e-02 -3.1238e+01 -2.1878e+01  3.8137e+01  1.0000e+00
-2.9965e-01 -2.0368e-02  9.7706e-02 -1.1938e+01  4.1902e+00  1.2164e-01  1.2652e+01  1.0000e+00
 3.7031e-02 -4.3882e-03 -3.9922e-02 -5.6977e-02  1.0287e+01  7.0617e+00  1.2477e+01  1.0000e+00
-1.0143e-01  4.1319e-02 -1.1915e-01  2.5848e+01 -5.9967e+00 -1.1125e+01  2.8773e+01  1.0000e+00
 7.9027e-01  1.5981e-02  7.0390e-01  5.3468e+00 -1.6175e+00  1.5900e+01  1.6853e+01  1.0000e+00
 1.4926e-02 -1.1113e-01 -1.4316e-01 -1.9115e+01 -5.3642e+00 -3.2781e+00  2.0123e+01  1.0000e+00
-4.3484e+00 -4.5765e+00  1.9597e+00 -5.1853e+01 -6.3143e+01  2.9789e+01  8.6967e+01  1.0000e+00
-5.9692e-02  1.9854e-01  5.9623e-02 -1.4537e-01  2.9655e+01 -1.3007e+01  3.2382e+01  1.0000e+00
 4.1873e-03  4.9417e-02  4.5307e-02  1.6221e+01  5.1457e+00 -1.9162e+00  1.7125e+01  1.0000e+00
 4.4074e-02  1.4991e-01  3.0257e-02 -1.8571e+01  1.3282e+01  2.0412e+00  2.2922e+01  1.0000e+00
-3.8970e-02 -2.8593e-02  9.3522e-03  1.9630e+00 -1.4939e+01 -9.6551e+00  1.7896e+01  1.0000e+00
 2.3077e-02  4.1903e-01 -9.7701e-02 -1.6712e+01 -4.1116e+00  1.4700e+01  2.2634e+01  1.0000e+00
-4.0682e-01  5.7873e-01 -2.3760e-01  6.4045e+00  2.4844e+00  2.2737e+00  7.2360e+00  1.0000e+00
 7.7445e-01  6.0971e-01 -1.1068e-02  7.2579e+00  1.0160e+01  5.7626e+00  1.3751e+01  1.0000e+00
 2.7579e-02 -1.3973e+00  7.7537e-01 -4.6827e-01 -2.9688e+01  1.4214e+01  3.2918e+01  1.0000e+00
-1.5732e+00 -1.0898e+00 -6.0780e-01 -3.6314e+01 -2.2841e+01 -1.2124e+01  4.4581e+01  1.0000e+00
 1.9082e-01  3.9270e-01  2.0667e-01  2.1021e+01 -2.1206e+01  2.8018e+00  2.9990e+01  1.0000e+00
 6.2657e-02 -9.6745e-03  1.0190e-01 -4.2451e+00 -9.6275e+00  2.3342e+01  2.5604e+01  1.0000e+00
 2.1211e+00 -8.3759e-01 -2.0552e-01  4.4463e+01 -1.5492e+01 -2.4733e+00  4.7150e+01  1.0000e+00
-4.2400e-01  8.6632e-01 -4.2502e-01 -1.3966e+01  1.0063e+00  7.5198e+00  1.5893e+01  1.0000e+00
 3.3617e+01 -4.2100e+01  2.8297e+01  3.8386e+02 -4.7418e+02  3.0947e+02  6.8408e+02  1.0000e+00
-6.3781e-01  6.7566e-01 -4.6298e-01 -1.9181e+00  1.3472e+01 -1.7669e+00  1.3722e+01  1.0000e+00
 3.5811e-02  5.0282e-02  6.0626e-02 -2.5134e+01  2.7061e+01 -2.9266e+01  4.7122e+01  1.0000e+00
-5.7450e-02  1.9880e-02 -5.4490e-02  2.8308e+01  2.2188e+01  2.2489e+01  4.2420e+01  1.0000e+00
 1.3886e+00  1.2018e+00 -1.3008e-02  2.6644e+01  2.1655e+01  2.0057e+00  3.4393e+01  1.0000e+00
-8.1605e-02  1.7289e-01  1.6101e-01  2.6578e+01  2.5441e+01  4.4081e+00  3.7055e+01  1.0000e+00
 3.9743e-01 -1.8355e+00  2.2734e-01  6.1642e+00 -3.5361e+01  2.0271e+00  3.5951e+01  1.0000e+00
-2.3882e-01  1.6458e-02  2.6465e-02  1.0739e+00 -2.2278e+01 -1.7586e+01  2.8403e+01  1.0000e+00
 1.1434e-01  9.3534e-01 -1.2488e+00  2.3593e+00  1.7453e+01 -2.7640e+01  3.2775e+01  1.0000e+00
-1.2851e-01  1.4213e-01  4.4341e-02  1.9913e+01  1.0787e+00 -2.9706e+01  3.5780e+01  1.0000e+00
-2.5102e-02 -4.2179e-02 -5.8270e-02 -6.2855e+00 -1.5773e+01  7.4162e+00  1.8528e+01  1.0000e+00
-9.1416e-01  2.9314e-01  1.0965e+00 -4.0337e+00 -4.3352e+00  3.5967e+00  6.9283e+00  1.0000e+00
-1.0893e-01  5.0084e-02  2.5850e-02 -1.8441e-01  1.0374e+01 -9.9004e+00  1.4341e+01  1.0000e+00
-4.1953e-01  5.4572e-01 -2.1906e-01  3.7915e+00  1.0692e+01  4.7514e+00  1.2299e+01  1.0000e+00
 2.1173e-01 -1.6712e+00  1.3293e+00  3.1521e+00 -3.4799e+01  2.7436e+01  4.4426e+01  1.0000e+00
-1.5119e-01 -1.7521e-02 -4.7783e-02 -2.4015e+00 -7.1972e+00  1.4516e+01  1.6379e+01  1.0000e+00
 6.5825e-01  1.1320e+00 -1.0777e-01  7.0129e-01  2.7406e+01  3.6092e+00  2.7651e+01  1.0000e+00
-1.5416e-01  6.3146e-02  4.2155e-02 -6.1536e+00  1.5562e+00 -1.0676e+01  1.2420e+01  1.0000e+00
 9.1538e-01 -7.1396e-01  7.9730e-02  1.3340e+01 -9.1488e+00  4.2494e+00  1.6725e+01  1.0000e+00
 7.5322e-02  8.2869e-02 -1.1490e-01 -3.2919e+00  2.3701e+01 -1.3101e+01  2.7281e+01  1.0000e+00
 1.0238e+00 -7.4461e-01  6.2771e-01  2.2051e+01 -8.5464e+00  1.3013e+01  2.6993e+01  1.0000e+00
-5.7316e-01  3.1337e-01  5.7547e-01 -2.7751e+00  6.5904e-01  1.0901e+01  1.1268e+01  1.0000e+00
-2.0182e-02  2.0633e-01  1.0656e-01  1.1287e+01 -9.9117e-02  3.1272e+01  3.3246e+01  1.0000e+00
-1.1580e-01  4.5600e-02 -2.1703e-02 -2.7288e+00  1.0466e+01 -5.8677e+00  1.2305e+01  1.0000e+00
-4.5950e-01 -4.2954e-01 -1.9302e+00 -7.6960e+00 -6.3541e+00 -3.8441e+01  3.9715e+01  1.0000e+00
 6.3399e-01  3.7071e-01 -3.1043e-01 -8.7785e-01  6.9004e+00 -4.3269e+00  8.1919e+00  1.0000e+00
 2.1671e+00 -1.4131e-01 -6.3711e-01  4.5078e+01 -8.3279e-01 -9.6270e+00  4.6102e+01  1.0000e+00
-2.0274e-01  1.3761e-01 -1.8432e-02 -2.0378e+01  3.2453e+01 -8.7847e+00  3.9315e+01  1.0000e+00
 6.3472e-01 -1.0430e-02  1.8064e+00  1.6373e+01 -1.7925e+00  4.2699e+01  4.5766e+01  1.0000e+00
-1.0010e+00  3.5949e-02  8.9928e-02 -6.0612e+00  1.7105e+00  5.7436e+00  8.5236e+00  1.0000e+00
 8.9459e-01  4.3988e-01  5.1558e-01  1.4755e-02 -4.5420e+00  1.3882e+01  1.4606e+01  1.0000e+00
-1.0793e+00  1.8657e-01  1.5282e+00 -1.8941e+01  3.1043e+00  3.1035e+01  3.6491e+01  1.0000e+00
 6.0854e-01  1.8456e+00  4.1490e-01 -3.2873e+00  2.0081e+01 -2.6106e+00  2.0515e+01  1.0000e+00
-4.6554e-02  1.6579e-01  2.9402e-02 -5.3185e+00 -3.7059e+01 -1.1483e+00  3.7457e+01  1.0000e+00
 7.1169e-01  4.5843e+00  3.4191e+00  3.5577e-01  6.4281e+01  4.1035e+01  7.6263e+01  1.0000e+00
-7.5488e-01  7.9583e-01 -7.0356e-01 -1.7629e+01  1.5070e+01 -8.2051e+00  2.4601e+01  1.0000e+00
-1.1141e-01  1.5189e-01  9.2551e-02 -3.1421e+01 -3.8481e+01  2.4472e+00  4.9739e+01  1.0000e+00
-3.5687e-01 -4.9833e-01 -9.3900e-01  1.0707e+00  8.2898e+00  5.6022e+00  1.0062e+01  1.0000e+00
 3.8178e-02  3.5211e-01  2.6264e-01  1.6221e-01  7.8155e+00 -4.4343e+00  8.9873e+00  1.0000e+00
-1.6791e-02  6.2622e-02  9.6574e-02  4.8263e+00  5.3481e+00  8.2071e+00  1.0920e+01  1.0000e+00
 1.9992e-01  1.7634e-01 -1.3741e-01  4.0051e+00 -2.5732e+00 -1.4198e+01  1.4975e+01  1.0000e+00
-9.9558e-01 -1.1833e-01  8.9271e-01 -1.2264e+01 -1.4967e+00  1.6855e+01  2.0899e+01  1.0000e+00
-9.3761e-02 -1.8968e-02  1.8567e-01 -9.9217e+00 -3.7739e+00 -2.5445e+01  2.7570e+01  1.0000e+00
-6.6792e-02  5.0488e-02  1.1876e-01 -3.9880e+00  2.1986e+01  3.3297e+00  2.2592e+01  1.0000e+00
-1.7116e-02  2.8072e-02 -2.1209e-01  8.1177e+00 -1.7878e+01 -7.4806e+00  2.1011e+01  1.0000e+00
-7.2363e-02 -6.4079e-02  1.4441e-01  7.3795e+00 -2.0347e+00  2.7968e+00  8.1498e+00  1.0000e+00
-3.8353e-02  1.2100e-01  5.2156e-02 -1.7133e+01  1.0070e+00 -7.1214e+00  1.8582e+01  1.0000e+00
-2.0423e-01 -1.4184e-03  2.0837e-03 -6.6680e+00  1.0922e+01 -3.5309e+00  1.3275e+01  1.0000e+00
 8.5055e-01 -1.5847e+00 -6.6642e-01  1.5223e+01 -2.7197e+01 -1.3550e+01  3.3986e+01  1.0000e+00
-1.4800e-01  5.7241e-02  8.1203e-02  2.9233e+01  4.1235e+01  8.7206e+00  5.1292e+01  1.0000e+00
 9.4639e-01  8.2640e-02 -3.0635e+00  1.8862e+01  5.5889e+00 -4.0741e+01  4.5242e+01  1.0000e+00
-2.3476e-01  1.1165e+00 -1.0585e+00 -3.3494e+00  2.1603e+01 -1.4788e+01  2.6393e+01  1.0000e+00
-1.7709e+00 -7.7765e-01  4.2092e-01 -3.9896e+01 -1.4164e+01  9.6948e+00  4.3431e+01  1.0000e+00
 2.1319e+00 -2.3289e-01 -9.4350e-01  4.8245e+01 -4.5965e+00 -2.0039e+01  5.2443e+01  1.0000e+00
 8.4561e-01 -4.4683e+00  2.6970e+00  1.7715e+01 -9.8333e+01  6.1116e+01  1.1713e+02  1.0000e+00
-1.2950e-01  3.5571e-02  1.3131e-01  6.2421e-01 -2.2380e+00 -1.3113e+01  1.3317e+01  1.0000e+00
-8.1460e-02  2.2649e-01  7.6589e-02  3.7556e+00  3.6921e+00  1.4797e+01  1.5706e+01  1.0000e+00
-1.0724e-01  1.6766e-01  5.8715e-02  8.3624e+00  7.7578e+00  1.6287e+01  1.9884e+01  1.0000e+00
-2.7951e-01  6.9736e-01 -6.5593e-01 -6.4130e+00  7.4247e+00 -3.3379e-01  9.8165e+00  1.0000e+00
-1.2887e+00 -9.7391e-01 -5.9070e-01 -2.4374e+01 -1.2795e+01 -1.3171e+01  3.0517e+01  1.0000e+00
 1.5393e-01  1.4871e-01  3.4798e-01 -9.7150e+00  5.4003e+00 -1.6124e+01  1.9584e+01  1.0000e+00
-4.4050e-01 -9.6512e-02 -4.6808e-02  1.1576e+01  6.2250e+00 -1.2697e+01  1.8275e+01  1.0000e+00
-2.4794e-02  2.4985e-02  4.6474e-02 -3.5296e+01  1.5237e+01 -9.9467e+00  3.9711e+01  1.0000e+00
-2.8220e-01  7.9194e-02  2.5150e-01 -2.2693e+00  1.3087e+01 -2.2676e+01  2.6280e+01  1.0000e+00
 4.9149e-01 -8.0400e-01 -9.7620e-01  8.8546e+00 -1.2721e+01 -1.2762e+01  2.0077e+01  1.0000e+00
-4.7389e-01 -3.1375e-02  1.0097e-01  5.6821e+00 -6.3276e+00 -1.3577e+01  1.6021e+01  1.0000e+00
-1.2948e-01  9.7622e-02  9.3171e-02  3.2080e+01 -6.6788e+00  4.3888e+00  3.3060e+01  1.0000e+00
 9.2820e-01 -1.0171e+00 -1.4141e+00  1.6945e+01 -1.9161e+01 -2.5308e+01  3.5983e+01  1.0000e+00
 5.5068e-01  1.2445e-01  2.2575e-01 -5.5817e+00  3.6732e+00  8.9726e-01  6.7419e+00  1.0000e+00
 3.6571e-02  1.6035e-01 -1.6874e-01  5.6652e+00  6.4652e+00 -2.2855e+00  8.8947e+00  1.0000e+00
-4.9073e-02  2.5249e-01  2.5132e-01  3.4993e+00  7.6923e+00  3.2780e+00  9.0643e+00  1.0000e+00
-2.3529e-01 -6.5874e-01  6.2905e-01  1.6657e+00 -2.4036e+00 -1.0842e+01  1.1230e+01  1.0000e+00
-5.7290e-02  1.2558e-01  1.0060e-01  8.5517e+00  7.0743e+00  7.8485e+00  1.3593e+01  1.0000e+00
-1.6928e-01  6.8387e-02  1.1222e-01 -1.0858e+01 -1.5760e+01 -1.9335e+01  2.7205e+01  1.0000e+00
 7.2239e-01 -7.4747e-01 -3.7197e-01  9.9354e+00 -8.6675e+00  2.5370e-01  1.3187e+01  1.0000e+00
-4.3260e-02 -7.6651e-03  3.6124e-02 -1.3156e+01 -2.4096e+00 -1.1126e+01  1.7398e+01  1.0000e+00
-1.7510e-01  9.9112e-03  4.3108e-03  5.8156e+00  7.0268e+00  2.8042e+01  2.9489e+01  1.0000e+00
 1.4677e+00  7.5860e-01 -3.0360e-01  2.4648e+01  1.7224e+01 -2.6477e+00  3.0186e+01  1.0000e+00
 8.2052e-02  2.6474e-01 -2.7566e-02  9.3105e+00 -3.7185e+00  1.2299e+01  1.5867e+01  1.0000e+00
-2.8178e-01  9.6543e-02 -4.6068e-02  1.0152e+01 -2.3125e+01 -1.4169e+01  2.8958e+01  1.0000e+00
-6.8453e-02 -5.4417e-02 -1.2911e-02 -1.6876e+01  1.7591e+01  1.2844e+01  2.7554e+01  1.0000e+00
-1.1754e-01  1.3221e+00  2.4398e-01  4.8714e+00  2.8351e+01  8.6206e-01  2.8780e+01  1.0000e+00
-3.4488e+01  4.2309e+01 -2.7586e+01 -3.7964e+02  4.7214e+02 -3.1702e+02  6.8377e+02  1.0000e+00
 1.7478e-01  7.7952e-01  3.3703e-01 -1.3500e+01  1.7664e+01  2.6218e+00  2.2386e+01  1.0000e+00
 1.7928e-02  1.1690e-01  4.4039e-02  6.5060e+00  2.4915e+01 -1.8222e+01  3.1545e+01  1.0000e+00
-4.4632e-01  4.4421e-01 -9.5994e-02 -1.9817e+01  2.0174e+01 -3.5047e+00  2.8495e+01  1.0000e+00
-2.3159e-03  5.2847e-02 -4.4373e-01 -7.0784e+00  8.0677e+00  3.5159e+00  1.1294e+01  1.0000e+00
 6.2857e-02  3.5259e-01  4.5677e-01  7.0267e+00  2.1045e+00 -1.0645e+01  1.2927e+01  1.0000e+00
 7.8876e-01 -1.2789e+00 -1.3195e+00  1.6367e+01 -2.2740e+01 -2.2457e+01  3.5907e+01  1.0000e+00
-6.7234e-02  4.3402e-02 -9.8265e-02 -1.4579e+00 -8.8815e+00  3.1159e+01  3.2432e+01  1.0000e+00
 8.4452e-01  1.3548e-01  4.2367e-01  7.8702e+00  4.5808e+00 -7.0903e-01  9.1338e+00  1.0000e+00
-8.9924e-02 -7.5125e-02 -2.4468e-02 -7.8539e+00  5.2549e+00  5.9272e-01  9.4683e+00  1.0000e+00
-1.6372e+00 -1.0244e-01  1.2640e+00 -3.4340e+01  2.3435e+00  2.9447e+01  4.5298e+01  1.0000e+00
-4.4720e-01  5.0424e-01  2.7816e-01 -3.6944e+00 -1.5955e+00 -7.8480e+00  8.8196e+00  1.0000e+00
 1.7614e-02 -1.3765e-02  9.0182e-02  4.6392e+00  1.1390e+01 -4.4217e+00  1.3069e+01  1.0000e+00
-1.1172e+00  8.8468e-01 -1.7656e+00 -2.2763e+01  2.0756e+01 -3.6749e+01  4.7953e+01  1.0000e+00
 1.8807e+00 -1.3834e+00  4.6197e-01  3.8170e+01 -2.5794e+01  1.0727e+01  4.7300e+01  1.0000e+00
 1.2329e+00 -7.2670e-01  1.1877e+00  2.1990e+01 -1.3766e+01  2.4371e+01  3.5595e+01  1.0000e+00
-3.7028e-02  2.5352e-01  1.1286e-01  1.7939e+01 -9.8234e+00 -1.6632e+01  2.6362e+01  1.0000e+00
 1.7080e-02  5.6720e-02  1.1070e-01  4.4603e+00 -1.8567e+01  2.6263e+01  3.2471e+01  1.0000e+00
 6.1989e-02  1.6776e-01 -1.6370e-01  1.8691e+01  1.1795e+01 -2.4561e+01  3.3041e+01  1.0000e+00
-1.0486e+00  5.2126e-01  5.8212e-01 -2.4445e+01  4.1861e+00  8.3487e+00  2.6169e+01  1.0000e+00
-2.3313e-01 -1.2747e-02 -3.2420e-02 -2.5251e+01 -1.6075e+00  1.0411e+01  2.7361e+01  1.0000e+00
 6.6890e-01 -5.2867e-01 -2.0923e-01  8.0294e+00 -3.9485e+00  3.0116e+00  9.4410e+00  1.0000e+00
 1.6532e-01 -1.0124e-01 -9.5291e-03  1.6729e+01 -1.3264e+01 -1.8127e-01  2.1350e+01  1.0000e+00
-1.6743e-01  1.3091e-01  1.3591e-01 -1.5061e+01  3.3544e+01 -1.4231e+01  3.9427e+01  1.0000e+00
-9.2742e-01  3.3246e-01 -7.3565e-01 -2.0088e+01  1.7470e+01 -1.7221e+01  3.1707e+01  1.0000e+00
-2.0212e-01  4.3292e-02  6.7771e-02  5.2695e-01 -3.9401e+01  1.2216e+01  4.1255e+01  1.0000e+00
-6.0438e-01  4.1551e-01 -1.6309e+00 -1.2465e+01  7.9491e+00 -3.0802e+01  3.4166e+01  1.0000e+00
 7.4190e-01  1.3972e+00  1.0317e+00 -4.5905e+00  2.2539e+01  1.0020e+01  2.5089e+01  1.0000e+00
-1.5310e+00 -5.9139e-01 -7.3004e-01 -3.8446e+01 -7.8803e+00 -1.1475e+01  4.0889e+01  1.0000e+00
-8.3838e-01 -3.2158e-01  1.4275e-01 -7.4157e+00 -1.4019e+01  3.4138e+00  1.6223e+01  1.0000e+00
-8.7779e-01  9.1229e-02  6.5550e-01 -5.4740e+00  2.7896e+00  1.0511e+01  1.2175e+01  1.0000e+00
 7.6711e-02  3.3518e-02 -5.6825e-02  2.0795e+01 -9.5938e+00  1.3057e+01  2.6362e+01  1.0000e+00
-5.7474e-01  3.0227e-01 -5.1474e-02  1.6664e+00 -4.0689e+00 -4.0880e+00  6.0037e+00  1.0000e+00
-1.0794e-01  1.6817e-01  1.8476e-01  7.5331e+00  4.2681e+01  3.1575e+00  4.3456e+01  1.0000e+00
-1.5699e-01  1.2339e-01  1.0206e-01 -1.3255e+01 -2.0937e+01  1.4035e+01  2.8479e+01  1.0000e+00
-1.0969e-01  2.6532e-01  2.3508e-01  3.2011e+00  3.3764e+01  1.8832e+01  3.8793e+01  1.0000e+00
 9.5687e-01 -3.9917e-01  1.7630e+00  7.8274e+00 -6.2745e+00  3.3117e+00  1.0564e+01  1.0000e+00
-3.9021e-02  1.6551e-01  5.6203e-02 -2.7778e+01 -2.6710e+01  1.5496e-01  3.8536e+01  1.0000e+00
-2.1913e-02  3.5096e-02  5.8319e-02 -1.7559e+01 -3.3455e+00  1.1616e+01  2.1318e+01  1.0000e+00
-3.1413e+00  4.5406e+00 -2.9178e+00 -4.2511e+01  4.4931e+01 -2.7082e+01  6.7523e+01  1.0000e+00
-3.3381e-01  7.9010e-01  7.2306e-01 -2.2503e+00  8.7284e+00  1.1640e+01  1.4722e+01  1.0000e+00
 4.2388e-01 -5.4211e-01  2.0641e-02  2.2710e+01  9.4141e-01 -7.0371e+00  2.3794e+01  1.0000e+00
-9.2530e-02  1.6797e-01  4.5668e-02  7.7381e+00  1.3136e+01 -2.5790e+01  2.9959e+01  1.0000e+00
-5.3523e-02  2.3882e-01 -4.2998e-02  9.1455e+00 -9.4861e+00  6.9041e+00  1.4876e+01  1.0000e+00
-8.2813e-02 -1.6530e+00 -7.2211e-01 -1.0910e+00 -2.7692e+01 -1.4395e+01  3.1229e+01  1.0000e+00
-1.6814e-01 -4.0640e-02  3.8788e-01  6.5960e+00  8.4538e+00  2.5422e+01  2.7590e+01  1.0000e+00
 8.5975e-01 -1.2995e+00 -1.1985e+00  1.5017e+01 -2.4620e+01 -2.2048e+01  3.6301e+01  1.0000e+00
-9.1862e-02  9.2846e-02 -2.6850e-02  1.3757e+01 -2.8489e+01 -2.1546e+01  3.8277e+01  1.0000e+00
-7.2354e-02  1.4441e-01  6.0982e-02  1.5125e+01  2.0331e+01  5.4574e+00  2.5921e+01  1.0000e+00
-4.4479e-01  1.0123e+00  7.0285e-01  1.0737e+00  2.4704e+01  1.1408e+01  2.7231e+01  1.0000e+00
 4.0442e-01 -8.8714e-01  1.4724e+00  6.8596e+00 -1.7276e+01  2.5898e+01  3.1878e+01  1.0000e+00
-3.3212e-02  3.2684e-01  6.2663e-01  3.9327e-01  9.7067e+00 -5.3982e+00  1.1114e+01  1.0000e+00
-1.1720e-02  4.5161e-02  2.1289e-02 -1.4233e+01  2.2343e+01  1.0097e+01  2.8351e+01  1.0000e+00
-1.2751e-01  8.4956e-02  8.1496e-02  6.6814e-01 -1.5733e+01 -6.5355e+00  1.7050e+01  1.0000e+00
 1.8216e-02 -2.0907e-01  3.3270e-02  9.0613e+00  1.9979e-02  7.2616e+00  1.1612e+01  1.0000e+00
-1.0925e+00 -5.0535e-01  1.0005e+00 -2.2154e+01 -7.7409e+00  1.4560e+01  2.7617e+01  1.0000e+00
 1.4780e-01  1.4979e-02 -2.2615e-01 -5.0169e+00 -3.9101e+00  9.6769e+00  1.1580e+01  1.0000e+00
-2.1272e-01  1.4732e-02 -1.8488e-02 -1.1164e+01  2.0676e+01 -5.2769e+00  2.4083e+01  1.0000e+00
 1.2839e+00 -1.8493e+00 -1.0686e-01  2.9295e+01 -3.7527e+01 -2.8800e+00  4.7695e+01  1.0000e+00
-1.1683e-01  2.9908e-01 -2.8902e-03 -1.0611e+01  2.7056e+01 -9.5509e+00  3.0592e+01  1.0000e+00
-1.4282e+00 -4.7404e-01  1.3614e+00 -8.9033e+00  3.1581e+00  4.3048e+00  1.0381e+01  1.0000e+00
-1.3399e-01  1.4509e-01  1.6331e-02  1.6335e+01  2.0737e+01  1.9383e+00  2.6469e+01  1.0000e+00
-2.4974e-02  2.0235e-01  1.4931e-01 -2.2354e+01 -1.8462e+01  6.9364e+00  2.9810e+01  1.0000e+00
 1.0615e+00 -4.2172e-01  3.3190e-01  1.0926e+01 -6.6876e+00  3.3318e+00  1.3237e+01  1.0000e+00
-1.4764e-02  3.9607e-02 -8.3605e-02  1.3232e+01  1.1359e+01 -2.3013e+01  2.8874e+01  1.0000e+00
 3.8465e-01  4.5221e-02  1.4079e-01 -1.4765e+01 -7.1733e-01  7.6264e+00  1.6634e+01  1.0000e+00
-1.1445e-01  5.6281e-02 -2.8828e-02 -2.3200e+01  1.2342e+01  4.4581e+01  5.1750e+01  1.0000e+00
 3.4271e-02  9.6319e-02  5.6828e-02  2.4625e+01 -1.4320e+01 -1.6385e+01  3.2862e+01  1.0000e+00
-3.5515e-02  1.9744e-01  2.0059e-01 -1.7103e+00  2.7832e+01  9.2059e+00  2.9365e+01  1.0000e+00
-3.3511e-02  1.0301e-01  7.3395e-02  2.9664e+01  1.4000e+01 -1.3643e+00  3.2830e+01  1.0000e+00
-5.3133e-02  2.5050e-01  1.5888e-02 -1.8678e+01  1.9205e+01  1.5451e+01  3.0927e+01  1.0000e+00
-5.2235e-02  3.4776e-03  4.1517e-02  4.7779e+00  2.1826e+01 -3.6131e+01  4.2481e+01  1.0000e+00
 7.4168e-02  3.1290e-03 -1.3134e-02 -2.0586e+01  5.2167e+00  2.6076e+00  2.1396e+01  1.0000e+00
 3.8314e-02 -1.8307e-01  4.4738e-02 -1.3897e+01  7.8708e-02  5.6328e+00  1.4996e+01  1.0000e+00
-1.8127e-01 -3.0788e-02  1.1382e-01  1.2048e+01 -1.2465e+01  6.1701e-01  1.7347e+01  1.0000e+00
-3.0237e-01 -1.1865e-01 -2.0564e-01  1.7155e+01  1.0504e+01 -1.2895e+00  2.0157e+01  1.0000e+00
 4.2159e-01  4.6923e-01 -7.2625e-01 -1.1066e+01  7.9691e+00 -2.9668e-01  1.3640e+01  1.0000e+00
-6.1864e-02 -1.3394e-01 -3.7253e-01  2.6369e+00 -3.3636e-01  5.5621e+00  6.1647e+00  1.0000e+00
-1.1193e-01 -3.6305e-01 -2.3318e-01 -1.2425e+01  1.0839e+01 -4.6819e+00  1.7140e+01  1.0000e+00
-1.1782e-01 -5.3965e-02 -4.1026e-02 -1.5495e+01 -1.8034e+01  9.0946e+00  2.5456e+01  1.0000e+00
 5.6927e-02  1.8602e-01 -3.7882e-02  8.2090e-01  1.8222e+01 -2.7057e+00  1.8440e+01  1.0000e+00
-8.3132e-02  1.3808e-01 -1.0659e-01 -3.3586e+01  2.2360e+01  1.1217e+01  4.1878e+01  1.0000e+00
-6.3431e-01  9.5331e-01  2.6039e+00 -5.4293e+00  8.9793e+00  2.1280e+01  2.3726e+01  1.0000e+00
 1.3124e+00  1.4178e-01  6.6606e-02  1.9681e+01  5.8541e+00  3.2488e+00  2.0789e+01  1.0000e+00
 1.1078e+00 -4.4859e-01 -9.9203e-01  1.9426e+01 -1.0529e+01 -1.6867e+01  2.7798e+01  1.0000e+00
-1.9379e-02  1.5965e-01  5.7688e-03 -3.8916e+00 -2.6954e+01 -1.4794e+00  2.7274e+01  1.0000e+00
 1.0163e+00 -1.1914e+00 -1.7993e+00  2.3191e+01 -2.3179e+01 -3.4934e+01  4.7911e+01  1.0000e+00
-4.9820e-02  5.8113e-02  3.4351e-02 -8.5846e+00  1.1432e+01  3.0952e+00  1.4627e+01  1.0000e+00
-1.8552e-01  9.7032e-02  1.0616e-01 -5.2984e+00 -4.5656e-01  5.6062e+00  7.7273e+00  1.0000e+00
-3.1002e-01  1.2930e-02  1.5935e-01 -1.1020e+01  1.4011e+00  2.0082e+01  2.2950e+01  1.0000e+00
-7.1567e-02  6.7207e-02  1.4999e-02 -2.3963e+01  8.7292e+00 -6.0188e+00  2.6204e+01  1.0000e+00
-2.2369e-01  1.2742e-02 -1.4689e-01  1.8051e+01  1.0524e+01  2.2709e+01  3.0859e+01  1.0000e+00
 6.6176e-01  4.8394e-01  4.0861e-01  8.1813e-01  7.7449e+00  1.1548e+01  1.3929e+01  1.0000e+00
-1.7177e-01  1.5534e-01  4.5986e-02 -1.5860e+01  1.1202e+01 -1.6798e+01  2.5675e+01  1.0000e+00
 1.1800e-01  1.4804e-01  9.3672e-02  1.6902e+01 -2.2878e+00  2.4038e+01  2.9474e+01  1.0000e+00
-4.8953e-02 -1.3023e-01  1.5290e-01  1.4945e+01 -3.0395e+01  9.6454e+00  3.5216e+01  1.0000e+00
-9.0231e-02  4.4664e-02 -3.2079e-03 -1.6523e+01 -1.0677e+01 -2.4960e+01  3.1781e+01  1.0000e+00
-5.9213e-01  5.0960e-01  1.4927e+00 -6.8079e+00  9.6047e+00  2.8994e+01  3.1293e+01  1.0000e+00
-7.2289e-01 -7.9138e-01  5.1563e-01  4.7090e+00  4.5936e+00  1.0075e+01  1.2033e+01  1.0000e+00
-2.1846e-01  1.8212e-01  9.9385e-02  1.1128e+01 -3.0007e+00 -1.4605e+01  1.8605e+01  1.0000e+00
 8.3939e-03  4.1063e-02  2.6728e-02  1.7907e+01 -4.0819e-01 -2.5690e+01  3.1318e+01  1.0000e+00
-9.4884e-01  4.6213e-01  6.6555e-01 -8.0638e+00  1.3016e+01  1.3896e+01  2.0677e+01  1.0000e+00
 1.2614e+00 -3.0946e+00  4.8506e+00  1.5783e+01 -3.9843e+01  7.1638e+01  8.3478e+01  1.0000e+00
 1.6321e+00  3.2330e-01  1.4278e+00  3.4072e+01  6.7539e+00  3.1971e+01  4.7208e+01  1.0000e+00
 6.2470e-01 -7.5858e-01 -3.4886e-01  9.2727e+00 -6.0185e+00 -5.8755e+00  1.2519e+01  1.0000e+00
-1.3683e-02  1.9679e-02  3.1504e-02  3.4028e+00 -2.4819e+01  8.7288e+00  2.6529e+01  1.0000e+00
 1.4698e-02 -2.0102e-02  1.5168e-01 -6.1231e+00  6.4267e+00 -3.8302e+01  3.9317e+01  1.0000e+00
-4.3249e-01  1.3382e-01  1.7603e+00 -9.3933e+00  6.0033e+00  3.7622e+01  3.9239e+01  1.0000e+00
-1.4034e+00 -1.0161e+00 -1.6160e+00 -2.3818e+01 -4.0564e+00 -2.2633e+01  3.3106e+01  1.0000e+00
 5.2589e-01  7.6284e-01 -6.8036e-01  4.9890e+00  1.4038e+01 -7.6563e+00  1.6751e+01  1.0000e+00
-8.1542e-03  1.9313e-01 -1.6880e-01 -1.4992e+01 -3.8315e+00 -2.7272e+00  1.5712e+01  1.0000e+00
-2.0530e-01  6.8249e-01 -2.2179e-01 -7.7059e+00 -1.8844e+00  1.2039e+00  8.0238e+00  1.0000e+00
-8.6835e-02  1.3026e-01  1.5061e-01 -2.7062e+00  3.8506e+00 -5.3950e+00  7.1594e+00  1.0000e+00
 2.0893e-01  9.7873e-01  4.1807e-01  5.5568e+00  1.5102e+01  6.1131e+00  1.7214e+01  1.0000e+00
 2.4611e-02  2.3509e-01  1.5784e-01  1.5672e+01  1.4462e+01  7.1162e+00  2.2481e+01  1.0000e+00
-4.0209e-02  4.5600e-03  3.1134e-02 -1.7702e+01  2.1659e+01  3.4477e+01  4.4398e+01  1.0000e+00
-6.7575e-01  1.9116e+00 -3.2494e-01 -1.2461e+01  3.9630e+01 -4.8527e+00  4.1825e+01  1.0000e+00
 2.4864e-02 -4.1712e-01 -4.9658e-01  2.3016e+01 -8.5283e+00  8.3451e+00  2.5925e+01  1.0000e+00
-1.4539e+00 -3.6121e-01 -2.8364e-01 -2.6625e+01 -9.8285e-01 -6.9067e+00  2.7524e+01  1.0000e+00
 7.6807e-01  4.4744e-02  7.3138e-01  5.8713e+00  3.2421e+00  1.2232e+01  1.3950e+01  1.0000e+00
-1.3846e+00 -4.8784e-01  7.3121e-01 -2.1561e+01 -1.0104e+01  1.3947e+01  2.7595e+01  1.0000e+00
 3.9402e-02  1.0789e-01  1.5304e-01 -2.1275e+00  4.8374e+00 -1.4325e+01  1.5268e+01  1.0000e+00
 2.2011e+00  7.1211e-01  2.0942e-01  4.5014e+01  1.6203e+01  3.9106e+00  4.8002e+01  1.0000e+00
 7.5430e-01  1.2961e+00 -6.7098e-02  1.9336e+01  2.6844e+01  3.1013e+00  3.3228e+01  1.0000e+00
-1.6058e+00 -1.1240e+00 -6.6086e-01 -3.5127e+01 -2.1514e+01 -1.3956e+01  4.3492e+01  1.0000e+00
 3.9642e-01  3.7305e-01 -1.0239e-01  1.4942e+01 -9.9114e+00 -1.8660e+01  2.5879e+01  1.0000e+00
-1.7049e+00 -2.5110e-01 -4.1135e-01 -3.6985e+01 -3.5055e-02 -9.6568e+00  3.8225e+01  1.0000e+00
 1.6073e-01  2.3028e-01  5.1346e-01  6.7895e+00 -3.4210e+00 -7.0934e+00  1.0398e+01  1.0000e+00
 4.3279e-01  7.2013e-01 -8.1056e-01  3.4378e+00  1.3715e+01 -7.6975e+00  1.6099e+01  1.0000e+00
-4.7105e-01  1.5159e+00 -8.5281e-01 -8.4279e+00  2.8949e+01 -1.1969e+01  3.2440e+01  1.0000e+00
-1.2997e-01  1.5081e-01  4.0210e-02 -2.4217e+01  3.5486e+01 -2.3334e+01  4.8889e+01  1.0000e+00
-2.9041e-02  2.2268e-01  8.7902e-02 -7.0087e+00 -2.1136e+01 -4.8065e+00  2.2780e+01  1.0000e+00
-4.9808e-01 -3.3551e-01 -5.3490e-01 -9.9387e+00 -5.0329e+00 -2.0142e+01  2.3017e+01  1.0000e+00
-8.3388e-02  1.1629e-01  1.3182e-01 -3.1584e+01  4.1755e+00  3.8279e+01  4.9803e+01  1.0000e+00
 9.3731e-02 -3.9992e-01 -1.2583e+00  1.2021e+01 -1.1286e+01 -8.1249e+00  1.8382e+01  1.0000e+00
-5.8962e-01 -3.4915e-01  5.4365e-01 -3.9462e-01 -4.8420e-01  4.2327e+00  4.2785e+00  1.0000e+00
-1.6628e-01  7.7218e-02  2.2770e-01  1.4038e+01  2.6617e+01 -2.0147e+01  3.6214e+01  1.0000e+00
-1.0689e+00 -4.7694e-01 -1.7205e+00 -2.6781e+01 -1.3453e+01 -4.7143e+01  5.5863e+01  1.0000e+00
-2.1679e+00 -9.2442e-01 -4.1509e-02 -4.7517e+01 -1.5698e+01 -1.3804e+00  5.0062e+01  1.0000e+00
 8.4748e-02 -8.1100e-01 -5.8137e-01  6.8951e+00 -1.3703e+01 -1.5093e+01  2.1520e+01  1.0000e+00
 2.3358e+00  2.1325e-01 -1.5535e-01  4.7936e+01  8.4362e+00 -5.2285e+00  4.8953e+01  1.0000e+00
 7.5698e-02  1.4313e-01  5.6635e-02  9.1300e+00  1.6111e+01 -3.6654e+00  1.8877e+01  1.0000e+00
-3.4016e-01  1.9040e-01  2.0979e-01 -1.8853e+01  1.3175e+01 -1.2634e+00  2.3035e+01  1.0000e+00
 1.3679e-02  2.1669e-01 -1.0714e-01 -3.8414e+00  2.0182e+01 -2.1193e+01  2.9516e+01  1.0000e+00
-6.3440e-01 -3.5421e-01  2.5855e-01  2.0795e+00 -2.8937e+00  2.5591e+00  4.3871e+00  1.0000e+00
 6.3366e-02  2.7064e-02  2.9020e-02  7.6256e+00  2.5292e+01 -1.9235e+01  3.2678e+01  1.0000e+00
-6.4000e-02  1.0508e-02 -4.2945e-02  2.7235e-01 -5.5820e+00  5.4957e+00  7.8381e+00  1.0000e+00
-1.7598e-01  9.8275e-02 -1.4242e-01  1.3236e+01 -1.0729e+01  6.1794e+00  1.8124e+01  1.0000e+00
-1.1878e+00  1.1058e+00 -3.7577e-01 -2.2861e+01  1.9351e+01 -3.6203e+00  3.0169e+01  1.0000e+00
-1.6278e-01  6.2979e-02  6.7455e-02  6.3698e+00 -1.0587e+01  1.9258e+00  1.2505e+01  1.0000e+00
-1.5146e+00 -3.4855e-01  1.0316e-01 -2.4743e+01 -7.9036e+00  1.3338e-01  2.5975e+01  1.0000e+00
-4.2198e-02 -7.5755e-02  5.1100e-02 -8.9497e+00  2.0926e+01  3.6319e+01  4.2861e+01  1.0000e+00
-3.4441e-01  1.7395e-01  7.4899e-02 -2.5625e+00  1.5513e+01  3.8761e+00  1.6194e+01  1.0000e+00
-1.0217e-01  2.1330e-01  8.0754e-02 -1.3601e+01  2.8776e+01 -1.0089e+01  3.3389e+01  1.0000e+00
-3.3527e-02  5.3960e-02 -7.5765e-02  4.8172e+00  2.2046e+01  7.2951e+00  2.3716e+01  1.0000e+00
 7.3411e-01 -1.9501e+00 -9.3338e-01  1.5357e+01 -3.8276e+01 -1.8215e+01  4.5085e+01  1.0000e+00
-1.6379e+00 -4.5254e-01  1.4734e+00 -3.4672e+01 -6.4014e+00  3.1354e+01  4.7183e+01  1.0000e+00
 2.8252e-01 -4.0481e-01  1.5571e-01 -9.2322e+00 -7.6900e+00 -4.4431e+00  1.2811e+01  1.0000e+00
-4.2635e-01 -5.1686e-01 -1.1436e+00 -8.2057e+00 -6.7009e+00 -1.5226e+01  1.8549e+01  1.0000e+00
 1.1015e+00 -4.6887e-01  1.7797e-01  1.3249e+01 -7.3943e+00 -1.1348e+00  1.5215e+01  1.0000e+00
-2.4068e-01  5.5134e-02 -2.4406e-02  2.8635e+00  1.4554e+01  1.0942e+01  1.8432e+01  1.0000e+00
-1.7746e-01 -1.4210e+00 -9.4254e-01 -4.6519e+00 -3.1684e+01 -2.2155e+01  3.8940e+01  1.0000e+00
-4.6991e-01  9.0835e-01 -9.7920e-01 -8.3307e+00  1.4557e+01 -1.3892e+01  2.1778e+01  1.0000e+00
-4.3516e-01  5.5911e-01 -5.7873e-01 -5.8688e+00  2.3466e+00 -3.3759e+00  7.1656e+00  1.0000e+00
 1.0513e+00  3.4016e-01  6.2913e-02  1.0026e+01  6.6422e+00 -9.1579e-01  1.2061e+01  1.0000e+00
-1.0596e-01  1.4970e-01  8.0381e-03  2.7323e+01 -8.6041e+00  2.0945e+01  3.5486e+01  1.0000e+00
-4.7384e-01  1.6430e+00 -7.7852e-01 -6.0164e+00  3.2651e+01 -1.3084e+01  3.5686e+01  1.0000e+00
 1.0687e+00 -9.4704e-02 -2.9278e-01  1.3026e+01  3.1836e+00 -5.2521e+00  1.4402e+01  1.0000e+00
-4.6532e-01  1.0264e-01  3.4148e+00  1.6516e+00  5.4697e+00  3.2112e+01  3.2616e+01  1.0000e+00
-5.5753e-02 -1.0749e+00 -2.3112e-01 -2.3000e+00 -1.2118e+01 -3.5100e-01  1.2340e+01  1.0000e+00
 5.3667e-02  7.8542e-02 -1.0666e-01 -2.8623e+00 -5.3528e+00 -5.0905e+00  7.9220e+00  1.0000e+00
-5.2601e-02  7.3290e-02  3.0401e-02 -2.7575e+01 -1.1746e+01 -1.0715e+01  3.1831e+01  1.0000e+00
-2.0513e-01  2.1123e-01 -7.1929e-02  9.1330e+00  2.1622e+00 -1.0030e+01  1.3736e+01  1.0000e+00
 4.5734e-01  1.1238e+00  7.4739e-01  1.3203e+01  2.6351e+01  1.4384e+01  3.2796e+01  1.0000e+00
-1.5954e-01 -1.8757e-01  2.0409e-01 -6.2452e+00 -1.2209e+01  6.7627e+00  1.5290e+01  1.0000e+00
 3.1172e-02  1.0887e-01  6.2554e-02  1.5718e+01  6.3059e+00  8.4772e-01  1.6957e+01  1.0000e+00
-4.0449e-02 -7.5421e-02  5.4760e-02  2.1485e+01 -1.2297e+01 -2.2177e+01  3.3236e+01  1.0000e+00
-4.5390e-02  9.0652e-02  1.2529e-02  3.3008e+01  3.4741e+01  3.9290e+00  4.8082e+01  1.0000e+00
-2.0392e-02  6.5743e-02  1.1217e-01  2.6831e+01  2.7105e+01 -6.8694e+00  3.8753e+01  1.0000e+00
-1.4913e-01  1.2902e-01  1.3168e-01 -9.4893e-01 -8.4329e+00  2.0073e+01  2.1793e+01  1.0000e+00
 1.1874e+00 -9.5478e-01 -3.0777e-01  2.1106e+01 -1.5443e+01 -2.7263e+00  2.6294e+01  1.0000e+00
-4.8841e-02  2.1038e-01  1.2954e-01 -2.1589e+01  4.7830e+00 -1.0337e+01  2.4409e+01  1.0000e+00
 3.2721e+00 -4.4823e+00  2.7135e+00  2.5731e+01 -5.1145e+01  3.2934e+01  6.6050e+01  1.0000e+00
 1.3652e-01  8.5516e-02 -1.6111e+00  1.2245e+00 -8.0819e+00 -6.4343e+00  1.0403e+01  1.0000e+00
 2.3818e-01 -8.3604e-01 -2.2727e+00  2.9946e+00 -1.6008e+01 -4.5419e+01  4.8250e+01  1.0000e+00
-3.3681e-01 -9.4109e-01 -1.5507e+00 -1.3092e+01 -1.8966e+01 -3.2538e+01  3.9873e+01  1.0000e+00
-1.5987e-01 -1.6304e+00  1.8325e-01 -3.0192e+00 -3.6166e+01  4.0598e+00  3.6518e+01  1.0000e+00
-2.0037e+00 -1.1796e+00 -5.8099e-01 -4.5924e+01 -2.3166e+01 -1.1828e+01  5.2779e+01  1.0000e+00
-1.1160e-01  5.1563e-03 -1.5029e-02 -8.2349e+00  2.1540e+01 -3.0412e+00  2.3260e+01  1.0000e+00
-1.6688e+00 -4.3789e-01 -4.5758e-01 -3.9282e+01 -9.7137e+00 -6.6454e+00  4.1008e+01  1.0000e+00
-5.5471e-01  2.5027e-01  5.0902e-01 -1.0389e+01  4.8390e+00 -2.5800e+00  1.1747e+01  1.0000e+00
 8.4233e-02  1.2388e-01  9.2914e-02  2.0855e+01 -8.2538e+00 -1.2629e+01  2.5740e+01  1.0000e+00
-7.7025e-02  1.5230e-01 -6.9738e-02  3.7080e+00  2.7898e+01 -4.5326e+00  2.8506e+01  1.0000e+00
-3.3482e-01 -1.6559e-01  3.1166e-01  1.3147e+01 -1.3500e+01  2.3338e+01  2.9996e+01  1.0000e+00
-1.6301e-01  7.2441e-03  4.7716e-02  1.7479e+01 -4.6437e+00  6.8211e+00  1.9329e+01  1.0000e+00
