# limit = 2.85851
#
# x           y           z           vx          vy          vz          s           m
 7.9782e-01 -1.0148e+00 -1.3775e+00  2.0074e+00 -7.4873e+00 -1.8239e+00  7.9634e+00  1.0000e+00
-3.0882e-01  1.4039e-02  1.1054e-01  2.4522e+01 -2.5589e+00  2.3840e+00  2.4770e+01  1.0000e+00
 2.6343e+00 -4.2632e-02  5.0118e-01  3.8090e+01  1.3871e+00  7.5229e+00  3.8851e+01  1.0000e+00
-8.5946e-02  2.0624e-01  1.2674e-01  7.7983e-02  1.6954e+01  6.5803e+00  1.8186e+01  1.0000e+00
-2.0272e+00  8.6116e-01  1.3598e+00 -3.2550e+01  1.2284e+01  1.9462e+01  3.9865e+01  1.0000e+00
 8.3328e-01 -4.1968e-01  2.6037e+00  1.3837e+01 -4.5916e+00  3.9901e+01  4.2481e+01  1.0000e+00
 2.4768e-01 -2.0991e+00 -1.5959e+00  2.8968e+00 -3.2666e+01 -2.2640e+01  3.9850e+01  1.0000e+00
 6.5087e-02 -4.4680e-01 -9.7711e-02 -5.5087e+00  1.1748e+01 -2.1230e+00  1.3148e+01  1.0000e+00
-4.1789e+00  2.9510e+00  8.4469e+00 -4.5688e+01  3.3490e+01  1.0494e+02  1.1926e+02  1.0000e+00
-5.2899e-02  3.2366e-02  8.8880e-02 -1.0042e+01 -1.0714e+01  1.0041e+01  1.7789e+01  1.0000e+00
 1.0326e+00  9.5395e-01  8.4781e-01  1.0856e+01  1.2509e+01  8.3997e+00  1.8571e+01  1.0000e+00
 4.3527e-02  3.8308e-01 -8.8416e-02  1.1497e+01  5.1161e+00 -2.7795e+00  1.2887e+01  1.0000e+00
 4.7019e-01  8.4045e-01  8.9952e-01  6.6204e+00  3.7158e+00  1.1448e+01  1.3737e+01  1.0000e+00
-1.2182e-01  3.8239e-01  2.3461e-01 -1.5736e+01  5.7172e+00  7.9036e+00  1.8514e+01  1.0000e+00
 1.6851e-02  9.6918e-02  2.8640e-01  1.0761e+01  3.2297e+00 -2.3322e+00  1.1475e+01  1.0000e+00
-9.9698e-01  9.4042e-02 -1.2900e+00 -1.7565e+01 -2.9226e+00 -1.4320e+01  2.2850e+01  1.0000e+00
 1.5465e+00 -1.6109e+00 -1.7341e+00  2.3359e+01 -2.3944e+01 -2.7625e+01  4.3383e+01  1.0000e+00
-2.6530e-01 -7.4303e-02  6.4093e-02 -2.1314e+01  2.1581e+01 -1.8789e+00  3.0390e+01  1.0000e+00
-5.0813e-02  2.8000e-01  3.1409e-01  1.2019e+01  7.3285e+00 -9.6063e+00  1.7042e+01  1.0000e+00
 5.8659e+00  5.2158e+00 -2.4387e+00  7.3816e+01  5.9228e+01 -2.5355e+01  9.7977e+01  1.0000e+00
-3.5512e-01  4.4047e-02  1.3802e-01  1.2732e+01 -4.8109e+00  5.1507e-02  1.3611e+01  1.0000e+00
-7.3066e-02  1.5437e-01  5.4537e-03  1.9138e+01  1.9461e+01 -3.2793e+01  4.2666e+01  1.0000e+00
-1.0382e-01 -2.2223e-02  1.8321e-02 -1.1673e+01 -1.1519e+01  8.3190e+00  1.8389e+01  1.0000e+00
-1.1290e+00  1.9237e+00 -2.1230e+00 -1.6878e+01  3.2403e+01 -3.2541e+01  4.8926e+01  1.0000e+00
-3.1373e-02  2.4376e+00 -1.1280e+00 -9.8839e-01  3.7468e+01 -1.6601e+01  4.0993e+01  1.0000e+00
-1.9142e-01 -2.0609e-01 -1.1641e+00 -1.1951e+01  5.7849e+00 -2.2364e+01  2.6009e+01  1.0000e+00
 1.0629e+00 -1.8146e+00  4.6427e-01  1.2239e+01 -3.0766e+01  5.9868e+00  3.3647e+01  1.0000e+00
 3.4067e+00 -7.9773e-01 -3.2697e+00  7.5880e+01 -1.9977e+01 -7.3226e+01  1.0733e+02  1.0000e+00
 9.5126e-02 -2.7741e+00 -3.6683e+00  2.2025e+00 -4.2993e+01 -5.6699e+01  7.1190e+01  1.0000e+00
-1.6700e-01  1.2561e-01  1.5646e-01  1.3616e+01 -2.1163e+01 -5.6059e+00  2.5781e+01  1.0000e+00
-2.0234e-01  1.1754e-01  1.4345e-01 -3.3046e-01  1.5583e+01  8.1785e+00  1.7602e+01  1.0000e+00
-1.1208e-01  1.8032e-01  8.5073e-02 -2.0988e+01  9.0669e+00  1.6272e+01  2.8062e+01  1.0000e+00
-2.7403e-01  6.2048e-02  3.1636e-01 -5.5318e+00 -2.8738e-01  2.1953e+01  2.2641e+01  1.0000e+00
-2.6175e-02  1.2292e-01  1.1861e-01  2.1031e+01 -5.2790e+00  7.6300e+00  2.2987e+01  1.0000e+00
 5.0433e-02  5.3729e-02  1.2049e-02  1.5360e+00 -5.2478e+00 -2.0325e+01  2.1047e+01  1.0000e+00
-5.4320e-02  1.4469e-01 -2.0731e-01 -1.5847e+01  1.3726e+01  5.6175e+00  2.1705e+01  1.0000e+00
 1.6160e+00  2.6981e-01 -6.1413e-01  1.1071e+00 -1.9218e+00  1.6214e-01  2.2238e+00  1.0000e+00
-2.2319e+00  4.2587e+00 -5.8439e+00 -2.8714e+01  5.5042e+01 -6.8422e+01  9.2388e+01  1.0000e+00
 8.7356e-02  1.0066e-01  6.7136e-01  4.0418e+00  4.5933e+00  1.5098e+01  1.6291e+01  1.0000e+00
 1.7426e+00 -5.2449e-01  1.4214e+00  2.3788e+01 -5.0266e+00  1.9812e+01  3.1364e+01  1.0000e+00
 1.2822e+00  1.0930e+00 -2.2473e-01  1.6714e+01  1.4877e+01  1.2968e+00  2.2413e+01  1.0000e+00
-6.3262e-01  2.5245e-01  2.9821e-01  8.6062e+00  2.2884e+00  6.9582e+00  1.1301e+01  1.0000e+00
-8.9902e-02  3.7725e-02  7.3732e-02 -3.7302e+01 -2.3139e+00  1.3538e+01  3.9751e+01  1.0000e+00
 2.4627e-01 -9.5002e-01  2.7814e+00  4.3954e+00 -1.3109e+01  4.2819e+01  4.4996e+01  1.0000e+00
 2.5190e+00  1.2264e+00  1.6479e-01  4.1511e+01  2.0597e+01  3.3412e+00  4.6461e+01  1.0000e+00
-1.0807e-01 -1.8288e+00  1.2258e-01  2.9164e+00 -2.9360e+01  5.0495e+00  2.9934e+01  1.0000e+00
 9.9150e-02 -1.1063e-02 -1.7449e-02  1.2679e+01  1.5265e+00  1.3917e+01  1.8889e+01  1.0000e+00
 6.4480e-01 -1.1734e+00 -4.7852e-01  9.7306e+00 -1.0994e+01 -2.0468e+00  1.4824e+01  1.0000e+00
 1.6630e+00 -5.9520e-01  6.8756e-01  2.2273e+01 -8.3840e+00  9.3206e+00  2.5558e+01  1.0000e+00
-2.6134e-01  9.3309e-02  9.4506e-01  6.7112e+00 -1.6589e+00  4.1342e+00  8.0551e+00  1.0000e+00
-3.7604e-02  1.2766e-01 -6.6827e-02  8.4950e+00 -8.5883e+00  2.3613e+00  1.2309e+01  1.0000e+00
-2.3277e-01  2.3553e-01  4.6149e-02  1.2156e+01  1.2137e+00 -2.2606e+01  2.5696e+01  1.0000e+00
-7.4091e-01 -9.9465e-01  1.0141e+00 -7.8195e+00 -1.3572e+01  1.2489e+01  2.0033e+01  1.0000e+00
-4.9231e-01  1.6747e-01 -1.1059e-01 -1.3359e+01  4.6086e+00  6.5984e-01  1.4147e+01  1.0000e+00
 9.5636e-02 -5.6142e-01 -3.1511e-01 -5.3217e+00  5.8503e+00 -8.7244e+00  1.1775e+01  1.0000e+00
-4.5305e-01  1.1320e-01 -9.5790e-02 -5.0622e+00 -1.8561e+00  1.6791e+01  1.7636e+01  1.0000e+00
 1.0586e-02  8.4537e-02  7.9429e-02  9.9359e+00  1.7410e+01 -2.0289e+01  2.8522e+01  1.0000e+00
-3.7383e-01  6.1556e-01 -1.8343e-01 -2.3676e+00 -9.9803e+00  1.1110e+01  1.5121e+01  1.0000e+00
-5.4314e-02  1.1762e-01  4.4862e-02  3.5015e+01  1.8167e+01 -6.7174e+00  4.0015e+01  1.0000e+00
 8.7313e-01 -2.6297e-01  2.0600e+00  1.0594e+01 -5.8145e+00  3.2230e+01  3.4421e+01  1.0000e+00
-1.7683e-01  1.0848e-01  7.5063e-02  3.7325e+00 -1.3108e+01 -2.6886e+01  3.0144e+01  1.0000e+00
-8.6855e-02  3.8246e-01  3.7074e-02 -1.3470e+01  2.0626e+01  1.9414e+01  3.1365e+01  1.0000e+00
-1.3811e-01  7.4226e-02  2.8640e-02 -2.0491e+01 -5.8038e+00  1.0456e+01  2.3725e+01  1.0000e+00
-8.3040e-02  1.8104e-01  3.6532e-02  1.8733e+01  7.3262e+00 -5.2018e+00  2.0777e+01  1.0000e+00
 1.3027e+00 -4.0057e-01  3.4415e-01  1.2518e+01 -1.8306e+00  4.2147e+00  1.3335e+01  1.0000e+00
 2.4768e-01 -1.8151e-01 -8.5569e-03 -3.2817e+00  3.2349e+00 -8.5059e+00  9.6739e+00  1.0000e+00
-2.1804e-01 -4.3897e-02  1.0766e-01  1.2741e+01 -5.7119e+00  1.7987e+01  2.2771e+01  1.0000e+00
-5.2758e-02  2.3530e-01 -2.8195e-02  3.2255e+00 -7.0397e+00  2.1820e+01  2.3154e+01  1.0000e+00
-4.6646e-01  1.6919e-01 -8.3921e-02  2.1850e+01  4.5694e+00 -1.1899e+00  2.2355e+01  1.0000e+00
-3.1033e-01  4.4346e-02 -9.4684e-02 -2.7470e+01  6.3339e+00 -1.5023e+01  3.1944e+01  1.0000e+00
 2.4081e+00  3.6380e-01  5.0444e-01  3.7662e+01  4.4132e+00  6.8629e+00  3.8536e+01  1.0000e+00
-7.5316e-02  1.0215e-01  1.0989e-01 -1.5225e+01  8.3978e+00 -3.1187e+01  3.5707e+01  1.0000e+00
-2.3363e-01  6.1855e-01 -2.3736e-01  6.6402e-01 -8.9418e+00  5.5479e+00  1.0544e+01  1.0000e+00
-7.4540e-02  1.9735e-01  6.5327e-02 -1.6592e+01  3.9837e+01  2.6478e+01  5.0630e+01  1.0000e+00
 1.0745e-01  8.8491e-02  3.1930e-01  8.6949e-01 -9.7734e-01 -2.7324e+01  2.7356e+01  1.0000e+00
-7.9815e-02  6.5939e-02  4.8273e-02  1.5323e+01  2.5484e+01  3.6597e+00  2.9960e+01  1.0000e+00
-2.1129e-01  2.2918e-01 -1.0420e-02 -6.6507e+00  2.2674e+01 -3.6324e+00  2.3906e+01  1.0000e+00
 2.2343e-01 -4.6866e-01 -7.8569e-01  6.5026e-01 -4.5316e+00 -1.6209e-01  4.5809e+00  1.0000e+00
 2.7247e+00 -1.4732e+00 -3.4773e-01  4.3992e+01 -2.1027e+01 -5.1440e+00  4.9030e+01  1.0000e+00
-1.8086e+00 -1.2134e+00 -8.4534e-01 -2.6827e+01 -1.7244e+01 -1.0328e+01  3.3522e+01  1.0000e+00
-9.6153e-02  1.4741e-01  1.7496e-01 -4.5609e+00  1.0031e+01  3.1113e+01  3.3007e+01  1.0000e+00
-1.7519e-01  4.0445e-02  2.5649e-01 -7.7320e+00  4.0809e+00  3.9446e+00  9.5915e+00  1.0000e+00
 6.3869e-01 -3.3689e-01 -6.2878e-01  1.1328e+01 -5.7774e+00 -8.8320e+00  1.5483e+01  1.0000e+00
 1.1051e+00  5.9614e-01  1.2546e+00  1.2289e+01  1.0180e+01  1.5618e+01  2.2329e+01  1.0000e+00
-2.2045e-01  1.2145e-01 -9.0939e-02  1.3865e+01  1.1653e+00  9.2253e-01  1.3944e+01  1.0000e+00
-4.6951e-02 -3.0032e-02 -3.9686e-02 -6.2619e+00  1.3645e+00  1.6726e+01  1.7912e+01  1.0000e+00
-2.7571e-01  7.3590e-01 -7.3152e-01 -1.5453e+00  5.6904e+00  2.3341e-01  5.9012e+00  1.0000e+00
 8.2877e-01 -5.8386e-01  7.0004e-01  1.0779e+01 -9.7226e+00  9.5636e+00  1.7383e+01  1.0000e+00
-4.0139e-02  3.9078e-01  2.6898e-01  5.7974e+00 -6.0265e+00  6.8253e-01  8.3901e+00  1.0000e+00
 7.8013e-02  1.6857e-03  5.4836e-02  7.8590e+00  2.3802e+01  1.1114e+01  2.7420e+01  1.0000e+00
 7.8107e-01 -6.2268e-01  7.5334e-01  1.1397e+01 -4.9512e+00  1.2096e+01  1.7341e+01  1.0000e+00
-9.0186e-02  1.8581e-01 -1.0359e-03  6.9611e-01  2.1128e+01  1.5827e+01  2.6408e+01  1.0000e+00
 1.2066e-02 -9.4502e-02  5.3363e-02 -4.8496e+00  2.0286e+01 -3.0058e-01  2.0860e+01  1.0000e+00
-3.6976e-02  6.5421e-02  5.1428e-02 -2.0653e+01 -1.7301e+01  1.2060e+00  2.6968e+01  1.0000e+00
-7.1017e-01  1.1548e+00 -4.8024e-02 -6.4424e+00  8.9391e+00  2.8069e+00  1.1371e+01  1.0000e+00
-7.1409e-02  1.0047e-01  4.6905e-02 -8.3349e+00  3.8555e+01  2.1831e+01  4.5084e+01  1.0000e+00
-1.3545e-01  1.8448e-01  2.5450e-01 -6.5573e+00  2.0040e+01 -1.6684e+01  2.6887e+01  1.0000e+00
-9.9509e-01 -1.5561e+00 -1.7169e+00 -1.4818e+01 -2.1542e+01 -2.3983e+01  3.5480e+01  1.0000e+00
 2.6907e-01 -7.1895e-01 -3.1010e+00  3.2857e+00 -6.1005e+00 -2.7203e+01  2.8072e+01  1.0000e+00
-7.3077e-01  7.7770e-01 -4.2854e-01  2.9037e-01  1.9878e+01 -1.3269e+01  2.3902e+01  1.0000e+00
-4.4517e-02  1.2390e-01  7.6773e-02 -2.4491e+01  7.2219e-01 -6.7913e+00  2.5426e+01  1.0000e+00
 1.8855e-01 -2.4419e-01  1.0732e-03  2.8347e+00  7.3938e-01  4.1260e+00  5.0602e+00  1.0000e+00
 1.0072e+00 -8.1427e-01 -5.1933e-02  1.0741e+01 -6.3426e+00 -2.5694e+00  1.2736e+01  1.0000e+00
 8.8917e-01 -5.6306e-01  3.3158e-01  6.0923e+00 -1.3940e-01  2.5065e+00  6.5892e+00  1.0000e+00
 2.4872e+00  7.4283e-01 -1.0825e-02  3.6793e+01  1.4398e+01 -1.3027e+00  3.9531e+01  1.0000e+00
-1.5676e-01  4.3593e-01 -2.5690e-01 -6.5821e-01 -1.1723e+01  1.3202e+01  1.7668e+01  1.0000e+00
 1.8471e+00  5.2091e-02  2.0732e+00  2.7185e+01  1.6150e+00  3.0583e+01  4.0950e+01  1.0000e+00
 3.8565e-02  9.0691e-02  1.3160e-01 -1.1880e+01 -6.7010e+00 -1.8152e+01  2.2705e+01  1.0000e+00
-5.5923e-01 -1.4833e-01  4.1453e-01 -4.5226e+00  2.0279e+01 -9.2333e+00  2.2736e+01  1.0000e+00
-2.7935e+00  4.5535e-01  6.0404e-01 -4.4274e+01  9.5441e+00  1.0105e+01  4.6404e+01  1.0000e+00
-3.2404e-01  1.4080e+00 -2.3548e-01 -5.7568e+00  1.2892e+01  1.8341e+00  1.4237e+01  1.0000e+00
 7.5057e-01 -1.1784e+00  1.9183e+00  8.9805e+00 -1.5137e+01  2.9872e+01  3.4672e+01  1.0000e+00
 8.8507e-01 -8.2613e-01  1.7147e+00  1.1037e+01 -1.1378e+01  2.3568e+01  2.8403e+01  1.0000e+00
 1.4609e+00 -1.6642e+00 -7.1516e-01  1.9608e+01 -2.3309e+01 -8.2205e+00  3.1549e+01  1.0000e+00
 1.2285e+00 -9.4791e-01  3.1108e-01  1.2669e+01 -8.5872e+00  3.6130e+00  1.5726e+01  1.0000e+00
-1.5194e-01  2.2270e-01 -3.9490e-02  5.8548e+00  1.1819e+01 -4.0603e+00  1.3800e+01  1.0000e+00
-2.1721e-01  1.8331e-01  8.2325e-02 -5.6670e+00 -2.3686e+01  6.0706e+00  2.5100e+01  1.0000e+00
-4.8641e-02  3.3951e-02  1.3124e-01 -3.4027e+00  2.9005e+01  8.5322e+00  3.0425e+01  1.0000e+00
 5.6007e-02  9.5959e-02 -2.1752e-01  2.9761e+00 -6.1209e+00 -7.3202e+00  9.9954e+00  1.0000e+00
-2.6136e-02  4.5400e-02 -3.1759e-02  3.1972e-01 -4.5559e+00  4.5826e+00  6.4699e+00  1.0000e+00
-1.9239e-01 -1.6777e-02  4.4988e-02  6.5492e+00 -1.8003e+01 -4.9255e+00  1.9780e+01  1.0000e+00
 3.1138e-01  2.9696e-01 -1.4502e-01  9.5488e+00  1.0740e+01 -1.4383e-01  1.4372e+01  1.0000e+00
-3.6270e+00  1.4171e+00  1.2030e+00 -5.6450e+01  2.3603e+01  2.1740e+01  6.4933e+01  1.0000e+00
-3.7587e-03 -4.3033e-02  8.1803e-02  5.8816e+00 -1.8558e+01 -1.0323e+00  1.9495e+01  1.0000e+00
-2.4649e-01  1.5079e-02 -9.8938e-02 -1.8319e+01  1.7599e+01  3.0972e+00  2.5591e+01  1.0000e+00
-6.7054e-02  1.4579e-01 -3.1185e-01  9.6790e+00  2.0751e+00 -9.5607e+00  1.3762e+01  1.0000e+00
 1.3896e+00 -1.4405e+00 -7.3231e-01  2.3542e+01 -1.8691e+01 -7.7406e+00  3.1040e+01  1.0000e+00
-7.1636e-02  1.3496e-01 -1.2558e-02  2.8198e+01 -2.5963e+01  1.6922e+01  4.1900e+01  1.0000e+00
 1.0517e+00 -9.9334e-01  1.9998e+00  1.5245e+01 -1.2730e+01  3.3218e+01  3.8703e+01  1.0000e+00
-1.7141e-01  3.2815e-01 -2.0794e-02 -1.2371e+01 -1.5351e+01  9.8076e+00  2.2020e+01  1.0000e+00
-2.2753e-01 -5.3687e-01 -2.0624e+00 -5.5331e+00 -6.8322e+00 -2.7247e+01  2.8630e+01  1.0000e+00
 1.2821e+00 -6.4662e-01  2.9761e-01  9.5360e+00 -7.8086e+00  7.4046e+00  1.4378e+01  1.0000e+00
-2.3842e-01  7.4985e-02  2.5113e-01  1.0701e+01  7.9601e+00 -8.0365e+00  1.5571e+01  1.0000e+00
-2.9883e-03 -3.1796e-03  1.9300e-01 -1.4912e+00  1.5209e+01 -1.3584e+00  1.5342e+01  1.0000e+00
-1.3585e-01 -3.1880e-01  3.2486e-02  4.5315e+00 -8.6356e+00  1.4295e+00  9.8565e+00  1.0000e+00
-3.7572e-01  9.1321e-01  5.0328e-01  4.1140e-01  1.5795e+01 -3.9314e+00  1.6283e+01  1.0000e+00
-1.2733e-01  3.9010e-01  2.0141e-02 -4.6893e-01  2.2954e+01  2.4251e+00  2.3086e+01  1.0000e+00
-3.3350e-01 -6.6703e-02  2.0736e-01 -7.9736e+00 -1.4777e+00 -7.4364e+00  1.1003e+01  1.0000e+00
 1.3082e+00 -8.8225e-01 -4.1589e-02  1.3857e+01 -9.2927e+00  4.1301e+00  1.7188e+01  1.0000e+00
-2.7458e-01 -6.9261e-01  1.9340e+00 -5.1303e+00 -1.3598e+01  3.0617e+01  3.3891e+01  1.0000e+00
 6.7713e-01  1.1194e-01  1.3082e-01 -7.0248e+00  3.9943e+00  2.3196e+00  8.4073e+00  1.0000e+00
-1.5910e-01  3.7788e-01  3.3543e-01  4.7780e+00  9.9332e+00 -4.0956e+00  1.1759e+01  1.0000e+00
-3.0834e+00 -3.4317e-02 -1.1577e+00 -3.8518e+01  8.9258e+00 -1.0451e+01  4.0897e+01  1.0000e+00
-1.3940e-01  5.4289e-02 -7.5371e-02 -2.1943e+01 -1.1875e+01 -1.6747e+01  3.0049e+01  1.0000e+00
-1.1198e-02  3.3609e-02  1.4522e-01 -8.9330e+00  1.6976e+01 -5.2808e+00  1.9896e+01  1.0000e+00
-1.3691e-01  2.2710e-01 -6.8733e-02 -3.6014e-01  1.0908e+01 -2.9869e+00  1.1315e+01  1.0000e+00
-7.9506e-01 -4.9512e+00 -4.9791e+00 -1.5084e+01 -4.5299e+01 -5.2826e+01  7.1205e+01  1.0000e+00
 2.5250e+00 -2.2635e+00  6.7182e-01  3.7278e+01 -3.3022e+01  9.2811e+00  5.0658e+01  1.0000e+00
 1.4114e-01  3.6138e-01 -2.0059e-01 -1.2953e+01 -1.0498e+01  2.9946e+00  1.6940e+01  1.0000e+00
 4.3734e-01 -4.0612e-01 -1.2014e+00  5.7392e+00 -1.0303e+00 -1.0379e+01  1.1905e+01  1.0000e+00
-2.4893e-01  3.7390e-02 -1.1505e-02  2.5199e+00 -3.0141e+00  7.2464e+00  8.2429e+00  1.0000e+00
 2.3776e-01 -8.0840e-01 -1.0622e+00  4.2846e+00 -4.7180e+00 -1.0424e+01  1.2218e+01  1.0000e+00
-9.9400e-03 -1.2114e-01 -2.3703e-01  2.8592e-01  7.7023e+00  2.5022e+01  2.6182e+01  1.0000e+00
-7.4081e-02  1.0412e-01  8.1500e-02 -1.5369e+01  2.7621e+00  3.8665e+01  4.1699e+01  1.0000e+00
-1.3852e+00  1.9588e+00 -1.2210e+00 -2.1180e+01  3.3233e+01 -1.7575e+01  4.3150e+01  1.0000e+00
-7.8226e-02  1.8482e-02  1.7436e-02  1.2592e+01 -6.7335e+00 -2.4233e+01  2.8127e+01  1.0000e+00
 7.4533e-03  1.8088e-01  2.1508e-02 -2.4009e+01  4.2487e+00 -3.7348e+01  4.4602e+01  1.0000e+00
-2.6832e-01  1.6339e-01 -1.3306e-01  1.2593e+00  3.7888e+00 -6.1917e+00  7.3674e+00  1.0000e+00
-2.8418e-01  1.3371e-03  7.0313e-02  8.3472e+00  1.7079e+01  1.6355e+01  2.5077e+01  1.0000e+00
 1.3357e-01  2.0984e-01  2.3245e-02 -9.7664e-02 -2.5335e-01 -1.7380e+01  1.7382e+01  1.0000e+00
 1.3311e-02  1.0381e-01  2.1224e-01  6.3761e+00 -1.1107e+01 -4.1743e+00  1.3470e+01  1.0000e+00
-3.5913e-02  1.5998e-01 -2.7141e-01  2.4473e-01 -1.7974e-01 -2.5465e+01  2.5466e+01  1.0000e+00
-3.0349e-01  1.6008e-01  1.9309e-02 -9.0462e+00  1.0144e+01 -1.8269e+01  2.2771e+01  1.0000e+00
-2.1852e-02 -1.9630e-02  1.5657e-01 -2.8697e+01 -2.6515e+00 -1.9638e+00  2.8886e+01  1.0000e+00
-1.9147e-01 -4.1302e-02  3.8871e-02  5.9300e+00  1.2548e+00 -2.8953e+01  2.9581e+01  1.0000e+00
 7.4386e-01 -1.3099e+00  1.8329e+00  1.0982e+01 -1.7985e+01  2.7671e+01  3.4781e+01  1.0000e+00
 4.7743e-02  2.7494e-01  1.5196e-01  6.0932e+00  4.3148e-01 -4.8600e+00  7.8059e+00  1.0000e+00
 5.1953e+00 -3.6323e+00 -7.9155e+00  6.9412e+01 -4.7368e+01 -9.5661e+01  1.2733e+02  1.0000e+00
-7.2900e-02  6.2890e-02  1.8148e-01 -2.2432e+01 -3.7676e+00  9.5430e+00  2.4667e+01  1.0000e+00
-2.4660e-01  1.9001e-01  4.5927e-01 -1.2687e+01  1.7468e+01  2.8311e+01  3.5604e+01  1.0000e+00
 9.9325e-01 -7.5782e-01 -5.6145e-01  2.5181e+01 -7.5442e+00 -6.5461e+00  2.7090e+01  1.0000e+00
-2.6645e-02 -3.3990e-02  7.8212e-02 -5.1467e+00 -2.9551e+00  6.0766e+00  8.4939e+00  1.0000e+00
 7.2830e-01 -4.3795e-01 -1.9572e-03  8.4365e+00  4.9028e+00 -4.5970e+00  1.0786e+01  1.0000e+00
 3.6135e-01  5.2081e-01  2.3110e-01 -8.8934e+00  6.8294e+00  1.3670e+01  1.7681e+01  1.0000e+00
-1.7590e-01  2.5577e-01 -9.9920e-02  1.1507e+01  9.3807e+00 -2.1965e+01  2.6512e+01  1.0000e+00
 1.8581e-01  1.6624e-01  3.4139e-01 -1.3671e+00  1.2978e+01  3.9928e+00  1.3647e+01  1.0000e+00
-7.1940e-01  9.5201e-01 -5.9794e-01 -7.5000e+00  7.1938e+00 -2.4419e+00  1.0675e+01  1.0000e+00
-8.0898e-02  9.2242e-02 -1.2877e-02  4.6134e+01  1.2836e+01  8.7389e+00  4.8678e+01  1.0000e+00
 5.5899e-01  5.3820e-01  7.1515e-01  1.0077e+01  2.5146e+00  2.1653e+00  1.0610e+01  1.0000e+00
 1.7783e-01 -1.0523e+00  1.9662e+00  1.2136e+00 -1.5854e+01  2.7633e+01  3.1881e+01  1.0000e+00
-1.3424e-01  2.9191e-02  1.3543e-01 -3.0296e+01  2.2703e+00  7.3561e+00  3.1259e+01  1.0000e+00
-1.7791e-01  3.7465e-01 -1.6258e-01 -7.2727e+00 -2.1959e+01  3.2278e+00  2.3356e+01  1.0000e+00
-7.3768e-01 -4.6932e-01 -4.6486e-02 -9.2062e-01  5.2346e+00  1.2062e+00  5.4501e+00  1.0000e+00
-8.4183e-02  1.1390e-01  8.9424e-02 -1.9545e-01  2.8778e+01 -8.7765e+00  3.0088e+01  1.0000e+00
 6.5191e-01  1.9026e-01  4.7417e-01 -2.0503e+00  6.7657e+00 -8.7866e-01  7.1240e+00  1.0000e+00
-3.6170e-02  1.9774e-01  2.4613e-01  1.3845e+01  2.3644e+01  2.2947e+01  3.5739e+01  1.0000e+00
-8.3324e-02  2.4507e-01  1.0689e-01  3.1438e+01  1.6133e+00 -8.2982e+00  3.2555e+01  1.0000e+00
-1.8455e+00  1.5355e+00 -5.3801e-01 -2.6376e+01  2.2078e+01 -7.3315e+00  3.5170e+01  1.0000e+00
 9.2909e-01 -6.9280e-01 -2.8525e+00  1.5083e+01 -1.1642e+01 -4.5773e+01  4.9580e+01  1.0000e+00
-2.5389e-01  1.2331e-01  1.0041e-03 -1.3824e+01  1.6407e+01 -2.0702e+01  2.9814e+01  1.0000e+00
-2.6607e-01 -2.1246e+00 -1.5108e+00 -1.7114e+00 -3.0675e+01 -2.2136e+01  3.7867e+01  1.0000e+00
-6.1235e-01  5.4744e-01 -2.7834e+00 -1.1165e+01  1.0682e+01 -4.3612e+01  4.6269e+01  1.0000e+00
 4.1945e-01 -1.7986e+00  3.7154e-03  5.7448e+00 -2.8960e+01  1.6630e-01  2.9524e+01  1.0000e+00
-2.9347e-02  4.0262e-01 -2.5158e-01  7.1320e-01  9.7146e+00 -3.0872e+00  1.0218e+01  1.0000e+00
-3.3923e-01 -3.2781e-01 -2.1599e+00 -5.5229e+00 -6.4191e+00 -3.0742e+01  3.1887e+01  1.0000e+00
-5.5421e-01 -8.3005e-01 -5.7527e-01 -4.3536e+00 -2.9826e+00 -3.4601e+00  6.3105e+00  1.0000e+00
-2.1039e-01 -6.9547e-02  1.1904e-01 -2.8794e+00  3.8260e+00 -2.9420e+00  5.6200e+00  1.0000e+00
-1.9806e-03  3.1493e-02  2.7936e-01  8.4316e-01  5.7917e+00 -4.7093e+00  7.5121e+00  1.0000e+00
-2.6038e-01 -7.8958e-02 -2.3225e-01  1.0319e+00  3.6054e+00 -3.2259e+00  4.9468e+00  1.0000e+00
 1.1099e+00 -1.7460e+00 -6.7203e-01  1.8048e+01 -2.3145e+01 -9.0693e+00  3.0719e+01  1.0000e+00
-1.1914e-01  4.7928e-02  2.5488e-01 -2.0625e-01 -3.5026e+00 -1.5798e+01  1.6183e+01  1.0000e+00
-2.3524e-01  2.6989e-01  1.2680e-01 -5.5718e+00  3.7868e+00 -1.0781e+01  1.2713e+01  1.0000e+00
-2.1284e+00 -9.9964e-01 -7.7158e-01 -3.1403e+01 -1.4065e+01 -9.5318e+00  3.5704e+01  1.0000e+00
 1.2388e+00  3.7365e-01  7.8773e-01  2.0058e+01  1.0059e+01  1.8782e+01  2.9263e+01  1.0000e+00
-9.9725e-02  1.2282e-01 -9.6826e-02  2.1176e+01  2.4631e+00 -1.2077e+01  2.4502e+01  1.0000e+00
 6.8940e-01 -2.5223e+00 -1.9603e-01  1.2389e+01 -4.0526e+01 -3.1563e+00  4.2494e+01  1.0000e+00
-3.6025e-01 -2.3767e-02  1.6636e-01 -2.1941e+00  1.4658e+01 -1.3149e+01  1.9813e+01  1.0000e+00
-2.5404e+00 -1.7179e-01  3.7890e+00 -5.7524e+01 -5.6363e+00  8.4864e+01  1.0268e+02  1.0000e+00
 1.3422e+00 -2.5048e+00 -1.9884e+00  2.2992e+01 -3.9511e+01 -3.2133e+01  5.5877e+01  1.0000e+00
-2.1719e-01  4.3362e-02 -7.5286e-02 -2.5893e+00  3.9680e-01 -1.8786e+00  3.2235e+00  1.0000e+00
-8.9638e-01 -1.6115e-01 -2.7040e-01 -1.1182e+01  1.9363e+00 -5.6807e+00  1.2691e+01  1.0000e+00
-3.5419e-01  1.3297e-01 -4.2575e-02 -8.1274e+00  4.6580e+00 -1.3119e+01  1.6120e+01  1.0000e+00
-1.0776e+00 -4.2443e-01 -8.8423e-01 -1.8019e+01 -5.3071e+00 -1.3603e+01  2.3192e+01  1.0000e+00
-1.5018e-01  3.1222e-02  1.6994e-02 -3.2687e+00 -1.3841e+01 -3.0202e+00  1.4539e+01  1.0000e+00
-1.6359e-01  1.0377e-01  1.3264e-01 -3.7903e+00  2.4494e+01 -3.5009e-01  2.4788e+01  1.0000e+00
-1.5361e-02 -2.2250e+00 -1.5185e+00 -2.0648e-02 -3.0147e+01 -2.1288e+01  3.6905e+01  1.0000e+00
-2.1749e-01  1.1220e-01  3.4523e-02  2.8466e+01  1.1575e+01 -8.2440e+00  3.1816e+01  1.0000e+00
-1.3307e-01  1.7239e-01  6.6795e-02 -1.6989e+00 -7.4175e+00 -1.0937e+01  1.3324e+01  1.0000e+00
 1.2519e-01  7.5839e-02  8.7854e-02 -5.3077e+00  9.0190e+00  2.2864e+01  2.5145e+01  1.0000e+00
 8.3498e-01  3.5939e-02  9.1509e-01  2.1319e+00  4.4720e+00  1.1955e+01  1.2941e+01  1.0000e+00
-2.2890e-01  3.7400e-02  1.0013e-02 -6.0129e+00  2.8441e+01  2.2820e+01  3.6957e+01  1.0000e+00
-5.0832e+00 -5.4714e+00  2.3820e+00 -5.1763e+01 -6.3048e+01  2.9748e+01  8.6830e+01  1.0000e+00
-4.2798e-02  2.9543e-01 -1.8995e-01 -1.4768e+00 -9.2535e+00 -8.4875e+00  1.2643e+01  1.0000e+00
-1.1168e-01  1.2355e-01  6.1785e-02 -7.4159e+00 -1.5034e+01  8.5243e+00  1.8807e+01  1.0000e+00
-2.0219e-01  2.9153e-02  9.1509e-02  6.3407e+00 -1.4328e+01  7.6810e-01  1.5688e+01  1.0000e+00
-1.0796e-01  7.5166e-02  5.6646e-03 -2.1978e+00  3.0371e+01  1.4924e+01  3.3911e+01  1.0000e+00
-2.1580e-01  1.0646e-01  1.2145e-01 -7.8681e+00 -4.1193e+01  9.5435e+00  4.3010e+01  1.0000e+00
-3.1552e-01  5.8869e-01 -1.3746e-01  8.7240e+00  8.1566e-02  8.0378e+00  1.1863e+01  1.0000e+00
 8.5375e-01  7.3645e-01  7.2161e-02  4.0670e+00  7.8008e+00  5.9228e+00  1.0605e+01  1.0000e+00
 2.1175e-02 -1.8079e+00  9.7130e-01 -4.3440e-01 -2.8312e+01  1.3475e+01  3.1358e+01  1.0000e+00
-2.0885e+00 -1.4145e+00 -7.9787e-01 -3.6341e+01 -2.2901e+01 -1.5640e+01  4.5714e+01  1.0000e+00
 3.8995e-01  3.6062e-02  2.0187e-01  7.0819e+00 -2.6129e+01 -2.8446e+00  2.7221e+01  1.0000e+00
-1.5292e-01  1.1984e-01  1.7880e-01 -1.5055e+01  1.9627e+01 -1.8714e+01  3.1018e+01  1.0000e+00
 2.7448e+00 -1.0554e+00 -2.4005e-01  4.3564e+01 -1.5247e+01 -2.4039e+00  4.6218e+01  1.0000e+00
-6.0899e-01  8.4963e-01 -3.0578e-01 -1.2004e+01 -3.2982e+00  9.0941e+00  1.5417e+01  1.0000e+00
 3.9061e+01 -4.8826e+01  3.2686e+01  3.8386e+02 -4.7418e+02  3.0947e+02  6.8408e+02  1.0000e+00
-6.4334e-01  8.4829e-01 -4.7197e-01  8.5273e-01  1.0766e+01  5.6038e-01  1.0814e+01  1.0000e+00
-4.5760e-01  2.3620e-01 -1.3433e-01 -2.6500e+01  4.9746e+00 -1.9835e+00  2.7036e+01  1.0000e+00
 1.8258e-02  3.0291e-01  2.6767e-01 -6.7104e+00  1.0446e+01  1.0535e+01  1.6283e+01  1.0000e+00
 1.7585e+00  1.5015e+00  1.5599e-02  2.5586e+01  2.0679e+01  2.0230e+00  3.2960e+01  1.0000e+00
 1.8339e-01  2.7216e-01  4.5046e-02  4.2429e+00 -2.7481e+00 -1.2062e+01  1.3078e+01  1.0000e+00
 4.8334e-01 -2.3275e+00  2.5412e-01  5.9659e+00 -3.4105e+01  1.7740e+00  3.4668e+01  1.0000e+00
 2.2913e-02 -3.2826e-02 -9.9201e-02  2.2016e+01  1.4562e+01  6.8278e+00  2.7265e+01  1.0000e+00
 1.4558e-01  1.1755e+00 -1.6294e+00  2.0723e+00  1.6490e+01 -2.6140e+01  3.0976e+01  1.0000e+00
 2.9343e-02  1.1666e-02 -3.6529e-02 -7.0278e+00 -5.0522e+00  1.2343e+01  1.5075e+01  1.0000e+00
-8.9302e-02  2.1200e-01  8.2893e-02  2.5028e+00  2.5797e+01 -1.5079e+01  2.9986e+01  1.0000e+00
-9.6024e-01  2.2849e-01  1.1324e+00 -2.4852e+00 -4.7425e+00  1.4763e+00  5.5541e+00  1.0000e+00
-7.4974e-02  1.4692e-01  1.1158e-01  7.6864e+00  1.3260e+00 -1.6635e+00  7.9754e+00  1.0000e+00
-2.8588e-01  6.3088e-01 -1.8653e-01  1.2225e+01 -1.4563e+00  6.9935e-01  1.2331e+01  1.0000e+00
 2.5606e-01 -2.1582e+00  1.7137e+00  3.1028e+00 -3.3947e+01  2.6818e+01  4.3373e+01  1.0000e+00
 1.5354e-02  2.0542e-01  1.1306e-01  7.4444e+00  1.8771e+01 -1.1943e+01  2.3461e+01  1.0000e+00
 6.6009e-01  1.5056e+00 -5.4317e-02 -3.5649e-01  2.5356e+01  3.8848e+00  2.5654e+01  1.0000e+00
 7.0636e-02  1.6416e-01  7.2574e-02  1.5615e+01  6.3751e+00  2.3780e+01  2.9154e+01  1.0000e+00
 1.0897e+00 -8.2973e-01  1.3590e-01  1.1430e+01 -7.2706e+00  3.7440e+00  1.4054e+01  1.0000e+00
-1.1589e-01  2.9054e-01 -5.1366e-02 -1.9279e+01 -1.1980e+00  1.8093e+01  2.6467e+01  1.0000e+00
 1.3261e+00 -8.5670e-01  8.0396e-01  2.0653e+01 -7.3594e+00  1.1922e+01  2.4957e+01  1.0000e+00
-5.8390e-01  3.0673e-01  6.9082e-01  1.0688e+00 -1.3423e+00  5.5896e+00  5.8471e+00  1.0000e+00
-2.8704e-02  2.3744e-02  2.6373e-01 -6.9417e+00 -1.3868e+01 -7.7573e+00  1.7340e+01  1.0000e+00
-1.3663e-02  1.4428e-01  1.0313e-01  7.6884e+00 -4.5443e+00 -1.3365e+01  1.6074e+01  1.0000e+00
-5.6605e-01 -5.1780e-01 -2.4663e+00 -7.3590e+00 -6.1132e+00 -3.7247e+01  3.8456e+01  1.0000e+00
 5.8742e-01  4.5268e-01 -3.5221e-01 -5.6011e+00  4.5789e+00 -1.5801e+00  7.4051e+00  1.0000e+00
 2.7995e+00 -1.5301e-01 -7.7183e-01  4.4177e+01 -8.1867e-01 -9.3865e+00  4.5170e+01  1.0000e+00
-2.3453e-01  4.2332e-01 -7.0862e-02  8.6862e+00  9.0355e+00 -1.5809e+00  1.2633e+01  1.0000e+00
 8.6434e-01 -3.7438e-02  2.4025e+00  1.6023e+01 -1.9953e+00  4.1459e+01  4.4493e+01  1.0000e+00
-1.0515e+00  6.1458e-02  1.6880e-01 -1.1602e+00  1.8995e+00  5.3353e+00  5.7809e+00  1.0000e+00
 8.7426e-01  3.6494e-01  7.0005e-01 -2.7886e+00 -5.8583e+00  1.2092e+01  1.3722e+01  1.0000e+00
-1.3421e+00  2.2959e-01  1.9593e+00 -1.8176e+01  2.9738e+00  2.9844e+01  3.5070e+01  1.0000e+00
 5.5880e-01  2.1204e+00  3.7592e-01 -3.7004e+00  1.8715e+01 -2.8663e+00  1.9291e+01  1.0000e+00
-1.6812e-01 -8.9466e-02  8.2491e-02 -3.8716e+00  9.3014e+00 -1.3546e+00  1.0166e+01  1.0000e+00
 7.1658e-01  5.4950e+00  4.0004e+00  3.3497e-01  6.4138e+01  4.0931e+01  7.6087e+01  1.0000e+00
-9.9080e-01  9.9766e-01 -8.0660e-01 -1.5769e+01  1.3484e+01 -6.4809e+00  2.1736e+01  1.0000e+00
-2.6721e-01 -2.3610e-01  8.4703e-04  8.3663e-01 -1.3307e+01 -7.5468e+00  1.5321e+01  1.0000e+00
-3.3470e-01 -3.6925e-01 -8.3916e-01  2.0363e+00  9.9390e+00  8.5753e+00  1.3284e+01  1.0000e+00
-3.1178e-02  2.9611e-01  1.0008e-01 -1.1323e+01 -1.9473e+01 -1.7991e+01  2.8829e+01  1.0000e+00
-2.2534e-01  1.3053e-01  9.8940e-03 -1.1776e+01 -6.0847e+00 -5.6182e+00  1.4397e+01  1.0000e+00
 1.0998e-01  1.1117e-01 -2.2547e-01 -1.5679e+01 -5.1423e+00  2.6580e+00  1.6714e+01  1.0000e+00
-1.1560e+00 -1.3647e-01  1.1186e+00 -1.0476e+01 -1.0810e+00  1.5092e+01  1.8403e+01  1.0000e+00
-6.0337e-02  2.4173e-01 -1.4770e-01  7.6353e+00  2.2461e+01 -2.0118e+00  2.3809e+01  1.0000e+00
-1.0954e-01  7.7260e-02 -9.8613e-03  1.0623e+01 -1.9366e+01  9.0747e-01  2.2107e+01  1.0000e+00
 3.3453e-02 -1.2937e-01 -1.0601e-01 -2.0337e+00 -1.4793e+00  1.8390e+01  1.8561e+01  1.0000e+00
-5.7495e-02  1.9372e-01 -3.0793e-02 -3.1050e+00  1.3312e+01 -3.1316e+00  1.4024e+01  1.0000e+00
-1.8538e-01  7.4035e-02  6.2524e-02  1.1205e+01  1.3969e+01  1.1406e+01  2.1231e+01  1.0000e+00
 4.5829e-03  1.7214e-01  9.7678e-02  1.0620e+01 -9.6137e+00  1.0528e+01  1.7777e+01  1.0000e+00
 1.0629e+00 -1.9606e+00 -8.5472e-01  1.4759e+01 -2.5916e+01 -1.3037e+01  3.2549e+01  1.0000e+00
 2.8376e-01  3.8637e-01  5.5372e-02  1.9953e+01  1.2748e+01 -2.4071e+00  2.3800e+01  1.0000e+00
 1.2126e+00  1.6153e-01 -3.6375e+00  1.8683e+01  5.5366e+00 -4.0219e+01  4.4690e+01  1.0000e+00
-2.8161e-01  1.4122e+00 -1.2575e+00 -3.2595e+00  2.0198e+01 -1.3373e+01  2.4442e+01  1.0000e+00
-2.3286e+00 -9.7439e-01  5.5611e-01 -3.8831e+01 -1.3628e+01  9.3929e+00  4.2212e+01  1.0000e+00
 2.8102e+00 -2.9747e-01 -1.2240e+00  4.7463e+01 -4.5184e+00 -1.9565e+01  5.1536e+01  1.0000e+00
 1.0967e+00 -5.8618e+00  3.5631e+00  1.7689e+01 -9.8169e+01  6.1018e+01  1.1693e+02  1.0000e+00
-4.9735e-02  1.2455e-01  4.0875e-02 -1.7310e+01 -7.3144e+00  7.4818e+00  2.0226e+01  1.0000e+00
-7.9060e-02 -3.7086e-02 -1.3077e-02 -1.6364e+00 -5.1746e+00 -1.7208e+01  1.8044e+01  1.0000e+00
-1.0353e-01  2.7443e-02 -5.9370e-02 -1.0955e+01  3.1002e+00 -8.7471e+00  1.4358e+01  1.0000e+00
-3.6075e-01  7.7382e-01 -6.4105e-01 -5.0421e+00  3.5908e+00  2.4744e+00  6.6663e+00  1.0000e+00
-1.6309e+00 -1.1488e+00 -7.7559e-01 -2.3909e+01 -1.1960e+01 -1.2895e+01  2.9681e+01  1.0000e+00
-1.4549e-01  1.1183e-01 -4.2703e-02 -2.8445e+01 -2.0780e+01 -2.8928e+01  4.5582e+01  1.0000e+00
-1.3140e-01  6.9599e-02 -1.2953e-01  3.1611e+01  1.7859e+01  9.0124e+00  3.7409e+01  1.0000e+00
-2.6184e-01  1.2316e-01 -3.3070e-02  8.4577e+00 -2.2404e+00  6.6065e+00  1.0964e+01  1.0000e+00
-3.5120e-02  1.4780e-01 -1.2042e-01  3.2005e+01 -6.2477e+00 -9.4564e+00  3.3953e+01  1.0000e+00
 6.1128e-01 -9.7559e-01 -1.1462e+00  8.0963e+00 -1.1539e+01 -1.1314e+01  1.8075e+01  1.0000e+00
-2.3052e-01 -3.6087e-02 -8.4010e-02  3.0002e+01  8.9940e+00 -7.8732e+00  3.2295e+01  1.0000e+00
-8.8920e-02  1.2600e-01 -2.5974e-02 -3.2296e+01  6.6440e+00  4.5835e+00  3.3289e+01  1.0000e+00
 1.1633e+00 -1.2860e+00 -1.7654e+00  1.6287e+01 -1.8791e+01 -2.4312e+01  3.4777e+01  1.0000e+00
 4.0561e-01  1.7052e-01  2.1852e-01 -1.5625e+01  2.5799e+00 -2.1334e+00  1.5980e+01  1.0000e+00
-8.2546e-02  1.0548e-01  8.6655e-02 -2.4331e+01 -2.0477e+01  3.0842e+01  4.4300e+01  1.0000e+00
-4.2338e-02  1.6396e-01  4.8391e-02 -6.8228e+00 -2.8295e+01 -2.9023e+01  4.1104e+01  1.0000e+00
-2.0667e-01 -6.6465e-01  4.5527e-01  2.3721e+00  1.7516e+00 -1.3583e+01  1.3899e+01  1.0000e+00
-1.7862e-01  4.5104e-02 -5.8780e-03 -7.3382e+00 -7.9324e+00 -2.4930e+00  1.1090e+01  1.0000e+00
 2.1658e-02  1.1942e-01 -3.7440e-02  5.7249e+00  1.4031e+01  1.8566e+01  2.3965e+01  1.0000e+00
 8.3997e-01 -8.5411e-01 -3.6277e-01  6.8859e+00 -6.4175e+00  8.3234e-01  9.4495e+00  1.0000e+00
-8.0867e-02  1.5863e-01  7.9973e-02  2.1308e+00 -1.1785e+01 -3.9884e+00  1.2623e+01  1.0000e+00
 5.9392e-02  2.5474e-01  7.3984e-02 -8.4387e+00  1.1456e+01 -2.4918e+01  2.8694e+01  1.0000e+00
 1.8070e+00  9.9743e-01 -3.3810e-01  2.3288e+01  1.6501e+01 -2.2497e+00  2.8630e+01  1.0000e+00
-1.5156e-01  6.8718e-02  1.3038e-01 -3.2665e+01 -1.6285e+01 -8.5485e+00  3.7487e+01  1.0000e+00
 6.0054e-02 -1.1404e-01 -1.3737e-02  2.3870e+01  1.8424e+00  1.3461e+01  2.7465e+01  1.0000e+00
-9.1835e-02  2.6945e-01 -5.9069e-03  5.2019e+00 -9.1792e-01 -9.9773e+00  1.1289e+01  1.0000e+00
-4.7870e-02  1.7050e+00  2.5295e-01  4.9254e+00  2.5819e+01  4.5261e-01  2.6289e+01  1.0000e+00
-3.9872e+01  4.9006e+01 -3.2083e+01 -3.7964e+02  4.7214e+02 -3.1702e+02  6.8377e+02  1.0000e+00
-2.5080e-02  9.9242e-01  3.5991e-01 -1.4442e+01  1.2522e+01  7.1126e-01  1.9128e+01  1.0000e+00
-1.3249e-01  1.7035e-01  2.1111e-02 -1.0456e+01 -2.2780e+01  1.2157e+01  2.7857e+01  1.0000e+00
-6.7654e-01  6.8727e-01 -1.3499e-01 -1.3327e+01  1.4730e+01 -2.2247e+00  1.9989e+01  1.0000e+00
-1.0804e-01  1.6264e-01 -2.6522e-01 -5.5004e+00  6.3055e+00  2.4842e+01  2.6213e+01  1.0000e+00
 1.1709e-01  3.1275e-01  2.1700e-01 -1.6430e+00 -9.1850e+00 -2.3719e+01  2.5488e+01  1.0000e+00
 1.0204e+00 -1.5961e+00 -1.6278e+00  1.6310e+01 -2.2077e+01 -2.1064e+01  3.4599e+01  1.0000e+00
-2.1194e-01  6.6925e-02  2.3634e-01 -6.1575e+00  1.1434e+01  3.0123e+00  1.3332e+01  1.0000e+00
 9.2796e-01  1.9858e-01  4.0439e-01  3.9780e+00  4.2876e+00 -1.9611e+00  6.1688e+00  1.0000e+00
-4.7632e-02  2.8766e-01  9.2412e-02  1.1962e+01  1.4560e+01  1.2769e-01  1.8844e+01  1.0000e+00
-2.1169e+00 -6.9323e-02  1.6763e+00 -3.3385e+01  2.3291e+00  2.8748e+01  4.4118e+01  1.0000e+00
-4.4764e-01  4.2526e-01  1.3930e-01  4.4009e+00 -1.0088e+01 -1.1653e+01  1.6029e+01  1.0000e+00
-2.5504e-01  2.0468e-01  2.8581e-02 -1.8018e+01 -1.6649e+00  2.8378e+00  1.8316e+01  1.0000e+00
-1.4363e+00  1.1763e+00 -2.2808e+00 -2.2271e+01  2.0392e+01 -3.5973e+01  4.6967e+01  1.0000e+00
 2.4167e+00 -1.7456e+00  6.1256e-01  3.7467e+01 -2.5316e+01  1.0522e+01  4.6426e+01  1.0000e+00
 1.5378e+00 -9.1714e-01  1.5270e+00  2.1075e+01 -1.3136e+01  2.3527e+01  3.4208e+01  1.0000e+00
-6.1424e-02 -4.2332e-02 -5.3435e-02 -1.5512e+01  2.1364e-01 -1.0993e+00  1.5552e+01  1.0000e+00
-1.2192e-01 -2.2414e-02  1.3543e-01 -1.5437e+01  1.2431e+01 -1.7694e+01  2.6569e+01  1.0000e+00
 2.1325e-01  2.6800e-01 -3.4994e-01  5.6350e+00  4.3579e+00 -5.9273e+00  9.2671e+00  1.0000e+00
-1.3759e+00  5.7210e-01  6.9310e-01 -2.1917e+01  3.1270e+00  7.3414e+00  2.3324e+01  1.0000e+00
-2.6593e-01  1.2763e-01  1.4158e-01  1.9135e+01  1.5907e+01  6.7889e+00  2.5793e+01  1.0000e+00
 7.6133e-01 -5.6973e-01 -1.5791e-01  5.0515e+00 -1.7724e+00  4.2946e+00  6.8631e+00  1.0000e+00
 2.5617e-01 -1.9795e-01  2.8429e-02 -5.9813e+00  4.0480e-01  5.8829e+00  8.3993e+00  1.0000e+00
-8.3001e-02  3.0098e-01 -1.1028e-01  2.2254e+01 -1.2148e+01 -5.5108e+00  2.5945e+01  1.0000e+00
-1.1967e+00  5.7585e-01 -9.6679e-01 -1.8068e+01  1.6867e+01 -1.5518e+01  2.9185e+01  1.0000e+00
 1.2838e-02 -2.2737e-01  1.0976e-01  1.6880e+01 -2.6560e+00 -2.7690e+00  1.7310e+01  1.0000e+00
-7.7775e-01  5.2578e-01 -2.0579e+00 -1.2015e+01  7.6253e+00 -2.9506e+01  3.2758e+01  1.0000e+00
 6.7244e-01  1.7081e+00  1.1672e+00 -5.1581e+00  2.1330e+01  9.1227e+00  2.3765e+01  1.0000e+00
-2.0681e+00 -7.0128e-01 -8.8686e-01 -3.7365e+01 -7.6413e+00 -1.0708e+01  3.9613e+01  1.0000e+00
-9.1156e-01 -5.0216e-01  1.8657e-01 -3.2013e+00 -1.1465e+01  2.7759e+00  1.2223e+01  1.0000e+00
-9.3256e-01  1.3075e-01  7.8665e-01 -2.3799e+00  2.7806e+00  8.0378e+00  8.8319e+00  1.0000e+00
 3.9335e-02  2.2213e-02  1.7040e-01 -2.3913e+01  9.0329e+00  1.1511e+01  2.8034e+01  1.0000e+00
-4.6202e-01  2.0629e-01 -8.8532e-02  1.5614e+01 -1.0820e+01 -9.2207e-01  1.9019e+01  1.0000e+00
 4.0834e-02  5.2171e-01  7.9702e-02  8.6236e+00  1.2177e+01 -1.0333e+01  1.8150e+01  1.0000e+00
 9.2681e-03  4.0287e-02 -1.6726e-02  1.3836e+01  2.1544e+01 -1.3268e+01  2.8838e+01  1.0000e+00
-4.2421e-02  6.0775e-01  3.8049e-01  4.8305e+00  1.7735e+01  5.3882e+00  1.9155e+01  1.0000e+00
 1.0623e+00 -4.8635e-01  1.8015e+00  7.0668e+00 -6.0359e+00  2.1841e+00  9.5469e+00  1.0000e+00
 2.2450e-02  2.0990e-02  2.3070e-02  4.3656e+00  2.1622e+01 -3.9030e+00  2.2401e+01  1.0000e+00
-1.3659e-01  9.1121e-02 -3.4780e-02  2.0055e+01  8.1478e+00  9.9750e+00  2.3835e+01  1.0000e+00
-3.7437e+00  5.1770e+00 -3.3014e+00 -4.2430e+01  4.4816e+01 -2.7010e+01  6.7367e+01  1.0000e+00
-3.5898e-01  8.9431e-01  8.6706e-01 -1.3358e+00  6.1105e+00  8.7843e+00  1.0784e+01  1.0000e+00
 7.2649e-01 -4.9911e-01 -7.6147e-02  2.0136e+01  4.7370e+00 -6.4381e+00  2.1664e+01  1.0000e+00
-6.6596e-02  6.7203e-02  6.1145e-02 -1.5592e+01 -4.7921e+00  2.7563e+01  3.2028e+01  1.0000e+00
-1.5363e-01 -3.9403e-02  1.0790e-01 -1.4009e+01 -5.5507e+00 -2.8259e+00  1.5331e+01  1.0000e+00
-9.7394e-02 -2.0359e+00 -9.2374e-01 -9.7600e-01 -2.6411e+01 -1.4061e+01  2.9937e+01  1.0000e+00
-5.4863e-02  1.0884e-01  6.2615e-01  8.4721e+00  1.1412e+01  9.8760e+00  1.7308e+01  1.0000e+00
 1.0670e+00 -1.6412e+00 -1.5102e+00  1.4249e+01 -2.3602e+01 -2.1973e+01  3.5255e+01  1.0000e+00
 3.5859e-03 -1.3728e-01  6.8525e-02 -2.6119e-01  4.9070e+00  1.7240e+01  1.7926e+01  1.0000e+00
-9.4067e-02  9.8567e-02 -1.5702e-02 -2.3405e+01 -1.0467e+01 -8.0023e+00  2.6859e+01  1.0000e+00
-4.2315e-01  1.3449e+00  8.5298e-01  1.8762e+00  2.2368e+01  9.8738e+00  2.4522e+01  1.0000e+00
 5.0218e-01 -1.1271e+00  1.8316e+00  6.9276e+00 -1.6602e+01  2.4854e+01  3.0681e+01  1.0000e+00
-3.0990e-02  4.3016e-01  4.8153e-01 -2.9697e-01  4.3008e+00 -1.5269e+01  1.5866e+01  1.0000e+00
-2.0225e-01  1.3861e-01  7.6161e-02  8.8335e+00 -9.2509e+00 -4.0925e+00  1.3430e+01  1.0000e+00
-1.2082e-02  1.6619e-01 -4.3087e-02 -2.4323e+00  1.9291e+01 -1.3254e+01  2.3531e+01  1.0000e+00
-3.0311e-03  5.2485e-02  1.0594e-01 -1.7630e+01  3.5532e+01 -1.3692e+00  3.9689e+01  1.0000e+00
-1.3978e+00 -6.0920e-01  1.1980e+00 -2.0987e+01 -6.9476e+00  1.3395e+01  2.5849e+01  1.0000e+00
-1.2859e-01  6.0058e-02  7.7246e-02 -3.5654e+01  1.5309e+01  2.3061e+01  4.5137e+01  1.0000e+00
 7.9347e-04  1.4943e-01  7.9183e-02  2.2797e+01 -1.5222e+01  9.4791e+00  2.9005e+01  1.0000e+00
 1.6950e+00 -2.3751e+00 -1.4774e-01  2.8729e+01 -3.6687e+01 -2.8817e+00  4.6686e+01  1.0000e+00
-2.0438e-01  4.4266e-01 -7.7786e-02 -3.0572e+00 -3.0388e+00 -2.3346e+00  4.9022e+00  1.0000e+00
-1.5479e+00 -4.2624e-01  1.4154e+00 -7.9594e+00  3.5437e+00  3.3105e+00  9.3204e+00  1.0000e+00
-3.7700e-02  7.8490e-03  5.0754e-02 -1.7764e+01 -1.0000e+01 -5.9029e+00  2.1223e+01  1.0000e+00
-2.0405e-01 -1.5329e-01 -1.8277e-02  4.3385e+00 -1.4173e+01 -1.6714e+01  2.2340e+01  1.0000e+00
 1.2062e+00 -5.0704e-01  3.6449e-01  9.4867e+00 -5.5219e+00  1.5444e+00  1.1085e+01  1.0000e+00
-2.4447e-02  1.8465e-01 -2.2344e-02 -1.9961e+01  1.0358e+00  2.6734e+01  3.3380e+01  1.0000e+00
 3.2594e-02  5.9578e-02  1.9871e-01 -3.8911e+01  4.0694e+00 -3.9937e+00  3.9327e+01  1.0000e+00
-1.0615e-01  8.7849e-02  4.4584e-01  7.7969e+00  7.4395e-01  1.6514e+01  1.8278e+01  1.0000e+00
-3.0875e-02  3.2899e-02 -8.6405e-02 -2.3338e+01  7.9262e+00  7.8386e+00  2.5864e+01  1.0000e+00
-8.3898e-02  3.6050e-01  1.3431e-01 -2.1642e+00 -4.3459e+00 -1.1556e+01  1.2534e+01  1.0000e+00
 4.2173e-02  1.6242e-01  2.8042e-02 -1.9854e+01 -1.0140e+01 -1.1952e+00  2.2326e+01  1.0000e+00
-2.1865e-01  1.0889e-01  1.5509e-01  7.0540e+00 -2.7530e+01 -6.6963e+00  2.9198e+01  1.0000e+00
-8.0898e-02  3.0121e-01 -1.0710e-01 -1.1480e+01  1.4523e+01  1.0451e+01  2.1259e+01  1.0000e+00
-2.7645e-01  2.1073e-01  1.5191e-01 -4.4558e+00  1.1442e+01  1.1228e+01  1.6639e+01  1.0000e+00
-1.6520e-01  9.3742e-02  6.2925e-02 -6.5783e+00  4.3132e+01 -2.6346e+00  4.3711e+01  1.0000e+00
-3.4371e-02  2.0044e-01 -2.1756e-02 -1.6019e+01  2.6619e+01 -8.9144e+00  3.2321e+01  1.0000e+00
 2.6623e-02  1.2638e-01 -2.2378e-02  2.6232e+01  2.2926e+01  2.9253e+01  4.5491e+01  1.0000e+00
 2.5039e-01  5.6963e-01 -7.0480e-01 -1.3006e+01  6.0681e+00  3.3815e+00  1.4745e+01  1.0000e+00
-2.8500e-02 -7.5557e-02 -1.8368e-01  1.4667e+00  1.0039e+01  2.2497e+01  2.4679e+01  1.0000e+00
-2.6417e-01 -1.2377e-01 -2.3771e-01 -8.0323e+00  2.3368e+01  5.3738e+00  2.5288e+01  1.0000e+00
-1.3345e-01  5.9464e-02  1.1297e-01  1.1492e+01  3.2567e+01  5.5371e+00  3.4976e+01  1.0000e+00
-1.3842e-01  9.2171e-02  7.6192e-02 -7.2897e+00 -3.4501e+01  1.3447e+01  3.7739e+01  1.0000e+00
-3.2968e-01  2.5801e-01  2.2981e-01 -2.1497e+00 -8.0587e-01  2.1561e+01  2.1683e+01  1.0000e+00
-7.1018e-01  1.0787e+00  2.9007e+00 -5.2741e+00  8.7070e+00  2.0604e+01  2.2981e+01  1.0000e+00
 1.5740e+00  2.2293e-01  1.1269e-01  1.7352e+01  5.5914e+00  3.2362e+00  1.8516e+01  1.0000e+00
 1.3740e+00 -5.9552e-01 -1.2229e+00  1.8203e+01 -1.0205e+01 -1.5770e+01  2.6156e+01  1.0000e+00
-2.4429e-01 -5.8950e-02  1.6027e-01 -2.2953e+00  2.8140e+00  7.0012e+00  7.8869e+00  1.0000e+00
 1.3420e+00 -1.5171e+00 -2.2885e+00  2.2766e+01 -2.2772e+01 -3.4120e+01  4.6916e+01  1.0000e+00
-6.5295e-02  1.0360e-01  5.1456e-02  1.7331e+01 -8.0384e-01  9.6963e+00  1.9875e+01  1.0000e+00
 3.6993e-02  9.6347e-02 -6.4383e-02 -1.3406e+00  8.6705e+00 -9.7930e+00  1.3148e+01  1.0000e+00
-2.8145e-01  9.1247e-02  3.1259e-01  1.3393e+01  6.8908e+00  2.8169e-01  1.5065e+01  1.0000e+00
 3.0156e-03  1.5863e-01  1.2559e-01 -2.8356e+00  5.6782e+00 -5.3995e+00  8.3329e+00  1.0000e+00
 7.5390e-02  2.2266e-01  3.1648e-01  1.2363e+01  1.2848e+01  2.1320e+01  2.7793e+01  1.0000e+00
 6.4847e-01  5.7587e-01  5.5841e-01 -2.5717e+00  5.2882e+00  9.6034e+00  1.1261e+01  1.0000e+00
-1.1333e-01  2.4747e-02  9.6859e-03  2.2111e+01 -7.3468e+00  1.6660e+01  2.8643e+01  1.0000e+00
 1.0647e-01  7.9094e-02  3.0052e-01 -1.2740e+01 -4.4499e+00  6.1072e+00  1.4812e+01  1.0000e+00
 1.2592e-01 -3.9069e-01  2.0368e-01  9.9117e+00 -1.1124e+01  2.6590e-01  1.4902e+01  1.0000e+00
-1.2122e-01  1.0648e-01  5.1962e-02  2.2468e+01  5.7284e+00  8.2226e+00  2.4602e+01  1.0000e+00
-6.8491e-01  6.4163e-01  1.8924e+00 -6.3152e+00  9.0560e+00  2.7483e+01  2.9618e+01  1.0000e+00
-6.4323e-01 -7.0818e-01  6.4844e-01  6.4770e+00  7.1159e+00  8.5628e+00  1.2881e+01  1.0000e+00
 9.1354e-02 -3.7380e-02 -5.9867e-02  3.7024e+00 -8.5700e+00 -2.5322e+00  9.6729e+00  1.0000e+00
-9.0780e-02  1.1642e-01 -3.6068e-02 -1.8324e+01  7.2768e+00  2.7269e+01  3.3650e+01  1.0000e+00
-1.0475e+00  6.3773e-01  8.4842e-01 -5.9475e+00  1.1759e+01  1.2015e+01  1.7833e+01  1.0000e+00
 1.4850e+00 -3.6590e+00  5.8656e+00  1.5748e+01 -3.9755e+01  7.1495e+01  8.3306e+01  1.0000e+00
 2.1092e+00  4.1725e-01  1.8763e+00  3.3273e+01  6.5135e+00  3.1324e+01  4.6159e+01  1.0000e+00
 7.5443e-01 -8.2641e-01 -4.2482e-01  9.0335e+00 -3.8132e+00 -4.6452e+00  1.0850e+01  1.0000e+00
-1.5207e-01  1.4367e-01  1.3668e-02  1.0533e+01  2.8007e+01 -1.1720e+01  3.2136e+01  1.0000e+00
-2.2688e-01  2.3238e-01 -2.7784e-01 -1.5571e+01  1.7972e+01 -1.3314e+01  2.7253e+01  1.0000e+00
-5.6361e-01  2.1837e-01  2.2832e+00 -9.1157e+00  5.9234e+00  3.6238e+01  3.7834e+01  1.0000e+00
-1.7367e+00 -1.0706e+00 -1.9319e+00 -2.3223e+01 -3.6546e+00 -2.1955e+01  3.2167e+01  1.0000e+00
 5.8298e-01  9.4665e-01 -7.7742e-01  3.1453e+00  1.1977e+01 -6.1229e+00  1.3814e+01  1.0000e+00
-1.5087e-01  5.0805e-02  1.2755e-01  6.1875e+00 -7.2960e+00  3.1209e+01  3.2642e+01  1.0000e+00
-3.2259e-01  5.9803e-01 -2.0785e-01 -8.1578e+00 -9.1307e+00  4.0184e+00  1.2887e+01  1.0000e+00
-9.5838e-02  8.8558e-02 -5.7609e-02 -3.9472e+00  1.1683e+01  1.1324e+00  1.2384e+01  1.0000e+00
 2.8004e-01  1.1666e+00  4.9418e-01  4.4978e+00  1.1621e+01  4.7028e+00  1.3319e+01  1.0000e+00
 7.4335e-02  2.0510e-01  1.1265e-01  1.6980e+00 -1.7989e+01 -1.0172e+00  1.8097e+01  1.0000e+00
-2.1093e-01  2.5300e-01  1.0342e-01 -1.0590e+00 -5.3948e+00 -1.2644e+01  1.3787e+01  1.0000e+00
-8.4953e-01  2.4647e+00 -3.9284e-01 -1.2075e+01  3.8450e+01 -4.7311e+00  4.0578e+01  1.0000e+00
 3.3968e-01 -5.0487e-01 -3.4620e-01  2.1031e+01 -4.0516e+00  1.2431e+01  2.4763e+01  1.0000e+00
-1.8196e+00 -3.7211e-01 -3.7937e-01 -2.5038e+01 -5.9466e-01 -6.5984e+00  2.5900e+01  1.0000e+00
 8.4758e-01  5.0835e-02  8.8177e-01  4.4392e+00 -2.4304e+00  1.1146e+01  1.2241e+01  1.0000e+00
-1.6793e+00 -6.2629e-01  9.2375e-01 -2.0087e+01 -9.4548e+00  1.3258e+01  2.5858e+01  1.0000e+00
-2.0676e-01  9.2867e-02 -3.2793e-02 -8.3044e+00 -8.5381e+00  1.2474e+01  1.7247e+01  1.0000e+00
 2.8318e+00  9.3932e-01  2.6377e-01  4.4013e+01  1.5866e+01  3.7663e+00  4.6937e+01  1.0000e+00
 1.0198e+00  1.6630e+00 -2.2368e-02  1.8196e+01  2.5074e+01  3.1980e+00  3.1146e+01  1.0000e+00
-2.0889e+00 -1.4140e+00 -8.3591e-01 -3.3173e+01 -1.9602e+01 -9.8036e+00  3.9759e+01  1.0000e+00
 5.4964e-01  2.0677e-01 -3.4163e-01  7.3068e+00 -1.2673e+01 -1.5030e+01  2.0973e+01  1.0000e+00
-2.2179e+00 -2.5290e-01 -5.4573e-01 -3.5481e+01 -1.9313e-01 -9.3148e+00  3.6684e+01  1.0000e+00
 1.9839e-01  1.5646e-01  3.2633e-01 -6.3073e+00 -7.7658e+00 -1.9957e+01  2.2324e+01  1.0000e+00
 4.7385e-01  9.0222e-01 -9.0090e-01  2.4208e+00  1.2043e+01 -5.1653e+00  1.3326e+01  1.0000e+00
-5.8782e-01  1.9199e+00 -1.0153e+00 -8.0482e+00  2.8079e+01 -1.1031e+01  3.1223e+01  1.0000e+00
-2.6222e-01  3.5542e-01 -1.3968e-01 -4.9753e-01  3.3229e+00 -3.4700e+00  4.8301e+00  1.0000e+00
-1.8334e-01 -1.5971e-01  1.9388e-02 -9.0138e+00 -9.6214e+00 -7.3761e-01  1.3205e+01  1.0000e+00
-6.2052e-01 -3.9078e-01 -7.9617e-01 -7.5450e+00 -2.9874e+00 -1.6960e+01  1.8801e+01  1.0000e+00
-4.0845e-01  8.1776e-02  3.5060e-01 -1.4473e+01 -5.1623e+00  3.1620e+00  1.5688e+01  1.0000e+00
 2.6240e-01 -5.5499e-01 -1.3569e+00  1.1758e+01 -1.0572e+01 -5.8805e+00  1.6870e+01  1.0000e+00
-5.6662e-01 -3.3422e-01  5.7409e-01  3.4294e+00  2.6785e+00  8.4551e-02  4.3522e+00  1.0000e+00
 8.6806e-02  1.6350e-01 -2.1784e-01  6.7171e+00 -1.1087e+01 -2.5959e+01  2.9015e+01  1.0000e+00
-1.4444e+00 -6.6616e-01 -2.3824e+00 -2.6231e+01 -1.3247e+01 -4.6264e+01  5.4807e+01  1.0000e+00
-2.8350e+00 -1.1441e+00 -6.1443e-02 -4.6629e+01 -1.5319e+01 -1.4266e+00  4.9102e+01  1.0000e+00
 1.8098e-01 -9.8636e-01 -7.8294e-01  6.6760e+00 -1.1221e+01 -1.3451e+01  1.8745e+01  1.0000e+00
 3.0085e+00  3.3223e-01 -2.2868e-01  4.6992e+01  8.3457e+00 -5.1182e+00  4.8001e+01  1.0000e+00
-1.6875e-01  3.6195e-02  2.8955e-02 -2.7995e+01 -2.1292e+01 -3.0177e+00  3.5301e+01  1.0000e+00
-4.7375e-01  3.1174e-01  1.2515e-01 -1.1221e+00  4.5188e+00 -8.8540e+00  1.0004e+01  1.0000e+00
-9.2031e-02  2.3200e-01 -2.1607e-01 -7.3515e+00 -1.6205e+01  4.8162e+00  1.8435e+01  1.0000e+00
-5.6744e-01 -3.6257e-01  2.8008e-01  7.3323e+00  1.8877e+00  4.5122e-01  7.5848e+00  1.0000e+00
-1.4904e-01  2.5792e-01 -4.0068e-02 -2.0575e+01 -3.2952e+00  9.7786e+00  2.3018e+01  1.0000e+00
-1.2912e-01  1.5656e-01  1.4053e-01  4.4135e+00  6.3952e+00 -6.7197e+00  1.0273e+01  1.0000e+00
-1.1422e-03  7.2322e-02  2.1502e-01 -8.3067e-01  1.2076e+01  1.8285e+01  2.1929e+01  1.0000e+00
-1.5025e+00  1.3717e+00 -4.2458e-01 -2.1592e+01  1.8216e+01 -3.2905e+00  2.8441e+01  1.0000e+00
-4.7361e-02  1.4740e-01  5.5014e-02 -1.6139e+01 -3.4173e+00  1.5414e+01  2.2578e+01  1.0000e+00
-1.8520e+00 -4.5706e-01  1.0349e-01 -2.2968e+01 -7.4194e+00 -6.7948e-02  2.4137e+01  1.0000e+00
-1.3513e-01  3.1780e-01  1.9967e-01 -5.8812e+00  2.0546e+01 -1.1027e+01  2.4048e+01  1.0000e+00
-1.7024e-01  2.4122e-01  9.5383e-02  2.5487e+01 -1.2393e+01 -3.4941e-01  2.8343e+01  1.0000e+00
-2.0377e-01  2.7916e-01 -1.1328e-01  5.0567e-01 -9.0914e+00 -9.4901e+00  1.3152e+01  1.0000e+00
-1.4795e-01  1.2388e-01  1.6601e-01 -1.0012e+01 -1.5537e+01 -3.7548e+00  1.8861e+01  1.0000e+00
 9.4978e-01 -2.4858e+00 -1.1889e+00  1.5075e+01 -3.7344e+01 -1.7843e+01  4.4048e+01  1.0000e+00
-2.1235e+00 -5.4112e-01  1.9123e+00 -3.3886e+01 -6.1144e+00  3.0613e+01  4.6073e+01  1.0000e+00
 1.1773e-01 -4.5300e-01  7.8484e-02 -1.3713e+01  1.2958e+00 -6.1225e+00  1.5073e+01  1.0000e+00
-5.3694e-01 -6.0493e-01 -1.3446e+00 -7.4427e+00 -5.7644e+00 -1.3248e+01  1.6252e+01  1.0000e+00
 1.2756e+00 -5.7843e-01  1.7236e-01  1.1176e+01 -7.6420e+00  1.7990e-01  1.3540e+01  1.0000e+00
 8.8283e-02  1.1702e-01  6.6525e-02  1.1689e+01 -3.3929e+00 -3.4544e+00  1.2653e+01  1.0000e+00
-2.4143e-01 -1.8627e+00 -1.2516e+00 -4.3845e+00 -3.0694e+01 -2.1487e+01  3.7724e+01  1.0000e+00
-5.8276e-01  1.1045e+00 -1.1624e+00 -7.6263e+00  1.3179e+01 -1.2058e+01  1.9423e+01  1.0000e+00
-5.0016e-01  5.7638e-01 -5.9629e-01 -3.2998e+00  1.3492e-01  8.6456e-01  3.4139e+00  1.0000e+00
 1.1711e+00  4.2742e-01  5.0728e-02  6.9994e+00  5.7008e+00 -8.0239e-01  9.0628e+00  1.0000e+00
 1.4775e-02 -2.9398e-02  1.8839e-01 -1.0543e+01 -9.8503e-01 -5.0123e+00  1.1716e+01  1.0000e+00
-5.5710e-01  2.0929e+00 -9.6128e-01 -5.7622e+00  3.0912e+01 -1.2699e+01  3.3912e+01  1.0000e+00
 1.2335e+00 -4.8379e-02 -3.5971e-01  1.0345e+01  3.3272e+00 -4.2380e+00  1.1664e+01  1.0000e+00
-4.4144e-01  1.8008e-01  3.8665e+00  1.7129e+00  5.4494e+00  3.1596e+01  3.2109e+01  1.0000e+00
-8.6711e-02 -1.2259e+00 -2.3239e-01 -2.0769e+00 -9.3148e+00  1.4203e-01  9.5446e+00  1.0000e+00
-1.5165e-01  9.6791e-02  1.0757e-01 -1.1653e+01  1.1140e+01  2.0296e+01  2.5919e+01  1.0000e+00
-7.4536e-02  1.7551e-01  6.0367e-02  1.2415e+01  2.2356e+01  9.1621e-01  2.5589e+01  1.0000e+00
 1.7519e-02  2.6314e-02  8.1632e-02  9.2947e-01 -1.7215e+01  2.7425e+01  3.2393e+01  1.0000e+00
 6.3893e-01  1.4842e+00  9.4276e-01  1.2461e+01  2.4645e+01  1.3282e+01  3.0644e+01  1.0000e+00
-2.0274e-01 -2.1391e-01  2.1902e-01 -1.7704e-01  7.4831e+00 -4.2881e+00  8.6265e+00  1.0000e+00
-1.3435e-01  9.0528e-02  1.1003e-02 -1.7041e+01 -1.7812e+01 -4.5451e+00  2.5066e+01  1.0000e+00
-4.9868e-02  1.3269e-01 -6.6163e-02 -1.2337e+01  2.9603e+01  2.2111e+01  3.8954e+01  1.0000e+00
 1.3913e-01  2.9355e-01  1.5206e-01  6.0537e-01 -3.3927e+00  7.8463e+00  8.5698e+00  1.0000e+00
-3.9409e-03  2.9085e-01 -4.4659e-02 -1.7239e+01  3.6446e-01 -4.7481e+00  1.7885e+01  1.0000e+00
-5.2342e-02  1.8860e-02 -2.5252e-02 -6.5778e-01  1.0821e+01 -2.8814e+01  3.0786e+01  1.0000e+00
 1.4757e+00 -1.1658e+00 -3.4348e-01  1.9647e+01 -1.4383e+01 -2.3477e+00  2.4462e+01  1.0000e+00
-1.0397e-01 -8.4172e-03 -1.4274e-02  1.3897e+01 -8.9351e+00  9.0688e+00  1.8847e+01  1.0000e+00
 3.6364e+00 -5.2068e+00  3.1801e+00  2.5644e+01 -5.1026e+01  3.2862e+01  6.5888e+01  1.0000e+00
 1.5183e-01 -3.0274e-02 -1.6893e+00  9.4652e-01 -8.2130e+00 -4.6367e+00  9.4789e+00  1.0000e+00
 2.8014e-01 -1.0606e+00 -2.9110e+00  2.9278e+00 -1.5675e+01 -4.4649e+01  4.7412e+01  1.0000e+00
-5.2051e-01 -1.2049e+00 -2.0040e+00 -1.2827e+01 -1.8292e+01 -3.1467e+01  3.8591e+01  1.0000e+00
-2.0069e-01 -2.1312e+00  2.3878e-01 -2.7520e+00 -3.4582e+01  3.7980e+00  3.4898e+01  1.0000e+00
-2.6483e+00 -1.5041e+00 -7.4724e-01 -4.5047e+01 -2.2633e+01 -1.1631e+01  5.1737e+01  1.0000e+00
 2.2112e-02  2.1014e-01  1.7063e-01  8.9982e-01 -8.4570e+00  1.0711e+01  1.3677e+01  1.0000e+00
-2.2153e+00 -5.7216e-01 -5.4921e-01 -3.7881e+01 -9.2735e+00 -6.3345e+00  3.9511e+01  1.0000e+00
-6.6100e-01  3.0680e-01  4.4021e-01 -4.4854e+00  2.9423e+00 -7.1440e+00  8.9338e+00  1.0000e+00
-7.3525e-03  2.6840e-02 -7.1904e-02 -3.2568e+01 -4.7189e+00  7.5256e-02  3.2908e+01  1.0000e+00
-6.6368e-02  2.0985e-01  8.6485e-02 -5.6169e+00 -2.4582e+01  1.4676e+01  2.9176e+01  1.0000e+00
-1.0993e-01 -2.9713e-01  5.7282e-01  1.6917e+01 -5.8737e+00  1.4211e+01  2.2862e+01  1.0000e+00
-7.9675e-02  1.7274e-01  3.0668e-02 -1.6067e+01 -6.9802e+00  7.6459e+00  1.9114e+01  1.0000e+00
