# limit = 2.91822
#
# x           y           z           vx          vy          vz          s           m
 8.0134e-01 -1.0281e+00 -1.3807e+00  1.9252e+00 -7.4031e+00 -1.6807e+00  7.8318e+00  1.0000e+00
-2.6025e-01  1.1524e-02  1.1260e-01  3.0007e+01  4.4304e-01 -4.5386e-01  3.0013e+01  1.0000e+00
 2.7023e+00 -4.0143e-02  5.1461e-01  3.7983e+01  1.3963e+00  7.5012e+00  3.8741e+01  1.0000e+00
-8.5666e-02  2.3127e-01  1.3201e-01  8.7796e-03  1.1117e+01 -3.6259e-01  1.1123e+01  1.0000e+00
-2.0853e+00  8.8308e-01  1.3945e+00 -3.2457e+01  1.2241e+01  1.9400e+01  3.9745e+01  1.0000e+00
 8.5800e-01 -4.2788e-01  2.6749e+00  1.3808e+01 -4.5732e+00  3.9792e+01  4.2367e+01  1.0000e+00
 2.5284e-01 -2.1574e+00 -1.6363e+00  2.8700e+00 -3.2587e+01 -2.2569e+01  3.9743e+01  1.0000e+00
 5.4979e-02 -4.2467e-01 -1.0116e-01 -5.7994e+00  1.3020e+01 -1.7210e+00  1.4357e+01  1.0000e+00
-4.2606e+00  3.0109e+00  8.6345e+00 -4.5684e+01  3.3487e+01  1.0494e+02  1.1925e+02  1.0000e+00
-7.3151e-02  1.9587e-02  1.0373e-01 -1.2512e+01 -3.7301e+00  6.6256e+00  1.4641e+01  1.0000e+00
 1.0518e+00  9.7619e-01  8.6272e-01  1.0687e+01  1.2361e+01  8.2753e+00  1.8316e+01  1.0000e+00
 6.2606e-02  3.8978e-01 -9.2315e-02  9.8441e+00  2.4243e+00 -1.5979e+00  1.0263e+01  1.0000e+00
 4.8190e-01  8.4688e-01  9.1975e-01  6.4793e+00  3.4854e+00  1.1176e+01  1.3380e+01  1.0000e+00
-1.4941e-01  3.9002e-01  2.4706e-01 -1.5094e+01  2.8773e+00  6.0392e+00  1.6510e+01  1.0000e+00
 3.4470e-02  1.0235e-01  2.7803e-01  8.8566e+00  2.8244e+00 -7.0068e+00  1.1641e+01  1.0000e+00
-1.0283e+00  8.8814e-02 -1.3154e+00 -1.7427e+01 -2.9245e+00 -1.4125e+01  2.2622e+01  1.0000e+00
 1.5882e+00 -1.6537e+00 -1.7835e+00  2.3287e+01 -2.3890e+01 -2.7563e+01  4.3275e+01  1.0000e+00
-2.9968e-01 -3.2208e-02  6.1002e-02 -1.7011e+01  2.5375e+01 -1.5274e+00  3.0587e+01  1.0000e+00
-2.9441e-02  2.9151e-01  2.9402e-01  1.1937e+01  5.5317e+00 -1.2854e+01  1.8393e+01  1.0000e+00
 5.9979e+00  5.3217e+00 -2.4840e+00  7.3807e+01  5.9219e+01 -2.5351e+01  9.7964e+01  1.0000e+00
-3.2832e-01  3.5736e-02  1.3685e-01  1.7271e+01 -4.4891e+00 -1.4064e+00  1.7900e+01  1.0000e+00
-4.0267e-02  1.8605e-01 -4.7733e-02  1.8494e+01  1.6194e+01 -2.2075e+01  3.3039e+01  1.0000e+00
-1.2355e-01 -3.5364e-02  3.3002e-02 -1.0522e+01 -3.4536e+00  8.3265e+00  1.3855e+01  1.0000e+00
-1.1592e+00  1.9816e+00 -2.1811e+00 -1.6849e+01  3.2348e+01 -3.2478e+01  4.8837e+01  1.0000e+00
-3.3149e-02  2.5045e+00 -1.1576e+00 -9.9779e-01  3.7365e+01 -1.6552e+01  4.0879e+01  1.0000e+00
-2.1276e-01 -1.9568e-01 -1.2038e+00 -1.1915e+01  5.8479e+00 -2.2023e+01  2.5713e+01  1.0000e+00
 1.0848e+00 -1.8695e+00  4.7494e-01  1.2174e+01 -3.0642e+01  5.9491e+00  3.3504e+01  1.0000e+00
 3.5424e+00 -8.3345e-01 -3.4007e+00  7.5854e+01 -1.9972e+01 -7.3201e+01  1.0729e+02  1.0000e+00
 9.9064e-02 -2.8510e+00 -3.7696e+00  2.2024e+00 -4.2967e+01 -5.6666e+01  7.1148e+01  1.0000e+00
-1.3930e-01  8.9038e-02  1.4477e-01  1.5227e+01 -1.8645e+01 -9.1850e+00  2.5766e+01  1.0000e+00
-1.9701e-01  1.4204e-01  1.5332e-01  6.7022e+00  1.2130e+01  2.3095e+00  1.4050e+01  1.0000e+00
-1.4575e-01  1.9069e-01  1.1005e-01 -1.6652e+01  2.5909e+00  1.1881e+01  2.0619e+01  1.0000e+00
-2.8223e-01  6.3059e-02  3.5244e-01 -3.6332e+00  1.1112e+00  1.8518e+01  1.8904e+01  1.0000e+00
 7.0957e-03  1.1411e-01  1.2535e-01  1.5939e+01 -4.6733e+00  1.8773e-01  1.6611e+01  1.0000e+00
 4.6358e-02  4.5840e-02 -2.2614e-02 -5.9640e+00 -3.1708e+00 -1.8177e+01  1.9391e+01  1.0000e+00
-8.3298e-02  1.6918e-01 -1.9362e-01 -1.6666e+01  1.3725e+01  9.6630e+00  2.3654e+01  1.0000e+00
 1.6178e+00  2.6634e-01 -6.1376e-01  9.2310e-01 -1.9533e+00  2.4883e-01  2.1748e+00  1.0000e+00
-2.2832e+00  4.3571e+00 -5.9662e+00 -2.8710e+01  5.5033e+01 -6.8410e+01  9.2373e+01  1.0000e+00
 9.4245e-02  1.0891e-01  6.9733e-01  3.6658e+00  4.6344e+00  1.3969e+01  1.5167e+01  1.0000e+00
 1.7850e+00 -5.3346e-01  1.4568e+00  2.3678e+01 -5.0028e+00  1.9731e+01  3.1225e+01  1.0000e+00
 1.3119e+00  1.1195e+00 -2.2237e-01  1.6546e+01  1.4741e+01  1.3394e+00  2.2201e+01  1.0000e+00
-6.1620e-01  2.5629e-01  3.1021e-01  9.7615e+00  2.0125e+00  6.4607e+00  1.1878e+01  1.0000e+00
-1.5704e-01  4.1109e-02  9.7799e-02 -3.8409e+01  3.2845e+00  1.9621e+01  4.3255e+01  1.0000e+00
 2.5413e-01 -9.7343e-01  2.8579e+00  4.3939e+00 -1.3077e+01  4.2727e+01  4.4899e+01  1.0000e+00
 2.5931e+00  1.2632e+00  1.7076e-01  4.1428e+01  2.0539e+01  3.3362e+00  4.6360e+01  1.0000e+00
-1.0284e-01 -1.8811e+00  1.3160e-01  2.9348e+00 -2.9200e+01  5.0383e+00  2.9777e+01  1.0000e+00
 1.1739e-01 -6.2598e-03  8.3170e-03  7.8175e+00  3.8274e+00  1.4818e+01  1.7185e+01  1.0000e+00
 6.6212e-01 -1.1928e+00 -4.8210e-01  9.6429e+00 -1.0762e+01 -1.9637e+00  1.4583e+01  1.0000e+00
 1.7027e+00 -6.1015e-01  7.0416e-01  2.2094e+01 -8.3315e+00  9.2480e+00  2.5359e+01  1.0000e+00
-2.4923e-01  9.0359e-02  9.5187e-01  6.8287e+00 -1.6403e+00  3.4840e+00  7.8396e+00  1.0000e+00
-2.7309e-02  1.1330e-01 -5.5881e-02  3.8369e+00 -7.8641e+00  9.5219e+00  1.2932e+01  1.0000e+00
-2.0720e-01  2.3379e-01  5.6394e-03  1.6530e+01 -2.7600e+00 -2.2680e+01  2.8200e+01  1.0000e+00
-7.5481e-01 -1.0188e+00  1.0363e+00 -7.7206e+00 -1.3402e+01  1.2341e+01  1.9787e+01  1.0000e+00
-5.1320e-01  1.7577e-01 -1.0817e-01 -1.0184e+01  4.6357e+00  1.8719e+00  1.1345e+01  1.0000e+00
 8.5999e-02 -5.5034e-01 -3.3035e-01 -5.4564e+00  6.5440e+00 -8.3195e+00  1.1908e+01  1.0000e+00
-4.5978e-01  1.1082e-01 -6.4983e-02 -2.3523e+00 -8.6780e-01  1.7571e+01  1.7749e+01  1.0000e+00
 2.1205e-02  1.1749e-01  4.3089e-02  1.8150e+00  1.9510e+01 -2.0113e+01  2.8080e+01  1.0000e+00
-3.7672e-01  5.9659e-01 -1.6330e-01 -8.7969e-01 -1.1246e+01  1.1365e+01  1.6013e+01  1.0000e+00
-7.5267e-03  1.5615e-01  3.1547e-02  2.2034e+01  2.0018e+01 -6.9015e+00  3.0559e+01  1.0000e+00
 8.9204e-01 -2.7337e-01  2.1175e+00  1.0548e+01 -5.8096e+00  3.2107e+01  3.4291e+01  1.0000e+00
-1.6071e-01  8.5055e-02  2.6240e-02  1.2407e+01 -1.2863e+01 -2.5998e+01  3.1548e+01  1.0000e+00
-1.1154e-01  4.1563e-01  7.1248e-02 -1.3967e+01  1.6545e+01  1.8701e+01  2.8611e+01  1.0000e+00
-1.7036e-01  6.8360e-02  4.8037e-02 -1.5619e+01 -4.3970e-01  1.1140e+01  1.9190e+01  1.0000e+00
-5.1862e-02  1.8333e-01  2.7582e-02  1.3806e+01 -1.9692e+00 -6.5291e+00  1.5399e+01  1.0000e+00
 1.3248e+00 -4.0388e-01  3.5162e-01  1.2199e+01 -1.8710e+00  4.1422e+00  1.3019e+01  1.0000e+00
 2.4032e-01 -1.7496e-01 -2.2846e-02 -4.9793e+00  4.1419e+00 -7.5370e+00  9.9376e+00  1.0000e+00
-1.9262e-01 -5.2598e-02  1.3713e-01  1.5086e+01 -3.2524e+00  1.4014e+01  2.0846e+01  1.0000e+00
-4.9077e-02  2.1431e-01  1.2046e-02  2.0637e-01 -1.6142e+01  2.2932e+01  2.8045e+01  1.0000e+00
-4.2587e-01  1.7928e-01 -8.6229e-02  2.2061e+01  8.8120e+00 -2.1378e+00  2.3852e+01  1.0000e+00
-3.5610e-01  5.6699e-02 -1.1930e-01 -2.3897e+01  7.4500e+00 -1.2591e+01  2.8020e+01  1.0000e+00
 2.4754e+00  3.7168e-01  5.1668e-01  3.7552e+01  4.3923e+00  6.8345e+00  3.8421e+01  1.0000e+00
-8.5205e-02  1.1712e-01  5.1678e-02 -3.2840e+00  1.4243e+01 -2.9682e+01  3.3085e+01  1.0000e+00
-2.3264e-01  6.0147e-01 -2.2646e-01  4.4483e-01 -1.0146e+01  6.6787e+00  1.2155e+01  1.0000e+00
-1.0561e-01  2.6385e-01  1.0942e-01 -1.6989e+01  3.3872e+01  2.2330e+01  4.3984e+01  1.0000e+00
 1.0436e-01  8.3495e-02  2.6690e-01 -3.9753e+00 -3.4050e+00 -3.0192e+01  3.0643e+01  1.0000e+00
-5.3878e-02  1.1911e-01  5.8974e-02  1.1970e+01  3.3529e+01  9.4663e+00  3.6839e+01  1.0000e+00
-2.1923e-01  2.6611e-01 -1.4993e-02 -1.9996e+00  1.8521e+01 -1.4820e+00  1.8688e+01  1.0000e+00
 2.2449e-01 -4.7655e-01 -7.8565e-01  5.3421e-01 -4.3000e+00  2.0686e-01  4.3380e+00  1.0000e+00
 2.8033e+00 -1.5107e+00 -3.5692e-01  4.3918e+01 -2.0980e+01 -5.1314e+00  4.8942e+01  1.0000e+00
-1.8565e+00 -1.2442e+00 -8.6375e-01 -2.6732e+01 -1.7162e+01 -1.0264e+01  3.3384e+01  1.0000e+00
-1.0479e-01  1.6318e-01  2.2397e-01 -4.9551e+00  7.7227e+00  2.4013e+01  2.5706e+01  1.0000e+00
-1.8787e-01  4.9716e-02  2.5885e-01 -6.4474e+00  6.2771e+00 -1.4138e+00  9.1088e+00  1.0000e+00
 6.5869e-01 -3.4709e-01 -6.4430e-01  1.1037e+01 -5.6343e+00 -8.5346e+00  1.5047e+01  1.0000e+00
 1.1270e+00  6.1428e-01  1.2824e+00  1.2152e+01  1.0108e+01  1.5454e+01  2.2106e+01  1.0000e+00
-1.9230e-01  1.2268e-01 -8.4425e-02  1.7545e+01  4.7021e-02  6.4217e+00  1.8683e+01  1.0000e+00
-6.2138e-02 -2.2248e-02 -7.4809e-03 -1.0870e+01  7.8299e+00  1.9319e+01  2.3509e+01  1.0000e+00
-2.7848e-01  7.4581e-01 -7.3064e-01 -1.5467e+00  5.3876e+00  7.4764e-01  5.6549e+00  1.0000e+00
 8.4773e-01 -6.0120e-01  7.1713e-01  1.0432e+01 -9.6680e+00  9.5546e+00  1.7135e+01  1.0000e+00
-3.0260e-02  3.7765e-01  2.6853e-01  5.2619e+00 -8.7025e+00 -1.1803e+00  1.0238e+01  1.0000e+00
 8.6853e-02  4.6952e-02  7.4130e-02  2.0535e+00  2.6723e+01  1.0452e+01  2.8768e+01  1.0000e+00
 8.0144e-01 -6.3126e-01  7.7463e-01  1.1387e+01 -4.6568e+00  1.1708e+01  1.6983e+01  1.0000e+00
-8.6589e-02  2.1636e-01  3.1079e-02  3.2765e+00  1.3094e+01  1.9256e+01  2.3515e+01  1.0000e+00
 7.9675e-04 -5.3493e-02  5.3570e-02 -7.9190e+00  2.5515e+01  9.9915e-01  2.6735e+01  1.0000e+00
-7.9422e-02  4.0095e-02  5.4312e-02 -2.5619e+01 -1.1347e+01  1.6032e+00  2.8066e+01  1.0000e+00
-7.2150e-01  1.1705e+00 -4.3007e-02 -6.2271e+00  8.5783e+00  2.8047e+00  1.0965e+01  1.0000e+00
-9.1444e-02  1.5843e-01  9.3635e-02 -2.0139e+01  1.8778e+01  2.6324e+01  3.8094e+01  1.0000e+00
-1.4609e-01  2.1815e-01  2.2017e-01 -5.2781e+00  1.7402e+01 -2.1696e+01  2.8309e+01  1.0000e+00
-1.0215e+00 -1.5946e+00 -1.7597e+00 -1.4771e+01 -2.1469e+01 -2.3909e+01  3.5366e+01  1.0000e+00
 2.7494e-01 -7.2986e-01 -3.1495e+00  3.2806e+00 -6.0954e+00 -2.7119e+01  2.7989e+01  1.0000e+00
-7.2981e-01  8.1304e-01 -4.5207e-01  7.7559e-01  1.9658e+01 -1.3056e+01  2.3612e+01  1.0000e+00
-9.5444e-02  1.2545e-01  6.0284e-02 -2.8229e+01 -1.1322e+00 -8.5623e+00  2.9521e+01  1.0000e+00
 1.9271e-01 -2.4118e-01  8.6733e-03  1.8222e+00  2.6337e+00  4.3697e+00  5.4177e+00  1.0000e+00
 1.0263e+00 -8.2543e-01 -5.6480e-02  1.0551e+01 -6.1405e+00 -2.5175e+00  1.2465e+01  1.0000e+00
 8.9985e-01 -5.6313e-01  3.3596e-01  5.8505e+00  5.3495e-02  2.3920e+00  6.3208e+00  1.0000e+00
 2.5529e+00  7.6855e-01 -1.3144e-02  3.6694e+01  1.4368e+01 -1.2917e+00  3.9428e+01  1.0000e+00
-1.5768e-01  4.1342e-01 -2.3168e-01 -3.6213e-01 -1.3495e+01  1.5045e+01  2.0214e+01  1.0000e+00
 1.8956e+00  5.4977e-02  2.1278e+00  2.7117e+01  1.6127e+00  3.0503e+01  4.0846e+01  1.0000e+00
 1.0865e-02  8.0218e-02  9.5911e-02 -1.9099e+01 -4.2576e+00 -2.1445e+01  2.9031e+01  1.0000e+00
-5.6653e-01 -1.1166e-01  3.9742e-01 -3.6289e+00  2.0734e+01 -9.9073e+00  2.3264e+01  1.0000e+00
-2.8726e+00  4.7240e-01  6.2209e-01 -4.4180e+01  9.5282e+00  1.0085e+01  4.6307e+01  1.0000e+00
-3.3429e-01  1.4307e+00 -2.3214e-01 -5.7084e+00  1.2557e+01  1.8954e+00  1.3923e+01  1.0000e+00
 7.6659e-01 -1.2054e+00  1.9716e+00  8.9312e+00 -1.5107e+01  2.9727e+01  3.4521e+01  1.0000e+00
 9.0476e-01 -8.4643e-01  1.7568e+00  1.0981e+01 -1.1324e+01  2.3467e+01  2.8275e+01  1.0000e+00
 1.4959e+00 -1.7058e+00 -7.2982e-01  1.9500e+01 -2.3191e+01 -8.1846e+00  3.1386e+01  1.0000e+00
 1.2510e+00 -9.6309e-01  3.1747e-01  1.2488e+01 -8.3850e+00  3.5341e+00  1.5451e+01  1.0000e+00
-1.3901e-01  2.4176e-01 -4.4732e-02  8.3586e+00  9.2609e+00 -1.9122e+00  1.2621e+01  1.0000e+00
-2.2141e-01  1.3735e-01  9.1598e-02  1.4880e+00 -2.7455e+01  4.4004e+00  2.7845e+01  1.0000e+00
-5.5955e-02  8.9106e-02  1.4101e-01 -4.9608e+00  3.2089e+01  2.1425e+00  3.2541e+01  1.0000e+00
 6.0389e-02  8.5918e-02 -2.2783e-01  2.1889e+00 -4.8848e+00 -4.1395e+00  6.7667e+00  1.0000e+00
-2.9477e-02  3.9579e-02 -2.0367e-02 -4.1830e+00 -1.7449e+00  8.0170e+00  9.2095e+00  1.0000e+00
-1.7734e-01 -4.4838e-02  3.5395e-02  1.0051e+01 -1.2668e+01 -5.4180e+00  1.7055e+01  1.0000e+00
 3.2706e-01  3.1558e-01 -1.4464e-01  8.0040e+00  1.0084e+01  5.5103e-01  1.2886e+01  1.0000e+00
-3.7279e+00  1.4593e+00  1.2418e+00 -5.6404e+01  2.3584e+01  2.1725e+01  6.4881e+01  1.0000e+00
 3.0720e-03 -7.0974e-02  7.8208e-02  2.1376e+00 -1.2854e+01 -3.2742e+00  1.3435e+01  1.0000e+00
-2.7562e-01  4.8582e-02 -8.9842e-02 -1.4166e+01  1.9722e+01  6.9355e+00  2.5254e+01  1.0000e+00
-4.9423e-02  1.4985e-01 -3.2527e-01  1.0431e+01  2.7169e+00 -5.1924e+00  1.1964e+01  1.0000e+00
 1.4316e+00 -1.4739e+00 -7.4610e-01  2.3446e+01 -1.8628e+01 -7.6845e+00  3.0915e+01  1.0000e+00
-2.4190e-02  8.7620e-02  2.0961e-02  2.5088e+01 -2.5129e+01  1.9867e+01  4.0689e+01  1.0000e+00
 1.0789e+00 -1.0161e+00  2.0591e+00  1.5172e+01 -1.2677e+01  3.3104e+01  3.8559e+01  1.0000e+00
-1.9139e-01  2.9615e-01 -2.7143e-03 -9.8255e+00 -2.0707e+01  1.0339e+01  2.5144e+01  1.0000e+00
-2.3743e-01 -5.4904e-01 -2.1110e+00 -5.5345e+00 -6.7780e+00 -2.7120e+01  2.8497e+01  1.0000e+00
 1.2989e+00 -6.6040e-01  3.1075e-01  9.2672e+00 -7.6158e+00  7.2977e+00  1.4041e+01  1.0000e+00
-2.1483e-01  8.0563e-02  2.4008e-01  1.0084e+01 -5.2692e+00  3.6024e+00  1.1934e+01  1.0000e+00
-7.0685e-03  2.7734e-02  1.8594e-01 -3.1086e+00  2.0937e+01 -6.4121e+00  2.2116e+01  1.0000e+00
-1.2756e-01 -3.3218e-01  3.5105e-02  4.7213e+00 -6.3538e+00  1.4941e+00  8.0556e+00  1.0000e+00
-3.7482e-01  9.4101e-01  4.9601e-01  5.9579e-01  1.5310e+01 -4.2041e+00  1.5888e+01  1.0000e+00
-1.2726e-01  4.2734e-01  2.4961e-02  4.2150e-01  1.8796e+01  3.0220e+00  1.9042e+01  1.0000e+00
-3.4547e-01 -6.7378e-02  1.9233e-01 -5.3643e+00  7.1683e-01 -9.3102e+00  1.0769e+01  1.0000e+00
 1.3328e+00 -8.9874e-01 -3.4165e-02  1.3631e+01 -9.1434e+00  4.1723e+00  1.6936e+01  1.0000e+00
-2.8372e-01 -7.1687e-01  1.9886e+00 -5.1023e+00 -1.3543e+01  3.0474e+01  3.3736e+01  1.0000e+00
 6.6382e-01  1.1908e-01  1.3491e-01 -7.8628e+00  3.9865e+00  2.2596e+00  9.1006e+00  1.0000e+00
-1.4997e-01  3.9406e-01  3.2627e-01  5.4094e+00  8.1477e+00 -6.1630e+00  1.1560e+01  1.0000e+00
-3.1522e+00 -1.8359e-02 -1.1764e+00 -3.8444e+01  8.9234e+00 -1.0422e+01  4.0819e+01  1.0000e+00
-1.7616e-01  3.5848e-02 -9.9249e-02 -1.9433e+01 -8.8357e+00 -1.0146e+01  2.3636e+01  1.0000e+00
-3.1068e-02  6.7361e-02  1.3152e-01 -1.3455e+01  2.0957e+01 -9.8552e+00  2.6784e+01  1.0000e+00
-1.3676e-01  2.4390e-01 -6.8456e-02  6.0174e-01  7.7557e+00  3.5207e+00  8.5387e+00  1.0000e+00
-8.2203e-01 -5.0322e+00 -5.0736e+00 -1.5082e+01 -4.5287e+01 -5.2814e+01  7.1187e+01  1.0000e+00
 2.5916e+00 -2.3225e+00  6.8840e-01  3.7226e+01 -3.2970e+01  9.2646e+00  5.0583e+01  1.0000e+00
 1.1663e-01  3.4134e-01 -1.9396e-01 -1.4484e+01 -1.1922e+01  4.4754e+00  1.9286e+01  1.0000e+00
 4.4750e-01 -4.0791e-01 -1.2198e+00  5.6237e+00 -9.7324e-01 -1.0136e+01  1.1632e+01  1.0000e+00
-2.3825e-01  3.5034e-02  4.1320e-03  9.4134e+00  3.6571e-01  1.0039e+01  1.3767e+01  1.0000e+00
 2.4539e-01 -8.1669e-01 -1.0807e+00  4.2483e+00 -4.5512e+00 -1.0211e+01  1.1959e+01  1.0000e+00
-1.0036e-02 -1.0552e-01 -1.8999e-01 -4.2718e-01  9.8512e+00  2.7634e+01  2.9340e+01  1.0000e+00
-1.3091e-01  1.1304e-01  1.3790e-01 -3.6134e+01  3.5926e+00  2.4141e+01  4.3605e+01  1.0000e+00
-1.4230e+00  2.0182e+00 -1.2524e+00 -2.1119e+01  3.3150e+01 -1.7521e+01  4.3034e+01  1.0000e+00
-5.8167e-02  1.1390e-02 -2.3842e-02  9.9538e+00 -1.6875e+00 -2.1567e+01  2.3813e+01  1.0000e+00
-4.2652e-02  1.8436e-01 -4.3486e-02 -3.3121e+01  5.4447e-01 -3.9054e+01  5.1210e+01  1.0000e+00
-2.6334e-01  1.6935e-01 -1.4092e-01  4.2597e+00  2.9039e+00 -2.6099e+00  5.7783e+00  1.0000e+00
-2.6464e-01  3.3821e-02  1.0012e-01  1.3835e+01  1.8726e+01  1.7174e+01  2.8931e+01  1.0000e+00
 1.2930e-01  2.0785e-01 -6.8277e-03 -4.6523e+00 -1.9653e+00 -1.6177e+01  1.6947e+01  1.0000e+00
 2.0758e-02  8.2241e-02  2.0084e-01  1.7411e+00 -1.2466e+01 -8.4534e+00  1.5162e+01  1.0000e+00
-3.6780e-02  1.5912e-01 -3.1445e-01 -1.5050e+00 -1.0251e+00 -2.3137e+01  2.3209e+01  1.0000e+00
-3.1445e-01  1.7679e-01 -1.2842e-02 -3.3671e+00  8.5268e+00 -1.7567e+01  1.9815e+01  1.0000e+00
-7.4004e-02 -1.9205e-02  1.4986e-01 -2.9590e+01  3.1379e+00 -5.6862e+00  3.0294e+01  1.0000e+00
-1.7799e-01 -3.2172e-02 -9.7432e-03  9.1322e+00  8.4414e+00 -2.5238e+01  2.8136e+01  1.0000e+00
 7.6346e-01 -1.3419e+00  1.8824e+00  1.0939e+01 -1.7828e+01  2.7617e+01  3.4644e+01  1.0000e+00
 5.6019e-02  2.7233e-01  1.4131e-01  3.1464e+00 -3.2915e+00 -7.0056e+00  8.3554e+00  1.0000e+00
 5.3194e+00 -3.7169e+00 -8.0865e+00  6.9407e+01 -4.7365e+01 -9.5654e+01  1.2732e+02  1.0000e+00
-1.1350e-01  5.8082e-02  1.9225e-01 -2.3089e+01 -1.6438e+00  2.5229e+00  2.3285e+01  1.0000e+00
-2.6864e-01  2.2086e-01  5.0818e-01 -1.1986e+01  1.7045e+01  2.6456e+01  3.3677e+01  1.0000e+00
 1.0381e+00 -7.7120e-01 -5.7302e-01  2.4962e+01 -7.4193e+00 -6.3931e+00  2.6815e+01  1.0000e+00
-3.6815e-02 -3.4030e-02  8.7704e-02 -6.5684e+00  2.8837e+00  4.4507e+00  8.4420e+00  1.0000e+00
 7.4303e-01 -4.2907e-01 -1.0305e-02  8.0434e+00  5.0260e+00 -4.7367e+00  1.0602e+01  1.0000e+00
 3.4470e-01  5.3230e-01  2.5522e-01 -9.7262e+00  6.0224e+00  1.3307e+01  1.7548e+01  1.0000e+00
-1.5417e-01  2.7034e-01 -1.3564e-01  1.2613e+01  6.8760e+00 -1.7960e+01  2.2998e+01  1.0000e+00
 1.8220e-01  1.8831e-01  3.4576e-01 -2.8992e+00  1.1935e+01  1.2404e+00  1.2345e+01  1.0000e+00
-7.3260e-01  9.6457e-01 -6.0207e-01 -7.2626e+00  6.8644e+00 -2.1757e+00  1.0227e+01  1.0000e+00
-5.4754e-03  1.1931e-01  9.2872e-03  3.8021e+01  1.6357e+01  1.6414e+01  4.4526e+01  1.0000e+00
 5.7676e-01  5.4251e-01  7.1867e-01  9.8047e+00  2.2978e+00  1.7718e+00  1.0225e+01  1.0000e+00
 1.8001e-01 -1.0806e+00  2.0155e+00  1.2281e+00 -1.5786e+01  2.7512e+01  3.1743e+01  1.0000e+00
-1.8637e-01  4.1319e-02  1.4325e-01 -2.7659e+01  1.0278e+01  1.2416e+00  2.9533e+01  1.0000e+00
-1.9019e-01  3.3311e-01 -1.5472e-01 -6.3846e+00 -2.4544e+01  5.6500e+00  2.5983e+01  1.0000e+00
-7.3888e-01 -4.5955e-01 -4.4246e-02 -4.1979e-01  5.6948e+00  1.2996e+00  5.8562e+00  1.0000e+00
-7.2254e-02  1.5829e-01  6.6431e-02  1.6049e+01  2.0133e+01 -1.4329e+01  2.9465e+01  1.0000e+00
 6.4774e-01  2.0231e-01  4.7228e-01 -2.6186e+00  6.7058e+00 -1.2323e+00  7.3036e+00  1.0000e+00
-1.2310e-02  2.3840e-01  2.8341e-01  1.2831e+01  2.1980e+01  1.8956e+01  3.1734e+01  1.0000e+00
-2.8653e-02  2.4112e-01  8.8507e-02  2.8927e+01 -5.3303e+00 -1.2143e+01  3.1822e+01  1.0000e+00
-1.8925e+00  1.5749e+00 -5.5109e-01 -2.6265e+01  2.1993e+01 -7.3016e+00  3.5027e+01  1.0000e+00
 9.5604e-01 -7.1361e-01 -2.9343e+00  1.5052e+01 -1.1630e+01 -4.5698e+01  4.9498e+01  1.0000e+00
-2.7178e-01  1.5052e-01 -3.5050e-02 -6.6082e+00  1.3875e+01 -1.8993e+01  2.4431e+01  1.0000e+00
-2.6909e-01 -2.1794e+00 -1.5503e+00 -1.6667e+00 -3.0586e+01 -2.2068e+01  3.7753e+01  1.0000e+00
-6.3230e-01  5.6652e-01 -2.8613e+00 -1.1149e+01  1.0662e+01 -4.3521e+01  4.6174e+01  1.0000e+00
 4.2969e-01 -1.8502e+00  4.0094e-03  5.7120e+00 -2.8796e+01  1.6260e-01  2.9358e+01  1.0000e+00
-2.8591e-02  4.1842e-01 -2.5547e-01  1.3758e-01  7.9682e+00 -1.2832e+00  8.0721e+00  1.0000e+00
-3.4908e-01 -3.3930e-01 -2.2148e+00 -5.4973e+00 -6.4266e+00 -3.0601e+01  3.1749e+01  1.0000e+00
-5.6185e-01 -8.3512e-01 -5.8129e-01 -4.1977e+00 -2.6886e+00 -3.2811e+00  5.9678e+00  1.0000e+00
-2.1234e-01 -5.5333e-02  1.1231e-01  1.4219e+00  1.1751e+01 -4.0185e+00  1.2500e+01  1.0000e+00
-2.4119e-03  4.3318e-02  2.6609e-01 -1.1928e+00  7.5184e+00 -1.0105e+01  1.2652e+01  1.0000e+00
-2.5802e-01 -7.2521e-02 -2.3598e-01  1.0519e+00  3.4037e+00 -6.5847e-01  3.6229e+00  1.0000e+00
 1.1421e+00 -1.7873e+00 -6.8823e-01  1.7994e+01 -2.3035e+01 -9.0462e+00  3.0598e+01  1.0000e+00
-1.1919e-01  4.3397e-02  2.2134e-01  2.1026e-01 -1.3402e+00 -2.2135e+01  2.2176e+01  1.0000e+00
-2.4178e-01  2.7269e-01  1.0541e-01 -1.7737e+00 -5.9095e-01 -1.2973e+01  1.3107e+01  1.0000e+00
-2.1844e+00 -1.0247e+00 -7.8860e-01 -3.1288e+01 -1.4017e+01 -9.5000e+00  3.5576e+01  1.0000e+00
 1.2745e+00  3.9158e-01  8.2119e-01  1.9818e+01  9.9975e+00  1.8648e+01  2.8990e+01  1.0000e+00
-6.1802e-02  1.2622e-01 -1.1147e-01  2.0761e+01  1.1631e+00 -4.6356e+00  2.1304e+01  1.0000e+00
 7.1153e-01 -2.5947e+00 -2.0167e-01  1.2364e+01 -4.0416e+01 -3.1496e+00  4.2382e+01  1.0000e+00
-3.6076e-01  3.9636e-03  1.4161e-01  1.7999e+00  1.6400e+01 -1.4520e+01  2.1978e+01  1.0000e+00
-2.6433e+00 -1.8187e-01  3.9407e+00 -5.7501e+01 -5.6344e+00  8.4830e+01  1.0264e+02  1.0000e+00
 1.3833e+00 -2.5754e+00 -2.0459e+00  2.2963e+01 -3.9455e+01 -3.2089e+01  5.5800e+01  1.0000e+00
-2.1846e-01  4.6080e-02 -7.4497e-02  1.3738e+00  2.7422e+00  2.7073e+00  4.0910e+00  1.0000e+00
-9.1587e-01 -1.5752e-01 -2.8035e-01 -1.0618e+01  2.1216e+00 -5.4531e+00  1.2123e+01  1.0000e+00
-3.6520e-01  1.4107e-01 -6.4795e-02 -4.3274e+00  4.4340e+00 -1.1724e+01  1.3261e+01  1.0000e+00
-1.1097e+00 -4.3384e-01 -9.0840e-01 -1.7822e+01 -5.2109e+00 -1.3431e+01  2.2917e+01  1.0000e+00
-1.5411e-01  1.2466e-02  1.4083e-02 -1.1838e+00 -7.4175e+00 -3.7938e-01  7.5210e+00  1.0000e+00
-1.6560e-01  1.4415e-01  1.2916e-01 -9.8755e-03  2.0437e+01 -2.1148e+00  2.0546e+01  1.0000e+00
-1.5399e-02 -2.2788e+00 -1.5565e+00 -2.2644e-02 -3.0039e+01 -2.1230e+01  3.6784e+01  1.0000e+00
-1.6006e-01  1.3168e-01  2.1832e-02  3.6078e+01  9.7599e+00 -4.9888e+00  3.7707e+01  1.0000e+00
-1.3082e-01  1.5337e-01  4.6323e-02  4.0786e+00 -1.4216e+01 -1.1745e+01  1.8886e+01  1.0000e+00
 1.1038e-01  9.2920e-02  1.2740e-01 -1.1197e+01  1.0066e+01  2.1160e+01  2.5970e+01  1.0000e+00
 8.3898e-01  4.4270e-02  9.3524e-01  2.3825e+00  4.7807e+00  1.0553e+01  1.1828e+01  1.0000e+00
-2.3353e-01  9.0279e-02  5.1079e-02  1.1903e+00  3.0293e+01  2.3056e+01  3.8087e+01  1.0000e+00
-5.1758e+00 -5.5842e+00  2.4351e+00 -5.1754e+01 -6.3038e+01  2.9744e+01  8.6816e+01  1.0000e+00
-4.6466e-02  2.7670e-01 -2.0192e-01 -2.5984e+00 -1.1617e+01 -4.7789e+00  1.2827e+01  1.0000e+00
-1.1845e-01  9.3841e-02  7.3297e-02 -5.9156e-01 -1.5523e+01  5.2190e+00  1.6388e+01  1.0000e+00
-1.8577e-01  7.9841e-03  9.1223e-02  1.1833e+01 -9.0241e+00 -6.7665e-01  1.4897e+01  1.0000e+00
-1.1081e-01  1.3166e-01  3.3223e-02 -9.2598e-01  3.2392e+01  1.6933e+01  3.6563e+01  1.0000e+00
-2.2228e-01  3.5034e-02  1.3694e-01  7.1804e-01 -3.8245e+01  6.9907e+00  3.8885e+01  1.0000e+00
-2.9941e-01  5.8781e-01 -1.2335e-01  9.2746e+00 -1.1163e+00  7.7798e+00  1.2157e+01  1.0000e+00
 8.6071e-01  7.5016e-01  8.2753e-02  3.7167e+00  7.5367e+00  5.9239e+00  1.0281e+01  1.0000e+00
 2.0402e-02 -1.8584e+00  9.9533e-01 -4.3018e-01 -2.8179e+01  1.3405e+01  3.1208e+01  1.0000e+00
-2.1533e+00 -1.4553e+00 -8.2718e-01 -3.6089e+01 -2.2596e+01 -1.7343e+01  4.5976e+01  1.0000e+00
 4.0124e-01 -1.0321e-02  1.9638e-01  5.5615e+00 -2.5739e+01 -3.2886e+00  2.6538e+01  1.0000e+00
-1.7486e-01  1.4817e-01  1.3197e-01 -8.7342e+00  1.1093e+01 -3.1956e+01  3.4936e+01  1.0000e+00
 2.8226e+00 -1.0827e+00 -2.4435e-01  4.3479e+01 -1.5224e+01 -2.3981e+00  4.6129e+01  1.0000e+00
-6.3018e-01  8.4329e-01 -2.8942e-01 -1.1695e+01 -3.7900e+00  9.2122e+00  1.5363e+01  1.0000e+00
 3.9748e+01 -4.9674e+01  3.3239e+01  3.8386e+02 -4.7418e+02  3.0947e+02  6.8408e+02  1.0000e+00
-6.4166e-01  8.6716e-01 -4.7069e-01  1.0189e+00  1.0340e+01  8.6204e-01  1.0426e+01  1.0000e+00
-5.0316e-01  2.4391e-01 -1.3652e-01 -2.4444e+01  3.7235e+00 -5.9007e-01  2.4733e+01  1.0000e+00
 4.9886e-03  3.1951e-01  2.8432e-01 -8.2057e+00  8.0866e+00  8.1297e+00  1.4100e+01  1.0000e+00
 1.8042e+00  1.5384e+00  1.9217e-02  2.5481e+01  2.0585e+01  2.0235e+00  3.2819e+01  1.0000e+00
 1.8803e-01  2.6567e-01  2.3713e-02  9.5578e-01 -4.4950e+00 -1.1773e+01  1.2639e+01  1.0000e+00
 4.9399e-01 -2.3883e+00  2.5727e-01  5.9469e+00 -3.3982e+01  1.7512e+00  3.4543e+01  1.0000e+00
 5.9636e-02 -4.1240e-03 -8.3562e-02  1.8953e+01  1.7349e+01  1.0564e+01  2.7782e+01  1.0000e+00
 1.4926e-01  1.2049e+00 -1.6760e+00  2.0457e+00  1.6398e+01 -2.5994e+01  3.0803e+01  1.0000e+00
 1.2207e-02  6.8903e-03 -1.1654e-02 -1.1972e+01 -1.8463e-01  1.5212e+01  1.9359e+01  1.0000e+00
-8.0835e-02  2.4613e-01  5.7326e-02  5.6033e+00  1.4206e+01 -1.3549e+01  2.0415e+01  1.0000e+00
-9.6452e-01  2.1998e-01  1.1348e+00 -2.2970e+00 -4.7783e+00  1.2163e+00  5.4395e+00  1.0000e+00
-6.3896e-02  1.4519e-01  9.8767e-02  3.4756e+00 -2.7257e+00 -1.2958e+01  1.3690e+01  1.0000e+00
-2.6399e-01  6.2664e-01 -1.8497e-01  1.2324e+01 -3.2700e+00  1.0529e+00  1.2793e+01  1.0000e+00
 2.6160e-01 -2.2188e+00  1.7616e+00  3.0983e+00 -3.3865e+01  2.6759e+01  4.3273e+01  1.0000e+00
 2.4545e-02  2.3412e-01  8.9578e-02  2.7994e+00  1.3567e+01 -1.4067e+01  1.9743e+01  1.0000e+00
 6.5936e-01  1.5507e+00 -4.7351e-02 -4.5908e-01  2.5135e+01  3.9054e+00  2.5441e+01  1.0000e+00
 9.1793e-02  1.7450e-01  1.1478e-01  7.0499e+00  5.3895e+00  2.3243e+01  2.4879e+01  1.0000e+00
 1.1099e+00 -8.4255e-01  1.4255e-01  1.1255e+01 -7.0698e+00  3.7045e+00  1.3798e+01  1.0000e+00
-1.4980e-01  2.8301e-01 -1.7139e-02 -1.8508e+01 -7.3375e+00  1.9984e+01  2.8209e+01  1.0000e+00
 1.3629e+00 -8.6975e-01  8.2519e-01  2.0510e+01 -7.2466e+00  1.1814e+01  2.4753e+01  1.0000e+00
-5.8160e-01  3.0416e-01  7.0026e-01  1.5012e+00 -1.5266e+00  4.9780e+00  5.4189e+00  1.0000e+00
-4.1063e-02  1.6321e-03  2.4564e-01 -7.0983e+00 -1.0736e+01 -1.2595e+01  1.8008e+01  1.0000e+00
-3.9109e-03  1.3468e-01  7.6310e-02  2.7603e+00 -6.2626e+00 -1.5916e+01  1.7325e+01  1.0000e+00
-5.7918e-01 -5.2871e-01 -2.5328e+00 -7.3275e+00 -6.0908e+00 -3.7131e+01  3.8334e+01  1.0000e+00
 5.7690e-01  4.6058e-01 -3.5473e-01 -6.1634e+00  4.2649e+00 -1.2371e+00  7.5966e+00  1.0000e+00
 2.8784e+00 -1.5447e-01 -7.8859e-01  4.4091e+01 -8.1730e-01 -9.3630e+00  4.5082e+01  1.0000e+00
-2.1539e-01  4.3787e-01 -7.4249e-02  1.4802e+01  6.4771e+00 -4.3227e+00  1.6725e+01  1.0000e+00
 8.9296e-01 -4.1022e-02  2.4765e+00  1.5987e+01 -2.0133e+00  4.1345e+01  4.4373e+01  1.0000e+00
-1.0530e+00  6.4880e-02  1.7828e-01 -5.7323e-01  1.9284e+00  5.2646e+00  5.6359e+00  1.0000e+00
 8.6898e-01  3.5437e-01  7.2146e-01 -3.1134e+00 -5.9635e+00  1.1852e+01  1.3628e+01  1.0000e+00
-1.3746e+00  2.3490e-01  2.0126e+00 -1.8102e+01  2.9618e+00  2.9730e+01  3.4933e+01  1.0000e+00
 5.5214e-01  2.1537e+00  3.7077e-01 -3.7427e+00  1.8560e+01 -2.8912e+00  1.9153e+01  1.0000e+00
-1.7407e-01 -6.6730e-02  7.9714e-02 -2.7401e+00  1.6456e+01 -1.5706e+00  1.6756e+01  1.0000e+00
 7.1717e-01  5.6097e+00  4.0736e+00  3.3298e-01  6.4123e+01  4.0920e+01  7.6068e+01  1.0000e+00
-1.0188e+00  1.0216e+00 -8.1804e-01 -1.5583e+01  1.3320e+01 -6.3202e+00  2.1452e+01  1.0000e+00
-2.6452e-01 -2.5763e-01 -1.2285e-02  2.1375e+00 -1.0809e+01 -7.1351e+00  1.3127e+01  1.0000e+00
-3.3095e-01 -3.5128e-01 -8.2346e-01  2.1518e+00  1.0159e+01  8.9945e+00  1.3738e+01  1.0000e+00
-5.8441e-02  2.5937e-01  6.6723e-02 -1.6818e+01 -2.3293e+01 -1.8816e+01  3.4343e+01  1.0000e+00
-2.4133e-01  1.1787e-01  1.0373e-03 -6.0540e+00 -7.7887e+00 -5.1039e+00  1.1107e+01  1.0000e+00
 7.9235e-02  1.0231e-01 -2.1849e-01 -1.8869e+01 -4.9773e+00  5.0167e+00  2.0149e+01  1.0000e+00
-1.1746e+00 -1.3836e-01  1.1454e+00 -1.0295e+01 -1.0363e+00  1.4907e+01  1.8146e+01  1.0000e+00
-4.7790e-02  2.8009e-01 -1.4777e-01  6.3525e+00  2.0352e+01  1.9317e+00  2.1408e+01  1.0000e+00
-9.0191e-02  4.8808e-02 -2.6988e-03  1.0696e+01 -1.3306e+01  6.1424e+00  1.8143e+01  1.0000e+00
 2.8504e-02 -1.2908e-01 -7.1407e-02 -3.5072e+00  1.8325e+00  2.0253e+01  2.0636e+01  1.0000e+00
-6.1790e-02  2.1412e-01 -2.9703e-02 -2.1867e+00  9.4975e+00  3.8639e+00  1.0484e+01  1.0000e+00
-1.5769e-01  1.0277e-01  8.1906e-02  1.8742e+01  1.7184e+01  1.0154e+01  2.7379e+01  1.0000e+00
 1.5945e-02  1.4997e-01  1.1470e-01  1.6870e+00 -1.4276e+01  7.7926e+00  1.6352e+01  1.0000e+00
 1.0892e+00 -2.0069e+00 -8.7798e-01  1.4716e+01 -2.5793e+01 -1.2985e+01  3.2411e+01  1.0000e+00
 3.1801e-01  4.0814e-01  5.1079e-02  1.8393e+01  1.1626e+01 -2.3948e+00  2.1891e+01  1.0000e+00
 1.2460e+00  1.7142e-01 -3.7093e+00  1.8664e+01  5.5308e+00 -4.0165e+01  4.4634e+01  1.0000e+00
-2.8743e-01  1.4482e+00 -1.2813e+00 -3.2495e+00  2.0055e+01 -1.3234e+01  2.4247e+01  1.0000e+00
-2.3979e+00 -9.9871e-01  5.7288e-01 -3.8731e+01 -1.3579e+01  9.3639e+00  4.2097e+01  1.0000e+00
 2.8950e+00 -3.0555e-01 -1.2590e+00  4.7389e+01 -4.5114e+00 -1.9522e+01  5.1451e+01  1.0000e+00
 1.1283e+00 -6.0373e+00  3.6722e+00  1.7686e+01 -9.8154e+01  6.1009e+01  1.1692e+02  1.0000e+00
-7.9081e-02  1.0455e-01  6.5313e-02 -1.8400e+01 -7.3979e+00  1.6591e+01  2.5856e+01  1.0000e+00
-8.1681e-02 -3.8727e-02 -4.2596e-02 -2.2457e+00  3.5429e+00 -1.7308e+01  1.7809e+01  1.0000e+00
-1.2203e-01  3.7074e-02 -6.9106e-02 -9.5376e+00  7.3554e+00 -2.2769e+00  1.2258e+01  1.0000e+00
-3.6961e-01  7.7987e-01 -6.3630e-01 -4.8719e+00  3.1755e+00  2.8382e+00  6.4711e+00  1.0000e+00
-1.6736e+00 -1.1701e+00 -7.9861e-01 -2.3861e+01 -1.1888e+01 -1.2859e+01  2.9598e+01  1.0000e+00
-1.9213e-01  7.3881e-02 -8.8054e-02 -2.4400e+01 -2.1114e+01 -2.2281e+01  3.9212e+01  1.0000e+00
-7.4001e-02  1.0281e-01 -1.0688e-01  3.2434e+01  1.9376e+01  1.6296e+01  4.1146e+01  1.0000e+00
-2.4157e-01  1.1952e-01 -1.6279e-02  1.4187e+01 -1.8835e+00  1.2334e+01  1.8893e+01  1.0000e+00
 1.9628e-02  1.3575e-01 -1.3195e-01  2.9108e+01 -7.1080e+00 -3.7572e+00  3.0198e+01  1.0000e+00
 6.2569e-01 -9.9612e-01 -1.1663e+00  8.0249e+00 -1.1415e+01 -1.1176e+01  1.7877e+01  1.0000e+00
-1.7464e-01 -1.6468e-02 -9.4934e-02  3.2432e+01  1.3030e+01 -4.0820e+00  3.5190e+01  1.0000e+00
-1.4052e-01  1.2622e-01 -1.0787e-02 -2.5623e+01 -2.8707e+00  1.3463e+01  2.9087e+01  1.0000e+00
 1.1924e+00 -1.3195e+00 -1.8088e+00  1.6228e+01 -1.8758e+01 -2.4216e+01  3.4664e+01  1.0000e+00
 3.7627e-01  1.7493e-01  2.1426e-01 -1.7220e+01  2.3588e+00 -2.6388e+00  1.7580e+01  1.0000e+00
-1.1840e-01  7.9289e-02  1.3407e-01 -2.0089e+01 -1.0754e+01  2.2788e+01  3.2226e+01  1.0000e+00
-6.0075e-02  1.0796e-01  1.0058e-03 -1.1659e+01 -3.2378e+01 -2.3573e+01  4.1712e+01  1.0000e+00
-2.0235e-01 -6.6098e-01  4.3070e-01  2.4622e+00  2.3592e+00 -1.3893e+01  1.4305e+01  1.0000e+00
-1.8698e-01  3.4411e-02 -5.7504e-03 -2.2495e+00 -3.9747e+00  2.4587e+00  5.1869e+00  1.0000e+00
 2.6804e-02  1.4469e-01  9.2772e-04 -6.1105e-01  1.3691e+01  2.3931e+01  2.7577e+01  1.0000e+00
 8.5203e-01 -8.6535e-01 -3.6127e-01  6.6055e+00 -6.1571e+00  8.4639e-01  9.0697e+00  1.0000e+00
-6.8036e-02  1.3489e-01  6.8227e-02  1.1983e+01 -1.1407e+01 -4.4111e+00  1.7122e+01  1.0000e+00
 4.0527e-02  2.7124e-01  2.9696e-02 -1.2661e+01  6.9833e+00 -2.4467e+01  2.8420e+01  1.0000e+00
 1.8485e+00  1.0269e+00 -3.4209e-01  2.3152e+01  1.6429e+01 -2.2115e+00  2.8475e+01  1.0000e+00
-2.0399e-01  4.2068e-02  1.1072e-01 -2.6201e+01 -1.2931e+01 -1.2197e+01  3.1661e+01  1.0000e+00
 1.0040e-01 -1.0759e-01  1.0974e-02  2.1231e+01  5.2326e+00  1.4072e+01  2.6003e+01  1.0000e+00
-8.2673e-02  2.6173e-01 -2.2540e-02  5.1589e+00 -7.9475e+00 -8.4200e+00  1.2676e+01  1.0000e+00
-3.9064e-02  1.7509e+00  2.5373e-01  4.9238e+00  2.5571e+01  4.1846e-01  2.6044e+01  1.0000e+00
-4.0551e+01  4.9850e+01 -3.2650e+01 -3.7964e+02  4.7214e+02 -3.1702e+02  6.8377e+02  1.0000e+00
-5.0936e-02  1.0143e+00  3.6100e-01 -1.4476e+01  1.1940e+01  5.1376e-01  1.8772e+01  1.0000e+00
-1.4678e-01  1.2522e-01  4.4675e-02 -5.1741e+00 -2.6581e+01  1.4135e+01  3.0547e+01  1.0000e+00
-6.9986e-01  7.1318e-01 -1.3889e-01 -1.2758e+01  1.4260e+01 -2.1410e+00  1.9253e+01  1.0000e+00
-1.1699e-01  1.7378e-01 -2.1725e-01 -4.3849e+00  6.2928e+00  2.9091e+01  3.0085e+01  1.0000e+00
 1.1223e-01  2.9414e-01  1.7265e-01 -3.6051e+00 -1.1801e+01 -2.6008e+01  2.8787e+01  1.0000e+00
 1.0496e+00 -1.6355e+00 -1.6653e+00  1.6307e+01 -2.2032e+01 -2.0903e+01  3.4471e+01  1.0000e+00
-2.2185e-01  9.6817e-02  2.3053e-01  8.0740e-01  2.5285e+01 -1.7695e+01  3.0872e+01  1.0000e+00
 9.3467e-01  2.0621e-01  4.0076e-01  3.5225e+00  4.2414e+00 -2.0980e+00  5.8990e+00  1.0000e+00
-2.2833e-02  3.0398e-01  9.1577e-02  1.3249e+01  4.7911e+00 -1.4488e+00  1.4163e+01  1.0000e+00
-2.1765e+00 -6.5159e-02  1.7277e+00 -3.3296e+01  2.3282e+00  2.8681e+01  4.4007e+01  1.0000e+00
-4.3850e-01  4.0597e-01  1.1808e-01  5.8464e+00 -1.1512e+01 -1.2080e+01  1.7681e+01  1.0000e+00
-2.8224e-01  1.9908e-01  3.3958e-02 -1.2525e+01 -4.5512e+00  2.9945e+00  1.3658e+01  1.0000e+00
-1.4761e+00  1.2127e+00 -2.3451e+00 -2.2224e+01  2.0356e+01 -3.5900e+01  4.6873e+01  1.0000e+00
 2.4836e+00 -1.7908e+00  6.3136e-01  3.7400e+01 -2.5271e+01  1.0503e+01  4.6343e+01  1.0000e+00
 1.5754e+00 -9.4058e-01  1.5690e+00  2.0984e+01 -1.3074e+01  2.3444e+01  3.4072e+01  1.0000e+00
-8.8968e-02 -3.5761e-02 -4.8677e-02 -1.4291e+01  6.4448e+00  8.2157e+00  1.7699e+01  1.0000e+00
-1.4936e-01  5.7159e-03  1.0020e-01 -1.5263e+01  1.9442e+01 -2.1447e+01  3.2725e+01  1.0000e+00
 2.2242e-01  2.7539e-01 -3.5939e-01  4.6330e+00  3.9056e+00 -4.6471e+00  7.6364e+00  1.0000e+00
-1.4148e+00  5.7761e-01  7.0613e-01 -2.1674e+01  3.0385e+00  7.2349e+00  2.3051e+01  1.0000e+00
-2.2561e-01  1.5444e-01  1.5073e-01  2.6158e+01  1.3719e+01  3.1989e+00  2.9710e+01  1.0000e+00
 7.7005e-01 -5.7257e-01 -1.5004e-01  4.7110e+00 -1.4039e+00  4.5007e+00  6.6649e+00  1.0000e+00
 2.4383e-01 -1.9595e-01  3.8299e-02 -7.8042e+00  1.7876e+00  5.2287e+00  9.5625e+00  1.0000e+00
-4.6197e-02  2.8306e-01 -1.0393e-01  1.9285e+01 -1.1390e+01  5.5408e+00  2.3073e+01  1.0000e+00
-1.2289e+00  6.0595e-01 -9.9439e-01 -1.7879e+01  1.6800e+01 -1.5356e+01  2.8943e+01  1.0000e+00
 4.2227e-02 -2.2955e-01  1.0423e-01  1.5965e+01  1.6759e-01 -3.3897e+00  1.6322e+01  1.0000e+00
-7.9920e-01  5.3938e-01 -2.1105e+00 -1.1971e+01  7.5939e+00 -2.9379e+01  3.2621e+01  1.0000e+00
 6.6317e-01  1.7461e+00  1.1834e+00 -5.2105e+00  2.1190e+01  9.0201e+00  2.3612e+01  1.0000e+00
-2.1348e+00 -7.1492e-01 -9.0594e-01 -3.7258e+01 -7.6201e+00 -1.0636e+01  3.9489e+01  1.0000e+00
-9.1690e-01 -5.2238e-01  1.9147e-01 -2.7816e+00 -1.1151e+01  2.7005e+00  1.1806e+01  1.0000e+00
-9.3651e-01  1.3572e-01  8.0076e-01 -2.0383e+00  2.7781e+00  7.7477e+00  8.4793e+00  1.0000e+00
-8.6118e-03  4.0564e-02  1.8808e-01 -2.9715e+01  1.0147e+01  8.0552e+00  3.2417e+01  1.0000e+00
-4.3193e-01  1.8365e-01 -8.9226e-02  1.9754e+01 -1.6611e+01  1.2853e+00  2.5842e+01  1.0000e+00
 5.5572e-02  5.4155e-01  6.1095e-02  7.8594e+00  1.0040e+01 -1.0463e+01  1.6494e+01  1.0000e+00
 2.9095e-02  8.0281e-02 -3.7076e-02  8.3778e+00  2.3008e+01 -9.1696e+00  2.6146e+01  1.0000e+00
-3.3878e-02  6.3844e-01  3.8948e-01  4.7230e+00  1.6606e+01  4.6752e+00  1.7887e+01  1.0000e+00
 1.0748e+00 -4.9712e-01  1.8053e+00  6.9862e+00 -6.0141e+00  2.0672e+00  9.4472e+00  1.0000e+00
 2.5467e-02  6.3281e-02  1.6121e-02 -1.1459e+00  2.5414e+01 -3.8329e+00  2.5727e+01  1.0000e+00
-9.6031e-02  1.0486e-01 -9.5611e-03  2.3409e+01  7.0067e+00  1.7770e+01  3.0214e+01  1.0000e+00
-3.8196e+00  5.2571e+00 -3.3497e+00 -4.2421e+01  4.4803e+01 -2.7003e+01  6.7350e+01  1.0000e+00
-3.6128e-01  9.0499e-01  8.8249e-01 -1.2357e+00  5.8313e+00  8.4693e+00  1.0357e+01  1.0000e+00
 7.6219e-01 -4.9039e-01 -8.7565e-02  1.9784e+01  5.0003e+00 -6.3355e+00  2.1367e+01  1.0000e+00
-9.6894e-02  6.5367e-02  1.0658e-01 -1.7879e+01  2.3326e+00  2.3580e+01  2.9684e+01  1.0000e+00
-1.7769e-01 -4.4063e-02  1.0082e-01 -1.3017e+01  2.1966e-01 -5.0049e+00  1.3948e+01  1.0000e+00
-9.9130e-02 -2.0831e+00 -9.4885e-01 -9.6539e-01 -2.6288e+01 -1.4029e+01  2.9813e+01  1.0000e+00
-3.9748e-02  1.2925e-01  6.4255e-01  8.4274e+00  1.1412e+01  8.4761e+00  1.6526e+01  1.0000e+00
 1.0924e+00 -1.6833e+00 -1.5495e+00  1.4172e+01 -2.3486e+01 -2.1990e+01  3.5157e+01  1.0000e+00
 1.8057e-03 -1.2414e-01  9.8590e-02 -1.7812e+00  9.7492e+00  1.6312e+01  1.9087e+01  1.0000e+00
-1.3518e-01  8.4557e-02 -2.4973e-02 -2.1744e+01 -4.6608e+00 -2.0874e+00  2.2336e+01  1.0000e+00
-4.1974e-01  1.3847e+00  8.7050e-01  1.9425e+00  2.2135e+01  9.7222e+00  2.4254e+01  1.0000e+00
 5.1457e-01 -1.1567e+00  1.8760e+00  6.9362e+00 -1.6532e+01  2.4757e+01  3.0567e+01  1.0000e+00
-3.1686e-02  4.3696e-01  4.5298e-01 -4.8572e-01  3.2872e+00 -1.6670e+01  1.6998e+01  1.0000e+00
-1.7881e-01  1.1911e-01  6.7261e-02  1.7659e+01 -1.2045e+01 -5.6377e+00  2.2107e+01  1.0000e+00
-2.1801e-02  1.9785e-01 -6.0568e-02 -8.5157e+00  1.5831e+01 -6.0072e+00  1.8953e+01  1.0000e+00
-3.9516e-02  1.1880e-01  1.0020e-01 -2.3204e+01  3.8440e+01 -5.6357e+00  4.5253e+01  1.0000e+00
-1.4353e+00 -6.2154e-01  1.2218e+00 -2.0872e+01 -6.8623e+00  1.3286e+01  2.5676e+01  1.0000e+00
-1.8645e-01  9.3839e-02  1.1400e-01 -2.8744e+01  2.0445e+01  1.8551e+01  3.9854e+01  1.0000e+00
 3.2859e-02  1.2159e-01  9.6234e-02  1.3126e+01 -1.5544e+01  8.8675e+00  2.2193e+01  1.0000e+00
 1.7464e+00 -2.4406e+00 -1.5289e-01  2.8674e+01 -3.6608e+01 -2.8812e+00  4.6591e+01  1.0000e+00
-2.1151e-01  4.3385e-01 -8.0159e-02 -7.0437e+00 -6.0508e+00  1.8288e+00  9.4642e+00  1.0000e+00
-1.5620e+00 -4.1987e-01  1.4212e+00 -7.8395e+00  3.5762e+00  3.1883e+00  9.1876e+00  1.0000e+00
-7.2486e-02 -3.6214e-03  3.9970e-02 -2.1126e+01 -2.3791e+00 -6.4471e+00  2.2215e+01  1.0000e+00
-1.9497e-01 -1.7553e-01 -4.6497e-02  5.6790e+00 -1.0752e+01 -1.4908e+01  1.9239e+01  1.0000e+00
 1.2230e+00 -5.1683e-01  3.6713e-01  9.3117e+00 -5.4381e+00  1.4053e+00  1.0875e+01  1.0000e+00
-6.4912e-02  1.8306e-01  2.8638e-02 -2.2737e+01 -3.1406e+00  3.2345e+01  3.9661e+01  1.0000e+00
-4.0190e-02  6.8150e-02  1.8760e-01 -4.1704e+01  5.3024e+00 -8.8822e+00  4.2967e+01  1.0000e+00
-9.2152e-02  8.9365e-02  4.7313e-01  7.8480e+00  9.5026e-01  1.4051e+01  1.6122e+01  1.0000e+00
-7.2478e-02  4.7654e-02 -6.4419e-02 -2.2121e+01  7.3341e+00  1.6730e+01  2.8688e+01  1.0000e+00
-8.7810e-02  3.4871e-01  1.1224e-01 -2.2242e+00 -8.9147e+00 -1.3131e+01  1.6026e+01  1.0000e+00
-2.4373e-04  1.4191e-01  2.6965e-02 -2.8010e+01 -1.2593e+01  3.2389e-01  3.0713e+01  1.0000e+00
-1.9954e-01  6.0639e-02  1.3662e-01  1.4008e+01 -2.6909e+01 -1.3627e+01  3.3257e+01  1.0000e+00
-9.9587e-02  3.1604e-01 -9.9208e-02 -9.8632e+00  5.5043e+00  5.3659e+00  1.2505e+01  1.0000e+00
-2.8078e-01  2.2908e-01  1.6974e-01 -4.7831e-01  9.0740e+00  8.7343e+00  1.2604e+01  1.0000e+00
-1.7506e-01  1.6646e-01  6.0189e-02 -2.7900e+00  3.7593e+01 -1.4293e+00  3.7723e+01  1.0000e+00
-6.7493e-02  2.4035e-01 -3.2808e-02 -2.0097e+01  1.7947e+01 -3.3054e+00  2.7146e+01  1.0000e+00
 6.5837e-02  1.6552e-01  3.1099e-02  1.7844e+01  2.0771e+01  3.0823e+01  4.1230e+01  1.0000e+00
 2.2694e-01  5.8022e-01 -6.9831e-01 -1.3223e+01  5.7763e+00  3.8765e+00  1.4941e+01  1.0000e+00
-2.6464e-02 -5.5507e-02 -1.4065e-01  7.2336e-01  1.2485e+01  2.5711e+01  2.8591e+01  1.0000e+00
-2.7699e-01 -7.9377e-02 -2.2650e-01 -5.7090e+00  2.6470e+01  6.9235e+00  2.7950e+01  1.0000e+00
-1.1195e-01  1.2079e-01  1.1784e-01  1.2964e+01  3.5180e+01  1.0909e+00  3.7509e+01  1.0000e+00
-1.4980e-01  3.1952e-02  9.9132e-02 -4.5730e+00 -2.9412e+01  5.6018e+00  3.0288e+01  1.0000e+00
-3.3146e-01  2.5523e-01  2.6661e-01  1.1791e-01 -2.2639e+00  1.9590e+01  1.9720e+01  1.0000e+00
-7.1959e-01  1.0942e+00  2.9375e+00 -5.2568e+00  8.6764e+00  2.0528e+01  2.2898e+01  1.0000e+00
 1.6048e+00  2.3290e-01  1.1848e-01  1.7114e+01  5.5599e+00  3.2299e+00  1.8282e+01  1.0000e+00
 1.4065e+00 -6.1374e-01 -1.2510e+00  1.8080e+01 -1.0170e+01 -1.5660e+01  2.5991e+01  1.0000e+00
-2.4554e-01 -5.0728e-02  1.6980e-01  9.4586e-01  6.4531e+00  3.6387e+00  7.4684e+00  1.0000e+00
 1.3827e+00 -1.5578e+00 -2.3495e+00  2.2725e+01 -2.2734e+01 -3.4044e+01  4.6821e+01  1.0000e+00
-4.6868e-02  1.0895e-01  6.5764e-02  2.3682e+00  6.5116e+00  5.6758e+00  8.9568e+00  1.0000e+00
 2.9523e-02  1.1228e-01 -7.7124e-02 -6.8574e+00  8.9799e+00 -4.5623e+00  1.2185e+01  1.0000e+00
-2.5555e-01  1.0251e-01  3.1051e-01  1.5488e+01  5.9692e+00 -2.7340e+00  1.6822e+01  1.0000e+00
-5.3900e-03  1.6521e-01  1.0804e-01 -5.8095e+00  8.7270e-01 -1.3343e+01  1.4579e+01  1.0000e+00
 9.6123e-02  2.4462e-01  3.5223e-01  1.0868e+01  1.1742e+01  1.8730e+01  2.4633e+01  1.0000e+00
 6.4353e-01  5.8507e-01  5.7538e-01 -2.9577e+00  5.0007e+00  9.3821e+00  1.1035e+01  1.0000e+00
-7.2769e-02  1.6995e-02  4.0659e-02  2.2779e+01 -1.7708e+00  1.7814e+01  2.8972e+01  1.0000e+00
 8.3977e-02  7.5396e-02  3.0981e-01 -1.2945e+01 -8.2026e-01  3.1032e+00  1.3337e+01  1.0000e+00
 1.4316e-01 -4.0950e-01  2.0368e-01  9.3795e+00 -9.9220e+00 -2.4703e-01  1.3656e+01  1.0000e+00
-7.6221e-02  1.1923e-01  7.0193e-02  2.9306e+01  7.8733e+00  7.2347e+00  3.1196e+01  1.0000e+00
-6.9616e-01  6.5778e-01  1.9414e+00 -6.2677e+00  9.0029e+00  2.7335e+01  2.9454e+01  1.0000e+00
-6.3147e-01 -6.9518e-01  6.6355e-01  6.6819e+00  7.4276e+00  8.3333e+00  1.3010e+01  1.0000e+00
 9.4615e-02 -5.0223e-02 -6.2339e-02  3.1949e-02 -5.8142e+00 -3.4508e-01  5.8246e+00  1.0000e+00
-1.2626e-01  1.3368e-01  1.9065e-02 -1.9924e+01  9.1993e+00  3.3232e+01  3.9824e+01  1.0000e+00
-1.0579e+00  6.5862e-01  8.6973e-01 -5.7228e+00  1.1614e+01  1.1820e+01  1.7531e+01  1.0000e+00
 1.5132e+00 -3.7301e+00  5.9934e+00  1.5745e+01 -3.9746e+01  7.1480e+01  8.3289e+01  1.0000e+00
 2.1686e+00  4.2887e-01  1.9322e+00  3.3197e+01  6.4907e+00  3.1262e+01  4.6060e+01  1.0000e+00
 7.7053e-01 -8.3306e-01 -4.3294e-01  8.9714e+00 -3.6254e+00 -4.4338e+00  1.0644e+01  1.0000e+00
-1.2766e-01  1.8978e-01 -2.3866e-03  1.6057e+01  2.3095e+01 -6.4237e+00  2.8853e+01  1.0000e+00
-2.5367e-01  2.6385e-01 -2.9935e-01 -1.4418e+01  1.7235e+01 -1.0806e+01  2.4934e+01  1.0000e+00
-5.7988e-01  2.2895e-01  2.3479e+00 -9.0884e+00  5.9152e+00  3.6106e+01  3.7699e+01  1.0000e+00
-1.7782e+00 -1.0771e+00 -1.9711e+00 -2.3161e+01 -3.6163e+00 -2.1886e+01  3.2071e+01  1.0000e+00
 5.8843e-01  9.6786e-01 -7.8822e-01  2.9437e+00  1.1753e+01 -5.9653e+00  1.3505e+01  1.0000e+00
-1.3846e-01  4.1738e-02  1.7585e-01  7.3195e+00 -3.0129e+00  2.3141e+01  2.4458e+01  1.0000e+00
-3.3654e-01  5.8104e-01 -1.9955e-01 -7.4613e+00 -9.9154e+00  5.2434e+00  1.3471e+01  1.0000e+00
-1.0319e-01  1.1080e-01 -4.6601e-02 -4.1553e+00  1.2572e+01  1.0832e+01  1.7107e+01  1.0000e+00
 2.8798e-01  1.1871e+00  5.0246e-01  4.3784e+00  1.1264e+01  4.5558e+00  1.2915e+01  1.0000e+00
 7.2670e-02  1.6982e-01  1.0827e-01 -2.4611e+00 -2.1560e+01 -3.9254e+00  2.2052e+01  1.0000e+00
-2.0976e-01  2.3938e-01  7.9465e-02  2.4938e+00 -9.8412e+00 -1.4111e+01  1.7384e+01  1.0000e+00
-8.7108e-01  2.5333e+00 -4.0129e-01 -1.2038e+01  3.8336e+01 -4.7194e+00  4.0458e+01  1.0000e+00
 3.7698e-01 -5.1168e-01 -3.2367e-01  2.0686e+01 -3.5689e+00  1.2754e+01  2.4563e+01  1.0000e+00
-1.8642e+00 -3.7314e-01 -3.9114e-01 -2.4876e+01 -5.6000e-01 -6.5631e+00  2.5733e+01  1.0000e+00
 8.5488e-01  4.6201e-02  9.0244e-01  3.7026e+00 -2.6875e+00  1.2003e+01  1.2845e+01  1.0000e+00
-1.7150e+00 -6.4314e-01  9.4740e-01 -1.9938e+01 -9.3862e+00  1.3192e+01  2.5684e+01  1.0000e+00
-2.1675e-01  7.8308e-02 -6.4875e-03 -2.8128e+00 -7.5827e+00  1.6776e+01  1.8624e+01  1.0000e+00
 2.9105e+00  9.6766e-01  2.7050e-01  4.3918e+01  1.5835e+01  3.7528e+00  4.6836e+01  1.0000e+00
 1.0523e+00  1.7077e+00 -1.6642e-02  1.8087e+01  2.4913e+01  3.2064e+00  3.0953e+01  1.0000e+00
-2.1482e+00 -1.4491e+00 -8.5204e-01 -3.3246e+01 -1.9736e+01 -8.0351e+00  3.9489e+01  1.0000e+00
 5.6207e-01  1.8404e-01 -3.6809e-01  6.5934e+00 -1.2744e+01 -1.4570e+01  2.0449e+01  1.0000e+00
-2.2812e+00 -2.5326e-01 -5.6236e-01 -3.5341e+01 -2.0466e-01 -9.2809e+00  3.6540e+01  1.0000e+00
 1.8459e-01  1.4310e-01  2.9014e-01 -8.9575e+00 -7.3917e+00 -2.0873e+01  2.3886e+01  1.0000e+00
 4.7809e-01  9.2359e-01 -9.0989e-01  2.3205e+00  1.1863e+01 -4.8925e+00  1.3040e+01  1.0000e+00
-6.0218e-01  1.9700e+00 -1.0349e+00 -8.0051e+00  2.7994e+01 -1.0946e+01  3.1106e+01  1.0000e+00
-2.6126e-01  3.5955e-01 -1.4432e-01  1.5738e+00  1.2780e+00 -1.7247e+00  2.6617e+00  1.0000e+00
-1.9863e-01 -1.7330e-01  1.7984e-02 -8.0019e+00 -5.6692e+00 -7.8132e-01  9.8377e+00  1.0000e+00
-6.3381e-01 -3.9596e-01 -8.2622e-01 -7.3200e+00 -2.8029e+00 -1.6644e+01  1.8398e+01  1.0000e+00
-4.3277e-01  7.2682e-02  3.5486e-01 -1.2763e+01 -5.0007e+00  1.6318e+00  1.3804e+01  1.0000e+00
 2.8340e-01 -5.7382e-01 -1.3672e+00  1.1723e+01 -1.0481e+01 -5.6395e+00  1.6705e+01  1.0000e+00
-5.6012e-01 -3.2907e-01  5.7380e-01  3.8480e+00  3.0887e+00 -4.1779e-01  4.9519e+00  1.0000e+00
 9.7001e-02  1.4265e-01 -2.6180e-01  4.6912e+00 -1.2121e+01 -2.3152e+01  2.6551e+01  1.0000e+00
-1.4913e+00 -6.8982e-01 -2.4650e+00 -2.6182e+01 -1.3228e+01 -4.6182e+01  5.4711e+01  1.0000e+00
-2.9183e+00 -1.1715e+00 -6.3998e-02 -4.6545e+01 -1.5284e+01 -1.4309e+00  4.9011e+01  1.0000e+00
 1.9290e-01 -1.0062e+00 -8.0685e-01  6.6491e+00 -1.0979e+01 -1.3288e+01  1.8475e+01  1.0000e+00
 3.0924e+00  3.4715e-01 -2.3782e-01  4.6902e+01  8.3361e+00 -5.1071e+00  4.7910e+01  1.0000e+00
-2.1314e-01  2.9668e-03  2.3847e-02 -2.1940e+01 -1.5987e+01 -2.3679e+00  2.7250e+01  1.0000e+00
-4.7398e-01  3.1899e-01  1.0895e-01  8.7807e-01  3.6029e+00 -9.2572e+00  9.9723e+00  1.0000e+00
-1.0491e-01  2.0153e-01 -2.0401e-01 -7.0378e+00 -1.8060e+01  8.6705e+00  2.1233e+01  1.0000e+00
-5.5374e-01 -3.5858e-01  2.8062e-01  7.9910e+00  2.5826e+00  1.4653e-01  8.3993e+00  1.0000e+00
-1.8267e-01  2.4712e-01 -2.1096e-02 -1.6985e+01 -8.2284e+00  1.1610e+01  2.2158e+01  1.0000e+00
-1.1959e-01  1.6339e-01  1.2242e-01  6.1132e+00  1.1697e+00 -1.3823e+01  1.5159e+01  1.0000e+00
-3.5172e-03  9.4414e-02  2.4196e-01 -2.0012e+00  1.2263e+01  1.1975e+01  1.7256e+01  1.0000e+00
-1.5410e+00  1.4042e+00 -4.3043e-01 -2.1465e+01  1.8104e+01 -3.2596e+00  2.8268e+01  1.0000e+00
-8.8465e-02  1.3610e-01  7.7355e-02 -3.0784e+01 -7.1770e+00  4.2686e+00  3.1896e+01  1.0000e+00
-1.8929e+00 -4.7028e-01  1.0336e-01 -2.2793e+01 -7.3671e+00 -8.6661e-02  2.3954e+01  1.0000e+00
-1.4471e-01  3.5164e-01  1.7785e-01 -4.8308e+00  1.7246e+01 -1.3272e+01  2.2292e+01  1.0000e+00
-1.2175e-01  2.1332e-01  9.2650e-02  2.8847e+01 -1.9267e+01 -2.7263e+00  3.4796e+01  1.0000e+00
-1.9979e-01  2.6036e-01 -1.2722e-01  3.8942e+00 -1.1698e+01 -6.1326e+00  1.3770e+01  1.0000e+00
-1.6787e-01  9.6810e-02  1.4826e-01 -8.9220e+00 -1.4616e+01 -1.7165e+01  2.4246e+01  1.0000e+00
 9.7672e-01 -2.5525e+00 -1.2208e+00  1.5048e+01 -3.7255e+01 -1.7808e+01  4.3949e+01  1.0000e+00
-2.1840e+00 -5.5203e-01  1.9670e+00 -3.3815e+01 -6.0877e+00  3.0545e+01  4.5973e+01  1.0000e+00
 9.2841e-02 -4.4952e-01  6.7478e-02 -1.4112e+01  2.6118e+00 -6.1841e+00  1.5627e+01  1.0000e+00
-5.5018e-01 -6.1515e-01 -1.3681e+00 -7.3656e+00 -5.6640e+00 -1.3048e+01  1.6019e+01  1.0000e+00
 1.2954e+00 -5.9203e-01  1.7276e-01  1.0906e+01 -7.5752e+00  2.7049e-01  1.3282e+01  1.0000e+00
 1.0306e-01  1.1111e-01  6.0403e-02  4.8533e+00 -3.1690e+00 -3.3245e+00  6.6820e+00  1.0000e+00
-2.4924e-01 -1.9175e+00 -1.2900e+00 -4.3568e+00 -3.0604e+01 -2.1426e+01  3.7612e+01  1.0000e+00
-5.9633e-01  1.1279e+00 -1.1838e+00 -7.5539e+00  1.3037e+01 -1.1872e+01  1.9183e+01  1.0000e+00
-5.0577e-01  5.7638e-01 -5.9428e-01 -2.9715e+00 -1.3446e-01  1.3864e+00  3.2817e+00  1.0000e+00
 1.1833e+00  4.3752e-01  4.9306e-02  6.6669e+00  5.5963e+00 -7.8836e-01  8.7400e+00  1.0000e+00
-7.0459e-03 -2.6054e-02  1.7625e-01 -1.3677e+01  4.5974e+00 -8.5506e+00  1.6773e+01  1.0000e+00
-5.6738e-01  2.1480e+00 -9.8395e-01 -5.7434e+00  3.0740e+01 -1.2656e+01  3.3735e+01  1.0000e+00
 1.2517e+00 -4.2419e-02 -3.6719e-01  1.0057e+01  3.3378e+00 -4.1299e+00  1.1373e+01  1.0000e+00
-4.3837e-01  1.8982e-01  3.9229e+00  1.7191e+00  5.4466e+00  3.1540e+01  3.2053e+01  1.0000e+00
-9.0404e-02 -1.2423e+00 -2.3209e-01 -2.0533e+00 -9.0112e+00  1.9314e-01  9.2442e+00  1.0000e+00
-1.6885e-01  1.1731e-01  1.4153e-01 -7.1309e+00  1.1628e+01  1.7477e+01  2.2170e+01  1.0000e+00
-5.5206e-02  2.0859e-01  6.0109e-02  9.0199e+00  1.4560e+01 -1.2784e+00  1.7175e+01  1.0000e+00
 1.4115e-02 -4.0689e-04  1.2916e-01 -4.4381e+00 -1.2745e+01  2.5631e+01  2.8966e+01  1.0000e+00
 6.6115e-01  1.5282e+00  9.6642e-01  1.2386e+01  2.4491e+01  1.3186e+01  3.0448e+01  1.0000e+00
-2.0240e-01 -1.9830e-01  2.1012e-01  5.5681e-01  1.0018e+01 -5.6779e+00  1.1529e+01  1.0000e+00
-1.5986e-01  6.0053e-02  7.3435e-03 -1.2271e+01 -1.5397e+01  4.4220e-01  1.9693e+01  1.0000e+00
-7.1486e-02  1.8356e-01 -1.9501e-02 -1.1352e+01  2.8024e+01  2.9754e+01  4.2421e+01  1.0000e+00
 1.3721e-01  2.8568e-01  1.6541e-01 -3.0673e+00 -5.2744e+00  7.1845e+00  9.4257e+00  1.0000e+00
-3.7392e-02  2.8717e-01 -5.1203e-02 -2.0160e+01 -4.6472e+00 -2.5259e+00  2.0842e+01  1.0000e+00
-5.5163e-02  4.1929e-02 -7.3548e-02 -4.0378e+00  1.4090e+01 -2.5306e+01  2.9244e+01  1.0000e+00
 1.5107e+00 -1.1914e+00 -3.4765e-01  1.9501e+01 -1.4277e+01 -2.3137e+00  2.4279e+01  1.0000e+00
-7.7690e-02 -1.8536e-02  4.9199e-03  1.5403e+01 -2.3348e+00  1.1514e+01  1.9372e+01  1.0000e+00
 3.6823e+00 -5.2981e+00  3.2389e+00  2.5635e+01 -5.1013e+01  3.2854e+01  6.5871e+01  1.0000e+00
 1.5349e-01 -4.4964e-02 -1.6974e+00  9.1590e-01 -8.2170e+00 -4.4278e+00  9.3789e+00  1.0000e+00
 2.8537e-01 -1.0886e+00 -2.9908e+00  2.9215e+00 -1.5638e+01 -4.4576e+01  4.7329e+01  1.0000e+00
-5.4342e-01 -1.2376e+00 -2.0601e+00 -1.2800e+01 -1.8229e+01 -3.1365e+01  3.8470e+01  1.0000e+00
-2.0559e-01 -2.1929e+00  2.4555e-01 -2.7244e+00 -3.4431e+01  3.7750e+00  3.4745e+01  1.0000e+00
-2.7288e+00 -1.5445e+00 -7.6802e-01 -4.4965e+01 -2.2583e+01 -1.1612e+01  5.1640e+01  1.0000e+00
 2.0792e-02  1.9244e-01  1.8561e-01 -2.3451e+00 -1.1257e+01  6.0638e+00  1.2999e+01  1.0000e+00
-2.2829e+00 -5.8870e-01 -5.6052e-01 -3.7748e+01 -9.2368e+00 -6.3145e+00  3.9371e+01  1.0000e+00
-6.6829e-01  3.1179e-01  4.2691e-01 -3.6669e+00  2.6344e+00 -7.7299e+00  8.9519e+00  1.0000e+00
-7.0229e-02  2.3632e-02 -6.5938e-02 -3.6845e+01  2.8546e+00  7.1348e+00  3.7638e+01  1.0000e+00
-7.9801e-02  1.5946e-01  1.0646e-01 -8.6458e+00 -3.2521e+01  6.8433e+00  3.4340e+01  1.0000e+00
-7.9671e-02 -3.0705e-01  5.9747e-01  1.6917e+01 -5.2215e+00  1.3368e+01  2.2185e+01  1.0000e+00
-1.0534e-01  1.5896e-01  4.8443e-02 -1.2958e+01 -1.0979e+01  1.1488e+01  2.0504e+01  1.0000e+00
