# limit = 3.0348
#
# x           y           z           vx          vy          vz          s           m
 8.0794e-01 -1.0544e+00 -1.3862e+00  1.7547e+00 -7.2320e+00 -1.3926e+00  7.5710e+00  1.0000e+00
-1.2973e-01  3.1488e-02  1.0131e-01  4.0895e+01  1.0109e+01 -6.5780e+00  4.2637e+01  1.0000e+00
 2.8382e+00 -3.5100e-02  5.4146e-01  3.7782e+01  1.4138e+00  7.4608e+00  3.8537e+01  1.0000e+00
-8.8347e-02  2.4839e-01  1.1174e-01 -1.6519e+00 -2.3977e+00 -1.1569e+01  1.1930e+01  1.0000e+00
-2.2014e+00  9.2687e-01  1.4640e+00 -3.2283e+01  1.2162e+01  1.9284e+01  3.9522e+01  1.0000e+00
 9.0745e-01 -4.4423e-01  2.8174e+00  1.3754e+01 -4.5382e+00  3.9589e+01  4.2155e+01  1.0000e+00
 2.6304e-01 -2.2741e+00 -1.7170e+00  2.8178e+00 -3.2441e+01 -2.2435e+01  3.9544e+01  1.0000e+00
 3.3021e-02 -3.7312e-01 -1.0560e-01 -6.4580e+00  1.5752e+01 -7.0835e-01  1.7039e+01  1.0000e+00
-4.4245e+00  3.1310e+00  9.0111e+00 -4.5677e+01  3.3482e+01  1.0492e+02  1.1923e+02  1.0000e+00
-1.2739e-01  2.7944e-02  1.1518e-01 -1.8460e+01  9.4293e+00 -2.4831e+00  2.0877e+01  1.0000e+00
 1.0896e+00  1.0200e+00  8.9199e-01  1.0367e+01  1.2080e+01  8.0411e+00  1.7834e+01  1.0000e+00
 9.1827e-02  3.8941e-01 -9.4039e-02  6.3718e+00 -2.5791e+00  6.3763e-01  6.9035e+00  1.0000e+00
 5.0466e-01  8.5860e-01  9.5891e-01  6.2045e+00  3.0513e+00  1.0650e+01  1.2697e+01  1.0000e+00
-2.0024e-01  3.9159e-01  2.6252e-01 -1.3067e+01 -1.8576e+00  2.5177e+00  1.3436e+01  1.0000e+00
 5.6691e-02  1.1153e-01  2.3755e-01  3.1957e+00  2.6242e+00 -1.5578e+01  1.6117e+01  1.0000e+00
-1.0903e+00  7.8315e-02 -1.3654e+00 -1.7164e+01 -2.9260e+00 -1.3760e+01  2.2193e+01  1.0000e+00
 1.6715e+00 -1.7392e+00 -1.8822e+00  2.3152e+01 -2.3789e+01 -2.7448e+01  4.3074e+01  1.0000e+00
-3.4238e-01  6.7871e-02  5.7803e-02 -6.5512e+00  2.9581e+01  1.9752e-01  3.0299e+01  1.0000e+00
 1.2047e-02  3.0613e-01  2.3977e-01  1.0262e+01  2.5839e+00 -1.7056e+01  2.0072e+01  1.0000e+00
 6.2627e+00  5.5342e+00 -2.5750e+00  7.3789e+01  5.9204e+01 -2.5344e+01  9.7940e+01  1.0000e+00
-2.4654e-01  2.4968e-02  1.2397e-01  2.9310e+01 -2.3293e-01 -6.1507e+00  2.9949e+01  1.0000e+00
-1.7416e-03  2.4568e-01 -1.0188e-01  7.1712e+00  1.5880e+01 -8.8448e+00  1.9540e+01  1.0000e+00
-1.6080e-01 -1.9206e-02  6.6130e-02 -9.4414e+00  1.4173e+01  1.1428e+01  2.0509e+01  1.0000e+00
-1.2195e+00  2.0975e+00 -2.2974e+00 -1.6795e+01  3.2245e+01 -3.2362e+01  4.8673e+01  1.0000e+00
-3.6761e-02  2.6383e+00 -1.2169e+00 -1.0150e+00  3.7172e+01 -1.6462e+01  4.0667e+01  1.0000e+00
-2.5538e-01 -1.7450e-01 -1.2817e+00 -1.1835e+01  5.9564e+00 -2.1391e+01  2.5163e+01  1.0000e+00
 1.1282e+00 -1.9790e+00  4.9617e-01  1.2054e+01 -3.0413e+01  5.8797e+00  3.3238e+01  1.0000e+00
 3.8145e+00 -9.0510e-01 -3.6633e+00  7.5806e+01 -1.9963e+01 -7.3155e+01  1.0722e+02  1.0000e+00
 1.0697e-01 -3.0051e+00 -3.9729e+00  2.2020e+00 -4.2921e+01 -5.6604e+01  7.1071e+01  1.0000e+00
-7.6396e-02  4.6377e-02  9.8085e-02  1.4060e+01 -5.6840e+00 -1.7448e+01  2.3118e+01  1.0000e+00
-1.5234e-01  1.8527e-01  1.3562e-01  1.7099e+01  1.0785e+01 -1.1164e+01  2.3094e+01  1.0000e+00
-1.8585e-01  1.6823e-01  1.3598e-01 -3.8356e+00 -1.2833e+01  3.2101e+00  1.3773e+01  1.0000e+00
-2.8990e-01  6.8881e-02  4.0914e-01 -8.4870e-01  2.0433e+00  1.3312e+01  1.3495e+01  1.0000e+00
 4.6324e-02  1.0383e-01  1.0664e-01  6.1484e+00 -2.9778e+00 -9.7363e+00  1.1894e+01  1.0000e+00
 6.7944e-03  4.4480e-02 -7.6011e-02 -1.5480e+01  2.0872e+00 -1.1226e+01  1.9236e+01  1.0000e+00
-1.5615e-01  2.0937e-01 -1.4151e-01 -2.0524e+01  7.3498e+00  2.1089e+01  3.0331e+01  1.0000e+00
 1.6205e+00  2.5922e-01 -6.1256e-01  5.5692e-01 -2.0152e+00  4.2044e-01  2.1326e+00  1.0000e+00
-2.3863e+00  4.5546e+00 -6.2117e+00 -2.8702e+01  5.5017e+01 -6.8387e+01  9.2344e+01  1.0000e+00
 1.0611e-01  1.2568e-01  7.4369e-01  2.9598e+00  4.7118e+00  1.1907e+01  1.3143e+01  1.0000e+00
 1.8696e+00 -5.5133e-01  1.5273e+00  2.3471e+01 -4.9583e+00  1.9579e+01  3.0965e+01  1.0000e+00
 1.3707e+00  1.1719e+00 -2.1743e-01  1.6231e+01  1.4486e+01  1.4165e+00  2.1802e+01  1.0000e+00
-5.7702e-01  2.6244e-01  3.3138e-01  1.2077e+01  1.3963e+00  5.2892e+00  1.3258e+01  1.0000e+00
-2.7802e-01  6.1312e-02  1.6092e-01 -2.7913e+01  8.9333e+00  1.3314e+01  3.2190e+01  1.0000e+00
 2.6990e-01 -1.0203e+00  3.0109e+00  4.3908e+00 -1.3018e+01  4.2557e+01  4.4720e+01  1.0000e+00
 2.7415e+00  1.3367e+00  1.8272e-01  4.1274e+01  2.0430e+01  3.3268e+00  4.6173e+01  1.0000e+00
-9.2250e-02 -1.9854e+00  1.4964e-01  2.9672e+00 -2.8905e+01  5.0158e+00  2.9486e+01  1.0000e+00
 1.2974e-01  1.5125e-02  6.2839e-02 -8.8607e-01  8.0692e+00  1.5375e+01  1.7386e+01  1.0000e+00
 6.9642e-01 -1.2306e+00 -4.8886e-01  9.4734e+00 -1.0321e+01 -1.8081e+00  1.4126e+01  1.0000e+00
 1.7813e+00 -6.3987e-01  7.3711e-01  2.1759e+01 -8.2332e+00  9.1143e+00  2.4986e+01  1.0000e+00
-2.2434e-01  8.4566e-02  9.6204e-01  7.0352e+00 -1.5831e+00  2.1861e+00  7.5352e+00  1.0000e+00
-2.6397e-02  8.8654e-02 -2.5772e-03 -3.7876e+00 -4.9155e+00  2.0227e+01  2.1158e+01  1.0000e+00
-1.3519e-01  2.2675e-01 -6.5600e-02  2.3697e+01 -3.1897e+00 -1.5549e+01  2.8521e+01  1.0000e+00
-7.8218e-01 -1.0663e+00  1.0800e+00 -7.5357e+00 -1.3084e+01  1.2065e+01  1.9327e+01  1.0000e+00
-5.4136e-01  1.9220e-01 -9.8982e-02 -5.7360e+00  4.4952e+00  3.1641e+00  7.9448e+00  1.0000e+00
 6.5930e-02 -5.2441e-01 -3.5868e-01 -5.7276e+00  7.8949e+00 -7.4610e+00  1.2280e+01  1.0000e+00
-4.5711e-01  1.0950e-01 -5.9966e-04  3.9011e+00 -4.4042e-02  1.8235e+01  1.8648e+01  1.0000e+00
 1.8002e-02  1.8713e-01 -3.2544e-02 -4.5982e+00  1.7204e+01 -1.8482e+01  2.5665e+01  1.0000e+00
-3.7490e-01  5.5152e-01 -1.2234e-01  1.8208e+00 -1.3901e+01  1.1396e+01  1.8068e+01  1.0000e+00
 5.0026e-02  2.0407e-01  1.5707e-02  9.7867e+00  9.1573e+00 -1.4782e+00  1.3484e+01  1.0000e+00
 9.2973e-01 -2.9420e-01  2.2323e+00  1.0461e+01 -5.7976e+00  3.1877e+01  3.4047e+01  1.0000e+00
-1.0783e-01  4.6333e-02 -5.2358e-02  1.5480e+01 -8.4423e+00 -1.6477e+01  2.4133e+01  1.0000e+00
-1.6062e-01  4.6186e-01  1.3529e-01 -1.3242e+01  9.3279e+00  1.7043e+01  2.3512e+01  1.0000e+00
-2.0232e-01  7.3424e-02  9.0037e-02 -4.1201e-01  5.6786e-01  1.1148e+01  1.1170e+01  1.0000e+00
-2.5497e-02  1.6530e-01  2.4806e-02  2.4018e+00 -1.0387e+01  5.5269e+00  1.2009e+01  1.0000e+00
 1.3675e+00 -4.1072e-01  3.6623e-01  1.1600e+01 -1.9337e+00  3.9985e+00  1.2422e+01  1.0000e+00
 2.1612e-01 -1.5606e-01 -4.6951e-02 -8.4901e+00  6.4723e+00 -5.8769e+00  1.2186e+01  1.0000e+00
-1.3526e-01 -4.1663e-02  1.7057e-01  1.6436e+01  9.2977e+00  4.5833e+00  1.9432e+01  1.0000e+00
-5.9717e-02  1.1422e-01  8.6027e-02 -3.8979e+00 -3.5343e+01  1.5491e+01  3.8786e+01  1.0000e+00
-3.6121e-01  1.8387e-01 -9.4634e-02  2.1514e+01 -3.1330e+00 -3.0878e-01  2.1743e+01  1.0000e+00
-4.3180e-01  8.6781e-02 -1.5713e-01 -1.8478e+01  9.1399e+00 -8.6690e+00  2.2364e+01  1.0000e+00
 2.6098e+00  3.8737e-01  5.4112e-01  3.7349e+01  4.3533e+00  6.7823e+00  3.8208e+01  1.0000e+00
-1.0618e-01  1.6959e-01 -2.3771e-02 -7.3190e+00  1.2396e+01 -1.2989e+01  1.9390e+01  1.0000e+00
-2.3126e-01  5.6150e-01 -1.9761e-01  5.5292e-01 -1.2034e+01  9.4048e+00  1.5283e+01  1.0000e+00
-1.6257e-01  3.6673e-01  1.7961e-01 -1.4949e+01  2.4729e+01  1.7068e+01  3.3561e+01  1.0000e+00
 7.5912e-02  7.5437e-02  1.4833e-01 -1.2786e+01 -4.1834e-01 -3.6337e+01  3.8524e+01  1.0000e+00
-4.4573e-02  2.1590e-01  9.4210e-02 -3.6390e+00  2.0737e+01  5.8554e+00  2.1853e+01  1.0000e+00
-2.0907e-01  3.1480e-01 -1.2466e-02  6.3986e+00  8.7677e+00  2.3466e+00  1.1105e+01  1.0000e+00
 2.2599e-01 -4.9115e-01 -7.8362e-01  3.0628e-01 -3.8323e+00  9.2203e-01  3.9536e+00  1.0000e+00
 2.9607e+00 -1.5859e+00 -3.7529e-01  4.3781e+01 -2.0895e+01 -5.1080e+00  4.8780e+01  1.0000e+00
-1.9521e+00 -1.3055e+00 -9.0038e-01 -2.6553e+01 -1.7003e+01 -1.0152e+01  3.3125e+01  1.0000e+00
-1.2235e-01  1.8443e-01  2.8970e-01 -4.7714e+00  4.3194e+00  1.3166e+01  1.4655e+01  1.0000e+00
-1.9799e-01  8.4074e-02  2.2544e-01  3.3492e+00  1.1165e+01 -1.7353e+01  2.0905e+01  1.0000e+00
 6.9731e-01 -3.6682e-01 -6.7392e-01  1.0495e+01 -5.3634e+00 -7.9797e+00  1.4233e+01  1.0000e+00
 1.1701e+00  6.5030e-01  1.3373e+00  1.1895e+01  9.9720e+00  1.5146e+01  2.1687e+01  1.0000e+00
-1.1945e-01  1.1898e-01 -3.9916e-02  2.2274e+01 -1.9179e+00  1.8830e+01  2.9230e+01  1.0000e+00
-1.0262e-01  2.2172e-02  8.7346e-02 -1.3226e+01  1.8686e+01  2.7691e+01  3.5929e+01  1.0000e+00
-2.8401e-01  7.6403e-01 -7.2616e-01 -1.5351e+00  4.7640e+00  1.7421e+00  5.2997e+00  1.0000e+00
 8.8394e-01 -6.3562e-01  7.5153e-01  9.7538e+00 -9.4963e+00  9.6386e+00  1.6680e+01  1.0000e+00
-1.3095e-02  3.3488e-01  2.5866e-01  4.2298e+00 -1.5247e+01 -4.1789e+00  1.6366e+01  1.0000e+00
 6.9754e-02  1.5100e-01  1.0820e-01 -1.2340e+01  2.9504e+01  8.0524e+00  3.2978e+01  1.0000e+00
 8.4231e-01 -6.4706e-01  8.1517e-01  1.1394e+01 -4.1725e+00  1.0877e+01  1.6295e+01  1.0000e+00
-6.7917e-02  2.3836e-01  8.9761e-02 -1.4356e-01 -7.5188e+00  1.2285e+01  1.4404e+01  1.0000e+00
-4.4363e-02  5.6622e-02  5.7149e-02 -1.8139e+01  3.4876e+01  9.4351e-02  3.9311e+01  1.0000e+00
-1.7281e-01  1.5493e-02  6.0091e-02 -2.5867e+01 -1.9276e+00  3.2532e+00  2.6142e+01  1.0000e+00
-7.4309e-01  1.2000e+00 -3.2951e-02 -5.8092e+00  7.8810e+00  2.7991e+00  1.0183e+01  1.0000e+00
-1.6404e-01  1.9057e-01  1.6053e-01 -2.0374e+01  6.3497e-02  9.2517e+00  2.2376e+01  1.0000e+00
-1.5926e-01  2.6550e-01  1.2524e-01 -1.6633e+00  7.8743e+00 -3.0804e+01  3.1838e+01  1.0000e+00
-1.0744e+00 -1.6714e+00 -1.8453e+00 -1.4681e+01 -2.1333e+01 -2.3772e+01  3.5153e+01  1.0000e+00
 2.8670e-01 -7.5172e-01 -3.2466e+00  3.2705e+00 -6.0874e+00 -2.6962e+01  2.7834e+01  1.0000e+00
-7.2528e-01  8.8283e-01 -4.9810e-01  1.7377e+00  1.9226e+01 -1.2581e+01  2.3042e+01  1.0000e+00
-1.8151e-01  1.2814e-01  3.9570e-02 -2.0133e+01 -1.4637e+00 -1.9134e+00  2.0277e+01  1.0000e+00
 1.9548e-01 -2.2460e-01  2.5348e-02 -3.4061e-01  6.6941e+00  5.0018e+00  8.3634e+00  1.0000e+00
 1.0635e+00 -8.4677e-01 -6.5339e-02  1.0184e+01 -5.7561e+00 -2.4212e+00  1.1946e+01  1.0000e+00
 9.1999e-01 -5.6227e-01  3.4414e-01  5.3784e+00  4.2266e-01  2.1699e+00  5.8150e+00  1.0000e+00
 2.6842e+00  8.2001e-01 -1.7742e-02  3.6509e+01  1.4313e+01 -1.2711e+00  3.9235e+01  1.0000e+00
-1.5766e-01  3.5735e-01 -1.6988e-01  4.6512e-01 -1.8010e+01  1.9652e+01  2.6660e+01  1.0000e+00
 1.9927e+00  6.0757e-02  2.2370e+00  2.6992e+01  1.6086e+00  3.0355e+01  4.0652e+01  1.0000e+00
-7.7431e-02  8.1730e-02  1.5650e-02 -2.9140e+01  4.3964e+00 -2.0521e+01  3.5910e+01  1.0000e+00
-5.7591e-01 -3.5634e-02  3.5935e-01 -1.5183e+00  2.1634e+01 -1.1322e+01  2.4465e+01  1.0000e+00
-3.0308e+00  5.0654e-01  6.5822e-01 -4.4007e+01  9.4986e+00  1.0049e+01  4.6128e+01  1.0000e+00
-3.5460e-01  1.4746e+00 -2.2513e-01 -5.6106e+00  1.1914e+01  2.0110e+00  1.3322e+01  1.0000e+00
 7.9848e-01 -1.2595e+00  2.0778e+00  8.8433e+00 -1.5048e+01  2.9455e+01  3.4238e+01  1.0000e+00
 9.4397e-01 -8.8688e-01  1.8406e+00  1.0875e+01 -1.1219e+01  2.3274e+01  2.8032e+01  1.0000e+00
 1.5655e+00 -1.7886e+00 -7.5907e-01  1.9299e+01 -2.2970e+01 -8.1177e+00  3.1081e+01  1.0000e+00
 1.2952e+00 -9.9247e-01  3.2987e-01  1.2143e+01 -7.9968e+00  3.3822e+00  1.4928e+01  1.0000e+00
-1.1371e-01  2.5822e-01 -4.5271e-02  6.0963e+00 -5.5741e+00  7.8187e+00  1.1374e+01  1.0000e+00
-1.8632e-01  3.5409e-02  1.0007e-01  1.8440e+01 -2.7200e+01 -2.1577e+00  3.2932e+01  1.0000e+00
-8.4737e-02  2.0086e-01  1.1799e-01 -1.0934e+01  2.8474e+01 -1.4793e+01  3.3899e+01  1.0000e+00
 6.2558e-02  7.6359e-02 -2.2675e-01 -1.6072e+00 -1.4218e+00  3.9723e+00  4.5148e+00  1.0000e+00
-6.0916e-02  4.3679e-02  2.2359e-02 -1.2957e+01  3.4841e+00  1.6888e+01  2.1569e+01  1.0000e+00
-1.3322e-01 -6.2548e-02  2.3563e-02  1.3413e+01  3.3066e+00 -9.4035e-01  1.3846e+01  1.0000e+00
 3.5062e-01  3.4945e-01 -1.4038e-01  5.1734e+00  8.7975e+00  1.7934e+00  1.0362e+01  1.0000e+00
-3.9302e+00  1.5438e+00  1.3197e+00 -5.6319e+01  2.3549e+01  2.1696e+01  6.4785e+01  1.0000e+00
 7.0384e-04 -9.8785e-02  6.4638e-02 -3.1051e+00 -3.0110e+00 -4.0038e+00  5.8939e+00  1.0000e+00
-3.1113e-01  1.2362e-01 -5.4401e-02 -5.9256e+00  2.1970e+01  1.2183e+01  2.5811e+01  1.0000e+00
-9.6319e-03  1.7921e-01 -3.5733e-01  9.4323e+00  8.1982e+00 -9.1046e+00  1.5462e+01  1.0000e+00
 1.5154e+00 -1.5405e+00 -7.7349e-01  2.3261e+01 -1.8512e+01 -7.5813e+00  3.0680e+01  1.0000e+00
 4.5353e-02  1.3125e-02  9.5085e-02  1.3362e+01 -1.6525e+01  2.0430e+01  2.9479e+01  1.0000e+00
 1.1331e+00 -1.0614e+00  2.1775e+00  1.5038e+01 -1.2582e+01  3.2892e+01  3.8293e+01  1.0000e+00
-2.1142e-01  2.0023e-01  3.4204e-02 -2.1330e+00 -3.2969e+01  1.0605e+01  3.4698e+01  1.0000e+00
-2.5729e-01 -5.7317e-01 -2.2079e+00 -5.5368e+00 -6.6754e+00 -2.6886e+01  2.8251e+01  1.0000e+00
 1.3312e+00 -6.8708e-01  3.3657e-01  8.7613e+00 -7.2568e+00  7.0919e+00  1.3406e+01  1.0000e+00
-1.7523e-01  6.0262e-02  2.3860e-01  9.6390e+00 -4.8453e+00 -5.3510e+00  1.2042e+01  1.0000e+00
-3.5845e-02  1.1805e-01  1.5098e-01 -1.1019e+01  2.6385e+01 -1.4952e+01  3.2267e+01  1.0000e+00
-1.1018e-01 -3.4731e-01  4.0581e-02  4.9403e+00 -2.1438e+00  1.5431e+00  5.6021e+00  1.0000e+00
-3.7205e-01  9.9424e-01  4.7999e-01  9.4734e-01  1.4358e+01 -4.7109e+00  1.5140e+01  1.0000e+00
-1.2497e-01  4.8201e-01  3.7149e-02  7.2208e-01  1.1912e+01  3.5822e+00  1.2460e+01  1.0000e+00
-3.5417e-01 -5.6957e-02  1.5338e-01  6.6541e-01  5.1113e+00 -1.2256e+01  1.3296e+01  1.0000e+00
 1.3809e+00 -9.3103e-01 -1.9050e-02  1.3200e+01 -8.8545e+00  4.2500e+00  1.6453e+01  1.0000e+00
-3.0194e-01 -7.6529e-01  2.0975e+00 -5.0495e+00 -1.3440e+01  3.0210e+01  3.3448e+01  1.0000e+00
 6.3250e-01  1.3334e-01  1.4276e-01 -9.6021e+00  3.9589e+00  2.1058e+00  1.0598e+01  1.0000e+00
-1.2909e-01  4.1624e-01  2.9655e-01  6.0885e+00  4.0956e+00 -1.0320e+01  1.2663e+01  1.0000e+00
-3.2900e+00  1.3656e-02 -1.2137e+00 -3.8305e+01  8.9178e+00 -1.0368e+01  4.0673e+01  1.0000e+00
-2.4008e-01  1.5785e-02 -1.1713e-01 -1.6202e+01 -2.8914e+00 -1.1413e+00  1.6498e+01  1.0000e+00
-9.3894e-02  1.5608e-01  7.5742e-02 -1.8557e+01  2.7637e+01 -2.1544e+01  3.9652e+01  1.0000e+00
-1.0956e-01  2.5903e-01 -3.0584e-02  1.6618e+01  6.2157e-01  9.1403e+00  1.8976e+01  1.0000e+00
-8.7614e-01 -5.1946e+00 -5.2631e+00 -1.5077e+01 -4.5263e+01 -5.2790e+01  7.1153e+01  1.0000e+00
 2.7250e+00 -2.4407e+00  7.2160e-01  3.7129e+01 -3.2873e+01  9.2342e+00  5.0443e+01  1.0000e+00
 5.8262e-02  2.9298e-01 -1.7104e-01 -1.8215e+01 -1.5150e+01  8.6547e+00  2.5223e+01  1.0000e+00
 4.6728e-01 -4.1121e-01 -1.2553e+00  5.4031e+00 -8.6962e-01 -9.6704e+00  1.1112e+01  1.0000e+00
-1.7763e-01  5.0885e-02  4.8565e-02  2.3172e+01  8.4117e+00  1.5450e+01  2.9093e+01  1.0000e+00
 2.6051e-01 -8.3244e-01 -1.1166e+00  4.1794e+00 -4.2349e+00 -9.8066e+00  1.1470e+01  1.0000e+00
-1.5487e-02 -5.9979e-02 -8.0317e-02 -2.9596e+00  1.6109e+01  3.3616e+01  3.7394e+01  1.0000e+00
-2.5380e-01  1.3064e-01  1.9521e-01 -2.9640e+01  5.9039e+00  9.1276e+00  3.1571e+01  1.0000e+00
-1.4986e+00  2.1368e+00 -1.3151e+00 -2.1006e+01  3.2997e+01 -1.7423e+01  4.2821e+01  1.0000e+00
-3.3700e-02  2.0667e-02 -8.3810e-02  3.7067e+00  5.9854e+00 -1.1718e+01  1.3670e+01  1.0000e+00
-1.4924e-01  1.9107e-01 -1.7108e-01 -2.8637e+01  3.7634e+00 -3.1015e+01  4.2381e+01  1.0000e+00
-2.3821e-01  1.7727e-01 -1.3685e-01  9.7317e+00  1.6874e+00  5.0876e+00  1.1110e+01  1.0000e+00
-1.8816e-01  9.4113e-02  1.5872e-01  2.7148e+01  1.4088e+01  1.3026e+01  3.3244e+01  1.0000e+00
 9.6221e-02  1.9510e-01 -5.8327e-02 -1.4013e+01 -5.0597e+00 -1.2152e+01  1.9226e+01  1.0000e+00
 1.0241e-02  4.2970e-02  1.5502e-01 -7.1558e+00 -8.1363e+00 -1.7100e+01  2.0244e+01  1.0000e+00
-4.7008e-02  1.3516e-01 -3.6386e-01 -1.8639e+00 -6.8775e+00 -8.3818e+00  1.1001e+01  1.0000e+00
-3.0989e-01  2.0078e-01 -7.2043e-02  5.5470e+00  4.5675e+00 -1.5483e+01  1.7069e+01  1.0000e+00
-1.8269e-01  1.5423e-02  1.1110e-01 -2.9275e+01  1.6480e+01 -1.8229e+01  3.8222e+01  1.0000e+00
-1.3479e-01  1.9053e-02 -8.4210e-02  1.4923e+01  1.9266e+01 -1.5067e+01  2.8651e+01  1.0000e+00
 8.0256e-01 -1.4053e+00  1.9813e+00  1.0852e+01 -1.7541e+01  2.7514e+01  3.4387e+01  1.0000e+00
 5.6935e-02  2.4753e-01  1.0832e-01 -2.6489e+00 -1.0755e+01 -1.1610e+01  1.6046e+01  1.0000e+00
 5.5684e+00 -3.8869e+00 -8.4298e+00  6.9398e+01 -4.7359e+01 -9.5641e+01  1.2730e+02  1.0000e+00
-1.8793e-01  5.7913e-02  1.7425e-01 -1.5618e+01  1.1973e+01 -6.1842e+00  2.0628e+01  1.0000e+00
-3.0963e-01  2.8066e-01  5.9778e-01 -1.0919e+01  1.6297e+01  2.3635e+01  3.0716e+01  1.0000e+00
 1.1269e+00 -7.9740e-01 -5.9546e-01  2.4557e+01 -7.1860e+00 -6.1229e+00  2.6309e+01  1.0000e+00
-6.9510e-02 -4.8983e-04  9.5811e-02 -1.2282e+01  1.6590e+01  2.9738e-03  2.0642e+01  1.0000e+00
 7.7061e-01 -4.1058e-01 -2.7700e-02  7.3380e+00  5.2858e+00 -4.9361e+00  1.0303e+01  1.0000e+00
 3.0694e-01  5.5100e-01  3.0150e-01 -1.1293e+01  4.4000e+00  1.2460e+01  1.7382e+01  1.0000e+00
-1.0697e-01  2.8575e-01 -1.8584e-01  1.3428e+01  1.6894e+00 -1.0048e+01  1.6856e+01  1.0000e+00
 1.6513e-01  2.2940e-01  3.4333e-01 -6.5802e+00  1.0989e+01 -2.4946e+00  1.3049e+01  1.0000e+00
-7.5781e-01  9.8804e-01 -6.0891e-01 -6.7868e+00  6.2137e+00 -1.6384e+00  9.3464e+00  1.0000e+00
 8.5173e-02  1.8543e-01  9.0426e-02  1.6119e+01  1.7838e+01  2.3580e+01  3.3675e+01  1.0000e+00
 6.1098e-01  5.5004e-01  7.2360e-01  9.2611e+00  1.9125e+00  9.6947e-01  9.5061e+00  1.0000e+00
 1.8447e-01 -1.1370e+00  2.1138e+00  1.2549e+00 -1.5659e+01  2.7286e+01  3.1485e+01  1.0000e+00
-2.5883e-01  8.9248e-02  1.1401e-01 -1.1023e+01  1.4347e+01 -1.3400e+01  2.2514e+01  1.0000e+00
-2.0615e-01  2.3458e-01 -1.2373e-01 -1.7208e+00 -3.0587e+01  1.1827e+01  3.2839e+01  1.0000e+00
-7.3854e-01 -4.3745e-01 -3.9249e-02  6.1294e-01  6.6244e+00  1.4839e+00  6.8162e+00  1.0000e+00
-3.1966e-02  2.2293e-01  3.5517e-02  6.3276e+00  1.5776e+01 -2.5204e+00  1.7183e+01  1.0000e+00
 6.3628e-01  2.2613e-01  4.6660e-01 -3.7705e+00  6.5659e+00 -1.9342e+00  7.8146e+00  1.0000e+00
 2.9203e-02  3.1425e-01  3.3933e-01  1.0273e+01  2.0112e+01  1.2475e+01  2.5800e+01  1.0000e+00
 5.9627e-02  2.0464e-01  3.8198e-02  1.9076e+01 -1.4105e+01 -1.5104e+01  2.8124e+01  1.0000e+00
-1.9864e+00  1.6535e+00 -5.7720e-01 -2.6058e+01  2.1835e+01 -7.2457e+00  3.4761e+01  1.0000e+00
 1.0099e+00 -7.5530e-01 -3.0980e+00  1.4994e+01 -1.1607e+01 -4.5558e+01  4.9347e+01  1.0000e+00
-2.8175e-01  1.9588e-01 -9.2472e-02  9.9450e-02  1.1372e+01 -1.2955e+01  1.7238e+01  1.0000e+00
-2.7492e-01 -2.2889e+00 -1.6293e+00 -1.5816e+00 -3.0421e+01 -2.1940e+01  3.7541e+01  1.0000e+00
-6.7225e-01  6.0472e-01 -3.0172e+00 -1.1118e+01  1.0625e+01 -4.3351e+01  4.5999e+01  1.0000e+00
 4.5008e-01 -1.9530e+00  4.5818e-03  5.6514e+00 -2.8493e+01  1.5672e-01  2.9049e+01  1.0000e+00
-3.0009e-02  4.4091e-01 -2.5390e-01 -9.0403e-01  4.5835e+00  2.1296e+00  5.1343e+00  1.0000e+00
-3.6872e-01 -3.6239e-01 -2.3241e+00 -5.4492e+00 -6.4408e+00 -3.0338e+01  3.1490e+01  1.0000e+00
-5.7637e-01 -8.4374e-01 -5.9244e-01 -3.8950e+00 -2.1178e+00 -2.9308e+00  5.3146e+00  1.0000e+00
-1.8253e-01  8.0889e-03  8.4452e-02  1.6465e+01  2.5011e+01 -1.2818e+01  3.2572e+01  1.0000e+00
-1.3651e-02  7.7476e-02  2.1064e-01 -5.2142e+00  1.1311e+01 -2.0837e+01  2.4275e+01  1.0000e+00
-2.5498e-01 -5.3718e-02 -2.2727e-01  1.6026e+00  7.1510e+00  5.0784e+00  8.9160e+00  1.0000e+00
 1.2065e+00 -1.8696e+00 -7.2061e-01  1.7893e+01 -2.2830e+01 -9.0026e+00  3.0371e+01  1.0000e+00
-1.3199e-01  5.4100e-02  1.1385e-01 -5.9340e+00  6.1997e+00 -3.8057e+01  3.9013e+01  1.0000e+00
-2.3282e-01  2.5488e-01  5.3278e-02  7.6450e+00 -9.8386e+00 -1.5790e+01  2.0114e+01  1.0000e+00
-2.2963e+00 -1.0749e+00 -8.2259e-01 -3.1077e+01 -1.3929e+01 -9.4417e+00  3.5340e+01  1.0000e+00
 1.3448e+00  4.2725e-01  8.8766e-01  1.9383e+01  9.8834e+00  1.8399e+01  2.8494e+01  1.0000e+00
 5.9714e-03  1.2733e-01 -9.9993e-02  1.6711e+01  8.5921e-01  1.0173e+01  1.9583e+01  1.0000e+00
 7.5582e-01 -2.7394e+00 -2.1295e-01  1.2319e+01 -4.0213e+01 -3.1372e+00  4.2174e+01  1.0000e+00
-3.3596e-01  6.7316e-02  8.5168e-02  1.2315e+01  1.8526e+01 -1.7313e+01  2.8189e+01  1.0000e+00
-2.8496e+00 -2.0208e-01  4.2450e+00 -5.7460e+01 -5.6311e+00  8.4769e+01  1.0256e+02  1.0000e+00
 1.4656e+00 -2.7168e+00 -2.1609e+00  2.2909e+01 -3.9352e+01 -3.2009e+01  5.5659e+01  1.0000e+00
-1.9670e-01  6.3204e-02 -4.9804e-02  1.0860e+01  6.3327e+00  1.2810e+01  1.7949e+01  1.0000e+00
-9.5203e-01 -1.4928e-01 -2.9913e-01 -9.5422e+00  2.4670e+00 -5.0125e+00  1.1057e+01  1.0000e+00
-3.7017e-01  1.6389e-01 -9.6264e-02  2.8774e+00  9.3916e+00 -4.5378e+00  1.0820e+01  1.0000e+00
-1.1730e+00 -4.5221e-01 -9.5602e-01 -1.7455e+01 -5.0317e+00 -1.3114e+01  2.2405e+01  1.0000e+00
-1.5012e-01  9.0902e-03  2.3102e-02  8.3774e+00  9.9663e+00  3.5299e+00  1.3490e+01  1.0000e+00
-1.6525e-01  2.0439e-01  1.0925e-01  2.8665e+00  1.1334e+01 -5.5853e+00  1.2956e+01  1.0000e+00
-1.5489e-02 -2.3863e+00 -1.6325e+00 -2.7672e-02 -2.9837e+01 -2.1124e+01  3.6558e+01  1.0000e+00
-1.5911e-02  1.5551e-01  3.1578e-02  3.9104e+01  5.4456e+00  7.9015e+00  4.0264e+01  1.0000e+00
-1.0269e-01  9.0719e-02  2.1084e-02  1.0602e+01 -1.5307e+01  1.7352e-01  1.8621e+01  1.0000e+00
 5.0618e-02  1.3116e-01  1.9257e-01 -2.1432e+01  1.0542e+01  1.4523e+01  2.7954e+01  1.0000e+00
 8.4916e-01  6.0464e-02  9.6784e-01  3.3502e+00  3.8503e+00  7.7136e+00  9.2492e+00  1.0000e+00
-1.9916e-01  1.9275e-01  1.3455e-01  1.7988e+01  2.4723e+01  2.2797e+01  3.8138e+01  1.0000e+00
-5.3615e+00 -5.8104e+00  2.5419e+00 -5.1737e+01 -6.3019e+01  2.9735e+01  8.6789e+01  1.0000e+00
-5.9455e-02  2.2872e-01 -2.0481e-01 -4.6587e+00 -1.4842e+01  3.2964e+00  1.5901e+01  1.0000e+00
-1.1926e-01  5.9694e-02  8.9391e-02 -1.6268e+00 -6.4430e+00  5.4246e+00  8.5782e+00  1.0000e+00
-1.3746e-01 -2.2911e-03  9.1986e-02  8.9347e+00  2.6967e+00 -9.7259e-01  9.3833e+00  1.0000e+00
-1.0754e-01  2.2378e-01  1.1119e-01  4.8072e+00  1.9561e+01  2.0533e+01  2.8764e+01  1.0000e+00
-2.0192e-01 -8.3042e-02  1.4354e-01  9.1573e+00 -2.6985e+01 -1.8886e+00  2.8559e+01  1.0000e+00
-2.6422e-01  5.7836e-01 -9.5575e-02  1.0358e+01 -4.2900e+00  7.7918e+00  1.3653e+01  1.0000e+00
 8.7282e-01  7.7628e-01  1.0400e-01  3.0368e+00  7.0224e+00  5.9154e+00  9.6710e+00  1.0000e+00
 1.8873e-02 -1.9591e+00  1.0432e+00 -4.2190e-01 -2.7932e+01  1.3275e+01  3.0929e+01  1.0000e+00
-2.2699e+00 -1.5223e+00 -8.9008e-01 -2.9997e+01 -1.6154e+01 -1.1052e+01  3.5818e+01  1.0000e+00
 4.1622e-01 -1.0104e-01  1.8315e-01  2.8676e+00 -2.4784e+01 -4.0619e+00  2.5278e+01  1.0000e+00
-1.7170e-01  1.7023e-01  1.8711e-02  6.4646e+00  2.7457e+00 -2.9891e+01  3.0705e+01  1.0000e+00
 2.9784e+00 -1.1372e+00 -2.5293e-01  4.3320e+01 -1.5182e+01 -2.3876e+00  4.5966e+01  1.0000e+00
-6.7096e-01  8.2799e-01 -2.5587e-01 -1.1019e+01 -4.7299e+00  9.5003e+00  1.5299e+01  1.0000e+00
 4.1125e+01 -5.1376e+01  3.4350e+01  3.8386e+02 -4.7418e+02  3.0947e+02  6.8408e+02  1.0000e+00
-6.3767e-01  9.0270e-01 -4.6670e-01  1.1766e+00  9.4777e+00  1.3220e+00  9.6415e+00  1.0000e+00
-5.8407e-01  2.5426e-01 -1.3530e-01 -2.0742e+01  2.1862e+00  1.1453e+00  2.0888e+01  1.0000e+00
-2.9173e-02  3.3874e-01  3.0263e-01 -1.0030e+01  3.0084e+00  1.7397e+00  1.0615e+01  1.0000e+00
 1.8952e+00  1.6120e+00  2.6480e-02  2.5285e+01  2.0408e+01  2.0239e+00  3.2556e+01  1.0000e+00
 1.7929e-01  2.4383e-01 -1.6664e-02 -5.9558e+00 -7.5907e+00 -1.0561e+01  1.4305e+01  1.0000e+00
 5.1527e-01 -2.5099e+00  2.6348e-01  5.9115e+00 -3.3753e+01  1.7095e+00  3.4310e+01  1.0000e+00
 1.1312e-01  6.5440e-02 -3.5438e-02  1.0547e+01  2.1114e+01  1.5697e+01  2.8344e+01  1.0000e+00
 1.5651e-01  1.2634e+00 -1.7688e+00  1.9970e+00  1.6229e+01 -2.5724e+01  3.0481e+01  1.0000e+00
-5.1019e-02  2.4014e-02  5.0401e-02 -2.3969e+01  9.6197e+00  1.8077e+01  3.1525e+01  1.0000e+00
-5.8342e-02  2.5827e-01  1.2162e-02  4.5453e+00 -5.7542e+00 -1.2241e+01  1.4269e+01  1.0000e+00
-9.7208e-01  2.0271e-01  1.1382e+00 -1.9207e+00 -4.8396e+00  6.9679e-01  5.2532e+00  1.0000e+00
-4.5920e-02  1.2669e-01  5.6495e-02  8.0153e+00 -2.5425e+00 -4.1239e+00  9.3657e+00  1.0000e+00
-2.1882e-01  6.0773e-01 -1.7999e-01  1.2738e+01 -7.4206e+00  1.8048e+00  1.4852e+01  1.0000e+00
 2.7271e-01 -2.3401e+00  1.8575e+00  3.0900e+00 -3.3714e+01  2.6650e+01  4.3086e+01  1.0000e+00
 1.5310e-02  2.6236e-01  3.6130e-02 -7.2872e+00  1.8600e+00 -1.4939e+01  1.6725e+01  1.0000e+00
 6.5736e-01  1.6402e+00 -3.3269e-02 -6.4963e-01  2.4717e+01  3.9414e+00  2.5037e+01  1.0000e+00
 9.6414e-02  1.8636e-01  1.8774e-01 -3.2467e+00  1.7187e+00  1.7340e+01  1.7725e+01  1.0000e+00
 1.1497e+00 -8.6723e-01  1.5572e-01  1.0932e+01 -6.6861e+00  3.6348e+00  1.3320e+01  1.0000e+00
-2.1212e-01  2.3275e-01  5.6930e-02 -1.4815e+01 -2.0656e+01  2.0704e+01  3.2784e+01  1.0000e+00
 1.4360e+00 -8.9538e-01  8.6722e-01  2.0239e+01 -7.0380e+00  1.1614e+01  2.4373e+01  1.0000e+00
-5.7467e-01  2.9805e-01  7.1592e-01  2.3632e+00 -1.8742e+00  3.7441e+00  4.8079e+00  1.0000e+00
-7.0337e-02 -2.3067e-02  1.8218e-01 -9.3538e+00 -2.6725e+00 -2.2712e+01  2.4708e+01  1.0000e+00
-2.2075e-02  1.1545e-01  1.9062e-02 -1.2512e+01 -2.8584e+00 -1.3231e+01  1.8433e+01  1.0000e+00
-6.0537e-01 -5.5049e-01 -2.6657e+00 -7.2696e+00 -6.0496e+00 -3.6915e+01  3.8107e+01  1.0000e+00
 5.5276e-01  4.7475e-01 -3.5791e-01 -7.2939e+00  3.6275e+00 -5.2712e-01  8.1632e+00  1.0000e+00
 3.0364e+00 -1.5740e-01 -8.2211e-01  4.3932e+01 -8.1466e-01 -9.3191e+00  4.4917e+01  1.0000e+00
-1.7173e-01  4.2629e-01 -9.6561e-02  1.1353e+01 -7.0181e+00 -4.7331e+00  1.4162e+01  1.0000e+00
 9.5021e-01 -4.8308e-02  2.6245e+00  1.5918e+01 -2.0464e+00  4.1134e+01  4.4154e+01  1.0000e+00
-1.0530e+00  7.1910e-02  1.9690e-01  6.0310e-01  1.9898e+00  5.1073e+00  5.5143e+00  1.0000e+00
 8.5666e-01  3.3263e-01  7.6313e-01 -3.7461e+00 -6.1471e+00  1.1367e+01  1.3455e+01  1.0000e+00
-1.4393e+00  2.4549e-01  2.1189e+00 -1.7964e+01  2.9400e+00  2.9516e+01  3.4678e+01  1.0000e+00
 5.3857e-01  2.2198e+00  3.6031e-01 -3.8225e+00  1.8261e+01 -2.9374e+00  1.8887e+01  1.0000e+00
-1.7912e-01  2.1237e-02  8.1726e-02  1.5693e+00  3.0061e+01  3.1543e+00  3.0267e+01  1.0000e+00
 7.1836e-01  5.8397e+00  4.2204e+00  3.2931e-01  6.4095e+01  4.0900e+01  7.6033e+01  1.0000e+00
-1.0741e+00  1.0689e+00 -8.4019e-01 -1.5235e+01  1.3011e+01 -6.0245e+00  2.0921e+01  1.0000e+00
-2.5295e-01 -2.8812e-01 -3.6253e-02  4.1925e+00 -6.2756e+00 -6.1995e+00  9.7670e+00  1.0000e+00
-3.2280e-01 -3.1401e-01 -7.8960e-01  2.3968e+00  1.0616e+01  9.8848e+00  1.4702e+01  1.0000e+00
-1.2776e-01  1.5168e-01  5.2482e-04 -1.7337e+01 -3.4990e+01 -1.5192e+01  4.1901e+01  1.0000e+00
-2.2848e-01  9.1798e-02 -1.4079e-02  1.1375e+01 -7.5879e+00 -5.3255e-01  1.3684e+01  1.0000e+00
 4.4102e-03  8.1290e-02 -1.9466e-01 -2.2053e+01 -5.6130e+00  9.4817e+00  2.4652e+01  1.0000e+00
-1.2109e+00 -1.4193e-01  1.1982e+00 -9.9540e+00 -9.5188e-01  1.4554e+01  1.7658e+01  1.0000e+00
-2.9880e-02  3.4152e-01 -1.2835e-01  3.6678e+00  1.3761e+01  8.3727e+00  1.6520e+01  1.0000e+00
-5.4844e-02  1.5312e-02  2.9999e-02  9.8496e+00 -4.3143e+00  1.2858e+01  1.6762e+01  1.0000e+00
 1.0087e-02 -1.0944e-01  6.4103e-03 -6.9120e+00  9.3615e+00  2.2941e+01  2.5723e+01  1.0000e+00
-8.1888e-02  2.3885e-01 -2.6125e-03 -8.2296e+00  6.8803e+00  9.6316e+00  1.4416e+01  1.0000e+00
-7.7039e-02  1.6495e-01  9.4936e-02  2.4020e+01  1.5444e+01 -3.9008e+00  2.8822e+01  1.0000e+00
 5.7238e-03  8.9940e-02  1.2399e-01 -5.9950e+00 -1.7068e+01 -2.3344e+00  1.8240e+01  1.0000e+00
 1.1419e+00 -2.0990e+00 -9.2441e-01  1.4635e+01 -2.5564e+01 -1.2889e+01  3.2154e+01  1.0000e+00
 3.7916e-01  4.4646e-01  4.2531e-02  1.5777e+01  9.8052e+00 -2.3692e+00  1.8726e+01  1.0000e+00
 1.3129e+00  1.9125e-01 -3.8533e+00  1.8627e+01  5.5195e+00 -4.0066e+01  4.4527e+01  1.0000e+00
-2.9905e-01  1.5197e+00 -1.3283e+00 -3.2302e+00  1.9787e+01 -1.2972e+01  2.3879e+01  1.0000e+00
-2.5366e+00 -1.0473e+00  6.0639e-01 -3.8545e+01 -1.3489e+01  9.3100e+00  4.1885e+01  1.0000e+00
 3.0648e+00 -3.2171e-01 -1.3289e+00  4.7253e+01 -4.4986e+00 -1.9444e+01  5.1294e+01  1.0000e+00
 1.1918e+00 -6.3896e+00  3.8911e+00  1.7682e+01 -9.8126e+01  6.0993e+01  1.1688e+02  1.0000e+00
-1.4859e-01  9.8016e-02  1.1510e-01 -1.9333e+01 -1.3572e+00  9.3350e+00  2.1512e+01  1.0000e+00
-1.0848e-01  1.9778e-03 -8.4377e-02 -8.7768e+00  1.7557e+01 -5.1860e+00  2.0302e+01  1.0000e+00
-1.4823e-01  6.9036e-02 -5.0174e-02 -5.3611e+00  9.6646e+00  1.3359e+01  1.7338e+01  1.0000e+00
-3.8648e-01  7.8980e-01 -6.2480e-01 -4.5305e+00  2.3624e+00  3.5660e+00  6.2308e+00  1.0000e+00
-1.7591e+00 -1.2125e+00 -8.4463e-01 -2.3766e+01 -1.1758e+01 -1.2785e+01  2.9438e+01  1.0000e+00
-2.6616e-01 -1.8521e-04 -1.4771e-01 -1.6911e+01 -1.9153e+01 -1.2028e+01  2.8240e+01  1.0000e+00
 3.8112e-02  1.7361e-01 -3.2469e-02  2.8179e+01  1.8588e+01  2.4469e+01  4.1693e+01  1.0000e+00
-1.7749e-01  1.0449e-01  4.9870e-02  2.2664e+01 -4.8743e+00  2.4089e+01  3.3432e+01  1.0000e+00
 1.1157e-01  1.0944e-01 -1.3084e-01  2.2083e+01 -7.1769e+00  3.6349e+00  2.3503e+01  1.0000e+00
 6.5425e-01 -1.0366e+00 -1.2059e+00  7.8983e+00 -1.1177e+01 -1.0926e+01  1.7513e+01  1.0000e+00
-5.4945e-02  4.4092e-02 -8.8182e-02  3.2958e+01  1.9508e+01  8.4487e+00  3.9219e+01  1.0000e+00
-2.1256e-01  1.0745e-01  5.5483e-02 -1.2139e+01 -9.4322e+00  1.9105e+01  2.4521e+01  1.0000e+00
 1.2505e+00 -1.3867e+00 -1.8954e+00  1.6119e+01 -1.8697e+01 -2.4038e+01  3.4456e+01  1.0000e+00
 3.0796e-01  1.8261e-01  2.0268e-01 -2.1008e+01  1.9041e+00 -3.8840e+00  2.1448e+01  1.0000e+00
-1.8697e-01  5.2619e-02  1.8171e-01 -1.5239e+01 -1.2705e+01 -2.0908e+00  1.9950e+01  1.0000e+00
-1.1313e-01  3.3156e-05 -6.4162e-02 -1.6814e+01 -2.6742e+01 -1.3571e+01  3.4380e+01  1.0000e+00
-1.9319e-01 -6.5023e-01  3.7976e-01  2.6415e+00  3.6471e+00 -1.4490e+01  1.5173e+01  1.0000e+00
-1.8113e-01  2.5102e-02  3.5403e-02  2.2303e+00 -3.9210e+00  1.9868e+01  2.0374e+01  1.0000e+00
-5.1369e-03  1.7967e-01  9.3278e-02 -1.6264e+01  5.7429e+00  2.3967e+01  2.9528e+01  1.0000e+00
 8.7482e-01 -8.8654e-01 -3.5819e-01  6.1046e+00 -5.6517e+00  8.6688e-01  8.3642e+00  1.0000e+00
-2.2697e-02  1.0820e-01  7.9445e-02  7.7286e+00  9.4782e-01  2.3317e+00  8.1281e+00  1.0000e+00
-1.9101e-02  2.7887e-01 -5.2573e-02 -2.0173e+01 -3.0563e+00 -2.0877e+01  2.9192e+01  1.0000e+00
 1.9311e+00  1.0856e+00 -3.4989e-01  2.2898e+01  1.6293e+01 -2.1407e+00  2.8185e+01  1.0000e+00
-2.7164e-01  5.8972e-03  6.9877e-02 -1.1472e+01 -6.6475e+00 -1.0954e+01  1.7198e+01  1.0000e+00
 1.6704e-01 -7.9740e-02  6.1925e-02  1.5929e+01  9.9085e+00  1.4164e+01  2.3506e+01  1.0000e+00
-7.7287e-02  2.0985e-01 -5.4479e-02 -2.8519e-02 -1.6601e+01 -4.8755e+00  1.7302e+01  1.0000e+00
-2.1403e-02  1.8418e+00  2.5512e-01  4.9184e+00  2.5107e+01  3.5777e-01  2.5586e+01  1.0000e+00
-4.1914e+01  5.1545e+01 -3.3787e+01 -3.7964e+02  4.7214e+02 -3.1702e+02  6.8377e+02  1.0000e+00
-1.0296e-01  1.0551e+00  3.6217e-01 -1.4507e+01  1.0810e+01  1.4500e-01  1.8093e+01  1.0000e+00
-1.5246e-01  4.9488e-02  9.6985e-02  1.2579e+00 -1.7754e+01  1.3526e+01  2.2355e+01  1.0000e+00
-7.4372e-01  7.6281e-01 -1.4635e-01 -1.1701e+01  1.3421e+01 -2.0285e+00  1.7920e+01  1.0000e+00
-1.1363e-01  1.9999e-01 -1.0731e-01  1.4061e+00  5.5152e+00  3.2972e+01  3.3459e+01  1.0000e+00
 8.9290e-02  2.4033e-01  7.5955e-02 -1.0961e+01 -1.8466e+01 -2.7406e+01  3.4818e+01  1.0000e+00
 1.1081e+00 -1.7144e+00 -1.7398e+00  1.6300e+01 -2.1963e+01 -2.0582e+01  3.4230e+01  1.0000e+00
-2.0165e-01  1.7956e-01  1.4673e-01  1.1671e+01  1.9977e+01 -3.0222e+01  3.8061e+01  1.0000e+00
 9.4570e-01  2.2126e-01  3.9275e-01  2.6286e+00  4.1457e+00 -2.3620e+00  5.4475e+00  1.0000e+00
 1.6243e-02  3.0051e-01  8.1351e-02  8.3277e+00 -6.6270e+00 -4.2237e+00  1.1450e+01  1.0000e+00
-2.2957e+00 -5.6806e-02  1.8304e+00 -3.3134e+01  2.3267e+00  2.8556e+01  4.3803e+01  1.0000e+00
-4.1177e-01  3.5880e-01  7.3333e-02  9.1164e+00 -1.4898e+01 -1.2808e+01  2.1659e+01  1.0000e+00
-3.0813e-01  1.7517e-01  4.4217e-02 -1.7939e+00 -8.4519e+00  2.8320e+00  9.0924e+00  1.0000e+00
-1.5557e+00  1.2857e+00 -2.4737e+00 -2.2139e+01  2.0291e+01 -3.5764e+01  4.6700e+01  1.0000e+00
 2.6176e+00 -1.8814e+00  6.6898e-01  3.7275e+01 -2.5188e+01  1.0465e+01  4.6188e+01  1.0000e+00
 1.6504e+00 -9.8729e-01  1.6528e+00  2.0816e+01 -1.2959e+01  2.3289e+01  3.3818e+01  1.0000e+00
-1.2381e-01  5.3702e-03 -7.4567e-03 -9.7505e+00  1.8128e+01  1.5330e+01  2.5665e+01  1.0000e+00
-1.9664e-01  9.4961e-02  3.1445e-02 -9.1030e+00  2.7019e+01 -1.6062e+01  3.2724e+01  1.0000e+00
 2.3561e-01  2.8784e-01 -3.7174e-01  2.7432e+00  3.0448e+00 -2.2741e+00  4.6869e+00  1.0000e+00
-1.4918e+00  5.8822e-01  7.3173e-01 -2.1220e+01  2.8780e+00  7.0351e+00  2.2540e+01  1.0000e+00
-1.1366e-01  1.7703e-01  1.3855e-01  3.0518e+01  1.3694e+00 -1.1171e+01  3.2527e+01  1.0000e+00
 7.8591e-01 -5.7617e-01 -1.3326e-01  4.1542e+00 -6.0116e-01  4.8199e+00  6.3914e+00  1.0000e+00
 2.0925e-01 -1.8513e-01  5.5456e-02 -1.1498e+01  4.1936e+00  4.3189e+00  1.2979e+01  1.0000e+00
 1.2132e-02  2.2779e-01 -7.1032e-02  1.2046e+01 -1.9569e+01  1.2196e+01  2.6015e+01  1.0000e+00
-1.2924e+00  6.6600e-01 -1.0490e+00 -1.7530e+01  1.6669e+01 -1.5056e+01  2.8493e+01  1.0000e+00
 9.5804e-02 -2.1992e-01  9.0295e-02  1.3862e+01  5.0645e+00 -4.3370e+00  1.5382e+01  1.0000e+00
-8.4201e-01  5.6653e-01 -2.2155e+00 -1.1889e+01  7.5355e+00 -2.9143e+01  3.2364e+01  1.0000e+00
 6.4430e-01  1.8217e+00  1.2154e+00 -5.3015e+00  2.0917e+01  8.8210e+00  2.3312e+01  1.0000e+00
-2.2682e+00 -7.4220e-01 -9.4387e-01 -3.7057e+01 -7.5810e+00 -1.0506e+01  3.9256e+01  1.0000e+00
-9.2545e-01 -5.6128e-01  2.0090e-01 -1.9961e+00 -1.0528e+01  2.5543e+00  1.1016e+01  1.0000e+00
-9.4263e-01  1.4568e-01  8.2753e-01 -1.3767e+00  2.7721e+00  7.1773e+00  7.8162e+00  1.0000e+00
-1.1783e-01  7.8944e-02  1.9221e-01 -3.2206e+01  1.1887e+01 -5.3966e+00  3.4751e+01  1.0000e+00
-3.2282e-01  1.3823e-01 -7.8562e-02  3.3480e+01 -1.2847e+01  2.1813e+00  3.5926e+01  1.0000e+00
 8.1006e-02  5.7053e-01  2.3444e-02  6.3127e+00  6.1946e+00 -1.0469e+01  1.3705e+01  1.0000e+00
 3.6986e-02  1.6567e-01 -5.5893e-02 -4.6221e+00  2.4773e+01 -4.8545e-01  2.5205e+01  1.0000e+00
-1.7357e-02  6.9431e-01  4.0393e-01  4.4791e+00  1.4576e+01  3.4146e+00  1.5626e+01  1.0000e+00
 1.0996e+00 -5.1863e-01  1.8123e+00  6.8328e+00 -5.9715e+00  1.8418e+00  9.2595e+00  1.0000e+00
-3.5674e-03  1.6417e-01  1.2290e-02 -1.5516e+01  2.9124e+01  2.8778e+00  3.3125e+01  1.0000e+00
-3.4665e-02  1.3902e-01  9.0253e-02  2.0069e+00  1.0969e+01  3.2472e+01  3.4334e+01  1.0000e+00
-3.9718e+00  5.4179e+00 -3.4466e+00 -4.2404e+01  4.4780e+01 -2.6988e+01  6.7318e+01  1.0000e+00
-3.6537e-01  9.2494e-01  9.1178e-01 -1.0437e+00  5.2929e+00  7.8581e+00  9.5317e+00  1.0000e+00
 8.3169e-01 -4.7180e-01 -1.0992e-01  1.8923e+01  5.3379e+00 -6.1138e+00  2.0590e+01  1.0000e+00
-1.7334e-01  6.7039e-02  1.7875e-01 -2.3781e+01 -7.6524e-01  1.4717e+01  2.7977e+01  1.0000e+00
-2.1171e-01 -1.4156e-02  8.1425e-02 -2.7509e+00  1.8189e+01 -4.6976e+00  1.8986e+01  1.0000e+00
-1.0256e-01 -2.1770e+00 -9.9909e-01 -9.4585e-01 -2.6059e+01 -1.3968e+01  2.9581e+01  1.0000e+00
-9.8046e-03  1.7001e-01  6.6826e-01  8.2396e+00  1.1276e+01  5.8997e+00  1.5161e+01  1.0000e+00
 1.1430e+00 -1.7672e+00 -1.6285e+00  1.4027e+01 -2.3254e+01 -2.2043e+01  3.4977e+01  1.0000e+00
-1.1215e-02 -7.2091e-02  1.5102e-01 -5.7375e+00  1.9187e+01  1.2654e+01  2.3690e+01  1.0000e+00
-1.9991e-01  7.0063e-02 -8.6990e-03 -1.3168e+01 -4.5818e+00  1.0066e+01  1.7196e+01  1.0000e+00
-4.1255e-01  1.4634e+00  9.0488e-01  2.0608e+00  2.1699e+01  9.4387e+00  2.3752e+01  1.0000e+00
 5.3950e-01 -1.2158e+00  1.9645e+00  6.9524e+00 -1.6401e+01  2.4578e+01  3.0354e+01  1.0000e+00
-3.4233e-02  4.4443e-01  3.8779e-01 -9.5928e-01  7.3569e-01 -1.9714e+01  1.9751e+01  1.0000e+00
-8.9571e-02  7.0401e-02  5.2666e-02  2.6133e+01 -1.2389e+01 -1.9155e+00  2.8985e+01  1.0000e+00
-6.4501e-02  2.2964e-01 -6.1611e-02 -1.4665e+01  4.8013e+00  5.2466e+00  1.6298e+01  1.0000e+00
-1.4090e-01  2.4093e-01  5.6772e-02 -2.7924e+01  2.7933e+01 -1.2213e+01  4.1342e+01  1.0000e+00
-1.5098e+00 -6.4587e-01  1.2692e+00 -2.0655e+01 -6.6960e+00  1.3083e+01  2.5350e+01  1.0000e+00
-2.6104e-01  1.6390e-01  1.6827e-01 -1.3337e+01  1.7578e+01  1.1760e+01  2.5003e+01  1.0000e+00
 5.1747e-02  7.6449e-02  1.2137e-01 -1.9209e+00 -7.8410e+00  4.2679e+00  9.1316e+00  1.0000e+00
 1.8491e+00 -2.5717e+00 -1.6323e-01  2.8574e+01 -3.6462e+01 -2.8799e+00  4.6414e+01  1.0000e+00
-2.2037e-01  4.2669e-01 -6.0881e-02  2.1628e-01 -3.9954e+00  5.6779e+00  6.9461e+00  1.0000e+00
-1.5897e+00 -4.0694e-01  1.4322e+00 -7.6036e+00  3.6315e+00  2.9488e+00  8.9273e+00  1.0000e+00
-1.4993e-01  1.2371e-02  1.9601e-02 -2.8059e+01  7.1316e+00  4.2270e-01  2.8954e+01  1.0000e+00
-1.7177e-01 -2.0320e-01 -9.4538e-02  7.0724e+00 -4.8840e+00 -1.1928e+01  1.4702e+01  1.0000e+00
 1.2558e+00 -5.3609e-01  3.7171e-01  8.9701e+00 -5.2955e+00  1.1577e+00  1.0481e+01  1.0000e+00
-1.3796e-01  1.4787e-01  1.4256e-01 -1.8991e+01 -1.3828e+01  2.7544e+01  3.6202e+01  1.0000e+00
-1.9637e-01  8.5728e-02  1.3104e-01 -4.3320e+01  2.9439e+00 -2.1254e+01  4.8343e+01  1.0000e+00
-6.4154e-02  9.3506e-02  5.1568e-01  7.7087e+00  1.3586e+00  9.7940e+00  1.2538e+01  1.0000e+00
-1.5503e-01  7.4911e-02  1.2656e-02 -2.3853e+01  7.8583e+00  2.5683e+01  3.5921e+01  1.0000e+00
-9.6511e-02  2.9681e-01  6.0744e-02 -2.5807e+00 -2.1039e+01 -1.5325e+01  2.6156e+01  1.0000e+00
-1.0692e-01  9.9142e-02  2.7534e-02 -3.0076e+01 -1.2798e+01 -1.3967e+00  3.2716e+01  1.0000e+00
-1.3696e-01 -2.3260e-02  7.2139e-02  2.0328e+01 -1.5270e+01 -2.0533e+01  3.2680e+01  1.0000e+00
-1.3382e-01  3.1846e-01 -6.9983e-02 -8.9031e+00 -4.4334e+00  1.1011e+01  1.4838e+01  1.0000e+00
-2.6973e-01  2.5281e-01  1.9221e-01  6.5168e+00  3.9984e+00  3.6762e+00  8.4835e+00  1.0000e+00
-1.6948e-01  2.8077e-01  5.3956e-02  4.1823e+00  2.5555e+01 -2.5518e+00  2.6021e+01  1.0000e+00
-1.2799e-01  2.8243e-01 -2.0568e-02 -1.4401e+01  2.9998e+00  4.4973e+00  1.5382e+01  1.0000e+00
 1.0696e-01  2.3111e-01  1.4168e-01  5.9771e+00  1.6189e+01  2.9591e+01  3.4255e+01  1.0000e+00
 1.7873e-01  5.9984e-01 -6.8258e-01 -1.3638e+01  5.1515e+00  4.8981e+00  1.5379e+01  1.0000e+00
-3.0569e-02  2.1965e-03 -3.5018e-02 -3.9615e+00  2.0729e+01  3.2911e+01  3.9096e+01  1.0000e+00
-2.8728e-01  1.9484e-02 -1.9618e-01 -7.1538e-01  2.8541e+01  1.0935e+01  3.0572e+01  1.0000e+00
-6.9839e-02  2.3731e-01  8.6797e-02  1.3641e+01  3.2979e+01 -1.4302e+01  3.8447e+01  1.0000e+00
-1.7427e-01 -4.5698e-02  9.7240e-02 -6.3640e+00 -1.1055e+01 -5.2504e+00  1.3794e+01  1.0000e+00
-3.2392e-01  2.4279e-01  3.2956e-01  3.9389e+00 -4.5441e+00  1.5441e+01  1.6570e+01  1.0000e+00
-7.3840e-01  1.1252e+00  3.0109e+00 -5.2233e+00  8.6172e+00  2.0383e+01  2.2738e+01  1.0000e+00
 1.6654e+00  2.5274e-01  1.3004e-01  1.6662e+01  5.4982e+00  3.2154e+00  1.7838e+01  1.0000e+00
 1.4709e+00 -6.5012e-01 -1.3069e+00  1.7850e+01 -1.0103e+01 -1.5454e+01  2.5681e+01  1.0000e+00
-2.2819e-01 -1.2536e-02  1.6841e-01  9.0166e+00  1.4898e+01 -4.8726e+00  1.8083e+01  1.0000e+00
 1.4641e+00 -1.6392e+00 -2.4714e+00  2.2649e+01 -2.2663e+01 -3.3902e+01  4.6647e+01  1.0000e+00
-6.8629e-02  1.6345e-01  5.9620e-02 -6.2803e+00  1.5067e+01 -8.1130e+00  1.8229e+01  1.0000e+00
-1.1441e-02  1.4457e-01 -7.4377e-02 -1.4927e+01  9.2842e+00  5.9667e+00  1.8564e+01  1.0000e+00
-1.9278e-01  1.2269e-01  2.8592e-01  1.9368e+01  5.1942e+00 -1.1621e+01  2.3177e+01  1.0000e+00
-5.2401e-02  1.4836e-01  4.5733e-02 -2.0439e+01 -1.1074e+01 -1.8053e+01  2.9433e+01  1.0000e+00
 1.3064e-01  2.8335e-01  4.1151e-01  8.4646e+00  9.9256e+00  1.4468e+01  1.9481e+01  1.0000e+00
 6.3156e-01  6.0196e-01  6.0832e-01 -3.7038e+00  4.4117e+00  8.9848e+00  1.0673e+01  1.0000e+00
-6.2236e-03  2.6343e-02  9.8461e-02  1.3849e+01  7.1205e+00  1.3358e+01  2.0517e+01  1.0000e+00
 2.9880e-02  7.5812e-02  3.0682e-01 -1.7009e+01  1.0888e+00 -4.8290e+00  1.7715e+01  1.0000e+00
 1.7495e-01 -4.4108e-01  2.0124e-01  8.3499e+00 -7.7235e+00 -1.0728e+00  1.1425e+01  1.0000e+00
-2.5814e-03  1.5432e-01  6.5424e-02  9.5087e+00  8.9498e+00 -5.0062e+00  1.3985e+01  1.0000e+00
-7.1849e-01  6.8991e-01  2.0390e+00 -6.1797e+00  8.9044e+00  2.7058e+01  2.9148e+01  1.0000e+00
-6.0676e-01 -6.6740e-01  6.9259e-01  7.0819e+00  8.0518e+00  7.8462e+00  1.3287e+01  1.0000e+00
 8.3742e-02 -6.1488e-02 -5.6937e-02 -5.9051e+00 -5.4379e-01  3.2931e+00  6.7831e+00  1.0000e+00
-1.6652e-01  1.5792e-01  1.4451e-01 -5.8361e+00  5.4011e+00  3.3069e+01  3.4012e+01  1.0000e+00
-1.0777e+00  6.9980e-01  9.1147e-01 -5.2971e+00  1.1334e+01  1.1444e+01  1.6955e+01  1.0000e+00
 1.5697e+00 -3.8727e+00  6.2499e+00  1.5738e+01 -3.9729e+01  7.1452e+01  8.3256e+01  1.0000e+00
 2.2875e+00  4.5209e-01  2.0442e+00  3.3056e+01  6.4486e+00  3.1148e+01  4.5874e+01  1.0000e+00
 8.0245e-01 -8.4543e-01 -4.4809e-01  8.8075e+00 -3.2765e+00 -4.0124e+00  1.0218e+01  1.0000e+00
-5.8508e-02  2.5389e-01 -1.2391e-02  1.9886e+01  9.7583e+00  5.0010e-01  2.2157e+01  1.0000e+00
-3.0177e-01  3.2308e-01 -3.3048e-01 -1.2455e+01  1.5768e+01 -6.7387e+00  2.1193e+01  1.0000e+00
-6.1241e-01  2.5016e-01  2.4771e+00 -9.0373e+00  5.8998e+00  3.5862e+01  3.7451e+01  1.0000e+00
-1.8611e+00 -1.0899e+00 -2.0494e+00 -2.3045e+01 -3.5457e+00 -2.1756e+01  3.1890e+01  1.0000e+00
 5.9829e-01  1.0093e+00 -8.0909e-01  2.5538e+00  1.1321e+01 -5.6678e+00  1.2915e+01  1.0000e+00
-1.0247e-01  5.3175e-02  2.3103e-01  1.0219e+01  6.8453e+00  7.2673e+00  1.4286e+01  1.0000e+00
-3.6074e-01  5.4200e-01 -1.7640e-01 -5.9428e+00 -1.1917e+01  7.6808e+00  1.5373e+01  1.0000e+00
-1.1318e-01  1.5426e-01  1.9182e-02 -1.3274e+00  1.2336e+01  2.3668e+01  2.6723e+01  1.0000e+00
 3.0327e-01  1.2263e+00  5.1830e-01  4.1473e+00  1.0583e+01  4.2751e+00  1.2144e+01  1.0000e+00
 4.2092e-02  8.7622e-02  9.0283e-02 -1.5014e+01 -2.2608e+01 -3.9129e+00  2.7420e+01  1.0000e+00
-1.8221e-01  1.8874e-01  2.6049e-02  1.2196e+01 -1.7800e+01 -1.4569e+01  2.6035e+01  1.0000e+00
-9.1416e-01  2.6705e+00 -4.1819e-01 -1.1969e+01  3.8126e+01 -4.6978e+00  4.0235e+01  1.0000e+00
 4.4999e-01 -5.2283e-01 -2.7689e-01  2.0006e+01 -2.6618e+00  1.3294e+01  2.4167e+01  1.0000e+00
-1.9529e+00 -3.7503e-01 -4.1457e-01 -2.4571e+01 -4.9658e-01 -6.4953e+00  2.5420e+01  1.0000e+00
 8.6486e-01  3.7708e-02  9.4888e-01  1.8070e+00 -1.6510e+00  1.3787e+01  1.4002e+01  1.0000e+00
-1.7861e+00 -6.7659e-01  9.9452e-01 -1.9658e+01 -9.2551e+00  1.3069e+01  2.5355e+01  1.0000e+00
-1.9990e-01  5.2903e-02  6.3362e-02  1.5286e+01 -6.4984e+00  2.1545e+01  2.7205e+01  1.0000e+00
 3.0677e+00  1.0244e+00  2.8392e-01  4.3741e+01  1.5778e+01  3.7278e+00  4.6648e+01  1.0000e+00
 1.1168e+00  1.7966e+00 -5.1072e-03  1.7886e+01  2.4616e+01  3.2210e+00  3.0598e+01  1.0000e+00
-2.2799e+00 -1.5335e+00 -8.8000e-01 -3.9008e+01 -2.5867e+01 -1.4205e+01  4.8913e+01  1.0000e+00
 5.8335e-01  1.3816e-01 -4.1876e-01  5.2962e+00 -1.2808e+01 -1.3675e+01  1.9471e+01  1.0000e+00
-2.4076e+00 -2.5403e-01 -5.9555e-01 -3.5082e+01 -2.2473e-01 -9.2179e+00  3.6274e+01  1.0000e+00
 1.4210e-01  1.1650e-01  2.0820e-01 -1.5251e+01 -7.2847e+00 -2.5085e+01  3.0248e+01  1.0000e+00
 4.8608e-01  9.6554e-01 -9.2650e-01  2.1363e+00  1.1515e+01 -4.3676e+00  1.2500e+01  1.0000e+00
-6.3075e-01  2.0702e+00 -1.0739e+00 -7.9218e+00  2.7837e+01 -1.0791e+01  3.0888e+01  1.0000e+00
-2.4854e-01  3.5641e-01 -1.4395e-01  5.4419e+00 -3.0483e+00  2.0118e+00  6.5539e+00  1.0000e+00
-2.2283e-01 -1.8089e-01  1.6166e-02 -5.4544e+00  1.3281e+00 -1.2185e-01  5.6151e+00  1.0000e+00
-6.5933e-01 -4.0540e-01 -8.8486e-01 -6.9113e+00 -2.4629e+00 -1.6046e+01  1.7644e+01  1.0000e+00
-4.7295e-01  5.5491e-02  3.5588e-01 -9.6974e+00 -4.5590e+00 -9.8580e-01  1.0761e+01  1.0000e+00
 3.2533e-01 -6.1110e-01 -1.3866e+00  1.1647e+01 -1.0298e+01 -5.1799e+00  1.6387e+01  1.0000e+00
-5.4480e-01 -3.1649e-01  5.7047e-01  4.6893e+00  3.9258e+00 -1.4416e+00  6.2833e+00  1.0000e+00
 1.0779e-01  9.8587e-02 -3.3572e-01  1.5938e+00 -1.2175e+01 -1.8323e+01  2.2057e+01  1.0000e+00
-1.5851e+00 -7.3723e-01 -2.6305e+00 -2.6093e+01 -1.3192e+01 -4.6033e+01  5.4534e+01  1.0000e+00
-3.0851e+00 -1.2262e+00 -6.9148e-02 -4.6388e+01 -1.5220e+01 -1.4391e+00  4.8842e+01  1.0000e+00
 2.1666e-01 -1.0448e+00 -8.5399e-01  6.5959e+00 -1.0527e+01 -1.2985e+01  1.7970e+01  1.0000e+00
 3.2604e+00  3.7703e-01 -2.5611e-01  4.6737e+01  8.3178e+00 -5.0865e+00  4.7743e+01  1.0000e+00
-2.7217e-01 -3.6043e-02  2.2040e-02 -1.1275e+01 -6.1671e+00  1.4667e+00  1.2935e+01  1.0000e+00
-4.6309e-01  3.2875e-01  7.4528e-02  5.3563e+00  1.8265e+00 -9.8854e+00  1.1391e+01  1.0000e+00
-1.3283e-01  1.3340e-01 -1.4297e-01 -7.5247e+00 -1.7435e+01  2.4121e+01  3.0699e+01  1.0000e+00
-5.2266e-01 -3.4668e-01  2.7997e-01  9.3340e+00  4.0689e+00 -5.2419e-01  1.0196e+01  1.0000e+00
-2.2361e-01  1.9913e-01  3.1191e-02 -2.3852e+00 -1.4710e+01  1.8570e+01  2.3810e+01  1.0000e+00
-8.1712e-02  1.5826e-01  5.6623e-02  1.4127e+01 -4.1201e+00 -1.8450e+01  2.3600e+01  1.0000e+00
-1.5419e-02  1.3593e-01  2.6645e-01 -4.5556e+00  1.0899e+01  1.6730e+00  1.1930e+01  1.0000e+00
-1.6176e+00  1.4687e+00 -4.4202e-01 -2.1225e+01  1.7893e+01 -3.2025e+00  2.7945e+01  1.0000e+00
-1.8545e-01  1.0796e-01  7.7734e-02 -2.1571e+01 -9.2081e+00 -2.6342e+00  2.3602e+01  1.0000e+00
-1.9741e+00 -4.9654e-01  1.0298e-01 -2.2463e+01 -7.2668e+00 -1.2096e-01  2.3610e+01  1.0000e+00
-1.5841e-01  4.0021e-01  1.2400e-01 -2.8843e+00  9.7671e+00 -1.6287e+01  1.9209e+01  1.0000e+00
-2.5957e-02  1.1313e-01  5.9350e-02  2.3002e+01 -3.0080e+01 -1.5729e+01  4.1004e+01  1.0000e+00
-1.7655e-01  2.1265e-01 -1.3642e-01  9.1719e+00 -1.4810e+01  1.2357e+00  1.7464e+01  1.0000e+00
-1.8556e-01  5.1178e-02  6.8639e-02 -2.0347e+00 -1.0978e+01 -2.5187e+01  2.7551e+01  1.0000e+00
 1.0306e+00 -2.6859e+00 -1.2846e+00  1.4996e+01 -3.7091e+01 -1.7742e+01  4.3765e+01  1.0000e+00
-2.3051e+00 -5.7379e-01  2.0764e+00 -3.3685e+01 -6.0386e+00  3.0421e+01  4.5788e+01  1.0000e+00
 4.0929e-02 -4.3523e-01  4.5115e-02 -1.4800e+01  5.3816e+00 -6.2690e+00  1.6950e+01  1.0000e+00
-5.7635e-01 -6.3513e-01 -1.4142e+00 -7.2194e+00 -5.4715e+00 -1.2669e+01  1.5575e+01  1.0000e+00
 1.3336e+00 -6.1897e-01  1.7402e-01  1.0387e+01 -7.4333e+00  4.2098e-01  1.2780e+01  1.0000e+00
 9.5713e-02  1.0197e-01  5.1343e-02 -8.7694e+00 -1.5798e+00 -1.4480e+00  9.0274e+00  1.0000e+00
-2.6478e-01 -2.0270e+00 -1.3667e+00 -4.3044e+00 -3.0440e+01 -2.1314e+01  3.7409e+01  1.0000e+00
-6.2319e-01  1.1742e+00 -1.2257e+00 -7.4167e+00  1.2767e+01 -1.1521e+01  1.8728e+01  1.0000e+00
-5.1523e-01  5.7492e-01 -5.8743e-01 -2.3020e+00 -6.8169e-01  2.4282e+00  3.4147e+00  1.0000e+00
 1.2061e+00  4.5724e-01  4.6526e-02  6.0232e+00  5.3932e+00 -7.6068e-01  8.1206e+00  1.0000e+00
-6.3923e-02  8.5108e-03  1.3216e-01 -1.8585e+01  1.4569e+01 -1.6468e+01  2.8790e+01  1.0000e+00
-5.8794e-01  2.2577e+00 -1.0292e+00 -5.7111e+00  3.0418e+01 -1.2572e+01  3.3406e+01  1.0000e+00
 1.2868e+00 -3.0407e-02 -3.8164e-01  9.5056e+00  3.3562e+00 -3.9231e+00  1.0817e+01  1.0000e+00
-4.3218e-01  2.0936e-01  4.0359e+00  1.7308e+00  5.4410e+00  3.1431e+01  3.1945e+01  1.0000e+00
-9.7692e-02 -1.2736e+00 -2.3122e-01 -2.0087e+00 -8.4273e+00  2.9019e-01  8.6683e+00  1.0000e+00
-1.8134e-01  1.4835e-01  1.7844e-01 -1.1612e+00  6.9476e+00  2.7160e+00  7.5494e+00  1.0000e+00
-4.0798e-02  2.3339e-01  4.7947e-02 -1.8797e-01 -1.3071e+00 -4.8214e+00  4.9990e+00  1.0000e+00
-1.7779e-02 -3.1475e-02  2.1134e-01 -1.2391e+01 -4.7143e+00  1.9265e+01  2.3386e+01  1.0000e+00
 7.0533e-01  1.6155e+00  1.0134e+00  1.2240e+01  2.4211e+01  1.3013e+01  3.0088e+01  1.0000e+00
-1.9741e-01 -1.5176e-01  1.8424e-01  2.3170e+00  1.6268e+01 -8.8878e+00  1.8682e+01  1.0000e+00
-1.8764e-01  3.1597e-02  7.9401e-03  1.1998e+00  3.6117e+00  2.1680e+00  4.3800e+00  1.0000e+00
-1.0815e-01  2.6219e-01  1.0243e-01 -8.1477e+00  1.3257e+01  3.5153e+01  3.8443e+01  1.0000e+00
 1.1097e-01  2.5954e-01  1.8351e-01 -1.0762e+01 -9.6833e+00  2.7339e+00  1.4733e+01  1.0000e+00
-1.2117e-01  2.4880e-01 -4.6015e-02 -2.7960e+01 -1.0899e+01  8.4750e+00  3.1183e+01  1.0000e+00
-7.7854e-02  9.9162e-02 -1.3906e-01 -7.3912e+00  1.7226e+01 -1.2156e+01  2.2341e+01  1.0000e+00
 1.5802e+00 -1.2423e+00 -3.5584e-01  1.9228e+01 -1.4077e+01 -2.2519e+00  2.3936e+01  1.0000e+00
-4.0912e-02  1.1386e-02  3.4087e-02  4.1560e+00  1.8993e+01  9.9569e+00  2.1844e+01  1.0000e+00
 3.7742e+00 -5.4811e+00  3.3567e+00  2.5618e+01 -5.0989e+01  3.2839e+01  6.5837e+01  1.0000e+00
 1.5667e-01 -7.4458e-02 -1.7125e+00  8.5648e-01 -8.2180e+00 -4.0183e+00  9.1878e+00  1.0000e+00
 2.9583e-01 -1.1446e+00 -3.1505e+00  2.9100e+00 -1.5567e+01 -4.4437e+01  4.7175e+01  1.0000e+00
-5.8926e-01 -1.3028e+00 -2.1724e+00 -1.2749e+01 -1.8112e+01 -3.1178e+01  3.8245e+01  1.0000e+00
-2.1527e-01 -2.3160e+00  2.5902e-01 -2.6725e+00 -3.4153e+01  3.7335e+00  3.4461e+01  1.0000e+00
-2.8899e+00 -1.6254e+00 -8.0963e-01 -4.4814e+01 -2.2493e+01 -1.1577e+01  5.1461e+01  1.0000e+00
 1.6779e-03  1.4361e-01  1.9026e-01 -8.0637e+00 -1.5681e+01 -3.6620e+00  1.8009e+01  1.0000e+00
-2.4179e+00 -6.2173e-01 -5.8312e-01 -3.7500e+01 -9.1708e+00 -6.2808e+00  3.9113e+01  1.0000e+00
-6.7833e-01  3.2007e-01  3.9710e-01 -1.8972e+00  1.9708e+00 -8.8692e+00  9.2815e+00  1.0000e+00
-1.9895e-01  5.3990e-02 -1.9149e-02 -3.3035e+01  1.3319e+01  1.9209e+01  4.0469e+01  1.0000e+00
-1.2241e-01  4.2189e-02  9.9267e-02 -1.5859e+01 -3.0997e+01 -8.7561e+00  3.5903e+01  1.0000e+00
-1.9133e-02 -3.2364e-01  6.4265e-01  1.6798e+01 -4.0575e+00  1.1840e+01  2.0948e+01  1.0000e+00
-1.4925e-01  9.7781e-02  8.2178e-02 -1.2025e+01 -2.0037e+01  9.3395e+00  2.5165e+01  1.0000e+00
