# limit = 3.42707
#
# x           y           z           vx          vy          vz          s           m
 8.2534e-01 -1.1411e+00 -1.3968e+00  9.1673e-01 -6.7036e+00 -2.3377e-01  6.7700e+00  1.0000e+00
 6.2926e-02  2.2001e-01 -1.0753e-02 -4.9223e+00  1.2568e+01 -2.3254e+00  1.3697e+01  1.0000e+00
 3.3063e+00 -1.7100e-02  6.3389e-01  3.7211e+01  1.4670e+00  7.3467e+00  3.7957e+01  1.0000e+00
-1.3481e-01  8.1727e-02 -1.7332e-02 -9.0104e+00 -3.7999e+00  1.0387e+01  1.4266e+01  1.0000e+00
-2.6014e+00  1.0773e+00  1.7027e+00 -3.1794e+01  1.1942e+01  1.8960e+01  3.8896e+01  1.0000e+00
 1.0782e+00 -5.0022e-01  3.3080e+00  1.3602e+01 -4.4322e+00  3.9017e+01  4.1557e+01  1.0000e+00
 2.9717e-01 -2.6765e+00 -1.9947e+00  2.6517e+00 -3.2021e+01 -2.2054e+01  3.8971e+01  1.0000e+00
-6.8895e-02 -9.7231e-02 -7.9480e-02 -1.0126e+01  3.0802e+01  6.2392e+00  3.3019e+01  1.0000e+00
-4.9948e+00  3.5491e+00  1.0321e+01 -4.5656e+01  3.3467e+01  1.0488e+02  1.1918e+02  1.0000e+00
-1.8702e-01  1.7289e-01 -3.9289e-03  1.9179e+01  2.4252e+00  2.3303e+00  1.9472e+01  1.0000e+00
 1.2129e+00  1.1655e+00  9.8794e-01  9.4098e+00  1.1242e+01  7.3527e+00  1.6401e+01  1.0000e+00
 6.7219e-02  2.5408e-01 -2.9443e-02 -1.3849e+01 -2.0001e+01  1.0839e+01  2.6633e+01  1.0000e+00
 5.7647e-01  8.8839e-01  1.0813e+00  5.3063e+00  1.7705e+00  8.9855e+00  1.0584e+01  1.0000e+00
-2.9488e-01  2.7514e-01  2.0145e-01  1.3151e+00 -1.8278e+01 -1.3804e+01  2.2943e+01  1.0000e+00
-1.5836e-01  1.5301e-01 -4.3345e-02 -3.5845e+01  6.2802e+00 -1.7433e+00  3.6433e+01  1.0000e+00
-1.2996e+00  4.1817e-02 -1.5305e+00 -1.6377e+01 -2.9158e+00 -1.2716e+01  2.0938e+01  1.0000e+00
 1.9582e+00 -2.0345e+00 -2.2228e+00  2.2780e+01 -2.3507e+01 -2.7124e+01  4.2511e+01  1.0000e+00
-1.4212e-01  3.2032e-01  5.1332e-02  3.3410e+01  1.2594e+00 -1.5973e+00  3.3472e+01  1.0000e+00
 1.1384e-02  1.8815e-01 -4.0852e-02 -1.6642e+01 -2.2395e+01 -2.1498e+01  3.5223e+01  1.0000e+00
 7.1839e+00  6.2733e+00 -2.8913e+00  7.3738e+01  5.9159e+01 -2.5323e+01  9.7869e+01  1.0000e+00
 1.0749e-01  2.4824e-01  2.1989e-02  8.7169e+00  1.9659e+01 -5.5291e+00  2.2205e+01  1.0000e+00
-2.7630e-02  2.9915e-01 -6.2770e-02 -1.2183e+01 -8.9158e+00  1.4570e+01  2.0981e+01  1.0000e+00
-1.2934e-01  2.6260e-01  5.1564e-02  4.9932e+00  4.4877e+00 -1.8420e+01  1.9606e+01  1.0000e+00
-1.4283e+00  2.4983e+00 -2.6995e+00 -1.6644e+01  3.1955e+01 -3.2039e+01  4.8215e+01  1.0000e+00
-4.9748e-02  3.0989e+00 -1.4208e+00 -1.0618e+00  3.6629e+01 -1.6204e+01  4.0067e+01  1.0000e+00
-4.0132e-01 -9.8458e-02 -1.5372e+00 -1.1534e+01  6.1885e+00 -1.9624e+01  2.3589e+01  1.0000e+00
 1.2766e+00 -2.3546e+00  5.6832e-01  1.1721e+01 -2.9765e+01  5.6871e+00  3.2491e+01  1.0000e+00
 4.7604e+00 -1.1542e+00 -4.5761e+00  7.5683e+01 -1.9937e+01 -7.3037e+01  1.0705e+02  1.0000e+00
 1.3446e-01 -3.5402e+00 -4.6786e+00  2.2004e+00 -4.2791e+01 -5.6432e+01  7.0855e+01  1.0000e+00
-1.2423e-01  1.8443e-01  2.7533e-02 -2.4550e+01  1.4986e+01  1.0711e+01  3.0692e+01  1.0000e+00
-2.1798e-02  1.5739e-01 -1.0345e-01 -4.5817e+00 -1.2451e+01 -8.3064e+00  1.5653e+01  1.0000e+00
-1.2355e-01  7.4001e-03  1.5245e-02  5.7125e+00  9.8204e+00 -1.8183e+01  2.1440e+01  1.0000e+00
-2.6266e-01  1.1099e-01  4.8377e-01  4.8338e+00  4.7922e+00 -1.2876e+00  6.9274e+00  1.0000e+00
-2.0518e-01  1.5061e-01  8.7524e-03 -7.5089e+00  7.6833e+00 -1.5599e+00  1.0856e+01  1.0000e+00
-1.9915e-01  1.8185e-01  1.7358e-02  9.5209e+00  2.1083e+01  2.9436e+01  3.7438e+01  1.0000e+00
-2.6227e-01  1.4362e-01  2.1170e-01  1.0911e+01 -9.3119e+00  2.7193e+01  3.0745e+01  1.0000e+00
 1.6196e+00  2.3275e-01 -6.0366e-01 -6.9908e-01 -2.2230e+00  1.0042e+00  2.5375e+00  1.0000e+00
-2.7445e+00  5.2414e+00 -7.0653e+00 -2.8678e+01  5.4969e+01 -6.8322e+01  9.2260e+01  1.0000e+00
 1.3044e-01  1.8596e-01  8.5402e-01  1.0644e+00  4.9058e+00  6.0182e+00  7.8370e+00  1.0000e+00
 2.1589e+00 -6.1242e-01  1.7690e+00  2.2878e+01 -4.8314e+00  1.9140e+01  3.0217e+01  1.0000e+00
 1.5674e+00  1.3480e+00 -1.9837e-01  1.5306e+01  1.3741e+01  1.6206e+00  2.0633e+01  1.0000e+00
-3.6957e-01  2.5940e-01  3.5370e-01  2.1770e+01 -2.2780e+00 -3.2940e+00  2.2135e+01  1.0000e+00
-4.5201e-01  2.1043e-01  1.7884e-01 -4.7640e+00  9.6718e+00 -9.4938e+00  1.4366e+01  1.0000e+00
 3.2467e-01 -1.1817e+00  3.5393e+00  4.3810e+00 -1.2852e+01  4.2079e+01  4.4215e+01  1.0000e+00
 3.2542e+00  1.5899e+00  2.2409e-01  4.0845e+01  2.0126e+01  3.2998e+00  4.5654e+01  1.0000e+00
-5.4650e-02 -2.3409e+00  2.1180e-01  3.0476e+00 -2.8075e+01  4.9396e+00  2.8668e+01  1.0000e+00
-1.2278e-01  1.9849e-01  1.5557e-01 -3.7961e+01  1.6367e+01 -8.8471e+00  4.2275e+01  1.0000e+00
 8.1131e-01 -1.3510e+00 -5.0851e-01  8.9387e+00 -8.9982e+00 -1.3593e+00  1.2756e+01  1.0000e+00
 2.0468e+00 -7.4083e-01  8.4849e-01  2.0792e+01 -7.9490e+00  8.7444e+00  2.3916e+01  1.0000e+00
-1.3334e-01  6.7087e-02  9.6131e-01  7.4681e+00 -1.1583e+00 -2.3096e+00  7.9024e+00  1.0000e+00
-1.8845e-01  1.0194e-01  2.3515e-01 -1.1064e+01  1.0825e+01  1.2206e+00  1.5526e+01  1.0000e+00
 1.0147e-01  1.9775e-01  1.3617e-02  6.4136e+00  1.1205e+01  2.3272e+01  2.6613e+01  1.0000e+00
-8.7282e-01 -1.2236e+00  1.2256e+00 -7.0052e+00 -1.2156e+01  1.1279e+01  1.8001e+01  1.0000e+00
-5.2794e-01  2.3737e-01 -3.6912e-02  8.2805e+00  2.4648e+00  6.6497e+00  1.0902e+01  1.0000e+00
-1.1288e-02 -3.9713e-01 -4.3081e-01 -6.6189e+00  1.2506e+01 -3.9165e+00  1.4682e+01  1.0000e+00
-2.2542e-01  1.2744e-01  2.0497e-01  3.7384e+01  3.7670e+00  7.2799e+00  3.8272e+01  1.0000e+00
-1.1011e-01  2.5265e-01 -4.6663e-02 -1.4934e+01 -9.4297e+00  2.2123e+01  2.8309e+01  1.0000e+00
-2.8250e-01  2.9589e-01  2.4462e-02  1.7014e+01 -3.0015e+01  1.2355e+01  3.6647e+01  1.0000e+00
-8.2502e-02  1.4445e-01  4.2146e-02 -3.6259e+01 -1.1846e+01  2.3315e+00  3.8216e+01  1.0000e+00
 1.0588e+00 -3.6631e-01  2.6262e+00  1.0213e+01 -5.7514e+00  3.1231e+01  3.3359e+01  1.0000e+00
-1.6776e-02  1.2840e-01 -5.1130e-02 -1.0112e+01  2.1781e+01  1.9594e+01  3.0993e+01  1.0000e+00
-2.9818e-01  4.6795e-01  3.2079e-01 -8.5600e+00 -5.6602e+00  1.2027e+01  1.5810e+01  1.0000e+00
 2.4685e-01  8.5739e-03 -6.9171e-02  3.7138e+01 -8.0719e-01 -1.8851e+01  4.1656e+01  1.0000e+00
-1.8247e-01  8.1319e-02  7.0651e-02 -1.1490e+01  2.1007e+01 -1.0386e+01  2.6100e+01  1.0000e+00
 1.5009e+00 -4.3562e-01  4.1319e-01  9.8337e+00 -2.0292e+00  3.5316e+00  1.0644e+01  1.0000e+00
 2.5822e-02 -3.1056e-03 -6.9987e-02 -2.3786e+01  2.0114e+01  4.3514e+00  3.1453e+01  1.0000e+00
-4.2348e-02  2.3478e-01 -3.9386e-02 -9.4312e+00  1.7187e+01 -2.7448e+01  3.3730e+01  1.0000e+00
-1.9681e-01 -1.1845e-01  8.7039e-02 -1.0373e+01  5.0887e-01 -6.0833e+00  1.2036e+01  1.0000e+00
 1.3212e-02  1.1088e-01  7.5515e-02  1.8394e+01 -5.2949e+00  2.6833e+01  3.2960e+01  1.0000e+00
-5.7924e-01  2.0990e-01 -2.1014e-01 -6.1935e+00  9.9158e+00 -6.5456e-01  1.1709e+01  1.0000e+00
 3.0724e+00  4.4100e-01  6.2488e-01  3.6778e+01  4.2414e+00  6.6402e+00  3.7612e+01  1.0000e+00
-1.3907e-01  1.9334e-01  6.6196e-02  9.4638e+00 -1.4165e+01  1.3963e+01  2.2027e+01  1.0000e+00
-1.8796e-01  3.2544e-01 -1.9738e-02  9.3470e+00 -3.1504e+01  2.0764e+01  3.8872e+01  1.0000e+00
-3.0868e-01  5.7205e-01  3.1718e-01 -8.8135e+00  9.4280e+00  6.1252e+00  1.4286e+01  1.0000e+00
-2.7706e-01  1.7530e-01 -1.3703e-01 -2.3840e+01  1.1978e+01  2.9993e+00  2.6848e+01  1.0000e+00
-1.8801e-01  1.9273e-01 -4.9464e-03 -8.9901e-01 -2.6981e+01 -1.2214e+01  2.9631e+01  1.0000e+00
-6.3030e-02  1.4673e-01  4.7762e-02  2.2313e+00 -3.7138e+01  2.9917e+00  3.7325e+01  1.0000e+00
 2.2492e-01 -5.2852e-01 -7.5742e-01 -4.8003e-01 -2.1255e+00  3.2383e+00  3.9032e+00  1.0000e+00
 3.5049e+00 -1.8453e+00 -4.3865e-01  4.3398e+01 -2.0657e+01 -5.0419e+00  4.8327e+01  1.0000e+00
-2.2804e+00 -1.5147e+00 -1.0253e+00 -2.6052e+01 -1.6525e+01 -9.8729e+00  3.2392e+01  1.0000e+00
-1.6201e-01  1.9598e-01  2.5070e-01 -4.2884e-01 -1.1855e+00 -2.1523e+01  2.1560e+01  1.0000e+00
-1.0920e-02  1.7582e-01 -1.2704e-01  2.3353e+01  5.9854e+00 -8.6120e+00  2.5600e+01  1.0000e+00
 8.1813e-01 -4.2851e-01 -7.6313e-01  8.9217e+00 -4.5431e+00 -6.3807e+00  1.1872e+01  1.0000e+00
 1.3138e+00  7.7219e-01  1.5206e+00  1.1147e+01  9.5633e+00  1.4241e+01  2.0458e+01  1.0000e+00
 4.6851e-02  1.8424e-01  1.1815e-01 -8.4431e+00  8.1068e+00 -1.8843e+00  1.1856e+01  1.0000e+00
-2.6992e-01  2.4100e-01  7.2420e-02  3.8293e+00  6.9382e+00 -1.4321e+01  1.6368e+01  1.0000e+00
-3.0229e-01  8.0931e-01 -6.8409e-01 -1.3570e+00  2.4453e+00  4.9478e+00  5.6835e+00  1.0000e+00
 9.9329e-01 -7.4588e-01  8.7672e-01  7.9574e+00 -7.8892e+00  1.0432e+01  1.5310e+01  1.0000e+00
-6.8670e-02  4.9289e-02  2.9217e-02 -1.8900e+01 -1.9698e+01 -3.0194e+01  4.0705e+01  1.0000e+00
-2.2003e-01  3.5886e-01  8.7743e-02 -2.4312e+01 -2.7127e+00 -9.1038e+00  2.6102e+01  1.0000e+00
 9.8422e-01 -6.9498e-01  9.3196e-01  1.1213e+01 -3.8556e+00  7.8963e+00  1.4246e+01  1.0000e+00
-1.7210e-01  1.0635e-01 -7.5281e-03 -2.7488e+00  1.6532e+00 -1.0981e+00  3.3904e+00  1.0000e+00
-1.9916e-01  3.4227e-01  1.2837e-02 -3.3127e-01 -6.4558e-01 -3.5171e+00  3.5911e+00  1.0000e+00
-1.0327e-01  2.3907e-01  7.9706e-02  1.8970e+01  8.8365e+00 -1.4533e+01  2.5478e+01  1.0000e+00
-8.0712e-01  1.2844e+00  1.8635e-03 -4.4700e+00  5.6770e+00  2.7751e+00  7.7402e+00  1.0000e+00
-1.9944e-01  5.3564e-02  4.3154e-02  2.0254e+01 -4.2678e+00 -2.2027e+01  3.0226e+01  1.0000e+00
-1.4044e-01  1.0842e-01 -1.4182e-01  2.2031e+00 -2.0436e+01  3.9373e+00  2.0928e+01  1.0000e+00
-1.2561e+00 -1.9352e+00 -2.1396e+00 -1.4426e+01 -2.0943e+01 -2.3382e+01  3.4546e+01  1.0000e+00
 3.2731e-01 -8.2758e-01 -3.5803e+00  3.2341e+00 -6.0597e+00 -2.6514e+01  2.7389e+01  1.0000e+00
-6.9338e-01  1.1118e+00 -6.4546e-01  2.9135e+00  1.7333e+01 -1.1047e+01  2.0760e+01  1.0000e+00
-1.2877e-01  9.2492e-02  7.9025e-02  2.9914e+01  7.8317e+00 -4.7059e+00  3.1278e+01  1.0000e+00
 9.8848e-02 -7.1093e-02  1.3126e-02 -1.5166e+01  1.8516e+01 -7.0145e+00  2.4941e+01  1.0000e+00
 1.1833e+00 -9.1118e-01 -9.3744e-02  9.0260e+00 -4.6015e+00 -2.1375e+00  1.0354e+01  1.0000e+00
 9.7734e-01 -5.4967e-01  3.6670e-01  3.8206e+00  1.5628e+00  1.4559e+00  4.3771e+00  1.0000e+00
 3.1368e+00  9.9773e-01 -3.3225e-02  3.5990e+01  1.4155e+01 -1.2112e+00  3.8693e+01  1.0000e+00
-8.6737e-02  5.1276e-02  1.8991e-01  1.0812e+01 -1.7445e+01  1.7411e+01  2.6914e+01  1.0000e+00
 2.3275e+00  8.0777e-02  2.6134e+00  2.6638e+01  1.5981e+00  2.9938e+01  4.0105e+01  1.0000e+00
-3.2252e-01  2.0054e-01  6.3894e-02  5.5757e+00  1.0464e+01  1.3047e+01  1.7629e+01  1.0000e+00
-5.2525e-01  2.4736e-01  1.8707e-01  1.0909e+01  2.2721e+01 -1.6241e+01  2.9983e+01  1.0000e+00
-3.5772e+00  6.2462e-01  7.8305e-01 -4.3524e+01  9.4147e+00  9.9474e+00  4.5628e+01  1.0000e+00
-4.2254e-01  1.6106e+00 -1.9781e-01 -5.2714e+00  9.9127e+00  2.3498e+00  1.1470e+01  1.0000e+00
 9.0740e-01 -1.4463e+00  2.4406e+00  8.6181e+00 -1.4873e+01  2.8675e+01  3.3433e+01  1.0000e+00
 1.0777e+00 -1.0250e+00  2.1275e+00  1.0559e+01 -1.0914e+01  2.2693e+01  2.7306e+01  1.0000e+00
 1.8028e+00 -2.0713e+00 -8.5921e-01  1.8737e+01 -2.2339e+01 -7.9278e+00  3.0215e+01  1.0000e+00
 1.4400e+00 -1.0846e+00  3.6907e-01  1.1091e+01 -6.7990e+00  2.9083e+00  1.3330e+01  1.0000e+00
-8.2056e-02  5.8959e-02  1.5399e-01 -6.2825e+00 -7.8829e+00  3.6185e+00  1.0710e+01  1.0000e+00
 3.9941e-02 -5.6839e-02 -2.7464e-02  1.2875e+01  9.6168e+00 -9.3854e+00  1.8610e+01  1.0000e+00
-1.5692e-01  2.6974e-01 -9.6178e-02 -6.3801e+00 -1.8325e+01 -6.6184e+00  2.0502e+01  1.0000e+00
-5.7514e-02  9.6839e-02 -8.6026e-03 -2.4890e+01  7.4799e+00  3.3844e+01  4.2671e+01  1.0000e+00
-2.9121e-01  1.7912e-01  1.6564e-01 -5.8262e+00  9.7162e+00 -7.6368e+00  1.3663e+01  1.0000e+00
-4.3994e-02  2.5382e-01  1.2754e-01 -1.5266e+01  2.7587e+01  8.5764e+00  3.2675e+01  1.0000e+00
 3.6119e-01  4.3197e-01 -9.6452e-02 -3.2774e+00  4.3769e+00  5.0102e+00  7.4163e+00  1.0000e+00
-4.6320e+00  1.8373e+00  1.5902e+00 -5.6082e+01  2.3451e+01  2.1615e+01  6.4516e+01  1.0000e+00
-1.4380e-01  1.6721e-01  2.0292e-02 -2.5150e+01  4.4169e+01  1.2735e+00  5.0844e+01  1.0000e+00
-1.9753e-01  3.3526e-01  1.1826e-01  2.2628e+01  7.0646e+00  8.8821e+00  2.5315e+01  1.0000e+00
 7.9985e-02  2.6396e-01 -3.8317e-01  4.8956e+00  5.5057e+00  4.2408e+00  8.5008e+00  1.0000e+00
 1.8023e+00 -1.7695e+00 -8.6630e-01  2.2705e+01 -1.8181e+01 -7.2989e+00  2.9989e+01  1.0000e+00
 6.4058e-02 -5.3743e-02  2.6470e-01 -6.0975e+00  2.5054e+00  6.4546e+00  9.2259e+00  1.0000e+00
 1.3184e+00 -1.2168e+00  2.5844e+00  1.4667e+01 -1.2326e+01  3.2297e+01  3.7552e+01  1.0000e+00
-9.2507e-02 -1.1158e-01  1.1731e-01  1.5483e+01 -7.3394e+00  2.0345e-01  1.7136e+01  1.0000e+00
-3.2647e-01 -6.5457e-01 -2.5394e+00 -5.5404e+00 -6.3718e+00 -2.6234e+01  2.7559e+01  1.0000e+00
 1.4310e+00 -7.7089e-01  4.2075e-01  7.2847e+00 -6.2105e+00  6.3876e+00  1.1508e+01  1.0000e+00
-6.7987e-02  1.7455e-01 -6.0114e-02 -1.5815e+00  2.5558e+01 -1.3885e+01  2.9129e+01  1.0000e+00
-2.1064e-01  2.8303e-01 -1.1393e-01 -7.6161e+00 -5.9238e+00 -1.1652e+01  1.5128e+01  1.0000e+00
-4.9094e-02 -2.9155e-01  5.4161e-02  3.9908e+00  1.1574e+01  4.8605e-01  1.2252e+01  1.0000e+00
-3.5274e-01  1.1539e+00  4.1147e-01  2.2361e+00  1.1285e+01 -6.2748e+00  1.3105e+01  1.0000e+00
-1.1846e-01  4.9910e-01  7.6155e-02  2.9473e-01 -9.7363e+00  2.0734e+00  9.9590e+00  1.0000e+00
-1.4146e-01  1.2966e-01 -3.1729e-02  3.4720e+01  2.8940e+01 -8.7105e+00  4.6031e+01  1.0000e+00
 1.5374e+00 -1.0358e+00  3.5450e-02  1.1903e+01 -7.9451e+00  4.4665e+00  1.4992e+01  1.0000e+00
-3.6399e-01 -9.3122e-01  2.4699e+00 -4.8940e+00 -1.3146e+01  2.9472e+01  3.2640e+01  1.0000e+00
 4.6996e-01  1.8189e-01  1.6362e-01 -1.6885e+01  3.7842e+00  1.0836e+00  1.7338e+01  1.0000e+00
-5.2167e-02  3.6274e-01  7.2562e-02  1.1513e+00 -1.4813e+01 -3.1197e+01  3.4554e+01  1.0000e+00
-3.7657e+00  1.2488e-01 -1.3422e+00 -3.7897e+01  8.8930e+00 -1.0213e+01  4.0244e+01  1.0000e+00
-3.0880e-01  6.9702e-02 -1.1298e-02  9.2901e+00  1.2129e+01  1.6636e+01  2.2587e+01  1.0000e+00
-1.6657e-01  3.0043e-01 -1.2065e-01  1.7713e+00 -7.0842e+00  8.5598e-02  7.3028e+00  1.0000e+00
-9.2117e-02  4.4099e-02  1.0411e-01 -1.7776e+01 -7.6411e+00  4.0963e+00  1.9778e+01  1.0000e+00
-1.0643e+00 -5.7594e+00 -5.9219e+00 -1.5063e+01 -4.5190e+01 -5.2717e+01  7.1051e+01  1.0000e+00
 3.1869e+00 -2.8494e+00  8.3636e-01  3.6857e+01 -3.2599e+01  9.1493e+00  5.0049e+01  1.0000e+00
-2.2669e-01  3.8114e-02  1.5052e-01 -1.8414e+01 -1.6789e+01  3.1579e+01  4.0227e+01  1.0000e+00
 5.3047e-01 -4.2017e-01 -1.3668e+00  4.7412e+00 -5.7537e-01 -8.2254e+00  9.5114e+00  1.0000e+00
 5.3684e-03  1.3850e-01  8.4934e-02 -7.2512e+00  1.4088e+01 -1.4925e+01  2.1767e+01  1.0000e+00
 3.1142e-01 -8.7917e-01 -1.2312e+00  3.9867e+00 -3.2819e+00 -8.5989e+00  1.0030e+01  1.0000e+00
-2.0014e-01  2.9108e-01  3.1650e-01 -2.0382e+01  2.8176e+01  1.5393e+01  3.8030e+01  1.0000e+00
-4.5094e-01  1.7241e-01  2.1642e-01 -3.4978e+00  4.9434e+00  4.7815e-01  6.0746e+00  1.0000e+00
-1.7589e+00  2.5461e+00 -1.5309e+00 -2.0694e+01  3.2567e+01 -1.7152e+01  4.2227e+01  1.0000e+00
-1.5992e-01  2.3257e-01  5.2000e-02 -2.4551e+01  9.3202e+00  2.8620e+01  3.8842e+01  1.0000e+00
-4.5948e-01  2.2024e-01 -4.1464e-01 -2.1425e+01  1.5389e+00 -1.3006e+01  2.5111e+01  1.0000e+00
-4.1070e-02  1.3697e-01  1.4929e-01  4.4936e+00 -4.5009e+00  2.9348e+01  3.0029e+01  1.0000e+00
 4.6088e-02  1.8805e-01  8.2601e-02  1.7020e+00 -3.1307e+00 -2.1215e+01  2.1512e+01  1.0000e+00
-2.1976e-01  9.7993e-02  3.2515e-02 -1.4260e+01 -5.5037e+00  2.7982e+01  3.1885e+01  1.0000e+00
-2.0616e-01  1.7913e-01 -5.8877e-02 -1.0715e+01  2.4734e+01  4.9839e+00  2.7412e+01  1.0000e+00
-7.5273e-02  6.2786e-02 -3.7114e-01 -2.8581e+00 -4.5373e+00  6.9215e+00  8.7558e+00  1.0000e+00
-1.2515e-01  2.3389e-01 -9.4970e-02  1.9522e+01 -4.6898e+00  2.1125e+01  2.9144e+01  1.0000e+00
-1.4646e-01  2.8264e-01 -4.6822e-02  2.5115e+01  1.7739e+01  3.4839e+00  3.0945e+01  1.0000e+00
-2.8410e-02  2.4153e-01  3.1423e-02 -1.1450e+01  5.2490e+00  2.6164e+01  2.9038e+01  1.0000e+00
 9.3631e-01 -1.6192e+00  2.3229e+00  1.0574e+01 -1.6749e+01  2.7201e+01  3.3649e+01  1.0000e+00
-2.2242e-01  7.1455e-02 -8.1611e-03 -3.1675e+01  4.8684e+00  9.2746e+00  3.3362e+01  1.0000e+00
 6.4350e+00 -4.4783e+00 -9.6240e+00  6.9374e+01 -4.7342e+01 -9.5604e+01  1.2726e+02  1.0000e+00
-6.7975e-02  1.5855e-01 -7.5118e-03  2.6900e+01  4.7341e+00  1.2056e+00  2.7340e+01  1.0000e+00
-4.3174e-01  4.7069e-01  8.5330e-01 -8.8849e+00  1.4244e+01  1.7962e+01  2.4586e+01  1.0000e+00
 1.4261e+00 -8.8287e-01 -6.6729e-01  2.3414e+01 -6.5407e+00 -5.4306e+00  2.4910e+01  1.0000e+00
-1.3601e-01  2.2624e-01  2.3545e-02  9.1907e+00  2.6008e+00 -1.2553e+00  9.6337e+00  1.0000e+00
 8.4712e-01 -3.3857e-01 -8.9977e-02  4.8759e+00  6.2229e+00 -4.9012e+00  9.3016e+00  1.0000e+00
 1.3528e-01  5.6860e-01  4.3328e-01 -1.6073e+01 -2.0071e+00  8.2685e+00  1.8186e+01  1.0000e+00
 2.9684e-02  2.2568e-01 -1.4148e-01  7.7371e+00 -9.4323e+00  1.8360e+01  2.2043e+01  1.0000e+00
-1.2392e-03  3.4078e-01  2.2185e-01 -1.9686e+01  2.7143e+00 -1.7902e+01  2.6747e+01  1.0000e+00
-8.2932e-01  1.0523e+00 -6.1745e-01 -4.5876e+00  4.2884e+00  1.0430e-01  6.2808e+00  1.0000e+00
 1.0956e-01  3.3739e-01  3.1502e-01 -6.6888e+00  7.1027e+00  1.1261e+01  1.4899e+01  1.0000e+00
 7.1205e-01  5.6826e-01  7.1900e-01  6.7990e+00  1.0198e+00 -1.4732e+00  7.0312e+00  1.0000e+00
 2.0063e-01 -1.3302e+00  2.4504e+00  1.3301e+00 -1.5290e+01  2.6642e+01  3.0747e+01  1.0000e+00
-8.4945e-02  1.5957e-01 -3.1864e-02  2.7924e+01 -3.5218e+00  1.0152e+01  2.9920e+01  1.0000e+00
-7.1373e-02 -5.5177e-02  1.7936e-01  1.5708e+01 -4.2720e+00  2.5810e+01  3.0514e+01  1.0000e+00
-7.0649e-01 -3.3351e-01 -1.6925e-02  4.6679e+00  1.0107e+01  2.0768e+00  1.1325e+01  1.0000e+00
-1.7505e-01  8.0820e-02  1.4720e-03 -2.2768e+01 -2.9003e+01 -1.0759e+00  3.6888e+01  1.0000e+00
 5.6280e-01  3.0404e-01  4.2710e-01 -8.1232e+00  5.8378e+00 -4.4209e+00  1.0937e+01  1.0000e+00
 1.2027e-01  5.0999e-01  4.1884e-01  5.0510e+00  1.1930e+01  2.0326e+00  1.3113e+01  1.0000e+00
-5.6392e-03  6.8477e-02 -6.3678e-02 -2.6417e+01 -2.4063e+00  3.9607e+00  2.6820e+01  1.0000e+00
-2.3080e+00  1.9232e+00 -6.6663e-01 -2.5472e+01  2.1383e+01 -7.0845e+00  3.4004e+01  1.0000e+00
 1.1961e+00 -8.9983e-01 -3.6644e+00  1.4833e+01 -1.1541e+01 -4.5165e+01  4.8920e+01  1.0000e+00
-1.3690e-01  1.7245e-01 -7.2269e-02  2.3916e+01 -1.4149e+01  2.0293e+01  3.4409e+01  1.0000e+00
-2.9301e-01 -2.6657e+00 -1.9008e+00 -1.3249e+00 -2.9944e+01 -2.1561e+01  3.6923e+01  1.0000e+00
-8.1053e-01  7.3673e-01 -3.5555e+00 -1.1031e+01  1.0520e+01 -4.2880e+01  4.5508e+01  1.0000e+00
 5.1954e-01 -2.3033e+00  6.4640e-03  5.4814e+00 -2.7646e+01  1.4688e-01  2.8184e+01  1.0000e+00
-6.4092e-02  4.2101e-01 -1.5110e-01 -4.9991e+00 -8.8200e+00  1.5807e+01  1.8778e+01  1.0000e+00
-4.3586e-01 -4.4309e-01 -2.6980e+00 -5.3094e+00 -6.4821e+00 -2.9574e+01  3.0738e+01  1.0000e+00
-6.1880e-01 -8.5850e-01 -6.2178e-01 -2.9157e+00 -2.7896e-01 -1.7842e+00  3.4296e+00  1.0000e+00
-5.6672e-02  2.9422e-01 -5.0997e-03 -5.0182e+00  3.1990e+00 -1.7757e+00  6.2104e+00  1.0000e+00
-1.9195e-01  1.7843e-01 -1.1058e-01 -1.7696e+01  1.7959e+00 -1.0625e+01  2.0719e+01  1.0000e+00
-1.6949e-01  1.2288e-01 -5.6562e-03  1.5056e+01  2.1525e+01  4.3000e+01  5.0389e+01  1.0000e+00
 1.4281e+00 -2.1508e+00 -8.3221e-01  1.7606e+01 -2.2240e+01 -8.8737e+00  2.9721e+01  1.0000e+00
-1.4225e-01  1.8365e-01 -9.6152e-02  5.0969e+00  1.5224e+01  1.3766e+01  2.1149e+01  1.0000e+00
-3.8186e-02  2.9365e-02 -1.2945e-02  8.1045e+00 -8.7381e+00  1.3821e+01  1.8250e+01  1.0000e+00
-2.6806e+00 -1.2472e+00 -9.3944e-01 -3.0493e+01 -1.3672e+01 -9.2812e+00  3.4683e+01  1.0000e+00
 1.5791e+00  5.4859e-01  1.1129e+00  1.8216e+01  9.5660e+00  1.7702e+01  2.7143e+01  1.0000e+00
 8.4945e-02  9.2175e-02  1.8403e-01 -9.2408e+00 -2.8050e+00  2.1473e+01  2.3545e+01  1.0000e+00
 9.0881e-01 -3.2378e+00 -2.5190e-01  1.2188e+01 -3.9646e+01 -3.1023e+00  4.1593e+01  1.0000e+00
 1.9137e-02  2.0224e-01 -2.6836e-03  2.4675e+01 -4.7381e+00  8.4504e+00  2.6509e+01  1.0000e+00
-3.5664e+00 -2.7234e-01  5.3026e+00 -5.7354e+01 -5.6219e+00  8.4612e+01  1.0237e+02  1.0000e+00
 1.7507e+00 -3.2063e+00 -2.5592e+00  2.2759e+01 -3.9067e+01 -3.1788e+01  5.5269e+01  1.0000e+00
-2.2151e-02  1.7785e-01  1.9082e-01  5.1027e+00  4.8746e+00  1.3303e+00  7.1812e+00  1.0000e+00
-1.0499e+00 -1.1191e-01 -3.5276e-01 -6.2213e+00  3.4751e+00 -3.6043e+00  7.9857e+00  1.0000e+00
-1.1352e-01  2.3858e-01 -2.2325e-02  3.4474e+01 -3.2144e+00  2.1786e+01  4.0907e+01  1.0000e+00
-1.3841e+00 -5.1171e-01 -1.1139e+00 -1.6409e+01 -4.5212e+00 -1.2221e+01  2.0953e+01  1.0000e+00
-1.2530e-01  2.8907e-01  1.2904e-01  2.8687e+00 -7.1734e-01 -3.6729e+00  4.7153e+00  1.0000e+00
-6.1304e-02  9.4632e-02 -1.5292e-02 -2.0834e+00 -2.2529e+01  1.9178e+00  2.2706e+01  1.0000e+00
-1.5991e-02 -2.7551e+00 -1.8943e+00 -5.5122e-02 -2.9261e+01 -2.0826e+01  3.5916e+01  1.0000e+00
 1.9098e-01  2.0826e-01  9.7769e-02 -4.0781e-01  2.5261e+00  2.0421e+00  3.2738e+00  1.0000e+00
-5.2207e-02  1.6658e-01  1.2309e-01 -5.8352e+00  2.6323e+01 -6.3397e+00  2.7697e+01  1.0000e+00
-2.4090e-01  2.0751e-01  1.2361e-01 -1.2357e+01 -1.2846e+00 -2.7673e+01  3.0333e+01  1.0000e+00
 8.9056e-01  5.9365e-02  1.0631e+00  1.7180e+00 -1.8238e+00  9.5674e+00  9.8900e+00  1.0000e+00
 5.6845e-02  3.0780e-01  2.3818e-01  1.5323e+01  8.6728e-01 -3.5011e+00  1.5741e+01  1.0000e+00
-6.0073e+00 -6.5970e+00  2.9131e+00 -5.1686e+01 -6.2963e+01  2.9711e+01  8.6710e+01  1.0000e+00
-1.4618e-01  9.0426e-02  1.1006e-01 -3.5457e+00  1.1166e+01  3.6360e+01  3.8201e+01  1.0000e+00
-1.4185e-01  1.6269e-01  2.9372e-02  5.3011e+00  1.9411e+01 -1.8567e+01  2.7380e+01  1.0000e+00
-1.4503e-01  2.7225e-01  5.9418e-02  8.0898e+00  9.6484e+00 -5.3846e+00  1.3694e+01  1.0000e+00
-6.4140e-02  2.5843e-01  1.7656e-01 -3.3050e+00 -1.3286e+01 -7.5751e+00  1.5647e+01  1.0000e+00
-5.8660e-02 -2.4151e-01  7.7194e-02  1.1529e+01 -2.2448e+00 -7.6326e+00  1.4007e+01  1.0000e+00
-1.1226e-01  4.1903e-01  1.5985e-02  1.3256e+01 -2.4971e+01  1.0750e+01  3.0246e+01  1.0000e+00
 8.9686e-01  8.5339e-01  1.7726e-01  8.5566e-01  5.3512e+00  5.7966e+00  7.9352e+00  1.0000e+00
 1.3774e-02 -2.3033e+00  1.2066e+00 -3.9536e-01 -2.7232e+01  1.2909e+01  3.0139e+01  1.0000e+00
-2.6791e+00 -1.7623e+00 -1.0197e+00 -3.3628e+01 -2.0173e+01 -1.0778e+01  4.0669e+01  1.0000e+00
 4.0868e-01 -3.8488e-01  1.2166e-01 -3.3047e+00 -2.0616e+01 -5.4768e+00  2.1586e+01  1.0000e+00
-4.5631e-02  1.3255e-01 -4.3415e-02  2.7867e+00 -3.8036e+00  2.3898e+01  2.4359e+01  1.0000e+00
 3.5165e+00 -1.3261e+00 -2.8257e-01  4.2878e+01 -1.5064e+01 -2.3608e+00  4.5509e+01  1.0000e+00
-7.9490e-01  7.5178e-01 -1.2859e-01 -8.6631e+00 -7.2894e+00  1.0703e+01  1.5580e+01  1.0000e+00
 4.5919e+01 -5.7298e+01  3.8215e+01  3.8386e+02 -4.7418e+02  3.0947e+02  6.8408e+02  1.0000e+00
-6.1758e-01  1.0054e+00 -4.4415e-01  2.1954e+00  7.0089e+00  2.3282e+00  7.7049e+00  1.0000e+00
-7.8086e-01  2.6646e-01 -1.0029e-01 -1.1545e+01  1.8868e-01  3.9620e+00  1.2208e+01  1.0000e+00
-1.6229e-01  2.7111e-01  1.9463e-01 -1.0016e+01 -1.7324e+01 -2.1362e+01  2.9271e+01  1.0000e+00
 2.2073e+00  1.8635e+00  5.1743e-02  2.4719e+01  1.9905e+01  2.0211e+00  3.1801e+01  1.0000e+00
-1.2507e-01 -6.4271e-04 -5.3901e-02 -4.2639e+01 -3.1131e+01  1.0544e+01  5.3837e+01  1.0000e+00
 5.8844e-01 -2.9271e+00  2.8408e-01  5.8116e+00 -3.3099e+01  1.5976e+00  3.3643e+01  1.0000e+00
 2.7905e-02  3.1363e-01  1.9253e-01 -2.1113e+01  1.2543e+01  1.5215e+01  2.8889e+01  1.0000e+00
 1.8057e-01  1.4630e+00 -2.0850e+00  1.8632e+00  1.5752e+01 -2.4959e+01  2.9573e+01  1.0000e+00
-8.7773e-01  2.9459e-01  3.6344e-01 -7.3490e+01  2.4476e+01  2.6575e+01  8.1891e+01  1.0000e+00
-1.7575e-01  7.9437e-02  4.8994e-02 -2.6539e+01 -4.3710e+00  1.5107e+01  3.0849e+01  1.0000e+00
-9.8784e-01  1.4154e-01  1.1356e+00 -5.9365e-01 -4.9177e+00 -1.1272e+00  5.0801e+00  1.0000e+00
-1.4910e-01  8.9384e-02  8.0239e-02 -2.1915e+01  2.0438e+01 -1.3626e+01  3.2919e+01  1.0000e+00
-6.1857e-02  4.2147e-01 -1.1313e-01  1.1974e+01 -2.4128e+01  9.6859e+00  2.8625e+01  1.0000e+00
 3.1115e-01 -2.7584e+00  2.1883e+00  3.0675e+00 -3.3291e+01  2.6343e+01  4.2564e+01  1.0000e+00
-1.6963e-01  1.0727e-01  3.7076e-02 -8.0381e+00 -1.7567e+01  1.0205e+01  2.1848e+01  1.0000e+00
 6.4573e-01  1.9408e+00  1.6554e-02 -1.1837e+00  2.3476e+01  4.0299e+00  2.3849e+01  1.0000e+00
-8.6767e-02  1.7821e-01  2.3141e-01 -2.6239e+01 -2.5448e+00 -1.4088e+01  2.9890e+01  1.0000e+00
 1.2803e+00 -9.4317e-01  1.9994e-01  1.0025e+01 -5.5118e+00  3.4608e+00  1.1953e+01  1.0000e+00
-1.4496e-01 -7.7477e-02  2.0483e-01  1.6713e+01 -1.4561e+01  7.3272e-01  2.2179e+01  1.0000e+00
 1.6836e+00 -9.7943e-01  1.0085e+00  1.9445e+01 -6.4544e+00  1.1041e+01  2.3274e+01  1.0000e+00
-5.2606e-01  2.6864e-01  7.3492e-01  5.4134e+00 -2.7375e+00 -7.6756e-01  6.1145e+00  1.0000e+00
-1.9303e-01  1.8832e-01 -1.1876e-01  1.9244e+00  1.8924e+01 -4.5747e+00  1.9564e+01  1.0000e+00
-2.0698e-01  1.4532e-01  7.4148e-02  8.8926e+00  2.1497e+00  7.9543e+00  1.2123e+01  1.0000e+00
-6.9510e-01 -6.2530e-01 -3.1227e+00 -7.1094e+00 -5.9366e+00 -3.6302e+01  3.7465e+01  1.0000e+00
 4.3641e-01  5.0513e-01 -3.4729e-01 -1.1405e+01  1.1384e+00  2.3556e+00  1.1701e+01  1.0000e+00
 3.5821e+00 -1.6752e-01 -9.3768e-01  4.3488e+01 -8.0645e-01 -9.1953e+00  4.4457e+01  1.0000e+00
-4.9222e-02  1.7219e-01 -5.2338e-02 -5.8997e-02 -3.5721e+01  1.7172e+01  3.9634e+01  1.0000e+00
 1.1477e+00 -7.4469e-02  3.1344e+00  1.5716e+01 -2.1384e+00  4.0559e+01  4.3549e+01  1.0000e+00
-1.0194e+00  9.8395e-02  2.5638e-01  4.8263e+00  2.2847e+00  4.3658e+00  6.8973e+00  1.0000e+00
 7.9725e-01  2.5286e-01  8.9459e-01 -5.6997e+00 -6.5859e+00  9.6929e+00  1.3031e+01  1.0000e+00
-1.6611e+00  2.8183e-01  2.4835e+00 -1.7573e+01  2.8833e+00  2.8913e+01  3.3957e+01  1.0000e+00
 4.8929e-01  2.4418e+00  3.2278e-01 -4.0601e+00  1.7310e+01 -3.0657e+00  1.8042e+01  1.0000e+00
-1.3073e-01  1.7387e-01 -2.2449e-02 -4.3972e+00 -1.4450e+00 -4.6095e+00  6.5323e+00  1.0000e+00
 7.2241e-01  6.6396e+00  4.7308e+00  3.1917e-01  6.4010e+01  4.0840e+01  7.5930e+01  1.0000e+00
-1.2578e+00  1.2255e+00 -9.1004e-01 -1.4222e+01  1.2107e+01 -5.2094e+00  1.9390e+01  1.0000e+00
-1.7168e-01 -2.8020e-01 -9.0145e-02  8.3832e+00  7.3559e+00 -2.0191e+00  1.1334e+01  1.0000e+00
-2.8654e-01 -1.7013e-01 -6.4303e-01  3.4822e+00  1.2533e+01  1.3890e+01  1.9029e+01  1.0000e+00
-2.5340e-01 -1.6126e-01  1.9746e-01 -2.0939e+00 -1.0408e+01  1.9610e+01  2.2299e+01  1.0000e+00
-7.6506e-03  1.0648e-01  1.6099e-01 -2.9789e-01  1.2000e+01  5.0884e+00  1.3038e+01  1.0000e+00
-1.8360e-01  1.4260e-01  1.5383e-01  7.3318e+00  1.6631e+01  3.1712e+01  3.6551e+01  1.0000e+00
-1.3288e+00 -1.5223e-01  1.3731e+00 -8.9703e+00 -7.1150e-01  1.3482e+01  1.6209e+01  1.0000e+00
-4.6754e-02  3.4424e-01  5.3215e-02 -8.3151e+00 -1.6168e+01  1.7758e+01  2.5414e+01  1.0000e+00
-8.9160e-02  1.7494e-01  1.1725e-01 -1.7885e+01  1.5879e+01 -1.3869e+01  2.7647e+01  1.0000e+00
-1.7389e-01  1.9457e-01  2.0754e-01 -1.7173e+01  3.6162e+01 -3.5018e+00  4.0185e+01  1.0000e+00
-1.4076e-01  6.9137e-02  6.3184e-03  1.1758e+01 -1.0689e+01 -1.5201e+01  2.1990e+01  1.0000e+00
 4.7092e-02  1.1998e-01 -2.3691e-02 -1.3381e+01 -1.5299e+01 -8.0350e+00  2.1856e+01  1.0000e+00
-1.9621e-01  1.3670e-01 -5.0757e-02 -7.1547e+00  3.7908e+01  2.2609e-01  3.8578e+01  1.0000e+00
 1.3232e+00 -2.4140e+00 -1.0836e+00  1.4410e+01 -2.4921e+01 -1.2613e+01  3.1429e+01  1.0000e+00
 5.3290e-01  5.4030e-01  1.3807e-02  9.3125e+00  5.5955e+00 -2.1874e+00  1.1082e+01  1.0000e+00
 1.5448e+00  2.5996e-01 -4.3518e+00  1.8518e+01  5.4848e+00 -3.9774e+01  4.4216e+01  1.0000e+00
-3.3901e-01  1.7617e+00 -1.4854e+00 -3.1706e+00  1.9000e+01 -1.2218e+01  2.2810e+01  1.0000e+00
-3.0145e+00 -1.2141e+00  7.2165e-01 -3.8027e+01 -1.3243e+01  9.1577e+00  4.1295e+01  1.0000e+00
 3.6524e+00 -3.7766e-01 -1.5703e+00  4.6872e+01 -4.4633e+00 -1.9229e+01  5.0860e+01  1.0000e+00
 1.4125e+00 -7.6145e+00  4.6526e+00  1.7669e+01 -9.8048e+01  6.0946e+01  1.1679e+02  1.0000e+00
-1.2556e-01  1.1632e-01  3.6682e-02  2.0029e+01  1.6405e+01  5.5815e+00  2.6485e+01  1.0000e+00
-1.2623e-01  2.7946e-01  1.2384e-01  6.1262e+00  4.8875e+00  2.6846e+01  2.7967e+01  1.0000e+00
-1.0771e-01  1.5658e-01  1.1931e-01  5.4443e+00 -2.2953e+00  9.0959e+00  1.0846e+01  1.0000e+00
-4.3535e-01  8.0217e-01 -5.6460e-01 -3.2592e+00 -3.8391e-01  6.0737e+00  6.9036e+00  1.0000e+00
-2.0540e+00 -1.3571e+00 -1.0027e+00 -2.3463e+01 -1.1407e+01 -1.2538e+01  2.8945e+01  1.0000e+00
-3.9704e-01 -1.6227e-01 -2.1155e-01 -5.6349e+00 -8.2469e+00 -2.8824e-01  9.9923e+00  1.0000e+00
 1.5050e-01  3.1875e-01  2.8845e-01 -3.0829e+00  5.9623e+00  2.2263e+01  2.3253e+01  1.0000e+00
-6.9706e-03  1.4077e-01  1.0824e-01  3.9362e-01  2.8268e+01 -1.3970e+01  3.1534e+01  1.0000e+00
 2.5390e-01  4.7088e-02 -8.1661e-03  1.3848e+00 -2.9230e+00  1.3230e+01  1.3619e+01  1.0000e+00
 7.5140e-01 -1.1714e+00 -1.3385e+00  7.7940e+00 -1.0370e+01 -1.0441e+01  1.6652e+01  1.0000e+00
 1.1596e-01  3.1411e-01  1.4361e-01 -4.9340e+00  1.6760e+01  2.0747e+01  2.7123e+01  1.0000e+00
-1.9600e-02  1.4977e-01  4.3000e-02  1.8610e+01  1.7564e+01 -2.0815e+01  3.2987e+01  1.0000e+00
 1.4497e+00 -1.6191e+00 -2.1923e+00  1.5813e+01 -1.8525e+01 -2.3532e+01  3.3867e+01  1.0000e+00
-1.0532e-01  1.7499e-01  9.2294e-02 -5.0236e+01 -9.4474e+00 -1.8387e+01  5.4323e+01  1.0000e+00
-1.0452e-01  1.9069e-01 -1.8494e-02  3.2199e+01  1.1814e+01 -6.4748e+00  3.4904e+01  1.0000e+00
-2.8356e-01 -1.5868e-01 -1.1386e-01 -9.8317e+00 -2.9123e+00  2.0884e+00  1.0464e+01  1.0000e+00
-1.5654e-01 -5.7264e-01  1.8731e-01  3.2044e+00  9.0640e+00 -1.6216e+01  1.8851e+01  1.0000e+00
-9.9062e-02  2.7027e-01  1.2150e-01  1.0662e+01  1.5845e+01 -1.8507e+01  2.6595e+01  1.0000e+00
-2.3497e-01  1.1431e-01  1.2207e-01 -5.6143e+00 -7.1373e+00 -1.9860e+01  2.1837e+01  1.0000e+00
 9.4244e-01 -9.4700e-01 -3.4686e-01  4.8192e+00 -4.0791e+00  9.6167e-01  6.3866e+00  1.0000e+00
-1.8295e-01  1.0850e-01  1.7159e-02 -1.5935e+01  1.3637e+01 -1.5228e+01  2.5919e+01  1.0000e+00
-2.5329e-01  1.0518e-01 -8.2335e-02 -4.9172e+00 -1.4743e+01  1.7897e+01  2.3703e+01  1.0000e+00
 2.2123e+00  1.2865e+00 -3.7532e-01  2.2164e+01  1.5899e+01 -1.9413e+00  2.7346e+01  1.0000e+00
-1.7322e-01  1.0290e-01  1.8954e-03  2.9935e+01  3.3013e+01  3.0778e+00  4.4670e+01  1.0000e+00
 2.5260e-01  9.7889e-02  2.1479e-01 -1.5859e+00  1.6913e+01  9.2541e+00  1.9345e+01  1.0000e+00
-1.4950e-01  1.1553e-01  1.0179e-01 -1.2965e+01  1.0009e+01  1.0372e+01  1.9387e+01  1.0000e+00
 3.9862e-02  2.1467e+00  2.5856e-01  4.8929e+00  2.3781e+01  2.0676e-01  2.4280e+01  1.0000e+00
-4.6655e+01  5.7441e+01 -3.7746e+01 -3.7964e+02  4.7214e+02 -3.1702e+02  6.8377e+02  1.0000e+00
-2.8397e-01  1.1673e+00  3.5761e-01 -1.4549e+01  7.2263e+00 -7.1311e-01  1.6261e+01  1.0000e+00
-5.4054e-02  1.7686e-01 -2.8787e-02  7.1246e-01  2.0928e+01 -1.9621e+01  2.8696e+01  1.0000e+00
-8.6734e-01  9.1302e-01 -1.7134e-01 -8.3146e+00  1.0604e+01 -1.8277e+00  1.3599e+01  1.0000e+00
-7.2844e-02  1.4497e-01  3.0274e-01 -3.3220e+00 -1.0071e+01  1.6186e+01  1.9350e+01  1.0000e+00
-2.2559e-01  1.3927e-02 -1.4978e-01 -2.9799e+01 -8.7658e+00  2.6610e-01  3.1063e+01  1.0000e+00
 1.3114e+00 -1.9885e+00 -1.9898e+00  1.6240e+01 -2.2003e+01 -1.9438e+01  3.3551e+01  1.0000e+00
 4.6442e-02  2.3082e-01 -1.7827e-01  9.4757e+00 -8.8173e+00 -1.4162e+01  1.9186e+01  1.0000e+00
 9.5983e-01  2.7089e-01  3.5797e-01 -3.3980e-01  3.8018e+00 -3.1850e+00  4.9713e+00  1.0000e+00
-1.5916e-01  1.3010e-01  8.1848e-04 -3.4591e+01 -1.3409e+01 -4.1811e+00  3.7334e+01  1.0000e+00
-2.7065e+00 -2.7781e-02  2.1847e+00 -3.2686e+01  2.3215e+00  2.8208e+01  4.3237e+01  1.0000e+00
-1.3865e-01  9.1782e-02 -4.2770e-02  3.9727e+01 -2.3414e+01  9.1328e+00  4.7009e+01  1.0000e+00
-3.6630e-02  5.3618e-02  5.6595e-02  2.9708e+01  1.0283e+01 -4.0476e+00  3.1697e+01  1.0000e+00
-1.8306e+00  1.5379e+00 -2.9178e+00 -2.1901e+01  2.0107e+01 -3.5384e+01  4.6216e+01  1.0000e+00
 3.0808e+00 -2.1944e+00  7.9899e-01  3.6923e+01 -2.4956e+01  1.0360e+01  4.5754e+01  1.0000e+00
 1.9072e+00 -1.1470e+00  1.9408e+00  2.0335e+01 -1.2634e+01  2.2846e+01  3.3092e+01  1.0000e+00
-1.9340e-01  2.2963e-01  1.4586e-01  1.0449e+01  1.4756e+01  1.5452e+00  1.8146e+01  1.0000e+00
-8.0478e-02  2.7334e-01  1.4840e-02  1.5239e+01 -8.7517e+00  7.0825e+00  1.8946e+01  1.0000e+00
 2.3114e-01  3.0863e-01 -3.5297e-01 -3.5498e+00  2.8881e-01  5.2449e+00  6.3399e+00  1.0000e+00
-1.7482e+00  6.2132e-01  8.1581e-01 -1.9903e+01  2.4505e+00  6.4579e+00  2.1068e+01  1.0000e+00
 5.0079e-02  1.1288e-01 -7.9556e-02 -9.4302e+00 -4.8766e+00 -9.8513e+00  1.4483e+01  1.0000e+00
 8.2648e-01 -5.6967e-01 -7.0348e-02  2.2461e+00  1.5195e+00  5.1582e+00  5.8276e+00  1.0000e+00
 4.4650e-03 -8.0275e-02  8.1841e-02 -2.1722e+01  1.7053e+01 -2.6788e-01  2.7617e+01  1.0000e+00
-5.1646e-02  1.0189e-01  8.5647e-02 -2.7733e+01  1.9588e+00  1.5550e+01  3.1856e+01  1.0000e+00
-1.5050e+00  8.7158e-01 -1.2314e+00 -1.6568e+01  1.6266e+01 -1.4214e+01  2.7224e+01  1.0000e+00
 2.1126e-01 -2.3887e-02  1.1745e-01  1.3297e+00  2.3993e+01  7.8522e+00  2.5280e+01  1.0000e+00
-9.8894e-01  6.5955e-01 -2.5750e+00 -1.1653e+01  7.3689e+00 -2.8469e+01  3.1632e+01  1.0000e+00
 5.7672e-01  2.0775e+00  1.3217e+00 -5.4982e+00  2.0079e+01  8.2265e+00  2.2385e+01  1.0000e+00
-2.7272e+00 -8.3615e-01 -1.0727e+00 -3.6480e+01 -7.4699e+00 -1.0148e+01  3.8595e+01  1.0000e+00
-9.3561e-01 -6.7963e-01  2.2986e-01  2.6052e-01 -8.4537e+00  2.0965e+00  8.7136e+00  1.0000e+00
-9.4640e-01  1.8012e-01  9.0528e-01  7.2678e-01  2.7362e+00  5.2977e+00  6.0067e+00  1.0000e+00
-3.1953e-01  1.8253e-01 -3.1296e-02  2.6261e+00  3.9713e+00 -1.9279e+01  1.9858e+01  1.0000e+00
 1.3931e-01  8.6432e-02  1.3789e-01  2.4301e+01  7.9188e+00  2.2994e+01  3.4380e+01  1.0000e+00
 1.2504e-01  5.7581e-01 -9.7535e-02  6.3235e-01 -5.0089e+00 -8.3953e+00  9.7964e+00  1.0000e+00
-3.0443e-01  2.4092e-01  1.3876e-01 -2.1663e+01 -1.2329e+01  1.3526e+01  2.8359e+01  1.0000e+00
 3.2747e-02  8.3927e-01  4.2490e-01  3.5297e+00  8.8736e+00  1.9397e-01  9.5518e+00  1.0000e+00
 1.1819e+00 -5.9217e-01  1.8308e+00  6.3570e+00 -5.7952e+00  1.1247e+00  8.6753e+00  1.0000e+00
-2.3371e-01  2.4863e-01  8.0223e-02 -9.9637e+00 -1.7415e+01 -1.3099e+00  2.0107e+01  1.0000e+00
-1.0872e-01  1.9308e-01  2.3035e-01 -7.9536e+00 -2.8576e+00 -1.2370e+01  1.4982e+01  1.0000e+00
-4.5010e+00  5.9766e+00 -3.7833e+00 -4.2351e+01  4.4708e+01 -2.6944e+01  6.7220e+01  1.0000e+00
-3.7460e-01  9.8013e-01  9.9740e-01 -4.5311e-01  3.5785e+00  5.8878e+00  6.9049e+00  1.0000e+00
 1.0499e+00 -3.9909e-01 -1.8110e-01  1.6188e+01  6.2521e+00 -5.3390e+00  1.8156e+01  1.0000e+00
-2.7337e-01  1.3417e-01  7.8515e-02  1.4646e+01  1.1557e+01 -1.8898e+01  2.6555e+01  1.0000e+00
-5.4711e-02  2.3684e-01  2.9863e-02  1.0222e+01  4.5656e+00  1.4260e+00  1.1286e+01  1.0000e+00
-1.1401e-01 -2.4982e+00 -1.1724e+00 -8.9125e-01 -2.5411e+01 -1.3791e+01  2.8926e+01  1.0000e+00
 8.5139e-02  3.0378e-01  6.9356e-01  6.7818e+00  1.0015e+01 -1.6079e+00  1.2202e+01  1.0000e+00
 1.3156e+00 -2.0522e+00 -1.9059e+00  1.3655e+01 -2.2361e+01 -2.2433e+01  3.4492e+01  1.0000e+00
-1.8378e-01  2.9014e-01  7.6368e-02 -1.6955e+01  2.1263e+01 -2.4868e+01  3.6851e+01  1.0000e+00
-1.2538e-01  1.6603e-01  1.6828e-01  1.9768e+01  1.8861e+01 -1.5000e+00  2.7363e+01  1.0000e+00
-3.8479e-01  1.7260e+00  1.0174e+00  2.3606e+00  2.0422e+01  8.6273e+00  2.2295e+01  1.0000e+00
 6.2662e-01 -1.4181e+00  2.2682e+00  6.9975e+00 -1.6012e+01  2.4082e+01  2.9754e+01  1.0000e+00
-7.8321e-02  3.3113e-01  8.9500e-02 -5.3726e+00 -2.6001e+01 -2.2645e+01  3.4896e+01  1.0000e+00
-1.1574e-01  1.4193e-01  1.1792e-01 -1.9146e+01  2.4437e+01 -1.9789e+01  3.6815e+01  1.0000e+00
-1.4307e-01  1.0112e-01  9.0124e-02  1.6045e+01 -2.3745e+01 -1.7842e+00  2.8713e+01  1.0000e+00
-3.5009e-01  4.1469e-01 -7.4583e-02 -8.6418e+00  3.1035e+00 -6.8101e+00  1.1432e+01  1.0000e+00
-1.7635e+00 -7.2622e-01  1.4286e+00 -1.9995e+01 -6.1970e+00  1.2469e+01  2.4366e+01  1.0000e+00
-2.5755e-01  2.8120e-01  1.8818e-01  1.1382e+01  5.9023e-01 -7.7622e+00  1.3789e+01  1.0000e+00
-2.1485e-01  1.5630e-01 -1.4777e-03 -2.3286e+01  1.6592e+01 -7.8474e+00  2.9650e+01  1.0000e+00
 2.2041e+00 -3.0244e+00 -1.9916e-01  2.8291e+01 -3.6057e+01 -2.8744e+00  4.5921e+01  1.0000e+00
-1.3524e-01  1.8910e-01  5.3339e-02  1.6621e+01 -4.3598e+01  1.0302e+01  4.7782e+01  1.0000e+00
-1.6799e+00 -3.6062e-01  1.4643e+00 -6.8418e+00  3.7861e+00  2.2093e+00  8.1256e+00  1.0000e+00
-1.2366e-01  2.2925e-01  1.7109e-01  1.9656e+01  1.2327e+01 -1.1916e+00  2.3232e+01  1.0000e+00
-7.5233e-02 -1.6557e-01 -1.8054e-01  7.6332e+00  1.0349e+01 -1.4119e+00  1.2937e+01  1.0000e+00
 1.3609e+00 -5.9990e-01  3.8202e-01  7.8710e+00 -4.9499e+00  5.4775e-01  9.3142e+00  1.0000e+00
-3.0625e-01 -6.6383e-03  2.0502e-01 -3.8313e+00 -4.9338e+00 -9.2872e+00  1.1193e+01  1.0000e+00
-4.4831e-01  1.6100e-01 -1.6346e-01 -6.4273e+00  7.6377e+00 -1.9225e+01  2.1662e+01  1.0000e+00
 2.1662e-02  1.1957e-01  5.6280e-01  5.6923e+00  2.8311e+00 -1.7893e+00  6.6044e+00  1.0000e+00
-2.2128e-01  1.1925e-01  1.9871e-01  8.4266e+00  9.3900e+00 -5.5295e+00  1.3775e+01  1.0000e+00
-1.3271e-01  4.8554e-02 -9.1357e-03 -4.3948e+00  4.4432e+00  1.7082e+01  1.8189e+01  1.0000e+00
-2.4250e-01  8.0202e-02  1.2783e-01  1.1876e+01  1.7212e+01  3.2196e+00  2.1158e+01  1.0000e+00
-3.4425e-02  1.1671e-01 -5.3006e-02 -4.1083e+00  3.5228e+01  7.1150e+00  3.6173e+01  1.0000e+00
-9.6861e-02  5.4748e-02  9.5894e-02  1.8367e+01 -2.5717e+01 -4.3657e+00  3.1902e+01  1.0000e+00
-6.4435e-02  1.4581e-01  7.5654e-02  2.0521e+01 -1.9702e+01 -2.7619e+01  3.9650e+01  1.0000e+00
-8.2114e-02  3.2125e-01  6.0237e-04  5.0428e+00 -1.9082e+01 -3.3938e+00  2.0026e+01  1.0000e+00
-8.1846e-02  1.1508e-02  1.0048e-01  1.0954e+01 -2.4713e+01  6.3872e+00  2.7776e+01  1.0000e+00
 5.5635e-02  3.3245e-01  4.2954e-01 -8.6295e+00  2.6094e+00  1.5357e+01  1.7808e+01  1.0000e+00
 6.5997e-04  6.4847e-01 -5.9770e-01 -1.4794e+01  2.4958e+00  8.7877e+00  1.7387e+01  1.0000e+00
-2.0467e-01  3.1602e-01  2.8380e-01 -1.3021e+01  1.5376e+01  9.4744e+00  2.2265e+01  1.0000e+00
-1.5740e-01  3.5809e-01  8.2783e-02  2.2698e+01  1.4161e+01  2.8691e+01  3.9229e+01  1.0000e+00
-1.5506e-04  3.3516e-01 -2.5861e-02 -5.4657e+00 -9.1735e+00 -7.3709e+00  1.2975e+01  1.0000e+00
-6.1468e-02  2.9095e-01  2.1841e-01  1.5054e+01  4.2341e+01  9.1682e+00  4.5864e+01  1.0000e+00
-2.1779e-01  1.5848e-01  4.2005e-01  1.1986e+01 -7.8203e+00 -1.7560e+00  1.4419e+01  1.0000e+00
-8.0296e-01  1.2317e+00  3.2625e+00 -5.1191e+00  8.4297e+00  1.9929e+01  2.2236e+01  1.0000e+00
 1.8648e+00  3.2014e-01  1.6983e-01  1.5322e+01  5.2991e+00  3.1554e+00  1.6516e+01  1.0000e+00
 1.6895e+00 -7.7497e-01 -1.4959e+00  1.7184e+01 -9.8974e+00 -1.4854e+01  2.4777e+01  1.0000e+00
-7.1897e-02  2.6436e-01 -8.9312e-02  3.7285e+00  8.2342e+00 -1.6659e+01  1.8953e+01  1.0000e+00
 1.7456e+00 -1.9209e+00 -2.8922e+00  2.2435e+01 -2.2464e+01 -3.3507e+01  4.6159e+01  1.0000e+00
-1.5588e-01  1.3948e-01  1.7031e-02  3.2656e+00 -2.4612e+01  4.3457e+00  2.5205e+01  1.0000e+00
-2.1609e-01  1.6274e-01  1.5206e-01 -2.1378e+00 -1.1920e+01  1.5394e+01  1.9586e+01  1.0000e+00
-1.4576e-02  1.4036e-01 -8.9064e-02 -6.4681e+00 -2.4536e+00 -3.0995e+01  3.1758e+01  1.0000e+00
-2.2056e-01  7.4687e-02  1.7844e-02  1.2254e+01  9.2540e+00  1.3236e+01  2.0273e+01  1.0000e+00
 1.9579e-01  3.8224e-01  5.2741e-01  2.3970e+00  6.2577e+00  5.0415e+00  8.3857e+00  1.0000e+00
 5.7284e-01  6.4301e-01  7.1245e-01 -5.5408e+00  2.2172e+00  7.5114e+00  9.5936e+00  1.0000e+00
-8.9234e-02  1.8364e-01  5.6954e-02 -2.7420e+01 -2.1939e-01 -2.1167e+01  3.4640e+01  1.0000e+00
-1.9846e-01  1.4934e-01 -3.0302e-02 -9.6476e+00  1.0059e+01 -5.2235e+01  5.4063e+01  1.0000e+00
 2.5981e-01 -4.9775e-01  1.7635e-01  5.3806e+00 -1.6820e+00 -2.7061e+00  6.2533e+00  1.0000e+00
-1.0252e-01  9.7988e-02  5.4190e-03 -2.6728e+01 -1.6316e+01 -4.5772e+00  3.1648e+01  1.0000e+00
-7.9404e-01  7.9928e-01  2.3717e+00 -5.9316e+00  8.6265e+00  2.6263e+01  2.8273e+01  1.0000e+00
-5.1019e-01 -5.5333e-01  7.7877e-01  8.3546e+00  1.0215e+01  5.8861e+00  1.4450e+01  1.0000e+00
-1.2232e-01  1.0804e-01  6.7659e-02 -3.1184e+01  3.5064e+01  1.3644e+01  4.8868e+01  1.0000e+00
-1.9504e-01  1.3100e-01  2.6360e-01  4.4013e+00 -2.3517e+00 -1.0384e+01  1.1521e+01  1.0000e+00
-1.1356e+00  8.3578e-01  1.0469e+00 -4.0294e+00  1.0467e+01  1.0272e+01  1.5209e+01  1.0000e+00
 1.7661e+00 -4.3686e+00  7.1417e+00  1.5718e+01 -3.9680e+01  7.1370e+01  8.3158e+01  1.0000e+00
 2.6978e+00  5.3185e-01  2.4311e+00  3.2662e+01  6.3320e+00  3.0827e+01  4.5356e+01  1.0000e+00
 9.0762e-01 -8.7959e-01 -4.8980e-01  7.9947e+00 -2.2257e+00 -2.7219e+00  8.7337e+00  1.0000e+00
-7.5780e-02  4.5385e-02  9.0160e-02 -3.0644e+01 -2.4215e+01  5.5962e+00  3.9455e+01  1.0000e+00
-4.2364e-01  4.8842e-01 -3.5479e-01 -7.3573e+00  1.0742e+01  1.8252e+00  1.3147e+01  1.0000e+00
-7.2431e-01  3.2355e-01  2.9204e+00 -8.8905e+00  5.8569e+00  3.5177e+01  3.6753e+01  1.0000e+00
-2.1467e+00 -1.1329e+00 -2.3186e+00 -2.2700e+01 -3.3518e+00 -2.1373e+01  3.1358e+01  1.0000e+00
 6.2222e-01  1.1419e+00 -8.7422e-01  1.2982e+00  9.9556e+00 -4.8032e+00  1.1130e+01  1.0000e+00
-6.9386e-02  1.8431e-01  3.4090e-02 -1.1602e+01  8.6023e+00 -3.4949e+01  3.7816e+01  1.0000e+00
-3.7159e-01  3.3079e-01 -2.9282e-02  7.0921e+00 -2.2911e+01  1.5647e+01  2.8637e+01  1.0000e+00
-9.5908e-02  1.6900e-01  1.7200e-01 -4.6390e+00 -1.0894e+01 -9.1515e+00  1.4965e+01  1.0000e+00
 3.5036e-01  1.3450e+00  5.6617e-01  3.4079e+00  8.4894e+00  3.4187e+00  9.7658e+00  1.0000e+00
-1.7514e-01  1.5057e-01  3.9726e-03  3.1695e+00  1.4090e+01 -2.5059e+01  2.8923e+01  1.0000e+00
-4.4607e-02  3.9801e-02  4.9769e-02 -1.5420e+00  1.3889e+01  1.7822e+01  2.2647e+01  1.0000e+00
-1.0624e+00  3.1427e+00 -4.7646e-01 -1.1776e+01  3.7531e+01 -4.6368e+00  3.9607e+01  1.0000e+00
 6.8640e-01 -5.3933e-01 -1.0310e-01  1.7979e+01 -1.3643e-01  1.4370e+01  2.3016e+01  1.0000e+00
-2.2539e+00 -3.8009e-01 -4.9435e-01 -2.3675e+01 -3.2338e-01 -6.2888e+00  2.4498e+01  1.0000e+00
 8.6945e-01  6.8746e-02  1.1006e+00  5.6099e-01  4.4277e+00  8.5442e+00  9.6396e+00  1.0000e+00
-2.0262e+00 -7.8960e-01  1.1554e+00 -1.8837e+01 -8.8574e+00  1.2714e+01  2.4391e+01  1.0000e+00
-3.6273e-02  1.1474e-01  4.6495e-02 -2.2584e+01  1.5386e+01 -1.4666e+01  3.1013e+01  1.0000e+00
 3.6107e+00  1.2204e+00  3.3002e-01  4.3244e+01  1.5623e+01  3.6588e+00  4.6125e+01  1.0000e+00
 1.3364e+00  2.0985e+00  3.5344e-02  1.7318e+01  2.3784e+01  3.2529e+00  2.9600e+01  1.0000e+00
-2.7264e+00 -1.8126e+00 -1.0635e+00 -3.4461e+01 -2.0993e+01 -1.4131e+01  4.2754e+01  1.0000e+00
 6.2670e-01 -2.0758e-02 -5.7181e-01  1.8919e+00 -1.2551e+01 -1.0933e+01  1.6752e+01  1.0000e+00
-2.8409e+00 -2.5717e-01 -7.0950e-01 -3.4361e+01 -2.7370e-01 -9.0409e+00  3.5531e+01  1.0000e+00
-2.4286e-01  1.7524e-01 -1.2231e-01 -3.2851e+01  2.3222e+01 -8.3220e+00  4.1082e+01  1.0000e+00
 5.0954e-01  1.1024e+00 -9.7051e-01  1.6635e+00  1.0437e+01 -2.7217e+00  1.0914e+01  1.0000e+00
-7.2803e-01  2.4148e+00 -1.2059e+00 -7.6648e+00  2.7385e+01 -1.0375e+01  3.0271e+01  1.0000e+00
-9.7109e-02  1.8792e-01  2.8361e-02  1.3935e+01 -2.9391e+01  3.0736e+01  4.4752e+01  1.0000e+00
-2.1912e-01 -1.4292e-03  3.8096e-02  8.9213e+00  3.0880e+01  3.6501e+00  3.2350e+01  1.0000e+00
-7.3836e-01 -4.2998e-01 -1.0738e+00 -5.8112e+00 -1.5289e+00 -1.4292e+01  1.5504e+01  1.0000e+00
-5.3593e-01  1.7253e-02  2.9401e-01 -8.7191e-02 -1.0875e+00 -8.4589e+00  8.5290e+00  1.0000e+00
 4.6887e-01 -7.3593e-01 -1.4423e+00  1.1322e+01 -9.7082e+00 -3.7944e+00  1.5390e+01  1.0000e+00
-4.6748e-01 -2.4747e-01  5.2847e-01  7.7537e+00  7.2865e+00 -5.4361e+00  1.1948e+01  1.0000e+00
 9.2565e-02 -3.7812e-02 -4.9527e-01 -3.2275e+00 -9.5874e+00 -8.2077e+00  1.3027e+01  1.0000e+00
-1.9093e+00 -9.0133e-01 -3.2027e+00 -2.5852e+01 -1.3092e+01 -4.5627e+01  5.4052e+01  1.0000e+00
-3.6615e+00 -1.4151e+00 -8.7269e-02 -4.5951e+01 -1.5042e+01 -1.4616e+00  4.8372e+01  1.0000e+00
 2.9793e-01 -1.1677e+00 -1.0104e+00  6.4229e+00 -9.2126e+00 -1.2104e+01  1.6511e+01  1.0000e+00
 3.8411e+00  4.8056e-01 -3.1925e-01  4.6275e+01  8.2635e+00 -5.0274e+00  4.7275e+01  1.0000e+00
-2.0266e-01  1.0551e-01  7.6882e-02  3.0243e+01  2.9461e+01  2.2183e+00  4.2279e+01  1.0000e+00
-2.6914e-01  2.8395e-01 -4.4170e-02  2.8032e+01 -1.0563e+01 -5.9686e+00  3.0545e+01  1.0000e+00
-1.5457e-01  5.1385e-02  3.0323e-01  4.6402e+00  7.7931e+00  2.8126e+01  2.9553e+01  1.0000e+00
-3.7530e-01 -2.5662e-01  2.5495e-01  1.4441e+01  1.0950e+01 -3.7911e+00  1.8515e+01  1.0000e+00
-2.5509e-03 -9.3951e-03  1.3527e-01  1.8661e+01  4.2827e-01 -7.2121e+00  2.0011e+01  1.0000e+00
-8.3898e-02  1.1063e-01  1.4049e-02 -2.5885e+01  8.7643e+00  1.1848e+01  2.9786e+01  1.0000e+00
-1.7639e-01  1.9278e-01  4.7132e-02 -9.5091e+00 -5.6677e+00 -3.3235e+01  3.5030e+01  1.0000e+00
-1.8781e+00  1.6882e+00 -4.8097e-01 -2.0530e+01  1.7287e+01 -3.0432e+00  2.7011e+01  1.0000e+00
-1.0861e-01  1.2457e-01  5.1102e-02  2.1193e+01  2.5784e+01 -5.9530e+00  3.3903e+01  1.0000e+00
-2.2484e+00 -5.8531e-01  1.0086e-01 -2.1510e+01 -6.9608e+00 -2.1369e-01  2.2610e+01  1.0000e+00
-1.6147e-01  3.4259e-01 -8.5864e-02  1.9365e+00 -2.1519e+01 -1.2241e+01  2.4833e+01  1.0000e+00
 1.4861e-02 -1.0155e-01 -4.1392e-02 -8.2347e+00 -3.4957e+00 -2.0363e+00  9.1748e+00  1.0000e+00
-7.8303e-02  7.4938e-02  1.3823e-01 -6.2221e+00 -3.0516e+00  2.5785e+01  2.6700e+01  1.0000e+00
-1.0434e-01  1.8417e-01  4.0949e-05 -4.4723e+00  2.3341e+01  5.1009e+00  2.4307e+01  1.0000e+00
 1.2169e+00 -3.1461e+00 -1.5049e+00  1.4848e+01 -3.6629e+01 -1.7556e+01  4.3248e+01  1.0000e+00
-2.7234e+00 -6.4831e-01  2.4540e+00 -3.3324e+01 -5.9039e+00  3.0077e+01  4.5276e+01  1.0000e+00
-1.5528e-01 -2.9351e-01 -2.6497e-02 -1.5913e+01  1.8231e+01 -4.7562e+00  2.4662e+01  1.0000e+00
-6.6367e-01 -6.9965e-01 -1.5651e+00 -6.7816e+00 -4.8792e+00 -1.1531e+01  1.4239e+01  1.0000e+00
 1.4530e+00 -7.0867e-01  1.8158e-01  8.7913e+00 -6.9381e+00  7.5625e-01  1.1225e+01  1.0000e+00
-2.1943e-01  1.2482e-01  6.2437e-02 -1.1197e+01  1.7256e+01 -2.7367e+00  2.0752e+01  1.0000e+00
-3.1751e-01 -2.4042e+00 -1.6309e+00 -4.1459e+00 -2.9992e+01 -2.1017e+01  3.6857e+01  1.0000e+00
-7.1316e-01  1.3284e+00 -1.3629e+00 -7.0070e+00  1.1962e+01 -1.0487e+01  1.7383e+01  1.0000e+00
-5.2856e-01  5.5368e-01 -5.3412e-01  2.4527e-01 -2.7958e+00  6.1782e+00  6.7858e+00  1.0000e+00
 1.2683e+00  5.2043e-01  3.7621e-02  3.9772e+00  4.7380e+00 -6.6522e-01  6.2217e+00  1.0000e+00
-1.2753e-01  2.5286e-01  8.3706e-03  1.4079e+01  6.1573e-01  3.7749e+00  1.4589e+01  1.0000e+00
-6.5875e-01  2.6316e+00 -1.1845e+00 -5.6382e+00  2.9499e+01 -1.2308e+01  3.2457e+01  1.0000e+00
 1.3946e+00  1.1804e-02 -4.2657e-01  7.8100e+00  3.4004e+00 -3.2931e+00  9.1325e+00  1.0000e+00
-4.1034e-01  2.7718e-01  4.4263e+00  1.7647e+00  5.4208e+00  3.1095e+01  3.1614e+01  1.0000e+00
-1.2190e-01 -1.3672e+00 -2.2573e-01 -1.8725e+00 -6.6074e+00  5.7634e-01  6.8917e+00  1.0000e+00
-1.1814e-01  1.5682e-01 -6.5383e-02 -2.0235e-02  5.3440e+00 -3.2963e+01  3.3393e+01  1.0000e+00
-1.8307e-01  1.1084e-01  3.7597e-02 -1.4644e+01 -2.5062e+01  1.6706e+01  3.3491e+01  1.0000e+00
-2.0437e-01  3.7332e-02  2.7846e-01 -1.3389e+01  1.4989e+01 -8.3711e+00  2.1772e+01  1.0000e+00
 8.5515e-01  1.9128e+00  1.1728e+00  1.1765e+01  2.3422e+01  1.2527e+01  2.9051e+01  1.0000e+00
-1.0007e-01  2.7940e-01 -3.7335e-02  8.7754e+00  3.2892e+01 -2.1471e+01  4.0248e+01  1.0000e+00
-9.9577e-02  2.7316e-01  1.6131e-01  4.0112e+00  1.9050e+01 -5.6257e+00  2.0264e+01  1.0000e+00
-1.6183e-01  2.2679e-01  3.5519e-01 -2.0678e+00 -1.0561e+01  5.2058e+00  1.1955e+01  1.0000e+00
-1.6432e-01  7.1474e-02  6.5119e-02 -3.4329e+01 -7.4312e+00 -1.9165e+01  4.0012e+01  1.0000e+00
-1.9122e-01  1.9030e-02  1.2094e-01  1.6939e+01 -9.2816e+00  7.8644e+00  2.0855e+01  1.0000e+00
-1.6742e-01  2.7105e-01 -2.8320e-02 -3.1458e+00 -5.2830e+00  2.5852e+01  2.6573e+01  1.0000e+00
 1.8152e+00 -1.4143e+00 -3.8286e-01  1.8438e+01 -1.3495e+01 -2.0867e+00  2.2944e+01  1.0000e+00
-1.4243e-01  1.9359e-01  3.4882e-02 -1.6911e+01 -2.1486e-01 -1.2357e+01  2.0946e+01  1.0000e+00
 4.0938e+00 -6.1174e+00  3.7666e+00  2.5566e+01 -5.0914e+01  3.2794e+01  6.5736e+01  1.0000e+00
 1.6616e-01 -1.7681e-01 -1.7542e+00  6.6806e-01 -8.1572e+00 -2.6827e+00  8.6130e+00  1.0000e+00
 3.3197e-01 -1.3377e+00 -3.7028e+00  2.8790e+00 -1.5368e+01 -4.4027e+01  4.6721e+01  1.0000e+00
-7.4753e-01 -1.5268e+00 -2.5583e+00 -1.2602e+01 -1.7787e+01 -3.0651e+01  3.7612e+01  1.0000e+00
-2.4767e-01 -2.7374e+00  3.0491e-01 -2.5224e+00 -3.3379e+01  3.6239e+00  3.3670e+01  1.0000e+00
-3.4468e+00 -1.9046e+00 -9.5358e-01 -4.4395e+01 -2.2244e+01 -1.1480e+01  5.0966e+01  1.0000e+00
-2.1737e-01  1.3073e-01 -4.2437e-02 -4.8411e+00  2.3815e+01 -1.1409e+01  2.6847e+01  1.0000e+00
-2.8817e+00 -7.3510e-01 -6.6104e-01 -3.6808e+01 -8.9971e+00 -6.2079e+00  3.8397e+01  1.0000e+00
-6.5858e-01  3.2863e-01  2.6452e-01  5.3708e+00 -8.0324e-01 -1.2290e+01  1.3436e+01  1.0000e+00
-2.2786e-01  2.4088e-01  2.3532e-01  1.6748e+01  9.4296e+00  8.2647e+00  2.0922e+01  1.0000e+00
-2.9167e-01 -1.1193e-01 -2.2429e-01 -1.2817e+01 -7.0800e+00 -3.6937e+01  3.9734e+01  1.0000e+00
 1.8489e-01 -3.5426e-01  7.6368e-01  1.5776e+01 -1.0684e+00  7.8283e+00  1.7644e+01  1.0000e+00
-1.2853e-01  2.6054e-02  4.9142e-03  8.9738e+00  2.2164e+01 -1.8571e+00  2.3984e+01  1.0000e+00
