# limit = 3.48568
#
# x           y           z           vx          vy          vz          s           m
 8.2679e-01 -1.1532e+00 -1.3970e+00  6.8408e-01 -6.7012e+00 -6.6984e-03  6.7361e+00  1.0000e+00
 4.3891e-02  2.4050e-01 -1.7814e-02 -1.7257e+01  7.6432e+00 -5.0039e+00  1.9526e+01  1.0000e+00
 3.3736e+00 -1.4440e-02  6.4716e-01  3.7141e+01  1.4740e+00  7.3328e+00  3.7887e+01  1.0000e+00
-1.4505e-01  7.7284e-02  6.7978e-03 -4.4767e-01 -6.6772e+00  8.9331e+00  1.1162e+01  1.0000e+00
-2.6589e+00  1.0989e+00  1.7369e+00 -3.1734e+01  1.1915e+01  1.8921e+01  3.8820e+01  1.0000e+00
 1.1028e+00 -5.0822e-01  3.3786e+00  1.3583e+01 -4.4186e+00  3.8948e+01  4.1484e+01  1.0000e+00
 3.0195e-01 -2.7344e+00 -2.0346e+00  2.6296e+00 -3.1969e+01 -2.2007e+01  3.8900e+01  1.0000e+00
-8.7726e-02 -3.7788e-02 -6.6041e-02 -1.0724e+01  3.5157e+01  8.8103e+00  3.7798e+01  1.0000e+00
-5.0774e+00  3.6096e+00  1.0511e+01 -4.5653e+01  3.3465e+01  1.0487e+02  1.1917e+02  1.0000e+00
-1.4935e-01  1.7380e-01  3.2282e-03  2.2407e+01 -1.9243e-03  6.4425e+00  2.3315e+01  1.0000e+00
 1.2298e+00  1.1857e+00  1.0012e+00  9.2878e+00  1.1135e+01  7.2659e+00  1.6218e+01  1.0000e+00
 4.1361e-02  2.1481e-01 -2.9989e-03 -1.3913e+01 -2.1234e+01  1.8123e+01  3.1191e+01  1.0000e+00
 5.8595e-01  8.9144e-01  1.0973e+00  5.1812e+00  1.6083e+00  8.7625e+00  1.0306e+01  1.0000e+00
-2.8836e-01  2.3982e-01  1.7341e-01  5.8590e+00 -2.0816e+01 -1.7271e+01  2.7675e+01  1.0000e+00
-2.2145e-01  1.6540e-01 -3.7661e-02 -3.2619e+01  8.4019e+00  6.6065e+00  3.4325e+01  1.0000e+00
-1.3291e+00  3.6545e-02 -1.5533e+00 -1.6277e+01 -2.9129e+00 -1.2587e+01  2.0781e+01  1.0000e+00
 1.9994e+00 -2.0770e+00 -2.2719e+00  2.2736e+01 -2.3473e+01 -2.7085e+01  4.2444e+01  1.0000e+00
-8.1051e-02  3.1452e-01  4.8340e-02  3.3823e+01 -8.1729e+00 -1.7281e+00  3.4839e+01  1.0000e+00
-2.5920e-02  1.4639e-01 -7.5144e-02 -2.4285e+01 -2.3062e+01 -1.5821e+01  3.7040e+01  1.0000e+00
 7.3173e+00  6.3803e+00 -2.9372e+00  7.3732e+01  5.9153e+01 -2.5320e+01  9.7860e+01  1.0000e+00
 1.1852e-01  2.8133e-01  1.2180e-02  3.6309e+00  1.6976e+01 -5.1849e+00  1.8118e+01  1.0000e+00
-5.3920e-02  2.7811e-01 -3.2306e-02 -1.7213e+01 -1.4447e+01  1.9336e+01  2.9646e+01  1.0000e+00
-1.2082e-01  2.6387e-01  1.8021e-02  5.3795e+00 -3.9447e+00 -1.8435e+01  1.9605e+01  1.0000e+00
-1.4584e+00  2.5561e+00 -2.7574e+00 -1.6626e+01  3.1920e+01 -3.2000e+01  4.8160e+01  1.0000e+00
-5.1674e-02  3.1651e+00 -1.4501e+00 -1.0673e+00  3.6563e+01 -1.6172e+01  3.9994e+01  1.0000e+00
-4.2215e-01 -8.7244e-02 -1.5725e+00 -1.1490e+01  6.2084e+00 -1.9410e+01  2.3395e+01  1.0000e+00
 1.2977e+00 -2.4084e+00  5.7859e-01  1.1681e+01 -2.9686e+01  5.6641e+00  3.2401e+01  1.0000e+00
 4.8973e+00 -1.1903e+00 -4.7082e+00  7.5669e+01 -1.9935e+01 -7.3024e+01  1.0703e+02  1.0000e+00
 1.3844e-01 -3.6176e+00 -4.7807e+00  2.2001e+00 -4.2775e+01 -5.6411e+01  7.0829e+01  1.0000e+00
-1.7308e-01  2.0508e-01  4.3325e-02 -2.6784e+01  8.2972e+00  6.5180e+00  2.8788e+01  1.0000e+00
-2.9812e-02  1.3064e-01 -1.1410e-01 -4.7914e+00 -1.5200e+01 -5.2803e+00  1.6790e+01  1.0000e+00
-1.1346e-01  3.7008e-02 -1.5975e-02  6.3670e+00  2.2206e+01 -1.5811e+01  2.7993e+01  1.0000e+00
-2.5320e-01  1.2003e-01  4.7938e-01  5.6369e+00  5.1847e+00 -3.5824e+00  8.4551e+00  1.0000e+00
-2.0862e-01  1.6501e-01  5.3108e-03  3.6446e+00  7.7725e+00 -1.4338e+00  8.7035e+00  1.0000e+00
-1.7040e-01  2.1351e-01  6.7160e-02  2.0575e+01  1.4034e+01  2.4757e+01  3.5116e+01  1.0000e+00
-2.3768e-01  1.2723e-01  2.5622e-01  1.6083e+01 -8.7212e+00  2.1926e+01  2.8556e+01  1.0000e+00
 1.6181e+00  2.2870e-01 -6.0176e-01 -8.8071e-01 -2.2536e+00  1.0888e+00  2.6533e+00  1.0000e+00
-2.7964e+00  5.3408e+00 -7.1889e+00 -2.8675e+01  5.4963e+01 -6.8314e+01  9.2249e+01  1.0000e+00
 1.3216e-01  1.9484e-01  8.6423e-01  8.4063e-01  4.9106e+00  5.2702e+00  7.2523e+00  1.0000e+00
 2.2002e+00 -6.2115e-01  1.8036e+00  2.2805e+01 -4.8159e+00  1.9086e+01  3.0125e+01  1.0000e+00
 1.5950e+00  1.3727e+00 -1.9542e-01  1.5190e+01  1.3647e+01  1.6439e+00  2.0486e+01  1.0000e+00
-3.2854e-01  2.5466e-01  3.4574e-01  2.3621e+01 -2.9659e+00 -5.5677e+00  2.4449e+01  1.0000e+00
-4.5807e-01  2.2740e-01  1.6113e-01 -1.9139e+00  9.1171e+00 -1.0114e+01  1.3751e+01  1.0000e+00
 3.3259e-01 -1.2050e+00  3.6153e+00  4.3797e+00 -1.2832e+01  4.2021e+01  4.4154e+01  1.0000e+00
 3.3280e+00  1.6263e+00  2.3006e-01  4.0794e+01  2.0089e+01  3.2965e+00  4.5592e+01  1.0000e+00
-4.9128e-02 -2.3916e+00  2.2073e-01  3.0564e+00 -2.7975e+01  4.9291e+00  2.8570e+01  1.0000e+00
-1.8978e-01  2.2577e-01  1.3477e-01 -3.5487e+01  1.4441e+01 -1.3708e+01  4.0691e+01  1.0000e+00
 8.2741e-01 -1.3671e+00 -5.1092e-01  8.8671e+00 -8.8287e+00 -1.3036e+00  1.2581e+01  1.0000e+00
 2.0843e+00 -7.5518e-01  8.6427e-01  2.0672e+01 -7.9137e+00  8.7003e+00  2.3784e+01  1.0000e+00
-1.1980e-01  6.5072e-02  9.5653e-01  7.4981e+00 -1.0686e+00 -2.9697e+00  8.1352e+00  1.0000e+00
-2.0668e-01  1.2533e-01  2.3235e-01 -7.9114e+00  1.5035e+01 -4.1054e+00  1.7478e+01  1.0000e+00
 1.0748e-01  2.1769e-01  5.5684e-02  3.0063e-01  1.0626e+01  2.3040e+01  2.5374e+01  1.0000e+00
-8.8543e-01 -1.2455e+00  1.2459e+00 -6.9398e+00 -1.2040e+01  1.1182e+01  1.7837e+01  1.0000e+00
-5.1078e-01  2.4145e-01 -2.4448e-02  1.0727e+01  2.0377e+00  7.1355e+00  1.3044e+01  1.0000e+00
-2.3369e-02 -3.7388e-01 -4.3735e-01 -6.7360e+00  1.3191e+01 -3.3046e+00  1.5176e+01  1.0000e+00
-1.5715e-01  1.3244e-01  2.0862e-01  3.7521e+01  3.8051e+00 -1.5151e+00  3.7744e+01  1.0000e+00
-1.3649e-01  2.2986e-01 -5.3495e-06 -1.3473e+01 -1.6325e+01  2.9599e+01  3.6388e+01  1.0000e+00
-2.4704e-01  2.3725e-01  4.8822e-02  2.0598e+01 -3.4101e+01  1.6161e+01  4.2993e+01  1.0000e+00
-1.4672e-01  1.2048e-01  4.7932e-02 -3.2982e+01 -1.1765e+01  1.2119e+00  3.5038e+01  1.0000e+00
 1.0772e+00 -3.7671e-01  2.6826e+00  1.0183e+01 -5.7450e+00  3.1153e+01  3.3275e+01  1.0000e+00
-4.8745e-02  1.6850e-01 -1.2245e-02 -2.3493e+01  2.1609e+01  2.4913e+01  4.0491e+01  1.0000e+00
-3.1283e-01  4.5633e-01  3.4133e-01 -7.6141e+00 -7.1763e+00  1.0673e+01  1.4946e+01  1.0000e+00
 3.1217e-01  7.9029e-03 -1.0244e-01  3.5165e+01 -4.4653e-03 -1.7985e+01  3.9497e+01  1.0000e+00
-1.9523e-01  1.2082e-01  4.2352e-02 -2.4184e+00  2.1928e+01 -1.7860e+01  2.8385e+01  1.0000e+00
 1.5185e+00 -4.3929e-01  4.1952e-01  9.6095e+00 -2.0327e+00  3.4690e+00  1.0417e+01  1.0000e+00
-2.0384e-02  3.6841e-02 -5.9123e-02 -2.7485e+01  2.4370e+01  7.9137e+00  3.7576e+01  1.0000e+00
-6.4135e-02  2.6178e-01 -8.3999e-02 -1.4238e+01  1.2708e+01 -2.1516e+01  2.8760e+01  1.0000e+00
-2.1430e-01 -1.1389e-01  7.5679e-02 -8.9465e+00  4.5095e+00 -6.4646e+00  1.1923e+01  1.0000e+00
 3.9524e-02  1.0446e-01  1.2209e-01  1.1265e+01 -2.2632e+00  2.4468e+01  2.7031e+01  1.0000e+00
-5.8910e-01  2.2770e-01 -2.1055e-01 -4.7133e+00  9.7551e+00  1.8451e-01  1.0836e+01  1.0000e+00
 3.1389e+00  4.4866e-01  6.3687e-01  3.6709e+01  4.2275e+00  6.6234e+00  3.7540e+01  1.0000e+00
-1.2112e-01  1.6033e-01  8.4139e-02  8.0515e+00 -2.0351e+01  6.7666e+00  2.2908e+01  1.0000e+00
-1.6753e-01  2.6117e-01  2.0189e-02  1.3572e+01 -4.3981e+01  2.3569e+01  5.1711e+01  1.0000e+00
-3.2406e-01  5.8777e-01  3.2755e-01 -8.1898e+00  7.9786e+00  5.3404e+00  1.2619e+01  1.0000e+00
-3.1486e-01  1.9713e-01 -1.2727e-01 -1.7791e+01  1.2523e+01  7.4730e+00  2.3005e+01  1.0000e+00
-1.7944e-01  1.3678e-01 -1.9547e-02  8.7148e+00 -3.0802e+01 -3.7479e+00  3.2230e+01  1.0000e+00
-6.4886e-02  8.4178e-02  5.1563e-02 -4.3353e+00 -3.0823e+01  8.9112e-01  3.1140e+01  1.0000e+00
 2.2395e-01 -5.3213e-01 -7.5127e-01 -5.9543e-01 -1.8641e+00  3.5574e+00  4.0601e+00  1.0000e+00
 3.5834e+00 -1.8826e+00 -4.4776e-01  4.3351e+01 -2.0628e+01 -5.0339e+00  4.8272e+01  1.0000e+00
-2.3275e+00 -1.5445e+00 -1.0431e+00 -2.5992e+01 -1.6465e+01 -9.8423e+00  3.2304e+01  1.0000e+00
-1.6171e-01  1.9260e-01  2.0504e-01  9.8240e-01 -3.2557e+00 -2.9152e+01  2.9349e+01  1.0000e+00
 2.7783e-02  1.8587e-01 -1.3650e-01  1.9511e+01  5.4131e+00 -2.2345e+00  2.0371e+01  1.0000e+00
 8.3409e-01 -4.3663e-01 -7.7449e-01  8.7234e+00 -4.4362e+00 -6.1821e+00  1.1576e+01  1.0000e+00
 1.3339e+00  7.8945e-01  1.5463e+00  1.1053e+01  9.5110e+00  1.4128e+01  2.0303e+01  1.0000e+00
 2.5731e-02  1.9758e-01  1.1131e-01 -1.4975e+01  6.6482e+00 -5.6351e+00  1.7326e+01  1.0000e+00
-2.5554e-01  2.5016e-01  4.5296e-02  1.4017e+01  1.7019e+00 -1.7037e+01  2.2128e+01  1.0000e+00
-3.0471e-01  8.1341e-01 -6.7474e-01 -1.3135e+00  2.0851e+00  5.3962e+00  5.9322e+00  1.0000e+00
 1.0075e+00 -7.5984e-01  8.9567e-01  7.8083e+00 -7.5417e+00  1.0514e+01  1.5113e+01  1.0000e+00
-1.0707e-01  2.1941e-02 -2.3360e-02 -2.4061e+01 -9.5295e+00 -2.7055e+01  3.7439e+01  1.0000e+00
-2.6065e-01  3.4891e-01  7.0467e-02 -2.0577e+01 -8.1517e+00 -9.9842e+00  2.4281e+01  1.0000e+00
 1.0044e+00 -7.0205e-01  9.4591e-01  1.1112e+01 -3.9609e+00  7.5397e+00  1.4000e+01  1.0000e+00
-1.7241e-01  1.1920e-01  5.4330e-03  1.3010e+00  1.0733e+01  1.1954e+01  1.6118e+01  1.0000e+00
-1.9661e-01  3.3458e-01  7.5310e-03  2.9802e+00 -8.0000e+00 -1.9214e+00  8.7506e+00  1.0000e+00
-7.1907e-02  2.5014e-01  4.9800e-02  1.5889e+01  3.7261e+00 -1.8599e+01  2.4745e+01  1.0000e+00
-8.1504e-01  1.2944e+00  6.8800e-03 -4.2870e+00  5.3802e+00  2.7706e+00  7.4163e+00  1.0000e+00
-1.5837e-01  5.7692e-02  4.4771e-03  2.4959e+01  8.9405e+00 -2.0023e+01  3.3223e+01  1.0000e+00
-1.3601e-01  7.4023e-02 -1.2827e-01  2.7247e+00 -1.7464e+01  1.0833e+01  2.0730e+01  1.0000e+00
-1.2821e+00 -1.9731e+00 -2.1818e+00 -1.4394e+01 -2.0895e+01 -2.3335e+01  3.4472e+01  1.0000e+00
 3.3316e-01 -8.3854e-01 -3.6283e+00  3.2286e+00 -6.0545e+00 -2.6458e+01  2.7334e+01  1.0000e+00
-6.8802e-01  1.1429e+00 -6.6524e-01  3.0092e+00  1.7040e+01 -1.0829e+01  2.0413e+01  1.0000e+00
-7.9953e-02  1.1409e-01  6.6398e-02  2.3943e+01  1.5565e+01 -9.5668e+00  3.0118e+01  1.0000e+00
 6.8490e-02 -3.5063e-02  5.3667e-04 -1.8493e+01  2.1383e+01 -6.9654e+00  2.9116e+01  1.0000e+00
 1.1994e+00 -9.1937e-01 -9.7577e-02  8.8716e+00 -4.4536e+00 -2.1002e+00  1.0146e+01  1.0000e+00
 9.8405e-01 -5.4671e-01  3.6925e-01  3.6006e+00  1.7137e+00  1.3579e+00  4.2125e+00  1.0000e+00
 3.2018e+00  1.0233e+00 -3.5410e-02  3.5928e+01  1.4135e+01 -1.2037e+00  3.8627e+01  1.0000e+00
-6.8632e-02  2.3489e-02  2.1565e-01  9.1428e+00 -1.3423e+01  1.1520e+01  1.9911e+01  1.0000e+00
 2.3756e+00  8.3667e-02  2.6675e+00  2.6595e+01  1.5970e+00  2.9887e+01  4.0039e+01  1.0000e+00
-3.0603e-01  2.1843e-01  8.7133e-02  1.2844e+01  9.1659e+00  1.2463e+01  2.0107e+01  1.0000e+00
-5.0325e-01  2.8776e-01  1.5714e-01  1.3421e+01  2.1874e+01 -1.6835e+01  3.0692e+01  1.0000e+00
-3.6559e+00  6.4164e-01  8.0104e-01 -4.3466e+01  9.4045e+00  9.9350e+00  4.5568e+01  1.0000e+00
-4.3204e-01  1.6283e+00 -1.9352e-01 -5.2227e+00  9.6471e+00  2.3919e+00  1.1228e+01  1.0000e+00
 9.2297e-01 -1.4732e+00  2.4924e+00  8.5932e+00 -1.4852e+01  2.8579e+01  3.3334e+01  1.0000e+00
 1.0968e+00 -1.0447e+00  2.1685e+00  1.0519e+01 -1.0878e+01  2.2620e+01  2.7215e+01  1.0000e+00
 1.8367e+00 -2.1117e+00 -8.7353e-01  1.8668e+01 -2.2262e+01 -7.9047e+00  3.0110e+01  1.0000e+00
 1.4600e+00 -1.0968e+00  3.7428e-01  1.0953e+01 -6.6420e+00  2.8455e+00  1.3122e+01  1.0000e+00
-9.4725e-02  5.2201e-02  1.5456e-01 -7.7735e+00  2.1399e-02 -2.0191e+00  8.0315e+00  1.0000e+00
 6.0680e-02 -3.6651e-02 -4.3075e-02  1.0047e+01  1.2676e+01 -7.6639e+00  1.7899e+01  1.0000e+00
-1.6686e-01  2.3329e-01 -1.0231e-01 -4.7774e+00 -2.1932e+01 -3.8218e-02  2.2447e+01  1.0000e+00
-1.0925e-01  1.1513e-01  5.2299e-02 -3.1343e+01  1.4040e+01  3.5043e+01  4.9066e+01  1.0000e+00
-2.9660e-01  1.9661e-01  1.4888e-01 -2.5253e-01  9.7107e+00 -1.0862e+01  1.4572e+01  1.0000e+00
-7.6780e-02  2.9964e-01  1.3983e-01 -2.1189e+01  2.2832e+01  4.9237e+00  3.1536e+01  1.0000e+00
 3.5419e-01  4.3926e-01 -8.7051e-02 -4.4722e+00  3.6823e+00  5.3793e+00  7.9055e+00  1.0000e+00
-4.7334e+00  1.8797e+00  1.6293e+00 -5.6053e+01  2.3440e+01  2.1605e+01  6.4484e+01  1.0000e+00
-1.7856e-01  2.3813e-01  3.0238e-02 -1.4473e+01  3.4076e+01  6.9937e+00  3.7677e+01  1.0000e+00
-1.5422e-01  3.4278e-01  1.3155e-01  2.5178e+01  1.1088e+00  5.9225e+00  2.5889e+01  1.0000e+00
 8.8191e-02  2.7356e-01 -3.7392e-01  4.1712e+00  5.0960e+00  5.9828e+00  8.8973e+00  1.0000e+00
 1.8433e+00 -1.8024e+00 -8.7947e-01  2.2634e+01 -1.8140e+01 -7.2656e+00  2.9902e+01  1.0000e+00
 5.1514e-02 -4.7507e-02  2.7451e-01 -7.7755e+00  4.3886e+00  4.3757e+00  9.9431e+00  1.0000e+00
 1.3449e+00 -1.2391e+00  2.6427e+00  1.4623e+01 -1.2296e+01  3.2225e+01  3.7463e+01  1.0000e+00
-6.4930e-02 -1.2092e-01  1.1679e-01  1.4939e+01 -3.0287e+00 -7.7410e-01  1.5263e+01  1.0000e+00
-3.3649e-01 -6.6606e-01 -2.5867e+00 -5.5405e+00 -6.3336e+00 -2.6156e+01  2.7476e+01  1.0000e+00
 1.4440e+00 -7.8200e-01  4.3222e-01  7.1018e+00 -6.0808e+00  6.2844e+00  1.1265e+01  1.0000e+00
-7.3122e-02  2.1818e-01 -7.5084e-02 -4.1541e+00  2.2780e+01 -2.4658e+00  2.3287e+01  1.0000e+00
-2.2095e-01  2.6917e-01 -1.3030e-01 -3.8711e+00 -9.4346e+00 -6.3464e+00  1.2011e+01  1.0000e+00
-4.2333e-02 -2.6784e-01  5.5275e-02  3.5355e+00  1.4977e+01  8.4976e-01  1.5412e+01  1.0000e+00
-3.4839e-01  1.1740e+00  3.9980e-01  2.5943e+00  1.0894e+01 -6.6635e+00  1.3032e+01  1.0000e+00
-1.1794e-01  4.7794e-01  7.9574e-02  2.8837e-01 -1.3727e+01  1.7182e+00  1.3837e+01  1.0000e+00
-8.1306e-02  1.8442e-01 -4.0358e-02  3.1436e+01  3.0574e+01 -9.7492e-01  4.3862e+01  1.0000e+00
 1.5587e+00 -1.0501e+00  4.3555e-02  1.1736e+01 -7.8241e+00  4.4931e+00  1.4804e+01  1.0000e+00
-3.7282e-01 -9.5497e-01  2.5231e+00 -4.8745e+00 -1.3110e+01  2.9384e+01  3.2543e+01  1.0000e+00
 4.3819e-01  1.8869e-01  1.6537e-01 -1.8257e+01  3.7273e+00  8.4233e-01  1.8653e+01  1.0000e+00
-5.3074e-02  3.2733e-01  1.5793e-02 -2.5914e+00 -2.3932e+01 -3.1064e+01  3.9299e+01  1.0000e+00
-3.8342e+00  1.4096e-01 -1.3606e+00 -3.7846e+01  8.8891e+00 -1.0194e+01  4.0191e+01  1.0000e+00
-2.8529e-01  9.4347e-02  2.0187e-02  1.7677e+01  1.4961e+01  1.7933e+01  2.9290e+01  1.0000e+00
-1.6217e-01  2.8368e-01 -1.1453e-01  3.2580e+00 -1.0906e+01  6.9989e+00  1.3362e+01  1.0000e+00
-1.2157e-01  3.6356e-02  1.0094e-01 -1.6218e+01 -2.5676e+00 -5.3592e+00  1.7272e+01  1.0000e+00
-1.0916e+00 -5.8412e+00 -6.0173e+00 -1.5061e+01 -4.5181e+01 -5.2708e+01  7.1038e+01  1.0000e+00
 3.2536e+00 -2.9084e+00  8.5290e-01  3.6824e+01 -3.2566e+01  9.1391e+00  5.0001e+01  1.0000e+00
-2.5675e-01  1.1757e-02  2.0436e-01 -1.5114e+01 -1.2694e+01  2.8183e+01  3.4408e+01  1.0000e+00
 5.3897e-01 -4.2117e-01 -1.3815e+00  4.6563e+00 -5.3647e-01 -8.0336e+00  9.3010e+00  1.0000e+00
-1.5450e-02  1.6488e-01  5.6970e-02 -1.5573e+01  1.5363e+01 -1.6302e+01  2.7282e+01  1.0000e+00
 3.1861e-01 -8.8500e-01 -1.2466e+00  3.9659e+00 -3.1596e+00 -8.4450e+00  9.8503e+00  1.0000e+00
-2.3610e-01  3.4066e-01  3.4051e-01 -1.9333e+01  2.6595e+01  1.1297e+01  3.4766e+01  1.0000e+00
-4.5483e-01  1.8173e-01  2.1580e-01 -7.9348e-01  5.3096e+00 -1.1461e+00  5.4895e+00  1.0000e+00
-1.7963e+00  2.6050e+00 -1.5619e+00 -2.0657e+01  3.2516e+01 -1.7120e+01  4.2155e+01  1.0000e+00
-1.9958e-01  2.4340e-01  1.0064e-01 -1.9450e+01  2.8187e+00  2.5125e+01  3.1899e+01  1.0000e+00
-4.9752e-01  2.2292e-01 -4.3714e-01 -2.0648e+01  1.4331e+00 -1.1897e+01  2.3873e+01  1.0000e+00
-3.6548e-02  1.2995e-01  1.9655e-01  8.3635e-01 -3.1924e+00  2.2883e+01  2.3119e+01  1.0000e+00
 4.2580e-02  1.8130e-01  4.3231e-02 -5.7318e+00 -3.9787e+00 -2.2563e+01  2.3617e+01  1.0000e+00
-2.3337e-01  9.1960e-02  8.1441e-02 -1.5688e+00 -1.8000e-01  2.5844e+01  2.5892e+01  1.0000e+00
-2.1868e-01  2.1819e-01 -4.3422e-02 -2.7064e+00  1.6621e+01  1.1579e+01  2.0437e+01  1.0000e+00
-8.0621e-02  5.5057e-02 -3.5659e-01 -3.0542e+00 -3.9900e+00  9.1831e+00  1.0468e+01  1.0000e+00
-9.0276e-02  2.2158e-01 -4.9104e-02  1.9143e+01 -9.3652e+00  2.9434e+01  3.6339e+01  1.0000e+00
-9.9429e-02  3.0803e-01 -3.6224e-02  2.6748e+01  1.0342e+01  8.0706e+00  2.9792e+01  1.0000e+00
-5.7469e-02  2.4628e-01  7.5564e-02 -2.0206e+01  3.5431e-01  2.1820e+01  2.9741e+01  1.0000e+00
 9.5540e-01 -1.6494e+00  2.3720e+00  1.0537e+01 -1.6655e+01  2.7161e+01  3.3558e+01  1.0000e+00
-2.7141e-01  8.5897e-02  1.3091e-02 -2.3166e+01  1.0713e+01  1.3529e+01  2.8887e+01  1.0000e+00
 6.5605e+00 -4.5639e+00 -9.7969e+00  6.9371e+01 -4.7340e+01 -9.5600e+01  1.2725e+02  1.0000e+00
-2.7871e-02  1.6570e-01 -6.2931e-03  1.5572e+01  1.7948e+00 -1.1826e+00  1.5719e+01  1.0000e+00
-4.4762e-01  4.9625e-01  8.8529e-01 -8.6693e+00  1.4009e+01  1.7406e+01  2.3966e+01  1.0000e+00
 1.4683e+00 -8.9463e-01 -6.7704e-01  2.3275e+01 -6.4649e+00 -5.3520e+00  2.4742e+01  1.0000e+00
-1.1813e-01  2.2375e-01  2.1182e-02  1.0882e+01 -5.1766e+00 -3.4774e+00  1.2542e+01  1.0000e+00
 8.5561e-01 -3.2720e-01 -9.8791e-02  4.5060e+00  6.3425e+00 -4.8412e+00  9.1634e+00  1.0000e+00
 1.0575e-01  5.6360e-01  4.4733e-01 -1.6480e+01 -3.5524e+00  7.1925e+00  1.8329e+01  1.0000e+00
 3.9945e-02  2.0684e-01 -1.0467e-01  3.2577e+00 -1.1419e+01  2.2268e+01  2.5237e+01  1.0000e+00
-3.8240e-02  3.4182e-01  1.8706e-01 -2.1251e+01 -1.6130e+00 -2.0180e+01  2.9350e+01  1.0000e+00
-8.3738e-01  1.0599e+00 -6.1711e-01 -4.3281e+00  4.0855e+00  2.7494e-01  5.9582e+00  1.0000e+00
 9.6461e-02  3.4894e-01  3.3347e-01 -7.7206e+00  5.6634e+00  9.1864e+00  1.3269e+01  1.0000e+00
 7.2402e-01  5.6997e-01  7.1611e-01  6.4355e+00  8.7004e-01 -1.7211e+00  6.7183e+00  1.0000e+00
 2.0305e-01 -1.3578e+00  2.4985e+00  1.3392e+00 -1.5244e+01  2.6564e+01  3.0657e+01  1.0000e+00
-3.5056e-02  1.5465e-01 -8.8546e-03  2.7032e+01  3.0262e-01  1.3567e+01  3.0247e+01  1.0000e+00
-4.4098e-02 -5.9451e-02  2.2345e-01  1.4417e+01 -6.2531e-01  2.2975e+01  2.7131e+01  1.0000e+00
-6.9743e-01 -3.1472e-01 -1.3097e-02  5.3467e+00  1.0667e+01  2.1544e+00  1.2125e+01  1.0000e+00
-2.1066e-01  3.8454e-02  5.8299e-03 -1.6538e+01 -1.8480e+01  5.5329e+00  2.5409e+01  1.0000e+00
 5.4747e-01  3.1447e-01  4.1876e-01 -8.8364e+00  5.6879e+00 -4.8038e+00  1.1555e+01  1.0000e+00
 1.2885e-01  5.3113e-01  4.2188e-01  4.3458e+00  1.1476e+01  1.4045e+00  1.2352e+01  1.0000e+00
-5.7486e-02  6.8619e-02 -5.1684e-02 -3.0720e+01  2.5461e+00  9.7373e+00  3.2327e+01  1.0000e+00
-2.3540e+00  1.9619e+00 -6.7943e-01 -2.5401e+01  2.1328e+01 -7.0646e+00  3.3911e+01  1.0000e+00
 1.2230e+00 -9.2070e-01 -3.7460e+00  1.4814e+01 -1.1532e+01 -4.5118e+01  4.8868e+01  1.0000e+00
-9.2265e-02  1.4710e-01 -2.5826e-02  2.4847e+01 -1.1768e+01  3.1293e+01  4.1655e+01  1.0000e+00
-2.9538e-01 -2.7198e+00 -1.9398e+00 -1.2919e+00 -2.9885e+01 -2.1513e+01  3.6846e+01  1.0000e+00
-8.3048e-01  7.5575e-01 -3.6330e+00 -1.1020e+01  1.0508e+01 -4.2823e+01  4.5450e+01  1.0000e+00
 5.2944e-01 -2.3532e+00  6.7292e-03  5.4609e+00 -2.7543e+01  1.4641e-01  2.8080e+01  1.0000e+00
-7.3443e-02  4.0187e-01 -1.1928e-01 -5.2800e+00 -1.2596e+01  1.9277e+01  2.3625e+01  1.0000e+00
-4.4545e-01 -4.5482e-01 -2.7514e+00 -5.2920e+00 -6.4870e+00 -2.9479e+01  3.0644e+01  1.0000e+00
-6.2395e-01 -8.5878e-01 -6.2486e-01 -2.7808e+00 -2.6487e-02 -1.6254e+00  3.2211e+00  1.0000e+00
-7.3145e-02  2.9325e-01 -5.2035e-03 -1.4353e+01 -7.1580e+00  2.3706e+00  1.6213e+01  1.0000e+00
-2.1985e-01  1.8487e-01 -1.2387e-01 -1.3115e+01  4.0340e+00 -3.3568e+00  1.4126e+01  1.0000e+00
-1.3158e-01  1.6297e-01  6.2136e-02  2.2035e+01  2.1200e+01  3.6512e+01  4.7624e+01  1.0000e+00
 1.4599e+00 -2.1910e+00 -8.4824e-01  1.7572e+01 -2.2168e+01 -8.8574e+00  2.9641e+01  1.0000e+00
-1.3173e-01  2.0887e-01 -6.1908e-02  6.6032e+00  1.2658e+01  2.3758e+01  2.7718e+01  1.0000e+00
-2.7880e-02  1.9729e-02  1.4277e-02  3.2775e+00 -1.9950e+00  1.5808e+01  1.6267e+01  1.0000e+00
-2.7357e+00 -1.2719e+00 -9.5622e-01 -3.0424e+01 -1.3641e+01 -9.2621e+00  3.4604e+01  1.0000e+00
 1.6119e+00  5.6586e-01  1.1448e+00  1.8079e+01  9.5278e+00  1.7618e+01  2.6982e+01  1.0000e+00
 6.4946e-02  8.8274e-02  2.2022e-01 -1.2783e+01 -1.5118e+00  1.8512e+01  2.2547e+01  1.0000e+00
 9.3084e-01 -3.3095e+00 -2.5751e-01  1.2172e+01 -3.9578e+01 -3.0981e+00  4.1523e+01  1.0000e+00
 5.7583e-02  1.9267e-01  1.3296e-02  1.7468e+01 -5.3592e+00  9.2127e+00  2.0463e+01  1.0000e+00
-3.6702e+00 -2.8251e-01  5.4557e+00 -5.7342e+01 -5.6208e+00  8.4594e+01  1.0235e+02  1.0000e+00
 1.7919e+00 -3.2770e+00 -2.6166e+00  2.2741e+01 -3.9033e+01 -3.1762e+01  5.5223e+01  1.0000e+00
-1.7224e-02  1.8574e-01  1.8800e-01  3.6478e-01  3.8197e+00 -4.3480e+00  5.7990e+00  1.0000e+00
-1.0607e+00 -1.0551e-01 -3.5910e-01 -5.7788e+00  3.6032e+00 -3.4131e+00  7.6175e+00  1.0000e+00
-5.4669e-02  2.2764e-01  2.0555e-02  2.9800e+01 -7.9914e+00  2.5283e+01  3.9889e+01  1.0000e+00
-1.4137e+00 -5.1983e-01 -1.1359e+00 -1.6280e+01 -4.4584e+00 -1.2113e+01  2.0776e+01  1.0000e+00
-1.1838e-01  2.7337e-01  1.2391e-01  4.7031e+00 -1.2109e+01 -3.0644e+00  1.3347e+01  1.0000e+00
-7.0067e-02  6.1868e-02 -4.1113e-03 -8.1931e+00 -1.5066e+01  7.2379e+00  1.8614e+01  1.0000e+00
-1.6095e-02 -2.8080e+00 -1.9320e+00 -6.0312e-02 -2.9191e+01 -2.0790e+01  3.5838e+01  1.0000e+00
 1.8687e-01  2.1232e-01  1.0090e-01 -4.1316e+00  1.9583e+00  1.4071e+00  4.7838e+00  1.0000e+00
-6.8556e-02  2.1219e-01  1.0661e-01 -1.1993e+01  2.4055e+01 -1.1777e+01  2.9346e+01  1.0000e+00
-2.5707e-01  2.0382e-01  7.0320e-02 -4.3437e+00 -1.7237e+00 -3.1069e+01  3.1419e+01  1.0000e+00
 8.9309e-01  5.6334e-02  1.0809e+00  1.0813e+00 -1.4959e+00  1.0061e+01  1.0228e+01  1.0000e+00
 8.2028e-02  3.0797e-01  2.2950e-01  1.2574e+01 -6.3133e-01 -5.9921e+00  1.3943e+01  1.0000e+00
-6.1008e+00 -6.7109e+00  2.9668e+00 -5.1679e+01 -6.2956e+01  2.9708e+01  8.6699e+01  1.0000e+00
-1.5127e-01  1.1609e-01  1.6666e-01 -2.3206e+00  1.6553e+01  2.7424e+01  3.2117e+01  1.0000e+00
-1.3486e-01  2.0018e-01 -2.9161e-03  3.1377e+00  1.9064e+01 -1.4928e+01  2.4416e+01  1.0000e+00
-1.2691e-01  2.8142e-01  4.6482e-02  1.1608e+01  4.9758e-01 -8.8345e+00  1.4596e+01  1.0000e+00
-7.4245e-02  2.3175e-01  1.5739e-01 -8.4279e+00 -1.5913e+01 -1.3570e+01  2.2548e+01  1.0000e+00
-3.8181e-02 -2.4399e-01  6.2874e-02  1.1025e+01 -8.3130e-01 -8.2693e+00  1.3807e+01  1.0000e+00
-8.8554e-02  3.6813e-01  3.6072e-02  1.2877e+01 -3.1771e+01  1.1375e+01  3.6119e+01  1.0000e+00
 8.9814e-01  8.6286e-01  1.8773e-01  5.5774e-01  5.1196e+00  5.7697e+00  7.7338e+00  1.0000e+00
 1.3062e-02 -2.3525e+00  1.2299e+00 -3.9181e-01 -2.7147e+01  1.2864e+01  3.0043e+01  1.0000e+00
-2.7400e+00 -1.7989e+00 -1.0393e+00 -3.3716e+01 -2.0276e+01 -1.0899e+01  4.0825e+01  1.0000e+00
 4.0218e-01 -4.2165e-01  1.1169e-01 -3.8806e+00 -2.0039e+01 -5.5454e+00  2.1151e+01  1.0000e+00
-4.5261e-02  1.3158e-01  1.5352e-04 -3.7207e+00  3.1864e+00  2.3869e+01  2.4366e+01  1.0000e+00
 3.5940e+00 -1.3533e+00 -2.8684e-01  4.2825e+01 -1.5050e+01 -2.3579e+00  4.5454e+01  1.0000e+00
-8.1016e-01  7.3827e-01 -1.0915e-01 -8.1956e+00 -7.6525e+00  1.0794e+01  1.5564e+01  1.0000e+00
 4.6614e+01 -5.8156e+01  3.8775e+01  3.8386e+02 -4.7418e+02  3.0947e+02  6.8408e+02  1.0000e+00
-6.1344e-01  1.0178e+00 -4.3979e-01  2.3798e+00  6.6491e+00  2.4956e+00  7.4901e+00  1.0000e+00
-8.0080e-01  2.6667e-01 -9.2914e-02 -1.0503e+01  3.8359e-02  4.1867e+00  1.1307e+01  1.0000e+00
-1.7868e-01  2.3539e-01  1.5013e-01 -7.8802e+00 -2.1500e+01 -2.9153e+01  3.7071e+01  1.0000e+00
 2.2520e+00  1.8995e+00  5.5399e-02  2.4649e+01  1.9844e+01  2.0203e+00  3.1709e+01  1.0000e+00
-2.0123e-01 -5.1128e-02 -3.1318e-02 -4.1261e+01 -2.5010e+01  1.3890e+01  5.0208e+01  1.0000e+00
 5.9894e-01 -2.9869e+00  2.8696e-01  5.7994e+00 -3.3019e+01  1.5846e+00  3.3562e+01  1.0000e+00
-1.3549e-02  3.3426e-01  2.1800e-01 -2.4868e+01  1.0349e+01  1.2532e+01  2.9708e+01  1.0000e+00
 1.8392e-01  1.4914e+00 -2.1301e+00  1.8473e+00  1.5695e+01 -2.4866e+01  2.9463e+01  1.0000e+00
-1.0101e+00  3.3875e-01  4.1127e-01 -7.2869e+01  2.4345e+01  2.6319e+01  8.1211e+01  1.0000e+00
-2.1389e-01  8.0940e-02  7.0886e-02 -1.4857e+01  5.6073e+00  6.3635e+00  1.7108e+01  1.0000e+00
-9.8873e-01  1.3265e-01  1.1333e+00 -3.9632e-01 -4.9072e+00 -1.3972e+00  5.1176e+00  1.0000e+00
-1.8662e-01  1.3210e-01  5.1023e-02 -1.9973e+01  2.5221e+01 -1.8819e+01  3.7271e+01  1.0000e+00
-4.1514e-02  3.7451e-01 -9.4332e-02  1.0277e+01 -2.7926e+01  1.1423e+01  3.1874e+01  1.0000e+00
 3.1669e-01 -2.8185e+00  2.2359e+00  3.0648e+00 -3.3240e+01  2.6306e+01  4.2501e+01  1.0000e+00
-1.8885e-01  8.0694e-02  5.6019e-02 -1.2996e+01 -1.1041e+01  1.0224e+01  1.9883e+01  1.0000e+00
 6.4353e-01  1.9831e+00  2.3854e-02 -1.2479e+00  2.3320e+01  4.0394e+00  2.3701e+01  1.0000e+00
-1.3737e-01  1.7822e-01  1.9938e-01 -2.7386e+01  3.8519e+00 -2.1032e+01  3.4744e+01  1.0000e+00
 1.2983e+00 -9.5300e-01  2.0618e-01  9.9149e+00 -5.3582e+00  3.4420e+00  1.1784e+01  1.0000e+00
-1.1433e-01 -1.0051e-01  2.0391e-01  1.7088e+01 -1.0930e+01 -1.6684e+00  2.0353e+01  1.0000e+00
 1.7187e+00 -9.9104e-01  1.0284e+00  1.9345e+01 -6.3841e+00  1.0970e+01  2.3138e+01  1.0000e+00
-5.1588e-01  2.6361e-01  7.3290e-01  5.8417e+00 -2.8280e+00 -1.4645e+00  6.6534e+00  1.0000e+00
-1.8806e-01  2.1760e-01 -1.1804e-01  3.7258e+00  1.4820e+01  4.6036e+00  1.5959e+01  1.0000e+00
-1.8326e-01  1.4650e-01  8.2681e-02  1.7798e+01  5.0116e-01  1.0093e+00  1.7834e+01  1.0000e+00
-7.0795e-01 -6.3603e-01 -3.1883e+00 -7.0904e+00 -5.9233e+00 -3.6227e+01  3.7387e+01  1.0000e+00
 4.1520e-01  5.0681e-01 -3.4259e-01 -1.2046e+01  7.1303e-01  2.8491e+00  1.2399e+01  1.0000e+00
 3.6607e+00 -1.6898e-01 -9.5430e-01  4.3434e+01 -8.0536e-01 -9.1803e+00  4.4401e+01  1.0000e+00
-5.2766e-02  1.0931e-01 -1.2867e-02 -3.1029e+00 -3.1551e+01  2.6586e+01  4.1375e+01  1.0000e+00
 1.1761e+00 -7.8348e-02  3.2077e+00  1.5691e+01 -2.1497e+00  4.0491e+01  4.3478e+01  1.0000e+00
-1.0101e+00  1.0259e-01  2.6416e-01  5.4610e+00  2.3542e+00  4.2356e+00  7.3011e+00  1.0000e+00
 7.8671e-01  2.4090e-01  9.1191e-01 -5.9485e+00 -6.6306e+00  9.4542e+00  1.2990e+01  1.0000e+00
-1.6928e+00  2.8704e-01  2.5358e+00 -1.7526e+01  2.8769e+00  2.8839e+01  3.3869e+01  1.0000e+00
 4.8191e-01  2.4730e+00  3.1722e-01 -4.0906e+00  1.7182e+01 -3.0809e+00  1.7929e+01  1.0000e+00
-1.3866e-01  1.6902e-01 -2.2905e-02 -4.6067e+00 -2.8257e+00  4.8394e+00  7.2544e+00  1.0000e+00
 7.2298e-01  6.7554e+00  4.8047e+00  3.1797e-01  6.4000e+01  4.0832e+01  7.5917e+01  1.0000e+00
-1.2834e+00  1.2473e+00 -9.1937e-01 -1.4096e+01  1.1994e+01 -5.1123e+00  1.9201e+01  1.0000e+00
-1.5626e-01 -2.6509e-01 -9.2787e-02  8.5986e+00  9.3851e+00 -8.8585e-01  1.2759e+01  1.0000e+00
-2.8006e-01 -1.4716e-01 -6.1721e-01  3.6787e+00  1.2874e+01  1.4657e+01  1.9852e+01  1.0000e+00
-2.5626e-01 -1.7794e-01  2.3188e-01 -1.1243e+00 -8.1046e+00  1.8450e+01  2.0183e+01  1.0000e+00
-1.3555e-02  1.3056e-01  1.6569e-01 -6.2076e+00  1.4417e+01  4.5296e-01  1.5703e+01  1.0000e+00
-1.6860e-01  1.7298e-01  2.0576e-01  9.4291e+00  1.6811e+01  2.5813e+01  3.2215e+01  1.0000e+00
-1.3449e+00 -1.5349e-01  1.3973e+00 -8.8503e+00 -6.8297e-01  1.3344e+01  1.6027e+01  1.0000e+00
-6.5985e-02  3.1068e-01  8.4249e-02 -1.3169e+01 -2.2183e+01  1.5823e+01  3.0264e+01  1.0000e+00
-1.2560e-01  1.9898e-01  8.6085e-02 -2.1983e+01  1.0348e+01 -2.0757e+01  3.1956e+01  1.0000e+00
-2.0238e-01  2.5797e-01  1.9594e-01 -1.4221e+01  3.3565e+01 -9.3551e+00  3.7635e+01  1.0000e+00
-1.1955e-01  5.6015e-02 -1.5202e-02  1.1777e+01 -3.4094e+00 -6.2455e+00  1.3759e+01  1.0000e+00
 1.6331e-02  9.4584e-02 -3.6519e-02 -2.0555e+01 -1.2522e+01 -5.9076e+00  2.4784e+01  1.0000e+00
-2.1556e-01  2.0916e-01 -4.4702e-02 -9.8661e+00  4.0167e+01  6.1627e+00  4.1817e+01  1.0000e+00
 1.3492e+00 -2.4591e+00 -1.1064e+00  1.4382e+01 -2.4843e+01 -1.2579e+01  3.1341e+01  1.0000e+00
 5.4906e-01  5.5000e-01  9.8957e-03  8.5593e+00  5.1324e+00 -2.1359e+00  1.0206e+01  1.0000e+00
 1.5783e+00  2.6988e-01 -4.4237e+00  1.8504e+01  5.4803e+00 -3.9738e+01  4.4177e+01  1.0000e+00
-3.4474e-01  1.7960e+00 -1.5074e+00 -3.1628e+00  1.8901e+01 -1.2124e+01  2.2677e+01  1.0000e+00
-3.0833e+00 -1.2380e+00  7.3820e-01 -3.7965e+01 -1.3213e+01  9.1393e+00  4.1225e+01  1.0000e+00
 3.7372e+00 -3.8573e-01 -1.6051e+00  4.6827e+01 -4.4591e+00 -1.9204e+01  5.0808e+01  1.0000e+00
 1.4445e+00 -7.7919e+00  4.7628e+00  1.7668e+01 -9.8039e+01  6.0941e+01  1.1678e+02  1.0000e+00
-9.2179e-02  1.5341e-01  4.9537e-02  1.5447e+01  2.2632e+01  7.5880e+00  2.8432e+01  1.0000e+00
-1.1309e-01  2.9130e-01  1.6337e-01  8.4613e+00  4.4498e+00  1.7384e+01  1.9840e+01  1.0000e+00
-1.0155e-01  1.5281e-01  1.2783e-01  1.5179e+00 -1.5263e+00  1.3528e+00  2.5424e+00  1.0000e+00
-4.4106e-01  8.0110e-01 -5.5328e-01 -3.0511e+00 -7.9326e-01  6.4412e+00  7.1713e+00  1.0000e+00
-2.0964e+00 -1.3777e+00 -1.0254e+00 -2.3421e+01 -1.1365e+01 -1.2504e+01  2.8880e+01  1.0000e+00
-4.0617e-01 -1.7611e-01 -2.1122e-01 -4.4752e+00 -7.0628e+00  6.3405e-01  8.3853e+00  1.0000e+00
 1.4268e-01  3.2888e-01  3.2747e-01 -5.5200e+00  5.2663e+00  2.0833e+01  2.2186e+01  1.0000e+00
-1.2151e-02  1.9101e-01  7.7796e-02 -6.2635e+00  2.6942e+01 -1.9328e+01  3.3745e+01  1.0000e+00
 2.5411e-01  4.2391e-02  1.5998e-02 -1.1354e+00 -2.2313e+00  1.3500e+01  1.3730e+01  1.0000e+00
 7.6559e-01 -1.1900e+00 -1.3574e+00  7.8996e+00 -1.0188e+01 -1.0455e+01  1.6598e+01  1.0000e+00
 1.0411e-01  3.4250e-01  1.8020e-01 -8.0955e+00  1.4607e+01  1.9702e+01  2.5828e+01  1.0000e+00
 5.5581e-03  1.8089e-01  5.5085e-03  9.2719e+00  1.6878e+01 -2.0549e+01  2.8162e+01  1.0000e+00
 1.4783e+00 -1.6526e+00 -2.2348e+00  1.5776e+01 -1.8504e+01 -2.3470e+01  3.3796e+01  1.0000e+00
-1.9367e-01  1.5523e-01  5.3335e-02 -4.5518e+01 -1.2900e+01 -2.2948e+01  5.2582e+01  1.0000e+00
-5.0334e-02  2.0730e-01 -2.3646e-02  2.6986e+01  6.5873e+00 -3.8301e-01  2.7781e+01  1.0000e+00
-3.0025e-01 -1.6206e-01 -1.0918e-01 -8.6185e+00 -8.4200e-01  3.0755e+00  9.1895e+00  1.0000e+00
-1.5068e-01 -5.5539e-01  1.5781e-01  3.2697e+00  1.0012e+01 -1.6388e+01  1.9481e+01  1.0000e+00
-8.2939e-02  2.9404e-01  8.5588e-02  7.7208e+00  1.0208e+01 -2.1647e+01  2.5147e+01  1.0000e+00
-2.3763e-01  1.0291e-01  8.2063e-02  3.6664e+00 -5.9456e+00 -2.5137e+01  2.6090e+01  1.0000e+00
 9.5103e-01 -9.5420e-01 -3.4510e-01  4.6717e+00 -3.8739e+00  9.8219e-01  6.1479e+00  1.0000e+00
-1.9549e-01  1.3180e-01 -8.9353e-03 -8.0688e-02  1.1889e+01 -1.1797e+01  1.6749e+01  1.0000e+00
-2.5677e-01  8.1541e-02 -4.5030e-02  1.0311e+00 -1.1226e+01  2.3294e+01  2.5878e+01  1.0000e+00
 2.2523e+00  1.3152e+00 -3.7881e-01  2.2074e+01  1.5851e+01 -1.9172e+00  2.7243e+01  1.0000e+00
-1.2167e-01  1.7035e-01  1.1671e-02  2.6987e+01  3.9469e+01  8.7556e+00  4.8608e+01  1.0000e+00
 2.4765e-01  1.2877e-01  2.3050e-01 -3.8918e+00  1.7197e+01  8.0893e+00  1.9399e+01  1.0000e+00
-1.6973e-01  1.3462e-01  1.1145e-01 -9.7206e+00  1.2229e+01  4.1776e-01  1.5627e+01  1.0000e+00
 4.8711e-02  2.1896e+00  2.5892e-01  4.8899e+00  2.3619e+01  1.9048e-01  2.4121e+01  1.0000e+00
-4.7342e+01  5.8295e+01 -3.8320e+01 -3.7964e+02  4.7214e+02 -3.1702e+02  6.8377e+02  1.0000e+00
-3.1042e-01  1.1799e+00  3.5637e-01 -1.4718e+01  6.7238e+00 -6.0576e-01  1.6193e+01  1.0000e+00
-5.9499e-02  2.1031e-01 -5.9578e-02 -6.7012e+00  1.6821e+01 -1.3503e+01  2.2587e+01  1.0000e+00
-8.8206e-01  9.3189e-01 -1.7457e-01 -7.9627e+00  1.0257e+01 -1.7427e+00  1.3101e+01  1.0000e+00
-8.0103e-02  1.2728e-01  3.2773e-01 -4.6498e+00 -9.4872e+00  1.1589e+01  1.5682e+01  1.0000e+00
-2.7767e-01  4.2532e-04 -1.4620e-01 -2.7739e+01 -6.2535e+00  3.5317e+00  2.8653e+01  1.0000e+00
 1.3407e+00 -2.0283e+00 -2.0248e+00  1.6217e+01 -2.2056e+01 -1.9259e+01  3.3472e+01  1.0000e+00
 6.1015e-02  2.1389e-01 -2.0010e-01  6.7204e+00 -9.7947e+00 -1.0134e+01  1.5614e+01  1.0000e+00
 9.5883e-01  2.7773e-01  3.5211e-01 -7.6118e-01  3.7511e+00 -3.2934e+00  5.0494e+00  1.0000e+00
-2.2588e-01  1.0667e-01  1.3492e-02 -3.3400e+01 -8.3694e+00  1.0825e+01  3.6094e+01  1.0000e+00
-2.7656e+00 -2.3582e-02  2.2357e+00 -3.2633e+01  2.3208e+00  2.8166e+01  4.3170e+01  1.0000e+00
-6.8673e-02  5.5317e-02 -1.6253e-02  3.7276e+01 -1.6565e+01  1.9530e+01  4.5225e+01  1.0000e+00
 8.9858e-03  7.5954e-02  4.8301e-02  2.1340e+01  1.4642e+01 -4.9677e+00  2.6352e+01  1.0000e+00
-1.8702e+00  1.5742e+00 -2.9818e+00 -2.1872e+01  2.0084e+01 -3.5338e+01  4.6158e+01  1.0000e+00
 3.1476e+00 -2.2395e+00  8.1772e-01  3.6880e+01 -2.4928e+01  1.0347e+01  4.5702e+01  1.0000e+00
 1.9439e+00 -1.1698e+00  1.9821e+00  2.0276e+01 -1.2595e+01  2.2791e+01  3.3003e+01  1.0000e+00
-1.7077e-01  2.5228e-01  1.4558e-01  1.4047e+01  8.9268e+00 -9.9372e-01  1.6673e+01  1.0000e+00
-5.6810e-02  2.5101e-01  2.7925e-02  1.0542e+01 -1.6400e+01  7.6436e+00  2.0941e+01  1.0000e+00
 2.2380e-01  3.0877e-01 -3.4246e-01 -4.5808e+00 -1.3526e-01  6.3826e+00  7.8574e+00  1.0000e+00
-1.7841e+00  6.2570e-01  8.2743e-01 -1.9739e+01  2.4012e+00  6.3866e+00  2.0885e+01  1.0000e+00
 2.7758e-02  1.0595e-01 -9.3513e-02 -1.5127e+01 -2.6951e+00 -5.5136e+00  1.6325e+01  1.0000e+00
 8.3022e-01 -5.6667e-01 -6.1004e-02  1.8873e+00  1.7960e+00  5.1708e+00  5.7901e+00  1.0000e+00
-3.6987e-02 -4.5288e-02  8.0823e-02 -2.4190e+01  2.1887e+01 -8.1084e-01  3.2632e+01  1.0000e+00
-1.0722e-01  1.0960e-01  1.0807e-01 -3.3040e+01  6.6744e+00  8.4801e+00  3.4758e+01  1.0000e+00
-1.5348e+00  9.0096e-01 -1.2571e+00 -1.6453e+01  1.6213e+01 -1.4113e+01  2.7069e+01  1.0000e+00
 2.1143e-01  2.0771e-02  1.3113e-01 -1.1747e+00  2.5359e+01  7.2681e+00  2.6406e+01  1.0000e+00
-1.0100e+00  6.7286e-01 -2.6265e+00 -1.1624e+01  7.3486e+00 -2.8387e+01  3.1542e+01  1.0000e+00
 5.6675e-01  2.1137e+00  1.3365e+00 -5.5183e+00  1.9973e+01  8.1541e+00  2.2268e+01  1.0000e+00
-2.7931e+00 -8.4965e-01 -1.0910e+00 -3.6409e+01 -7.4562e+00 -1.0105e+01  3.8514e+01  1.0000e+00
-9.3489e-01 -6.9467e-01  2.3360e-01  5.3874e-01 -8.1669e+00  2.0350e+00  8.4338e+00  1.0000e+00
-9.4483e-01  1.8506e-01  9.1463e-01  1.0079e+00  2.7266e+00  5.0356e+00  5.8144e+00  1.0000e+00
-3.0904e-01  1.8910e-01 -6.4055e-02  8.9629e+00  3.3482e+00 -1.6837e+01  1.9366e+01  1.0000e+00
 1.8003e-01  1.0159e-01  1.7835e-01  2.0916e+01  8.7520e+00  2.1721e+01  3.1399e+01  1.0000e+00
 1.2539e-01  5.6537e-01 -1.1222e-01 -2.4852e-01 -6.5354e+00 -7.8319e+00  1.0204e+01  1.0000e+00
-3.3849e-01  2.1681e-01  1.6141e-01 -1.5920e+01 -1.4124e+01  1.1425e+01  2.4155e+01  1.0000e+00
 3.9001e-02  8.5466e-01  4.2492e-01  3.3839e+00  8.1364e+00 -1.6632e-01  8.8136e+00  1.0000e+00
 1.1934e+00 -6.0262e-01  1.8327e+00  6.2928e+00 -5.7648e+00  1.0266e+00  8.5957e+00  1.0000e+00
-2.4721e-01  2.1289e-01  7.6030e-02 -5.2083e+00 -2.2684e+01 -3.6511e+00  2.3559e+01  1.0000e+00
-1.2332e-01  1.8228e-01  2.0102e-01 -1.0786e+01 -1.0381e+01 -2.0483e+01  2.5370e+01  1.0000e+00
-4.5776e+00  6.0575e+00 -3.8321e+00 -4.2345e+01  4.4699e+01 -2.6939e+01  6.7207e+01  1.0000e+00
-3.7535e-01  9.8639e-01  1.0078e+00 -3.7582e-01  3.3446e+00  5.6172e+00  6.5483e+00  1.0000e+00
 1.0789e+00 -3.8769e-01 -1.9067e-01  1.5866e+01  6.3531e+00 -5.2507e+00  1.7879e+01  1.0000e+00
-2.3692e-01  1.5522e-01  4.3204e-02  2.7028e+01  1.1487e+01 -1.9146e+01  3.5058e+01  1.0000e+00
-4.1796e-02  2.4151e-01  3.3075e-02  2.2552e+00  9.4309e-01  1.5936e+00  2.9180e+00  1.0000e+00
-1.1562e-01 -2.5441e+00 -1.1973e+00 -8.8464e-01 -2.5333e+01 -1.3769e+01  2.8847e+01  1.0000e+00
 9.7147e-02  3.2168e-01  6.8974e-01  6.4902e+00  9.7820e+00 -2.6259e+00  1.2029e+01  1.0000e+00
 1.3402e+00 -2.0925e+00 -1.9466e+00  1.3625e+01 -2.2205e+01 -2.2520e+01  3.4436e+01  1.0000e+00
-2.1049e-01  3.2277e-01  3.0219e-02 -1.2601e+01  1.4787e+01 -2.5996e+01  3.2453e+01  1.0000e+00
-8.9089e-02  1.9872e-01  1.5871e-01  1.9114e+01  1.7008e+01 -8.8077e+00  2.7059e+01  1.0000e+00
-3.8048e-01  1.7628e+00  1.0330e+00  2.3934e+00  2.0263e+01  8.5280e+00  2.2114e+01  1.0000e+00
 6.3929e-01 -1.4470e+00  2.3117e+00  7.0026e+00 -1.5963e+01  2.4023e+01  2.9681e+01  1.0000e+00
-9.0047e-02  2.7808e-01  4.6409e-02 -7.6592e+00 -3.2823e+01 -2.4835e+01  4.1867e+01  1.0000e+00
-1.4838e-01  1.8689e-01  7.4162e-02 -1.6881e+01  2.2955e+01 -2.8801e+01  4.0514e+01  1.0000e+00
-1.1438e-01  6.4786e-02  7.9724e-02  1.5611e+01 -1.6089e+01 -8.3599e+00  2.3926e+01  1.0000e+00
-3.6394e-01  4.1824e-01 -8.5887e-02 -6.6899e+00  8.6477e-01 -5.6997e+00  8.8311e+00  1.0000e+00
-1.7996e+00 -7.3737e-01  1.4511e+00 -1.9911e+01 -6.1387e+00  1.2389e+01  2.4240e+01  1.0000e+00
-2.3406e-01  2.7866e-01  1.7129e-01  1.4883e+01 -3.5800e+00 -1.1032e+01  1.8869e+01  1.0000e+00
-2.4349e-01  1.8357e-01 -1.1757e-02 -9.6459e+00  1.3885e+01 -4.1146e+00  1.7400e+01  1.0000e+00
 2.2552e+00 -3.0896e+00 -2.0436e-01  2.8257e+01 -3.6009e+01 -2.8735e+00  4.5862e+01  1.0000e+00
-1.0603e-01  1.1035e-01  6.7062e-02  1.5462e+01 -4.2179e+01  3.6195e+00  4.5069e+01  1.0000e+00
-1.6921e+00 -3.5375e-01  1.4682e+00 -6.7359e+00  3.8109e+00  2.1140e+00  8.0227e+00  1.0000e+00
-8.8682e-02  2.4829e-01  1.6287e-01  1.9100e+01  8.6711e+00 -8.0047e+00  2.2452e+01  1.0000e+00
-6.1740e-02 -1.4495e-01 -1.8153e-01  7.2617e+00  1.2449e+01  3.3415e-01  1.4416e+01  1.0000e+00
 1.3750e+00 -6.0882e-01  3.8295e-01  7.7215e+00 -4.9088e+00  4.8319e-01  9.1625e+00  1.0000e+00
-3.1044e-01 -1.3159e-02  1.8637e-01 -7.4990e-01 -2.2364e+00 -1.1264e+01  1.1509e+01  1.0000e+00
-4.5798e-01  1.7489e-01 -1.9687e-01 -4.3022e+00  7.7051e+00 -1.7708e+01  1.9785e+01  1.0000e+00
 3.1550e-02  1.2488e-01  5.5815e-01  5.2317e+00  3.0491e+00 -3.3433e+00  6.9170e+00  1.0000e+00
-2.0075e-01  1.4178e-01  1.8868e-01  1.3759e+01  1.3852e+01 -8.0791e+00  2.1129e+01  1.0000e+00
-1.3807e-01  6.9041e-02  2.3278e-02 -2.0666e+00  1.8028e+01  1.6065e+01  2.4235e+01  1.0000e+00
-2.1528e-01  1.1585e-01  1.2849e-01  1.8086e+01  2.1776e+01 -2.8511e+00  2.8450e+01  1.0000e+00
-4.6662e-02  1.8415e-01 -2.7835e-02 -9.8279e+00  3.6560e+01  2.0855e+01  4.3222e+01  1.0000e+00
-6.8238e-02  6.8545e-03  8.7840e-02  1.3192e+01 -2.4193e+01 -5.1547e+00  2.8035e+01  1.0000e+00
-3.7073e-02  1.1011e-01  1.9400e-02  9.5795e+00 -1.8380e+01 -3.2758e+01  3.8764e+01  1.0000e+00
-7.1769e-02  2.7909e-01 -4.5968e-03  7.6676e+00 -2.4753e+01 -2.6906e+00  2.6053e+01  1.0000e+00
-6.4328e-02 -2.5074e-02  1.0944e-01  8.5604e+00 -1.6510e+01  3.5889e+00  1.8940e+01  1.0000e+00
 3.9405e-02  3.3651e-01  4.5562e-01 -9.2878e+00  1.8959e+00  1.3489e+01  1.6486e+01  1.0000e+00
-2.6214e-02  6.5257e-01 -5.8125e-01 -1.4913e+01  2.0342e+00  9.4004e+00  1.7746e+01  1.0000e+00
-2.2718e-01  3.4108e-01  2.9878e-01 -1.1905e+01  1.2508e+01  7.2215e+00  1.8717e+01  1.0000e+00
-1.1580e-01  3.7730e-01  1.3306e-01  2.3082e+01  7.1978e+00  2.6764e+01  3.6068e+01  1.0000e+00
-1.4231e-02  3.1360e-01 -3.7368e-02 -1.0340e+01 -1.4771e+01 -5.1171e+00  1.8742e+01  1.0000e+00
-3.5167e-02  3.6446e-01  2.3078e-01  1.4256e+01  3.8803e+01  4.5434e+00  4.1588e+01  1.0000e+00
-1.9553e-01  1.4446e-01  4.1420e-01  1.2597e+01 -7.6541e+00 -4.7485e+00  1.5486e+01  1.0000e+00
-8.1221e-01  1.2469e+00  3.2985e+00 -5.1054e+00  8.4046e+00  1.9869e+01  2.2169e+01  1.0000e+00
 1.8924e+00  3.2970e-01  1.7553e-01  1.5151e+01  5.2722e+00  3.1463e+00  1.6348e+01  1.0000e+00
 1.7205e+00 -7.9285e-01 -1.5227e+00  1.7102e+01 -9.8705e+00 -1.4780e+01  2.4665e+01  1.0000e+00
-6.7389e-02  2.7525e-01 -1.1281e-01  1.4133e+00  3.8297e+00 -9.1251e+00  9.9966e+00  1.0000e+00
 1.7861e+00 -1.9615e+00 -2.9528e+00  2.2409e+01 -2.2440e+01 -3.3460e+01  4.6101e+01  1.0000e+00
-1.5248e-01  9.9216e-02  2.1128e-02  1.8989e+00 -1.9301e+01  2.3868e+00  1.9541e+01  1.0000e+00
-2.1464e-01  1.4051e-01  1.7610e-01  4.1376e+00 -1.2372e+01  1.1747e+01  1.7555e+01  1.0000e+00
-3.3268e-02  1.4297e-01 -1.3594e-01 -1.3033e+01  3.5887e+00 -1.9165e+01  2.3453e+01  1.0000e+00
-1.8850e-01  9.8018e-02  4.5657e-02  2.2255e+01  1.5546e+01  1.8082e+01  3.2618e+01  1.0000e+00
 1.9946e-01  3.9316e-01  5.3559e-01  1.6597e+00  5.8164e+00  4.0033e+00  7.2533e+00  1.0000e+00
 5.6259e-01  6.4678e-01  7.2577e-01 -5.7881e+00  1.9510e+00  7.2112e+00  9.4504e+00  1.0000e+00
-1.4267e-01  1.7783e-01  1.4186e-02 -3.1072e+01 -5.2998e+00 -2.5127e+01  4.0310e+01  1.0000e+00
-1.9926e-01  1.6331e-01 -1.1229e-01  3.1245e+00  8.3990e+00 -3.9496e+01  4.0500e+01  1.0000e+00
 2.6922e-01 -5.0011e-01  1.7131e-01  5.0213e+00 -9.3265e-01 -2.8712e+00  5.8589e+00  1.0000e+00
-1.5780e-01  7.5842e-02  4.0420e-03 -3.4114e+01 -3.6503e+00  1.0958e+01  3.6016e+01  1.0000e+00
-8.0474e-01  8.1486e-01  2.4191e+00 -5.9015e+00  8.5929e+00  2.6165e+01  2.8165e+01  1.0000e+00
-4.9492e-01 -5.3457e-01  7.8913e-01  8.5248e+00  1.0528e+01  5.5664e+00  1.4646e+01  1.0000e+00
-1.7897e-01  1.7151e-01  8.6313e-02 -2.9901e+01  3.3607e+01  5.2413e+00  4.5287e+01  1.0000e+00
-1.8629e-01  1.2680e-01  2.3753e-01  4.5164e+00 -2.1927e+00 -1.8964e+01  1.9617e+01  1.0000e+00
-1.1428e+00  8.5461e-01  1.0653e+00 -3.8686e+00  1.0352e+01  1.0116e+01  1.4982e+01  1.0000e+00
 1.7945e+00 -4.4403e+00  7.2708e+00  1.5716e+01 -3.9674e+01  7.1360e+01  8.3146e+01  1.0000e+00
 2.7568e+00  5.4330e-01  2.4869e+00  3.2614e+01  6.3181e+00  3.0788e+01  4.5294e+01  1.0000e+00
 9.2196e-01 -8.8349e-01 -4.9458e-01  7.8633e+00 -2.0870e+00 -2.5619e+00  8.5294e+00  1.0000e+00
-1.3395e-01  1.6875e-02  1.0191e-01 -3.1464e+01 -8.6102e+00  6.2197e+00  3.3208e+01  1.0000e+00
-4.3638e-01  5.0721e-01 -3.5073e-01 -6.7393e+00  1.0033e+01  2.6532e+00  1.2374e+01  1.0000e+00
-7.4038e-01  3.3414e-01  2.9840e+00 -8.8724e+00  5.8518e+00  3.5094e+01  3.6668e+01  1.0000e+00
-2.1877e+00 -1.1390e+00 -2.3572e+00 -2.2657e+01 -3.3289e+00 -2.1325e+01  3.1291e+01  1.0000e+00
 6.2441e-01  1.1598e+00 -8.8281e-01  1.1223e+00  9.7710e+00 -4.6978e+00  1.0900e+01  1.0000e+00
-9.7762e-02  1.9640e-01 -2.8048e-02 -1.7878e+01  5.2279e+00 -3.2874e+01  3.7784e+01  1.0000e+00
-3.5548e-01  2.8737e-01 -1.2277e-04  1.0906e+01 -2.5149e+01  1.6585e+01  3.2039e+01  1.0000e+00
-1.0819e-01  1.5109e-01  1.4810e-01 -8.2003e+00 -8.7944e+00 -1.7588e+01  2.1305e+01  1.0000e+00
 3.5643e-01  1.3601e+00  5.7225e-01  3.3073e+00  8.2136e+00  3.3071e+00  9.4519e+00  1.0000e+00
-1.6706e-01  1.7643e-01 -3.3560e-02  5.3582e+00  1.4283e+01 -1.4923e+01  2.1340e+01  1.0000e+00
-5.1430e-02  7.2515e-02  8.0927e-02 -6.6489e+00  2.1499e+01  1.5838e+01  2.7518e+01  1.0000e+00
-1.0837e+00  3.2106e+00 -4.8484e-01 -1.1753e+01  3.7458e+01 -4.6295e+00  3.9531e+01  1.0000e+00
 7.1874e-01 -5.3932e-01 -7.7022e-02  1.7783e+01  1.4608e-01  1.4451e+01  2.2915e+01  1.0000e+00
-2.2967e+00 -3.8065e-01 -5.0571e-01 -2.3563e+01 -3.0288e-01 -6.2623e+00  2.4383e+01  1.0000e+00
 8.7069e-01  7.6543e-02  1.1152e+00  8.1035e-01  4.1607e+00  7.5848e+00  8.6889e+00  1.0000e+00
-2.0602e+00 -8.0558e-01  1.1784e+00 -1.8734e+01 -8.8063e+00  1.2670e+01  2.4270e+01  1.0000e+00
-8.6411e-02  1.4607e-01  2.2357e-02 -3.1932e+01  1.8782e+01 -1.1698e+01  3.8849e+01  1.0000e+00
 3.6889e+00  1.2487e+00  3.3663e-01  4.3184e+01  1.5605e+01  3.6506e+00  4.6062e+01  1.0000e+00
 1.3677e+00  2.1415e+00  4.1232e-02  1.7249e+01  2.3683e+01  3.2557e+00  2.9479e+01  1.0000e+00
-2.7886e+00 -1.8504e+00 -1.0889e+00 -3.4262e+01 -2.0790e+01 -1.3968e+01  4.2441e+01  1.0000e+00
 6.2977e-01 -4.3397e-02 -5.9127e-01  1.5075e+00 -1.2475e+01 -1.0583e+01  1.6428e+01  1.0000e+00
-2.9030e+00 -2.5767e-01 -7.2584e-01 -3.4274e+01 -2.7899e-01 -9.0196e+00  3.5442e+01  1.0000e+00
-2.9937e-01  2.1618e-01 -1.3279e-01 -3.0010e+01  2.1544e+01 -3.4254e+00  3.7100e+01  1.0000e+00
 5.1251e-01  1.1212e+00 -9.7524e-01  1.6168e+00  1.0296e+01 -2.5005e+00  1.0717e+01  1.0000e+00
-7.4187e-01  2.4643e+00 -1.2246e+00 -7.6315e+00  2.7329e+01 -1.0327e+01  3.0195e+01  1.0000e+00
-7.9875e-02  1.3206e-01  8.1937e-02  4.8960e+00 -3.1810e+01  2.6265e+01  4.1542e+01  1.0000e+00
-1.9809e-01  6.3390e-02  4.4560e-02  1.4416e+01  4.2193e+01  3.5417e+00  4.4728e+01  1.0000e+00
-7.4876e-01 -4.3264e-01 -1.0995e+00 -5.6802e+00 -1.4176e+00 -1.4072e+01  1.5241e+01  1.0000e+00
-5.3468e-01  1.5843e-02  2.7793e-01  1.4835e+00 -4.6702e-01 -9.3075e+00  9.4366e+00  1.0000e+00
 4.8930e-01 -7.5343e-01 -1.4490e+00  1.1266e+01 -9.6310e+00 -3.6177e+00  1.5257e+01  1.0000e+00
-4.5301e-01 -2.3377e-01  5.1803e-01  8.2456e+00  7.8702e+00 -6.1146e+00  1.2935e+01  1.0000e+00
 8.6347e-02 -5.4801e-02 -5.0912e-01 -3.6391e+00 -9.1944e+00 -7.1139e+00  1.2181e+01  1.0000e+00
-1.9561e+00 -9.2500e-01 -3.2852e+00 -2.5824e+01 -1.3080e+01 -4.5579e+01  5.3995e+01  1.0000e+00
-3.7446e+00 -1.4423e+00 -8.9916e-02 -4.5898e+01 -1.5021e+01 -1.4643e+00  4.8316e+01  1.0000e+00
 3.0953e-01 -1.1842e+00 -1.0322e+00  6.4000e+00 -9.0484e+00 -1.1994e+01  1.6331e+01  1.0000e+00
 3.9248e+00  4.9550e-01 -3.2834e-01  4.6220e+01  8.2566e+00 -5.0201e+00  4.7219e+01  1.0000e+00
-1.4174e-01  1.6104e-01  7.4560e-02  3.5724e+01  3.2892e+01 -4.3238e+00  4.8752e+01  1.0000e+00
-2.1380e-01  2.6105e-01 -5.2131e-02  3.3218e+01 -1.5247e+01 -2.5432e+00  3.6638e+01  1.0000e+00
-1.4619e-01  6.7216e-02  3.5027e-01  4.6673e+00  9.6151e+00  2.4024e+01  2.6294e+01  1.0000e+00
-3.4836e-01 -2.3555e-01  2.4748e-01  1.5353e+01  1.2383e+01 -4.4808e+00  2.0227e+01  1.0000e+00
 2.7827e-02 -5.0397e-03  1.2014e-01  1.4882e+01  4.2584e+00 -9.3908e+00  1.8105e+01  1.0000e+00
-1.3522e-01  1.3192e-01  3.9603e-02 -3.0270e+01  1.4398e+01  1.7110e+01  3.7634e+01  1.0000e+00
-1.8586e-01  1.7746e-01 -1.4275e-02 -4.3579e-01 -1.0872e+01 -3.2540e+01  3.4311e+01  1.0000e+00
-1.9152e+00  1.7194e+00 -4.8646e-01 -2.0443e+01  1.7212e+01 -3.0241e+00  2.6895e+01  1.0000e+00
-7.8788e-02  1.7334e-01  3.2176e-02  1.1867e+01  2.5683e+01 -1.1932e+01  3.0705e+01  1.0000e+00
-2.2872e+00 -5.9787e-01  1.0046e-01 -2.1392e+01 -6.9212e+00 -2.2443e-01  2.2485e+01  1.0000e+00
-1.5682e-01  2.9788e-01 -1.0455e-01  3.0765e+00 -2.8302e+01 -8.5236e+00  2.9717e+01  1.0000e+00
-1.4316e-03 -1.0442e-01 -4.3861e-02 -9.7741e+00  2.6849e-01 -7.0274e-01  9.8030e+00  1.0000e+00
-9.2693e-02  6.9711e-02  1.7940e-01 -9.3018e+00 -2.3237e+00  1.9135e+01  2.1403e+01  1.0000e+00
-1.1519e-01  2.2232e-01  1.2545e-02 -8.3554e+00  1.9529e+01  9.7983e+00  2.3393e+01  1.0000e+00
 1.2438e+00 -3.2123e+00 -1.5366e+00  1.4830e+01 -3.6574e+01 -1.7533e+01  4.3185e+01  1.0000e+00
-2.7837e+00 -6.5898e-01  2.5084e+00 -3.3280e+01 -5.8879e+00  3.0035e+01  4.5215e+01  1.0000e+00
-1.8377e-01 -2.5852e-01 -3.5084e-02 -1.5508e+01  2.0451e+01 -4.7295e+00  2.6099e+01  1.0000e+00
-6.7589e-01 -7.0840e-01 -1.5858e+00 -6.7254e+00 -4.8016e+00 -1.1384e+01  1.4067e+01  1.0000e+00
 1.4687e+00 -7.2116e-01  1.8298e-01  8.5836e+00 -6.8701e+00  7.9137e-01  1.1023e+01  1.0000e+00
-2.2981e-01  1.5584e-01  5.5407e-02 -1.6777e+00  1.6857e+01 -5.7795e+00  1.7899e+01  1.0000e+00
-3.2500e-01 -2.4584e+00 -1.6689e+00 -4.1254e+00 -2.9940e+01 -2.0983e+01  3.6793e+01  1.0000e+00
-7.2579e-01  1.3500e+00 -1.3818e+00 -6.9546e+00  1.1860e+01 -1.0356e+01  1.7212e+01  1.0000e+00
-5.2774e-01  5.4830e-01 -5.2240e-01  6.6189e-01 -3.1475e+00  6.7751e+00  7.4998e+00  1.0000e+00
 1.2752e+00  5.2892e-01  3.6430e-02  3.7001e+00  4.6478e+00 -6.5111e-01  5.9764e+00  1.0000e+00
-1.0245e-01  2.4597e-01  1.7626e-02  1.2601e+01 -7.9373e+00  6.4062e+00  1.6212e+01  1.0000e+00
-6.6895e-01  2.6849e+00 -1.2068e+00 -5.6312e+00  2.9387e+01 -1.2273e+01  3.2341e+01  1.0000e+00
 1.4085e+00  1.7961e-02 -4.3245e-01  7.5891e+00  3.4062e+00 -3.2120e+00  8.9170e+00  1.0000e+00
-4.0714e-01  2.8699e-01  4.4825e+00  1.7688e+00  5.4179e+00  3.1052e+01  3.1570e+01  1.0000e+00
-1.2527e-01 -1.3789e+00 -2.2465e-01 -1.8544e+00 -6.3661e+00  6.1220e-01  6.6589e+00  1.0000e+00
-1.2022e-01  1.6892e-01 -1.1420e-01 -1.4459e+00  7.5181e+00 -2.1721e+01  2.3030e+01  1.0000e+00
-1.9933e-01  6.9094e-02  6.6915e-02 -6.6255e+00 -1.8130e+01  1.4682e+01  2.4252e+01  1.0000e+00
-2.2692e-01  6.7037e-02  2.5955e-01 -1.1455e+01  1.7898e+01 -1.2643e+01  2.4727e+01  1.0000e+00
 8.7638e-01  1.9550e+00  1.1954e+00  1.1703e+01  2.3323e+01  1.2466e+01  2.8920e+01  1.0000e+00
-8.5869e-02  3.3193e-01 -7.1438e-02  7.1460e+00  2.5388e+01 -1.6197e+01  3.0951e+01  1.0000e+00
-9.4762e-02  3.0195e-01  1.4515e-01  1.3626e+00  1.2293e+01 -1.1896e+01  1.7161e+01  1.0000e+00
-1.6537e-01  2.0701e-01  3.6102e-01 -1.8402e+00 -1.1298e+01  1.2848e+00  1.1519e+01  1.0000e+00
-2.2536e-01  7.4868e-02  2.8841e-02 -2.9765e+01  8.7725e+00 -1.8911e+01  3.6340e+01  1.0000e+00
-1.5826e-01  8.4522e-03  1.3180e-01  1.9455e+01 -2.4891e+00  4.0343e+00  2.0024e+01  1.0000e+00
-1.6883e-01  2.5648e-01  2.1439e-02  1.6769e+00 -7.7902e+00  2.8698e+01  2.9784e+01  1.0000e+00
 1.8484e+00 -1.4386e+00 -3.8662e-01  1.8340e+01 -1.3423e+01 -2.0676e+00  2.2821e+01  1.0000e+00
-1.6972e-01  1.8601e-01  9.8308e-03 -1.2600e+01 -6.6782e+00 -1.4120e+01  2.0068e+01  1.0000e+00
 4.1401e+00 -6.2095e+00  3.8259e+00  2.5559e+01 -5.0904e+01  3.2788e+01  6.5723e+01  1.0000e+00
 1.6735e-01 -1.9155e-01 -1.7589e+00  6.4339e-01 -8.1411e+00 -2.4999e+00  8.5405e+00  1.0000e+00
 3.3717e-01 -1.3655e+00 -3.7824e+00  2.8754e+00 -1.5345e+01 -4.3976e+01  4.6665e+01  1.0000e+00
-7.7031e-01 -1.5590e+00 -2.6137e+00 -1.2584e+01 -1.7748e+01 -3.0588e+01  3.7536e+01  1.0000e+00
-2.5221e-01 -2.7977e+00  3.1146e-01 -2.5039e+00 -3.3287e+01  3.6114e+00  3.3576e+01  1.0000e+00
-3.5271e+00 -1.9449e+00 -9.7434e-01 -4.4345e+01 -2.2215e+01 -1.1469e+01  5.0907e+01  1.0000e+00
-2.1450e-01  1.7816e-01 -5.6021e-02  6.7547e+00  2.7508e+01 -2.4466e+00  2.8431e+01  1.0000e+00
-2.9482e+00 -7.5136e-01 -6.7227e-01 -3.6725e+01 -8.9770e+00 -6.2011e+00  3.8311e+01  1.0000e+00
-6.4770e-01  3.2679e-01  2.4185e-01  6.6732e+00 -1.2323e+00 -1.2773e+01  1.4464e+01  1.0000e+00
-1.9511e-01  2.5575e-01  2.4549e-01  1.9250e+01  6.8994e+00  2.7466e+00  2.0633e+01  1.0000e+00
-3.1408e-01 -1.2357e-01 -2.8965e-01 -1.1999e+01 -5.8464e+00 -3.5358e+01  3.7793e+01  1.0000e+00
 2.1326e-01 -3.5589e-01  7.7743e-01  1.5593e+01 -7.2970e-01  7.3686e+00  1.7262e+01  1.0000e+00
-1.1631e-01  7.7059e-02  2.8254e-03  3.2216e+00  3.2961e+01 -6.5141e-01  3.3124e+01  1.0000e+00
