# limit = 4.50048
#
# x           y           z           vx          vy          vz          s           m
 8.1299e-01 -1.3901e+00 -1.3901e+00 -8.3009e-01 -7.2321e+00  4.8279e-01  7.2956e+00  1.0000e+00
-1.2918e-01  1.5594e-01  1.8966e-01  2.4543e+01  1.0928e+01 -5.5968e+00  2.7443e+01  1.0000e+00
 4.5174e+00  3.3170e-02  8.7296e-01  3.6260e+01  1.5722e+00  7.1571e+00  3.6993e+01  1.0000e+00
-7.6245e-02  3.9741e-01 -1.0449e-01  2.3517e+00  2.5780e+00 -1.4896e+01  1.5299e+01  1.0000e+00
-3.6362e+00  1.4651e+00  2.3189e+00 -3.0990e+01  1.1593e+01  1.8433e+01  3.7875e+01  1.0000e+00
 1.5227e+00 -6.4293e-01  4.5789e+00  1.3355e+01 -4.2293e+00  3.8085e+01  4.0580e+01  1.0000e+00
 3.7881e-01 -3.7204e+00 -2.7111e+00  2.3177e+00 -3.1290e+01 -2.1417e+01  3.7988e+01  1.0000e+00
-3.2400e-01  9.5391e-01  3.8653e-01 -4.4826e+00  1.8021e+01  1.0618e+01  2.1391e+01  1.0000e+00
-6.5013e+00  4.6534e+00  1.3782e+01 -4.5620e+01  3.3441e+01  1.0480e+02  1.1909e+02  1.0000e+00
-6.7126e-02  1.3838e-01  3.7874e-02  1.8642e+01  5.5514e+00  5.0718e+00  2.0102e+01  1.0000e+00
 1.4917e+00  1.5087e+00  1.2082e+00  7.6208e+00  9.6695e+00  6.0887e+00  1.3735e+01  1.0000e+00
-4.8380e-01  3.2379e-01  4.8687e-02  9.2957e+00  1.0094e+01 -2.6481e+00  1.3976e+01  1.0000e+00
 7.1569e-01  9.0512e-01  1.3165e+00  3.1828e+00 -5.5645e-01  5.4285e+00  6.3173e+00  1.0000e+00
 5.9406e-01  2.8385e-02 -3.0669e-01  2.3733e+01  1.5535e+00 -7.5631e+00  2.4957e+01  1.0000e+00
-2.1894e-02  1.9822e-01 -7.7867e-02 -5.0883e+00 -2.8270e+00 -2.1213e+01  2.1997e+01  1.0000e+00
-1.8141e+00 -5.3243e-02 -1.9180e+00 -1.4912e+01 -2.8378e+00 -1.0940e+01  1.8711e+01  1.0000e+00
 2.6994e+00 -2.8021e+00 -3.1086e+00  2.2193e+01 -2.3049e+01 -2.6598e+01  4.1609e+01  1.0000e+00
-2.6343e-01  1.9204e-01  1.4895e-01 -5.2455e-01  2.8976e+01  5.8980e+00  2.9575e+01  1.0000e+00
-4.1726e-01  1.5698e-01  2.1259e-01  1.0824e+01  1.6403e+01  1.0007e+01  2.2054e+01  1.0000e+00
 9.6164e+00  8.2247e+00 -3.7266e+00  7.3649e+01  5.9080e+01 -2.5287e+01  9.7745e+01  1.0000e+00
-3.3051e-01  2.8646e-02  1.7743e-01 -1.5319e+00 -5.3560e+00  8.6862e+00  1.0319e+01  1.0000e+00
-2.9395e-01 -1.1945e-01  2.9069e-01  6.1036e-01  3.8937e+00 -1.6665e+00  4.2791e+00  1.0000e+00
-1.6097e-01  2.2216e-01  1.4319e-01  2.0230e+00 -9.5649e+00  1.7903e+00  9.9391e+00  1.0000e+00
-1.9733e+00  3.5446e+00 -3.7477e+00 -1.6406e+01  3.1488e+01 -3.1526e+01  4.7482e+01  1.0000e+00
-8.6104e-02  4.2918e+00 -1.9479e+00 -1.1318e+00  3.5737e+01 -1.5778e+01  3.9082e+01  1.0000e+00
-7.7000e-01  1.0891e-01 -2.1321e+00 -1.0837e+01  6.3114e+00 -1.6724e+01  2.0904e+01  1.0000e+00
 1.6537e+00 -3.3177e+00  7.5046e-01  1.1190e+01 -2.8701e+01  5.3824e+00  3.1271e+01  1.0000e+00
 7.2555e+00 -1.8117e+00 -6.9840e+00  7.5512e+01 -1.9901e+01 -7.2873e+01  1.0681e+02  1.0000e+00
 2.0702e-01 -4.9490e+00 -6.5364e+00  2.1960e+00 -4.2583e+01 -5.6156e+01  7.0510e+01  1.0000e+00
-1.6403e-01  2.8413e-01 -1.4419e-02 -3.5019e+01 -6.8576e+00  4.4884e+00  3.5966e+01  1.0000e+00
-1.7490e-01  4.3002e-01  2.9248e-01  3.9149e+00  7.3405e+00 -6.9463e+00  1.0838e+01  1.0000e+00
-2.3336e-01  1.1317e-01  1.0581e-01 -4.1748e+00 -1.3034e+01 -8.7282e+00  1.6233e+01  1.0000e+00
 5.1527e-02  2.5368e-01 -2.2384e-01  3.1102e+00  5.7535e+00 -1.3454e+01  1.4959e+01  1.0000e+00
-2.4834e-01  1.8778e-01  1.2609e-01 -2.1526e+01 -1.1933e+00  1.4638e+01  2.6059e+01  1.0000e+00
-2.5659e-01  1.9045e-01  5.5560e-02 -6.0826e+00  1.4653e+01  1.8839e+01  2.4629e+01  1.0000e+00
 8.9685e-02  2.6530e-01  2.2570e-02 -1.4942e+01  8.8635e+00 -2.2877e+01  2.8727e+01  1.0000e+00
 1.5411e+00  1.4217e-01 -5.3709e-01 -3.2521e+00 -4.0969e+00  3.9608e+00  6.5611e+00  1.0000e+00
-3.6904e+00  7.0544e+00 -9.3186e+00 -2.8635e+01  5.4885e+01 -6.8209e+01  9.2113e+01  1.0000e+00
 1.0335e-01  3.3734e-01  8.3907e-01 -2.6720e+00  3.9252e+00 -6.9604e+00  8.4258e+00  1.0000e+00
 2.8959e+00 -7.6804e-01  2.3872e+00  2.1877e+01 -4.6188e+00  1.8387e+01  2.8949e+01  1.0000e+00
 2.0428e+00  1.7777e+00 -1.3949e-01  1.3636e+01  1.2412e+01  1.9046e+00  1.8537e+01  1.0000e+00
-9.5930e-02  1.9608e-01 -4.5653e-01 -1.2223e+01  3.2556e+00 -1.7152e+01  2.1312e+01  1.0000e+00
 1.7423e-01  1.4966e-01  3.2425e-02  9.4051e+00 -1.4949e+01  1.1025e+01  2.0820e+01  1.0000e+00
 4.6894e-01 -1.6010e+00  4.9140e+00  4.3615e+00 -1.2581e+01  4.1298e+01  4.3392e+01  1.0000e+00
 4.5900e+00  2.2452e+00  3.3219e-01  4.0166e+01  1.9635e+01  3.2540e+00  4.4826e+01  1.0000e+00
 4.7946e-02 -3.2429e+00  3.7196e-01  3.1523e+00 -2.6721e+01  4.7732e+00  2.7326e+01  1.0000e+00
 1.2548e-02  1.7248e-01  9.0892e-02  9.5464e+00  6.0348e+00  2.2037e+01  2.4762e+01  1.0000e+00
 1.0866e+00 -1.6036e+00 -5.3922e-01  7.7917e+00 -6.4880e+00 -5.7137e-01  1.0155e+01  1.0000e+00
 2.7027e+00 -9.9424e-01  1.1264e+00  1.9103e+01 -7.4479e+00  8.1621e+00  2.2068e+01  1.0000e+00
 9.9929e-02  7.1406e-02  6.6769e-01  5.4382e+00  2.1441e+00 -1.6515e+01  1.7519e+01  1.0000e+00
 1.2292e-01  2.4920e-01 -3.3818e-01  3.4681e+00 -3.2898e+00 -2.5339e+00  5.4103e+00  1.0000e+00
-3.2767e-01  1.5698e-01 -3.3347e-02  5.2248e+00 -7.0518e+00 -1.9190e+01  2.1102e+01  1.0000e+00
-1.0875e+00 -1.5952e+00  1.5733e+00 -6.0845e+00 -1.0499e+01  9.9109e+00  1.5668e+01  1.0000e+00
 2.3367e-01  1.2216e-01  2.1236e-02  4.8225e+00 -3.4150e+00 -5.9357e+00  8.3756e+00  1.0000e+00
-2.3715e-01  2.2826e-01 -2.7235e-01 -4.5546e+00  2.4458e+01  2.0146e+01  3.2012e+01  1.0000e+00
-1.6041e-01  3.3753e-01 -2.4080e-01 -2.1931e+01  9.8438e-02  2.7663e+00  2.2105e+01  1.0000e+00
-1.5084e-01  1.1492e-01  2.9437e-01  4.3111e+00  1.3607e+01 -1.5958e+01  2.1410e+01  1.0000e+00
 2.7020e-01 -9.6844e-03  4.3881e-02  2.6155e-01  6.5171e+00 -2.6916e+00  7.0559e+00  1.0000e+00
 9.4213e-03  2.4842e-01  3.3946e-02  2.2502e+01 -1.2022e+01 -1.6492e+01  3.0379e+01  1.0000e+00
 1.3886e+00 -5.5452e-01  3.6378e+00  9.8161e+00 -5.6596e+00  3.0172e+01  3.2230e+01  1.0000e+00
-2.1007e-01  1.5189e-01  1.0382e-01  2.5381e+01 -1.4229e+01 -6.6304e+00  2.9844e+01  1.0000e+00
-1.6579e-01  9.3283e-02  1.3017e-01  1.9049e+01 -1.4841e-01 -3.4680e+01  3.9568e+01  1.0000e+00
 1.2068e+00  5.7734e-02 -5.7366e-01  2.5465e+01  1.9920e+00 -1.3434e+01  2.8860e+01  1.0000e+00
-3.0166e-01  1.4439e-01  1.1121e-01 -2.7765e+01  5.0868e+00  4.5502e+00  2.8591e+01  1.0000e+00
 1.7665e+00 -5.0151e-01  5.1276e-01  6.4820e+00 -1.9153e+00  2.5538e+00  7.2255e+00  1.0000e+00
-2.3621e-01  4.3541e-01  3.3380e-01  6.7664e+00 -7.6569e+00 -3.0088e+00  1.0652e+01  1.0000e+00
-9.7242e-02  2.3016e-01  2.8266e-01  1.1025e+01  1.0265e+01 -5.9101e+00  1.6182e+01  1.0000e+00
 5.6521e-02  4.3299e-01  1.4508e-01  9.0436e+00 -6.2429e+00  5.5308e+00  1.2302e+01  1.0000e+00
-2.2189e-01  2.3679e-01 -1.5602e-02  1.6217e+00 -6.5227e-01 -3.3104e+01  3.3150e+01  1.0000e+00
-3.1884e-01  4.1302e-01  5.9337e-03  2.5754e+01 -3.7451e+00  1.5436e+01  3.0259e+01  1.0000e+00
 4.2696e+00  5.7748e-01  8.4006e-01  3.5855e+01  4.0450e+00  6.4238e+00  3.6649e+01  1.0000e+00
-2.0386e-01  2.0569e-01  9.6611e-02 -2.6352e+01 -6.0575e-01  1.2328e+01  2.9099e+01  1.0000e+00
-1.9949e-02 -2.6147e-01  2.6903e-01  6.8996e-01  1.3260e+00 -3.1989e-01  1.5286e+00  1.0000e+00
-4.1967e-01  5.2674e-01  3.1958e-01  4.1666e+00 -1.1360e+01 -6.9629e+00  1.3960e+01  1.0000e+00
 4.9174e-02  1.4014e-01  1.1584e-01  1.0362e+01 -5.7061e+00 -1.1369e+01  1.6407e+01  1.0000e+00
-2.1554e-01  3.6609e-01  1.6451e-02 -5.3208e+00 -4.8180e+00 -1.5411e+01  1.7001e+01  1.0000e+00
-9.2720e-02  4.1716e-01  3.9353e-02 -1.1554e+00 -7.3212e-01 -1.1731e+01  1.1810e+01  1.0000e+00
 1.7360e-01 -5.1289e-01 -5.5837e-01 -2.6829e+00  3.3735e+00  8.7689e+00  9.7710e+00  1.0000e+00
 4.9262e+00 -2.5202e+00 -6.0310e-01  4.2780e+01 -2.0277e+01 -4.9333e+00  4.7599e+01  1.0000e+00
-3.1258e+00 -2.0451e+00 -1.3442e+00 -2.5258e+01 -1.5697e+01 -9.4997e+00  3.1219e+01  1.0000e+00
-5.3532e-02  3.3872e-01 -4.6199e-02  9.2121e-01 -3.0604e+00  2.8820e+01  2.8997e+01  1.0000e+00
-3.6262e-01  2.0687e-01  1.8707e-01 -1.5825e+01 -5.4655e+00 -3.4555e+00  1.7095e+01  1.0000e+00
 1.0607e+00 -5.4978e-01 -9.2269e-01  5.9730e+00 -2.8992e+00 -3.5156e+00  7.5128e+00  1.0000e+00
 1.6582e+00  1.0742e+00  1.9616e+00  9.8421e+00  8.7958e+00  1.2620e+01  1.8262e+01  1.0000e+00
-2.1409e-01  1.9910e-01  1.4084e-02  2.3760e+01  4.7794e+00  2.1229e+01  3.2219e+01  1.0000e+00
 1.4008e-01  8.0903e-02  1.1287e-01 -1.0261e+01  5.3930e+00  3.2466e+00  1.2038e+01  1.0000e+00
-3.2512e-01  7.5987e-01 -3.7597e-01  4.2028e-01 -6.4528e+00  1.4323e+01  1.5715e+01  1.0000e+00
 1.2408e+00 -9.0961e-01  1.2067e+00  7.4998e+00 -2.7561e+00  8.7000e+00  1.1812e+01  1.0000e+00
-2.8341e-01  3.9725e-01  3.3457e-02  1.7345e+01  8.1776e+00  2.3026e+01  2.9965e+01  1.0000e+00
 7.2677e-02  1.8179e-01  9.2994e-02  5.6987e+00  2.1422e+01  9.9373e+00  2.4292e+01  1.0000e+00
 1.3040e+00 -8.5623e-01  1.1358e+00  7.9717e+00 -5.4669e+00  5.6267e+00  1.1185e+01  1.0000e+00
-2.0323e-01  2.6833e-01 -7.1571e-02 -1.3380e+01  7.9813e+00  7.3479e+00  1.7226e+01  1.0000e+00
 1.2200e-02 -1.3995e-01  7.5436e-02  5.8069e-01  5.4487e+00  2.8337e+00  6.1689e+00  1.0000e+00
-1.2017e-01  3.2406e-01  8.0034e-02  1.1980e+01  1.1212e+01 -2.2062e+01  2.7494e+01  1.0000e+00
-9.0103e-01  1.3877e+00  9.1332e-02 -1.2216e+00  6.9511e-01  2.6364e+00  2.9876e+00  1.0000e+00
-2.7172e-01  2.1452e-01  1.9226e-01 -1.1973e+01 -4.7507e+00 -8.8098e+00  1.5605e+01  1.0000e+00
-2.4806e-01  3.8741e-01  2.5372e-01 -1.3964e+00  1.1847e+01 -1.5129e+01  1.9266e+01  1.0000e+00
-1.7245e+00 -2.6147e+00 -2.8997e+00 -1.3996e+01 -2.0293e+01 -2.2740e+01  3.3538e+01  1.0000e+00
 4.3241e-01 -1.0258e+00 -4.4413e+00  3.1347e+00 -5.9476e+00 -2.5714e+01  2.6578e+01  1.0000e+00
-5.7186e-01  1.6147e+00 -9.5774e-01  4.2479e+00  1.3573e+01 -8.1923e+00  1.6413e+01  1.0000e+00
-1.2875e-01  2.4848e-01  1.6496e-01  4.8854e-01  7.5146e+00 -8.0598e+00  1.1030e+01  1.0000e+00
-3.4721e-01  5.3008e-01  8.0221e-02  4.3357e+00 -4.3875e+00  4.7218e+00  7.7682e+00  1.0000e+00
 1.4389e+00 -1.0241e+00 -1.5361e-01  6.5871e+00 -2.3944e+00 -1.5062e+00  7.1688e+00  1.0000e+00
 1.0379e+00 -4.5618e-01  3.8348e-01 -2.0849e-02  3.9937e+00 -5.2365e-01  4.0279e+00  1.0000e+00
 4.3094e+00  1.4600e+00 -7.1352e-02  3.5150e+01  1.3882e+01 -1.1093e+00  3.7808e+01  1.0000e+00
-1.9606e-01  3.6258e-01 -7.1310e-02 -1.1306e+01  1.9876e+01 -9.0149e+00  2.4580e+01  1.0000e+00
 3.1963e+00  1.3324e-01  3.5892e+00  2.6060e+01  1.5822e+00  2.9259e+01  3.9214e+01  1.0000e+00
-1.7434e-02  2.0349e-01 -1.3469e-01 -1.5692e+01  7.0951e+00  6.9497e+00  1.8571e+01  1.0000e+00
 2.4056e-01  3.1099e-01 -1.4383e-01  1.6089e+01 -1.6667e+01  2.9825e+00  2.3357e+01  1.0000e+00
-4.9998e+00  9.3287e-01  1.1084e+00 -4.2749e+01  9.2763e+00  9.7808e+00  4.4824e+01  1.0000e+00
-5.8166e-01  1.8643e+00 -1.0959e-01 -4.3522e+00  5.6217e+00  2.9425e+00  7.6944e+00  1.0000e+00
 1.1863e+00 -1.9322e+00  3.3630e+00  8.3306e+00 -1.4602e+01  2.7340e+01  3.2095e+01  1.0000e+00
 1.4161e+00 -1.3763e+00  2.8583e+00  9.9914e+00 -1.0424e+01  2.1684e+01  2.6052e+01  1.0000e+00
 2.4043e+00 -2.7899e+00 -1.1152e+00  1.7794e+01 -2.1310e+01 -7.6167e+00  2.8788e+01  1.0000e+00
 1.7691e+00 -1.2670e+00  4.4772e-01  8.9684e+00 -4.3963e+00  1.8899e+00  1.0165e+01  1.0000e+00
-5.1632e-02  2.6582e-01 -6.0579e-02  3.8269e+00 -1.0188e+01  2.1553e+01  2.4145e+01  1.0000e+00
-3.8655e-01  3.3728e-01  2.5794e-01 -1.1512e+01 -7.7773e+00  8.4903e+00  1.6282e+01  1.0000e+00
-4.2697e-02  2.2313e-01  1.1329e-01 -1.7891e+01  1.0327e+01 -1.4654e+01  2.5327e+01  1.0000e+00
-3.4015e-01  4.0752e-01  1.4074e-01  1.6457e+01 -5.9855e+00 -1.2563e+01  2.1552e+01  1.0000e+00
 1.5415e-01  1.1541e-01  1.2696e-03 -7.3367e+00  4.4310e+00  1.0061e+01  1.3217e+01  1.0000e+00
-2.9067e-02  9.9660e-02 -3.2660e-02  1.4315e+01  1.0190e+01  1.3946e+01  2.2433e+01  1.0000e+00
-2.7948e-01  1.7565e-01  8.1520e-02 -3.2238e+01 -2.8044e+01 -1.0425e+00  4.2741e+01  1.0000e+00
-6.4763e+00  2.6086e+00  2.3012e+00 -5.5705e+01  2.3295e+01  2.1481e+01  6.4087e+01  1.0000e+00
-9.0227e-02  3.9940e-02 -3.9096e-02 -3.4029e+00  4.9533e+00 -5.2361e+00  7.9707e+00  1.0000e+00
-3.3724e-01  1.6013e-01  7.5447e-02 -7.1410e+00  2.2564e+01  1.4595e+01  2.7805e+01  1.0000e+00
-3.0041e-01  1.5212e-01  2.4229e-01 -3.2505e+01 -2.6883e+00  1.0538e+01  3.4276e+01  1.0000e+00
 2.5336e+00 -2.3593e+00 -1.0993e+00  2.1691e+01 -1.7605e+01 -6.8694e+00  2.8768e+01  1.0000e+00
-1.7913e-01  1.7056e-01 -2.1623e-01  4.3839e+00 -6.2690e+00 -8.8133e+00  1.1670e+01  1.0000e+00
 1.7919e+00 -1.6164e+00  3.6329e+00  1.4088e+01 -1.1930e+01  3.1335e+01  3.6369e+01  1.0000e+00
-2.8032e-01  3.9048e-01  5.0540e-02 -1.5875e+01 -4.5173e+00  5.7468e+00  1.7477e+01  1.0000e+00
-5.0920e-01 -8.5525e-01 -3.3864e+00 -5.5254e+00 -5.8383e+00 -2.5211e+01  2.6462e+01  1.0000e+00
 1.6255e+00 -9.4349e-01  6.0159e-01  4.7374e+00 -4.4140e+00  4.6248e+00  7.9571e+00  1.0000e+00
-1.5301e-01  2.1109e-01  8.7891e-02  4.5918e-01  3.3172e+01  1.6867e+00  3.3218e+01  1.0000e+00
-1.0341e-02  3.3201e-01  4.6167e-01 -1.2105e+00  1.2049e+01  6.7102e+00  1.3844e+01  1.0000e+00
-3.5151e-01  6.5124e-01  6.4572e-02 -2.3384e+01  1.7449e+01  2.9089e+00  2.9321e+01  1.0000e+00
-3.0400e-01  1.3758e+00  8.6427e-02  1.4810e+00  2.7183e+00 -1.0550e+01  1.0995e+01  1.0000e+00
-1.6744e-02 -2.8185e-01 -5.8864e-02  2.8647e+00 -8.5132e+00 -2.7453e-01  8.9865e+00  1.0000e+00
-2.8938e-01  1.6463e-01  1.4279e-01 -2.1654e+01 -7.8187e+00 -2.3940e+01  3.3213e+01  1.0000e+00
 1.8859e+00 -1.2651e+00  1.8990e-01  9.3666e+00 -6.0497e+00  4.8702e+00  1.2168e+01  1.0000e+00
-5.2060e-01 -1.3562e+00  3.4211e+00 -4.6205e+00 -1.2650e+01  2.8286e+01  3.1329e+01  1.0000e+00
-5.3714e-01  2.1779e-01 -8.8166e-02 -2.0355e+01  2.2220e+00 -8.9359e+00  2.2341e+01  1.0000e+00
-2.8283e-01  3.4477e-02  2.6548e-01  5.5052e+00  1.8275e+01  1.3471e+01  2.3361e+01  1.0000e+00
-5.0038e+00  4.1725e-01 -1.6746e+00 -3.7184e+01  8.8215e+00 -9.9535e+00  3.9491e+01  1.0000e+00
-3.4949e-03  3.3466e-01 -2.8923e-02 -3.1927e+01 -4.0358e+00 -8.4923e+00  3.3283e+01  1.0000e+00
-1.8540e-01  2.5915e-01  9.8793e-02 -4.5830e-01  9.2041e-01 -3.5769e+01  3.5783e+01  1.0000e+00
 8.5843e-02  4.5418e-01 -1.5498e-01  7.1301e+00 -2.8246e+00  4.4863e+00  8.8850e+00  1.0000e+00
-1.5611e+00 -7.2488e+00 -7.6597e+00 -1.5034e+01 -4.5059e+01 -5.2583e+01  7.0861e+01  1.0000e+00
 4.3955e+00 -3.9173e+00  1.1359e+00  3.6414e+01 -3.2150e+01  9.0146e+00  4.9405e+01  1.0000e+00
-4.2127e-01 -7.9512e-02  6.5553e-01  1.5299e-01  2.0357e+00  5.6735e+00  6.0296e+00  1.0000e+00
 6.6401e-01 -4.2795e-01 -1.5863e+00  3.4115e+00  8.6934e-02 -5.2243e+00  6.2401e+00  1.0000e+00
-1.6779e-01  9.9359e-02  1.9079e-01  2.7865e+00  1.0369e+01 -1.4760e+01  1.8253e+01  1.0000e+00
 4.3857e-01 -9.5626e-01 -1.4737e+00  3.7295e+00 -1.5371e+00 -6.2047e+00  7.4007e+00  1.0000e+00
-6.5031e-01  8.7483e-01  3.6934e-01 -8.2089e+00  1.1063e+01 -3.5963e+00  1.4237e+01  1.0000e+00
 1.1979e-01  1.8466e-01 -4.8244e-02  4.3777e+00 -3.2664e+00 -1.0511e+00  5.5622e+00  1.0000e+00
-2.4329e+00  3.6084e+00 -2.0892e+00 -2.0200e+01  3.1871e+01 -1.6725e+01  4.1273e+01  1.0000e+00
 1.1488e-03  3.4294e-01 -2.7315e-02  2.4317e+00  1.6128e+01  5.2307e-01  1.6318e+01  1.0000e+00
-9.8994e-01  2.5731e-01 -6.3509e-01 -1.2095e+01  9.3293e-01 -2.7492e+00  1.2439e+01  1.0000e+00
-1.8332e-01  2.8187e-01 -1.2043e-01  9.6892e+00  1.0080e+01 -9.4780e+00  1.6892e+01  1.0000e+00
-2.7192e-01  2.1342e-01  1.9004e-01  3.4398e+01 -9.6028e+00  5.8936e+00  3.6196e+01  1.0000e+00
 2.5466e-03  3.1213e-01 -1.4625e-01 -1.4953e+01  1.9469e-01  3.0329e+00  1.5259e+01  1.0000e+00
-1.7324e-01  1.2449e-01  1.0958e-01 -1.7176e+01  2.1174e+01 -7.3073e+00  2.8227e+01  1.0000e+00
-1.8166e-01  4.8956e-01  3.6290e-01 -7.0564e+00  2.1275e+01  8.0979e+00  2.3832e+01  1.0000e+00
-1.8507e-01  2.3165e-01  4.6150e-02  1.4293e+01  1.3339e+01 -2.9402e+01  3.5309e+01  1.0000e+00
-3.2887e-01  8.2653e-02  1.5385e-01 -1.8302e+01  1.8939e+01 -9.9238e+00  2.8145e+01  1.0000e+00
-1.1917e-01  2.9994e-01  3.1767e-02 -1.5400e+01  1.6090e+01  3.4955e+01  4.1448e+01  1.0000e+00
 1.2755e+00 -2.1489e+00  3.2106e+00  1.0012e+01 -1.5480e+01  2.6637e+01  3.2394e+01  1.0000e+00
-4.0961e-02  3.6730e-01 -2.8479e-02  1.2952e+00  2.9898e+01 -1.7607e+01  3.4722e+01  1.0000e+00
 8.7242e+00 -6.0405e+00 -1.2779e+01  6.9331e+01 -4.7313e+01 -9.5540e+01  1.2717e+02  1.0000e+00
-1.5669e-01  4.7716e-02  1.2086e-01  1.0164e+01 -1.5523e+00  8.8355e+00  1.3557e+01  1.0000e+00
-6.7528e-01  8.8876e-01  1.3266e+00 -6.2333e+00  1.1467e+01  1.1700e+01  1.7528e+01  1.0000e+00
 2.1641e+00 -1.0808e+00 -8.2812e-01  2.1483e+01 -5.5747e+00 -4.4455e+00  2.2635e+01  1.0000e+00
-1.5255e-01  2.1851e-01  6.6398e-02  2.0008e+00 -6.9344e+00 -1.6147e+01  1.7686e+01  1.0000e+00
 8.9943e-01 -9.6788e-02 -2.2643e-01 -1.6828e+00  8.4119e+00 -3.2590e+00  9.1768e+00  1.0000e+00
-3.5937e-01  1.9171e-01  2.7374e-01 -4.7979e+00 -1.5373e+01 -2.4788e+01  2.9560e+01  1.0000e+00
-4.7051e-01  2.3334e-01  1.7026e-01  1.6462e+00  5.9667e+00 -1.1318e+01  1.2900e+01  1.0000e+00
-7.8253e-02 -5.2757e-02 -4.9405e-02  5.9171e+00  8.6532e+00  1.0910e+01  1.5130e+01  1.0000e+00
-9.1717e-01  1.1318e+00 -5.6353e-01 -9.1826e-01  5.3669e-01  3.1570e+00  3.3313e+00  1.0000e+00
-1.9702e-01  1.1645e-01  4.1733e-03  8.7006e+00 -1.9120e+01 -2.4506e+01  3.2277e+01  1.0000e+00
 8.3427e-01  5.5777e-01  6.0423e-01  6.4266e-01 -1.5450e+00 -5.3101e+00  5.5675e+00  1.0000e+00
 2.4677e-01 -1.8234e+00  3.3104e+00  1.4518e+00 -1.4654e+01  2.5574e+01  2.9511e+01  1.0000e+00
-3.5640e-01  2.2400e-01  1.3129e-01  7.5622e+00  1.8827e-01 -6.2562e-01  7.5904e+00  1.0000e+00
 6.9094e-02  3.0925e-01  3.4311e-01 -9.1929e+00  1.2634e+01 -1.2892e+01  2.0257e+01  1.0000e+00
-1.7884e-01  2.6537e-01  9.9151e-02  4.2696e+01  2.4070e+01  8.7057e+00  4.9781e+01  1.0000e+00
-8.9565e-02  3.4273e-01  8.8450e-03 -9.3619e+00 -1.3347e+01 -1.0383e+01  1.9329e+01  1.0000e+00
-2.2743e-02  3.7746e-01  1.3607e-01 -3.4200e+01 -8.0511e+00 -1.5586e+01  3.8436e+01  1.0000e+00
 9.0105e-02  6.2931e-01  2.9889e-01 -6.3646e+00 -6.2523e+00 -8.9348e+00  1.2627e+01  1.0000e+00
-3.2087e-01  6.1633e-01  3.4795e-01  2.0358e+00  3.7939e+00 -4.0801e-03  4.3056e+00  1.0000e+00
-3.1312e+00  2.6153e+00 -8.9552e-01 -2.4504e+01  2.0627e+01 -6.8107e+00  3.2746e+01  1.0000e+00
 1.6812e+00 -1.2787e+00 -5.1437e+00  1.4584e+01 -1.1424e+01 -4.4531e+01  4.8231e+01  1.0000e+00
-7.9662e-02  2.8343e-01  4.3112e-01 -7.7255e+00  4.7063e+00 -8.5577e+00  1.2453e+01  1.0000e+00
-3.2808e-01 -3.6393e+00 -2.6001e+00 -8.3460e-01 -2.9124e+01 -2.0863e+01  3.5835e+01  1.0000e+00
-1.1720e+00  1.0809e+00 -4.9571e+00 -1.0886e+01  1.0350e+01 -4.2125e+01  4.4723e+01  1.0000e+00
 6.9541e-01 -3.1908e+00  1.1393e-02  5.2027e+00 -2.6271e+01  1.5657e-01  2.6782e+01  1.0000e+00
-2.7400e-01 -3.3401e-01  3.2160e-01 -4.5310e+00 -1.0125e+01  6.0102e+00  1.2616e+01  1.0000e+00
-6.0674e-01 -6.5815e-01 -3.6500e+00 -5.0669e+00 -6.5357e+00 -2.8224e+01  2.9411e+01  1.0000e+00
-6.7608e-01 -7.9503e-01 -6.3438e-01 -5.8502e-01  4.0484e+00  1.0063e+00  4.2124e+00  1.0000e+00
-1.7375e-01  1.3588e-01  2.0565e-01  9.7611e-01  3.0719e+01 -3.0114e+00  3.0881e+01  1.0000e+00
 3.4059e-01  7.4211e-01  6.5433e-01  2.3203e+01  1.4632e+01  3.1797e+01  4.1994e+01  1.0000e+00
-1.4282e-01  7.9936e-02 -7.8124e-02 -1.1690e+01 -1.1587e+01 -1.7795e+01  2.4240e+01  1.0000e+00
 2.0009e+00 -2.8669e+00 -1.1209e+00  1.7160e+01 -2.1241e+01 -8.6351e+00  2.8640e+01  1.0000e+00
-1.7819e-01  2.1282e-01 -6.1786e-05 -6.0860e+00  2.0773e+01  6.1184e-01  2.1655e+01  1.0000e+00
-7.0612e-02  2.1379e-01 -1.6818e-02  6.8175e+00 -1.4483e+01  1.8595e+01  2.4536e+01  1.0000e+00
-3.6701e+00 -1.6907e+00 -1.2411e+00 -2.9563e+01 -1.3245e+01 -9.0255e+00  3.3628e+01  1.0000e+00
 2.1472e+00  8.5483e-01  1.6761e+00  1.6410e+01  9.0404e+00  1.6539e+01  2.4991e+01  1.0000e+00
-2.3065e-01  3.0119e-01 -7.6226e-02  2.0540e+01  7.2204e+00 -1.5179e+01  2.6541e+01  1.0000e+00
 1.3072e+00 -4.5299e+00 -3.5328e-01  1.1969e+01 -3.8739e+01 -3.0463e+00  4.0660e+01  1.0000e+00
-4.7404e-01  3.9193e-01  9.9372e-02 -7.6933e+00  4.4225e+00  1.8444e-01  8.8757e+00  1.0000e+00
-5.4570e+00 -4.5767e-01  8.0916e+00 -5.7208e+01 -5.6083e+00  8.4394e+01  1.0211e+02  1.0000e+00
 2.4976e+00 -4.4877e+00 -3.6021e+00  2.2520e+01 -3.8621e+01 -3.1440e+01  5.4655e+01  1.0000e+00
-5.5117e-01  3.6505e-01 -2.4115e-01 -8.2392e+00  6.3341e+00  4.4464e-01  1.0402e+01  1.0000e+00
-1.1299e+00  3.6608e-02 -4.1656e-01  1.1910e+00  5.3908e+00 -2.9170e-01  5.5285e+00  1.0000e+00
-2.8285e-01  2.8643e-01 -1.0254e-01  2.5973e+00  1.5305e+01 -1.3303e+01  2.0444e+01  1.0000e+00
-1.8935e+00 -6.4521e-01 -1.4905e+00 -1.4626e+01 -3.6525e+00 -1.0750e+01  1.8516e+01  1.0000e+00
-9.7506e-02  3.0800e-01  1.3099e-01  1.6839e+01  2.9148e+00  1.8604e+01  2.5262e+01  1.0000e+00
-4.9342e-02  2.9890e-01 -2.2991e-03 -8.4725e+00 -1.9284e+01 -4.3130e+00  2.1500e+01  1.0000e+00
-1.9832e-02 -3.7038e+00 -2.5730e+00 -1.9158e-01 -2.8318e+01 -2.0347e+01  3.4870e+01  1.0000e+00
-5.1186e-01  2.3968e-01  3.2614e-02 -4.4305e+00  3.4403e-01  4.3817e+00  6.2408e+00  1.0000e+00
-1.2860e-01  2.5569e-01  1.5173e-01 -2.0019e+01  1.7923e+01  8.1401e+00  2.8076e+01  1.0000e+00
-2.0729e-01  2.1742e-01  1.8460e-01 -2.7978e+01  1.1570e+00 -1.1920e+01  3.0434e+01  1.0000e+00
 8.6998e-01  1.2082e-01  1.2962e+00 -6.5172e-01 -1.3090e+00  3.8739e+00  4.1407e+00  1.0000e+00
-3.6532e-01  1.6706e-01 -1.2264e-02 -1.2452e+01  5.2347e+00  1.3090e+01  1.8810e+01  1.0000e+00
-7.7118e+00 -8.6737e+00  3.8930e+00 -5.1596e+01 -6.2862e+01  2.9666e+01  8.6567e+01  1.0000e+00
-8.6269e-02  1.8439e-01 -5.2933e-02 -1.8540e+00 -1.9960e+01 -1.1515e+01  2.3118e+01  1.0000e+00
-1.7834e-01  2.9941e-01  4.2622e-02  5.5418e+00  6.0335e+00  2.8565e+00  8.6760e+00  1.0000e+00
-1.5551e-01  3.3139e-01  2.0731e-01  1.3503e+01  8.7337e+00  2.5877e+00  1.6289e+01  1.0000e+00
-1.1523e-01  3.0927e-01  1.9705e-01 -1.0871e+01 -5.3966e+00  2.1974e+01  2.5103e+01  1.0000e+00
-1.4844e-01  4.5719e-01  1.3343e-01 -4.6440e+00  2.8802e+01  9.3892e+00  3.0648e+01  1.0000e+00
-3.2687e-01 -4.1439e-01  5.9361e-02 -8.0621e+00 -7.8016e+00  1.6349e+00  1.1337e+01  1.0000e+00
 8.3946e-01  9.6233e-01  3.5675e-01 -4.2573e+00  1.2855e+00  4.9427e+00  6.6489e+00  1.0000e+00
 1.6698e-03 -3.1811e+00  1.6218e+00 -3.4200e-01 -2.6074e+01  1.2312e+01  2.8837e+01  1.0000e+00
-3.8049e+00 -2.4467e+00 -1.4129e+00 -3.4489e+01 -2.1167e+01 -1.3471e+01  4.2650e+01  1.0000e+00
 1.8957e-01 -9.0157e-01 -5.3642e-02 -8.3385e+00 -1.1462e+01 -5.0191e+00  1.5037e+01  1.0000e+00
-1.8830e-01  2.6205e-01 -4.8324e-02  1.9142e+01 -1.1979e+01  6.4894e+00  2.3495e+01  1.0000e+00
 4.9189e+00 -1.8199e+00 -3.5982e-01  4.2170e+01 -1.4879e+01 -2.3254e+00  4.4778e+01  1.0000e+00
-9.0762e-01  4.0716e-01  2.3218e-01  2.8897e+00 -1.3014e+01  1.0342e+01  1.6872e+01  1.0000e+00
 5.8591e+01 -7.2951e+01  4.8430e+01  3.8386e+02 -4.7418e+02  3.0947e+02  6.8408e+02  1.0000e+00
-4.9239e-01  1.1218e+00 -3.1388e-01  5.3209e+00 -1.9907e-01  5.6835e+00  7.7880e+00  1.0000e+00
-8.8205e-01  2.4729e-01  7.0236e-02  5.0602e+00 -8.2454e-01  5.8730e+00  7.7960e+00  1.0000e+00
 3.4546e-02  2.5946e-02 -3.2510e-01  3.6068e+00  5.4951e+00  2.0727e+00  6.8921e+00  1.0000e+00
 3.0058e+00  2.5054e+00  1.1817e-01  2.3752e+01  1.9067e+01  2.0023e+00  3.0524e+01  1.0000e+00
-1.1751e+00 -4.3212e-01  4.2729e-01 -2.6436e+01 -8.1001e+00  1.3665e+01  3.0842e+01  1.0000e+00
 7.7725e-01 -3.9998e+00  3.3379e-01  5.6452e+00 -3.2001e+01  1.4366e+00  3.2527e+01  1.0000e+00
-3.1246e-01  1.2547e-01 -3.5488e-02  2.3627e+01 -5.4680e+00 -8.4103e+00  2.5669e+01  1.0000e+00
 2.3821e-01  1.9688e+00 -2.8858e+00  1.6541e+00  1.4978e+01 -2.3690e+01  2.8076e+01  1.0000e+00
-3.2218e+00  1.0822e+00  1.2133e+00 -6.9915e+01  2.3518e+01  2.5477e+01  7.8040e+01  1.0000e+00
 2.5353e-02  1.9627e-01  5.7908e-02 -9.7365e+00 -9.9498e+00  8.1647e+00  1.6139e+01  1.0000e+00
-9.4494e-01 -7.7986e-03  1.0181e+00  3.3079e+00 -3.8928e+00 -5.9464e+00  7.8394e+00  1.0000e+00
-5.2146e-02  1.9136e-01  2.6550e-01 -1.2793e+01  1.3466e+01  6.9587e+00  1.9835e+01  1.0000e+00
-4.3036e-01 -2.9930e-01  4.5339e-01 -1.1357e+01 -7.1119e+00  1.0008e+01  1.6725e+01  1.0000e+00
 4.1176e-01 -3.8448e+00  3.0488e+00  3.0326e+00 -3.2608e+01  2.5848e+01  4.1720e+01  1.0000e+00
-1.0360e-01  2.6708e-01 -4.1635e-03 -1.0543e+00 -8.1228e+00  8.6802e+00  1.1935e+01  1.0000e+00
 5.9054e-01  2.6765e+00  1.5166e-01 -2.0893e+00  2.1316e+01  4.1347e+00  2.1813e+01  1.0000e+00
-1.4897e-02  2.4278e-01  9.2534e-02 -1.0943e+01 -3.2428e+00  2.6677e+01  2.9016e+01  1.0000e+00
 1.5835e+00 -1.0830e+00  3.0973e-01  8.4897e+00 -3.0583e+00  3.2007e+00  9.5745e+00  1.0000e+00
 1.8358e-02  3.2727e-01 -4.2951e-02 -2.0648e+01  3.0114e+01  2.7457e+00  3.6616e+01  1.0000e+00
 2.3002e+00 -1.1752e+00  1.3553e+00  1.8044e+01 -5.5115e+00  1.0066e+01  2.1384e+01  1.0000e+00
-2.0419e-01  1.7005e-01  4.2600e-01  1.4533e+01 -1.3934e+00 -2.3430e+01  2.7606e+01  1.0000e+00
-1.3754e-01  2.5129e-01  7.5498e-02  1.5175e+00  1.7421e+01  7.7879e-01  1.7504e+01  1.0000e+00
-2.1291e-01  1.3972e-01  1.7196e-01  1.3985e+01  1.9494e+00  3.2879e+00  1.4498e+01  1.0000e+00
-9.2517e-01 -8.1804e-01 -4.3025e+00 -6.8586e+00 -5.7621e+00 -3.5289e+01  3.6408e+01  1.0000e+00
-2.0373e-01  2.9965e-01  1.8830e-02 -2.6042e+01 -2.4817e+01  3.0931e+01  4.7442e+01  1.0000e+00
 5.0045e+00 -1.9385e-01 -1.2375e+00  4.2770e+01 -7.8982e-01 -8.9943e+00  4.3713e+01  1.0000e+00
-2.4297e-01  1.2243e-01  2.3411e-01  9.8577e+00  2.2675e+01 -1.4210e+01  2.8517e+01  1.0000e+00
 1.6601e+00 -1.4795e-01  4.4569e+00  1.5366e+01 -2.3005e+00  3.9671e+01  4.2605e+01  1.0000e+00
-6.4276e-01  1.9339e-01  3.3188e-01  1.9941e+01  3.6410e+00 -1.3548e+00  2.0316e+01  1.0000e+00
 5.4610e-01  3.1760e-02  1.1405e+00 -9.2154e+00 -6.4791e+00  5.0464e+00  1.2344e+01  1.0000e+00
-2.2294e+00  3.7556e-01  3.4198e+00 -1.6926e+01  2.8071e+00  2.7918e+01  3.2769e+01  1.0000e+00
 3.4632e-01  2.9770e+00  2.1807e-01 -4.6554e+00  1.5141e+01 -3.2238e+00  1.6165e+01  1.0000e+00
-1.3042e-01  1.8900e-01  4.7054e-02 -2.0357e+01  9.5633e+00  1.8023e+01  2.8821e+01  1.0000e+00
 7.3265e-01  8.7499e+00  6.0770e+00  3.0374e-01  6.3858e+01  4.0733e+01  7.5744e+01  1.0000e+00
-1.6949e+00  1.5964e+00 -1.0582e+00 -1.2412e+01  1.0511e+01 -3.9070e+00  1.6727e+01  1.0000e+00
-1.7483e-01  4.7858e-01  1.7902e-01 -1.8478e+01 -6.4871e+00  1.4213e+01  2.4198e+01  1.0000e+00
-7.0163e-02  3.3015e-01  2.7765e-01  3.9334e+00  8.4786e+00  3.1072e+01  3.2447e+01  1.0000e+00
-1.8986e-01 -4.7924e-02  4.9918e-01  3.9925e+00  1.3504e+01 -1.6927e+00  1.4183e+01  1.0000e+00
-2.0845e-01  1.6508e-01 -1.5032e-01  9.9430e+00 -4.0752e+00  1.6433e+01  1.9634e+01  1.0000e+00
-2.2565e-01  1.4505e-01 -1.2119e-01 -1.8042e+01 -1.2186e+01 -1.0640e+01  2.4233e+01  1.0000e+00
-1.5955e+00 -1.6871e-01  1.7810e+00 -7.3501e+00 -3.1665e-01  1.1349e+01  1.3525e+01  1.0000e+00
-1.7349e-01  3.6103e-03 -8.1424e-02  8.8038e+00  1.8462e+01 -1.4960e+00  2.0508e+01  1.0000e+00
-6.4225e-02  1.7290e-01  1.0812e-01  8.1276e-01 -9.6338e+00  3.4731e+01  3.6051e+01  1.0000e+00
-1.5352e-01  3.2474e-01 -2.6729e-01  1.0318e+01 -1.6360e+01  7.4992e-01  1.9356e+01  1.0000e+00
-1.4427e-01  2.3442e-01  1.2617e-01  1.2816e+01 -6.8049e+00 -1.0548e+01  1.7939e+01  1.0000e+00
-2.5095e-01  4.8634e-01  1.8263e-01  9.8594e+00 -4.5894e+00  6.3799e+00  1.2608e+01  1.0000e+00
-3.3452e-02  1.1297e-01  1.4254e-01 -1.1674e+01 -1.0503e+01 -2.4060e+01  2.8731e+01  1.0000e+00
 1.7921e+00 -3.2175e+00 -1.4914e+00  1.4037e+01 -2.3868e+01 -1.2144e+01  3.0236e+01  1.0000e+00
 6.4622e-01  6.1246e-01 -3.5656e-02 -1.8450e+00 -6.8327e-01 -6.9659e-01  2.0871e+00  1.0000e+00
 2.1526e+00  4.3984e-01 -5.6556e+00  1.8318e+01  5.4185e+00 -3.9270e+01  4.3670e+01  1.0000e+00
-4.4159e-01  2.3636e+00 -1.8650e+00 -3.0503e+00  1.7586e+01 -1.0905e+01  2.0916e+01  1.0000e+00
-4.2547e+00 -1.6442e+00  1.0194e+00 -3.7203e+01 -1.2861e+01  8.9101e+00  4.0359e+01  1.0000e+00
 5.1887e+00 -5.2397e-01 -2.1990e+00  4.6270e+01 -4.4078e+00 -1.8901e+01  5.0176e+01  1.0000e+00
 1.9954e+00 -1.0849e+01  6.6630e+00  1.7650e+01 -9.7927e+01  6.0873e+01  1.1665e+02  1.0000e+00
-1.5625e-01  1.8462e-01  1.3389e-01 -3.6414e+00  1.3617e+01  2.7794e+00  1.4367e+01  1.0000e+00
-2.6100e-01  2.4141e-01 -8.7381e-02 -1.6395e+01  2.0044e+01  1.2244e+01  2.8644e+01  1.0000e+00
-4.7896e-02  1.8495e-01  1.6743e-01  6.5374e-01 -1.0576e+01  4.2193e+00  1.1405e+01  1.0000e+00
-4.5457e-01  6.3794e-01 -2.3255e-01  3.4529e+00 -1.1070e+01  1.5404e+01  1.9281e+01  1.0000e+00
-2.8173e+00 -1.7233e+00 -1.4076e+00 -2.2823e+01 -1.0841e+01 -1.2030e+01  2.7985e+01  1.0000e+00
-3.0217e-01 -6.3864e-02  5.4155e-03  1.1917e+01  1.7511e+01  1.2643e+01  2.4668e+01  1.0000e+00
-2.7263e-01  3.1496e-01  5.1214e-01 -1.4367e+01 -5.8616e+00 -1.0164e+01  1.8550e+01  1.0000e+00
-1.5790e-01  2.2041e-01  1.8360e-01  3.9350e-01 -1.1802e+01 -2.7439e+00  1.2123e+01  1.0000e+00
-3.4370e-01  3.1442e-01  6.7270e-02 -9.2596e+00  1.2540e+01 -2.1211e+01  2.6323e+01  1.0000e+00
 1.0157e+00 -1.4333e+00 -1.6409e+00  7.4545e+00 -6.7294e+00 -7.9439e+00  1.2805e+01  1.0000e+00
-3.5722e-01  2.5324e-01  3.1430e-01 -8.9647e+00 -1.5361e+01 -1.5304e+01  2.3463e+01  1.0000e+00
-1.3761e-01  1.6930e-01  1.1366e-01  1.4481e+01  1.8342e+01 -8.4868e+00  2.4863e+01  1.0000e+00
 1.9626e+00 -2.2254e+00 -2.9537e+00  1.5313e+01 -1.8237e+01 -2.2685e+01  3.2889e+01  1.0000e+00
-3.7284e-01  8.5423e-02 -2.4934e-01  1.0210e+01  4.9338e+00  3.0956e+00  1.1754e+01  1.0000e+00
-2.1038e-01  2.7633e-01  3.1284e-02  1.7315e+01  1.1820e+00  4.6958e+00  1.7980e+01  1.0000e+00
-4.6151e-02  3.6312e-01  2.2319e-01  2.7785e+01  1.6686e+01  9.8993e+00  3.3888e+01  1.0000e+00
-5.9826e-02  1.0815e-01 -2.7102e-01  8.0842e-01  3.4165e+01 -4.0167e+00  3.4410e+01  1.0000e+00
-1.4946e-01  2.7113e-01  1.5926e-01  2.5522e+01  6.4165e+00 -1.3964e+01  2.9791e+01  1.0000e+00
-1.9912e-01  2.7547e-01  2.1313e-01 -1.5812e+01 -2.0942e+01  1.0281e+00  2.6261e+01  1.0000e+00
 1.0644e+00 -1.0269e+00 -3.0752e-01  2.7270e+00 -9.4839e-01  1.4350e+00  3.2241e+00  1.0000e+00
-4.1743e-01  1.5579e-01  1.5981e-01 -7.2817e+01  1.4149e+01  3.4583e+01  8.1844e+01  1.0000e+00
 5.2729e-02  3.7960e-01  1.6646e-01 -6.1301e+00  3.6255e+00 -1.7739e+01  1.9115e+01  1.0000e+00
 2.9211e+00  1.7989e+00 -4.3347e-01  2.0904e+01  1.5212e+01 -1.6176e+00  2.5904e+01  1.0000e+00
-1.5762e-01  7.8635e-02  1.9212e-02 -3.5226e+00 -1.2770e+01 -2.6831e+00  1.3516e+01  1.0000e+00
-3.4543e-01  2.7890e-01 -1.3482e-02 -1.3177e+01 -1.9344e+01 -1.9485e+01  3.0455e+01  1.0000e+00
-1.5514e-01  2.0507e-01  1.4239e-01 -2.5764e+01  8.2708e+00  1.6185e+01  3.1530e+01  1.0000e+00
 2.0228e-01  2.8921e+00  2.6156e-01  5.0727e+00  2.1655e+01 -2.4376e-02  2.2241e+01  1.0000e+00
-5.9187e+01  7.3026e+01 -4.8211e+01 -3.7964e+02  4.7214e+02 -3.1702e+02  6.8377e+02  1.0000e+00
-6.8054e-01  1.3079e+00  3.8562e-01 -1.0191e+01  1.1797e+00  6.0272e-02  1.0259e+01  1.0000e+00
-2.5028e-02 -4.0922e-02  1.8151e-01 -1.5508e+00  3.9177e+00 -7.7932e+00  8.8593e+00  1.0000e+00
-1.0521e+00  1.1780e+00 -2.0969e-01 -3.2189e+00  5.8317e+00 -5.4005e-01  6.6830e+00  1.0000e+00
-4.7915e-02  3.0020e-01 -1.4200e-01  1.2106e+01  1.0715e+01 -2.5584e+00  1.6368e+01  1.0000e+00
-6.0867e-01  1.1963e-01  2.0174e-01  4.9592e+00  9.9593e+00  1.1652e+01  1.6110e+01  1.0000e+00
 1.7865e+00 -2.7623e+00 -2.6180e+00  1.1936e+01 -2.2791e+01 -2.2208e+01  3.3987e+01  1.0000e+00
-2.4566e-01  2.4910e-01  2.0798e-01 -1.4754e+01  2.3588e+01  1.9024e+01  3.3705e+01  1.0000e+00
 8.1805e-01  3.7933e-01  2.2410e-01 -8.5062e+00  2.6842e+00 -4.8104e+00  1.0134e+01  1.0000e+00
-9.8821e-03  2.5588e-01  2.0125e-02  5.0495e+00 -1.0795e+01 -1.6271e+01  2.0169e+01  1.0000e+00
-3.7726e+00  4.8621e-02  3.1056e+00 -3.1987e+01  2.3078e+00  2.7648e+01  4.2343e+01  1.0000e+00
 2.9848e-01  1.7462e-01  4.9292e-01 -2.0955e+00  9.4476e+00  8.9186e+00  1.3160e+01  1.0000e+00
-3.2464e-01  1.1366e-01  9.9760e-02  8.2433e+00 -1.9320e+01  6.1230e+00  2.1880e+01  1.0000e+00
-2.5466e+00  2.1961e+00 -4.0747e+00 -2.1524e+01  1.9806e+01 -3.4777e+01  4.5442e+01  1.0000e+00
 4.2892e+00 -3.0114e+00  1.1378e+00  3.6352e+01 -2.4588e+01  1.0186e+01  4.5053e+01  1.0000e+00
 2.5640e+00 -1.5544e+00  2.6813e+00  1.9540e+01 -1.2103e+01  2.2100e+01  3.1886e+01  1.0000e+00
-1.6999e-01  2.2773e-01 -1.1482e-03  1.9068e+00  1.5938e+01  2.6043e+01  3.0592e+01  1.0000e+00
-2.0890e-01  3.0860e-01  6.2795e-02  1.0407e+01 -2.4772e+01  5.3005e+00  2.7387e+01  1.0000e+00
-3.0453e-01  1.9770e-01  2.7463e-01 -1.9135e+01 -4.8709e+00  1.5345e+01  2.5007e+01  1.0000e+00
-2.3638e+00  6.9193e-01  1.0072e+00 -1.7648e+01  1.9336e+00  5.2490e+00  1.8513e+01  1.0000e+00
-2.3914e-01  4.6350e-01  2.7078e-01  1.4349e+01  3.0429e+00 -8.7388e-01  1.4694e+01  1.0000e+00
 7.9791e-01 -4.2653e-01  1.5420e-01 -3.3263e+00  6.5576e+00  7.3697e+00  1.0410e+01  1.0000e+00
-2.6561e-01  8.4868e-01 -4.1720e-02 -4.1780e-01  1.3058e+01 -2.5586e+00  1.3313e+01  1.0000e+00
-2.4564e-02  1.8090e-01 -2.6433e-02  1.4970e+01 -1.7320e+01  1.1607e+01  2.5668e+01  1.0000e+00
-2.0240e+00  1.3947e+00 -1.6757e+00 -1.5052e+01  1.5488e+01 -1.2849e+01  2.5131e+01  1.0000e+00
-4.1894e-01  4.6837e-01  2.0999e-02 -2.0298e+01 -9.2824e+00 -9.0793e+00  2.4096e+01  1.0000e+00
-1.3663e+00  8.9774e-01 -3.4943e+00 -1.1253e+01  7.0916e+00 -2.7341e+01  3.0404e+01  1.0000e+00
 3.9011e-01  2.7128e+00  1.5750e+00 -5.7822e+00  1.8527e+01  7.2100e+00  2.0704e+01  1.0000e+00
-3.9139e+00 -1.0793e+00 -1.3975e+00 -3.5518e+01 -7.2784e+00 -9.5953e+00  3.7504e+01  1.0000e+00
-8.5590e-01 -8.7576e-01  2.8178e-01  4.2403e+00 -3.4901e+00  1.0898e+00  5.5990e+00  1.0000e+00
-8.4463e-01  2.6343e-01  1.0002e+00  5.3355e+00  2.2546e+00  2.2835e-01  5.7968e+00  1.0000e+00
 1.1232e-01  2.0975e-01  5.6050e-01 -2.4258e+00  2.6399e+00  1.5133e+01  1.5552e+01  1.0000e+00
 4.1931e-01  4.2799e-01  6.1243e-01 -6.5035e-02  9.6068e+00  8.3711e+00  1.2742e+01  1.0000e+00
-2.4372e-01  7.4336e-02  1.3629e-01 -1.7714e+01  3.7140e+00  3.5025e+01  3.9425e+01  1.0000e+00
-4.1445e-02  1.7402e-01  1.6731e-02  1.3063e+01  3.1518e+01 -9.1964e+00  3.5335e+01  1.0000e+00
 1.0047e-01  9.2103e-01  3.3650e-01  2.7556e-01 -3.8984e+00 -5.3670e+00  6.6391e+00  1.0000e+00
 1.3734e+00 -7.7320e-01  1.8399e+00  5.2694e+00 -5.1523e+00 -5.2906e-01  7.3887e+00  1.0000e+00
-2.1376e-01  3.6821e-01  9.7558e-02 -2.5268e+01 -3.7991e+00  4.5542e+00  2.5955e+01  1.0000e+00
 9.1474e-02  2.5624e-01 -3.3583e-01  7.6828e+00  6.2450e+00  6.2334e+00  1.1700e+01  1.0000e+00
-5.8972e+00  7.4501e+00 -4.6713e+00 -4.2249e+01  4.4575e+01 -2.6862e+01  6.7034e+01  1.0000e+00
-3.6930e-01  1.0317e+00  1.1138e+00  6.8239e-01 -3.4378e-01  1.2239e+00  1.4429e+00  1.0000e+00
 1.5042e+00 -1.7041e-01 -3.3549e-01  1.1747e+01  7.4491e+00 -4.1639e+00  1.4519e+01  1.0000e+00
-1.9547e-01  1.8576e-01  1.8597e-01  5.7746e+00 -7.4705e+00 -1.6315e+01  1.8851e+01  1.0000e+00
-4.0129e-02  2.7234e-01  1.1289e-01  1.9654e+01 -1.0719e+01  1.1661e+00  2.2417e+01  1.0000e+00
-1.4179e-01 -3.3176e+00 -1.6219e+00 -8.0048e-01 -2.4351e+01 -1.3470e+01  2.7840e+01  1.0000e+00
 1.3233e-01  4.8113e-01  2.9555e-01 -7.9679e+00 -2.5661e+00 -2.1516e+01  2.3087e+01  1.0000e+00
 1.8140e+00 -2.7170e+00 -2.6372e+00  1.7227e+01 -2.0156e+01 -1.8425e+01  3.2288e+01  1.0000e+00
-6.6697e-02  1.3175e-01  1.3132e-01  6.1859e-01  1.1426e+01  2.3840e+01  2.6444e+01  1.0000e+00
-3.0031e-01  1.0996e-01  1.3208e-01  8.8954e+00  9.6282e+00  1.9015e+01  2.3095e+01  1.0000e+00
-2.9960e-01  2.3596e+00  1.2775e+00  2.7371e+00  1.8162e+01  7.2642e+00  1.9751e+01  1.0000e+00
 8.5872e-01 -1.9342e+00  3.0488e+00  7.0535e+00 -1.5321e+01  2.3302e+01  2.8766e+01  1.0000e+00
-1.7152e-01  1.6587e-01  1.7666e-01  1.1367e+01  3.2342e+01 -1.4462e+00  3.4312e+01  1.0000e+00
-1.0744e-01  2.3491e-01  1.5531e-01 -2.9817e+01 -4.7580e+00  1.7302e+00  3.0244e+01  1.0000e+00
-2.5467e-01  4.1420e-01  3.5676e-02 -1.6688e+01  1.1141e+01  6.5431e+00  2.1105e+01  1.0000e+00
-7.3585e-03  6.9037e-02  2.1603e-01  1.3856e+01 -2.8883e+00  1.6736e+01  2.1919e+01  1.0000e+00
-2.4024e+00 -9.1761e-01  1.8193e+00 -1.8838e+01 -5.5071e+00  1.1298e+01  2.2646e+01  1.0000e+00
 1.2903e-01  9.1803e-02 -3.9621e-01 -6.5491e-01  1.1289e+00 -5.7588e+00  5.9048e+00  1.0000e+00
-8.6269e-02  1.8455e-01  1.1495e-01 -3.1412e+01  1.1742e+01 -1.5014e+01  3.6743e+01  1.0000e+00
 3.1296e+00 -4.2029e+00 -2.9378e-01  2.7835e+01 -3.5417e+01 -2.8585e+00  4.5137e+01  1.0000e+00
-7.8400e-02  6.9645e-02  7.5649e-03 -9.3385e+00  2.9602e+01  3.7546e+00  3.1266e+01  1.0000e+00
-1.8742e+00 -2.2734e-01  1.5120e+00 -4.9588e+00  4.2838e+00  7.7193e-01  6.5982e+00  1.0000e+00
-3.1617e-01  1.4995e-01  3.0746e-02  7.4802e+00  1.2830e+01  1.9439e+01  2.4463e+01  1.0000e+00
-2.6891e-01  4.1996e-01  2.6416e-01 -1.5942e+01 -2.2527e+00  7.0663e+00  1.7583e+01  1.0000e+00
 1.5789e+00 -7.5152e-01  3.8528e-01  5.4426e+00 -4.2498e+00 -2.5439e-01  6.9099e+00  1.0000e+00
 7.4923e-02  4.4758e-01  1.1589e-01 -3.2047e+00  4.6494e+00  1.4667e+01  1.5717e+01  1.0000e+00
-2.7218e-01  3.7507e-01 -3.5838e-01  1.2915e+01  3.5946e+00  7.9393e+00  1.5580e+01  1.0000e+00
-1.8059e-01  1.0135e-01 -4.0628e-02 -3.2343e+01 -2.9481e+01 -1.9137e+01  4.7764e+01  1.0000e+00
-1.5122e-01  1.9995e-01  1.5455e-01 -5.0230e+00 -6.6658e+00  2.4466e+01  2.5851e+01  1.0000e+00
-2.3763e-01  1.2197e-01  1.4746e-02 -2.5921e+01  8.0271e+00  9.4658e+00  2.8739e+01  1.0000e+00
-1.9247e-01  2.4279e-01  7.0304e-02  7.9451e+00  3.6686e+00  3.3361e+01  3.4490e+01  1.0000e+00
-3.5055e-01  2.3325e-01  4.0316e-02  1.5575e+01 -5.0777e+00 -1.3332e+01  2.1121e+01  1.0000e+00
-1.7854e-01  3.2994e-01  5.3702e-02 -1.4619e+01  3.5744e+01  1.6837e+01  4.2129e+01  1.0000e+00
-3.2215e-01  5.1095e-02 -3.0518e-01 -6.9116e+00  9.3022e+00  6.1771e+00  1.3132e+01  1.0000e+00
-7.1790e-02  3.4719e-01  1.1270e-01  1.6507e+01  4.6410e+00  7.6341e+00  1.8770e+01  1.0000e+00
-1.6929e-01  4.4147e-01  5.9242e-02 -9.5855e+00  1.5628e+01  1.6000e+01  2.4334e+01  1.0000e+00
-2.5733e-01  2.6384e-01  3.8057e-01 -6.3857e+00 -5.2824e+00 -2.1125e+01  2.2692e+01  1.0000e+00
-4.7161e-01  5.3471e-01 -9.1832e-02 -1.0321e+01 -1.1210e+01  2.2759e+01  2.7389e+01  1.0000e+00
-1.7413e-01  2.3866e-01  4.9140e-02  2.4729e+01 -2.5249e+01 -1.7037e+01  3.9233e+01  1.0000e+00
 2.4664e-01  8.2629e-02  4.5559e-01  1.1730e+00 -1.1012e+01 -7.7231e-01  1.1101e+01  1.0000e+00
-1.8980e-01  2.7954e-01  1.2373e-01  3.0586e+01  9.8060e+00 -1.2031e+01  3.4299e+01  1.0000e+00
 2.3691e-01  1.1175e+00  1.7663e-01  5.6467e+00  1.6801e+01 -3.0615e+00  1.7987e+01  1.0000e+00
-1.6123e-01  2.5263e-01 -2.2872e-01 -1.6976e+01  2.2461e+01 -6.5660e+00  2.8910e+01  1.0000e+00
-9.6830e-01  1.5031e+00  3.9043e+00 -4.9127e+00  8.0353e+00  1.9011e+01  2.1216e+01  1.0000e+00
 2.3263e+00  4.8767e-01  2.7129e-01  1.2830e+01  4.8729e+00  2.9933e+00  1.4046e+01  1.0000e+00
 2.2362e+00 -1.0946e+00 -1.9675e+00  1.6046e+01 -9.4949e+00 -1.3817e+01  2.3206e+01  1.0000e+00
-7.8915e-02  4.1145e-02  3.2676e-01  3.3563e+00  4.5897e+00 -4.3019e+00  7.1300e+00  1.0000e+00
 2.4797e+00 -2.6566e+00 -3.9867e+00  2.2085e+01 -2.2144e+01 -3.2875e+01  4.5375e+01  1.0000e+00
-1.7068e-01  1.2729e-01  8.8355e-02 -1.1261e+01 -1.4343e+01 -1.9809e+00  1.8343e+01  1.0000e+00
-1.1293e-01  4.7294e-01 -1.0624e-01 -5.4789e+00  5.3378e+00  5.9806e+00  9.7096e+00  1.0000e+00
-3.3636e-02  2.0914e-01  2.1044e-01  7.8401e+00  1.0329e+00 -1.0230e+01  1.2930e+01  1.0000e+00
-1.8422e-01  8.5613e-02  1.3299e-01 -4.3977e+00  1.0247e+01 -1.2039e-01  1.1152e+01  1.0000e+00
 9.8425e-02  4.7028e-01  4.4380e-01 -7.3403e+00 -1.0501e+00 -1.1258e+01  1.3480e+01  1.0000e+00
 3.1157e-01  6.4254e-01  8.5882e-01 -1.0237e+01 -2.1762e+00  9.1315e-01  1.0506e+01  1.0000e+00
-9.1818e-02  2.0297e-01  1.2491e-01 -1.6743e+01 -1.4128e+00 -5.6445e+00  1.7725e+01  1.0000e+00
 2.4224e-03  3.8793e-01 -4.1748e-01  5.1999e+00  3.2090e+00  7.0364e+00  9.3192e+00  1.0000e+00
 3.2795e-01 -3.5812e-01  4.9758e-02 -1.8282e+00  9.9719e+00 -4.2432e+00  1.0990e+01  1.0000e+00
-1.9985e-01  4.4317e-01  1.9866e-01  1.2163e+01 -5.5568e+00 -7.8924e+00  1.5528e+01  1.0000e+00
-9.8247e-01  1.0758e+00  3.2143e+00 -5.5290e+00  8.1797e+00  2.4923e+01  2.6808e+01  1.0000e+00
-1.8998e-01 -1.2065e-01  8.5299e-01  1.0668e+01  1.6021e+01 -2.4462e+00  1.9403e+01  1.0000e+00
-1.5949e-01  3.0883e-01 -3.4099e-02  2.3362e+01 -2.0294e+01  8.3367e+00  3.2049e+01  1.0000e+00
 5.1663e-03  4.0128e-01 -1.6232e-01 -4.5465e-02 -1.1833e+00  1.4547e+01  1.4595e+01  1.0000e+00
-1.2273e+00  1.1503e+00  1.3437e+00 -1.7002e+00  8.6814e+00  7.8452e+00  1.1824e+01  1.0000e+00
 2.2843e+00 -5.6768e+00  9.4950e+00  1.5684e+01 -3.9594e+01  7.1226e+01  8.2987e+01  1.0000e+00
 3.7643e+00  7.3750e-01  3.4392e+00  3.2028e+01  6.1491e+00  3.0306e+01  4.4521e+01  1.0000e+00
 1.1321e+00 -9.1510e-01 -5.3996e-01  5.6467e+00 -2.9370e-02 -5.3798e-01  5.6723e+00  1.0000e+00
-2.1431e-02  3.4967e-01  3.0006e-02  2.7546e+01 -5.4069e+00 -1.1883e+00  2.8097e+01  1.0000e+00
-4.6901e-01  6.0940e-01 -1.0390e-01  6.2064e+00 -5.0738e+00  1.2404e+01  1.4769e+01  1.0000e+00
-1.0132e+00  5.1568e-01  4.0613e+00 -8.6393e+00  5.7915e+00  3.4066e+01  3.5618e+01  1.0000e+00
-2.8849e+00 -1.2380e+00 -3.0117e+00 -2.2082e+01 -3.0521e+00 -2.0682e+01  3.0409e+01  1.0000e+00
 5.9829e-01  1.4154e+00 -1.0085e+00 -5.1597e+00  6.2798e+00 -3.0461e+00  8.6797e+00  1.0000e+00
-7.3907e-01 -5.2504e-01 -2.6622e-01 -1.7359e+01 -2.9909e+01 -3.1566e+00  3.4725e+01  1.0000e+00
 4.5576e-01 -1.0310e-01  6.4677e-02  1.7409e+01  5.1818e-01 -5.5641e+00  1.8284e+01  1.0000e+00
-8.3878e-02  2.1062e-01  1.5340e-01 -3.1467e+00 -1.7098e+01  1.0524e+01  2.0322e+01  1.0000e+00
 4.3416e-01  1.5495e+00  6.4824e-01  1.7028e+00  4.0932e+00  1.6147e+00  4.7182e+00  1.0000e+00
-1.7875e-01  1.1158e-01 -1.6291e-02  1.2210e-01  1.3520e+00 -3.8492e+00  4.0816e+00  1.0000e+00
-1.7711e-01  1.6532e-01 -9.9186e-02  1.4142e+01 -1.3198e+01  1.6925e+01  2.5703e+01  1.0000e+00
-1.4454e+00  4.3639e+00 -6.2771e-01 -1.1462e+01  3.6557e+01 -4.5381e+00  3.8580e+01  1.0000e+00
 1.2223e+00 -5.0027e-01  3.2689e-01  1.3957e+01  2.3906e+00  1.2446e+01  1.8852e+01  1.0000e+00
-3.0069e+00 -3.8581e-01 -6.9506e-01 -2.2091e+01 -5.6061e-02 -5.9022e+00  2.2866e+01  1.0000e+00
 8.5606e-01  1.0721e-01  1.3324e+00 -3.3952e+00  4.6049e+00  6.4484e+00  8.6206e+00  1.0000e+00
-2.6219e+00 -1.0686e+00  1.5642e+00 -1.7381e+01 -8.0991e+00  1.2119e+01  2.2684e+01  1.0000e+00
-2.0739e-03  1.7575e-01  1.0959e-01  3.1220e+00  4.4328e+00 -1.7143e+00  5.6865e+00  1.0000e+00
 5.0236e+00  1.7317e+00  4.4880e-01  4.2443e+01  1.5386e+01  3.5505e+00  4.5285e+01  1.0000e+00
 1.8910e+00  2.8588e+00  1.4313e-01  1.6377e+01  2.2420e+01  3.2671e+00  2.7956e+01  1.0000e+00
-3.8215e+00 -2.4629e+00 -1.4821e+00 -3.2147e+01 -1.8687e+01 -1.0864e+01  3.8738e+01  1.0000e+00
 6.0230e-01 -4.0453e-01 -8.4182e-01 -2.6541e+00 -1.0523e+01 -5.8491e+00  1.2329e+01  1.0000e+00
-3.9540e+00 -2.6740e-01 -1.0027e+00 -3.3209e+01 -3.3703e-01 -8.7549e+00  3.4345e+01  1.0000e+00
-6.5753e-01  5.6225e-01  1.0669e-01  6.7980e-01  4.3357e+00  9.8031e+00  1.0741e+01  1.0000e+00
 5.7191e-01  1.4120e+00 -9.9672e-01  4.7308e+00  8.8505e+00  5.8287e-01  1.0052e+01  1.0000e+00
-9.7232e-01  3.3047e+00 -1.5372e+00 -7.1734e+00  2.6603e+01 -9.7756e+00  2.9236e+01  1.0000e+00
-3.9846e-02  2.3291e-01 -5.2840e-02  6.0077e+01  4.3237e+01 -4.0086e+01  8.4176e+01  1.0000e+00
 8.2770e-02  4.0684e-01 -6.0004e-02 -1.0334e+01 -1.2792e+01  1.0812e+00  1.6480e+01  1.0000e+00
-8.9769e-01 -4.5317e-01 -1.4889e+00 -4.0120e+00 -3.6763e-02 -1.1107e+01  1.1810e+01  1.0000e+00
 7.0427e-02  3.9862e-01 -5.0180e-02  2.0521e+01  2.2378e+01  1.8385e+00  3.0418e+01  1.0000e+00
 8.2435e-01 -1.0361e+00 -1.5227e+00  1.0209e+01 -8.5627e+00 -1.3185e+00  1.3390e+01  1.0000e+00
-4.8619e-02  3.3362e-01 -5.1825e-02  6.3662e+00  3.3388e+01 -3.1864e+01  4.6590e+01  1.0000e+00
-9.7551e-02 -2.2564e-01 -4.9461e-01 -7.0920e+00 -1.1225e+00  7.1107e+00  1.0105e+01  1.0000e+00
-2.7559e+00 -1.3305e+00 -4.6973e+00 -2.5490e+01 -1.2929e+01 -4.5014e+01  5.3322e+01  1.0000e+00
-5.1655e+00 -1.9066e+00 -1.3616e-01 -4.5249e+01 -1.4767e+01 -1.4963e+00  4.7621e+01  1.0000e+00
 5.0467e-01 -1.4298e+00 -1.3816e+00  6.1745e+00 -6.8638e+00 -1.0509e+01  1.3988e+01  1.0000e+00
 5.3551e+00  7.5158e-01 -4.8340e-01  4.5536e+01  8.1666e+00 -4.9281e+00  4.6524e+01  1.0000e+00
 1.8224e-02  4.3911e-01 -9.9443e-02 -1.4938e+01 -9.8047e+00  4.0341e+00  1.8318e+01  1.0000e+00
-1.5065e-01  2.1382e-01  2.4372e-01 -2.3052e+01  1.3934e+01 -1.5182e+01  3.0920e+01  1.0000e+00
-5.1211e-02  4.3964e-01  4.0175e-01 -3.3104e-01  7.1895e+00 -1.5439e+01  1.7034e+01  1.0000e+00
-9.5629e-02  7.1068e-01 -1.3405e-01 -5.7498e+00  2.2927e+01 -1.1419e+01  2.6251e+01  1.0000e+00
-3.5029e-01  3.8866e-01  1.4394e-01 -6.0114e+00 -2.2145e+00  9.0679e+00  1.1103e+01  1.0000e+00
 5.6136e-04  1.1507e-01 -5.2755e-02 -2.6500e+00 -7.9389e+00  3.3772e+00  9.0252e+00  1.0000e+00
-2.2264e-01  1.8836e-01  1.5521e-01 -1.4006e+01 -8.9329e+00 -2.2453e+01  2.7930e+01  1.0000e+00
-2.5339e+00  2.2401e+00 -5.7671e-01 -1.9317e+01  1.6248e+01 -2.7848e+00  2.5395e+01  1.0000e+00
-3.2125e-01  1.0564e-01  1.4585e-01  2.1247e+01  3.4437e+00  3.4146e+00  2.1794e+01  1.0000e+00
-2.9287e+00 -8.0470e-01  9.1328e-02 -1.9858e+01 -6.3760e+00 -3.4335e-01  2.0860e+01  1.0000e+00
 8.5095e-02  2.0267e-01  5.3111e-01  8.0453e+00  1.2788e+01  8.4506e+00  1.7311e+01  1.0000e+00
-1.1419e-01  5.3516e-01  1.2318e-01  8.0317e+00  2.0146e+01 -1.0686e+01  2.4178e+01  1.0000e+00
-9.8701e-03  2.6137e-01 -4.4989e-02  2.1724e+00 -3.0215e+00  1.0923e+01  1.1539e+01  1.0000e+00
-1.3768e-01  3.1963e-01  4.3691e-02 -8.4036e+00 -5.7135e+00  1.0324e+01  1.4486e+01  1.0000e+00
 1.7026e+00 -4.3416e+00 -2.0789e+00  1.4602e+01 -3.5886e+01 -1.7253e+01  4.2411e+01  1.0000e+00
-3.8129e+00 -8.3934e-01  3.4368e+00 -3.2749e+01 -5.6947e+00  2.9531e+01  4.4464e+01  1.0000e+00
-1.1102e-01  6.6919e-01  1.3342e-01  1.5607e+01  1.4787e+01  1.2562e+01  2.4901e+01  1.0000e+00
-8.7274e-01 -8.3997e-01 -1.9073e+00 -5.9405e+00 -3.6960e+00 -9.3568e+00  1.1683e+01  1.0000e+00
 1.6877e+00 -9.1921e-01  2.1567e-01  5.6149e+00 -5.8829e+00  1.3062e+00  8.2366e+00  1.0000e+00
-1.3579e-01  1.7187e-01  1.6265e-01 -3.1863e+01  9.9822e+00 -1.0172e+01  3.4905e+01  1.0000e+00
-4.4882e-01 -3.3818e+00 -2.3169e+00 -3.8252e+00 -2.9328e+01 -2.0611e+01  3.6049e+01  1.0000e+00
-9.3061e-01  1.6966e+00 -1.6752e+00 -6.2181e+00  1.0459e+01 -8.5870e+00  1.4893e+01  1.0000e+00
-3.3135e-01  3.1822e-01 -7.9403e-02  1.7340e+01 -1.4233e+01  2.6324e+01  3.4586e+01  1.0000e+00
 1.3211e+00  6.5048e-01  1.9946e-02 -6.5799e-01  3.1567e+00 -4.1242e-01  3.2508e+00  1.0000e+00
-2.8779e-01 -4.9947e-01  2.4716e-01 -7.0419e+00 -1.4159e+01  5.9336e+00  1.6890e+01  1.0000e+00
-8.4353e-01  3.5774e+00 -1.5815e+00 -5.5742e+00  2.7958e+01 -1.1776e+01  3.0845e+01  1.0000e+00
 1.5927e+00  1.3335e-01 -5.2092e-01  3.4927e+00  4.7667e+00 -3.3997e+00  6.8175e+00  1.0000e+00
-3.5109e-01  4.5527e-01  5.4411e+00  1.8184e+00  5.3701e+00  3.0439e+01  3.0963e+01  1.0000e+00
-1.7860e-01 -1.5191e+00 -1.9731e-01 -1.5708e+00 -2.7680e+00  1.1113e+00  3.3711e+00  1.0000e+00
-1.5999e-01  2.0596e-01  1.6489e-01  2.5002e+00  1.2505e+01 -1.6795e+01  2.1088e+01  1.0000e+00
-1.6024e-01  2.5830e-01  1.0530e-01 -1.6876e+01 -1.3036e+01  8.0953e+00  2.2809e+01  1.0000e+00
 1.7493e-01  3.6974e-01 -3.8430e-01  1.3405e+01 -4.6929e+00 -6.9393e+00  1.5807e+01  1.0000e+00
 1.2287e+00  2.6608e+00  1.5706e+00  1.0960e+01  2.2035e+01  1.1659e+01  2.7232e+01  1.0000e+00
-1.1276e-01  2.3411e-01  2.2903e-02 -8.7490e+00 -2.9832e+01  1.3899e+01  3.4053e+01  1.0000e+00
-1.2208e-01 -3.1455e-02 -5.0324e-02  1.9771e+00  1.9701e+00  1.1914e+01  1.2236e+01  1.0000e+00
-1.4108e-01  2.3368e-01 -1.8631e-01 -3.0345e+00  1.7026e+01 -3.4013e+00  1.7625e+01  1.0000e+00
-1.0083e-01  3.8451e-01  1.1735e-01  2.3059e+01 -1.9977e+01  1.2308e+01  3.2898e+01  1.0000e+00
-1.9560e-01  2.5087e-01  8.4157e-02 -1.9845e+00 -2.7198e+01  1.2770e+01  3.0113e+01  1.0000e+00
-1.5268e-01  3.4647e-01  6.5065e-02 -9.3420e+00  1.9030e+01  8.1999e+00  2.2730e+01  1.0000e+00
 2.3992e+00 -1.8413e+00 -4.4720e-01  1.7079e+01 -1.2471e+01 -1.8424e+00  2.1227e+01  1.0000e+00
-5.7273e-02  3.5895e-01  1.6645e-01 -1.2725e+01 -3.9005e+00 -4.9305e+00  1.4193e+01  1.0000e+00
 4.9361e+00 -7.7956e+00  4.8475e+00  2.5473e+01 -5.0772e+01  3.2706e+01  6.5546e+01  1.0000e+00
 1.8208e-01 -4.3885e-01 -1.7915e+00  3.3494e-01 -7.6504e+00  3.1530e-01  7.6642e+00  1.0000e+00
 4.2614e-01 -1.8398e+00 -5.1435e+00  2.8326e+00 -1.5090e+01 -4.3339e+01  4.5978e+01  1.0000e+00
-1.1589e+00 -2.1044e+00 -3.5545e+00 -1.2346e+01 -1.7268e+01 -2.9801e+01  3.6588e+01  1.0000e+00
-3.2635e-01 -3.8166e+00  4.2160e-01 -2.2717e+00 -3.2144e+01  3.4664e+00  3.2411e+01  1.0000e+00
-4.9002e+00 -2.6318e+00 -1.3297e+00 -4.3739e+01 -2.1860e+01 -1.1325e+01  5.0192e+01  1.0000e+00
-2.3558e-01  1.0919e-01  1.1661e-01 -8.2427e+00  2.5684e+01 -8.1813e+00  2.8187e+01  1.0000e+00
-4.0764e+00 -1.0273e+00 -8.6469e-01 -3.5699e+01 -8.7376e+00 -6.1478e+00  3.7264e+01  1.0000e+00
 1.6520e-01  1.3295e-01  1.8228e-02  3.2265e+01 -7.2416e+00  1.6504e+01  3.6957e+01  1.0000e+00
-2.4939e-01  1.2685e-01 -7.2637e-02 -7.8572e+00  6.0322e+00  1.6703e+01  1.9419e+01  1.0000e+00
-5.9288e-01 -1.8768e-01 -1.1933e+00 -7.4402e+00 -4.9189e-01 -2.5376e+01  2.6449e+01  1.0000e+00
 6.4743e-01 -3.0977e-01  9.1213e-01  1.2233e+01  3.2027e+00  1.9025e+00  1.2787e+01  1.0000e+00
-1.3159e-01  1.5324e-01  8.4918e-02  3.1254e+00 -2.3066e+01 -5.1661e+00  2.3843e+01  1.0000e+00
