# limit = 4.90939
#
# x           y           z           vx          vy          vz          s           m
 8.0006e-01 -1.4789e+00 -1.3815e+00 -1.1889e+00 -6.6164e+00  8.4420e-01  6.7752e+00  1.0000e+00
-4.1445e-02  3.0678e-01 -3.2189e-02 -6.9856e+00  7.8271e+00 -1.4202e+01  1.7657e+01  1.0000e+00
 4.9807e+00  5.3542e-02  9.6440e-01  3.6014e+01  1.6047e+00  7.1073e+00  3.6744e+01  1.0000e+00
-6.7744e-02  3.1827e-01 -1.3518e-01 -4.0292e+00 -1.3670e+01  1.1329e+01  1.8206e+01  1.0000e+00
-4.0322e+00  1.6132e+00  2.5543e+00 -3.0785e+01  1.1505e+01  1.8293e+01  3.7613e+01  1.0000e+00
 1.6935e+00 -6.9677e-01  5.0657e+00  1.3295e+01 -4.1696e+00  3.7850e+01  4.0333e+01  1.0000e+00
 4.0789e-01 -4.1202e+00 -2.9847e+00  2.2213e+00 -3.1089e+01 -2.1253e+01  3.7725e+01  1.0000e+00
-3.7526e-01  1.1572e+00  5.0972e-01 -3.5876e+00  1.3998e+01  8.7035e+00  1.6869e+01  1.0000e+00
-7.0862e+00  5.0821e+00  1.5125e+01 -4.5610e+01  3.3434e+01  1.0478e+02  1.1907e+02  1.0000e+00
-7.6198e-02  3.0632e-01  1.4956e-01 -2.3712e+01  1.0444e+01  7.3735e+00  2.6939e+01  1.0000e+00
 1.5860e+00  1.6296e+00  1.2838e+00  7.0987e+00  9.2093e+00  5.7202e+00  1.2958e+01  1.0000e+00
-2.1719e-01  3.8033e-01  6.1490e-02  3.3170e+01 -4.8555e+00  7.2038e+00  3.4289e+01  1.0000e+00
 7.5161e-01  8.9371e-01  1.3783e+00  2.4210e+00 -1.2072e+00  4.2147e+00  5.0082e+00  1.0000e+00
 8.7724e-01  5.2881e-02 -3.9107e-01  2.0722e+01  2.1180e+00 -5.6228e+00  2.1576e+01  1.0000e+00
-1.6865e-01  2.3096e-01 -1.8785e-01 -1.2875e+01  5.3438e+00  3.9799e+00  1.4497e+01  1.0000e+00
-2.0026e+00 -8.9410e-02 -2.0552e+00 -1.4497e+01 -2.8035e+00 -1.0472e+01  1.8102e+01  1.0000e+00
 2.9830e+00 -3.0968e+00 -3.4487e+00  2.2049e+01 -2.2934e+01 -2.6465e+01  4.1382e+01  1.0000e+00
-7.6515e-02  3.0906e-01  4.9029e-02  1.6124e+01 -5.3598e+00 -1.4430e+01  2.2292e+01  1.0000e+00
-1.2414e-01  3.4805e-01  1.9447e-01  2.9439e+01  8.0332e+00 -1.7816e+01  3.5335e+01  1.0000e+00
 1.0561e+01  8.9821e+00 -4.0508e+00  7.3624e+01  5.9059e+01 -2.5278e+01  9.7711e+01  1.0000e+00
-2.4962e-01  1.0612e-01  2.1951e-01  1.5968e+01  1.0767e+01  1.3891e-01  1.9260e+01  1.0000e+00
-2.5545e-01  2.5852e-02  2.1855e-01  5.8774e+00  2.0672e+01 -1.0195e+01  2.3787e+01  1.0000e+00
-1.3903e-01  1.7251e-01  6.7807e-02  6.9090e+00 -2.3036e+00 -1.0646e+01  1.2899e+01  1.0000e+00
-2.1833e+00  3.9476e+00 -4.1511e+00 -1.6347e+01  3.1370e+01 -3.1398e+01  4.7299e+01  1.0000e+00
-1.0072e-01  4.7485e+00 -2.1495e+00 -1.1477e+00  3.5509e+01 -1.5668e+01  3.8829e+01  1.0000e+00
-9.0753e-01  1.8974e-01 -2.3416e+00 -1.0618e+01  6.2942e+00 -1.5984e+01  2.0196e+01  1.0000e+00
 1.7963e+00 -3.6839e+00  8.1897e-01  1.1056e+01 -2.8428e+01  5.3063e+00  3.0960e+01  1.0000e+00
 8.2235e+00 -2.0668e+00 -7.9181e+00  7.5474e+01 -1.9892e+01 -7.2836e+01  1.0676e+02  1.0000e+00
 2.3517e-01 -5.4946e+00 -7.2560e+00  2.1944e+00 -4.2532e+01 -5.6088e+01  7.0424e+01  1.0000e+00
-4.1192e-01  1.8602e-01  1.8704e-01 -3.3673e+00 -2.0793e+00  1.7860e+01  1.8293e+01  1.0000e+00
-1.3655e-01  3.9440e-01  1.4895e-01  3.1570e+00 -1.8550e+01 -1.6897e+01  2.5290e+01  1.0000e+00
-1.4549e-01  2.2840e-01  1.0525e-01  1.8530e+01  2.1020e+01  2.7769e+00  2.8159e+01  1.0000e+00
 3.9918e-02  3.2235e-01 -3.0581e-01 -4.0862e+00  4.5796e+00  6.5487e-01  6.1724e+00  1.0000e+00
-2.4623e-01  2.5598e-01  1.4491e-01  1.4121e+01  1.0282e+01 -1.5420e+01  2.3300e+01  1.0000e+00
-9.7470e-02  2.9195e-01  2.4974e-01  1.5793e+01  7.2860e+00  4.7939e-01  1.7399e+01  1.0000e+00
-2.4951e-01  3.4984e-01 -1.4503e-01 -2.8596e+01  3.7880e+00  9.2908e-01  2.8861e+01  1.0000e+00
 1.5041e+00  9.0980e-02 -4.8346e-01 -3.1189e+00 -3.8623e+00  4.2423e+00  6.5301e+00  1.0000e+00
-4.0575e+00  7.7580e+00 -1.0193e+01 -2.8624e+01  5.4862e+01 -6.8179e+01  9.2074e+01  1.0000e+00
 5.9005e-02  3.8128e-01  7.1131e-01 -4.3001e+00  2.7172e+00 -1.3336e+01  1.4273e+01  1.0000e+00
 3.1747e+00 -8.2690e-01  2.6216e+00  2.1616e+01 -4.5631e+00  1.8187e+01  2.8616e+01  1.0000e+00
 2.2145e+00  1.9344e+00 -1.1467e-01  1.3165e+01  1.2041e+01  1.9640e+00  1.7949e+01  1.0000e+00
-2.5043e-01  2.4275e-01 -6.1303e-01 -1.1637e+01  3.8522e+00 -8.1188e+00  1.4703e+01  1.0000e+00
 2.2834e-01 -2.4349e-02  1.3088e-01 -1.4554e+00 -9.3914e+00  6.5452e+00  1.1539e+01  1.0000e+00
 5.2483e-01 -1.7619e+00  5.4422e+00  4.3559e+00 -1.2512e+01  4.1099e+01  4.3182e+01  1.0000e+00
 5.1039e+00  2.4962e+00  3.7383e-01  3.9996e+01  1.9511e+01  3.2418e+00  4.4619e+01  1.0000e+00
 8.8512e-02 -3.5833e+00  4.3283e-01  3.1739e+00 -2.6373e+01  4.7219e+00  2.6979e+01  1.0000e+00
-1.1285e-01  3.1554e-01  2.0577e-01 -2.2346e+01  1.1948e+01 -9.6435e+00  2.7113e+01  1.0000e+00
 1.1841e+00 -1.6819e+00 -5.4512e-01  7.4155e+00 -5.7482e+00 -3.5531e-01  9.3892e+00  1.0000e+00
 2.9446e+00 -1.0888e+00  1.2301e+00  1.8642e+01 -7.3077e+00  8.0181e+00  2.1569e+01  1.0000e+00
 1.4496e-01  1.2029e-01  4.0656e-01  6.2380e-01  5.5978e+00 -2.4728e+01  2.5361e+01  1.0000e+00
 9.7030e-02  2.3477e-01 -2.8290e-01 -6.3068e+00  2.1553e-01  1.0610e+01  1.2345e+01  1.0000e+00
-1.4316e-01  1.3666e-01 -1.4311e-01  1.7990e+01  6.0662e+00  2.1737e+00  1.9109e+01  1.0000e+00
-1.1639e+00 -1.7268e+00  1.6979e+00 -5.8328e+00 -1.0033e+01  9.5295e+00  1.5016e+01  1.0000e+00
 1.7989e-01  1.0797e-01 -1.3012e-02 -1.1352e+01  1.7722e+00  1.6521e+00  1.1608e+01  1.0000e+00
-2.9272e-01  3.8794e-01  8.3311e-02  5.7699e-01 -2.2575e+00  3.5741e+01  3.5817e+01  1.0000e+00
-3.6429e-01  2.8013e-01 -8.7753e-02 -7.9305e+00 -6.7715e+00  2.2062e+01  2.4403e+01  1.0000e+00
-1.4523e-01  3.5760e-01 -7.0778e-02 -8.1283e-01  1.3476e+01 -2.6879e+01  3.0079e+01  1.0000e+00
 1.8904e-01  1.2972e-01  1.5040e-02 -1.4527e+01  1.4758e+01 -3.0936e+00  2.0938e+01  1.0000e+00
 1.1164e-01  1.1938e-01 -1.0219e-01 -1.5618e+00 -6.4756e+00 -3.2037e+00  7.3917e+00  1.0000e+00
 1.5138e+00 -6.2692e-01  4.0229e+00  9.7178e+00 -5.6344e+00  2.9899e+01  3.1940e+01  1.0000e+00
 7.0234e-02  1.9077e-01  8.7565e-02  1.0098e+01  9.8288e+00 -1.1410e-01  1.4092e+01  1.0000e+00
-3.1104e-02  2.9715e-01 -1.7528e-01  1.8823e+00  2.1207e+01 -9.4938e+00  2.3311e+01  1.0000e+00
 1.5261e+00  8.3871e-02 -7.3979e-01  2.4417e+01  2.0929e+00 -1.2437e+01  2.7482e+01  1.0000e+00
-3.6664e-01  2.6337e-01  1.0454e-01  1.6385e+01  1.1918e+01 -2.2279e+00  2.0383e+01  1.0000e+00
 1.8429e+00 -5.2545e-01  5.4350e-01  5.4486e+00 -1.8150e+00  2.2461e+00  6.1665e+00  1.0000e+00
-1.1456e-01  2.5525e-01  1.1916e-01  1.3989e+01 -1.9882e+01 -3.1076e+01  3.9455e+01  1.0000e+00
-9.2310e-02  3.0941e-01  2.5571e-02 -1.5348e+01  1.9596e+00 -2.1045e+01  2.6120e+01  1.0000e+00
 2.1904e-02  2.8796e-01  1.4513e-01 -1.7001e+01 -1.6130e+01 -5.8674e+00  2.4158e+01  1.0000e+00
-1.1782e-01  2.5126e-01 -2.4434e-01  1.0421e+01  1.3125e+00 -3.6806e+00  1.1129e+01  1.0000e+00
 4.5561e-02  1.9868e-01  2.2386e-01  1.8956e+01 -2.4839e+01  7.9721e+00  3.2246e+01  1.0000e+00
 4.7278e+00  6.2899e-01  9.2208e-01  3.5621e+01  3.9906e+00  6.3716e+00  3.6406e+01  1.0000e+00
-2.5145e-01  2.3667e-01  1.3999e-01  1.3358e+01  1.1397e+01 -4.0020e+00  1.8010e+01  1.0000e+00
-2.7182e-02 -1.8318e-01  2.4153e-01 -1.8143e+00  1.1206e+01 -3.9797e+00  1.2029e+01  1.0000e+00
-2.7363e-01  2.9212e-01  1.6357e-01  2.3518e+01 -2.8010e+01 -2.0623e+01  4.1988e+01  1.0000e+00
 6.5918e-03  1.8881e-01 -1.6925e-02 -1.4227e+01  1.4294e+01 -1.6966e+00  2.0239e+01  1.0000e+00
-1.6268e-01  1.9316e-01  3.1252e-02  1.4736e+01 -1.0637e+01  2.1972e+01  2.8514e+01  1.0000e+00
-1.4237e-01  1.9964e-01 -2.9096e-02 -7.6123e+00 -2.5364e+01  1.1060e+01  2.8698e+01  1.0000e+00
 1.3277e-01 -4.5210e-01 -4.3188e-01 -3.7194e+00  6.2180e+00  1.0993e+01  1.3166e+01  1.0000e+00
 5.4737e+00 -2.7795e+00 -6.6617e-01  4.2625e+01 -2.0182e+01 -4.9056e+00  4.7416e+01  1.0000e+00
-3.4484e+00 -2.2450e+00 -1.4654e+00 -2.5060e+01 -1.5484e+01 -9.4132e+00  3.0925e+01  1.0000e+00
-1.5718e-01  1.5860e-01  2.5478e-01 -1.2610e+01 -1.4979e+01  3.7265e+00  1.9931e+01  1.0000e+00
-3.4533e-01  1.8939e-01  7.3286e-02  1.7485e+01  8.7542e+00 -1.1335e+01  2.2602e+01  1.0000e+00
 1.1315e+00 -5.8361e-01 -9.6235e-01  5.0962e+00 -2.3858e+00 -2.6890e+00  6.2365e+00  1.0000e+00
 1.7821e+00  1.1856e+00  2.1205e+00  9.4895e+00  8.5767e+00  1.2171e+01  1.7656e+01  1.0000e+00
 2.3321e-02  3.1411e-01  2.6967e-01  4.6308e+00  7.3582e+00  6.7324e+00  1.0996e+01  1.0000e+00
-1.5527e-01  2.5170e-01  8.7107e-02 -3.4520e+01  1.7950e+01 -6.0404e+00  3.9374e+01  1.0000e+00
-3.0592e-01  6.3694e-01 -1.5827e-01  3.0225e+00 -1.3709e+01  2.0037e+01  2.4465e+01  1.0000e+00
 1.3373e+00 -9.3919e-01  1.3098e+00  7.5315e+00 -1.9409e+00  7.3814e+00  1.0723e+01  1.0000e+00
-3.3009e-02  3.3908e-01  2.7499e-01  1.4551e+01 -1.4061e+01  7.9327e+00  2.1735e+01  1.0000e+00
-6.6662e-02  4.1957e-01  1.7096e-01 -2.4408e+01  1.0503e+01  1.6117e+00  2.6621e+01  1.0000e+00
 1.3988e+00 -9.2542e-01  1.2089e+00  6.8645e+00 -5.2652e+00  5.7936e+00  1.0412e+01  1.0000e+00
-2.4523e-01  2.9946e-01  1.9870e-01  4.8733e+00  1.8700e-02  2.2875e+01  2.3388e+01  1.0000e+00
-2.9845e-02  4.4581e-02  1.0799e-01 -8.2257e+00  2.5880e+01  2.1481e+00  2.7241e+01  1.0000e+00
-9.1695e-02  3.1849e-01 -1.2126e-01 -4.8356e+00 -3.5595e+00 -4.6388e+00  7.5876e+00  1.0000e+00
-9.0833e-01  1.3847e+00  1.2491e-01  9.2794e-02 -1.1862e+00  2.6104e+00  2.8687e+00  1.0000e+00
-7.0795e-02  2.2428e-01 -1.5179e-02  2.1190e+01  8.5013e+00  8.2903e-01  2.2847e+01  1.0000e+00
-1.8426e-01  3.9955e-01  8.5886e-03  1.1425e+01 -1.6644e+01 -1.5050e+01  2.5180e+01  1.0000e+00
-1.9032e+00 -2.8738e+00 -3.1902e+00 -1.3884e+01 -2.0125e+01 -2.2574e+01  3.3277e+01  1.0000e+00
 4.7238e-01 -1.1018e+00 -4.7695e+00  3.1000e+00 -5.9062e+00 -2.5487e+01  2.6345e+01  1.0000e+00
-5.1569e-01  1.7824e+00 -1.0579e+00  4.4986e+00  1.2607e+01 -7.4476e+00  1.5318e+01  1.0000e+00
-1.6204e-01  2.4518e-01 -3.5671e-02  1.0289e+01 -4.0830e+00 -8.0908e+00  1.3711e+01  1.0000e+00
-2.0964e-01  3.1046e-01  1.3913e-01  1.3198e+01 -3.4082e+01  3.7242e+00  3.6738e+01  1.0000e+00
 1.5183e+00 -1.0505e+00 -1.7150e-01  5.8072e+00 -1.7306e+00 -1.2865e+00  6.1946e+00  1.0000e+00
 1.0283e+00 -3.9916e-01  3.7320e-01 -1.5347e+00  4.9179e+00 -1.0583e+00  5.2594e+00  1.0000e+00
 4.7587e+00  1.6375e+00 -8.5403e-02  3.4936e+01  1.3809e+01 -1.0832e+00  3.7582e+01  1.0000e+00
-2.8394e-01  4.7699e-01 -7.5844e-02 -2.4151e+00 -9.4094e-01  6.8223e+00  7.2980e+00  1.0000e+00
 3.5294e+00  1.5350e-01  3.9632e+00  2.5913e+01  1.5782e+00  2.9087e+01  3.8987e+01  1.0000e+00
-2.7435e-01  2.9164e-01  1.4716e-01 -1.9229e+01  6.9652e+00  3.0455e+01  3.6685e+01  1.0000e+00
 3.6919e-01  9.5160e-02 -7.2880e-02  4.7053e+00 -1.6149e+01  7.5216e+00  1.8425e+01  1.0000e+00
-5.5466e+00  1.0516e+00  1.2335e+00 -4.2552e+01  9.2414e+00  9.7392e+00  4.4620e+01  1.0000e+00
-6.3499e-01  1.9269e+00 -7.0818e-02 -3.9644e+00  4.1660e+00  3.0978e+00  6.5321e+00  1.0000e+00
 1.2928e+00 -2.1190e+00  3.7112e+00  8.2793e+00 -1.4544e+01  2.6983e+01  3.1751e+01  1.0000e+00
 1.5432e+00 -1.5091e+00  3.1346e+00  9.8399e+00 -1.0296e+01  2.1420e+01  2.5722e+01  1.0000e+00
 2.6307e+00 -3.0614e+00 -1.2124e+00  1.7536e+01 -2.1053e+01 -7.5399e+00  2.8418e+01  1.0000e+00
 1.8798e+00 -1.3186e+00  4.6957e-01  8.3209e+00 -3.6668e+00  1.5186e+00  9.2190e+00  1.0000e+00
-1.5620e-01  1.8485e-01  2.3712e-01 -2.5028e+01  3.9223e+00  8.5179e+00  2.6727e+01  1.0000e+00
-4.1103e-01  1.9284e-01  2.7810e-01  8.5720e+00 -1.1569e+01 -4.4643e+00  1.5075e+01  1.0000e+00
-3.5842e-01  3.1878e-01  6.8694e-02 -1.5808e+01  7.3964e+00  4.4371e+00  1.8008e+01  1.0000e+00
-4.1544e-02  1.6654e-01  1.6544e-02  1.6291e+01 -2.2915e+01 -8.5570e-01  2.8129e+01  1.0000e+00
-1.2808e-01  2.2734e-01  1.5454e-01 -3.9793e+01  9.7690e+00  7.6426e+00  4.1681e+01  1.0000e+00
 5.3367e-02  2.6599e-01  2.5610e-01 -8.5469e+00  1.3312e+01  1.9292e+01  2.4948e+01  1.0000e+00
-5.3315e-01 -4.6367e-02  1.1504e-01 -1.2271e+01 -1.0174e+01  3.0482e+00  1.6229e+01  1.0000e+00
-7.1900e+00  2.9070e+00  2.5764e+00 -5.5611e+01  2.3256e+01  2.1447e+01  6.3979e+01  1.0000e+00
-1.7985e-01  2.9546e-01  4.4851e-02 -6.0395e+00  2.6591e+01  2.1850e+01  3.4943e+01  1.0000e+00
-1.5576e-01  3.6694e-01  2.1418e-01  2.7084e+01  2.5189e+00 -1.9217e+00  2.7269e+01  1.0000e+00
-5.9562e-01  2.0093e-01  2.6867e-01 -1.4475e+01  7.6201e+00 -2.0929e+00  1.6491e+01  1.0000e+00
 2.8099e+00 -2.5840e+00 -1.1867e+00  2.1415e+01 -1.7447e+01 -6.7672e+00  2.8439e+01  1.0000e+00
-1.1474e-01  1.4782e-01 -1.8198e-01  4.6400e+00  3.5071e+00  1.4526e+01  1.5647e+01  1.0000e+00
 1.9716e+00 -1.7687e+00  4.0331e+00  1.3944e+01 -1.1831e+01  3.1092e+01  3.6071e+01  1.0000e+00
-3.0180e-01  2.2404e-01  1.3296e-01  1.1008e+01 -1.9876e+01  7.0903e+00  2.3802e+01  1.0000e+00
-5.7997e-01 -9.2918e-01 -3.7081e+00 -5.5130e+00 -5.6993e+00 -2.4964e+01  2.6193e+01  1.0000e+00
 1.6817e+00 -9.9672e-01  6.5711e-01  4.0481e+00 -3.8973e+00  4.0459e+00  6.9243e+00  1.0000e+00
-1.7418e-01  3.7651e-01  5.9021e-02 -1.0721e+01 -2.4116e-01 -4.9503e+00  1.1811e+01  1.0000e+00
-5.9572e-02  4.5281e-01  4.5535e-01 -6.2417e+00  5.7723e+00 -6.9397e+00  1.0974e+01  1.0000e+00
-6.1747e-01  8.1270e-01  1.0253e-01 -1.8325e+01  9.0366e+00  2.9870e+00  2.0649e+01  1.0000e+00
-2.8315e-01  1.3914e+00 -4.8093e-02  1.7606e+00 -2.8238e-01 -1.0375e+01  1.0527e+01  1.0000e+00
 7.2301e-03 -3.3504e-01 -4.8248e-02  9.7279e-01 -1.6779e-01  1.7541e+00  2.0128e+00  1.0000e+00
-4.0458e-01  1.4564e-01 -1.1922e-01  1.8319e+00  4.2487e+00 -1.4459e+01  1.5182e+01  1.0000e+00
 2.0008e+00 -1.3388e+00  2.5327e-01  8.5613e+00 -5.4450e+00  5.0161e+00  1.1318e+01  1.0000e+00
-5.7937e-01 -1.5175e+00  3.7818e+00 -4.5478e+00 -1.2521e+01  2.7986e+01  3.0995e+01  1.0000e+00
-7.2239e-01  2.5319e-01 -1.6547e-01 -9.5991e+00  3.1633e+00 -3.6796e+00  1.0756e+01  1.0000e+00
-1.6962e-01  3.5926e-01  2.5671e-01  1.3060e+01  2.6411e+01 -2.0379e+01  3.5825e+01  1.0000e+00
-5.4793e+00  5.3020e-01 -1.8018e+00 -3.6994e+01  8.7962e+00 -9.8861e+00  3.9290e+01  1.0000e+00
-3.9679e-01  2.1780e-01  1.0703e-02 -2.0348e+01 -7.6794e+00  1.4513e+01  2.6146e+01  1.0000e+00
-7.0347e-02  2.5093e-01 -1.5506e-01  9.5662e+00  5.0438e-01 -3.7359e+00  1.0282e+01  1.0000e+00
 8.1354e-02  3.4573e-01 -2.9500e-02 -9.7241e+00 -1.3632e+01  1.4568e+01  2.2195e+01  1.0000e+00
-1.7538e+00 -7.8263e+00 -8.3337e+00 -1.5025e+01 -4.5022e+01 -5.2545e+01  7.0808e+01  1.0000e+00
 4.8616e+00 -4.3288e+00  1.2513e+00  3.6302e+01 -3.2036e+01  8.9811e+00  4.9242e+01  1.0000e+00
-4.0319e-01 -3.4720e-02  6.9273e-01  2.5574e+00  4.9320e+00  1.3813e-01  5.5573e+00  1.0000e+00
 7.0491e-01 -4.2538e-01 -1.6470e+00  2.9737e+00  3.1084e-01 -4.2626e+00  5.2067e+00  1.0000e+00
-1.6879e-01  4.2155e-01 -6.6366e-02  1.0132e+01  8.6538e+00 -1.2094e+01  1.7995e+01  1.0000e+00
 4.8558e-01 -9.7263e-01 -1.5481e+00  3.5963e+00 -1.0244e+00 -5.4248e+00  6.5887e+00  1.0000e+00
-7.3739e-01  9.9497e-01  3.1363e-01 -5.4574e+00  7.7826e+00 -4.9715e+00  1.0727e+01  1.0000e+00
 7.6812e-03  1.8079e-01  5.6657e-03 -2.7003e+01  4.7574e+00  8.3901e+00  2.8674e+01  1.0000e+00
-2.6911e+00  4.0159e+00 -2.3029e+00 -2.0077e+01  3.1695e+01 -1.6619e+01  4.1034e+01  1.0000e+00
-1.3912e-01  3.7731e-01 -1.4803e-02 -1.9344e+01 -7.4949e+00  9.3440e+00  2.2752e+01  1.0000e+00
-1.1307e+00  2.6866e-01 -6.5791e-01 -9.9064e+00  8.4110e-01 -8.7689e-01  9.9806e+00  1.0000e+00
-2.4353e-02  3.0217e-01 -8.8813e-03  6.9473e+00 -1.2576e+01  2.2151e+01  2.6403e+01  1.0000e+00
 1.9208e-02  2.2814e-01  1.8523e-02  8.5937e+00  1.9351e+00 -2.2609e+01  2.4265e+01  1.0000e+00
-2.4121e-01  3.2010e-01 -2.4633e-02 -1.4694e+01 -5.0502e+00  2.0227e+01  2.5506e+01  1.0000e+00
-2.5135e-01  4.0895e-01  1.0571e-01  7.7877e+00  1.0081e+01  6.1798e+00  1.4159e+01  1.0000e+00
-2.6625e-01  6.8821e-01  3.9080e-01 -5.9674e+00  1.0407e+01 -2.4618e+00  1.2246e+01  1.0000e+00
 2.1767e-02  2.6870e-01 -6.1850e-02  5.0061e+00  1.1145e+00  4.8209e+00  7.0388e+00  1.0000e+00
-3.2341e-01  4.0402e-01  5.9539e-02  1.7771e+01  1.8090e+01 -2.2610e+00  2.5459e+01  1.0000e+00
-3.2430e-01  3.0617e-01  3.3795e-01 -1.1283e+01 -7.2998e+00  8.8307e+00  1.6080e+01  1.0000e+00
 1.4027e+00 -2.3452e+00  3.5512e+00  9.8424e+00 -1.5152e+01  2.6488e+01  3.2063e+01  1.0000e+00
-6.4319e-02  5.7646e-01 -1.9559e-01 -4.5797e+00  7.4218e+00 -8.4406e+00  1.2137e+01  1.0000e+00
 9.6132e+00 -6.6471e+00 -1.4004e+01  6.9320e+01 -4.7305e+01 -9.5524e+01  1.2715e+02  1.0000e+00
-9.5760e-02  2.8633e-01  1.0268e-01 -3.4812e+00  2.6838e+01 -1.2758e+01  2.9919e+01  1.0000e+00
-7.5116e-01  1.0312e+00  1.4673e+00 -5.6295e+00  1.0762e+01  1.0304e+01  1.5928e+01  1.0000e+00
 2.4361e+00 -1.1508e+00 -8.8362e-01  2.0969e+01 -5.3466e+00 -4.2197e+00  2.2048e+01  1.0000e+00
-1.7970e-01  2.0367e-01  2.1515e-02 -4.7645e+00  7.5187e+00 -4.0879e+00  9.7950e+00  1.0000e+00
 8.5988e-01  1.6266e-02 -2.6336e-01 -4.5318e+00  9.2454e+00 -2.5812e+00  1.0615e+01  1.0000e+00
-2.6585e-01  1.1385e-01 -9.3943e-02  1.6999e+01  5.5160e+00 -2.4706e+01  3.0493e+01  1.0000e+00
-2.4416e-01  2.9292e-01  3.8445e-02  3.4081e+01  5.5531e+00 -2.9509e+00  3.4656e+01  1.0000e+00
-1.1567e-01  2.4865e-01  1.2972e-01 -1.6339e+01  3.5710e+01  1.2713e+01  4.1277e+01  1.0000e+00
-9.2047e-01  1.1294e+00 -5.1536e-01  4.1378e-01 -9.1093e-01  4.3628e+00  4.4761e+00  1.0000e+00
-3.1707e-02  6.9459e-02 -1.9094e-01  1.1399e+01  6.4259e+00 -6.0661e+00  1.4423e+01  1.0000e+00
 8.2614e-01  5.3270e-01  5.2784e-01 -1.9510e+00 -2.3545e+00 -6.5937e+00  7.2682e+00  1.0000e+00
 2.6559e-01 -2.0101e+00  3.6365e+00  1.4822e+00 -1.4485e+01  2.5298e+01  2.9189e+01  1.0000e+00
-3.6665e-02  1.8698e-01  1.0836e-01  2.7312e+01  1.5495e+00  5.5243e+00  2.7908e+01  1.0000e+00
-1.5093e-01  3.9985e-01  7.4710e-02 -2.6006e+01 -5.8063e+00 -2.7687e+01  3.8426e+01  1.0000e+00
 1.6785e-01  3.7773e-01  1.8794e-01  1.3821e+01  1.3951e+00  6.3210e+00  1.5262e+01  1.0000e+00
-1.9611e-01  1.2383e-01  8.2059e-02  9.5897e-01 -2.8664e+00  2.0937e+01  2.1154e+01  1.0000e+00
-4.4156e-01  8.7471e-02  5.2515e-02 -2.2521e+01 -1.9054e+01  1.6962e+00  2.9548e+01  1.0000e+00
-4.0265e-02  4.6594e-01  1.4981e-01 -1.5741e+01 -2.2196e+01 -1.4619e+01  3.0890e+01  1.0000e+00
-2.6515e-01  5.9297e-01  3.0134e-01  6.5565e+00 -7.9597e+00 -7.6341e+00  1.2831e+01  1.0000e+00
-3.4437e+00  2.8785e+00 -9.8238e-01 -2.4255e+01  2.0431e+01 -6.7389e+00  3.2421e+01  1.0000e+00
 1.8678e+00 -1.4250e+00 -5.7137e+00  1.4524e+01 -1.1394e+01 -4.4372e+01  4.8058e+01  1.0000e+00
-2.0125e-01  3.3240e-01  1.5462e-01 -9.9529e+00  5.6611e+00 -3.6748e+01  3.8491e+01  1.0000e+00
-3.3783e-01 -4.0113e+00 -2.8663e+00 -6.8856e-01 -2.8904e+01 -2.0663e+01  3.5537e+01  1.0000e+00
-1.3114e+00  1.2133e+00 -5.4960e+00 -1.0848e+01  1.0307e+01 -4.1937e+01  4.4526e+01  1.0000e+00
 7.6164e-01 -3.5253e+00  1.3453e-02  5.1300e+00 -2.5921e+01  1.6493e-01  2.6424e+01  1.0000e+00
-3.2382e-01 -4.2346e-01  3.8081e-01 -3.2990e+00 -4.2230e+00  3.3802e+00  6.3358e+00  1.0000e+00
-6.7129e-01 -7.4199e-01 -4.0095e+00 -5.0028e+00 -6.5407e+00 -2.7853e+01  2.9045e+01  1.0000e+00
-6.7802e-01 -7.3275e-01 -6.1408e-01  2.8208e-01  5.6605e+00  2.1729e+00  6.0698e+00  1.0000e+00
-8.2277e-02  4.0935e-01 -6.2500e-02  1.4399e+01  2.4039e+00 -1.6494e+01  2.2026e+01  1.0000e+00
 6.2622e-01  9.1680e-01  1.0482e+00  2.1568e+01  1.2903e+01  2.9843e+01  3.9016e+01  1.0000e+00
-2.7215e-01  5.5927e-02 -1.5779e-01 -7.5311e+00  6.9242e+00  2.4059e+00  1.0510e+01  1.0000e+00
 2.2203e+00 -3.1375e+00 -1.2312e+00  1.7060e+01 -2.0979e+01 -8.5657e+00  2.8364e+01  1.0000e+00
-1.8943e-01  3.2537e-01  2.1059e-01 -3.8509e+00 -9.8016e+00  1.4938e+01  1.8277e+01  1.0000e+00
-1.5189e-01  2.0006e-01  2.3239e-01 -9.0230e+00  9.5972e+00  7.6360e+00  1.5226e+01  1.0000e+00
-4.0476e+00 -1.8598e+00 -1.3564e+00 -2.9327e+01 -1.3135e+01 -8.9608e+00  3.3360e+01  1.0000e+00
 2.3547e+00  9.6983e-01  1.8861e+00  1.5960e+01  8.9009e+00  1.6228e+01  2.4439e+01  1.0000e+00
 1.5843e-03  3.2618e-01 -1.1360e-01  8.8211e+00 -1.3484e+00  9.8990e+00  1.3327e+01  1.0000e+00
 1.4603e+00 -5.0251e+00 -3.9225e-01  1.1912e+01 -3.8511e+01 -3.0323e+00  4.0426e+01  1.0000e+00
-4.5650e-01  3.9155e-01  9.1640e-02  1.0974e+01 -4.6926e+00 -3.5909e-01  1.1941e+01  1.0000e+00
-6.1903e+00 -5.2956e-01  9.1733e+00 -5.7175e+01 -5.6051e+00  8.4345e+01  1.0205e+02  1.0000e+00
 2.7859e+00 -4.9822e+00 -4.0047e+00  2.2460e+01 -3.8511e+01 -3.1354e+01  5.4503e+01  1.0000e+00
-6.0299e-01  4.2903e-01 -1.9199e-01  1.4438e-01  3.4555e+00  7.0291e+00  7.8338e+00  1.0000e+00
-1.0969e+00  1.0967e-01 -4.1177e-01  3.9834e+00  5.9961e+00  1.0634e+00  7.2768e+00  1.0000e+00
-7.9802e-02  5.1076e-01 -1.0586e-01  2.1852e+01  1.4448e+01  1.0224e+01  2.8121e+01  1.0000e+00
-2.0779e+00 -6.9052e-01 -1.6259e+00 -1.4150e+01 -3.4218e+00 -1.0367e+01  1.7872e+01  1.0000e+00
-5.3303e-02  2.3214e-01  1.7892e-01 -1.1004e+01 -1.0715e+01 -1.1996e+01  1.9489e+01  1.0000e+00
-2.3590e-01  1.3319e-01  1.2247e-01 -8.6248e+00  5.9656e+00  1.6261e+01  1.9349e+01  1.0000e+00
-2.2749e-02 -4.0653e+00 -2.8331e+00 -2.6505e-01 -2.8082e+01 -2.0229e+01  3.4611e+01  1.0000e+00
-4.1728e-01  2.5009e-01  1.1253e-01  2.2218e+01  1.6553e+00  7.5191e+00  2.3514e+01  1.0000e+00
-2.6425e-01  3.0742e-01  1.2354e-01  5.7098e+00 -2.3875e+00 -4.5276e+00  7.6682e+00  1.0000e+00
-2.9762e-01  2.2322e-01  1.9239e-02  1.0172e+01  5.4272e+00 -5.0665e+00  1.2594e+01  1.0000e+00
 8.3766e-01  1.1258e-01  1.3692e+00 -4.1623e+00  1.2415e+00  6.4713e+00  7.7938e+00  1.0000e+00
-2.9937e-01  2.9917e-01  2.1571e-01  2.1462e+01  1.5610e+01  1.3598e+01  2.9819e+01  1.0000e+00
-8.3732e+00 -9.4795e+00  4.2733e+00 -5.1571e+01 -6.2835e+01  2.9654e+01  8.6528e+01  1.0000e+00
-1.7608e-01  6.7757e-02 -7.0920e-03 -8.9099e+00  5.2874e+00  1.5023e+01  1.8249e+01  1.0000e+00
-1.0354e-01  1.5521e-01  1.7493e-01  6.5448e+00 -9.5214e+00  1.4002e+00  1.1638e+01  1.0000e+00
-6.1742e-02  2.5278e-01  7.4207e-02 -6.2898e+00 -1.8249e+01 -1.7668e+01  2.6167e+01  1.0000e+00
-2.8095e-01  2.0059e-01  2.0229e-01 -1.3938e+01  7.5162e-01 -2.0642e+01  2.4918e+01  1.0000e+00
-2.1780e-01  6.7277e-01  2.2469e-01 -5.3135e+00  7.5585e+00  4.9828e+00  1.0497e+01  1.0000e+00
-4.1740e-01 -4.7485e-01  8.3421e-02 -6.1019e+00 -1.9397e+00  2.0421e+00  6.7206e+00  1.0000e+00
 7.7232e-01  9.6859e-01  4.1661e-01 -6.2214e+00 -3.2268e-01  4.3635e+00  7.6059e+00  1.0000e+00
-2.6172e-03 -3.5135e+00  1.7786e+00 -3.2711e-01 -2.5775e+01  1.2159e+01  2.8501e+01  1.0000e+00
-4.2309e+00 -2.7001e+00 -1.6068e+00 -2.9467e+01 -1.5829e+01 -1.0037e+01  3.4922e+01  1.0000e+00
 7.9418e-02 -1.0330e+00 -1.1629e-01 -8.7893e+00 -9.1260e+00 -4.7448e+00  1.3530e+01  1.0000e+00
-1.1232e-02  1.7518e-01  2.2079e-01 -1.4970e+00 -3.6533e-01  1.7896e+01  1.7962e+01  1.0000e+00
 5.4584e+00 -2.0104e+00 -3.8959e-01  4.1992e+01 -1.4833e+01 -2.3180e+00  4.4595e+01  1.0000e+00
-8.3123e-01  2.3397e-01  3.5434e-01  9.1290e+00 -1.3699e+01  8.4927e+00  1.8524e+01  1.0000e+00
 6.3512e+01 -7.9031e+01  5.2398e+01  3.8386e+02 -4.7418e+02  3.0947e+02  6.8408e+02  1.0000e+00
-4.1649e-01  1.0979e+00 -2.3109e-01  6.5473e+00 -3.6506e+00  7.2642e+00  1.0439e+01  1.0000e+00
-7.6939e-01  2.3879e-01  1.4688e-01  1.2913e+01 -4.2964e-01  5.9404e+00  1.4220e+01  1.0000e+00
 4.6916e-02  1.4031e-01 -2.3095e-01 -2.4684e+00  1.2362e+01  1.3352e+01  1.8363e+01  1.0000e+00
 3.3086e+00  2.7484e+00  1.4379e-01  2.3494e+01  1.8849e+01  1.9938e+00  3.0187e+01  1.0000e+00
-1.5032e+00 -5.2927e-01  5.9877e-01 -2.4848e+01 -7.1387e+00  1.3114e+01  2.8989e+01  1.0000e+00
 8.4935e-01 -4.4082e+00  3.5197e-01  5.6016e+00 -3.1714e+01  1.4007e+00  3.2235e+01  1.0000e+00
 5.1606e-02  2.0443e-01  2.8094e-02  2.0655e+01  1.4441e+01  1.4267e+01  2.8961e+01  1.0000e+00
 2.5909e-01  2.1595e+00 -3.1874e+00  1.6035e+00  1.4779e+01 -2.3360e+01  2.7689e+01  1.0000e+00
-4.1161e+00  1.3831e+00  1.5393e+00 -6.9607e+01  2.3420e+01  2.5370e+01  7.7700e+01  1.0000e+00
-2.2919e-01  1.8158e-01  1.1060e-01 -1.9122e+01  1.1527e+01 -3.3848e+00  2.2583e+01  1.0000e+00
-8.9157e-01 -5.3280e-02  9.2938e-01  5.0465e+00 -3.1580e+00 -7.9313e+00  9.9170e+00  1.0000e+00
-2.6657e-01  3.5760e-01  1.0313e-01 -2.5654e+00  3.0367e+00 -3.0748e+01  3.1004e+01  1.0000e+00
-5.5896e-01 -3.6235e-01  5.6106e-01 -8.8446e+00 -3.0438e+00  6.9876e+00  1.1676e+01  1.0000e+00
 4.5060e-01 -4.2618e+00  3.3794e+00  3.0238e+00 -3.2435e+01  2.5723e+01  4.1507e+01  1.0000e+00
-2.0649e-01  1.8062e-01  1.7313e-01 -4.4025e+00 -2.0631e-02  7.0304e+00  8.2951e+00  1.0000e+00
 5.6186e-01  2.9462e+00  2.0473e-01 -2.3843e+00  2.0773e+01  4.1387e+00  2.1315e+01  1.0000e+00
-2.9551e-01  1.9759e-01  2.5949e-01 -1.6640e+01 -2.6655e+00 -1.1842e+00  1.6893e+01  1.0000e+00
 1.6896e+00 -1.1167e+00  3.4981e-01  8.0643e+00 -2.1950e+00  3.0320e+00  8.8907e+00  1.0000e+00
-3.0511e-01  5.4565e-01  9.6261e-02 -2.4270e+01  3.0606e+00  1.3081e+01  2.7740e+01  1.0000e+00
 2.5291e+00 -1.2443e+00  1.4827e+00  1.7668e+01 -5.2732e+00  9.8021e+00  2.0882e+01  1.0000e+00
-6.5489e-02  2.1670e-01 -4.3671e-02  3.4194e+00  8.7034e+00 -4.0810e+01  4.1868e+01  1.0000e+00
-2.6030e-01  3.4117e-01  1.3536e-01 -6.6411e+00 -3.0325e+00  1.0556e+01  1.2835e+01  1.0000e+00
-9.6621e-02  3.4511e-01  6.5436e-02 -1.6876e+00  8.6644e+00 -6.8404e+00  1.1167e+01  1.0000e+00
-1.0127e+00 -8.9165e-01 -4.7533e+00 -6.7971e+00 -5.7197e+00 -3.5029e+01  3.6138e+01  1.0000e+00
-4.1981e-01  5.3861e-02  4.4573e-01 -1.1996e+01 -1.1222e+01  2.7394e+01  3.1942e+01  1.0000e+00
 5.5517e+00 -2.0394e-01 -1.3525e+00  4.2588e+01 -7.8474e-01 -8.9438e+00  4.3524e+01  1.0000e+00
-7.4933e-02  4.4366e-01 -8.2264e-02  6.6467e+00  1.2064e+01 -2.0508e+01  2.4704e+01  1.0000e+00
 1.8565e+00 -1.7775e-01  4.9641e+00  1.5272e+01 -2.3472e+00  3.9453e+01  4.2371e+01  1.0000e+00
-3.0796e-01  2.5596e-01  2.4781e-01  3.2847e+01  8.5314e+00 -1.5222e+01  3.7195e+01  1.0000e+00
 4.2159e-01 -4.8239e-02  1.1921e+00 -1.0172e+01 -5.9596e+00  2.9937e+00  1.2163e+01  1.0000e+00
-2.4453e+00  4.1144e-01  3.7761e+00 -1.6760e+01  2.7903e+00  2.7662e+01  3.2463e+01  1.0000e+00
 2.8266e-01  3.1649e+00  1.7952e-01 -5.3200e+00  1.4190e+01 -2.4329e+00  1.5348e+01  1.0000e+00
-2.6628e-01  2.7301e-01  2.4348e-01  6.3542e-01  2.4923e+00  1.0820e+00  2.7904e+00  1.0000e+00
 7.3652e-01  9.5684e+00  6.5991e+00  3.0014e-01  6.3816e+01  4.0704e+01  7.5693e+01  1.0000e+00
-1.8507e+00  1.7283e+00 -1.1061e+00 -1.1900e+01  1.0074e+01 -3.5699e+00  1.5994e+01  1.0000e+00
-3.5667e-01  2.6479e-01  2.3848e-01 -5.6538e+00 -2.1111e+01 -5.9787e+00  2.2658e+01  1.0000e+00
-5.8229e-02  3.9991e-01  5.5403e-01 -3.9886e-01  4.1113e+00  1.4164e+01  1.4754e+01  1.0000e+00
-1.3748e-01  1.6999e-01  3.9988e-01  3.9133e+00  2.0524e+01 -1.5685e+01  2.6126e+01  1.0000e+00
-9.5539e-02  2.1436e-01  2.2510e-01  2.3750e+00  1.2840e+01  2.8630e+01  3.1467e+01  1.0000e+00
-3.7894e-01  7.4561e-02 -1.2975e-01 -8.0505e+00  4.8683e-01  4.4992e+00  9.2353e+00  1.0000e+00
-1.6867e+00 -1.7193e-01  1.9222e+00 -6.8839e+00 -1.8672e-01  1.0686e+01  1.2713e+01  1.0000e+00
-1.0020e-01  3.3383e-01  8.8058e-02  3.5728e+00  2.4185e+01  2.7987e+01  3.7161e+01  1.0000e+00
-5.2416e-01  5.1427e-01  4.0880e-01 -3.7162e+01  2.9625e+01  1.2713e+01  4.9196e+01  1.0000e+00
-5.3031e-02  1.2441e-01 -9.3371e-02  3.4088e+00 -1.0550e+01  2.5839e+01  2.8117e+01  1.0000e+00
-2.0544e-01  2.3841e-01 -8.7586e-03 -1.1397e+01  1.5375e+01 -2.6195e+00  1.9317e+01  1.0000e+00
-1.0113e-01  2.4932e-01  1.8551e-01  6.3636e+00 -2.8027e+01 -1.2788e+01  3.1457e+01  1.0000e+00
-2.5260e-01  2.2198e-01 -1.1993e-01 -1.3340e+01  2.1353e+01 -8.6690e+00  2.6628e+01  1.0000e+00
 1.9714e+00 -3.5217e+00 -1.6463e+00  1.3940e+01 -2.3598e+01 -1.2021e+01  2.9928e+01  1.0000e+00
 5.9616e-01  5.9022e-01 -4.0043e-02 -6.0462e+00 -2.8056e+00  3.3158e-02  6.6656e+00  1.0000e+00
 2.3871e+00  5.0919e-01 -6.1583e+00  1.8263e+01  5.3999e+00 -3.9135e+01  4.3523e+01  1.0000e+00
-4.8044e-01  2.5865e+00 -2.0025e+00 -3.0109e+00  1.7191e+01 -1.0548e+01  2.0393e+01  1.0000e+00
-4.7303e+00 -1.8085e+00  1.1333e+00 -3.6996e+01 -1.2767e+01  8.8476e+00  4.0125e+01  1.0000e+00
 5.7810e+00 -5.8041e-01 -2.4408e+00  4.6120e+01 -4.3938e+00 -1.8822e+01  5.0006e+01  1.0000e+00
 2.2217e+00 -1.2104e+01  7.4435e+00  1.7645e+01 -9.7898e+01  6.0856e+01  1.1661e+02  1.0000e+00
-2.4875e-01  3.4851e-01  1.4465e-01 -1.2700e+00 -5.1313e+00 -4.9223e+00  7.2230e+00  1.0000e+00
-3.2181e-01  4.1551e-01  1.9426e-01  5.5993e+00  1.3543e+00  2.3654e+01  2.4345e+01  1.0000e+00
-2.0538e-01  1.9316e-01  5.9585e-02 -1.3236e+01  2.1391e+01 -1.2756e+01  2.8204e+01  1.0000e+00
-3.6405e-01  4.3970e-01  1.1018e-02  1.3200e+01 -2.1810e+01  2.3439e+01  3.4631e+01  1.0000e+00
-3.1087e+00 -1.8613e+00 -1.5609e+00 -2.2632e+01 -1.0694e+01 -1.1885e+01  2.7710e+01  1.0000e+00
-9.8117e-02  3.5706e-01  1.6505e-01  1.2061e+01  4.2499e+01  3.9398e+00  4.4352e+01  1.0000e+00
-4.1320e-01  2.2827e-01  2.7426e-01 -5.4994e+00 -7.5824e+00 -2.8281e+01  2.9792e+01  1.0000e+00
-1.7554e-01  2.6472e-01 -1.2259e-02  1.8355e+00  1.2876e-01  4.9842e+00  5.3130e+00  1.0000e+00
-3.1329e-01  3.9638e-01 -1.2686e-01  1.1289e+01  6.5720e-01 -6.8079e+00  1.3199e+01  1.0000e+00
 1.1089e+00 -1.5166e+00 -1.7392e+00  7.0913e+00 -6.2735e+00 -7.4038e+00  1.2019e+01  1.0000e+00
-3.2447e-01  1.0846e-01 -3.3239e-03  1.3612e+01 -4.6658e-01 -2.7636e+01  3.0810e+01  1.0000e+00
-1.9748e-01  4.0499e-01  5.7229e-02 -6.6672e+00  5.5705e+00 -1.3761e-01  8.6891e+00  1.0000e+00
 2.1581e+00 -2.4587e+00 -3.2431e+00  1.5184e+01 -1.8163e+01 -2.2464e+01  3.2635e+01  1.0000e+00
-1.8489e-01  1.8660e-01 -1.1369e-01  1.8772e+01  1.2112e+01  2.2009e+01  3.1361e+01  1.0000e+00
-4.5407e-02  1.7165e-01  1.7494e-01 -1.9572e+00 -1.1875e+01  3.1364e+00  1.2437e+01  1.0000e+00
 2.1226e-01  4.9686e-01  2.6213e-01  1.3632e+01  5.9325e+00 -1.0601e+00  1.4904e+01  1.0000e+00
-8.0630e-02  5.4782e-01 -2.0107e-01 -3.5619e+00  3.0970e+01  1.4262e+01  3.4282e+01  1.0000e+00
-3.5846e-02  1.6990e-01 -2.5789e-02 -5.3812e+00 -7.5902e+00 -3.6039e+00  9.9778e+00  1.0000e+00
-2.4223e-01  6.9142e-02  1.9541e-02  7.0692e+00 -2.6194e-01 -1.9159e+01  2.0423e+01  1.0000e+00
 1.0951e+00 -1.0326e+00 -2.8798e-01  2.0747e+00  4.2397e-02  1.6100e+00  2.6265e+00  1.0000e+00
-1.2693e+00  3.4731e-01  5.7832e-01 -6.3729e+01  1.4993e+01  3.1481e+01  7.2645e+01  1.0000e+00
-1.5943e-01  3.0068e-01 -6.1205e-02 -2.4357e+01 -1.5899e+01 -9.8718e+00  3.0716e+01  1.0000e+00
 3.1870e+00  1.9928e+00 -4.5367e-01  2.0568e+01  1.5024e+01 -1.5361e+00  2.5517e+01  1.0000e+00
-1.6529e-01  1.7166e-01  6.0652e-02  4.0502e+00  2.8360e+01  1.1616e+01  3.0914e+01  1.0000e+00
-3.6508e-01  4.5317e-02 -1.5836e-01  8.2947e+00 -1.3310e+01 -2.2085e+00  1.5838e+01  1.0000e+00
-2.4035e-01  3.5282e-01  9.4200e-02 -3.8170e+00  1.4245e+01 -1.1553e+01  1.8734e+01  1.0000e+00
 2.7100e-01  3.1675e+00  2.5796e-01  5.7053e+00  2.1311e+01 -8.8563e-01  2.2079e+01  1.0000e+00
-6.4055e+01  7.9080e+01 -5.2276e+01 -3.7964e+02  4.7214e+02 -3.1702e+02  6.8377e+02  1.0000e+00
-8.0347e-01  1.3087e+00  3.8144e-01 -8.9588e+00 -1.0335e+00 -7.1110e-01  9.0462e+00  1.0000e+00
-1.1828e-01  1.9300e-01  4.6336e-02 -1.5012e+01  3.8968e+01 -8.1391e+00  4.2545e+01  1.0000e+00
-1.0830e+00  1.2431e+00 -2.1351e-01 -1.6137e+00  4.3338e+00 -5.5358e-02  4.6248e+00  1.0000e+00
 6.1193e-03  3.2685e-01  2.7318e-02 -9.4518e+00 -4.4228e+00  2.1594e+01  2.3983e+01  1.0000e+00
-4.4286e-01  2.7048e-01  3.1914e-01  2.2283e+01  1.1819e+01  4.3239e+00  2.5591e+01  1.0000e+00
 1.9498e+00 -3.0402e+00 -2.9034e+00  1.3369e+01 -2.0956e+01 -2.2051e+01  3.3229e+01  1.0000e+00
-3.3015e-01  4.5099e-01  2.7720e-01 -4.0591e-01  7.6949e+00 -5.8835e+00  9.6950e+00  1.0000e+00
 6.8389e-01  4.0959e-01  1.5912e-01 -1.2593e+01  1.9821e+00 -5.3173e+00  1.3812e+01  1.0000e+00
-1.4202e-01  1.7710e-01 -3.9208e-02 -1.9771e+01  3.2976e+00  1.1424e+01  2.3071e+01  1.0000e+00
-4.1816e+00  7.8182e-02  3.4592e+00 -3.1814e+01  2.3031e+00  2.7506e+01  4.2120e+01  1.0000e+00
 2.2957e-01  2.9776e-01  5.7156e-01 -8.5645e+00  9.7057e+00  3.2800e+00  1.3353e+01  1.0000e+00
-9.6108e-02  1.1655e-01  1.5397e-01  2.1637e+01  2.1158e+01 -1.5006e+00  3.0299e+01  1.0000e+00
-2.8220e+00  2.4495e+00 -4.5196e+00 -2.1430e+01  1.9730e+01 -3.4625e+01  4.5248e+01  1.0000e+00
 4.7543e+00 -3.3261e+00  1.2681e+00  3.6208e+01 -2.4496e+01  1.0141e+01  4.4876e+01  1.0000e+00
 2.8132e+00 -1.7087e+00  2.9634e+00  1.9337e+01 -1.1968e+01  2.1906e+01  3.1576e+01  1.0000e+00
-1.5757e-01  3.4772e-01  2.5820e-01  9.4245e-01 -6.2068e+00  4.9760e+00  8.0108e+00  1.0000e+00
-6.8938e-02  6.3169e-02  1.8865e-01  6.2814e+00  1.3304e+00  7.1740e+00  9.6276e+00  1.0000e+00
-4.6254e-01  1.7042e-01  3.1759e-01 -4.9350e+00  2.2145e+00 -5.0635e+00  7.4093e+00  1.0000e+00
-2.5859e+00  7.1580e-01  1.0729e+00 -1.7013e+01  1.7942e+00  4.9958e+00  1.7822e+01  1.0000e+00
-8.6421e-02  3.1201e-01  7.8345e-02  2.7963e+00 -2.7103e+01 -2.6029e+01  3.7682e+01  1.0000e+00
 7.4130e-01 -3.3170e-01  2.4689e-01 -5.5517e+00  8.2645e+00  7.0308e+00  1.2188e+01  1.0000e+00
-2.6354e-01  9.6882e-01 -6.5569e-02  6.7230e-01  6.0212e+00 -1.2551e+00  6.1872e+00  1.0000e+00
-1.3080e-01  1.7867e-01  1.3152e-01 -2.6059e+01  2.0791e+01  1.9526e+01  3.8634e+01  1.0000e+00
-2.2145e+00  1.5918e+00 -1.8381e+00 -1.4676e+01  1.5264e+01 -1.2506e+01  2.4593e+01  1.0000e+00
-5.8319e-01  3.0106e-01 -5.7882e-02 -5.3557e+00 -1.4992e+01 -3.1520e+00  1.6229e+01  1.0000e+00
-1.5099e+00  9.8820e-01 -3.8429e+00 -1.1147e+01  7.0200e+00 -2.7047e+01  3.0084e+01  1.0000e+00
 3.1548e-01  2.9473e+00  1.6656e+00 -5.8554e+00  1.8066e+01  6.9215e+00  2.0213e+01  1.0000e+00
-4.3676e+00 -1.1723e+00 -1.5196e+00 -3.5271e+01 -7.2281e+00 -9.4595e+00  3.7226e+01  1.0000e+00
-7.9405e-01 -9.0848e-01  2.9345e-01  5.3837e+00 -1.6120e+00  7.3067e-01  5.6671e+00  1.0000e+00
-7.6504e-01  2.9128e-01  9.8742e-01  7.0830e+00  2.0974e+00 -2.2868e+00  7.7329e+00  1.0000e+00
 5.4513e-02  2.5306e-01  6.7827e-01 -5.7458e+00  4.0455e+00  4.7200e+00  8.4652e+00  1.0000e+00
 3.9510e-01  5.4205e-01  6.9812e-01 -3.5748e+00  8.1201e+00  5.0360e+00  1.0202e+01  1.0000e+00
-3.9168e-01  2.7104e-01  4.4368e-01 -6.9891e+00  1.9323e+01  1.3749e+01  2.4724e+01  1.0000e+00
 7.5884e-03  4.9361e-01  2.3422e-02 -4.9641e+00  1.4443e+01  9.0763e+00  1.7766e+01  1.0000e+00
 8.9041e-02  8.3354e-01  2.5484e-01 -2.4170e+00 -1.0363e+01 -7.3449e+00  1.2930e+01  1.0000e+00
 1.4385e+00 -8.3756e-01  1.8293e+00  4.8802e+00 -4.8864e+00 -1.1123e+00  6.9950e+00  1.0000e+00
-3.5473e-01  2.1273e-01  1.0498e-01  5.2340e+00 -1.2755e+01 -1.9420e+00  1.3923e+01  1.0000e+00
 1.4810e-01  3.0968e-01 -1.9978e-01 -1.2340e+00  2.7946e+00  1.5160e+01  1.5465e+01  1.0000e+00
-6.4388e+00  8.0214e+00 -5.0156e+00 -4.2219e+01  4.4538e+01 -2.6839e+01  6.6981e+01  1.0000e+00
-3.5822e-01  1.0185e+00  1.1178e+00  1.0474e+00 -1.7196e+00 -6.1181e-01  2.1044e+00  1.0000e+00
 1.6464e+00 -7.2425e-02 -3.8748e-01  1.0427e+01  7.8432e+00 -3.9717e+00  1.3639e+01  1.0000e+00
-1.4073e-01  2.1289e-01 -8.9046e-03 -1.4868e+00  9.6995e+00 -8.3616e+00  1.2892e+01  1.0000e+00
-6.9129e-02  1.3312e-01  7.2063e-02 -2.2372e+01  2.6614e+00 -4.0400e+00  2.2889e+01  1.0000e+00
-1.5189e-01 -3.6281e+00 -1.7940e+00 -7.7677e-01 -2.4078e+01 -1.3379e+01  2.7557e+01  1.0000e+00
-7.7544e-02  3.4891e-01 -8.2395e-03 -2.7002e+01 -2.1672e+01 -2.1971e+01  4.1006e+01  1.0000e+00
 2.0234e+00 -2.9873e+00 -2.8707e+00  1.5604e+01 -2.1621e+01 -1.8266e+01  3.2320e+01  1.0000e+00
 1.9789e-01  7.5843e-02  2.5765e-01  1.6807e+01 -3.0548e+00  3.6576e+00  1.7469e+01  1.0000e+00
-1.0100e-01  3.5004e-01  1.5203e-01  1.9635e+01  1.6984e+01 -6.5462e+00  2.6773e+01  1.0000e+00
-2.6400e-01  2.5883e+00  1.3683e+00  2.8127e+00  1.7541e+01  6.9063e+00  1.9060e+01  1.0000e+00
 9.4922e-01 -2.1295e+00  3.3463e+00  7.0618e+00 -1.5134e+01  2.3108e+01  2.8511e+01  1.0000e+00
-1.5961e-01  4.1719e-01  1.0939e-02 -1.1566e+01  3.8197e-01 -1.7356e+01  2.0860e+01  1.0000e+00
-3.9383e-01  2.4659e-01  1.8346e-02 -5.8154e+00  8.0203e+00 -1.1238e+01  1.4981e+01  1.0000e+00
-3.4650e-01  3.4800e-01  1.4882e-01  7.2552e+00 -1.7184e+01  6.4783e+00  1.9745e+01  1.0000e+00
 8.0608e-02  1.1785e-01  3.3497e-01  9.0468e-01  8.7381e+00  2.2428e+00  9.0666e+00  1.0000e+00
-2.6420e+00 -9.8728e-01  1.9620e+00 -1.8539e+01 -5.3681e+00  1.0967e+01  2.2199e+01  1.0000e+00
 8.9182e-02  1.2789e-01 -4.1166e-01 -5.3011e+00  4.4296e+00  3.4279e+00  7.7119e+00  1.0000e+00
-3.6339e-01  3.5152e-01  1.1413e-01 -9.7398e-01  1.0698e+01  2.1050e+00  1.0946e+01  1.0000e+00
 3.4858e+00 -4.6560e+00 -3.3039e-01  2.7720e+01 -3.5258e+01 -2.8533e+00  4.4941e+01  1.0000e+00
-2.5049e-01  4.8964e-01  1.6486e-01 -1.2774e+01  1.9694e+01  1.5523e+01  2.8142e+01  1.0000e+00
-1.9335e+00 -1.7139e-01  1.5189e+00 -4.2904e+00  4.4387e+00  3.0818e-01  6.1810e+00  1.0000e+00
-1.1447e-01  3.7252e-01  2.2366e-01  8.3325e+00  1.2463e+01 -2.1891e+00  1.5151e+01  1.0000e+00
-3.4977e-01  3.0458e-01  2.2979e-01  6.2337e+00 -1.6294e+01 -1.3866e+01  2.2285e+01  1.0000e+00
 1.6436e+00 -8.0440e-01  3.8072e-01  4.6735e+00 -4.0023e+00 -4.4651e-01  6.1692e+00  1.0000e+00
-6.2542e-02  3.7369e-01  2.6780e-01 -1.8012e+01 -1.4301e+01  4.0517e+00  2.3353e+01  1.0000e+00
-8.6151e-02  3.7754e-01 -1.4651e-01  1.4864e+01 -4.6894e+00  2.7448e+01  3.1564e+01  1.0000e+00
-5.2894e-01 -1.5139e-01 -1.9530e-01 -2.3531e+01 -1.4413e+01 -8.6936e+00  2.8931e+01  1.0000e+00
-2.5197e-01  2.5878e-01  9.6177e-02 -9.2260e-01  5.1355e+00 -1.2507e+01  1.3552e+01  1.0000e+00
-3.8397e-01  3.0606e-01  1.8410e-01  6.0101e+00  1.2620e+01  8.4061e+00  1.6311e+01  1.0000e+00
-7.3947e-02  1.1991e-01  2.6194e-01  6.7743e+00 -2.8599e+00 -5.7869e+00  9.3573e+00  1.0000e+00
-1.6883e-02  1.8162e-01  5.6098e-02  2.0575e+01  2.8982e+00  1.5881e+01  2.6152e+01  1.0000e+00
-2.7604e-01  5.4207e-01  2.5695e-01 -2.0955e+00  2.2594e+00  1.2434e+01  1.2810e+01  1.0000e+00
-3.5370e-01  2.1253e-01 -1.2154e-01  3.9956e+00  1.5188e+01  2.3490e+01  2.8256e+01  1.0000e+00
-7.4982e-02  2.3630e-01  1.5653e-01 -1.7027e+01 -1.8608e+01 -4.1847e+00  2.5567e+01  1.0000e+00
-2.9523e-01  4.3756e-01  2.4658e-01 -8.3292e+00 -1.2937e+01  9.0190e+00  1.7835e+01  1.0000e+00
-2.4433e-01  1.9485e-01 -4.8353e-02  1.2255e+01 -2.8235e+00 -3.5554e+01  3.7712e+01  1.0000e+00
-5.1044e-01  3.2951e-01  2.1682e-01  6.5210e+00 -2.0236e+01  2.3094e+01  3.1390e+01  1.0000e+00
-4.6382e-02  4.7845e-02  1.2448e-02 -2.9533e+00 -1.3647e+00  3.6924e+00  4.9212e+00  1.0000e+00
 2.2029e-01 -3.2768e-02  4.1061e-01 -5.2282e+00 -6.6330e+00 -6.2806e+00  1.0525e+01  1.0000e+00
 6.8789e-02  2.0934e-01 -2.5443e-02  3.3111e+00 -1.0424e+01 -4.8569e+00  1.1967e+01  1.0000e+00
 2.9993e-01  1.3116e+00  1.3618e-01  4.2633e+00  1.3647e+01 -3.2222e+00  1.4656e+01  1.0000e+00
-3.5835e-01  5.0681e-01 -1.5483e-01 -1.1783e+01  1.5038e+01  1.4717e+01  2.4116e+01  1.0000e+00
-1.0309e+00  1.6053e+00  4.1462e+00 -4.8520e+00  7.9111e+00  1.8730e+01  2.0903e+01  1.0000e+00
 2.4861e+00  5.4928e-01  3.0929e-01  1.2106e+01  4.7389e+00  2.9331e+00  1.3327e+01  1.0000e+00
 2.4399e+00 -1.2155e+00 -2.1429e+00  1.5745e+01 -9.3756e+00 -1.3539e+01  2.2784e+01  1.0000e+00
-9.8776e-02  2.1546e-01  1.2752e-01 -8.7781e+00  1.8992e+01 -2.7927e+01  3.4895e+01  1.0000e+00
 2.7623e+00 -2.9400e+00 -4.4071e+00  2.1995e+01 -2.2064e+01 -3.2716e+01  4.5177e+01  1.0000e+00
-2.2697e-01  2.1445e-01  8.8552e-02  9.5195e+00  2.0426e+01 -1.8610e+00  2.2612e+01  1.0000e+00
-1.7639e-01  3.7782e-01  6.0109e-02  1.2980e+00 -2.9367e+01  2.5626e+01  3.8997e+01  1.0000e+00
-1.5302e-01  2.4074e-01 -3.5569e-02 -2.4424e+01  1.5000e+00 -1.1681e+01  2.7115e+01  1.0000e+00
-1.5245e-01  4.2479e-01  5.4813e-02  2.1722e+00  2.2626e+01 -1.0773e+01  2.5153e+01  1.0000e+00
-5.3302e-02  3.9951e-01  2.2126e-01 -1.8776e+01 -1.4190e+01 -2.5599e+01  3.4774e+01  1.0000e+00
 1.7050e-01  6.0375e-01  8.4842e-01 -1.1751e+01 -3.9481e+00 -2.6527e+00  1.2677e+01  1.0000e+00
-3.2383e-01  3.2596e-01 -1.8251e-02 -8.1556e+00  9.6113e+00 -1.0069e+00  1.2645e+01  1.0000e+00
 4.4316e-02  3.9708e-01 -2.5132e-01  3.5272e-01 -2.3726e+00  1.9284e+01  1.9432e+01  1.0000e+00
 2.7948e-01 -1.9749e-01 -2.1680e-03 -5.9979e+00  1.5311e+01 -3.6905e+00  1.6853e+01  1.0000e+00
-9.4677e-02  1.9659e-01  6.4770e-02  1.0940e+00 -2.8469e+01 -9.8493e+00  3.0145e+01  1.0000e+00
-1.0527e+00  1.1800e+00  3.5316e+00 -5.4271e+00  8.0710e+00  2.4576e+01  2.6431e+01  1.0000e+00
-5.3156e-02  9.7975e-02  7.8887e-01  1.0533e+01  1.8026e+01 -7.8247e+00  2.2296e+01  1.0000e+00
-5.6767e-02  1.2222e-01  2.0945e-01 -1.2367e+01  6.9463e+00  1.7305e+01  2.2376e+01  1.0000e+00
-1.3353e-01  2.7981e-01  1.4230e-01 -2.2372e+01 -2.0414e+01  2.5335e+01  3.9485e+01  1.0000e+00
-1.2446e+00  1.2578e+00  1.4393e+00 -1.0164e+00  8.1012e+00  7.0705e+00  1.0801e+01  1.0000e+00
 2.4854e+00 -6.1844e+00  1.0408e+01  1.5675e+01 -3.9571e+01  7.1187e+01  8.2941e+01  1.0000e+00
 4.1739e+00  8.1605e-01  3.8269e+00  3.1869e+01  6.1044e+00  3.0174e+01  4.4310e+01  1.0000e+00
 1.1992e+00 -9.1083e-01 -5.4302e-01  4.8175e+00  6.8480e-01  4.5774e-02  4.8662e+00  1.0000e+00
 1.4512e-01  2.0569e-01  2.2542e-02 -6.2630e-01 -1.3127e+01  1.2549e+00  1.3202e+01  1.0000e+00
-3.3476e-01  4.6722e-01  8.0641e-02  1.6692e+01 -1.9685e+01  1.5985e+01  3.0359e+01  1.0000e+00
-1.1236e+00  5.8984e-01  4.4962e+00 -8.5720e+00  5.7745e+00  3.3782e+01  3.5328e+01  1.0000e+00
-3.1669e+00 -1.2767e+00 -3.2756e+00 -2.1912e+01 -2.9795e+00 -2.0493e+01  3.0149e+01  1.0000e+00
 5.7460e-01  1.5102e+00 -9.7397e-01  3.3755e-01  7.2959e+00  2.2903e+00  7.6544e+00  1.0000e+00
-9.5098e-01 -8.9502e-01 -3.0130e-01 -1.5854e+01 -2.7976e+01 -2.4263e+00  3.2248e+01  1.0000e+00
 6.4437e-01 -7.8558e-02 -5.4631e-03  1.2341e+01  3.0513e+00 -5.2871e+00  1.3768e+01  1.0000e+00
-1.7673e-01  1.6932e-01  1.0330e-01 -5.1973e+00  1.7453e+01 -1.6844e+01  2.4806e+01  1.0000e+00
 4.5196e-01  1.5924e+00  6.6485e-01  1.0769e+00  2.5977e+00  9.8027e-01  2.9781e+00  1.0000e+00
-9.2283e-02  2.2283e-01  4.3366e-02  1.5390e+01  8.4818e+00  5.3654e+00  1.8374e+01  1.0000e+00
-3.5542e-02  1.5657e-01  2.1944e-01  3.0512e+00  1.4904e+01  1.8950e+01  2.4301e+01  1.0000e+00
-1.5918e+00  4.8310e+00 -6.8574e-01 -1.1382e+01  3.6309e+01 -4.5132e+00  3.8318e+01  1.0000e+00
 1.3923e+00 -4.6575e-01  4.8445e-01  1.2629e+01  2.9434e+00  1.2107e+01  1.7741e+01  1.0000e+00
-3.2874e+00 -3.8611e-01 -7.7002e-01 -2.1660e+01  7.2723e-03 -5.7925e+00  2.2421e+01  1.0000e+00
 8.2364e-01  1.5865e-01  1.3744e+00 -1.8484e+00  2.2043e+00  1.1571e+00  3.1007e+00  1.0000e+00
-2.8421e+00 -1.1709e+00  1.7186e+00 -1.6979e+01 -7.8692e+00  1.1971e+01  2.2215e+01  1.0000e+00
-1.6555e-01  2.5962e-01  5.9749e-02 -2.4029e+01  4.1208e+00 -1.5119e+00  2.4427e+01  1.0000e+00
 5.5664e+00  1.9286e+00  4.9415e-01  4.2240e+01  1.5329e+01  3.5237e+00  4.5074e+01  1.0000e+00
 2.0994e+00  3.1439e+00  1.8499e-01  1.6132e+01  2.2067e+01  3.2618e+00  2.7529e+01  1.0000e+00
-4.2475e+00 -2.7184e+00 -1.5993e+00 -3.6807e+01 -2.3707e+01 -1.4150e+01  4.6011e+01  1.0000e+00
 5.6209e-01 -5.3336e-01 -9.0757e-01 -3.5673e+00 -9.5696e+00 -4.4481e+00  1.1139e+01  1.0000e+00
-4.3779e+00 -2.7182e-01 -1.1145e+00 -3.2920e+01 -3.5154e-01 -8.6821e+00  3.4048e+01  1.0000e+00
-5.9638e-01  5.8276e-01  2.2462e-01  8.9065e+00 -1.3378e+00  8.2713e+00  1.2228e+01  1.0000e+00
 5.8323e-01  1.4995e+00 -1.0521e+00 -1.8220e+00  6.0277e+00 -3.1116e+00  7.0238e+00  1.0000e+00
-1.0634e+00  3.6445e+00 -1.6616e+00 -7.0328e+00  2.6393e+01 -9.6411e+00  2.8966e+01  1.0000e+00
 6.4051e-01  7.7116e-01 -4.8666e-01  5.0284e+01  4.0576e+01 -3.1731e+01  7.1984e+01  1.0000e+00
-2.4371e-01  2.0591e-01 -1.4475e-02 -2.9683e+01 -1.4848e+01  1.4383e+01  3.6172e+01  1.0000e+00
-9.4583e-01 -4.5104e-01 -1.6253e+00 -3.5065e+00  3.6141e-01 -1.0182e+01  1.0775e+01  1.0000e+00
 2.3864e-01  5.8858e-01 -4.2225e-02  7.7607e+00  1.0331e+01  2.0602e+00  1.3085e+01  1.0000e+00
 9.5258e-01 -1.1437e+00 -1.5353e+00  9.7932e+00 -8.2196e+00 -6.7749e-01  1.2803e+01  1.0000e+00
-1.4004e-02  6.6239e-01 -3.1388e-01  4.6428e-01  2.0021e+01 -1.4732e+01  2.4861e+01  1.0000e+00
-1.8829e-01 -2.1129e-01 -3.7167e-01 -6.9474e+00  3.5871e+00  1.2106e+01  1.4412e+01  1.0000e+00
-3.0822e+00 -1.4960e+00 -5.2736e+00 -2.5404e+01 -1.2889e+01 -4.4868e+01  5.3148e+01  1.0000e+00
-5.7445e+00 -2.0955e+00 -1.5540e-01 -4.5072e+01 -1.4699e+01 -1.5043e+00  4.7433e+01  1.0000e+00
 5.8406e-01 -1.5134e+00 -1.5130e+00  6.2192e+00 -6.1952e+00 -9.9759e+00  1.3288e+01  1.0000e+00
 5.9377e+00  8.5612e-01 -5.4642e-01  4.5351e+01  8.1404e+00 -4.9025e+00  4.6336e+01  1.0000e+00
-2.0974e-01  1.9072e-01  6.2760e-02 -8.0786e+00 -2.7666e+01  1.8835e+01  3.4430e+01  1.0000e+00
-3.2325e-01  2.4016e-01 -1.2248e-01 -1.5265e+00 -5.2723e+00 -2.2836e+01  2.3486e+01  1.0000e+00
-9.9212e-02  4.3089e-01  1.0985e-01 -8.9551e+00 -1.3757e+01 -2.8940e+01  3.3271e+01  1.0000e+00
-1.7476e-01  9.5294e-01 -2.5573e-01 -6.3806e+00  1.5669e+01 -7.8235e+00  1.8640e+01  1.0000e+00
-2.5740e-01  2.7414e-01  1.7759e-01  2.0501e+01 -1.2342e+01 -7.5708e+00  2.5098e+01  1.0000e+00
-1.0504e-01  1.9482e-01  1.5246e-01 -1.0314e+01  2.5191e+01  1.5546e+01  3.1347e+01  1.0000e+00
-2.1855e-01  2.4964e-01 -7.7839e-02  1.1713e+01  1.1239e+01 -3.5618e+00  1.6619e+01  1.0000e+00
-2.7794e+00  2.4466e+00 -6.1198e-01 -1.8990e+01  1.5973e+01 -2.7189e+00  2.4963e+01  1.0000e+00
 6.9901e-03  3.8645e-01  4.9563e-02  1.4453e+01  1.9683e+01 -1.4394e+01  2.8346e+01  1.0000e+00
-3.1804e+00 -8.8536e-01  8.6748e-02 -1.9410e+01 -6.2092e+00 -3.6969e-01  2.0383e+01  1.0000e+00
 1.6185e-01  3.5890e-01  6.0622e-01  3.6894e+00  1.1309e+01  2.4629e+00  1.2148e+01  1.0000e+00
-3.8837e-02  6.7003e-01 -9.6800e-03  3.8160e+00  2.5756e+00 -9.4134e+00  1.0479e+01  1.0000e+00
-1.8013e-01  1.9721e-01  2.2853e-01 -1.6490e+01 -7.8924e+00  1.8039e+01  2.5683e+01  1.0000e+00
-1.6441e-01  1.3921e-01  1.3739e-01  4.4187e+00 -6.0600e+00 -9.5968e+00  1.2180e+01  1.0000e+00
 1.8894e+00 -4.8005e+00 -2.2996e+00  1.4538e+01 -3.5700e+01 -1.7176e+01  4.2200e+01  1.0000e+00
-4.2319e+00 -9.1202e-01  3.8146e+00 -3.2605e+01 -5.6433e+00  2.9395e+01  4.4260e+01  1.0000e+00
 7.2383e-02  7.8123e-01  2.8038e-01  1.2900e+01  4.3358e+00  1.0131e+01  1.6966e+01  1.0000e+00
-9.4724e-01 -8.8499e-01 -2.0230e+00 -5.6841e+00 -3.3338e+00 -8.7143e+00  1.0925e+01  1.0000e+00
 1.7532e+00 -9.9263e-01  2.3418e-01  4.6321e+00 -5.5789e+00  1.6000e+00  7.4257e+00  1.0000e+00
-3.0164e-01  3.0024e-01  5.2421e-02  5.6051e+00 -3.7650e+00  7.5650e-01  6.7944e+00  1.0000e+00
-4.9718e-01 -3.7568e+00 -2.5806e+00 -3.7199e+00 -2.9174e+01 -2.0528e+01  3.5865e+01  1.0000e+00
-1.0088e+00  1.8278e+00 -1.7818e+00 -5.9773e+00  1.0026e+01 -8.0470e+00  1.4178e+01  1.0000e+00
-1.0705e-04  1.4635e-01  3.1248e-01  2.4470e+01 -5.1102e+00  2.0427e+01  3.2283e+01  1.0000e+00
 1.3018e+00  6.8706e-01  1.5230e-02 -2.3507e+00  2.5462e+00 -3.2365e-01  3.4805e+00  1.0000e+00
-3.7168e-01 -6.4763e-01  3.1593e-01 -6.0818e+00 -9.3239e+00  4.8480e+00  1.2142e+01  1.0000e+00
-9.1495e-01  3.9332e+00 -1.7314e+00 -5.5679e+00  2.7556e+01 -1.1617e+01  3.0418e+01  1.0000e+00
 1.6155e+00  1.9102e-01 -5.6124e-01  7.0620e-01  4.1777e+00 -2.7980e+00  5.0775e+00  1.0000e+00
-3.2769e-01  5.2402e-01  5.8302e+00  1.8302e+00  5.3524e+00  3.0247e+01  3.0771e+01  1.0000e+00
-1.9806e-01 -1.5463e+00 -1.8197e-01 -1.4665e+00 -1.4766e+00  1.2790e+00  2.4427e+00  1.0000e+00
-1.2226e-01  2.4498e-01  2.6663e-02  5.8288e+00  1.9406e+01  8.3836e+00  2.1929e+01  1.0000e+00
-3.0205e-01  2.1330e-01  1.3938e-01  2.8408e-01  1.3056e+01 -3.8180e+00  1.3605e+01  1.0000e+00
 3.0712e-01  2.9549e-01 -4.2480e-01  7.5097e+00 -6.3734e+00  1.0192e-01  9.8502e+00  1.0000e+00
 1.3679e+00  2.9409e+00  1.7186e+00  1.0762e+01  2.1669e+01  1.1431e+01  2.6759e+01  1.0000e+00
-2.8411e-01  1.0191e-01  2.3026e-01 -1.1941e+01  1.2422e+01  5.4282e+00  1.8066e+01  1.0000e+00
-9.2958e-02  2.1982e-01  1.4509e-01  1.3923e+00  4.4608e+01  1.7094e+01  4.7792e+01  1.0000e+00
-1.7293e-01  4.2189e-01 -5.4465e-02 -9.7708e+00  1.8391e+01  2.4395e+01  3.2075e+01  1.0000e+00
 2.1491e-02  6.0594e-02  1.5181e-01 -6.1747e+00 -1.9426e+01 -5.2636e+00  2.1053e+01  1.0000e+00
-3.9027e-02  1.6174e-01  1.6370e-01  6.5696e+00  1.3136e+01  1.5453e+00  1.4768e+01  1.0000e+00
-2.7138e-01  3.2198e-01  1.3742e-01 -1.3533e+01 -1.5695e+01 -1.0662e+01  2.3306e+01  1.0000e+00
 2.6158e+00 -1.9994e+00 -4.7044e-01  1.6717e+01 -1.2191e+01 -1.7845e+00  2.0767e+01  1.0000e+00
-2.8938e-01  1.6322e-01 -9.0233e-03 -1.2611e+01 -1.1841e+01 -1.0520e+01  2.0247e+01  1.0000e+00
 5.2625e+00 -8.4463e+00  5.2667e+00  2.5447e+01 -5.0731e+01  3.2681e+01  6.5492e+01  1.0000e+00
 1.8584e-01 -5.3511e-01 -1.7809e+00  2.5533e-01 -7.3564e+00  1.3182e+00  7.4780e+00  1.0000e+00
 4.6239e-01 -2.0328e+00 -5.6980e+00  2.8215e+00 -1.5027e+01 -4.3166e+01  4.5794e+01  1.0000e+00
-1.3167e+00 -2.3250e+00 -3.9352e+00 -1.2277e+01 -1.7138e+01 -2.9586e+01  3.6329e+01  1.0000e+00
-3.5506e-01 -4.2267e+00  4.6580e-01 -2.2083e+00 -3.1834e+01  3.4296e+00  3.2094e+01  1.0000e+00
-5.4600e+00 -2.9115e+00 -1.4746e+00 -4.3578e+01 -2.1766e+01 -1.1285e+01  5.0001e+01  1.0000e+00
-2.2212e-01  4.1646e-01  5.1592e-02  7.5475e+00  9.2756e+00  2.3363e-01  1.1961e+01  1.0000e+00
-4.5323e+00 -1.1389e+00 -9.4348e-01 -3.5421e+01 -8.6739e+00 -6.1426e+00  3.6982e+01  1.0000e+00
 4.4252e-01  8.6402e-02  2.3464e-01  1.5845e+01 -2.2951e+00  1.5768e+01  2.2471e+01  1.0000e+00
-1.9586e-01  3.2359e-01  2.3297e-01  1.5403e+01  2.3078e+01  1.6666e+01  3.2367e+01  1.0000e+00
-6.8485e-01 -1.9129e-01 -1.5089e+00 -6.9479e+00 -1.1677e-01 -2.3944e+01  2.4932e+01  1.0000e+00
 7.9557e-01 -2.6217e-01  9.2707e-01  1.0879e+01  4.1747e+00  4.7314e-01  1.1662e+01  1.0000e+00
-1.4691e-01  1.3940e-01  4.9894e-02 -2.5665e+00  2.3245e+01  1.3661e+00  2.3426e+01  1.0000e+00
