# limit = 5.08382
#
# x           y           z           vx          vy          vz          s           m
 7.9312e-01 -1.5146e+00 -1.3765e+00 -1.3289e+00 -6.3631e+00  9.6022e-01  6.5710e+00  1.0000e+00
-1.0425e-01  3.3385e-01 -8.0944e-02 -1.5347e+01  1.3737e+00 -2.9748e+00  1.5693e+01  1.0000e+00
 5.1787e+00  6.2414e-02  1.0035e+00  3.5921e+01  1.6176e+00  7.0885e+00  3.6650e+01  1.0000e+00
-1.1419e-01  2.4403e-01 -3.8711e-02 -1.2247e+01 -1.2218e+01  2.4739e+01  3.0187e+01  1.0000e+00
-4.2015e+00  1.6764e+00  2.6549e+00 -3.0710e+01  1.1472e+01  1.8240e+01  3.7515e+01  1.0000e+00
 1.7667e+00 -7.1967e-01  5.2739e+00  1.3273e+01 -4.1463e+00  3.7763e+01  4.0242e+01  1.0000e+00
 4.2002e-01 -4.2912e+00 -3.1015e+00  2.1844e+00 -3.1013e+01 -2.1191e+01  3.7625e+01  1.0000e+00
-3.9422e-01  1.2307e+00  5.5580e-01 -3.3055e+00  1.2701e+01  8.0469e+00  1.5395e+01  1.0000e+00
-7.3373e+00  5.2662e+00  1.5702e+01 -4.5607e+01  3.3432e+01  1.0477e+02  1.1906e+02  1.0000e+00
-2.4024e-01  3.5442e-01  1.5777e-01 -3.2554e+01  5.6568e+00 -8.5943e+00  3.4141e+01  1.0000e+00
 1.6245e+00  1.6798e+00  1.3149e+00  6.8937e+00  9.0280e+00  5.5758e+00  1.2654e+01  1.0000e+00
-5.1994e-02  2.8773e-01  6.4939e-02  2.1700e+01 -2.2202e+01 -1.3764e+00  3.1076e+01  1.0000e+00
 7.6403e-01  8.8639e-01  1.4000e+00  2.0924e+00 -1.4393e+00  3.6594e+00  4.4543e+00  1.0000e+00
 9.8839e-01  6.4894e-02 -4.2003e-01  1.9674e+01  2.2505e+00 -4.9515e+00  2.0412e+01  1.0000e+00
-2.3304e-01  2.6256e-01 -1.2855e-01 -9.9901e+00  5.9457e+00  1.7978e+01  2.1409e+01  1.0000e+00
-2.0819e+00 -1.0481e-01 -2.1124e+00 -1.4337e+01 -2.7890e+00 -1.0294e+01  1.7869e+01  1.0000e+00
 3.1043e+00 -3.2230e+00 -3.5943e+00  2.1995e+01 -2.2891e+01 -2.6415e+01  4.1298e+01  1.0000e+00
-2.7704e-02  2.5831e-01 -1.1611e-02  3.0630e+00 -1.1240e+01 -7.3187e+00  1.3758e+01  1.0000e+00
-5.8640e-05  3.8251e-01  7.6349e-02  1.4350e+01  3.5125e+00 -2.2648e+01  2.7041e+01  1.0000e+00
 1.0966e+01  9.3073e+00 -4.1899e+00  7.3615e+01  5.9051e+01 -2.5274e+01  9.7699e+01  1.0000e+00
-1.5597e-01  2.0122e-01  1.9403e-01  1.5944e+01  2.2838e+01 -1.0826e+01  2.9883e+01  1.0000e+00
-2.1060e-01  1.7868e-01  1.4793e-01  1.1335e+01  3.5639e+01 -1.5774e+01  4.0588e+01  1.0000e+00
-1.3151e-01  2.1079e-01  2.7125e-02 -1.5540e+00  1.4984e+01 -2.8583e+00  1.5333e+01  1.0000e+00
-2.2733e+00  4.1202e+00 -4.3238e+00 -1.6325e+01  3.1327e+01 -3.1351e+01  4.7231e+01  1.0000e+00
-1.0706e-01  4.9438e+00 -2.2356e+00 -1.1534e+00  3.5424e+01 -1.5627e+01  3.8735e+01  1.0000e+00
-9.6575e-01  2.2437e-01 -2.4289e+00 -1.0531e+01  6.2826e+00 -1.5707e+01  1.9927e+01  1.0000e+00
 1.8571e+00 -3.8402e+00  8.4811e-01  1.1006e+01 -2.8325e+01  5.2780e+00  3.0844e+01  1.0000e+00
 8.6390e+00 -2.1763e+00 -8.3192e+00  7.5460e+01 -1.9889e+01 -7.2823e+01  1.0674e+02  1.0000e+00
 2.4725e-01 -5.7288e+00 -7.5648e+00  2.1938e+00 -4.2513e+01 -5.6062e+01  7.0393e+01  1.0000e+00
-3.9896e-01  1.9265e-01  2.7495e-01  7.9810e+00  3.5838e+00  1.2833e+01  1.5531e+01  1.0000e+00
-1.2845e-01  2.6056e-01  4.3857e-02 -2.9140e+00 -2.5646e+01 -1.9830e+01  3.2549e+01  1.0000e+00
-5.8863e-02  3.3956e-01  1.0452e-01  9.1726e+00  1.6964e+01 -3.6244e+00  1.9622e+01  1.0000e+00
 9.5801e-03  3.4394e-01 -2.8278e-01 -7.0675e+00  3.1296e+00  7.8660e+00  1.1028e+01  1.0000e+00
-1.6939e-01  3.0099e-01  7.1192e-02  1.5872e+01  1.3757e+01 -1.3560e+01  2.5001e+01  1.0000e+00
-3.4628e-02  3.2798e-01  2.1546e-01  6.5782e+00  5.3994e+00 -1.1685e+01  1.4455e+01  1.0000e+00
-3.9010e-01  3.6237e-01 -1.1221e-01 -2.1541e+01  5.5934e-01  1.0267e+01  2.3869e+01  1.0000e+00
 1.4859e+00  6.9869e-02 -4.5979e-01 -3.5088e+00 -3.8050e+00  4.3636e+00  6.7698e+00  1.0000e+00
-4.2151e+00  8.0600e+00 -1.0568e+01 -2.8620e+01  5.4854e+01 -6.8167e+01  9.2059e+01  1.0000e+00
 3.2860e-02  3.9364e-01  6.2850e-01 -5.2960e+00  1.7633e+00 -1.6794e+01  1.7697e+01  1.0000e+00
 3.2934e+00 -8.5197e-01  2.7215e+00  2.1518e+01 -4.5420e+00  1.8112e+01  2.8490e+01  1.0000e+00
 2.2865e+00  2.0003e+00 -1.0380e-01  1.2983e+01  1.1898e+01  1.9843e+00  1.7721e+01  1.0000e+00
-3.1310e-01  2.6415e-01 -6.4993e-01 -1.1109e+01  3.9119e+00 -5.3434e+00  1.2933e+01  1.0000e+00
 2.0951e-01 -6.6162e-02  1.6533e-01 -5.2539e+00 -5.7835e+00  5.9321e+00  9.8103e+00  1.0000e+00
 5.4881e-01 -1.8307e+00  5.6683e+00  4.3538e+00 -1.2487e+01  4.1025e+01  4.3104e+01  1.0000e+00
 5.3239e+00  2.6035e+00  3.9167e-01  3.9934e+01  1.9464e+01  3.2371e+00  4.4542e+01  1.0000e+00
 1.0601e-01 -3.7281e+00  4.5878e-01  3.1813e+00 -2.6242e+01  4.7017e+00  2.6849e+01  1.0000e+00
-2.2838e-01  3.6089e-01  1.1640e-01 -1.9810e+01  1.5567e+00 -1.9210e+01  2.7639e+01  1.0000e+00
 1.2245e+00 -1.7128e+00 -5.4685e-01  7.2632e+00 -5.4584e+00 -2.7243e-01  9.0896e+00  1.0000e+00
 3.0468e+00 -1.1289e+00  1.2741e+00  1.8466e+01 -7.2534e+00  7.9651e+00  2.1379e+01  1.0000e+00
 1.3254e-01  1.5646e-01  2.5773e-01 -5.6502e+00  7.5328e+00 -2.9063e+01  3.0550e+01  1.0000e+00
 4.9499e-02  2.3795e-01 -2.0707e-01 -1.1374e+01  9.5782e-01  1.7377e+01  2.0791e+01  1.0000e+00
-7.6025e-02  1.9987e-01 -1.1449e-01  5.9900e+00  1.5413e+01  1.1468e+01  2.0123e+01  1.0000e+00
-1.1957e+00 -1.7815e+00  1.7500e+00 -5.7366e+00 -9.8528e+00  9.3825e+00  1.4765e+01  1.0000e+00
 9.6326e-02  1.3750e-01  6.0728e-03 -1.9009e+01  9.3726e+00  5.7889e+00  2.1970e+01  1.0000e+00
-2.5867e-01  3.3931e-01  2.6373e-01  1.0102e+01 -1.4059e+01  2.7196e+01  3.2239e+01  1.0000e+00
-3.7820e-01  2.4370e-01  5.3727e-02  3.8911e+00 -5.0906e+00  2.8448e+01  2.9160e+01  1.0000e+00
-1.4804e-01  4.1378e-01 -1.8371e-01 -2.8113e-01  7.1389e+00 -1.4762e+01  1.6400e+01  1.0000e+00
 7.9025e-02  2.1538e-01  6.2962e-03 -2.5784e+01  1.5973e+01  7.0390e-01  3.0339e+01  1.0000e+00
 8.5448e-02  9.6911e-02 -1.0617e-01 -7.9181e+00 -1.4545e+00  1.7629e+00  8.2413e+00  1.0000e+00
 1.5672e+00 -6.5792e-01  4.1872e+00  9.6813e+00 -5.6247e+00  2.9797e+01  3.1831e+01  1.0000e+00
 9.0283e-02  2.5483e-01  7.7892e-02 -2.2956e+00  1.2970e+01 -2.4132e+00  1.3391e+01  1.0000e+00
-3.3739e-02  4.0593e-01 -1.9799e-01 -2.2807e+00  1.7884e+01  7.2572e-01  1.8043e+01  1.0000e+00
 1.6594e+00  9.5514e-02 -8.0713e-01  2.3983e+01  2.1325e+00 -1.2035e+01  2.6918e+01  1.0000e+00
-2.2477e-01  3.1793e-01  9.4243e-02  3.4901e+01  3.2335e+00 -2.6371e+00  3.5150e+01  1.0000e+00
 1.8718e+00 -5.3531e-01  5.5553e-01  5.0296e+00 -1.7648e+00  2.1260e+00  5.7386e+00  1.0000e+00
-7.4820e-02  1.7381e-01 -4.0777e-02  2.9443e-02 -7.8085e+00 -2.8228e+01  2.9288e+01  1.0000e+00
-1.8730e-01  2.9864e-01 -5.7129e-02 -1.4848e+01 -6.4584e+00 -6.5165e+00  1.7454e+01  1.0000e+00
-1.1215e-01  1.9430e-01  1.0005e-01 -2.9979e+01 -1.5803e+01 -8.8286e+00  3.5020e+01  1.0000e+00
-6.2350e-02  2.6010e-01 -2.3370e-01  1.0145e+01  3.0627e+00  8.4392e+00  1.3547e+01  1.0000e+00
 1.2357e-01  7.1936e-02  2.5498e-01  1.0778e+01 -2.0732e+01  3.9684e+00  2.3701e+01  1.0000e+00
 4.9237e+00  6.5091e-01  9.5712e-01  3.5534e+01  3.9697e+00  6.3525e+00  3.6315e+01  1.0000e+00
-1.6540e-01  3.2120e-01  7.1179e-02  2.1186e+01  1.3921e+01 -2.0843e+01  3.2819e+01  1.0000e+00
-4.0388e-02 -1.0710e-01  2.1494e-01 -3.0275e+00  1.6664e+01 -5.7713e+00  1.7893e+01  1.0000e+00
-1.0184e-01  1.7191e-01  3.2039e-02  3.2107e+01 -1.3863e+01 -2.4323e+01  4.2599e+01  1.0000e+00
-1.0630e-01  2.8309e-01  8.0266e-03 -2.6973e+01  1.8593e+01  1.0362e+01  3.4360e+01  1.0000e+00
-8.7518e-02  1.6200e-01  1.4832e-01  1.1728e+01  1.4989e-01  1.8669e+01  2.2047e+01  1.0000e+00
-1.9693e-01  1.0517e-01  4.9681e-02 -8.9971e+00 -8.2868e+00  1.8108e+01  2.1853e+01  1.0000e+00
 1.1087e-01 -4.1388e-01 -3.6854e-01 -4.2470e+00  7.7002e+00  1.2028e+01  1.4900e+01  1.0000e+00
 5.7082e+00 -2.8905e+00 -6.9316e-01  4.2567e+01 -2.0146e+01 -4.8953e+00  4.7348e+01  1.0000e+00
-3.5862e+00 -2.3300e+00 -1.5171e+00 -2.4986e+01 -1.5404e+01 -9.3813e+00  3.0816e+01  1.0000e+00
-2.2650e-01  1.1450e-01  2.3629e-01 -1.2116e+01 -1.0699e+00 -9.4682e+00  1.5414e+01  1.0000e+00
-2.0603e-01  2.6889e-01  2.6583e-02  6.2365e+01  2.8709e+01 -1.0547e+01  6.9461e+01  1.0000e+00
 1.1586e+00 -5.9617e-01 -9.7626e-01  4.7529e+00 -2.1807e+00 -2.3651e+00  5.7393e+00  1.0000e+00
 1.8340e+00  1.2326e+00  2.1870e+00  9.3544e+00  8.4919e+00  1.1999e+01  1.7424e+01  1.0000e+00
 2.0182e-02  3.3757e-01  2.8852e-01 -5.5710e+00  1.2860e+00  5.4072e-01  5.7430e+00  1.0000e+00
-3.2568e-01  3.1576e-01  5.4242e-02 -2.2449e+01  3.4440e+00 -3.2685e+00  2.2946e+01  1.0000e+00
-2.8335e-01  5.4480e-01 -3.8735e-02  5.4430e+00 -2.0424e+01  2.3531e+01  3.1631e+01  1.0000e+00
 1.3787e+00 -9.4926e-01  1.3489e+00  7.5154e+00 -1.7277e+00  6.8332e+00  1.0303e+01  1.0000e+00
 3.0909e-02  2.5725e-01  2.9246e-01  8.1742e+00 -1.4545e+01 -6.4404e-01  1.6697e+01  1.0000e+00
-2.0681e-01  4.2229e-01  1.6370e-01 -2.7099e+01 -1.2164e+01 -4.5926e+00  3.0057e+01  1.0000e+00
 1.4355e+00 -9.5393e-01  1.2410e+00  6.4612e+00 -5.0798e+00  5.8978e+00  1.0116e+01  1.0000e+00
-2.0787e-01  2.8672e-01  2.7320e-01  9.8624e+00 -4.9130e+00  2.2433e+00  1.1244e+01  1.0000e+00
-1.0046e-01  2.2500e-01  1.1682e-01 -2.0361e+01  3.8388e+01 -1.7017e+00  4.3487e+01  1.0000e+00
-1.1322e-01  2.8581e-01 -1.0771e-01 -4.7455e+00 -7.5900e+00  1.0457e+01  1.3765e+01  1.0000e+00
-9.0622e-01  1.3758e+00  1.3931e-01  6.7609e-01 -2.0236e+00  2.6203e+00  3.3791e+00  1.0000e+00
 1.3369e-02  2.7072e-01  1.2094e-02  8.0423e+00  8.7381e+00  7.0114e+00  1.3791e+01  1.0000e+00
-1.2176e-01  2.7183e-01 -2.8781e-02  6.9821e+00 -2.7835e+01  1.1803e+00  2.8722e+01  1.0000e+00
-1.9795e+00 -2.9845e+00 -3.3143e+00 -1.3842e+01 -2.0062e+01 -2.2512e+01  3.3180e+01  1.0000e+00
 4.8941e-01 -1.1343e+00 -4.9096e+00  3.0860e+00 -5.8896e+00 -2.5399e+01  2.6255e+01  1.0000e+00
-4.9068e-01  1.8507e+00 -1.0981e+00  4.5812e+00  1.2236e+01 -7.1623e+00  1.4899e+01  1.0000e+00
-1.4525e-01  1.7490e-01 -6.1316e-02  3.7678e+00 -7.6723e+00  2.4585e+00  8.8940e+00  1.0000e+00
-1.4503e-01  1.3180e-01  1.3681e-01  1.0417e+01 -2.5979e+01 -7.4517e+00  2.8964e+01  1.0000e+00
 1.5494e+00 -1.0593e+00 -1.7834e-01  5.4927e+00 -1.4672e+00 -1.1956e+00  5.8096e+00  1.0000e+00
 1.0178e+00 -3.7092e-01  3.6680e-01 -2.2675e+00  5.3419e+00 -1.2632e+00  5.9391e+00  1.0000e+00
 4.9509e+00  1.7135e+00 -9.1340e-02  3.4856e+01  1.3782e+01 -1.0734e+00  3.7497e+01  1.0000e+00
-2.8241e-01  4.4628e-01 -2.0838e-02  3.5190e+00 -1.0865e+01  1.3325e+01  1.7549e+01  1.0000e+00
 3.6720e+00  1.6219e-01  4.1232e+00  2.5857e+01  1.5767e+00  2.9023e+01  3.8903e+01  1.0000e+00
-3.3705e-01  3.1875e-01  2.8800e-01 -5.6845e+00  3.9576e+00  1.9875e+01  2.1047e+01  1.0000e+00
 3.8480e-01  9.9154e-03 -2.8559e-02  1.0780e+00 -1.4764e+01  8.5017e+00  1.7071e+01  1.0000e+00
-5.7807e+00  1.1024e+00  1.2871e+00 -4.2478e+01  9.2287e+00  9.7241e+00  4.4544e+01  1.0000e+00
-6.5635e-01  1.9482e+00 -5.3608e-02 -3.7936e+00  3.5661e+00  3.1522e+00  6.0865e+00  1.0000e+00
 1.3383e+00 -2.1990e+00  3.8594e+00  8.2634e+00 -1.4524e+01  2.6847e+01  3.1623e+01  1.0000e+00
 1.5972e+00 -1.5657e+00  3.2523e+00  9.7827e+00 -1.0248e+01  2.1320e+01  2.5598e+01  1.0000e+00
 2.7270e+00 -3.1771e+00 -1.2538e+00  1.7436e+01 -2.0958e+01 -7.5119e+00  2.8279e+01  1.0000e+00
 1.9250e+00 -1.3380e+00  4.7749e-01  8.0720e+00 -3.3832e+00  1.3559e+00  8.8567e+00  1.0000e+00
-2.9695e-01  2.1752e-01  2.5162e-01 -2.2237e+01  7.0884e+00 -4.1029e+00  2.3698e+01  1.0000e+00
-3.4231e-01  1.5134e-01  2.2911e-01  1.7008e+01 -2.0528e+00 -1.3559e+01  2.1848e+01  1.0000e+00
-4.0154e-01  3.5289e-01  1.0207e-01  1.2007e+00  5.8394e+00  6.2698e+00  8.6516e+00  1.0000e+00
 2.1443e-02  7.5741e-02  2.0698e-02  6.7278e+00 -1.1152e+01  2.1191e+00  1.3195e+01  1.0000e+00
-3.2599e-01  2.9156e-01  1.5184e-01 -2.9307e+01  1.0730e+01 -7.1532e+00  3.2019e+01  1.0000e+00
-2.1435e-02  3.3973e-01  3.3496e-01 -1.7228e+01  1.2434e+01  8.4851e+00  2.2878e+01  1.0000e+00
-5.9054e-01 -9.2531e-02  1.3086e-01 -8.7127e+00 -6.7065e+00  2.6713e+00  1.1315e+01  1.0000e+00
-7.4961e+00  3.0350e+00  2.6945e+00 -5.5576e+01  2.3242e+01  2.1435e+01  6.3940e+01  1.0000e+00
-2.1077e-01  4.1533e-01  1.6400e-01 -4.1728e+00  1.5821e+01  2.0459e+01  2.6197e+01  1.0000e+00
-2.1321e-02  3.6136e-01  1.7296e-01  1.8332e+01 -3.9262e+00 -1.2289e+01  2.2416e+01  1.0000e+00
-6.6007e-01  2.4519e-01  2.5159e-01 -9.1867e+00  8.2782e+00 -4.0866e+00  1.3024e+01  1.0000e+00
 2.9275e+00 -2.6799e+00 -1.2238e+00  2.1310e+01 -1.7387e+01 -6.7299e+00  2.8315e+01  1.0000e+00
-6.8795e-02  1.7777e-01 -5.7357e-02  1.0450e+01  9.0983e+00  2.9003e+01  3.2143e+01  1.0000e+00
 2.0482e+00 -1.8338e+00  4.2040e+00  1.3892e+01 -1.1794e+01  3.1001e+01  3.5960e+01  1.0000e+00
-2.5433e-01  1.6893e-01  1.8981e-01  1.4933e+01 -9.9621e-01  8.1853e+00  1.7059e+01  1.0000e+00
-6.1031e-01 -9.6042e-01 -3.8453e+00 -5.5070e+00 -5.6477e+00 -2.4874e+01  2.6095e+01  1.0000e+00
 1.7033e+00 -1.0176e+00  6.7875e-01  3.7858e+00 -3.6885e+00  3.8162e+00  6.5193e+00  1.0000e+00
-2.3117e-01  3.5025e-01  1.4778e-01 -3.8906e+00 -1.2226e+01  1.7964e+01  2.2075e+01  1.0000e+00
-9.8119e-02  4.7506e-01  4.0156e-01 -7.7776e+00  2.1043e+00 -1.2833e+01  1.5153e+01  1.0000e+00
-7.1344e-01  8.5693e-01  1.1902e-01 -1.6573e+01  7.1317e+00  3.0042e+00  1.8291e+01  1.0000e+00
-2.7316e-01  1.3863e+00 -1.0475e-01  1.8647e+00 -1.5953e+00 -1.0191e+01  1.0482e+01  1.0000e+00
 1.0599e-02 -3.2717e-01 -3.6798e-02  2.4668e-01  3.0274e+00  2.3932e+00  3.8670e+00  1.0000e+00
-3.7484e-01  1.7673e-01 -1.8138e-01  8.7274e+00  6.9812e+00 -7.9827e+00  1.3734e+01  1.0000e+00
 2.0470e+00 -1.3681e+00  2.8107e-01  8.2288e+00 -5.1984e+00  5.0839e+00  1.0981e+01  1.0000e+00
-6.0433e-01 -1.5863e+00  3.9356e+00 -4.5205e+00 -1.2472e+01  2.7875e+01  3.0870e+01  1.0000e+00
-7.6581e-01  2.7098e-01 -1.8125e-01 -6.2522e+00  3.2701e+00 -2.0955e+00  7.3603e+00  1.0000e+00
-9.3440e-02  4.5850e-01  1.1122e-01  1.2004e+01  1.0121e+01 -2.9389e+01  3.3320e+01  1.0000e+00
-5.6828e+00  5.7861e-01 -1.8561e+00 -3.6922e+01  8.7861e+00 -9.8609e+00  3.9213e+01  1.0000e+00
-4.7411e-01  1.8945e-01  9.8216e-02 -8.1683e+00 -3.3063e+00  1.6646e+01  1.8835e+01  1.0000e+00
-3.7571e-02  2.5582e-01 -1.4124e-01  1.7432e+00  7.0681e-01  7.9424e+00  8.1621e+00  1.0000e+00
-8.7869e-03  2.5696e-01  5.7715e-02 -2.4065e+01 -1.7869e+01  1.6167e+01  3.4055e+01  1.0000e+00
-1.8365e+00 -8.0742e+00 -8.6230e+00 -1.5022e+01 -4.5008e+01 -5.2531e+01  7.0787e+01  1.0000e+00
 5.0614e+00 -4.5051e+00  1.3007e+00  3.6260e+01 -3.1994e+01  8.9687e+00  4.9181e+01  1.0000e+00
-3.8668e-01 -4.1050e-03  6.8657e-01  3.4039e+00  6.1927e+00 -2.4268e+00  7.4716e+00  1.0000e+00
 7.2079e-01 -4.2342e-01 -1.6694e+00  2.7961e+00  4.0078e-01 -3.8749e+00  4.7951e+00  1.0000e+00
-1.1560e-01  4.3936e-01 -9.8596e-02  8.9751e+00 -1.8944e+00 -1.5198e+00  9.2979e+00  1.0000e+00
 5.0520e-01 -9.7769e-01 -1.5771e+00  3.5285e+00 -8.1637e-01 -5.1105e+00  6.2638e+00  1.0000e+00
-7.6451e-01  1.0344e+00  2.8510e-01 -4.4060e+00  6.5324e+00 -5.3765e+00  9.5390e+00  1.0000e+00
-1.8109e-01  2.2278e-01  5.9798e-02 -3.9709e+01  9.8445e+00  1.0837e+01  4.2322e+01  1.0000e+00
-2.8015e+00  4.1902e+00 -2.3943e+00 -2.0031e+01  3.1629e+01 -1.6580e+01  4.0945e+01  1.0000e+00
-2.5182e-01  3.1826e-01  5.8695e-02 -1.8763e+01 -1.7468e+01  1.6298e+01  3.0377e+01  1.0000e+00
-1.1828e+00  2.7321e-01 -6.6081e-01 -9.0378e+00  8.1345e-01 -1.8781e-01  9.0763e+00  1.0000e+00
-3.3915e-02  2.2601e-01  1.1940e-01 -1.1195e+01 -1.3123e+01  2.1463e+01  2.7536e+01  1.0000e+00
 2.9564e-02  2.4229e-01 -8.9912e-02 -3.9706e+00  3.9483e+00 -1.5693e+01  1.6662e+01  1.0000e+00
-2.7409e-01  2.7667e-01  1.2309e-01  7.9439e+00 -9.3081e+00  2.9847e+01  3.2258e+01  1.0000e+00
-1.9506e-01  4.1058e-01  1.2590e-01  1.1868e+01 -1.0192e+01  2.4791e+00  1.5839e+01  1.0000e+00
-2.9662e-01  7.3453e-01  3.6934e-01 -5.0197e+00  6.4443e+00 -5.2386e+00  9.7041e+00  1.0000e+00
 1.4713e-02  2.6912e-01 -1.1650e-02 -8.4324e+00 -8.0932e-01  1.3687e+01  1.6096e+01  1.0000e+00
-1.9881e-01  4.6439e-01  6.0035e-02  2.6658e+01  2.9455e+00  2.5866e+00  2.6945e+01  1.0000e+00
-3.7430e-01  2.6438e-01  3.5671e-01 -6.4928e+00 -7.3073e+00 -1.8179e+00  9.9427e+00  1.0000e+00
 1.4567e+00 -2.4283e+00  3.6969e+00  9.7756e+00 -1.5029e+01  2.6432e+01  3.1938e+01  1.0000e+00
-1.0006e-01  5.9999e-01 -2.2244e-01 -7.1455e+00  1.9963e+00 -2.1549e+00  7.7258e+00  1.0000e+00
 9.9949e+00 -6.9076e+00 -1.4530e+01  6.9316e+01 -4.7301e+01 -9.5517e+01  1.2714e+02  1.0000e+00
-1.4261e-01  3.9630e-01  2.2808e-02 -1.2720e+01  8.5654e+00 -1.3870e+01  2.0678e+01  1.0000e+00
-7.8156e-01  1.0897e+00  1.5226e+00 -5.4155e+00  1.0491e+01  9.7944e+00  1.5340e+01  1.0000e+00
 2.5511e+00 -1.1800e+00 -9.0662e-01  2.0775e+01 -5.2631e+00 -4.1382e+00  2.1827e+01  1.0000e+00
-1.8636e-01  2.7423e-01  3.4611e-02  9.9145e-01  2.0081e+01  9.3986e+00  2.2194e+01  1.0000e+00
 8.3180e-01  6.7986e-02 -2.7679e-01 -5.6691e+00  9.5188e+00 -2.2491e+00  1.1305e+01  1.0000e+00
-1.6413e-01  1.6590e-01 -2.0347e-01  1.9342e+01  1.3571e+01 -1.4720e+01  2.7838e+01  1.0000e+00
-5.5756e-02  3.0118e-01  4.9460e-02  2.9166e+01 -2.8368e+00  7.7779e+00  3.0318e+01  1.0000e+00
-2.1219e-01  4.1815e-01  1.7696e-01 -1.8120e+01  2.3890e+01  3.6197e-01  2.9987e+01  1.0000e+00
-9.1655e-01  1.1226e+00 -4.8988e-01  1.0124e+00 -1.5482e+00  4.8915e+00  5.2296e+00  1.0000e+00
 2.2947e-02  1.2049e-01 -2.0609e-01  8.2747e+00  1.1911e+01  6.1744e-01  1.4516e+01  1.0000e+00
 8.1210e-01  5.1881e-01  4.9005e-01 -3.1630e+00 -2.6896e+00 -7.1290e+00  8.2500e+00  1.0000e+00
 2.7378e-01 -2.0897e+00  3.7755e+00  1.4934e+00 -1.4421e+01  2.5195e+01  2.9069e+01  1.0000e+00
 5.1147e-02  2.1646e-01  1.2806e-01  1.9993e+00  9.5939e+00  6.1619e+00  1.1576e+01  1.0000e+00
-2.9137e-01  3.2533e-01 -4.6366e-02 -1.9265e+01 -1.8559e+01 -1.2700e+01  2.9612e+01  1.0000e+00
 2.2549e-01  3.7887e-01  2.1726e-01  7.3553e+00 -8.0873e-01  4.3521e+00  8.5846e+00  1.0000e+00
-1.8060e-01  1.6382e-01  1.8804e-01  3.1746e+00  1.6237e+01  1.5135e+01  2.2423e+01  1.0000e+00
-5.4818e-01 -3.7406e-03  6.3810e-02 -1.6785e+01 -1.4513e+01  2.3532e+00  2.2314e+01  1.0000e+00
-1.5646e-01  2.9759e-01  6.8318e-02 -2.9986e+01 -3.8453e+01 -1.2808e+01  5.0417e+01  1.0000e+00
-2.2941e-01  5.2651e-01  2.4611e-01  6.2461e+00 -1.6412e+01 -1.2289e+01  2.1433e+01  1.0000e+00
-3.5770e+00  2.9908e+00 -1.0194e+00 -2.4162e+01  2.0357e+01 -6.7120e+00  3.2300e+01  1.0000e+00
 1.9477e+00 -1.4877e+00 -5.9578e+00  1.4502e+01 -1.1382e+01 -4.4313e+01  4.7995e+01  1.0000e+00
-2.4396e-01  3.3730e-01 -4.8100e-02 -2.2409e+00  1.8250e+00 -3.0928e+01  3.1063e+01  1.0000e+00
-3.4146e-01 -4.1702e+00 -2.9799e+00 -6.3064e-01 -2.8820e+01 -2.0585e+01  3.5423e+01  1.0000e+00
-1.3711e+00  1.2700e+00 -5.7267e+00 -1.0834e+01  1.0291e+01 -4.1867e+01  4.4453e+01  1.0000e+00
 7.8981e-01 -3.6677e+00  1.4372e-02  5.1027e+00 -2.5790e+01  1.6873e-01  2.6291e+01  1.0000e+00
-3.4075e-01 -4.4105e-01  3.9687e-01 -2.8567e+00 -2.1928e+00  2.4638e+00  4.3634e+00  1.0000e+00
-6.9877e-01 -7.7800e-01 -4.1624e+00 -4.9789e+00 -6.5409e+00 -2.7711e+01  2.8904e+01  1.0000e+00
-6.7541e-01 -6.9966e-01 -6.0070e-01  6.6867e-01  6.3618e+00  2.6906e+00  6.9396e+00  1.0000e+00
-1.9680e-02  3.9945e-01 -1.3451e-01  8.5847e+00 -5.4427e+00 -9.6257e+00  1.3999e+01  1.0000e+00
 7.4382e-01  9.8671e-01  1.2111e+00  2.1164e+01  1.2500e+01  2.9351e+01  3.8284e+01  1.0000e+00
-3.0522e-01  1.1300e-01 -1.2464e-01 -3.8298e+00  1.3823e+01  9.6864e+00  1.7308e+01  1.0000e+00
 2.3141e+00 -3.2527e+00 -1.2782e+00  1.7024e+01 -2.0880e+01 -8.5385e+00  2.8261e+01  1.0000e+00
-2.1249e-01  2.6588e-01  2.5557e-01 -5.1021e+00 -1.0035e+01  5.2585e-01  1.1270e+01  1.0000e+00
-2.1838e-01  2.5283e-01  2.3175e-01 -1.3276e+01  1.2165e+01 -7.6870e+00  1.9579e+01  1.0000e+00
-4.2089e+00 -1.9320e+00 -1.4057e+00 -2.9238e+01 -1.3094e+01 -8.9366e+00  3.3259e+01  1.0000e+00
 2.4421e+00  1.0187e+00  1.9752e+00  1.5792e+01  8.8479e+00  1.6109e+01  2.4231e+01  1.0000e+00
 2.1626e-02  3.0599e-01 -3.5459e-02 -2.0055e+00 -6.4786e+00  1.8464e+01  1.9670e+01  1.0000e+00
 1.5258e+00 -5.2369e+00 -4.0893e-01  1.1891e+01 -3.8427e+01 -3.0271e+00  4.0339e+01  1.0000e+00
-3.6144e-01  3.4653e-01  9.1751e-02  2.3497e+01 -1.2960e+01  6.7837e-01  2.6843e+01  1.0000e+00
-6.5051e+00 -5.6042e-01  9.6377e+00 -5.7163e+01 -5.6039e+00  8.4327e+01  1.0203e+02  1.0000e+00
 2.9095e+00 -5.1942e+00 -4.1772e+00  2.2438e+01 -3.8471e+01 -3.1322e+01  5.4447e+01  1.0000e+00
-5.9168e-01  4.4368e-01 -1.4646e-01  4.0461e+00  1.8307e+00  9.4758e+00  1.0465e+01  1.0000e+00
-1.0715e+00  1.4333e-01 -4.0417e-01  5.2380e+00  6.2244e+00  1.7050e+00  8.3119e+00  1.0000e+00
 3.0800e-02  5.6798e-01 -3.9066e-02  1.8073e+01  6.8701e+00  1.3620e+01  2.3650e+01  1.0000e+00
-2.1553e+00 -7.0912e-01 -1.6825e+00 -1.3969e+01 -3.3341e+00 -1.0223e+01  1.7628e+01  1.0000e+00
-1.6340e-01  1.7150e-01  8.6284e-02 -2.3693e+01 -8.6718e+00 -1.9878e+01  3.2120e+01  1.0000e+00
-2.6178e-01  2.0957e-01  1.9703e-01 -1.5165e+00  1.9015e+01  9.6752e+00  2.1389e+01  1.0000e+00
-2.4302e-02 -4.2197e+00 -2.9444e+00 -2.9954e-01 -2.7996e+01 -2.0186e+01  3.4516e+01  1.0000e+00
-2.4470e-01  2.6712e-01  1.5068e-01  3.9224e+01  5.4371e+00  5.6705e+00  4.0003e+01  1.0000e+00
-2.1699e-01  2.8548e-01  9.8446e-02  9.4759e+00 -5.7518e+00 -1.0714e+01  1.5416e+01  1.0000e+00
-2.0587e-01  2.6862e-01  2.7142e-02 -5.0917e+00  6.0383e+00  1.7894e+01  1.9560e+01  1.0000e+00
 8.1238e-01  1.2601e-01  1.4026e+00 -4.8903e+00  3.6642e+00  5.3804e+00  8.1419e+00  1.0000e+00
-1.5910e-01  3.5577e-01  2.4902e-01  2.6953e+01  4.6802e+00 -1.8239e+00  2.7417e+01  1.0000e+00
-8.6572e+00 -9.8255e+00  4.4366e+00 -5.1562e+01 -6.2824e+01  2.9649e+01  8.6514e+01  1.0000e+00
-2.1858e-01  1.4056e-01  8.6005e-02 -4.7670e+00  2.1793e+01  1.8099e+01  2.8727e+01  1.0000e+00
-7.1947e-02  1.3291e-01  1.4675e-01 -2.7170e+00 -4.5080e+00 -1.4907e+01  1.5809e+01  1.0000e+00
-1.4643e-01  1.9799e-01 -9.0062e-03 -1.7693e+01 -3.7142e+00 -8.7615e+00  2.0089e+01  1.0000e+00
-3.1508e-01  2.2956e-01  6.3967e-02  3.3754e+00  1.0496e+01 -2.5768e+01  2.8028e+01  1.0000e+00
-2.4588e-01  6.9707e-01  2.4760e-01 -4.8077e+00  1.3723e+00  3.3202e+00  6.0018e+00  1.0000e+00
-4.4883e-01 -4.7966e-01  9.4868e-02 -5.3162e+00  1.7289e-01  2.1088e+00  5.7218e+00  1.0000e+00
 7.3569e-01  9.6483e-01  4.3979e-01 -7.0856e+00 -1.0450e+00  4.0496e+00  8.2278e+00  1.0000e+00
-4.4027e-03 -3.6551e+00  1.8454e+00 -3.2147e-01 -2.5662e+01  1.2101e+01  2.8374e+01  1.0000e+00
-4.4003e+00 -2.7951e+00 -1.6611e+00 -3.1456e+01 -1.8010e+01 -9.9633e+00  3.7591e+01  1.0000e+00
 3.0695e-02 -1.0809e+00 -1.4206e-01 -8.9018e+00 -8.2580e+00 -4.6152e+00  1.2990e+01  1.0000e+00
-6.7092e-02  1.9883e-01  2.8928e-01 -1.4398e+01  9.1234e+00  7.0628e+00  1.8451e+01  1.0000e+00
 5.6894e+00 -2.0920e+00 -4.0235e-01  4.1926e+01 -1.4815e+01 -2.3155e+00  4.4527e+01  1.0000e+00
-7.7304e-01  1.5940e-01  3.9757e-01  1.2010e+01 -1.3310e+01  7.1568e+00  1.9303e+01  1.0000e+00
 6.5626e+01 -8.1642e+01  5.4102e+01  3.8386e+02 -4.7418e+02  3.0947e+02  6.8408e+02  1.0000e+00
-3.7873e-01  1.0731e+00 -1.8911e-01  7.1905e+00 -5.4140e+00  7.9850e+00  1.2032e+01  1.0000e+00
-6.8631e-01  2.3711e-01  1.7896e-01  1.7468e+01 -1.6649e-01  5.7505e+00  1.8391e+01  1.0000e+00
 1.9650e-02  2.1697e-01 -1.3836e-01 -8.0474e+00  1.5589e+01  2.0671e+01  2.7112e+01  1.0000e+00
 3.4377e+00  2.8520e+00  1.5476e-01  2.3397e+01  1.8767e+01  1.9903e+00  3.0060e+01  1.0000e+00
-1.6386e+00 -5.6777e-01  6.7046e-01 -2.4350e+01 -6.8524e+00  1.2930e+01  2.8409e+01  1.0000e+00
 8.8015e-01 -4.5825e+00  3.5965e-01  5.5851e+00 -3.1606e+01  1.3878e+00  3.2126e+01  1.0000e+00
 1.2534e-01  2.8001e-01  1.0917e-01  6.2709e+00  1.1869e+01  1.4417e+01  1.9699e+01  1.0000e+00
 2.6786e-01  2.2407e+00 -3.3157e+00  1.5850e+00  1.4705e+01 -2.3236e+01  2.7544e+01  1.0000e+00
-4.4991e+00  1.5119e+00  1.6789e+00 -6.9512e+01  2.3388e+01  2.5338e+01  7.7595e+01  1.0000e+00
-3.0075e-01  2.8715e-01  8.3418e-02 -4.9098e+00  2.4461e+01 -8.1764e+00  2.6255e+01  1.0000e+00
-8.6155e-01 -6.9584e-02  8.8319e-01  5.8682e+00 -2.7540e+00 -8.8574e+00  1.0976e+01  1.0000e+00
-2.3544e-01  3.4126e-01 -4.2405e-02  1.0709e+01 -1.5538e+01 -2.2121e+01  2.9077e+01  1.0000e+00
-6.0518e-01 -3.7541e-01  5.9667e-01 -7.9567e+00 -1.7268e+00  5.9649e+00  1.0093e+01  1.0000e+00
 4.6724e-01 -4.4402e+00  3.5209e+00  3.0206e+00 -3.2371e+01  2.5676e+01  4.1428e+01  1.0000e+00
-2.1759e-01  2.1440e-01  1.8560e-01 -9.4698e-01  1.0916e+01 -1.9738e+00  1.1134e+01  1.0000e+00
 5.4838e-01  3.0600e+00  2.2750e-01 -2.5126e+00  2.0578e+01  4.1300e+00  2.1138e+01  1.0000e+00
-3.6695e-01  1.9810e-01  2.2024e-01 -7.9287e+00  1.2831e+00 -1.1985e+01  1.4427e+01  1.0000e+00
 1.7335e+00 -1.1278e+00  3.6620e-01  7.8873e+00 -1.8278e+00  2.9127e+00  8.6043e+00  1.0000e+00
-4.2447e-01  5.3798e-01  1.6751e-01 -1.8828e+01 -5.0061e+00  1.2596e+01  2.3199e+01  1.0000e+00
 2.6260e+00 -1.2731e+00  1.5364e+00  1.7526e+01 -5.1845e+00  9.7013e+00  2.0692e+01  1.0000e+00
-5.7699e-02  2.7627e-01 -2.3357e-01  9.6942e-02  1.0883e+01 -2.9528e+01  3.1470e+01  1.0000e+00
-2.4672e-01  2.9607e-01  1.5262e-01  6.0709e+00 -1.2823e+01 -5.9412e+00  1.5381e+01  1.0000e+00
-1.4414e-01  3.5601e-01  5.8194e-02 -1.6004e+01 -4.6129e+00  4.4474e+00  1.7239e+01  1.0000e+00
-1.0501e+00 -9.2310e-01 -4.9459e+00 -6.7744e+00 -5.7040e+00 -3.4932e+01  3.6037e+01  1.0000e+00
-4.7976e-01 -1.7632e-03  5.8715e-01 -9.9317e+00 -9.1958e+00  2.4271e+01  2.7790e+01  1.0000e+00
 5.7860e+00 -2.0826e-01 -1.4017e+00  4.2521e+01 -7.8273e-01 -8.9250e+00  4.3454e+01  1.0000e+00
-4.9055e-02  4.8457e-01 -1.7402e-01  3.1488e+00  3.5872e+00 -1.3182e+01  1.4020e+01  1.0000e+00
 1.9405e+00 -1.9073e-01  5.1811e+00  1.5236e+01 -2.3655e+00  3.9372e+01  4.2284e+01  1.0000e+00
-1.1040e-01  3.1456e-01  1.3341e-01  3.4409e+01  1.0290e+01 -2.7081e+01  4.4980e+01  1.0000e+00
 3.6459e-01 -8.0268e-02  1.2061e+00 -1.0525e+01 -5.6681e+00  2.0993e+00  1.2137e+01  1.0000e+00
-2.5374e+00  4.2679e-01  3.9281e+00 -1.6697e+01  2.7843e+00  2.7566e+01  3.2348e+01  1.0000e+00
 2.5354e-01  3.2427e+00  1.6821e-01 -5.1935e+00  1.4093e+01 -1.7574e+00  1.5122e+01  1.0000e+00
-2.4206e-01  2.8764e-01  1.9096e-01  9.0430e+00  4.3275e+00 -1.9168e+01  2.1632e+01  1.0000e+00
 7.3817e-01  9.9198e+00  6.8232e+00  2.9885e-01  6.3800e+01  4.0693e+01  7.5673e+01  1.0000e+00
-1.9156e+00  1.7833e+00 -1.1254e+00 -1.1701e+01  9.9059e+00 -3.4426e+00  1.5713e+01  1.0000e+00
-3.5572e-01  1.5876e-01  1.8663e-01  6.2133e+00 -1.6059e+01 -1.0697e+01  2.0272e+01  1.0000e+00
-6.1949e-02  4.1886e-01  6.1967e-01 -8.1099e-01  2.7664e+00  9.8564e+00  1.0269e+01  1.0000e+00
-1.1794e-01  2.9015e-01  2.8051e-01  2.8796e+00  2.2854e+01 -2.8326e+01  3.6509e+01  1.0000e+00
-9.8607e-02  2.8957e-01  3.3968e-01 -3.4816e+00  1.3651e+01  1.3696e+01  1.9648e+01  1.0000e+00
-4.0581e-01  9.1175e-02 -9.3886e-02 -1.6422e+00  5.6459e+00  8.5617e+00  1.0386e+01  1.0000e+00
-1.7241e+00 -1.7281e-01  1.9803e+00 -6.6979e+00 -1.3319e-01  1.0426e+01  1.2393e+01  1.0000e+00
-1.0269e-01  4.1980e-01  2.3507e-01 -5.5301e+00  5.4455e+00  2.0908e+01  2.2302e+01  1.0000e+00
-7.2159e-01  6.7231e-01  4.7254e-01 -3.4767e+01  2.7949e+01  1.0727e+01  4.5880e+01  1.0000e+00
-5.0061e-02  9.8369e-02  7.0537e-02 -3.4212e+00  1.1769e+00  3.1873e+01  3.2078e+01  1.0000e+00
-2.3659e-01  3.2110e-01  1.6503e-02 -1.0785e+00  1.3152e+01  1.3452e+01  1.8844e+01  1.0000e+00
-9.1075e-02  1.2411e-01  7.2144e-02 -2.7792e+00 -1.4313e+01 -2.2313e+01  2.6654e+01  1.0000e+00
-3.0894e-01  3.3948e-01 -1.3379e-01 -6.7852e+00  2.0622e+01  3.2954e+00  2.1958e+01  1.0000e+00
 2.0481e+00 -3.6514e+00 -1.7124e+00  1.3903e+01 -2.3498e+01 -1.1975e+01  2.9813e+01  1.0000e+00
 5.5738e-01  5.7213e-01 -3.8757e-02 -8.0793e+00 -3.7748e+00  4.5278e-01  8.9292e+00  1.0000e+00
 2.4876e+00  5.3891e-01 -6.3737e+00  1.8242e+01  5.3927e+00 -3.9085e+01  4.3468e+01  1.0000e+00
-4.9698e-01  2.6807e+00 -2.0602e+00 -2.9949e+00  1.7039e+01 -1.0412e+01  2.0192e+01  1.0000e+00
-4.9338e+00 -1.8787e+00  1.1819e+00 -3.6919e+01 -1.2733e+01  8.8244e+00  4.0038e+01  1.0000e+00
 6.0348e+00 -6.0458e-01 -2.5444e+00  4.6065e+01 -4.3886e+00 -1.8793e+01  4.9944e+01  1.0000e+00
 2.3188e+00 -1.2643e+01  7.7785e+00  1.7643e+01 -9.7887e+01  6.0849e+01  1.1660e+02  1.0000e+00
-2.5551e-01  2.7267e-01  9.8139e-02  4.2605e+00 -1.7318e+01 -1.2871e+01  2.1993e+01  1.0000e+00
-2.7631e-01  3.9515e-01  3.1120e-01  9.8458e+00 -8.5806e+00  1.6862e+01  2.1328e+01  1.0000e+00
-2.5264e-01  3.2321e-01  3.0693e-02 -1.3495e+00  2.4367e+01  2.1383e+00  2.4497e+01  1.0000e+00
-2.5321e-01  2.9099e-01  1.5009e-01  3.0617e+01 -3.2762e+01  2.4949e+01  5.1315e+01  1.0000e+00
-3.2331e+00 -1.9201e+00 -1.6262e+00 -2.2558e+01 -1.0639e+01 -1.1829e+01  2.7604e+01  1.0000e+00
-5.9383e-02  5.4477e-01  1.6801e-01  3.6107e+00  2.7502e+01 -1.5456e+00  2.7781e+01  1.0000e+00
-4.0953e-01  1.8863e-01  1.0818e-01  7.2161e+00 -5.6459e+00 -3.1022e+01  3.2347e+01  1.0000e+00
-1.6626e-01  2.5762e-01  4.5401e-02 -2.1313e+00  8.3674e-01  1.5642e+01  1.5809e+01  1.0000e+00
-2.3674e-01  3.8202e-01 -1.3880e-01  1.6042e+01 -5.8908e+00  3.2303e+00  1.7392e+01  1.0000e+00
 1.1475e+00 -1.5506e+00 -1.7794e+00  6.9532e+00 -6.0961e+00 -7.1976e+00  1.1718e+01  1.0000e+00
-2.3107e-01  1.3395e-01 -1.3797e-01  1.9146e+01  8.8092e+00 -2.0506e+01  2.9405e+01  1.0000e+00
-2.1759e-01  3.9946e-01  5.9974e-02 -1.2455e-01 -9.1641e+00  1.3640e+00  9.2659e+00  1.0000e+00
 2.2416e+00 -2.5587e+00 -3.3666e+00  1.5135e+01 -1.8135e+01 -2.2381e+01  3.2540e+01  1.0000e+00
-9.7094e-02  2.7251e-01  5.6472e-02  1.0241e+01  1.8235e+01  3.7192e+01  4.2669e+01  1.0000e+00
-7.8912e-02  1.5060e-01  1.6441e-01 -5.5828e+00  1.0386e+01 -1.0613e+00  1.1839e+01  1.0000e+00
 2.7610e-01  5.2210e-01  2.5139e-01  9.6468e+00  3.3347e+00 -2.7393e+00  1.0568e+01  1.0000e+00
-9.5208e-02  7.0695e-01 -1.1824e-01 -2.6942e+00  2.6104e+01  1.6165e+01  3.0821e+01  1.0000e+00
-8.6033e-02  1.6004e-01 -1.5383e-02 -1.3704e+01  6.0555e+00  5.7270e+00  1.6039e+01  1.0000e+00
-1.9106e-01  1.0450e-01 -7.1605e-02  1.0817e+01  1.2709e+01 -1.3235e+01  2.1300e+01  1.0000e+00
 1.1058e+00 -1.0313e+00 -2.7892e-01  1.8056e+00  4.4519e-01  1.6810e+00  2.5069e+00  1.0000e+00
-1.6177e+00  4.2966e-01  7.5062e-01 -6.2914e+01  1.4920e+01  3.1132e+01  7.1764e+01  1.0000e+00
-2.6744e-01  2.0020e-01 -8.5072e-02 -1.4142e+01 -1.6498e+01  1.5123e+00  2.1782e+01  1.0000e+00
 3.2999e+00  2.0753e+00 -4.6204e-01  2.0440e+01  1.4953e+01 -1.5058e+00  2.5370e+01  1.0000e+00
-1.5302e-01  3.4315e-01  1.1211e-01 -3.5728e+00  2.9759e+01  3.1260e+00  3.0136e+01  1.0000e+00
-3.0967e-01 -1.0036e-02 -1.5569e-01  1.1602e+01 -6.9385e+00  2.7980e+00  1.3805e+01  1.0000e+00
-2.3921e-01  3.9321e-01  3.7596e-02  6.7869e+00 -4.9022e-01 -7.9738e+00  1.0483e+01  1.0000e+00
 3.0226e-01  3.2838e+00  2.5094e-01  5.5888e+00  2.0893e+01 -1.5762e+00  2.1685e+01  1.0000e+00
-6.6146e+01  8.1680e+01 -5.4022e+01 -3.7964e+02  4.7214e+02 -3.1702e+02  6.8377e+02  1.0000e+00
-8.5122e-01  1.3005e+00  3.7659e-01 -8.3773e+00 -1.9293e+00 -1.0512e+00  8.6606e+00  1.0000e+00
-2.0591e-01  4.0857e-01  2.9580e-02 -1.5801e+01  3.3981e+01  2.5566e+00  3.7562e+01  1.0000e+00
-1.0900e+00  1.2653e+00 -2.1324e-01 -9.5338e-01  3.7061e+00  1.5496e-01  3.8299e+00  1.0000e+00
-9.1551e-02  2.8391e-01  1.4116e-01 -2.5999e+01 -9.4671e+00  1.7340e+01  3.2653e+01  1.0000e+00
-2.9939e-01  3.3081e-01  3.2064e-01  2.9352e+01  9.7870e+00 -4.9767e+00  3.1338e+01  1.0000e+00
 2.0245e+00 -3.1547e+00 -3.0241e+00  1.3732e+01 -2.0630e+01 -2.1779e+01  3.2992e+01  1.0000e+00
-3.1350e-01  4.6921e-01  2.2451e-01  6.3474e+00 -1.0703e+00 -1.2491e+01  1.4052e+01  1.0000e+00
 6.0874e-01  4.1939e-01  1.2933e-01 -1.4759e+01  1.5679e+00 -5.4947e+00  1.5827e+01  1.0000e+00
-2.2655e-01  2.4427e-01  7.4095e-02 -1.1107e+01  2.1873e+01  2.4834e+01  3.4908e+01  1.0000e+00
-4.3566e+00  9.0859e-02  3.6105e+00 -3.1751e+01  2.3013e+00  2.7454e+01  4.2037e+01  1.0000e+00
 1.7492e-01  3.5199e-01  5.8284e-01 -1.1224e+01  1.0065e+01  8.2609e-01  1.5098e+01  1.0000e+00
-4.7850e-03  2.6897e-01  1.4399e-01  9.0762e+00  3.0076e+01 -3.7735e+00  3.1642e+01  1.0000e+00
-2.9399e+00  2.5581e+00 -4.7101e+00 -2.1395e+01  1.9702e+01 -3.4569e+01  4.5176e+01  1.0000e+00
 4.9536e+00 -3.4609e+00  1.3239e+00  3.6154e+01 -2.4462e+01  1.0124e+01  4.4811e+01  1.0000e+00
 2.9194e+00 -1.7744e+00  3.0839e+00  1.9260e+01 -1.1917e+01  2.1834e+01  3.1460e+01  1.0000e+00
-1.6233e-01  3.0635e-01  2.3327e-01 -2.6575e+00 -1.0676e+01 -1.1497e+01  1.5913e+01  1.0000e+00
-4.6903e-02  1.1042e-01  2.1246e-01  9.6877e-01  1.6048e+01  6.7362e-01  1.6092e+01  1.0000e+00
-4.6864e-01  1.9213e-01  2.7407e-01  3.0980e+00  5.6652e+00 -1.0344e+01  1.2194e+01  1.0000e+00
-2.6789e+00  7.2554e-01  1.1001e+00 -1.6767e+01  1.7424e+00  4.8997e+00  1.7554e+01  1.0000e+00
-1.0204e-01  1.5622e-01 -4.0976e-02 -5.4142e+00 -2.5550e+01 -1.4144e+01  2.9702e+01  1.0000e+00
 7.0785e-01 -2.8402e-01  2.8492e-01 -6.6126e+00  9.0592e+00  6.7723e+00  1.3102e+01  1.0000e+00
-2.5888e-01  9.9486e-01 -7.1280e-02  1.0044e+00  3.4664e+00 -8.2788e-01  3.7027e+00  1.0000e+00
-2.7330e-01  3.2338e-01  2.1251e-01 -2.4216e+01  2.5763e+01  8.6696e+00  3.6404e+01  1.0000e+00
-2.2949e+00  1.6757e+00 -1.9066e+00 -1.4537e+01  1.5178e+01 -1.2378e+01  2.4391e+01  1.0000e+00
-5.9636e-01  2.1843e-01 -6.9294e-02  4.8898e-01 -1.4811e+01 -9.9920e-01  1.4853e+01  1.0000e+00
-1.5712e+00  1.0268e+00 -3.9915e+00 -1.1107e+01  6.9931e+00 -2.6937e+01  2.9964e+01  1.0000e+00
 2.8317e-01  3.0463e+00  1.7034e+00 -5.8818e+00  1.7884e+01  6.8092e+00  2.0020e+01  1.0000e+00
-4.5616e+00 -1.2120e+00 -1.5716e+00 -3.5179e+01 -7.2094e+00 -9.4092e+00  3.7123e+01  1.0000e+00
-7.6315e-01 -9.1511e-01  2.9706e-01  5.8386e+00 -7.9453e-01  5.7796e-01  5.9207e+00  1.0000e+00
-7.2392e-01  3.0267e-01  9.7152e-01  7.8610e+00  2.0408e+00 -3.5045e+00  8.8455e+00  1.0000e+00
 2.0276e-02  2.7660e-01  6.9496e-01 -6.6855e+00  4.4235e+00  1.3522e+00  8.1297e+00  1.0000e+00
 3.7174e-01  5.8471e-01  7.2197e-01 -4.8945e+00  7.3646e+00  3.6219e+00  9.5557e+00  1.0000e+00
-4.2135e-01  3.7592e-01  5.0243e-01 -3.8893e+00  1.8590e+01  7.9425e+00  2.0586e+01  1.0000e+00
-3.5771e-02  5.4826e-01  7.5700e-02 -1.0434e+01  5.3972e+00  9.7236e+00  1.5249e+01  1.0000e+00
 7.1936e-02  7.6590e-01  2.1457e-01 -3.8038e+00 -1.4055e+01 -7.4800e+00  1.6370e+01  1.0000e+00
 1.4649e+00 -8.6415e-01  1.8225e+00  4.7173e+00 -4.7723e+00 -1.3584e+00  6.8464e+00  1.0000e+00
-2.8352e-01  1.7239e-01  9.4817e-02  1.9648e+01 -1.1186e-01 -1.1722e+00  1.9684e+01  1.0000e+00
 1.2276e-01  3.2135e-01 -1.0405e-01 -8.4693e+00  1.3024e+00  1.9659e+01  2.1446e+01  1.0000e+00
-6.6712e+00  8.2666e+00 -5.1633e+00 -4.2208e+01  4.4523e+01 -2.6830e+01  6.6960e+01  1.0000e+00
-3.5201e-01  1.0074e+00  1.1122e+00  1.2075e+00 -2.3105e+00 -1.4415e+00  2.9790e+00  1.0000e+00
 1.7022e+00 -2.8796e-02 -4.0919e-01  9.8478e+00  7.9963e+00 -3.9124e+00  1.3275e+01  1.0000e+00
-1.6242e-01  2.7832e-01 -2.1970e-02 -4.8465e+00  1.5240e+01  5.4541e+00  1.6897e+01  1.0000e+00
-2.0161e-01  2.0655e-01  5.1710e-02 -2.1936e+01  2.3686e+01 -1.8111e+00  3.2334e+01  1.0000e+00
-1.5614e-01 -3.7604e+00 -1.8676e+00 -7.6791e-01 -2.3976e+01 -1.3343e+01  2.7450e+01  1.0000e+00
-2.3826e-01  2.1769e-01 -8.6530e-02 -2.9033e+01 -2.2428e+01 -5.9295e+00  3.7163e+01  1.0000e+00
 2.1081e+00 -3.1070e+00 -2.9717e+00  1.5168e+01 -2.1809e+01 -1.8420e+01  3.2326e+01  1.0000e+00
 2.7660e-01  6.5795e-02  2.7208e-01  1.1935e+01 -7.3342e-01  1.6776e+00  1.2074e+01  1.0000e+00
-3.5460e-02  4.0892e-01  1.1850e-01  5.3116e+00  3.4932e+00 -7.0480e+00  9.4916e+00  1.0000e+00
-2.4843e-01  2.6843e+00  1.4059e+00  2.8393e+00  1.7305e+01  6.7722e+00  1.8798e+01  1.0000e+00
 9.8812e-01 -2.2126e+00  3.4733e+00  7.0641e+00 -1.5063e+01  2.3037e+01  2.8416e+01  1.0000e+00
-2.2414e-01  3.7491e-01 -5.3687e-02 -1.0830e+01 -1.5114e+01 -4.8829e+00  1.9224e+01  1.0000e+00
-3.8630e-01  2.8724e-01 -2.9291e-02  8.8792e+00  6.9224e+00 -5.4136e+00  1.2493e+01  1.0000e+00
-2.6322e-01  2.3995e-01  1.6215e-01  2.3455e+01 -1.8389e+01 -5.0579e+00  3.0230e+01  1.0000e+00
 6.8782e-02  1.7352e-01  3.3439e-01 -4.7880e+00  1.1136e+01 -2.5073e+00  1.2378e+01  1.0000e+00
-2.7438e+00 -1.0167e+00  2.0220e+00 -1.8427e+01 -5.3218e+00  1.0839e+01  2.2031e+01  1.0000e+00
 5.4947e-02  1.5598e-01 -3.8086e-01 -7.1737e+00  5.7772e+00  7.8737e+00  1.2118e+01  1.0000e+00
-3.2787e-01  3.8491e-01  1.2156e-01  1.3391e+01  6.7890e-01  2.9628e-02  1.3408e+01  1.0000e+00
 3.6383e+00 -4.8499e+00 -3.4610e-01  2.7677e+01 -3.5200e+01 -2.8512e+00  4.4868e+01  1.0000e+00
-3.1265e-01  5.6931e-01  2.4206e-01 -9.4567e+00  9.9527e+00  1.2775e+01  1.8753e+01  1.0000e+00
-1.9563e+00 -1.4679e-01  1.5200e+00 -4.0138e+00  4.4986e+00  1.1037e-01  6.0299e+00  1.0000e+00
-9.5503e-02  4.0284e-01  1.6910e-01 -2.3881e+00  1.3483e+00 -1.4358e+01  1.4618e+01  1.0000e+00
-2.7674e-01  2.1927e-01  1.2503e-01  2.1373e+01 -1.0488e+01 -2.3360e+01  3.3354e+01  1.0000e+00
 1.6685e+00 -8.2618e-01  3.7808e-01  4.3806e+00 -3.9082e+00 -5.1020e-01  5.8927e+00  1.0000e+00
-1.8138e-01  2.8121e-01  2.4543e-01 -2.5348e+01 -1.6647e+01 -1.3053e+01  3.3016e+01  1.0000e+00
-2.2881e-02  3.2922e-01  3.1542e-02  6.1336e+00 -1.3583e+01  3.5953e+01  3.8920e+01  1.0000e+00
-6.5320e-01 -2.2478e-01 -2.3928e-01 -2.1699e+01 -1.2396e+01 -7.3755e+00  2.6056e+01  1.0000e+00
-2.1989e-01  2.8307e-01  6.2558e-02  9.1430e+00  3.2603e+00  2.7893e+00  1.0100e+01  1.0000e+00
-3.0898e-01  3.6096e-01  2.1184e-01  2.0705e+01  6.5074e+00  1.5527e+00  2.1759e+01  1.0000e+00
-5.2003e-02  1.3621e-01  1.9379e-01  3.1769e-01  7.3743e+00 -1.7945e+01  1.9404e+01  1.0000e+00
 7.9993e-02  2.1008e-01  1.4246e-01  1.8428e+01  5.7741e+00  9.6837e+00  2.1604e+01  1.0000e+00
-2.7818e-01  5.3737e-01  3.1088e-01  1.3080e+00 -3.9993e+00  6.5072e+00  7.7491e+00  1.0000e+00
-3.0287e-01  3.0293e-01  3.3554e-02  1.6315e+01  1.7238e+01  3.3885e+01  4.1371e+01  1.0000e+00
-1.9151e-01  1.6007e-01  1.2993e-01 -2.1061e+01 -8.0770e+00 -4.3577e+00  2.2974e+01  1.0000e+00
-3.2258e-01  3.5206e-01  2.6277e-01 -4.6730e-02 -1.8225e+01 -2.7877e+00  1.8437e+01  1.0000e+00
-1.6296e-01  1.9626e-01 -2.0945e-01  1.5815e+01  1.7286e+00 -2.3213e+01  2.8142e+01  1.0000e+00
-4.5086e-01  2.1446e-01  3.3323e-01  1.4821e+01 -2.1168e+01  1.8384e+01  3.1713e+01  1.0000e+00
-7.4369e-02  7.8257e-02  4.1116e-02 -7.1696e+00  1.3476e+01  6.6472e+00  1.6649e+01  1.0000e+00
 1.8442e-01 -6.2066e-02  3.6925e-01 -7.7655e+00 -3.9195e+00 -8.7352e+00  1.2328e+01  1.0000e+00
 5.5089e-02  1.6363e-01 -3.4840e-02 -7.2753e+00 -5.7180e+00  1.1820e+00  9.3286e+00  1.0000e+00
 3.2207e-01  1.3837e+00  1.1836e-01  3.7879e+00  1.2544e+01 -3.2470e+00  1.3499e+01  1.0000e+00
-4.1102e-01  5.7606e-01 -6.2324e-02 -7.3218e+00  1.0036e+01  1.8476e+01  2.2264e+01  1.0000e+00
-1.0575e+00  1.6487e+00  4.2491e+00 -4.8284e+00  7.8614e+00  1.8619e+01  2.0780e+01  1.0000e+00
 2.5519e+00  5.7523e-01  3.2537e-01  1.1824e+01  4.6859e+00  2.9079e+00  1.3047e+01  1.0000e+00
 2.5263e+00 -1.2670e+00 -2.2171e+00  1.5632e+01 -9.3290e+00 -1.3435e+01  2.2624e+01  1.0000e+00
-1.6770e-01  3.3717e-01 -3.1158e-02 -1.5503e+01  1.8833e+01 -2.8824e+01  3.7761e+01  1.0000e+00
 2.8833e+00 -3.0614e+00 -4.5871e+00  2.1962e+01 -2.2034e+01 -3.2657e+01  4.5104e+01  1.0000e+00
-1.6845e-01  3.2881e-01  8.6654e-02  9.2157e+00  9.6906e+00 -4.5055e-01  1.3381e+01  1.0000e+00
-1.6050e-01  2.2943e-01  1.1709e-01  1.3133e+00 -2.6078e+01  5.2678e+00  2.6637e+01  1.0000e+00
-2.2989e-01  3.1433e-01 -2.9364e-02 -9.3871e+00  1.3695e+01  1.0078e+01  1.9422e+01  1.0000e+00
-1.5330e-01  4.9695e-01  4.0153e-03 -1.8067e+00  5.3116e+00 -7.1139e+00  9.0601e+00  1.0000e+00
-1.8651e-01  2.9126e-01  5.3062e-02 -2.8084e+01 -2.4843e+01 -2.9197e+01  4.7522e+01  1.0000e+00
 1.0408e-01  5.7959e-01  8.2878e-01 -1.2367e+01 -4.8405e+00 -4.5303e+00  1.4032e+01  1.0000e+00
-3.3530e-01  3.6278e-01  3.0604e-04  4.7960e+00  3.0177e+00  7.4188e+00  9.3352e+00  1.0000e+00
 3.2240e-02  3.7365e-01 -1.2778e-01 -5.5635e+00 -6.2359e+00  2.5708e+01  2.7032e+01  1.0000e+00
 2.3987e-01 -1.0543e-01 -2.0747e-02 -8.4986e+00  1.8211e+01 -2.9856e+00  2.0317e+01  1.0000e+00
-1.1827e-01  8.3089e-02  2.5455e-02 -6.4791e+00 -1.2174e+01 -4.4489e+00  1.4491e+01  1.0000e+00
-1.0825e+00  1.2243e+00  3.6665e+00 -5.3890e+00  8.0318e+00  2.4446e+01  2.6290e+01  1.0000e+00
 3.9593e-03  1.9954e-01  7.3781e-01  1.0175e+01  1.8919e+01 -1.0835e+01  2.4059e+01  1.0000e+00
-1.3207e-01  1.8642e-01  2.7657e-01 -1.4826e+01  1.5478e+01  6.1149e+00  2.2289e+01  1.0000e+00
-2.6027e-01  1.6732e-01  2.3118e-01 -2.2377e+01 -1.6367e+01  7.4912e+00  2.8718e+01  1.0000e+00
-1.2494e+00  1.3018e+00  1.4774e+00 -7.4814e-01  7.8631e+00  6.7585e+00  1.0395e+01  1.0000e+00
 2.5717e+00 -6.4022e+00  1.0800e+01  1.5672e+01 -3.9563e+01  7.1173e+01  8.2924e+01  1.0000e+00
 4.3492e+00  8.4962e-01  3.9929e+00  3.1810e+01  6.0879e+00  3.0125e+01  4.4232e+01  1.0000e+00
 1.2248e+00 -9.0626e-01 -5.4214e-01  4.4763e+00  9.7335e-01  2.7146e-01  4.5890e+00  1.0000e+00
 1.1456e-01  1.3755e-01  2.3924e-02 -1.1124e+01 -1.0720e+01 -1.8288e+00  1.5557e+01  1.0000e+00
-2.1359e-01  3.2008e-01  1.5923e-01  2.7357e+01 -3.1966e+01  9.6326e+00  4.3163e+01  1.0000e+00
-1.1707e+00  6.2161e-01  4.6820e+00 -8.5464e+00  5.7677e+00  3.3676e+01  3.5219e+01  1.0000e+00
-3.2874e+00 -1.2930e+00 -3.3883e+00 -2.1846e+01 -2.9528e+00 -2.0420e+01  3.0049e+01  1.0000e+00
 5.7597e-01  1.5490e+00 -9.6237e-01  1.4447e-01  6.8035e+00  1.9831e+00  7.0881e+00  1.0000e+00
-1.0371e+00 -1.0474e+00 -3.1415e-01 -1.5434e+01 -2.7398e+01 -2.2472e+00  3.1526e+01  1.0000e+00
 7.0755e-01 -5.9690e-02 -3.3969e-02  1.0641e+01  3.7767e+00 -5.0624e+00  1.2374e+01  1.0000e+00
-1.8776e-01  2.9707e-01  5.8860e-03  2.9911e-01  2.3083e+01 -1.4220e+01  2.7113e+01  1.0000e+00
 4.5716e-01  1.6050e+00  6.6951e-01  8.1113e-01  1.9752e+00  7.1276e-01  2.2511e+00  1.0000e+00
-2.8570e-02  2.4661e-01  8.9592e-02  5.9703e+00  3.9950e+00  9.9593e+00  1.2280e+01  1.0000e+00
-2.3869e-02  2.3570e-01  2.9168e-01 -1.1283e+00  1.3388e+01  8.0009e+00  1.5637e+01  1.0000e+00
-1.6544e+00  5.0306e+00 -7.1056e-01 -1.1352e+01  3.6216e+01 -4.5039e+00  3.8220e+01  1.0000e+00
 1.4605e+00 -4.4908e-01  5.5066e-01  1.2171e+01  3.1072e+00  1.1941e+01  1.7331e+01  1.0000e+00
-3.4062e+00 -3.8600e-01 -8.0180e-01 -2.1496e+01  3.0277e-02 -5.7502e+00  2.2252e+01  1.0000e+00
 8.1367e-01  1.6440e-01  1.3799e+00 -1.8983e+00 -1.4170e-01  1.1100e+00  2.2036e+00  1.0000e+00
-2.9352e+00 -1.2140e+00  1.7844e+00 -1.6824e+01 -7.7766e+00  1.1916e+01  2.2035e+01  1.0000e+00
-2.7503e-01  3.1967e-01  5.4963e-02 -6.5572e+00  2.1336e+01 -6.0215e+00  2.3119e+01  1.0000e+00
 5.7988e+00  2.0130e+00  5.1352e-01  4.2165e+01  1.5308e+01  3.5137e+00  4.4995e+01  1.0000e+00
 2.1879e+00  3.2651e+00  2.0294e-01  1.6040e+01  2.1934e+01  3.2589e+00  2.7368e+01  1.0000e+00
-4.4427e+00 -2.8407e+00 -1.6780e+00 -3.4683e+01 -2.1409e+01 -1.4169e+01  4.3151e+01  1.0000e+00
 5.4157e-01 -5.8493e-01 -9.3059e-01 -3.8766e+00 -9.1636e+00 -3.9209e+00  1.0695e+01  1.0000e+00
-4.5589e+00 -2.7377e-01 -1.1622e+00 -3.2813e+01 -3.5691e-01 -8.6549e+00  3.3937e+01  1.0000e+00
-5.3707e-01  5.6768e-01  2.6687e-01  1.2706e+01 -4.1934e+00  6.9417e+00  1.5074e+01  1.0000e+00
 5.7251e-01  1.5320e+00 -1.0664e+00 -2.0503e+00  5.7602e+00 -2.1287e+00  6.4742e+00  1.0000e+00
-1.1019e+00  3.7896e+00 -1.7146e+00 -6.9787e+00  2.6314e+01 -9.5932e+00  2.8864e+01  1.0000e+00
 9.1527e-01  9.9308e-01 -6.5974e-01  4.9580e+01  4.0073e+01 -3.1191e+01  7.0971e+01  1.0000e+00
-3.7659e-01  1.5168e-01  8.4552e-02 -1.8221e+01 -4.5352e+00  2.0285e+01  2.7642e+01  1.0000e+00
-9.6457e-01 -4.4860e-01 -1.6803e+00 -3.3038e+00  5.2181e-01 -9.8233e+00  1.0377e+01  1.0000e+00
 2.7218e-01  6.3778e-01 -2.8374e-02  4.4989e+00  7.5966e+00  2.9381e+00  9.3049e+00  1.0000e+00
 1.0060e+00 -1.1886e+00 -1.5384e+00  9.6194e+00 -8.0772e+00 -4.4207e-01  1.2569e+01  1.0000e+00
-1.4041e-02  7.6514e-01 -3.8735e-01 -3.9865e-01  1.7459e+01 -1.2110e+01  2.1252e+01  1.0000e+00
-2.2578e-01 -1.8455e-01 -2.9878e-01 -6.6346e+00  6.2199e+00  1.4394e+01  1.7026e+01  1.0000e+00
-3.2220e+00 -1.5670e+00 -5.5205e+00 -2.5373e+01 -1.2874e+01 -4.4815e+01  5.3084e+01  1.0000e+00
-5.9925e+00 -2.1764e+00 -1.6369e-01 -4.5007e+01 -1.4674e+01 -1.5072e+00  4.7363e+01  1.0000e+00
 6.1837e-01 -1.5468e+00 -1.5673e+00  6.2387e+00 -5.9382e+00 -9.7285e+00  1.2993e+01  1.0000e+00
 6.1872e+00  9.0092e-01 -5.7338e-01  4.5282e+01  8.1306e+00 -4.8929e+00  4.6265e+01  1.0000e+00
-2.2033e-01  9.7259e-02  1.6330e-01  1.4678e+00 -7.6029e+00  1.7993e+01  1.9589e+01  1.0000e+00
-3.1466e-01  2.1357e-01 -2.1838e-01  4.2477e+00 -4.1386e+00 -1.2562e+01  1.3892e+01  1.0000e+00
-1.6768e-01  3.0485e-01 -3.3096e-02 -1.2772e+01 -3.1151e+01 -1.7497e+01  3.7943e+01  1.0000e+00
-2.0993e-01  1.0334e+00 -2.9547e-01 -6.3828e+00  1.3625e+01 -6.6298e+00  1.6442e+01  1.0000e+00
-1.3244e-01  2.2115e-01  9.5389e-02  2.2200e+01 -5.5743e+00 -1.9404e+01  3.0007e+01  1.0000e+00
-1.7337e-01  3.4920e-01  1.9927e-01 -1.5966e+01  2.6925e+01  1.6277e+00  3.1345e+01  1.0000e+00
-1.5239e-01  3.1472e-01 -2.5567e-02  6.5648e+00  1.2427e+01  2.3592e+01  2.7461e+01  1.0000e+00
-2.8837e+00  2.5343e+00 -6.2688e-01 -1.8866e+01  1.5869e+01 -2.6944e+00  2.4799e+01  1.0000e+00
 5.9139e-02  4.7221e-01 -2.5031e-02  5.3020e+00  1.2101e+01 -1.2481e+01  1.8174e+01  1.0000e+00
-3.2868e+00 -9.1937e-01  8.4687e-02 -1.9239e+01 -6.1449e+00 -3.7862e-01  2.0200e+01  1.0000e+00
 1.7723e-01  4.1768e-01  6.1153e-01  1.8334e+00  9.8890e+00 -5.5485e-01  1.0073e+01  1.0000e+00
-2.3105e-02  6.6743e-01 -5.8410e-02  1.8470e+00 -3.4862e+00 -8.2093e+00  9.1081e+00  1.0000e+00
-2.3570e-01  1.9153e-01  2.6853e-01 -8.5505e+00  4.7873e+00 -2.8793e+00  1.0214e+01  1.0000e+00
-1.4111e-01  1.6055e-01  7.2624e-02  3.7256e+00  1.4469e+01 -1.1733e+01  1.8997e+01  1.0000e+00
 1.9694e+00 -4.9969e+00 -2.3941e+00  1.4514e+01 -3.5630e+01 -1.7147e+01  4.2121e+01  1.0000e+00
-4.4112e+00 -9.4304e-01  3.9763e+00 -3.2552e+01 -5.6244e+00  2.9344e+01  4.4185e+01  1.0000e+00
 1.3917e-01  7.9863e-01  3.3021e-01  1.1287e+01  1.7979e+00  8.1474e+00  1.4036e+01  1.0000e+00
-9.7826e-01 -9.0295e-01 -2.0703e+00 -5.5821e+00 -3.1895e+00 -8.4625e+00  1.0628e+01  1.0000e+00
 1.7777e+00 -1.0230e+00  2.4345e-01  4.2485e+00 -5.4657e+00  1.7706e+00  7.1455e+00  1.0000e+00
-2.3825e-01  2.6255e-01  9.0472e-02  1.2843e+01 -9.7592e+00  1.5399e+01  2.2301e+01  1.0000e+00
-5.1755e-01 -3.9173e+00 -2.6936e+00 -3.6767e+00 -2.9118e+01 -2.0499e+01  3.5799e+01  1.0000e+00
-1.0414e+00  1.8826e+00 -1.8255e+00 -5.8816e+00  9.8577e+00 -7.8381e+00  1.3900e+01  1.0000e+00
 1.2608e-01  1.2859e-01  4.0063e-01  2.1266e+01 -1.5375e+00  1.2194e+01  2.4562e+01  1.0000e+00
 1.2868e+00  7.0035e-01  1.3550e-02 -3.0802e+00  2.2812e+00 -2.8653e-01  3.8436e+00  1.0000e+00
-4.0419e-01 -6.9460e-01  3.4154e-01 -5.7347e+00 -7.7736e+00  4.4598e+00  1.0640e+01  1.0000e+00
-9.4561e-01  4.0845e+00 -1.7952e+00 -5.5666e+00  2.7405e+01 -1.1555e+01  3.0258e+01  1.0000e+00
 1.6177e+00  2.1345e-01 -5.7603e-01  1.2724e-01  3.9797e+00 -2.5781e+00  4.7435e+00  1.0000e+00
-3.1760e-01  5.5347e-01  5.9965e+00  1.8342e+00  5.3452e+00  3.0172e+01  3.0697e+01  1.0000e+00
-2.0602e-01 -1.5529e+00 -1.7474e-01 -1.4237e+00 -9.3903e-01  1.3464e+00  2.1729e+00  1.0000e+00
-1.1885e-01  3.3675e-01  8.9565e-02 -8.0983e+00  1.2707e+01  1.1731e+01  1.9096e+01  1.0000e+00
-2.1509e-01  2.9276e-01  7.8171e-02  1.9571e+01  1.8154e+01 -1.3830e+01  3.0064e+01  1.0000e+00
 3.4252e-01  2.6003e-01 -4.1783e-01  5.3689e+00 -6.4670e+00  2.3833e+00  8.7365e+00  1.0000e+00
 1.4269e+00  3.0599e+00  1.7813e+00  1.0688e+01  2.1532e+01  1.1346e+01  2.6582e+01  1.0000e+00
-3.3013e-01  1.9954e-01  2.3653e-01 -5.2623e+00  2.2364e+01 -3.7942e+00  2.3286e+01  1.0000e+00
-1.0645e-01  4.5800e-01  2.1347e-01 -2.6680e+00  4.1182e+01  8.8379e+00  4.2204e+01  1.0000e+00
-2.1751e-01  4.7477e-01  9.6014e-02 -7.4208e+00 -3.7555e-01  2.8260e+01  2.9220e+01  1.0000e+00
-3.0115e-02 -1.8876e-02  1.1749e-01 -1.1645e+01 -9.5951e+00 -6.9522e+00  1.6613e+01  1.0000e+00
-5.3720e-02  2.4381e-01  1.6003e-01 -8.5424e+00  1.5836e+01 -7.0476e+00  1.9324e+01  1.0000e+00
-2.8021e-01  2.3220e-01  7.9867e-02  1.0052e+01 -1.1607e+01 -5.6692e+00  1.6367e+01  1.0000e+00
 2.7075e+00 -2.0662e+00 -4.8021e-01  1.6580e+01 -1.2085e+01 -1.7632e+00  2.0592e+01  1.0000e+00
-3.3258e-01  1.2167e-01 -5.0274e-02 -3.6491e+00 -3.4951e+00 -4.8563e+00  7.0082e+00  1.0000e+00
 5.4026e+00 -8.7256e+00  5.4467e+00  2.5437e+01 -5.0715e+01  3.2671e+01  6.5472e+01  1.0000e+00
 1.8717e-01 -5.7524e-01 -1.7726e+00  2.2639e-01 -7.2178e+00  1.7236e+00  7.4242e+00  1.0000e+00
 4.7791e-01 -2.1155e+00 -5.9356e+00  2.8175e+00 -1.5004e+01 -4.3102e+01  4.5725e+01  1.0000e+00
-1.3843e+00 -2.4192e+00 -4.0979e+00 -1.2251e+01 -1.7090e+01 -2.9506e+01  3.6232e+01  1.0000e+00
-3.6716e-01 -4.4017e+00  4.8464e-01 -2.1848e+00 -3.1718e+01  3.4161e+00  3.1977e+01  1.0000e+00
-5.6998e+00 -3.0312e+00 -1.5368e+00 -4.3518e+01 -2.1731e+01 -1.1271e+01  4.9931e+01  1.0000e+00
-1.7179e-01  3.8749e-01  6.8301e-02  6.6897e+00 -1.6943e+01  4.3383e+00  1.8725e+01  1.0000e+00
-4.7270e+00 -1.1866e+00 -9.7729e-01 -3.5318e+01 -8.6502e+00 -6.1417e+00  3.6877e+01  1.0000e+00
 5.2162e-01  7.5963e-02  3.1908e-01  1.3022e+01 -1.5277e+00  1.4900e+01  1.9848e+01  1.0000e+00
-1.0187e-01  4.2300e-01  2.7923e-01  1.6329e+01  1.3192e+01  1.4533e+00  2.1042e+01  1.0000e+00
-7.2270e-01 -1.9166e-01 -1.6394e+00 -6.8034e+00 -2.5209e-02 -2.3469e+01  2.4435e+01  1.0000e+00
 8.5390e-01 -2.3823e-01  9.2817e-01  1.0306e+01  4.5143e+00 -6.9344e-02  1.1251e+01  1.0000e+00
-1.5216e-01  3.2288e-01  7.9853e-02 -4.5706e+00  3.7607e+01  4.0734e+00  3.8102e+01  1.0000e+00
