# limit = 5.31712
#
# x           y           z           vx          vy          vz          s           m
 7.8278e-01 -1.5602e+00 -1.3690e+00 -1.4764e+00 -6.0338e+00  1.0989e+00  6.3082e+00  1.0000e+00
-2.3805e-01  3.1734e-01 -3.2883e-02 -1.8050e+01 -4.0456e+00  1.5574e+01  2.4182e+01  1.0000e+00
 5.4424e+00  7.4366e-02  1.0555e+00  3.5808e+01  1.6341e+00  7.0654e+00  3.6535e+01  1.0000e+00
-2.2389e-01  2.2394e-01  1.6782e-01 -1.5374e+01  1.1805e+01  2.2288e+01  2.9537e+01  1.0000e+00
-4.4269e+00  1.7606e+00  2.7888e+00 -3.0620e+01  1.1433e+01  1.8175e+01  3.7398e+01  1.0000e+00
 1.8641e+00 -7.5004e-01  5.5511e+00  1.3247e+01 -4.1171e+00  3.7657e+01  4.0131e+01  1.0000e+00
 4.3591e-01 -4.5188e+00 -3.2570e+00  2.1389e+00 -3.0918e+01 -2.1116e+01  3.7502e+01  1.0000e+00
-4.1728e-01  1.3184e+00  6.1204e-01 -2.9726e+00  1.1199e+01  7.2707e+00  1.3679e+01  1.0000e+00
-7.6725e+00  5.5119e+00  1.6473e+01 -4.5602e+01  3.3429e+01  1.0477e+02  1.1905e+02  1.0000e+00
-3.9806e-01  3.4940e-01  6.4373e-02 -1.2171e+01 -5.4427e+00 -1.2918e+01  1.8564e+01  1.0000e+00
 1.6743e+00  1.7453e+00  1.3552e+00  6.6349e+00  8.7988e+00  5.3945e+00  1.2270e+01  1.0000e+00
 4.0254e-02  1.5419e-01  5.5888e-02  3.7631e+00 -1.2960e+01 -1.2499e+00  1.3553e+01  1.0000e+00
 7.7800e-01  8.7513e-01  1.4241e+00  1.7248e+00 -1.6134e+00  2.9264e+00  3.7606e+00  1.0000e+00
 1.1288e+00  8.2041e-02 -4.5418e-01  1.8580e+01  2.4044e+00 -4.3728e+00  1.9239e+01  1.0000e+00
-2.6172e-01  3.1609e-01  6.1830e-02  3.9455e+00  7.6462e+00  3.0550e+01  3.1739e+01  1.0000e+00
-2.1866e+00 -1.2524e-01 -2.1872e+00 -1.4138e+01 -2.7702e+00 -1.0077e+01  1.7581e+01  1.0000e+00
 3.2657e+00 -3.3911e+00 -3.7883e+00  2.1930e+01 -2.2838e+01 -2.6355e+01  4.1196e+01  1.0000e+00
-4.8213e-02  2.0073e-01 -1.2755e-02 -7.1753e+00 -1.2562e+00  7.9350e+00  1.0772e+01  1.0000e+00
 4.7903e-02  3.6296e-01 -6.9829e-02  1.3191e-01 -8.4656e+00 -1.5114e+01  1.7323e+01  1.0000e+00
 1.1507e+01  9.7413e+00 -4.3757e+00  7.3603e+01  5.9041e+01 -2.5270e+01  9.7682e+01  1.0000e+00
-1.0203e-01  3.9020e-01  5.4850e-02 -2.1374e+00  2.1980e+01 -2.5063e+01  3.3404e+01  1.0000e+00
-1.4526e-01  4.4952e-01  5.0402e-03  6.5767e+00  2.8142e+01 -1.7185e+01  3.3624e+01  1.0000e+00
-1.5889e-01  3.4815e-01 -1.1566e-02 -4.4267e+00  1.7036e+01  4.5041e+00  1.8169e+01  1.0000e+00
-2.3932e+00  4.3503e+00 -4.5541e+00 -1.6299e+01  3.1273e+01 -3.1294e+01  4.7148e+01  1.0000e+00
-1.1556e-01  5.2038e+00 -2.3503e+00 -1.1601e+00  3.5320e+01 -1.5577e+01  3.8620e+01  1.0000e+00
-1.0428e+00  2.7049e-01 -2.5431e+00 -1.0421e+01  6.2645e+00 -1.5369e+01  1.9597e+01  1.0000e+00
 1.9377e+00 -4.0479e+00  8.8678e-01  1.0946e+01 -2.8201e+01  5.2437e+00  3.0702e+01  1.0000e+00
 9.1937e+00 -2.3225e+00 -8.8544e+00  7.5444e+01 -1.9885e+01 -7.2807e+01  1.0671e+02  1.0000e+00
 2.6337e-01 -6.0412e+00 -7.9768e+00  2.1930e+00 -4.2490e+01 -5.6031e+01  7.0354e+01  1.0000e+00
-3.0596e-01  2.3913e-01  3.2834e-01  1.6264e+01  8.6477e+00  9.8901e-01  1.8446e+01  1.0000e+00
-1.6813e-01  1.3349e-01  3.0138e-03 -3.3258e+00 -6.6639e+00  2.6659e+00  7.9105e+00  1.0000e+00
-2.8159e-02  3.8659e-01  5.6219e-02 -1.4151e+00 -8.1260e+00 -8.7886e+00  1.2053e+01  1.0000e+00
-5.9771e-02  3.5525e-01 -1.8494e-01 -1.1353e+01 -3.1041e-01  1.9255e+01  2.2354e+01  1.0000e+00
-1.0217e-01  3.5193e-01  1.2691e-02  4.9898e+00 -6.8834e+00  4.0063e+00  9.3984e+00  1.0000e+00
-3.8740e-02  3.3895e-01  8.0431e-02 -8.5765e+00 -4.2345e+00 -2.4109e+01  2.5937e+01  1.0000e+00
-5.0618e-01  3.5307e-01 -1.0217e-02 -1.0282e+01 -2.5982e+00  1.6572e+01  1.9675e+01  1.0000e+00
 1.4579e+00  4.2259e-02 -4.2697e-01 -4.1301e+00 -3.7002e+00  4.5687e+00  7.1849e+00  1.0000e+00
-4.4255e+00  8.4632e+00 -1.1069e+01 -2.8614e+01  5.4843e+01 -6.8153e+01  9.2040e+01  1.0000e+00
-1.3111e-02  4.0154e-01  4.8670e-01 -7.3250e+00  2.6360e-01 -2.2185e+01  2.3364e+01  1.0000e+00
 3.4511e+00 -8.8526e-01  2.8543e+00  2.1398e+01 -4.5161e+00  1.8020e+01  2.8337e+01  1.0000e+00
 2.3811e+00  2.0871e+00 -8.9121e-02  1.2755e+01  1.1719e+01  2.0075e+00  1.7437e+01  1.0000e+00
-3.9169e-01  2.9296e-01 -6.7705e-01 -1.0245e+01  3.9160e+00 -2.1152e+00  1.1170e+01  1.0000e+00
 1.5485e-01 -8.9875e-02  2.0579e-01 -9.4756e+00 -5.3521e-01  5.2524e+00  1.0847e+01  1.0000e+00
 5.8080e-01 -1.9224e+00  5.9696e+00  4.3511e+00 -1.2456e+01  4.0935e+01  4.3009e+01  1.0000e+00
 5.6172e+00  2.7464e+00  4.1544e-01  3.9857e+01  1.9408e+01  3.2314e+00  4.4449e+01  1.0000e+00
 1.2943e-01 -3.9204e+00  4.9324e-01  3.1898e+00 -2.6083e+01  4.6764e+00  2.6690e+01  1.0000e+00
-3.1183e-01  3.3805e-01 -2.0564e-02 -1.0214e+00 -4.2072e+00 -1.3833e+01  1.4495e+01  1.0000e+00
 1.2772e+00 -1.7516e+00 -5.4847e-01  7.0671e+00 -5.0937e+00 -1.6934e-01  8.7131e+00  1.0000e+00
 3.1817e+00 -1.1820e+00  1.3324e+00  1.8249e+01 -7.1854e+00  7.9011e+00  2.1144e+01  1.0000e+00
 4.5482e-02  2.3349e-01  2.8826e-02 -1.9989e+01  1.3957e+01 -3.1616e+01  3.9924e+01  1.0000e+00
-7.3934e-02  2.7108e-01 -2.3773e-02 -1.9986e+01  6.7554e+00  3.5766e+01  4.1525e+01  1.0000e+00
-5.4727e-02  3.2807e-01  3.1931e-02 -2.1218e+00  1.8852e+01  2.9906e+01  3.5415e+01  1.0000e+00
-1.2374e+00 -1.8531e+00  1.8183e+00 -5.6174e+00 -9.6284e+00  9.1994e+00  1.4453e+01  1.0000e+00
-9.0896e-02  2.3764e-01  6.1570e-02 -3.4331e+01  1.9878e+01  9.8155e+00  4.0867e+01  1.0000e+00
-1.7441e-01  2.3411e-01  3.9566e-01  1.2213e+01 -1.2916e+01  9.5399e+00  2.0174e+01  1.0000e+00
-2.7376e-01  2.2957e-01  2.5472e-01  2.3960e+01  2.3377e+00  2.0536e+01  3.1643e+01  1.0000e+00
-1.4742e-01  4.4332e-01 -2.4838e-01  5.2457e-01  1.3526e+00 -3.3844e+00  3.6822e+00  1.0000e+00
-1.6974e-01  3.5338e-01  5.2771e-02 -3.0038e+01  2.1950e+01  1.3500e+01  3.9577e+01  1.0000e+00
-4.1099e-03  1.1990e-01 -6.5242e-02 -1.6198e+01  8.6090e+00  9.8042e+00  2.0799e+01  1.0000e+00
 1.6382e+00 -6.9922e-01  4.4058e+00  9.6371e+00 -5.6128e+00  2.9672e+01  3.1698e+01  1.0000e+00
-5.0612e-03  3.3709e-01  6.6693e-02 -2.4737e+01  4.2358e+00 -7.9035e-01  2.5110e+01  1.0000e+00
-6.4600e-02  5.1766e-01 -1.6014e-01 -5.7069e+00  1.1822e+01  8.6277e+00  1.5709e+01  1.0000e+00
 1.8336e+00  1.1128e-01 -8.9407e-01  2.3442e+01  2.1525e+00 -1.1642e+01  2.6262e+01  1.0000e+00
-9.1801e-03  3.1581e-01  4.6968e-02  2.2113e+01 -5.5979e+00 -1.3129e+00  2.2848e+01  1.0000e+00
 1.9067e+00 -5.4802e-01  5.7061e-01  4.4897e+00 -1.6903e+00  1.9798e+00  5.1898e+00  1.0000e+00
-9.2014e-02  1.6529e-01 -1.9304e-01 -4.3595e+00  3.3181e+00 -1.4183e+01  1.5204e+01  1.0000e+00
-2.9590e-01  2.5637e-01 -1.7812e-02 -1.4201e+01 -8.3040e+00  1.4802e+01  2.2129e+01  1.0000e+00
-3.3621e-01  1.6360e-01  3.1219e-02 -2.6125e+01  5.0427e+00 -8.1513e+00  2.7828e+01  1.0000e+00
-3.7105e-03  2.9066e-01 -1.2748e-01  4.2431e+00  3.4147e+00  2.0988e+01  2.1683e+01  1.0000e+00
 1.8263e-01 -6.2480e-02  2.7174e-01  5.4829e+00 -1.6375e+01  9.0245e-01  1.7292e+01  1.0000e+00
 5.1845e+00  6.7999e-01  1.0037e+00  3.5429e+01  3.9436e+00  6.3295e+00  3.6205e+01  1.0000e+00
-1.1569e-01  3.7480e-01  1.9635e-02  2.5510e+00  6.4413e+00  2.3452e+00  7.3142e+00  1.0000e+00
-7.2383e-02  5.1726e-02  1.5867e-01 -6.2142e+00  2.7645e+01 -9.9176e+00  3.0020e+01  1.0000e+00
 9.0815e-02  1.1980e-01 -1.2122e-01  2.0941e+01 -3.2082e+00 -1.6739e+01  2.7000e+01  1.0000e+00
-3.3897e-01  3.6171e-01  1.4484e-01 -2.7404e+01 -8.2936e+00  1.6274e+01  3.2933e+01  1.0000e+00
-9.6083e-02  1.7174e-01  2.3392e-01 -7.8150e+00  6.6664e+00  6.3261e+00  1.2064e+01  1.0000e+00
-2.4252e-01  1.3115e-01  1.8431e-01 -3.4361e+00  1.4535e+01  1.5757e+01  2.1710e+01  1.0000e+00
 7.6657e-02 -3.4878e-01 -2.7463e-01 -5.0972e+00  1.0113e+01  1.3555e+01  1.7664e+01  1.0000e+00
 6.0209e+00 -3.0385e+00 -7.2909e-01  4.2497e+01 -2.0103e+01 -4.8827e+00  4.7265e+01  1.0000e+00
-3.7695e+00 -2.4429e+00 -1.5860e+00 -2.4896e+01 -1.5307e+01 -9.3425e+00  3.0682e+01  1.0000e+00
-2.9215e-01  1.7711e-01  1.2253e-01 -3.7445e+00  1.7617e+01 -1.9707e+01  2.6698e+01  1.0000e+00
 1.7672e-01  3.4850e-01  2.6417e-01  4.5088e+01  9.5337e+00  2.8814e+01  5.4351e+01  1.0000e+00
 1.1919e+00 -6.1124e-01 -9.9213e-01  4.3196e+00 -1.9193e+00 -1.9561e+00  5.1155e+00  1.0000e+00
 1.9021e+00  1.2946e+00  2.2744e+00  9.1864e+00  8.3863e+00  1.1785e+01  1.7135e+01  1.0000e+00
-6.2497e-02  3.3081e-01  2.5157e-01 -1.7192e+01 -2.6362e+00 -1.1149e+01  2.0659e+01  1.0000e+00
-3.9863e-01  3.3062e-01  5.5901e-02  1.4356e-01  2.1532e+00  4.1113e+00  4.6432e+00  1.0000e+00
-1.8800e-01  3.3618e-01  1.4477e-01  3.1764e+01 -2.6906e+01  1.6569e+01  4.4804e+01  1.0000e+00
 1.4338e+00 -9.6122e-01  1.3966e+00  7.4643e+00 -1.5450e+00  6.1335e+00  9.7838e+00  1.0000e+00
 5.2189e-02  1.6124e-01  2.5888e-01 -2.2770e+00 -1.0287e+01 -8.3367e+00  1.3435e+01  1.0000e+00
-3.5719e-01  2.7049e-01  1.6480e-01 -1.1798e+01 -2.3372e+01 -3.9964e+00  2.6484e+01  1.0000e+00
 1.4812e+00 -9.9014e-01  1.2849e+00  5.9857e+00 -4.7601e+00  6.0503e+00  9.7516e+00  1.0000e+00
-1.5351e-01  2.4011e-01  1.8951e-01  5.0237e+00 -5.5464e+00 -2.3090e+01  2.4272e+01  1.0000e+00
-2.7735e-01  4.7364e-01  6.1287e-02 -2.1405e+01  2.1674e+01 -8.7271e+00  3.1688e+01  1.0000e+00
-1.6478e-01  2.3739e-01  4.7336e-02 -7.2081e+00 -2.7414e+00  3.1600e+01  3.2528e+01  1.0000e+00
-8.9834e-01  1.3567e+00  1.5871e-01  1.4687e+00 -3.2032e+00  2.6631e+00  4.4170e+00  1.0000e+00
-3.0024e-02  3.1267e-01  6.1388e-02 -1.8278e+01  7.6919e+00  7.9565e+00  2.1368e+01  1.0000e+00
-1.2191e-01  9.0042e-02  5.0416e-02 -4.6705e+00 -1.5968e+01  1.5037e+01  2.2425e+01  1.0000e+00
-2.0811e+00 -3.1316e+00 -3.4795e+00 -1.3791e+01 -1.9985e+01 -2.2437e+01  3.3060e+01  1.0000e+00
 5.1203e-01 -1.1775e+00 -5.0959e+00  3.0681e+00 -5.8685e+00 -2.5290e+01  2.6143e+01  1.0000e+00
-4.5666e-01  1.9390e+00 -1.1494e+00  4.6735e+00  1.1774e+01 -6.8075e+00  1.4381e+01  1.0000e+00
-1.2025e-01  1.7316e-01  2.3611e-02  5.2456e-01  8.1210e+00  2.1210e+01  2.2717e+01  1.0000e+00
-7.6725e-02  1.8702e-02  6.5891e-02  7.4625e+00 -6.7996e+00 -1.0496e+01  1.4563e+01  1.0000e+00
 1.5883e+00 -1.0688e+00 -1.8669e-01  5.0888e+00 -1.1332e+00 -1.0773e+00  5.3236e+00  1.0000e+00
 9.9740e-01 -3.2951e-01  3.5654e-01 -3.2962e+00  5.9289e+00 -1.5251e+00  6.9530e+00  1.0000e+00
 5.2067e+00  1.8147e+00 -9.9186e-02  3.4759e+01  1.3748e+01 -1.0615e+00  3.7394e+01  1.0000e+00
-2.1483e-01  3.0369e-01  1.1115e-01  1.5733e+01 -1.9590e+01  2.1218e+01  3.2886e+01  1.0000e+00
 3.8618e+00  1.7377e-01  4.3363e+00  2.5790e+01  1.5748e+00  2.8945e+01  3.8800e+01  1.0000e+00
-3.4030e-01  3.3786e-01  3.8397e-01  3.4004e+00  1.3820e+00  7.1067e+00  7.9986e+00  1.0000e+00
 3.7747e-01 -9.0404e-02  3.6941e-02 -2.9047e+00 -1.2439e+01  9.2282e+00  1.5759e+01  1.0000e+00
-6.0926e+00  1.1702e+00  1.3585e+00 -4.2388e+01  9.2137e+00  9.7063e+00  4.4451e+01  1.0000e+00
-6.8339e-01  1.9715e+00 -3.0198e-02 -3.5617e+00  2.7842e+00  3.2153e+00  5.5476e+00  1.0000e+00
 1.3990e+00 -2.3058e+00  4.0561e+00  8.2471e+00 -1.4502e+01  2.6680e+01  3.1467e+01  1.0000e+00
 1.6689e+00 -1.6408e+00  3.4085e+00  9.7126e+00 -1.0189e+01  2.1198e+01  2.5446e+01  1.0000e+00
 2.8547e+00 -3.3307e+00 -1.3089e+00  1.7312e+01 -2.0842e+01 -7.4786e+00  2.8107e+01  1.0000e+00
 1.9832e+00 -1.3615e+00  4.8664e-01  7.7706e+00 -3.0348e+00  1.1333e+00  8.4189e+00  1.0000e+00
-4.0874e-01  2.9464e-01  1.5169e-01 -5.9178e+00  1.1626e+01 -1.8287e+01  2.2463e+01  1.0000e+00
-1.7365e-01  1.9289e-01  1.0083e-01  2.8868e+01  1.5301e+01 -2.0305e+01  3.8468e+01  1.0000e+00
-3.1303e-01  3.6706e-01  1.3846e-01  2.2745e+01  8.0165e+00  5.6587e+00  2.4771e+01  1.0000e+00
 3.9053e-02  4.0658e-02  4.2678e-02 -1.8570e+00  1.2240e+00  3.4617e+00  4.1146e+00  1.0000e+00
-4.6032e-01  3.6378e-01  8.1785e-02 -8.6563e+00  8.2767e+00 -1.0101e+01  1.5668e+01  1.0000e+00
-1.6911e-01  4.1356e-01  3.4790e-01 -2.0526e+01  8.9307e+00 -5.6308e+00  2.3082e+01  1.0000e+00
-6.4007e-01 -1.2688e-01  1.4725e-01 -4.9393e+00 -2.7150e+00  1.6129e+00  5.8625e+00  1.0000e+00
-7.9044e+00  3.2058e+00  2.8520e+00 -5.5533e+01  2.3224e+01  2.1419e+01  6.3891e+01  1.0000e+00
-2.7911e-01  4.9827e-01  2.0062e-01 -6.8136e+00  1.3382e+00 -3.7232e+00  7.8790e+00  1.0000e+00
 2.6388e-02  3.0107e-01  4.0507e-02 -7.3765e+00 -7.6145e+00 -2.2059e+01  2.4475e+01  1.0000e+00
-7.0302e-01  3.0483e-01  2.1189e-01 -2.5522e+00  7.9579e+00 -6.2675e+00  1.0446e+01  1.0000e+00
 3.0837e+00 -2.8074e+00 -1.2731e+00  2.1182e+01 -1.7313e+01 -6.6851e+00  2.8162e+01  1.0000e+00
-6.4264e-02  2.7249e-01  1.7942e-01 -8.7292e+00  1.8620e+01  2.8240e+01  3.4934e+01  1.0000e+00
 2.1501e+00 -1.9203e+00  4.4315e+00  1.3827e+01 -1.1749e+01  3.0890e+01  3.5825e+01  1.0000e+00
-1.2972e-01  2.3457e-01  1.9703e-01  1.5494e+01  1.7510e+01 -7.4670e+00  2.4544e+01  1.0000e+00
-6.5077e-01 -1.0017e+00 -4.0277e+00 -5.4986e+00 -5.5853e+00 -2.4765e+01  2.5976e+01  1.0000e+00
 1.7299e+00 -1.0437e+00  7.0573e-01  3.4626e+00 -3.4193e+00  3.5265e+00  6.0098e+00  1.0000e+00
-2.4977e-01  2.1874e-01  2.1837e-01 -1.6181e+00 -1.9149e+01 -1.1196e+00  1.9250e+01  1.0000e+00
-1.6211e-01  4.5947e-01  2.6960e-01 -9.4941e+00 -7.9942e+00 -2.3099e+01  2.6222e+01  1.0000e+00
-8.2765e-01  9.0239e-01  1.4119e-01 -1.4548e+01  5.3528e+00  3.0247e+00  1.5794e+01  1.0000e+00
-2.5896e-01  1.3680e+00 -1.7841e-01  2.0003e+00 -3.3907e+00 -9.8286e+00  1.0588e+01  1.0000e+00
 8.5168e-03 -2.8874e-01 -1.6314e-02 -8.5167e-01  7.4932e+00  3.1684e+00  8.1800e+00  1.0000e+00
-2.8140e-01  2.3835e-01 -2.0349e-01  1.6080e+01  9.2400e+00  2.3855e+00  1.8699e+01  1.0000e+00
 2.1059e+00 -1.4051e+00  3.1880e-01  7.7886e+00 -4.8748e+00  5.1820e+00  1.0549e+01  1.0000e+00
-6.3744e-01 -1.6778e+00  4.1400e+00 -4.4869e+00 -1.2412e+01  2.7738e+01  3.0718e+01  1.0000e+00
-7.9721e-01  2.9497e-01 -1.8989e-01 -2.3751e+00  3.2353e+00 -2.9775e-01  4.0245e+00  1.0000e+00
-3.5795e-02  4.7319e-01 -9.2089e-02  4.1406e+00 -4.7745e+00 -2.4414e+01  2.5218e+01  1.0000e+00
-5.9539e+00  6.4314e-01 -1.9285e+00 -3.6834e+01  8.7730e+00 -9.8302e+00  3.9120e+01  1.0000e+00
-4.8303e-01  1.7897e-01  2.1763e-01  5.7076e+00  7.5755e-02  1.5448e+01  1.6468e+01  1.0000e+00
-4.9600e-02  2.6105e-01 -3.1231e-02 -8.9023e+00  2.5393e+00  1.9544e+01  2.1625e+01  1.0000e+00
-2.3648e-01  1.7146e-01  1.6523e-01 -3.3158e+01 -3.2191e+00  8.8882e+00  3.4480e+01  1.0000e+00
-1.9469e+00 -8.4050e+00 -9.0090e+00 -1.5017e+01 -4.4991e+01 -5.2513e+01  7.0762e+01  1.0000e+00
 5.3278e+00 -4.7400e+00  1.3666e+00  3.6209e+01 -3.1942e+01  8.9537e+00  4.9107e+01  1.0000e+00
-3.5837e-01  4.7445e-02  6.5537e-01  4.3641e+00  7.8511e+00 -6.1007e+00  1.0858e+01  1.0000e+00
 7.4050e-01 -4.2004e-01 -1.6960e+00  2.5673e+00  5.1578e-01 -3.3777e+00  4.2739e+00  1.0000e+00
-6.7202e-02  3.8369e-01 -6.7770e-02  3.3792e+00 -1.2818e+01  1.1026e+01  1.7243e+01  1.0000e+00
 5.3077e-01 -9.8270e-01 -1.6132e+00  3.4287e+00 -5.4732e-01 -4.7074e+00  5.8493e+00  1.0000e+00
-7.9211e-01  1.0765e+00  2.4399e-01 -3.1296e+00  4.9343e+00 -5.7867e+00  8.2236e+00  1.0000e+00
-3.9193e-01  3.5902e-01  1.5462e-01 -1.7150e+01  1.9734e+01  1.3217e+01  2.9295e+01  1.0000e+00
-2.9486e+00  4.4224e+00 -2.5160e+00 -1.9976e+01  3.1549e+01 -1.6532e+01  4.0838e+01  1.0000e+00
-3.0717e-01  2.0437e-01  1.6604e-01  2.1884e+00 -1.2132e+01  1.2782e+01  1.7758e+01  1.0000e+00
-1.2451e+00  2.7912e-01 -6.5911e-01 -7.9283e+00  7.9653e-01  6.3114e-01  7.9931e+00  1.0000e+00
-1.6817e-01  1.6154e-01  2.2328e-01 -2.0715e+01 -2.3766e+00  6.2634e+00  2.1771e+01  1.0000e+00
-5.4119e-02  2.5128e-01 -1.6002e-01 -1.5597e+01  3.9460e-01 -2.3041e+00  1.5771e+01  1.0000e+00
-1.5397e-01  2.2264e-01  2.8965e-01  1.7724e+01 -3.8618e+00  1.2690e+01  2.2138e+01  1.0000e+00
-1.2137e-01  2.8026e-01  7.0686e-02  5.5532e+00 -1.8466e+01 -1.2789e+01  2.3138e+01  1.0000e+00
-3.2756e-01  7.6197e-01  3.1903e-01 -3.3035e+00  8.9482e-01 -8.3520e+00  9.0260e+00  1.0000e+00
-7.7969e-02  2.7573e-01  1.1700e-01 -1.7673e+01  2.7736e+00  1.9398e+01  2.6387e+01  1.0000e+00
-2.2494e-02  3.9998e-01  8.5861e-02  1.8622e+01 -2.1066e+01  2.8282e+00  2.8259e+01  1.0000e+00
-3.8844e-01  2.1340e-01  2.9924e-01  3.2221e+00 -5.8949e+00 -1.3318e+01  1.4916e+01  1.0000e+00
 1.5283e+00 -2.5382e+00  3.8909e+00  9.6909e+00 -1.4877e+01  2.6364e+01  3.1785e+01  1.0000e+00
-1.5347e-01  5.9121e-01 -2.1664e-01 -7.1556e+00 -4.4824e+00  3.7991e+00  9.2590e+00  1.0000e+00
 1.0504e+01 -7.2553e+00 -1.5232e+01  6.9310e+01 -4.7298e+01 -9.5510e+01  1.2713e+02  1.0000e+00
-2.3912e-01  3.7089e-01 -2.4795e-02 -7.7576e+00 -1.2888e+01  1.4808e+00  1.5116e+01  1.0000e+00
-8.2042e-01  1.1655e+00  1.5923e+00 -5.1631e+00  1.0157e+01  9.1776e+00  1.4630e+01  1.0000e+00
 2.7029e+00 -1.2183e+00 -9.3668e-01  2.0537e+01 -5.1626e+00 -4.0407e+00  2.1558e+01  1.0000e+00
-2.0709e-01  3.8952e-01  1.5612e-01 -1.0181e+01  9.5905e+00  9.1606e+00  1.6720e+01  1.0000e+00
 7.8417e-01  1.3892e-01 -2.9071e-01 -7.3193e+00  9.7663e+00 -1.5018e+00  1.2297e+01  1.0000e+00
-3.1475e-02  2.8661e-01 -2.9173e-01  1.6565e+01  1.6057e+01 -7.7954e+00  2.4351e+01  1.0000e+00
 8.9505e-02  2.6585e-01  1.1882e-01  9.4724e+00 -3.9472e+00  8.4482e+00  1.3292e+01  1.0000e+00
-2.5059e-01  4.8987e-01  1.5563e-01 -1.6262e+00 -1.1065e+00 -2.0132e+00  2.8146e+00  1.0000e+00
-9.0605e-01  1.1081e+00 -4.5129e-01  1.8543e+00 -2.4241e+00  5.6127e+00  6.3888e+00  1.0000e+00
 5.8854e-02  2.2731e-01 -1.6739e-01  7.1128e-01  1.6507e+01  9.8421e+00  1.9232e+01  1.0000e+00
 7.8246e-01  4.9741e-01  4.3505e-01 -4.9366e+00 -3.1326e+00 -7.8325e+00  9.7740e+00  1.0000e+00
 2.8481e-01 -2.1954e+00  3.9602e+00  1.5071e+00 -1.4343e+01  2.5068e+01  2.8921e+01  1.0000e+00
 3.6886e-03  3.0420e-01  1.4686e-01 -1.4278e+01  2.3155e+01 -1.5663e+01  3.1390e+01  1.0000e+00
-3.7288e-01  1.8918e-01 -8.5747e-02 -3.5619e+00 -1.8501e+01  8.6926e-01  1.8860e+01  1.0000e+00
 2.5089e-01  3.6542e-01  2.3922e-01 -5.2834e-01 -2.7149e+00  1.5993e+00  3.1950e+00  1.0000e+00
-1.7500e-01  3.2919e-01  2.2623e-01 -1.3111e+00  2.3363e+01 -4.4334e+00  2.3816e+01  1.0000e+00
-6.5374e-01 -9.7012e-02  8.4074e-02 -1.2221e+01 -1.1217e+01  3.2650e+00  1.6906e+01  1.0000e+00
-3.5588e-01  7.6680e-02  4.1438e-03 -2.0652e+01 -2.2260e+01 -5.9228e+00  3.0937e+01  1.0000e+00
-1.9472e-01  3.3352e-01  1.1847e-01 -8.9468e-01 -4.0826e+01 -1.9042e+01  4.5057e+01  1.0000e+00
-3.7542e+00  3.1401e+00 -1.0686e+00 -2.4048e+01  2.0268e+01 -6.6791e+00  3.2151e+01  1.0000e+00
 2.0542e+00 -1.5713e+00 -6.2833e+00  1.4476e+01 -1.1368e+01 -4.4241e+01  4.7917e+01  1.0000e+00
-1.9760e-01  3.2659e-01 -1.7235e-01  9.3590e+00 -3.4175e+00 -7.2920e+00  1.2347e+01  1.0000e+00
-3.4582e-01 -4.3817e+00 -3.1308e+00 -5.5681e-01 -2.8717e+01 -2.0489e+01  3.5281e+01  1.0000e+00
-1.4507e+00  1.3456e+00 -6.0341e+00 -1.0817e+01  1.0271e+01 -4.1782e+01  4.4365e+01  1.0000e+00
 8.2719e-01 -3.8566e+00  1.5631e-02  5.0690e+00 -2.5630e+01  1.7389e-01  2.6127e+01  1.0000e+00
-3.5967e-01 -4.4777e-01  4.1071e-01 -2.2925e+00  3.3957e-01  1.3100e+00  2.6622e+00  1.0000e+00
-7.3526e-01 -8.2608e-01 -4.3655e+00 -4.9498e+00 -6.5397e+00 -2.7535e+01  2.8730e+01  1.0000e+00
-6.6851e-01 -6.4933e-01 -5.7828e-01  1.2129e+00  7.3436e+00  3.4178e+00  8.1903e+00  1.0000e+00
 1.5218e-02  3.3766e-01 -1.6967e-01  3.8792e-01 -1.0842e+01  3.4287e-01  1.0855e+01  1.0000e+00
 8.9765e-01  1.0767e+00  1.4251e+00  2.0691e+01  1.1988e+01  2.8865e+01  3.7484e+01  1.0000e+00
-3.1121e-01  2.4553e-01  1.2722e-02  5.3657e+00  1.9617e+01  2.4796e+01  3.2069e+01  1.0000e+00
 2.4391e+00 -3.4058e+00 -1.3409e+00  1.6984e+01 -2.0758e+01 -8.5041e+00  2.8137e+01  1.0000e+00
-2.2996e-01  2.3671e-01  1.5056e-01  4.3092e-01  2.3496e+00 -2.3955e+01  2.4074e+01  1.0000e+00
-2.4875e-01  3.2583e-01  1.2484e-01  8.4334e+00  9.3409e+00 -1.9257e+01  2.3005e+01  1.0000e+00
-4.4234e+00 -2.0281e+00 -1.4713e+00 -2.9130e+01 -1.3044e+01 -8.9071e+00  3.3137e+01  1.0000e+00
 2.5574e+00  1.0835e+00  2.0930e+00  1.5587e+01  8.7825e+00  1.5962e+01  2.3977e+01  1.0000e+00
-6.1920e-02  2.4285e-01  1.4311e-01 -2.3012e+01 -4.0769e+00  2.4925e+01  3.4168e+01  1.0000e+00
 1.6131e+00 -5.5190e+00 -4.3116e-01  1.1865e+01 -3.8325e+01 -3.0208e+00  4.0233e+01  1.0000e+00
-1.0238e-01  2.4759e-01  8.7168e-02  4.0830e+01 -1.0100e+01 -1.1609e+00  4.2077e+01  1.0000e+00
-6.9252e+00 -6.0161e-01  1.0258e+01 -5.7149e+01 -5.6025e+00  8.4306e+01  1.0200e+02  1.0000e+00
 3.0744e+00 -5.4769e+00 -4.4072e+00  2.2411e+01 -3.8422e+01 -3.1283e+01  5.4379e+01  1.0000e+00
-5.3941e-01  4.4746e-01 -6.4939e-02  1.0492e+01 -1.0141e+00  1.2800e+01  1.6582e+01  1.0000e+00
-1.0266e+00  1.9005e-01 -3.8819e-01  7.0148e+00  6.4764e+00  2.6662e+00  9.9126e+00  1.0000e+00
 1.4155e-01  5.8988e-01  6.7706e-02  1.2007e+01 -4.3849e-01  1.5025e+01  1.9239e+01  1.0000e+00
-2.2572e+00 -7.3322e-01 -1.7570e+00 -1.3745e+01 -3.2260e+00 -1.0046e+01  1.7328e+01  1.0000e+00
-3.1101e-01  1.9113e-01 -2.5706e-02 -1.5694e+01  1.0392e+01 -1.0490e+01  2.1549e+01  1.0000e+00
-1.8877e-01  3.6013e-01  1.8105e-01  2.7614e+01  2.0818e+01 -6.2388e+00  3.5141e+01  1.0000e+00
-2.6681e-02 -4.4251e+00 -3.0926e+00 -3.4811e-01 -2.7891e+01 -2.0134e+01  3.4401e+01  1.0000e+00
 9.7758e-03  3.0149e-01  1.4747e-01  2.5176e+01 -7.2274e+00  4.7320e+00  2.6617e+01  1.0000e+00
-1.3356e-01  2.9419e-01  2.0810e-02  8.4818e+00  1.0855e+01 -7.0660e+00  1.5483e+01  1.0000e+00
-1.6446e-01  4.3680e-01 -2.7515e-02  7.1936e+00  1.2627e+01  6.3005e+00  1.5840e+01  1.0000e+00
 7.7783e-01  1.6212e-01  1.4280e+00 -4.0780e+00  5.4606e+00  1.0041e+00  6.8889e+00  1.0000e+00
 4.9185e-03  3.4976e-01  1.7412e-01  1.5518e+01 -6.0277e+00 -1.7060e+01  2.3836e+01  1.0000e+00
-9.0362e+00 -1.0287e+01  4.6545e+00 -5.1551e+01 -6.2811e+01  2.9643e+01  8.6496e+01  1.0000e+00
-2.2214e-01  3.7213e-01  1.8290e-01 -6.9543e+00  3.1505e+01 -6.9677e+00  3.3007e+01  1.0000e+00
-1.2874e-01  1.7800e-01  3.3416e-02 -1.1946e+01  1.6944e+01 -1.5931e+01  2.6146e+01  1.0000e+00
-2.5501e-01  2.2652e-01 -1.4057e-02 -1.0272e+01  1.2710e+01  3.7700e+00  1.6771e+01  1.0000e+00
-2.0631e-01  3.2939e-01 -7.8783e-02  2.3014e+01  1.3384e+01 -9.8870e+00  2.8399e+01  1.0000e+00
-2.7680e-01  6.7879e-01  2.6340e-01 -3.4746e+00 -6.3106e+00  8.9055e-01  7.2587e+00  1.0000e+00
-4.8401e-01 -4.6845e-01  1.1053e-01 -4.2459e+00  2.8643e+00  2.1416e+00  5.5514e+00  1.0000e+00
 6.7920e-01  9.5345e-01  4.6779e-01 -8.2971e+00 -2.0640e+00  3.5506e+00  9.2579e+00  1.0000e+00
-6.7400e-03 -3.8432e+00  1.9341e+00 -3.1455e-01 -2.5525e+01  1.2031e+01  2.8220e+01  1.0000e+00
-4.6343e+00 -2.9305e+00 -1.7357e+00 -3.2087e+01 -1.8704e+01 -1.0334e+01  3.8552e+01  1.0000e+00
-3.5138e-02 -1.1376e+00 -1.7532e-01 -9.0014e+00 -7.2000e+00 -4.4330e+00  1.2350e+01  1.0000e+00
-1.9636e-01  2.8688e-01  2.7488e-01 -1.9467e+01  1.3667e+01 -1.2367e+01  2.6808e+01  1.0000e+00
 5.9973e+00 -2.2008e+00 -4.1936e-01  4.1846e+01 -1.4795e+01 -2.3125e+00  4.4445e+01  1.0000e+00
-6.7108e-01  6.5481e-02  4.4240e-01  1.5675e+01 -1.2123e+01  4.9728e+00  2.0430e+01  1.0000e+00
 6.8448e+01 -8.5127e+01  5.6377e+01  3.8386e+02 -4.7418e+02  3.0947e+02  6.8408e+02  1.0000e+00
-3.2206e-01  1.0235e+00 -1.2668e-01  8.3038e+00 -8.1652e+00  9.0713e+00  1.4762e+01  1.0000e+00
-5.3107e-01  2.3933e-01  2.1942e-01  2.5548e+01  7.1203e-01  4.4979e+00  2.5951e+01  1.0000e+00
-7.7480e-02  3.3827e-01  5.4658e-02 -2.0027e+01  1.3520e+01  3.1348e+01  3.9580e+01  1.0000e+00
 3.6093e+00  2.9896e+00  1.6937e-01  2.3277e+01  1.8666e+01  1.9855e+00  2.9903e+01  1.0000e+00
-1.8155e+00 -6.1696e-01  7.6472e-01 -2.3798e+01 -6.5451e+00  1.2720e+01  2.7767e+01  1.0000e+00
 9.2113e-01 -4.8144e+00  3.6979e-01  5.5649e+00 -3.1474e+01  1.3727e+00  3.1991e+01  1.0000e+00
 1.1531e-01  3.5537e-01  2.0314e-01 -8.3155e+00  8.3854e+00  1.1175e+01  1.6259e+01  1.0000e+00
 2.7943e-01  2.3485e+00 -3.4859e+00  1.5626e+00  1.4615e+01 -2.3083e+01  2.7365e+01  1.0000e+00
-5.0097e+00  1.6837e+00  1.8650e+00 -6.9406e+01  2.3352e+01  2.5302e+01  7.7477e+01  1.0000e+00
-2.0530e-01  4.0030e-01  4.3753e-02  2.4609e+01 -8.1403e-01  5.0813e+00  2.5141e+01  1.0000e+00
-8.1399e-01 -8.7539e-02  8.1323e-01  7.1062e+00 -2.1086e+00 -1.0199e+01  1.2608e+01  1.0000e+00
-1.6204e-01  2.2376e-01 -1.3107e-01  1.1013e+01 -1.4593e+01 -2.2079e+00  1.8415e+01  1.0000e+00
-6.5958e-01 -3.8226e-01  6.3592e-01 -6.8550e+00 -1.6683e-01  4.7384e+00  8.3349e+00  1.0000e+00
 4.8942e-01 -4.6778e+00  3.7094e+00  3.0166e+00 -3.2293e+01  2.5619e+01  4.1332e+01  1.0000e+00
-2.0808e-01  3.3002e-01  1.1870e-01  4.5161e+00  2.1744e+01 -1.4205e+01  2.6363e+01  1.0000e+00
 5.2928e-01  3.2104e+00  2.5778e-01 -2.6833e+00  2.0351e+01  4.1047e+00  2.0934e+01  1.0000e+00
-3.5528e-01  2.3293e-01  1.1599e-01  1.1431e+01  8.0265e+00 -1.5301e+01  2.0717e+01  1.0000e+00
 1.7906e+00 -1.1394e+00  3.8683e-01  7.6331e+00 -1.3493e+00  2.6858e+00  8.2036e+00  1.0000e+00
-5.3420e-01  4.7915e-01  2.5373e-01 -1.0953e+01 -1.0293e+01  1.0642e+01  1.8416e+01  1.0000e+00
 2.7541e+00 -1.3108e+00  1.6072e+00  1.7352e+01 -5.0769e+00  9.5763e+00  2.0459e+01  1.0000e+00
-6.4845e-02  3.4326e-01 -4.0211e-01 -1.6976e+00  8.4320e+00 -1.8055e+01  1.9999e+01  1.0000e+00
-1.5182e-01  1.8238e-01  9.8348e-02  1.6620e+01 -8.7592e+00 -7.3626e+00  2.0178e+01  1.0000e+00
-2.1448e-01  2.6850e-01  1.0077e-01  5.6378e-03 -1.0482e+01  4.8159e+00  1.1536e+01  1.0000e+00
-1.0998e+00 -9.6496e-01 -5.2022e+00 -6.7471e+00 -5.6851e+00 -3.4813e+01  3.5914e+01  1.0000e+00
-5.4548e-01 -6.2935e-02  7.5521e-01 -8.1429e+00 -7.5791e+00  2.1585e+01  2.4283e+01  1.0000e+00
 6.0983e+00 -2.1400e-01 -1.4672e+00  4.2438e+01 -7.8019e-01 -8.9022e+00  4.3369e+01  1.0000e+00
-3.9391e-02  4.7796e-01 -2.3587e-01 -6.0227e-01 -4.4151e+00 -3.2722e+00  5.5284e+00  1.0000e+00
 2.0524e+00 -2.0820e-01  5.4702e+00  1.5192e+01 -2.3883e+00  3.9274e+01  4.2178e+01  1.0000e+00
 8.2341e-02  3.5355e-01 -6.6227e-02  1.7456e+01  2.3901e+00 -2.4419e+01  3.0111e+01  1.0000e+00
 2.8566e-01 -1.2035e-01  1.2172e+00 -1.0941e+01 -5.2268e+00  9.0119e-01  1.2159e+01  1.0000e+00
-2.6599e+00  4.4723e-01  4.1303e+00 -1.6621e+01  2.7770e+00  2.7448e+01  3.2208e+01  1.0000e+00
 2.1643e-01  3.3459e+00  1.5654e-01 -4.9277e+00  1.3960e+01 -1.4844e+00  1.4879e+01  1.0000e+00
-1.3295e-01  2.9620e-01  1.6988e-03  2.2096e+01  3.3103e+00 -1.9812e+01  2.9861e+01  1.0000e+00
 7.4036e-01  1.0389e+01  7.1223e+00  2.9731e-01  6.3780e+01  4.0680e+01  7.5649e+01  1.0000e+00
-2.0007e+00  1.8553e+00 -1.1501e+00 -1.1452e+01  9.6978e+00 -3.2863e+00  1.5362e+01  1.0000e+00
-2.5914e-01  9.8989e-02  1.0172e-01  1.8760e+01  8.1307e-01 -1.2308e+01  2.2452e+01  1.0000e+00
-6.7707e-02  4.3279e-01  6.7269e-01 -8.0318e-01  1.0880e+00  4.6438e+00  4.8367e+00  1.0000e+00
-1.3368e-01  4.2057e-01  1.3936e-02 -7.5704e+00  7.0933e+00 -4.0244e+01  4.1560e+01  1.0000e+00
-1.3499e-01  3.8783e-01  3.8094e-01 -6.5042e+00  1.3066e+01 -2.5168e+00  1.4810e+01  1.0000e+00
-3.7467e-01  1.6082e-01 -1.2154e-02  1.1681e+01  1.3204e+01  1.3019e+01  2.1915e+01  1.0000e+00
-1.7725e+00 -1.7354e-01  2.0557e+00 -6.4628e+00 -6.4486e-02  1.0102e+01  1.1992e+01  1.0000e+00
-1.5430e-01  4.2347e-01  3.4927e-01 -8.9979e+00 -5.8873e+00  1.0305e+01  1.4894e+01  1.0000e+00
-9.6985e-01  8.7293e-01  5.4661e-01 -3.2943e+01  2.6759e+01  9.5659e+00  4.3506e+01  1.0000e+00
-1.1274e-01  1.9034e-01  2.7884e-01 -1.0454e+01  2.3178e+01  2.0719e+01  3.2799e+01  1.0000e+00
-2.1674e-01  3.7543e-01  1.3550e-01  4.4264e+00 -6.1904e+00  1.4444e+01  1.6327e+01  1.0000e+00
-1.2380e-01  7.8379e-02 -6.3977e-02 -6.5195e+00  1.5362e+00 -1.4162e+01  1.5666e+01  1.0000e+00
-3.2149e-01  4.6454e-01 -6.1423e-02  3.1569e+00  1.2616e+01  1.5208e+01  2.0010e+01  1.0000e+00
 2.1501e+00 -3.8236e+00 -1.8002e+00  1.3859e+01 -2.3375e+01 -1.1918e+01  2.9673e+01  1.0000e+00
 4.8663e-01  5.3931e-01 -3.2703e-02 -1.1287e+01 -5.1813e+00  1.2521e+00  1.2482e+01  1.0000e+00
 2.6216e+00  5.7851e-01 -6.6607e+00  1.8216e+01  5.3839e+00 -3.9022e+01  4.3400e+01  1.0000e+00
-5.1892e-01  2.8052e+00 -2.1361e+00 -2.9742e+00  1.6850e+01 -1.0244e+01  1.9943e+01  1.0000e+00
-5.2049e+00 -1.9721e+00  1.2467e+00 -3.6826e+01 -1.2691e+01  8.7961e+00  3.9932e+01  1.0000e+00
 6.3731e+00 -6.3681e-01 -2.6824e+00  4.5997e+01 -4.3822e+00 -1.8757e+01  4.9868e+01  1.0000e+00
 2.4485e+00 -1.3363e+01  8.2258e+00  1.7641e+01 -9.7874e+01  6.0841e+01  1.1659e+02  1.0000e+00
-1.6156e-01  1.4838e-01  3.5109e-02  1.8098e+01 -9.5822e+00 -3.1107e+00  2.0713e+01  1.0000e+00
-1.8834e-01  3.0425e-01  3.7493e-01  1.3621e+01 -1.4113e+01  7.7904e-01  1.9629e+01  1.0000e+00
-2.0753e-01  3.9600e-01  8.9526e-02  1.7246e+00 -8.6056e+00  1.1474e+01  1.4446e+01  1.0000e+00
-2.1104e-02  1.1168e-01  2.4018e-01  2.6675e+01 -1.7687e+01  1.6919e+00  3.2051e+01  1.0000e+00
-3.3986e+00 -1.9980e+00 -1.7129e+00 -2.2466e+01 -1.0571e+01 -1.1761e+01  2.7473e+01  1.0000e+00
-4.7609e-02  7.0643e-01  1.4673e-01  2.3141e-01  1.7302e+01 -3.6185e+00  1.7678e+01  1.0000e+00
-2.9716e-01  1.6930e-01 -1.0730e-01  2.1325e+01 -1.9428e+00 -2.6299e+01  3.3914e+01  1.0000e+00
-2.2158e-01  3.4359e-01  1.3995e-01 -4.5958e+00  1.6403e+01  4.5086e+00  1.7622e+01  1.0000e+00
-1.1842e-01  3.0707e-01 -3.6283e-02  1.4511e+01 -1.2954e+01  2.5893e+01  3.2386e+01  1.0000e+00
 1.1980e+00 -1.5946e+00 -1.8314e+00  6.7811e+00 -5.8745e+00 -6.9399e+00  1.1343e+01  1.0000e+00
-8.2080e-02  2.2533e-01 -2.3967e-01  2.0704e+01  1.4762e+01 -7.4936e+00  2.6509e+01  1.0000e+00
-1.6145e-01  3.0406e-01  7.6637e-02  1.5180e+01 -9.0728e+00  3.9469e+00  1.8120e+01  1.0000e+00
 2.3526e+00 -2.6918e+00 -3.5307e+00  1.5076e+01 -1.8101e+01 -2.2279e+01  3.2424e+01  1.0000e+00
-7.3959e-02  3.8523e-01  2.9335e-01 -1.7225e+00  1.1097e+01  2.5003e+01  2.7409e+01  1.0000e+00
-8.0233e-02  2.9423e-01  1.2711e-01 -2.7606e+00  2.0753e+01 -1.0341e+01  2.3351e+01  1.0000e+00
 3.2891e-01  5.3598e-01  2.2503e-01  4.7515e+00  5.2518e-01 -4.3510e+00  6.4640e+00  1.0000e+00
-1.1664e-01  8.7548e-01  8.3400e-03 -3.1580e+00  2.0113e+01  1.7894e+01  2.7106e+01  1.0000e+00
-2.1318e-01  2.5570e-01  6.3630e-02 -1.6031e+01  1.7459e+01  1.6602e+01  2.8938e+01  1.0000e+00
-1.0454e-01  2.4396e-01 -1.1682e-01  1.1395e+01  2.3042e+01  1.5966e+00  2.5755e+01  1.0000e+00
 1.1178e+00 -1.0261e+00 -2.6623e-01  1.4520e+00  9.6562e-01  1.7725e+00  2.4865e+00  1.0000e+00
-2.0777e+00  5.3903e-01  9.7837e-01 -6.2279e+01  1.4840e+01  3.0856e+01  7.1070e+01  1.0000e+00
-3.4927e-01  1.2353e-01 -6.3920e-02 -4.0829e+00 -5.1370e+00  8.9526e+00  1.1100e+01  1.0000e+00
 3.4495e+00  2.1849e+00 -4.7298e-01  2.0282e+01  1.4864e+01 -1.4691e+00  2.5189e+01  1.0000e+00
-2.1982e-01  4.6144e-01  8.4659e-02 -1.6400e+01  7.3396e+00  2.5865e-01  1.7969e+01  1.0000e+00
-2.1411e-01 -3.1158e-02 -1.1547e-01  1.4096e+01  1.4279e+00  8.1298e+00  1.6335e+01  1.0000e+00
-1.5808e-01  3.0748e-01  5.3570e-02  1.5675e+01 -1.6121e+01  1.4133e+01  2.6558e+01  1.0000e+00
 3.4238e-01  3.4353e+00  2.3809e-01  5.3531e+00  2.0367e+01 -1.8518e+00  2.1140e+01  1.0000e+00
-6.8936e+01  8.5151e+01 -5.6352e+01 -3.7964e+02  4.7214e+02 -3.1702e+02  6.8377e+02  1.0000e+00
-9.0973e-01  1.2820e+00  3.6712e-01 -7.5286e+00 -3.0836e+00 -1.5324e+00  8.2787e+00  1.0000e+00
-3.0629e-01  5.7377e-01  6.8668e-02 -1.0794e+01  1.3784e+01  6.8347e+00  1.8794e+01  1.0000e+00
-1.0939e+00  1.2894e+00 -2.1104e-01 -8.7806e-02  2.8709e+00  4.4393e-01  2.9063e+00  1.0000e+00
-3.1071e-01  2.2880e-01  2.1122e-01 -2.7579e+01 -3.2219e+00  1.7640e+00  2.7823e+01  1.0000e+00
-7.4472e-02  3.7700e-01  2.1850e-01  2.8742e+01  1.7466e+00 -2.1514e+01  3.5945e+01  1.0000e+00
 2.1268e+00 -3.3052e+00 -3.1828e+00  1.4096e+01 -2.0346e+01 -2.1412e+01  3.2728e+01  1.0000e+00
-2.1647e-01  4.0566e-01  1.0779e-01  2.0244e+01 -1.9649e+01 -2.0219e+01  3.4709e+01  1.0000e+00
 4.8755e-01  4.2862e-01  8.8376e-02 -1.8394e+01  9.2990e-01 -5.6184e+00  1.9255e+01  1.0000e+00
-2.4293e-01  3.9079e-01  2.4838e-01  4.0867e+00  1.4549e+01  1.6395e+01  2.2298e+01  1.0000e+00
-4.5897e+00  1.0777e-01  3.8121e+00 -3.1674e+01  2.2989e+00  2.7389e+01  4.1937e+01  1.0000e+00
 8.1951e-02  4.2638e-01  5.7533e-01 -1.4005e+01  9.7699e+00 -3.0770e+00  1.7351e+01  1.0000e+00
 6.5393e-03  4.5914e-01  1.0102e-01 -5.6838e+00  1.8887e+01 -7.4780e+00  2.1093e+01  1.0000e+00
-3.0970e+00  2.7028e+00 -4.9640e+00 -2.1352e+01  1.9668e+01 -3.4500e+01  4.5089e+01  1.0000e+00
 5.2191e+00 -3.6406e+00  1.3982e+00  3.6089e+01 -2.4420e+01  1.0103e+01  4.4731e+01  1.0000e+00
 3.0607e+00 -1.8618e+00  3.2440e+00  1.9167e+01 -1.1856e+01  2.1746e+01  3.1318e+01  1.0000e+00
-1.9947e-01  2.0637e-01  7.3491e-02 -1.3520e+00 -1.2106e+01 -2.6997e+01  2.9618e+01  1.0000e+00
-9.2374e-02  2.7470e-01  1.5527e-01 -1.2126e+01  2.6927e+01 -1.6981e+01  3.4065e+01  1.0000e+00
-3.9650e-01  2.4580e-01  1.7608e-01  1.7352e+01  9.2679e+00 -1.6807e+01  2.5874e+01  1.0000e+00
-2.8010e+00  7.3811e-01  1.1357e+00 -1.6456e+01  1.6790e+00  4.7809e+00  1.7219e+01  1.0000e+00
-1.4882e-01  3.5343e-02 -9.7921e-02 -6.8823e+00 -9.3917e+00 -2.4693e+00  1.1902e+01  1.0000e+00
 6.5360e-01 -2.1330e-01  3.3309e-01 -8.1826e+00  1.0200e+01  6.3079e+00  1.4518e+01  1.0000e+00
-2.5048e-01  1.0084e+00 -7.5542e-02  1.1954e+00  2.1823e-01 -3.6464e-01  1.2687e+00  1.0000e+00
-3.9652e-01  4.8765e-01  2.2997e-01 -1.0766e+01  1.8337e+01 -1.7136e+00  2.1333e+01  1.0000e+00
-2.4012e+00  1.7868e+00 -1.9971e+00 -1.4368e+01  1.5071e+01 -1.2223e+01  2.4145e+01  1.0000e+00
-5.6590e-01  1.1576e-01 -6.6224e-02  7.7540e+00 -1.2811e+01  1.8264e+00  1.5086e+01  1.0000e+00
-1.6527e+00  1.0781e+00 -4.1891e+00 -1.1058e+01  6.9603e+00 -2.6802e+01  2.9817e+01  1.0000e+00
 2.3981e-01  3.1769e+00  1.7529e+00 -5.9133e+00  1.7654e+01  6.6680e+00  1.9776e+01  1.0000e+00
-4.8198e+00 -1.2649e+00 -1.6405e+00 -3.5067e+01 -7.1866e+00 -9.3481e+00  3.6997e+01  1.0000e+00
-7.1805e-01 -9.1685e-01  3.0057e-01  6.4282e+00  3.3019e-01  3.8094e-01  6.4480e+00  1.0000e+00
-6.6215e-01  3.1738e-01  9.3928e-01  8.9563e+00  1.9595e+00 -5.3034e+00  1.0592e+01  1.0000e+00
-2.8870e-02  3.0667e-01  6.8838e-01 -6.5410e+00  4.1562e+00 -3.4068e+00  8.4655e+00  1.0000e+00
 3.2966e-01  6.3487e-01  7.4143e-01 -6.5324e+00  6.2665e+00  1.6527e+00  9.2018e+00  1.0000e+00
-4.3750e-01  5.0605e-01  5.3975e-01 -6.4990e-01  1.6734e+01  2.4818e+00  1.6929e+01  1.0000e+00
-1.3121e-01  5.3939e-01  1.4627e-01 -1.5055e+01 -8.3821e+00  8.7602e+00  1.9330e+01  1.0000e+00
 3.2922e-02  6.4123e-01  1.5470e-01 -7.2997e+00 -2.0306e+01 -8.9101e+00  2.3346e+01  1.0000e+00
 1.4988e+00 -8.9868e-01  1.8113e+00  4.5034e+00 -4.6209e+00 -1.6875e+00  6.6694e+00  1.0000e+00
-8.3170e-02  2.4359e-01  1.0036e-01  2.6662e+01  1.5726e+01  1.7023e+00  3.1001e+01  1.0000e+00
 1.7143e-03  3.2037e-01  6.7554e-02 -2.8377e+01 -1.3093e+00  2.8341e+01  4.0127e+01  1.0000e+00
-6.9814e+00  8.5938e+00 -5.3605e+00 -4.2194e+01  4.4505e+01 -2.6819e+01  6.6935e+01  1.0000e+00
-3.4233e-01  9.8744e-01  1.0973e+00  1.4274e+00 -3.1143e+00 -2.6083e+00  4.3058e+00  1.0000e+00
 1.7718e+00  3.0507e-02 -4.3759e-01  9.1087e+00  8.1254e+00 -3.8087e+00  1.2787e+01  1.0000e+00
-2.1634e-01  4.0064e-01  9.2695e-02 -1.4225e+00  1.6314e+01  2.4358e+01  2.9351e+01  1.0000e+00
-2.8337e-01  4.2230e-01  1.0202e-01  2.6608e+00  2.7381e+01  9.9809e+00  2.9264e+01  1.0000e+00
-1.6175e-01 -3.9362e+00 -1.9655e+00 -7.5713e-01 -2.3852e+01 -1.3299e+01  2.7319e+01  1.0000e+00
-3.8562e-01  6.6161e-02 -6.3454e-02 -1.1057e+01 -1.4839e+01  8.9595e+00  2.0561e+01  1.0000e+00
 2.2178e+00 -3.2678e+00 -3.1080e+00  1.4716e+01 -2.1924e+01 -1.8642e+01  3.2323e+01  1.0000e+00
 3.4456e-01  6.8717e-02  2.7679e-01  6.7683e+00  1.4298e+00 -2.7143e-01  6.9230e+00  1.0000e+00
-7.3206e-02  3.9123e-01  7.6617e-02 -1.5006e+01 -4.4365e+00 -2.9913e+00  1.5932e+01  1.0000e+00
-2.2744e-01  2.8104e+00  1.4551e+00  2.8709e+00  1.7013e+01  6.6088e+00  1.8476e+01  1.0000e+00
 1.0401e+00 -2.3230e+00  3.6423e+00  7.0663e+00 -1.4975e+01  2.2950e+01  2.8300e+01  1.0000e+00
-2.4845e-01  2.2806e-01 -1.8216e-02  3.4303e+00 -1.7752e+01  1.6968e+01  2.4795e+01  1.0000e+00
-2.5251e-01  3.3119e-01 -2.8506e-02  2.7486e+01  3.8501e+00  7.1853e+00  2.8670e+01  1.0000e+00
-7.2926e-02  1.8426e-01  9.0241e-02  2.1947e+01  4.3215e+00 -1.2999e+01  2.5871e+01  1.0000e+00
 3.8137e-03  2.6835e-01  2.7424e-01 -1.3615e+01  1.4116e+01 -1.4480e+01  2.4378e+01  1.0000e+00
-2.8787e+00 -1.0556e+00  2.1011e+00 -1.8289e+01 -5.2702e+00  1.0680e+01  2.1825e+01  1.0000e+00
-9.9336e-03  2.0621e-01 -2.9607e-01 -1.1283e+01  8.2341e+00  1.5715e+01  2.1025e+01  1.0000e+00
-1.6473e-01  3.2953e-01  9.7523e-02  2.6034e+01 -1.1135e+01 -7.3497e+00  2.9253e+01  1.0000e+00
 3.8415e+00 -5.1084e+00 -3.6705e-01  2.7626e+01 -3.5128e+01 -2.8485e+00  4.4780e+01  1.0000e+00
-3.6478e-01  6.1061e-01  3.2024e-01 -4.9651e+00  1.9348e+00  8.3536e+00  9.9085e+00  1.0000e+00
-1.9845e+00 -1.1344e-01  1.5199e+00 -3.6536e+00  4.5752e+00 -1.5411e-01  5.8570e+00  1.0000e+00
-1.6257e-01  3.2947e-01  4.1719e-02 -1.8967e+01 -3.1692e+01 -6.1722e+00  3.7446e+01  1.0000e+00
-9.2783e-02  2.2124e-01 -2.5170e-02  2.4498e+01  8.9170e+00 -1.2226e+01  2.8795e+01  1.0000e+00
 1.6994e+00 -8.5449e-01  3.7406e-01  4.0241e+00 -3.7992e+00 -5.8038e-01  5.5645e+00  1.0000e+00
-3.4964e-01  1.9884e-01  9.4508e-02 -1.4724e+01 -4.0890e+00 -2.3035e+01  2.7643e+01  1.0000e+00
-5.0844e-02  2.0629e-01  2.6579e-01 -1.1490e+01 -1.5259e+01  2.4803e+01  3.1306e+01  1.0000e+00
-8.0581e-01 -3.0908e-01 -2.8897e-01 -1.9913e+01 -1.0665e+01 -6.2235e+00  2.3431e+01  1.0000e+00
-1.2083e-01  3.1097e-01  1.1077e-01  1.1477e+01  5.3254e+00  3.1523e+00  1.3040e+01  1.0000e+00
-1.3756e-01  3.7998e-01  1.5928e-01  2.0203e+01  1.2208e+00 -1.6828e+01  2.6322e+01  1.0000e+00
-1.1572e-01  2.4860e-01  4.0938e-02 -1.6578e+01  2.2257e+01 -1.9173e+01  3.3732e+01  1.0000e+00
 1.5771e-01  2.6436e-01  1.9439e-01  3.7812e+00  8.6497e+00  4.8994e+00  1.0636e+01  1.0000e+00
-2.5634e-01  4.7713e-01  3.2573e-01  4.7983e+00 -1.2427e+01 -2.8481e+00  1.3622e+01  1.0000e+00
-1.2668e-01  3.6763e-01  2.6678e-01  2.6234e+01 -3.6027e+00  2.3796e+01  3.5602e+01  1.0000e+00
-3.1124e-01  1.9235e-01  7.6972e-02 -9.6642e+00  1.2598e+01 -7.3659e+00  1.7503e+01  1.0000e+00
-2.6601e-01  2.0947e-01  1.8575e-01  1.6879e+01 -1.4642e+01 -1.6317e+01  2.7668e+01  1.0000e+00
-4.0779e-02  2.1324e-01 -3.0618e-01  1.6874e+01  4.5146e+00 -5.9024e+00  1.8437e+01  1.0000e+00
-3.1632e-01  7.4342e-02  4.3538e-01  2.0526e+01 -1.6695e+01  9.9629e+00  2.8272e+01  1.0000e+00
-1.6296e-01  2.5953e-01  9.6264e-02 -1.3261e+01  3.4108e+01  9.6529e+00  3.7847e+01  1.0000e+00
 1.1606e-01 -7.4354e-02  2.9224e-01 -1.0554e+01  8.4729e-01 -1.2405e+01  1.6309e+01  1.0000e+00
-4.4615e-02  1.5549e-01  2.5526e-03 -1.9744e+01  4.9065e+00  8.6112e+00  2.2092e+01  1.0000e+00
 3.4779e-01  1.4709e+00  9.4473e-02  3.2198e+00  1.1217e+01 -3.2457e+00  1.2113e+01  1.0000e+00
-4.4426e-01  6.2454e-01  8.2654e-02 -1.7072e+00  3.1829e+00  2.0527e+01  2.0842e+01  1.0000e+00
-1.0929e+00  1.7063e+00  4.3854e+00 -4.7989e+00  7.7978e+00  1.8479e+01  2.0623e+01  1.0000e+00
 2.6375e+00  6.0942e-01  3.4662e-01  1.1469e+01  4.6191e+00  2.8750e+00  1.2694e+01  1.0000e+00
 2.6407e+00 -1.3354e+00 -2.3154e+00  1.5493e+01 -9.2707e+00 -1.3306e+01  2.2428e+01  1.0000e+00
-2.7856e-01  4.1713e-01 -1.7560e-01 -1.2610e+01  5.9655e+00 -1.2431e+01  1.8685e+01  1.0000e+00
 3.0446e+00 -3.2232e+00 -4.8269e+00  2.1922e+01 -2.1998e+01 -3.2586e+01  4.5014e+01  1.0000e+00
-1.5497e-01  3.4061e-01  4.5812e-02 -1.0069e+01 -2.2022e+00 -1.3628e+01  1.7086e+01  1.0000e+00
-1.6725e-01  1.1365e-01  1.2413e-01 -1.6350e+00 -3.6301e+00 -1.8698e+00  4.3985e+00  1.0000e+00
-2.4141e-01  3.8994e-01  1.2487e-01  8.2591e+00  3.6844e+00  2.9103e+01  3.0476e+01  1.0000e+00
-1.7209e-01  4.6980e-01 -1.9532e-02 -2.7390e+00 -1.3589e+01  1.4486e+00  1.3938e+01  1.0000e+00
-3.3707e-01  1.3709e-01 -1.0218e-01 -1.7261e+01 -1.6418e+01 -1.0689e+01  2.6110e+01  1.0000e+00
 1.0347e-02  5.3923e-01  7.8460e-01 -1.3120e+01 -6.1774e+00 -7.6315e+00  1.6387e+01  1.0000e+00
-1.9581e-01  3.4797e-01  1.0562e-01  3.3329e+01 -5.3989e+00  2.2582e+01  4.0619e+01  1.0000e+00
-5.4187e-02  3.0293e-01  9.3950e-02 -1.9866e+01 -1.1037e+01  3.1608e+01  3.8930e+01  1.0000e+00
 1.6035e-01  4.5057e-02 -3.6768e-02 -1.3720e+01  2.2927e+01 -1.1681e+00  2.6745e+01  1.0000e+00
-1.6096e-01  7.1726e-02  1.3031e-02 -4.9420e+00  8.3454e+00  5.0390e-01  9.7120e+00  1.0000e+00
-1.1219e+00  1.2832e+00  3.8456e+00 -5.3425e+00  7.9857e+00  2.4289e+01  2.6120e+01  1.0000e+00
 7.0789e-02  3.4621e-01  6.4050e-01  7.6864e+00  2.0528e+01 -1.5565e+01  2.6884e+01  1.0000e+00
-2.4522e-01  3.2450e-01  2.3694e-01 -1.3124e+01  1.9420e+01 -1.7518e+01  2.9262e+01  1.0000e+00
-3.9102e-01  9.8293e-02  2.3728e-01 -1.3515e+01 -3.8043e+00 -3.5511e+00  1.4483e+01  1.0000e+00
-1.2537e+00  1.3584e+00  1.5256e+00 -4.0970e-01  7.5545e+00  6.3597e+00  9.8835e+00  1.0000e+00
 2.6869e+00 -6.6930e+00  1.1323e+01  1.5668e+01 -3.9552e+01  7.1154e+01  8.2902e+01  1.0000e+00
 4.5828e+00  8.9429e-01  4.2142e+00  3.1739e+01  6.0680e+00  3.0065e+01  4.4137e+01  1.0000e+00
 1.2560e+00 -8.9773e-01 -5.3909e-01  4.0323e+00  1.3431e+00  5.5453e-01  4.2861e+00  1.0000e+00
-2.4294e-02  9.7548e-02  1.1874e-02 -2.4835e+01  5.6931e-01 -4.5387e-01  2.4845e+01  1.0000e+00
-5.2548e-02  1.0847e-01  1.7694e-01  1.7321e+01 -2.1636e+01 -9.4207e-01  2.7731e+01  1.0000e+00
-1.2334e+00  6.6397e-01  4.9290e+00 -8.5149e+00  5.7590e+00  3.3547e+01  3.5086e+01  1.0000e+00
-3.4477e+00 -1.3146e+00 -3.5381e+00 -2.1766e+01 -2.9206e+00 -2.0331e+01  2.9927e+01  1.0000e+00
 5.7586e-01  1.5967e+00 -9.4820e-01 -1.7904e-01  6.1926e+00  1.9084e+00  6.4825e+00  1.0000e+00
-1.1488e+00 -1.2464e+00 -3.2997e-01 -1.4996e+01 -2.6774e+01 -2.0684e+00  3.0757e+01  1.0000e+00
 7.7824e-01 -2.8965e-02 -7.0007e-02  8.6373e+00  4.5538e+00 -4.7408e+00  1.0854e+01  1.0000e+00
-2.1075e-01  4.2562e-01 -2.6087e-02 -4.2116e+00  1.3440e+01  3.7887e+00  1.4585e+01  1.0000e+00
 4.6181e-01  1.6164e+00  6.7344e-01  4.5349e-01  1.1538e+00  3.5561e-01  1.2897e+00  1.0000e+00
-5.5006e-02  2.9444e-01  1.3285e-01 -1.3686e+01  6.3866e+00  1.3505e+00  1.5163e+01  1.0000e+00
-6.2028e-02  3.3965e-01  2.9825e-01 -9.2486e+00  1.4455e+01 -7.4736e+00  1.8717e+01  1.0000e+00
-1.7377e+00  5.2964e+00 -7.4363e-01 -1.1316e+01  3.6103e+01 -4.4927e+00  3.8101e+01  1.0000e+00
 1.5479e+00 -4.2557e-01  6.3760e-01  1.1620e+01  3.2818e+00  1.1713e+01  1.6822e+01  1.0000e+00
-3.5634e+00 -3.8568e-01 -8.4387e-01 -2.1293e+01  5.7808e-02 -5.6976e+00  2.2042e+01  1.0000e+00
 7.9464e-01  1.5460e-01  1.3966e+00 -3.7004e+00 -1.8231e+00  3.9746e+00  5.7284e+00  1.0000e+00
-3.0581e+00 -1.2707e+00  1.8717e+00 -1.6633e+01 -7.6573e+00  1.1851e+01  2.1811e+01  1.0000e+00
-2.3870e-01  4.2082e-01  4.6448e-02  1.6892e+01  8.0442e+00  2.4864e+00  1.8874e+01  1.0000e+00
 6.1084e+00  2.1254e+00  5.3931e-01  4.2073e+01  1.5283e+01  3.5017e+00  4.4900e+01  1.0000e+00
 2.3054e+00  3.4257e+00  2.2688e-01  1.5927e+01  2.1772e+01  3.2544e+00  2.7171e+01  1.0000e+00
-4.6943e+00 -2.9946e+00 -1.7805e+00 -3.3888e+01 -2.0573e+01 -1.3731e+01  4.1954e+01  1.0000e+00
 5.1173e-01 -6.5032e-01 -9.5700e-01 -4.2338e+00 -8.6306e+00 -3.2747e+00  1.0156e+01  1.0000e+00
-4.7996e+00 -2.7642e-01 -1.2257e+00 -3.2683e+01 -3.6345e-01 -8.6217e+00  3.3803e+01  1.0000e+00
-4.2197e-01  5.1977e-01  3.0500e-01  1.8790e+01 -9.0951e+00  2.8765e+00  2.1072e+01  1.0000e+00
 5.5665e-01  1.5729e+00 -1.0784e+00 -2.2571e+00  5.3735e+00 -1.1794e+00  5.9464e+00  1.0000e+00
-1.1530e+00  3.9826e+00 -1.7849e+00 -6.9114e+00  2.6215e+01 -9.5366e+00  2.8740e+01  1.0000e+00
 1.2775e+00  1.2860e+00 -8.8739e-01  4.9023e+01  3.9668e+01 -3.0784e+01  7.0174e+01  1.0000e+00
-4.6392e-01  1.5830e-01  2.3039e-01 -6.8541e+00  5.5682e+00  1.8100e+01  2.0139e+01  1.0000e+00
-9.8790e-01 -4.4400e-01 -1.7509e+00 -3.0459e+00  7.2835e-01 -9.3833e+00  9.8921e+00  1.0000e+00
 2.9067e-01  6.8107e-01 -3.0242e-03  5.8256e-01  4.1826e+00  3.9376e+00  5.7739e+00  1.0000e+00
 1.0759e+00 -1.2473e+00 -1.5406e+00  9.3937e+00 -7.8878e+00 -1.6006e-01  1.2267e+01  1.0000e+00
-1.9664e-02  8.8413e-01 -4.6681e-01 -1.0740e+00  1.5045e+01 -9.6465e+00  1.7904e+01  1.0000e+00
-2.7147e-01 -1.2222e-01 -1.8058e-01 -5.6184e+00  1.1104e+01  1.7889e+01  2.1792e+01  1.0000e+00
-3.4084e+00 -1.6615e+00 -5.8496e+00 -2.5335e+01 -1.2857e+01 -4.4751e+01  5.3007e+01  1.0000e+00
-6.3230e+00 -2.2841e+00 -1.7478e-01 -4.4927e+01 -1.4644e+01 -1.5107e+00  4.7278e+01  1.0000e+00
 6.6423e-01 -1.5893e+00 -1.6376e+00  6.2351e+00 -5.6241e+00 -9.4001e+00  1.2604e+01  1.0000e+00
 6.5198e+00  9.6064e-01 -6.0931e-01  4.5198e+01  8.1184e+00 -4.8812e+00  4.6180e+01  1.0000e+00
-2.0139e-01  1.1406e-01  2.6333e-01  3.6580e+00  1.0392e+01  8.0182e+00  1.3626e+01  1.0000e+00
-2.6820e-01  1.9103e-01 -2.6685e-01  8.0372e+00 -1.6974e+00 -8.5259e-01  8.2586e+00  1.0000e+00
-2.5582e-01  1.0778e-01 -7.6757e-02 -1.0742e+01 -2.1116e+01  2.0004e+00  2.3776e+01  1.0000e+00
-2.5651e-01  1.1250e+00 -3.3878e-01 -6.2523e+00  1.1359e+01 -5.1919e+00  1.3967e+01  1.0000e+00
-1.8079e-02  2.1481e-01 -3.8835e-02  6.9952e+00  1.7902e+00 -1.5508e+01  1.7107e+01  1.0000e+00
-2.9091e-01  5.0384e-01  1.6073e-01 -1.1966e+01  1.4805e+01 -9.2402e+00  2.1160e+01  1.0000e+00
-1.5572e-01  3.3832e-01  1.9497e-01 -7.5938e+00 -3.3126e+00  2.5667e+01  2.6971e+01  1.0000e+00
-3.0218e+00  2.6504e+00 -6.4658e-01 -1.8713e+01  1.5741e+01 -2.6646e+00  2.4598e+01  1.0000e+00
 6.8253e-02  5.3424e-01 -1.0126e-01 -2.4390e+00  4.9286e+00 -8.0637e+00  9.7603e+00  1.0000e+00
-3.4274e+00 -9.6424e-01  8.1866e-02 -1.9027e+01 -6.0649e+00 -3.8872e-01  1.9974e+01  1.0000e+00
 1.7901e-01  4.8221e-01  5.9316e-01 -1.3844e+00  7.8022e+00 -4.3383e+00  9.0339e+00  1.0000e+00
-1.9723e-02  6.1371e-01 -1.0761e-01 -9.6653e-01 -1.1297e+01 -4.8784e+00  1.2343e+01  1.0000e+00
-2.6050e-01  2.6685e-01  1.6845e-01  4.7808e+00  1.1980e+01 -2.1250e+01  2.4858e+01  1.0000e+00
-1.5396e-01  3.2358e-01  1.8436e-02 -7.1893e+00  2.2255e+01  4.2953e+00  2.3779e+01  1.0000e+00
 2.0760e+00 -5.2585e+00 -2.5200e+00  1.4485e+01 -3.5546e+01 -1.7112e+01  4.2025e+01  1.0000e+00
-4.6503e+00 -9.8430e-01  4.1918e+00 -3.2487e+01 -5.6015e+00  2.9283e+01  4.4093e+01  1.0000e+00
 2.1439e-01  7.9925e-01  3.8366e-01  9.1881e+00 -1.5165e+00  6.4322e+00  1.1318e+01  1.0000e+00
-1.0188e+00 -9.2571e-01 -2.1313e+00 -5.4522e+00 -3.0061e+00 -8.1459e+00  1.0253e+01  1.0000e+00
 1.8072e+00 -1.0627e+00  2.5748e-01  3.7852e+00 -5.3207e+00  2.0588e+00  6.8466e+00  1.0000e+00
-1.5509e-01  2.4278e-01  1.5171e-01  7.9144e+00  1.7081e+00  2.7342e+00  8.5458e+00  1.0000e+00
-5.4437e-01 -4.1311e+00 -2.8441e+00 -3.6208e+00 -2.9051e+01 -2.0465e+01  3.5720e+01  1.0000e+00
-1.0842e+00  1.9543e+00 -1.8821e+00 -5.7602e+00  9.6460e+00 -7.5775e+00  1.3552e+01  1.0000e+00
 2.6609e-01  1.2552e-01  4.7164e-01  1.7098e+01  4.7680e-01  7.6172e+00  1.8724e+01  1.0000e+00
 1.2606e+00  7.1580e-01  1.1641e-02 -4.0614e+00  1.9226e+00 -2.3119e-01  4.4994e+00  1.0000e+00
-4.4478e-01 -7.4499e-01  3.7253e-01 -5.3170e+00 -5.9818e+00  3.9770e+00  8.9369e+00  1.0000e+00
-9.8652e-01  4.2852e+00 -1.8799e+00 -5.5658e+00  2.7220e+01 -1.1477e+01  3.0060e+01  1.0000e+00
 1.6162e+00  2.4199e-01 -5.9387e-01 -5.1686e-01  3.7974e+00 -2.2695e+00  4.4540e+00  1.0000e+00
-3.0410e-01  5.9272e-01  6.2180e+00  1.8387e+00  5.3359e+00  3.0079e+01  3.0604e+01  1.0000e+00
-2.1628e-01 -1.5572e+00 -1.6453e-01 -1.3671e+00 -2.2936e-01  1.4324e+00  1.9934e+00  1.0000e+00
-2.2910e-01  3.4943e-01  1.2713e-01 -1.5617e+01 -1.5050e+01 -6.5579e-01  2.1698e+01  1.0000e+00
-9.7148e-02  3.7343e-01 -9.3216e-03  1.5411e+00  3.6659e+00 -5.5398e+00  6.8194e+00  1.0000e+00
 3.7187e-01  2.1303e-01 -3.9021e-01  2.6223e+00 -6.2620e+00  5.0833e+00  8.4811e+00  1.0000e+00
 1.5052e+00  3.2175e+00  1.8643e+00  1.0598e+01  2.1364e+01  1.1243e+01  2.6365e+01  1.0000e+00
-3.0139e-01  3.5290e-01  1.8584e-01  1.2584e+01  1.8309e+01 -1.3149e+01  2.5816e+01  1.0000e+00
-1.3776e-01  7.1414e-01  2.5621e-01 -5.0304e+00  3.0090e+01  3.6499e+00  3.0726e+01  1.0000e+00
-2.7010e-01  3.8926e-01  2.7421e-01 -4.1988e+00 -1.8847e+01  1.6155e+01  2.5176e+01  1.0000e+00
-1.2709e-01 -4.2908e-02  6.4271e-02 -1.4064e+01  3.2882e+00 -7.2773e+00  1.6173e+01  1.0000e+00
-1.7920e-01  3.5476e-01  7.2276e-02 -2.3860e+01  9.1291e+00 -1.4799e+01  2.9524e+01  1.0000e+00
-1.1626e-01  2.1556e-01  4.5585e-02  2.7172e+01  6.3758e+00 -2.8993e+00  2.8060e+01  1.0000e+00
 2.8287e+00 -2.1546e+00 -4.9307e-01  1.6411e+01 -1.1953e+01 -1.7376e+00  2.0377e+01  1.0000e+00
-3.3057e-01  1.4872e-01 -7.9331e-02  2.2608e-01  1.1640e+01 -5.7274e+00  1.2975e+01  1.0000e+00
 5.5895e+00 -9.0983e+00  5.6868e+00  2.5425e+01 -5.0696e+01  3.2659e+01  6.5446e+01  1.0000e+00
 1.8870e-01 -6.2759e-01 -1.7580e+00  1.9241e-01 -7.0231e+00  2.2433e+00  7.3752e+00  1.0000e+00
 4.9861e-01 -2.2257e+00 -6.2521e+00  2.8126e+00 -1.4976e+01 -4.3024e+01  4.5643e+01  1.0000e+00
-1.4742e+00 -2.5446e+00 -4.3144e+00 -1.2219e+01 -1.7032e+01 -2.9409e+01  3.6114e+01  1.0000e+00
-3.8311e-01 -4.6343e+00  5.0969e-01 -2.1563e+00 -3.1578e+01  3.3998e+00  3.1833e+01  1.0000e+00
-6.0194e+00 -3.1908e+00 -1.6195e+00 -4.3445e+01 -2.1690e+01 -1.1253e+01  4.9845e+01  1.0000e+00
-1.4074e-01  1.9705e-01  1.0269e-01 -1.0714e+00 -2.3434e+01  9.3789e-01  2.3477e+01  1.0000e+00
-4.9862e+00 -1.2501e+00 -1.0224e+00 -3.5193e+01 -8.6213e+00 -6.1413e+00  3.6750e+01  1.0000e+00
 6.0658e-01  6.7739e-02  4.2436e-01  1.0236e+01 -7.5146e-01  1.3754e+01  1.7161e+01  1.0000e+00
-1.2419e-02  4.7998e-01  2.4706e-01  8.2322e+00  2.5722e+00 -8.6142e+00  1.2190e+01  1.0000e+00
-7.7212e-01 -1.9153e-01 -1.8098e+00 -6.6516e+00  5.4863e-02 -2.2914e+01  2.3860e+01  1.0000e+00
 9.2686e-01 -2.0355e-01  9.2515e-01  9.5478e+00  4.9110e+00 -7.4247e-01  1.0762e+01  1.0000e+00
-2.1275e-01  4.5968e-01  9.2700e-02 -3.6251e+00 -3.4098e+00 -4.2054e+00  6.5156e+00  1.0000e+00
