# limit = 5.37594
#
# x           y           z           vx          vy          vz          s           m
 7.8003e-01 -1.5712e+00 -1.3669e+00 -1.5068e+00 -5.9527e+00  1.1339e+00  6.2443e+00  1.0000e+00
-2.6815e-01  3.1304e-01 -1.8507e-05 -1.4231e+01 -1.7874e+00  1.9782e+01  2.4434e+01  1.0000e+00
 5.5082e+00  7.7375e-02  1.0685e+00  3.5782e+01  1.6381e+00  7.0599e+00  3.6508e+01  1.0000e+00
-2.5110e-01  2.4763e-01  2.0486e-01 -1.3770e+01  1.3527e+01  1.8156e+01  2.6500e+01  1.0000e+00
-4.4832e+00  1.7816e+00  2.8222e+00 -3.0599e+01  1.1424e+01  1.8160e+01  3.7371e+01  1.0000e+00
 1.8885e+00 -7.5760e-01  5.6203e+00  1.3241e+01 -4.1102e+00  3.7632e+01  4.0104e+01  1.0000e+00
 4.3983e-01 -4.5757e+00 -3.2958e+00  2.1281e+00 -3.0895e+01 -2.1098e+01  3.7473e+01  1.0000e+00
-4.2267e-01  1.3386e+00  6.2524e-01 -2.8949e+00  1.0855e+01  7.0900e+00  1.3284e+01  1.0000e+00
-7.7564e+00  5.5734e+00  1.6665e+01 -4.5601e+01  3.3428e+01  1.0476e+02  1.1905e+02  1.0000e+00
-4.1476e-01  3.3400e-01  4.2483e-02 -5.7803e+00 -9.8825e+00 -1.0011e+01  1.5208e+01  1.0000e+00
 1.6864e+00  1.7615e+00  1.3651e+00  6.5726e+00  8.7435e+00  5.3511e+00  1.2177e+01  1.0000e+00
 4.3830e-02  1.3259e-01  5.3671e-02  1.9616e-01 -1.0558e+01 -1.1323e+00  1.0620e+01  1.0000e+00
 7.8109e-01  8.7212e-01  1.4294e+00  1.6372e+00 -1.6659e+00  2.7707e+00  3.6239e+00  1.0000e+00
 1.1627e+00  8.6490e-02 -4.6211e-01  1.8355e+01  2.4330e+00 -4.2520e+00  1.8997e+01  1.0000e+00
-2.4782e-01  3.3028e-01  1.2099e-01  1.1564e+01  6.4919e+00  3.4752e+01  3.7197e+01  1.0000e+00
-2.2125e+00 -1.3033e-01 -2.2057e+00 -1.4090e+01 -2.7656e+00 -1.0025e+01  1.7513e+01  1.0000e+00
 3.3060e+00 -3.4331e+00 -3.8367e+00  2.1915e+01 -2.2826e+01 -2.6341e+01  4.1172e+01  1.0000e+00
-6.4699e-02  2.0146e-01  4.3922e-03 -1.0756e+01  2.1296e+00  1.0939e+01  1.5488e+01  1.0000e+00
 4.5884e-02  3.4612e-01 -9.5706e-02 -2.5028e+00 -9.8042e+00 -1.3049e+01  1.6512e+01  1.0000e+00
 1.1642e+01  9.8499e+00 -4.4222e+00  7.3600e+01  5.9039e+01 -2.5269e+01  9.7679e+01  1.0000e+00
-1.0838e-01  4.2390e-01  9.5946e-03 -4.8731e+00  1.4723e+01 -2.3687e+01  2.8312e+01  1.0000e+00
-1.3527e-01  4.9474e-01 -2.5270e-02  4.4627e+00  2.1226e+01 -1.5488e+01  2.6652e+01  1.0000e+00
-1.6580e-01  3.7637e-01  3.4267e-03 -3.1978e+00  1.3452e+01  1.1633e+01  1.8070e+01  1.0000e+00
-2.4231e+00  4.4078e+00 -4.6116e+00 -1.6292e+01  3.1261e+01 -3.1280e+01  4.7129e+01  1.0000e+00
-1.1770e-01  5.2687e+00 -2.3790e+00 -1.1616e+00  3.5295e+01 -1.5566e+01  3.8593e+01  1.0000e+00
-1.0619e+00  2.8200e-01 -2.5713e+00 -1.0394e+01  6.2596e+00 -1.5290e+01  1.9519e+01  1.0000e+00
 1.9579e+00 -4.0997e+00  8.9641e-01  1.0932e+01 -2.8172e+01  5.2356e+00  3.0668e+01  1.0000e+00
 9.3324e+00 -2.3591e+00 -8.9883e+00  7.5440e+01 -1.9884e+01 -7.2804e+01  1.0671e+02  1.0000e+00
 2.6740e-01 -6.1193e+00 -8.0798e+00  2.1928e+00 -4.2484e+01 -5.6024e+01  7.0345e+01  1.0000e+00
-2.7435e-01  2.5578e-01  3.2674e-01  1.8142e+01  9.4458e+00 -2.7650e+00  2.0640e+01  1.0000e+00
-1.7280e-01  1.2526e-01  1.1153e-02 -1.7379e+00 -2.5591e+00  5.9605e+00  6.7154e+00  1.0000e+00
-3.5721e-02  3.6630e-01  4.2639e-02 -7.1861e+00 -1.4002e+01 -5.8365e+00  1.6786e+01  1.0000e+00
-8.1357e-02  3.5360e-01 -1.4638e-01 -1.2143e+01 -1.5251e+00  2.2781e+01  2.5860e+01  1.0000e+00
-9.6459e-02  3.3782e-01  2.3969e-02  1.3881e+00 -8.9302e+00  8.2696e+00  1.2250e+01  1.0000e+00
-5.8328e-02  3.2799e-01  3.7528e-02 -1.3289e+01 -6.4231e+00 -2.0104e+01  2.4941e+01  1.0000e+00
-5.2248e-01  3.4793e-01  2.1207e-02 -7.3984e+00 -2.9521e+00  1.7572e+01  1.9293e+01  1.0000e+00
 1.4501e+00  3.5483e-02 -4.1852e-01 -4.3083e+00 -3.6676e+00  4.6210e+00  7.3053e+00  1.0000e+00
-4.4781e+00  8.5641e+00 -1.1195e+01 -2.8613e+01  5.4841e+01 -6.8150e+01  9.2036e+01  1.0000e+00
-2.7313e-02  4.0154e-01  4.4413e-01 -8.1677e+00 -2.9329e-01 -2.4174e+01  2.5518e+01  1.0000e+00
 3.4905e+00 -8.9356e-01  2.8875e+00  2.1369e+01 -4.5100e+00  1.7998e+01  2.8301e+01  1.0000e+00
 2.4045e+00  2.1086e+00 -8.5425e-02  1.2701e+01  1.1677e+01  2.0125e+00  1.7370e+01  1.0000e+00
-4.1031e-01  3.0016e-01 -6.8026e-01 -1.0004e+01  3.9084e+00 -1.3770e+00  1.0828e+01  1.0000e+00
 1.3659e-01 -8.9576e-02  2.1549e-01 -1.0385e+01  8.5972e-01  5.3007e+00  1.1691e+01  1.0000e+00
 5.8880e-01 -1.9453e+00  6.0448e+00  4.3504e+00 -1.2448e+01  4.0914e+01  4.2987e+01  1.0000e+00
 5.6905e+00  2.7820e+00  4.2138e-01  3.9839e+01  1.9395e+01  3.2301e+00  4.4427e+01  1.0000e+00
 1.3530e-01 -3.9684e+00  5.0184e-01  3.1918e+00 -2.6046e+01  4.6703e+00  2.6653e+01  1.0000e+00
-3.0971e-01  3.2911e-01 -4.2967e-02  3.2087e+00 -5.4605e+00 -1.0384e+01  1.2163e+01  1.0000e+00
 1.2901e+00 -1.7608e+00 -5.4876e-01  7.0193e+00 -5.0061e+00 -1.4475e-01  8.6228e+00  1.0000e+00
 3.2152e+00 -1.1952e+00  1.3470e+00  1.8197e+01 -7.1692e+00  7.8862e+00  2.1089e+01  1.0000e+00
 4.0613e-03  2.6076e-01 -2.7796e-02 -2.5069e+01  1.5667e+01 -2.9648e+01  4.1868e+01  1.0000e+00
-1.1383e-01  2.8498e-01  4.5369e-02 -2.3501e+01  8.7491e+00  3.8888e+01  4.6272e+01  1.0000e+00
-6.0220e-02  3.5827e-01  9.0762e-02 -4.0781e+00  1.2367e+01  3.2091e+01  3.4632e+01  1.0000e+00
-1.2477e+00 -1.8708e+00  1.8351e+00 -5.5890e+00 -9.5748e+00  9.1557e+00  1.4379e+01  1.0000e+00
-1.5593e-01  2.7987e-01  7.9935e-02 -3.4199e+01  2.6813e+01  1.0043e+01  4.4603e+01  1.0000e+00
-1.5200e-01  2.1141e-01  4.0999e-01  1.2130e+01 -1.1742e+01  6.0638e+00  1.7939e+01  1.0000e+00
-2.2794e-01  2.3516e-01  2.8820e-01  2.5646e+01  3.7765e+00  1.6052e+01  3.0490e+01  1.0000e+00
-1.4624e-01  4.4475e-01 -2.5227e-01  7.6750e-01  2.0680e-01 -8.4181e-01  1.1578e+00  1.0000e+00
-2.2736e-01  3.8318e-01  8.2079e-02 -2.9733e+01  1.1736e+01  1.7125e+01  3.6263e+01  1.0000e+00
-3.6078e-02  1.3835e-01 -4.4884e-02 -1.8589e+01  1.1554e+01  1.2393e+01  2.5152e+01  1.0000e+00
 1.6559e+00 -7.0954e-01  4.4604e+00  9.6268e+00 -5.6100e+00  2.9642e+01  3.1667e+01  1.0000e+00
-5.9703e-02  3.3911e-01  6.6242e-02 -3.5486e+01 -1.4661e+00  9.5411e-01  3.5529e+01  1.0000e+00
-7.5577e-02  5.3740e-01 -1.4244e-01 -6.1998e+00  9.6180e+00  1.0598e+01  1.5597e+01  1.0000e+00
 1.8766e+00  1.1524e-01 -9.1540e-01  2.3319e+01  2.1541e+00 -1.1562e+01  2.6117e+01  1.0000e+00
 2.5083e-02  3.0572e-01  4.7452e-02  1.5226e+01 -5.6433e+00  7.7984e-01  1.6257e+01  1.0000e+00
 1.9149e+00 -5.5111e-01  5.7422e-01  4.3581e+00 -1.6702e+00  1.9461e+00  5.0567e+00  1.0000e+00
-1.0037e-01  1.7306e-01 -2.1654e-01 -4.6897e+00  5.0864e+00 -1.1368e+01  1.3308e+01  1.0000e+00
-3.1833e-01  2.4127e-01  1.2877e-02 -1.0164e+01 -7.9339e+00  1.8269e+01  2.2361e+01  1.0000e+00
-3.8099e-01  1.7577e-01  1.5886e-02 -2.1846e+01  8.3620e+00 -8.6202e+00  2.4929e+01  1.0000e+00
 1.7170e-03  2.9697e-01 -8.6219e-02  1.5652e+00  3.4150e+00  2.3960e+01  2.4253e+01  1.0000e+00
 1.9148e-01 -9.1695e-02  2.7272e-01  4.1708e+00 -1.5367e+01  1.6519e-01  1.5924e+01  1.0000e+00
 5.2496e+00  6.8724e-01  1.0154e+00  3.5404e+01  3.9374e+00  6.3241e+00  3.6179e+01  1.0000e+00
-1.1202e-01  3.8177e-01  2.6620e-02  1.2042e+00  1.2993e+00  5.2269e+00  5.5190e+00  1.0000e+00
-8.4767e-02  1.0628e-01  1.3933e-01 -7.3638e+00  3.1654e+01 -1.1209e+01  3.4378e+01  1.0000e+00
 1.2755e-01  1.1509e-01 -1.5061e-01  1.9065e+01 -1.9586e+00 -1.5251e+01  2.4493e+01  1.0000e+00
-3.8511e-01  3.4529e-01  1.7353e-01 -2.3181e+01 -9.4432e+00  1.4822e+01  2.9090e+01  1.0000e+00
-1.1197e-01  1.8716e-01  2.4286e-01 -9.4028e+00  1.0054e+01  3.3328e+00  1.4163e+01  1.0000e+00
-2.4756e-01  1.6298e-01  2.1070e-01 -2.1093e+00  2.0176e+01  1.2917e+01  2.4050e+01  1.0000e+00
 6.7055e-02 -3.2953e-01 -2.4932e-01 -5.3464e+00  1.0827e+01  1.3972e+01  1.8467e+01  1.0000e+00
 6.0990e+00 -3.0754e+00 -7.3807e-01  4.2481e+01 -2.0093e+01 -4.8797e+00  4.7246e+01  1.0000e+00
-3.8153e+00 -2.4710e+00 -1.6031e+00 -2.4875e+01 -1.5284e+01 -9.3334e+00  3.0651e+01  1.0000e+00
-2.9643e-01  2.1309e-01  8.5868e-02 -1.0325e+00  2.1448e+01 -2.0242e+01  2.9510e+01  1.0000e+00
 2.5802e-01  3.6574e-01  3.1586e-01  4.3383e+01  9.2339e+00  2.7425e+01  5.2149e+01  1.0000e+00
 1.1998e+00 -6.1471e-01 -9.9563e-01  4.2150e+00 -1.8557e+00 -1.8575e+00  4.9659e+00  1.0000e+00
 1.9190e+00  1.3100e+00  2.2961e+00  9.1463e+00  8.3611e+00  1.1734e+01  1.7066e+01  1.0000e+00
-9.6478e-02  3.2535e-01  2.2737e-01 -1.9479e+01 -3.8409e+00 -1.5588e+01  2.5242e+01  1.0000e+00
-3.9710e-01  3.3838e-01  6.3911e-02  1.2319e+00  4.8408e+00  3.7438e+00  6.2423e+00  1.0000e+00
-1.3072e-01  2.8684e-01  1.6920e-01  3.1352e+01 -2.6825e+01  9.9576e+00  4.2446e+01  1.0000e+00
 1.4475e+00 -9.6403e-01  1.4077e+00  7.4461e+00 -1.5157e+00  5.9652e+00  9.6605e+00  1.0000e+00
 4.5618e-02  1.4367e-01  2.4180e-01 -4.8455e+00 -8.8552e+00 -1.0205e+01  1.4354e+01  1.0000e+00
-3.7750e-01  2.2929e-01  1.5578e-01 -9.8483e+00 -2.0412e+01 -5.9391e+00  2.3428e+01  1.0000e+00
 1.4921e+00 -9.9881e-01  1.2961e+00  5.8775e+00 -4.6685e+00  6.0897e+00  9.6657e+00  1.0000e+00
-1.4315e-01  2.3577e-01  1.4108e-01  6.2851e+00  3.4901e+00 -2.8529e+01  2.9421e+01  1.0000e+00
-3.1381e-01  5.0960e-01  4.6667e-02 -1.8412e+01  1.7699e+01 -7.2353e+00  2.6545e+01  1.0000e+00
-1.7605e-01  2.3618e-01  1.0734e-01 -5.2361e+00  1.9721e+00  3.2809e+01  3.3283e+01  1.0000e+00
-8.9546e-01  1.3505e+00  1.6362e-01  1.6679e+00 -3.5142e+00  2.6783e+00  4.7228e+00  1.0000e+00
-6.6943e-02  3.3151e-01  7.6420e-02 -2.1531e+01  1.2754e+01  7.6161e+00  2.6159e+01  1.0000e+00
-1.3131e-01  6.5162e-02  7.7987e-02 -5.4443e+00 -1.1096e+01  1.4871e+01  1.9337e+01  1.0000e+00
-2.1064e+00 -3.1684e+00 -3.5208e+00 -1.3779e+01 -1.9967e+01 -2.2419e+01  3.3032e+01  1.0000e+00
 5.1767e-01 -1.1883e+00 -5.1424e+00  3.0638e+00 -5.8634e+00 -2.5264e+01  2.6116e+01  1.0000e+00
-4.4804e-01  1.9605e+00 -1.1619e+00  4.6937e+00  1.1663e+01 -6.7229e+00  1.4257e+01  1.0000e+00
-1.2440e-01  1.9521e-01  6.5202e-02 -3.3883e+00  1.5143e+01  2.3545e+01  2.8199e+01  1.0000e+00
-6.4133e-02  9.5894e-03  4.6699e-02  6.2243e+00 -3.1351e+00 -1.0328e+01  1.2460e+01  1.0000e+00
 1.5976e+00 -1.0709e+00 -1.8864e-01  4.9903e+00 -1.0524e+00 -1.0482e+00  5.2066e+00  1.0000e+00
 9.9109e-01 -3.1847e-01  3.5368e-01 -3.5627e+00  6.0798e+00 -1.5889e+00  7.2237e+00  1.0000e+00
 5.2706e+00  1.8400e+00 -1.0114e-01  3.4736e+01  1.3740e+01 -1.0588e+00  3.7370e+01  1.0000e+00
-1.8253e-01  2.7091e-01  1.4661e-01  1.8894e+01 -1.6653e+01  1.6654e+01  3.0193e+01  1.0000e+00
 3.9092e+00  1.7666e-01  4.3895e+00  2.5774e+01  1.5744e+00  2.8926e+01  3.8775e+01  1.0000e+00
-3.3256e-01  3.4009e-01  3.9451e-01  5.0124e+00  1.0646e+00  4.3528e+00  6.7234e+00  1.0000e+00
 3.7134e-01 -1.1269e-01  5.4017e-02 -3.7509e+00 -1.1796e+01  9.3365e+00  1.5504e+01  1.0000e+00
-6.1706e+00  1.1872e+00  1.3763e+00 -4.2367e+01  9.2103e+00  9.7023e+00  4.4429e+01  1.0000e+00
-6.8989e-01  1.9765e+00 -2.4271e-02 -3.5030e+00  2.5913e+00  3.2296e+00  5.4237e+00  1.0000e+00
 1.4142e+00 -2.3324e+00  4.1051e+00  8.2437e+00 -1.4498e+01  2.6640e+01  3.1430e+01  1.0000e+00
 1.6867e+00 -1.6595e+00  3.4475e+00  9.6960e+00 -1.0175e+01  2.1169e+01  2.5410e+01  1.0000e+00
 2.8865e+00 -3.3690e+00 -1.3226e+00  1.7282e+01 -2.0815e+01 -7.4709e+00  2.8067e+01  1.0000e+00
 1.9974e+00 -1.3671e+00  4.8867e-01  7.7014e+00 -2.9536e+00  1.0766e+00  8.3183e+00  1.0000e+00
-4.1532e-01  3.1577e-01  1.1748e-01 -1.3151e+00  1.1386e+01 -1.8876e+01  2.2083e+01  1.0000e+00
-1.1816e-01  2.2426e-01  6.3107e-02  3.0267e+01  1.9051e+01 -2.0547e+01  4.1246e+01  1.0000e+00
-2.6630e-01  3.7956e-01  1.4915e-01  2.7982e+01  5.9904e+00  7.1934e+00  2.9506e+01  1.0000e+00
 3.3642e-02  4.5396e-02  4.9262e-02 -4.0211e+00  3.9334e+00  3.7059e+00  6.7360e+00  1.0000e+00
-4.7272e-01  3.7787e-01  6.3423e-02 -4.9508e+00  7.0240e+00 -9.8465e+00  1.3069e+01  1.0000e+00
-2.0369e-01  4.2890e-01  3.3553e-01 -1.7929e+01  7.2989e+00 -8.0129e+00  2.0950e+01  1.0000e+00
-6.4846e-01 -1.3104e-01  1.4981e-01 -4.2084e+00 -1.8274e+00  1.1675e+00  4.7343e+00  1.0000e+00
-8.0066e+00  3.2485e+00  2.8914e+00 -5.5523e+01  2.3220e+01  2.1416e+01  6.3880e+01  1.0000e+00
-2.8990e-01  4.9750e-01  1.9110e-01 -4.8073e+00 -2.1906e+00 -6.5294e+00  8.3989e+00  1.0000e+00
 6.4696e-03  2.8782e-01  2.5798e-03 -1.3804e+01 -7.0451e+00 -1.9281e+01  2.4738e+01  1.0000e+00
-7.0629e-01  3.1942e-01  2.0009e-01 -1.0047e+00  7.9028e+00 -6.5592e+00  1.0319e+01  1.0000e+00
 3.1226e+00 -2.8393e+00 -1.2854e+00  2.1151e+01 -1.7296e+01 -6.6746e+00  2.8126e+01  1.0000e+00
-8.3929e-02  3.0746e-01  2.2620e-01 -1.2632e+01  1.9607e+01  2.2960e+01  3.2728e+01  1.0000e+00
 2.1755e+00 -1.9419e+00  4.4883e+00  1.3812e+01 -1.1739e+01  3.0865e+01  3.5794e+01  1.0000e+00
-1.0361e-01  2.6903e-01  1.7751e-01  1.3055e+01  1.9700e+01 -1.4095e+01  2.7517e+01  1.0000e+00
-6.6087e-01 -1.0120e+00 -4.0732e+00 -5.4964e+00 -5.5707e+00 -2.4740e+01  2.5948e+01  1.0000e+00
 1.7362e+00 -1.0500e+00  7.1215e-01  3.3861e+00 -3.3534e+00  3.4569e+00  5.8874e+00  1.0000e+00
-2.5120e-01  1.8578e-01  2.1164e-01  1.6419e-01 -1.6947e+01 -5.9618e+00  1.7966e+01  1.0000e+00
-1.8002e-01  4.4137e-01  2.2444e-01 -1.0034e+01 -1.1843e+01 -2.6195e+01  3.0449e+01  1.0000e+00
-8.5398e-01  9.1191e-01  1.4675e-01 -1.4077e+01  5.0026e+00  3.0253e+00  1.5242e+01  1.0000e+00
-2.5525e-01  1.3613e+00 -1.9639e-01  2.0329e+00 -3.8486e+00 -9.7170e+00  1.0647e+01  1.0000e+00
 6.6638e-03 -2.7387e-01 -1.0316e-02 -1.1661e+00  8.6872e+00  3.3544e+00  9.3851e+00  1.0000e+00
-2.5062e-01  2.5550e-01 -1.9637e-01  1.7377e+01  9.3996e+00  5.3834e+00  2.0477e+01  1.0000e+00
 2.1201e+00 -1.4140e+00  3.2835e-01  7.6780e+00 -4.7938e+00  5.2080e+00  1.0443e+01  1.0000e+00
-6.4568e-01 -1.7006e+00  4.1910e+00 -4.4789e+00 -1.2398e+01  2.7706e+01  3.0683e+01  1.0000e+00
-8.0074e-01  3.0089e-01 -1.9005e-01 -1.4702e+00  3.2119e+00  1.2322e-01  3.5346e+00  1.0000e+00
-2.9660e-02  4.6234e-01 -1.3506e-01  2.5492e+00 -6.9175e+00 -2.2280e+01  2.3468e+01  1.0000e+00
-6.0216e+00  6.5928e-01 -1.9466e+00 -3.6813e+01  8.7699e+00 -9.8230e+00  3.9098e+01  1.0000e+00
-4.6920e-01  1.7841e-01  2.4680e-01  8.8530e+00 -1.0289e+00  1.7095e+01  1.9279e+01  1.0000e+00
-7.0745e-02  2.6678e-01  8.9524e-03 -1.4011e+01  3.9556e+00  2.4071e+01  2.8132e+01  1.0000e+00
-2.9548e-01  1.7047e-01  1.8049e-01 -3.0907e+01  2.5300e+00  7.9563e+00  3.2015e+01  1.0000e+00
-1.9745e+00 -8.4878e+00 -9.1056e+00 -1.5016e+01 -4.4987e+01 -5.2508e+01  7.0756e+01  1.0000e+00
 5.3944e+00 -4.7988e+00  1.3830e+00  3.6197e+01 -3.1930e+01  8.9501e+00  4.9090e+01  1.0000e+00
-3.5006e-01  6.2294e-02  6.4322e-01  4.6792e+00  8.2990e+00 -7.1145e+00  1.1891e+01  1.0000e+00
 7.4517e-01 -4.1907e-01 -1.7021e+00  2.5115e+00  5.4380e-01 -3.2566e+00  4.1483e+00  1.0000e+00
-6.3488e-02  3.5787e-01 -4.3227e-02  4.5126e-01 -1.5234e+01  1.5794e+01  2.1949e+01  1.0000e+00
 5.3705e-01 -9.8365e-01 -1.6218e+00  3.4021e+00 -4.8140e-01 -4.6091e+00  5.7489e+00  1.0000e+00
-7.9759e-01  1.0852e+00  2.3327e-01 -2.8351e+00  4.5460e+00 -5.8672e+00  7.9453e+00  1.0000e+00
-4.1940e-01  3.9367e-01  1.7765e-01 -1.2916e+01  1.7938e+01  1.1861e+01  2.5085e+01  1.0000e+00
-2.9853e+00  4.4804e+00 -2.5464e+00 -1.9963e+01  3.1531e+01 -1.6521e+01  4.0812e+01  1.0000e+00
-2.9893e-01  1.8464e-01  1.8778e-01  6.9869e+00 -9.9943e+00  1.0536e+01  1.6116e+01  1.0000e+00
-1.2595e+00  2.8058e-01 -6.5778e-01 -7.6601e+00  7.9561e-01  8.1971e-01  7.7448e+00  1.0000e+00
-2.0639e-01  1.6054e-01  2.3185e-01 -2.0887e+01  1.2309e+00  3.0881e+00  2.1150e+01  1.0000e+00
-8.3948e-02  2.5268e-01 -1.6089e-01 -1.6717e+01  1.1786e+00  1.4209e+00  1.6819e+01  1.0000e+00
-1.1725e-01  2.2005e-01  3.0861e-01  2.2563e+01  5.3339e+00  8.4789e+00  2.4686e+01  1.0000e+00
-1.1374e-01  2.4721e-01  4.9358e-02  2.6231e+00 -1.6462e+01 -9.9450e+00  1.9411e+01  1.0000e+00
-3.3317e-01  7.6223e-01  3.0305e-01 -2.7866e+00 -6.1926e-01 -9.0231e+00  9.4639e+00  1.0000e+00
-1.1226e-01  2.8620e-01  1.4983e-01 -1.8397e+01  8.4145e+00  1.5524e+01  2.5500e+01  1.0000e+00
 6.4381e-03  3.5655e-01  8.9663e-02  1.2430e+01 -2.5773e+01  1.7455e+00  2.8667e+01  1.0000e+00
-3.8031e-01  2.0348e-01  2.7234e-01  5.6087e+00 -4.8498e+00 -1.5969e+01  1.7607e+01  1.0000e+00
 1.5461e+00 -2.5655e+00  3.9394e+00  9.6704e+00 -1.4841e+01  2.6348e+01  3.1749e+01  1.0000e+00
-1.6643e-01  5.8138e-01 -2.0816e-01 -6.9220e+00 -6.2204e+00  5.4399e+00  1.0780e+01  1.0000e+00
 1.0632e+01 -7.3423e+00 -1.5407e+01  6.9308e+01 -4.7298e+01 -9.5508e+01  1.2713e+02  1.0000e+00
-2.5000e-01  3.4372e-01 -1.8029e-02 -3.9291e+00 -1.6364e+01  6.0241e+00  1.7875e+01  1.0000e+00
-8.2986e-01  1.1841e+00  1.6090e+00 -5.1052e+00  1.0078e+01  9.0330e+00  1.4465e+01  1.0000e+00
 2.7406e+00 -1.2278e+00 -9.4409e-01  2.0481e+01 -5.1392e+00 -4.0182e+00  2.1495e+01  1.0000e+00
-2.2874e-01  3.9853e-01  1.6842e-01 -1.2605e+01 -2.4369e+00  5.3489e+00  1.3908e+01  1.0000e+00
 7.7030e-01  1.5693e-01 -2.9327e-01 -7.7588e+00  9.8163e+00 -1.2880e+00  1.2578e+01  1.0000e+00
-1.8608e-03  3.1561e-01 -3.0374e-01  1.5606e+01  1.5486e+01 -5.2877e+00  2.2612e+01  1.0000e+00
 1.0293e-01  2.5934e-01  1.3387e-01  5.2031e+00 -3.1037e+00  7.9349e+00  9.9834e+00  1.0000e+00
-2.5281e-01  4.8351e-01  1.5059e-01 -6.7439e-01 -5.9916e+00 -3.5730e+00  7.0086e+00  1.0000e+00
-9.0244e-01  1.1034e+00 -4.4080e-01  2.0747e+00 -2.6493e+00  5.7969e+00  6.7028e+00  1.0000e+00
 5.7866e-02  2.5836e-01 -1.4718e-01 -1.8480e+00  1.7276e+01  1.2164e+01  2.1210e+01  1.0000e+00
 7.7294e-01  4.9155e-01  4.2049e-01 -5.4155e+00 -3.2438e+00 -8.0051e+00  1.0195e+01  1.0000e+00
 2.8759e-01 -2.2218e+00  4.0063e+00  1.5103e+00 -1.4325e+01  2.5039e+01  2.8886e+01  1.0000e+00
-2.4186e-02  3.4414e-01  1.1638e-01 -1.8222e+01  2.0800e+01 -1.8052e+01  3.3023e+01  1.0000e+00
-3.7596e-01  1.5529e-01 -8.1737e-02  1.8654e-01 -1.8164e+01  3.4279e+00  1.8486e+01  1.0000e+00
 2.4789e-01  3.6007e-01  2.4177e-01 -2.6673e+00 -3.0854e+00  1.2224e+00  4.2578e+00  1.0000e+00
-1.7612e-01  3.7011e-01  2.1176e-01 -1.6225e-01  2.0620e+01 -1.0762e+01  2.3260e+01  1.0000e+00
-6.7529e-01 -1.1708e-01  9.0399e-02 -1.1206e+01 -1.0606e+01  3.6193e+00  1.5848e+01  1.0000e+00
-3.9205e-01  3.8469e-02 -6.7086e-03 -1.8783e+01 -1.9420e+01 -5.9989e+00  2.7675e+01  1.0000e+00
-1.9659e-01  2.6074e-01  8.3641e-02  3.5445e-01 -3.8776e+01 -1.8013e+01  4.2757e+01  1.0000e+00
-3.7984e+00  3.1774e+00 -1.0809e+00 -2.4022e+01  2.0246e+01 -6.6714e+00  3.2116e+01  1.0000e+00
 2.0808e+00 -1.5922e+00 -6.3646e+00  1.4470e+01 -1.1365e+01 -4.4224e+01  4.7899e+01  1.0000e+00
-1.7967e-01  3.1978e-01 -1.8230e-01  1.0135e+01 -3.9584e+00 -3.5514e+00  1.1446e+01  1.0000e+00
-3.4683e-01 -4.4345e+00 -3.1685e+00 -5.3886e-01 -2.8693e+01 -2.0465e+01  3.5248e+01  1.0000e+00
-1.4706e+00  1.3645e+00 -6.1110e+00 -1.0813e+01  1.0267e+01 -4.1762e+01  4.4344e+01  1.0000e+00
 8.3651e-01 -3.9037e+00  1.5952e-02  5.0611e+00 -2.5593e+01  1.7518e-01  2.6089e+01  1.0000e+00
-3.6376e-01 -4.4658e-01  4.1286e-01 -2.1508e+00  9.5707e-01  1.0279e+00  2.5688e+00  1.0000e+00
-7.4436e-01 -8.3811e-01 -4.4161e+00 -4.9430e+00 -6.5391e+00 -2.7493e+01  2.8689e+01  1.0000e+00
-6.6615e-01 -6.3559e-01 -5.7182e-01  1.3534e+00  7.5991e+00  3.6091e+00  8.5208e+00  1.0000e+00
 1.3904e-02  3.1698e-01 -1.6624e-01 -1.7654e+00 -1.1587e+01  3.4196e+00  1.2209e+01  1.0000e+00
 9.3560e-01  1.0986e+00  1.4781e+00  2.0587e+01  1.1889e+01  2.8740e+01  3.7298e+01  1.0000e+00
-2.9721e-01  2.8190e-01  5.9150e-02  9.8147e+00  1.9734e+01  2.5921e+01  3.4025e+01  1.0000e+00
 2.4704e+00 -3.4439e+00 -1.3565e+00  1.6975e+01 -2.0729e+01 -8.4958e+00  2.8108e+01  1.0000e+00
-2.2604e-01  2.4458e-01  1.0537e-01  4.9265e+00  7.3023e+00 -2.5518e+01  2.6996e+01  1.0000e+00
-2.2605e-01  3.4435e-01  9.1382e-02  1.4933e+01  9.7613e+00 -1.6827e+01  2.4524e+01  1.0000e+00
-4.4769e+00 -2.0520e+00 -1.4877e+00 -2.9105e+01 -1.3032e+01 -8.9002e+00  3.3108e+01  1.0000e+00
 2.5860e+00  1.0996e+00  2.1224e+00  1.5539e+01  8.7670e+00  1.5927e+01  2.3917e+01  1.0000e+00
-1.0858e-01  2.4003e-01  1.8505e-01 -2.7549e+01  1.3910e+00  2.0478e+01  3.4354e+01  1.0000e+00
 1.6349e+00 -5.5895e+00 -4.3671e-01  1.1859e+01 -3.8301e+01 -3.0193e+00  4.0208e+01  1.0000e+00
-3.0371e-02  2.3372e-01  8.5336e-02  3.6516e+01 -5.1670e+00 -1.0520e+00  3.6895e+01  1.0000e+00
-7.0303e+00 -6.1191e-01  1.0413e+01 -5.7145e+01 -5.6022e+00  8.4301e+01  1.0200e+02  1.0000e+00
 3.1156e+00 -5.5475e+00 -4.4647e+00  2.2405e+01 -3.8410e+01 -3.1274e+01  5.4364e+01  1.0000e+00
-5.1834e-01  4.4473e-01 -4.0502e-02  1.2451e+01 -1.9768e+00  1.3792e+01  1.8686e+01  1.0000e+00
-1.0132e+00  2.0201e-01 -3.8304e-01  7.4839e+00  6.5303e+00  2.9312e+00  1.0356e+01  1.0000e+00
 1.6223e-01  5.8774e-01  9.5404e-02  1.0479e+01 -1.8620e+00  1.5074e+01  1.8453e+01  1.0000e+00
-2.2824e+00 -7.3913e-01 -1.7755e+00 -1.3693e+01 -3.2004e+00 -1.0004e+01  1.7257e+01  1.0000e+00
-3.3745e-01  2.1155e-01 -4.2530e-02 -1.3028e+01  1.1570e+01 -7.6536e+00  1.9031e+01  1.0000e+00
-1.3958e-01  3.9469e-01  1.6463e-01  2.5762e+01  1.6405e+01 -1.1197e+01  3.2529e+01  1.0000e+00
-2.7333e-02 -4.4764e+00 -3.1296e+00 -3.6070e-01 -2.7867e+01 -2.0122e+01  3.4374e+01  1.0000e+00
 4.7115e-02  2.9107e-01  1.5315e-01  1.7500e+01 -5.0450e+00  1.9713e+00  1.8319e+01  1.0000e+00
-1.1827e-01  3.1443e-01  1.0821e-02  8.4585e+00  1.0198e+01 -2.9724e+00  1.3579e+01  1.0000e+00
-1.5243e-01  4.5707e-01 -1.1293e-02  5.2386e+00  8.5636e+00  1.0498e+01  1.4525e+01  1.0000e+00
 7.7083e-01  1.7174e-01  1.4286e+00 -3.5211e+00  4.9109e+00 -3.1146e-01  6.0508e+00  1.0000e+00
 2.8826e-02  3.3626e-01  1.3989e-01  1.0232e+01 -8.3814e+00 -1.9930e+01  2.3919e+01  1.0000e+00
-9.1310e+00 -1.0403e+01  4.7090e+00 -5.1548e+01 -6.2808e+01  2.9642e+01  8.6491e+01  1.0000e+00
-2.3053e-01  4.2437e-01  1.6184e-01 -1.9982e+00  2.3181e+01 -1.5212e+01  2.7798e+01  1.0000e+00
-1.4709e-01  2.1095e-01  7.5139e-03 -9.2867e+00  1.9626e+01 -1.1558e+01  2.4597e+01  1.0000e+00
-2.6509e-01  2.4862e-01 -5.2381e-03 -3.8065e+00  1.2189e+01  6.8641e+00  1.4498e+01  1.0000e+00
-1.6300e-01  3.5315e-01 -9.1982e-02  2.4029e+01  1.2393e+01 -4.5690e+00  2.7419e+01  1.0000e+00
-2.8281e-01  6.6541e-01  2.6435e-01 -3.0547e+00 -8.2476e+00  1.2490e-01  8.7960e+00  1.0000e+00
-4.9156e-01 -4.6257e-01  1.1447e-01 -3.9692e+00  3.5298e+00  2.1411e+00  5.7270e+00  1.0000e+00
 6.6365e-01  9.4941e-01  4.7419e-01 -8.6141e+00 -2.3318e+00  3.4091e+00  9.5531e+00  1.0000e+00
-7.3170e-03 -3.8901e+00  1.9562e+00 -3.1291e-01 -2.5493e+01  1.2015e+01  2.8184e+01  1.0000e+00
-4.6934e+00 -2.9649e+00 -1.7548e+00 -3.2174e+01 -1.8801e+01 -1.0409e+01  3.8691e+01  1.0000e+00
-5.1710e-02 -1.1506e+00 -1.8343e-01 -9.0187e+00 -6.9517e+00 -4.3858e+00  1.2202e+01  1.0000e+00
-2.3127e-01  3.1246e-01  2.4747e-01 -1.8247e+01  1.4115e+01 -1.7369e+01  2.8877e+01  1.0000e+00
 6.0743e+00 -2.2280e+00 -4.2361e-01  4.1827e+01 -1.4790e+01 -2.3118e+00  4.4425e+01  1.0000e+00
-6.4146e-01  4.3561e-02  4.5098e-01  1.6531e+01 -1.1704e+01  4.3575e+00  2.0718e+01  1.0000e+00
 6.9154e+01 -8.5999e+01  5.6946e+01  3.8386e+02 -4.7418e+02  3.0947e+02  6.8408e+02  1.0000e+00
-3.0640e-01  1.0078e+00 -1.0965e-01  8.7465e+00 -8.9468e+00  9.4680e+00  1.5690e+01  1.0000e+00
-4.8141e-01  2.4064e-01  2.2686e-01  2.8496e+01  6.7187e-01  3.5671e+00  2.8727e+01  1.0000e+00
-1.1621e-01  3.5953e-01  1.1205e-01 -2.1861e+01  8.8742e+00  3.0864e+01  3.8849e+01  1.0000e+00
 3.6520e+00  3.0239e+00  1.7302e-01  2.3249e+01  1.8643e+01  1.9844e+00  2.9867e+01  1.0000e+00
-1.8591e+00 -6.2894e-01  7.8807e-01 -2.3677e+01 -6.4786e+00  1.2673e+01  2.7625e+01  1.0000e+00
 9.3136e-01 -4.8722e+00  3.7232e-01  5.5601e+00 -3.1443e+01  1.3692e+00  3.1960e+01  1.0000e+00
 9.7259e-02  3.6989e-01  2.2241e-01 -1.1313e+01  7.3867e+00  9.7091e+00  1.6638e+01  1.0000e+00
 2.8230e-01  2.3753e+00 -3.5284e+00  1.5574e+00  1.4593e+01 -2.3047e+01  2.7323e+01  1.0000e+00
-5.1373e+00  1.7267e+00  1.9115e+00 -6.9383e+01  2.3344e+01  2.5294e+01  7.7451e+01  1.0000e+00
-1.5959e-01  3.9312e-01  5.6597e-02  2.4534e+01 -7.2955e+00  8.3071e+00  2.6910e+01  1.0000e+00
-8.0060e-01 -9.1249e-02  7.9414e-01  7.4544e+00 -1.9249e+00 -1.0554e+01  1.3064e+01  1.0000e+00
-1.4127e-01  1.9834e-01 -1.3167e-01  1.1492e+01 -1.2997e+01  1.4663e+00  1.7411e+01  1.0000e+00
-6.7194e-01 -3.8223e-01  6.4437e-01 -6.5886e+00  1.9811e-01  4.4517e+00  7.9541e+00  1.0000e+00
 4.9497e-01 -4.7372e+00  3.7565e+00  3.0156e+00 -3.2275e+01  2.5606e+01  4.1309e+01  1.0000e+00
-1.9539e-01  3.6894e-01  9.2055e-02  7.5421e+00  2.0402e+01 -1.5452e+01  2.6681e+01  1.0000e+00
 5.2431e-01  3.2478e+00  2.6532e-01 -2.7251e+00  2.0300e+01  4.0953e+00  2.0888e+01  1.0000e+00
-3.3009e-01  2.4824e-01  8.7673e-02  1.6023e+01  8.5354e+00 -1.5583e+01  2.3925e+01  1.0000e+00
 1.8045e+00 -1.1418e+00  3.9170e-01  7.5629e+00 -1.2342e+00  2.6151e+00  8.0969e+00  1.0000e+00
-5.5257e-01  4.5946e-01  2.7259e-01 -9.0405e+00 -1.1085e+01  9.8526e+00  1.7369e+01  1.0000e+00
 2.7860e+00 -1.3201e+00  1.6248e+00  1.7311e+01 -5.0516e+00  9.5466e+00  2.0404e+01  1.0000e+00
-6.8175e-02  3.5850e-01 -4.3357e-01 -1.9129e+00  8.1473e+00 -1.6197e+01  1.8231e+01  1.0000e+00
-1.2342e-01  1.7636e-01  9.0486e-02  1.3157e+01 -2.7999e-01 -2.7070e+00  1.3436e+01  1.0000e+00
-2.1114e-01  2.5309e-01  1.0903e-01  2.9562e+00 -6.5621e+00  4.0210e+00  8.2443e+00  1.0000e+00
-1.1122e+00 -9.7541e-01 -5.2662e+00 -6.7407e+00 -5.6807e+00 -3.4785e+01  3.5885e+01  1.0000e+00
-5.6019e-01 -7.6600e-02  7.9440e-01 -7.8578e+00 -7.2862e+00  2.1035e+01  2.3607e+01  1.0000e+00
 6.1763e+00 -2.1544e-01 -1.4836e+00  4.2419e+01 -7.7958e-01 -8.8968e+00  4.3349e+01  1.0000e+00
-4.1296e-02  4.6865e-01 -2.3975e-01 -1.4613e+00 -5.7030e+00 -9.4713e-01  5.9630e+00  1.0000e+00
 2.0803e+00 -2.1260e-01  5.5424e+00  1.5182e+01 -2.3938e+00  3.9251e+01  4.2153e+01  1.0000e+00
 1.1073e-01  3.5724e-01 -1.0961e-01  1.3665e+01  1.5871e+00 -2.2766e+01  2.6600e+01  1.0000e+00
 2.6545e-01 -1.2985e-01  1.2186e+00 -1.1036e+01 -5.1080e+00  6.0016e-01  1.2175e+01  1.0000e+00
-2.6904e+00  4.5233e-01  4.1808e+00 -1.6603e+01  2.7753e+00  2.7421e+01  3.2175e+01  1.0000e+00
 2.0741e-01  3.3715e+00  1.5384e-01 -4.8827e+00  1.3912e+01 -1.4571e+00  1.4815e+01  1.0000e+00
-8.9220e-02  3.0142e-01 -2.6789e-02  2.4688e+01  1.9041e+00 -1.0766e+01  2.7000e+01  1.0000e+00
 7.4091e-01  1.0506e+01  7.1971e+00  2.9695e-01  6.3775e+01  4.0677e+01  7.5644e+01  1.0000e+00
-2.0217e+00  1.8731e+00 -1.1561e+00 -1.1392e+01  9.6483e+00 -3.2493e+00  1.5279e+01  1.0000e+00
-2.2289e-01  1.0471e-01  7.8957e-02  2.0693e+01  5.4038e+00 -1.2433e+01  2.4738e+01  1.0000e+00
-6.9193e-02  4.3446e-01  6.8009e-01 -8.1199e-01  7.3927e-01  3.4150e+00  3.5872e+00  1.0000e+00
-1.4940e-01  4.3046e-01 -5.6718e-02 -9.2791e+00  4.0011e+00 -3.5836e+01  3.7234e+01  1.0000e+00
-1.4821e-01  4.1146e-01  3.7222e-01 -8.2187e+00  1.2501e+01 -7.0484e+00  1.6538e+01  1.0000e+00
-3.4970e-01  1.8656e-01  1.4010e-02  1.4752e+01  1.4709e+01  1.5852e+01  2.6177e+01  1.0000e+00
-1.7843e+00 -1.7364e-01  2.0742e+00 -6.4063e+00 -4.7854e-02  1.0024e+01  1.1896e+01  1.0000e+00
-1.7317e-01  4.0988e-01  3.6451e-01 -1.0234e+01 -8.3161e+00  6.5057e+00  1.4704e+01  1.0000e+00
-1.0301e+00  9.2195e-01  5.6403e-01 -3.2612e+01  2.6552e+01  9.3742e+00  4.3086e+01  1.0000e+00
-1.3710e-01  2.3161e-01  3.1333e-01 -1.6433e+01  1.7221e+01  1.6446e+01  2.8933e+01  1.0000e+00
-2.0966e-01  3.6034e-01  1.5807e-01  2.5967e+00 -8.7686e+00  9.3754e+00  1.3097e+01  1.0000e+00
-1.3634e-01  8.3800e-02 -8.7810e-02 -7.0704e+00  4.2869e+00 -1.1724e+01  1.4347e+01  1.0000e+00
-3.1352e-01  4.8546e-01 -3.1373e-02  5.5101e+00  1.0107e+01  1.7469e+01  2.0921e+01  1.0000e+00
 2.1756e+00 -3.8666e+00 -1.8221e+00  1.3848e+01 -2.3346e+01 -1.1905e+01  2.9640e+01  1.0000e+00
 4.6503e-01  5.2943e-01 -3.0163e-02 -1.2218e+01 -5.5685e+00  1.5143e+00  1.3513e+01  1.0000e+00
 2.6551e+00  5.8841e-01 -6.7325e+00  1.8210e+01  5.3818e+00 -3.9008e+01  4.3384e+01  1.0000e+00
-5.2438e-01  2.8362e+00 -2.1549e+00 -2.9692e+00  1.6806e+01 -1.0205e+01  1.9884e+01  1.0000e+00
-5.2726e+00 -1.9955e+00  1.2628e+00 -3.6804e+01 -1.2681e+01  8.7895e+00  3.9908e+01  1.0000e+00
 6.4577e+00 -6.4487e-01 -2.7169e+00  4.5982e+01 -4.3807e+00 -1.8749e+01  4.9850e+01  1.0000e+00
 2.4810e+00 -1.3543e+01  8.3377e+00  1.7640e+01 -9.7871e+01  6.0839e+01  1.1658e+02  1.0000e+00
-1.2794e-01  1.3564e-01  3.0415e-02  1.8023e+01 -4.3727e+00 -1.8182e+00  1.8635e+01  1.0000e+00
-1.6306e-01  2.7837e-01  3.7284e-01  1.3810e+01 -1.4007e+01 -3.0592e+00  1.9906e+01  1.0000e+00
-1.9981e-01  3.9231e-01  1.0832e-01  6.1946e+00 -2.4160e+00  8.0117e+00  1.0411e+01  1.0000e+00
 2.6203e-02  8.1526e-02  2.4139e-01  2.4831e+01 -1.5167e+01 -2.7086e-01  2.9098e+01  1.0000e+00
-3.4399e+00 -2.0175e+00 -1.7345e+00 -2.2444e+01 -1.0555e+01 -1.1744e+01  2.7442e+01  1.0000e+00
-4.7649e-02  7.3642e-01  1.3991e-01 -2.7826e-01  1.5347e+01 -3.7908e+00  1.5811e+01  1.0000e+00
-2.5724e-01  1.6677e-01 -1.5240e-01  2.2162e+01 -7.0275e-01 -2.2911e+01  3.1884e+01  1.0000e+00
-2.2606e-01  3.7417e-01  1.4240e-01  4.4225e-01  1.6417e+01  5.3354e-01  1.6431e+01  1.0000e+00
-9.7630e-02  2.8466e-01  1.8917e-02  8.0634e+00 -1.0836e+01  3.3250e+01  3.5889e+01  1.0000e+00
 1.2105e+00 -1.6054e+00 -1.8441e+00  6.7400e+00 -5.8217e+00 -6.8782e+00  1.1253e+01  1.0000e+00
-4.4157e-02  2.5283e-01 -2.5098e-01  2.0540e+01  1.4936e+01 -4.9494e+00  2.5874e+01  1.0000e+00
-1.3068e-01  2.8476e-01  7.9571e-02  2.0032e+01 -2.0185e+01  4.0405e+00  2.8724e+01  1.0000e+00
 2.3803e+00 -2.7251e+00 -3.5717e+00  1.5062e+01 -1.8093e+01 -2.2256e+01  3.2396e+01  1.0000e+00
-7.9065e-02  4.0320e-01  3.3576e-01 -3.7707e+00  8.5343e+00  2.1133e+01  2.3101e+01  1.0000e+00
-8.7648e-02  3.2733e-01  1.0637e-01 -7.2036e+00  1.5378e+01 -1.1261e+01  2.0376e+01  1.0000e+00
 3.3653e-01  5.3635e-01  2.1672e-01  3.5434e+00 -1.2037e-01 -4.6820e+00  5.8729e+00  1.0000e+00
-1.2256e-01  9.1134e-01  4.1398e-02 -3.2783e+00  1.8894e+01  1.8039e+01  2.6328e+01  1.0000e+00
-2.3791e-01  2.9019e-01  9.7363e-02 -1.0614e+01  1.9687e+01  1.9824e+01  2.9887e+01  1.0000e+00
-8.4127e-02  2.8694e-01 -1.1023e-01  1.0766e+01  2.3560e+01  5.5768e+00  2.6497e+01  1.0000e+00
 1.1204e+00 -1.0242e+00 -2.6294e-01  1.3641e+00  1.0932e+00  1.7949e+00  2.5055e+00  1.0000e+00
-2.1921e+00  5.6631e-01  1.0351e+00 -6.2165e+01  1.4823e+01  3.0805e+01  7.0945e+01  1.0000e+00
-3.5442e-01  1.1701e-01 -4.6604e-02 -1.7122e+00 -2.1079e+00  9.9436e+00  1.0308e+01  1.0000e+00
 3.4868e+00  2.2122e+00 -4.7567e-01  2.0245e+01  1.4843e+01 -1.4605e+00  2.5146e+01  1.0000e+00
-2.4259e-01  4.6581e-01  8.8886e-02 -9.6441e+00 -1.9783e+00  2.9121e+00  1.0267e+01  1.0000e+00
-1.8781e-01 -2.6216e-02 -9.9264e-02  1.4504e+01  4.0413e+00  9.4956e+00  1.7801e+01  1.0000e+00
-1.3197e-01  2.8399e-01  8.6429e-02  1.0538e+01 -1.7375e+00  1.6594e+01  1.9734e+01  1.0000e+00
 3.5219e-01  3.4727e+00  2.3466e-01  5.3175e+00  2.0255e+01 -1.8762e+00  2.1025e+01  1.0000e+00
-6.9634e+01  8.6019e+01 -5.6935e+01 -3.7964e+02  4.7214e+02 -3.1702e+02  6.8377e+02  1.0000e+00
-9.2337e-01  1.2761e+00  3.6418e-01 -7.3008e+00 -3.3657e+00 -1.6572e+00  8.2083e+00  1.0000e+00
-3.2478e-01  5.9617e-01  8.1709e-02 -9.3401e+00  1.0606e+01  7.3268e+00  1.5918e+01  1.0000e+00
-1.0938e+00  1.2945e+00 -2.1016e-01  1.2688e-01  2.6611e+00  5.1862e-01  2.7141e+00  1.0000e+00
-3.5793e-01  2.2406e-01  2.1129e-01 -2.3936e+01 -1.9495e+00 -1.5020e+00  2.4062e+01  1.0000e+00
-2.4543e-02  3.7725e-01  1.7607e-01  2.5312e+01 -1.4932e+00 -2.4724e+01  3.5415e+01  1.0000e+00
 2.1528e+00 -3.3426e+00 -3.2221e+00  1.4172e+01 -2.0292e+01 -2.1322e+01  3.2669e+01  1.0000e+00
-1.8929e-01  3.5215e-01  7.1489e-02  1.2118e+01 -3.3027e+01 -1.7088e+01  3.9110e+01  1.0000e+00
 4.5272e-01  4.3017e-01  7.8046e-02 -1.9496e+01  7.5538e-01 -5.6106e+00  2.0301e+01  1.0000e+00
-2.3424e-01  4.1502e-01  2.7508e-01  5.4375e+00  1.1933e+01  1.2668e+01  1.8233e+01  1.0000e+00
-4.6479e+00  1.1199e-01  3.8624e+00 -3.1656e+01  2.2983e+00  2.7374e+01  4.1913e+01  1.0000e+00
 5.5634e-02  4.4391e-01  5.6867e-01 -1.4588e+01  9.2569e+00 -4.1585e+00  1.7771e+01  1.0000e+00
-6.6469e-03  4.9046e-01  8.6969e-02 -8.5521e+00  1.5244e+01 -7.7119e+00  1.9105e+01  1.0000e+00
-3.1362e+00  2.7390e+00 -5.0274e+00 -2.1343e+01  1.9660e+01 -3.4484e+01  4.5068e+01  1.0000e+00
 5.2854e+00 -3.6855e+00  1.4168e+00  3.6073e+01 -2.4411e+01  1.0099e+01  4.4712e+01  1.0000e+00
 3.0959e+00 -1.8836e+00  3.2840e+00  1.9145e+01 -1.1841e+01  2.1725e+01  3.1284e+01  1.0000e+00
-1.9890e-01  1.8845e-01  2.5659e-02  1.6137e+00 -7.5355e+00 -2.4880e+01  2.6046e+01  1.0000e+00
-1.1414e-01  3.2397e-01  1.1665e-01 -9.8195e+00  2.5889e+01 -2.5695e+01  3.7775e+01  1.0000e+00
-3.5814e-01  2.6258e-01  1.4379e-01  2.3957e+01  8.0149e+00 -1.7944e+01  3.0986e+01  1.0000e+00
-2.8312e+00  7.4118e-01  1.1445e+00 -1.6381e+01  1.6638e+00  4.7527e+00  1.7137e+01  1.0000e+00
-1.6157e-01  2.0715e-02 -1.0053e-01 -7.0128e+00 -6.6146e+00 -4.2665e-01  9.6496e+00  1.0000e+00
 6.3815e-01 -1.9426e-01  3.4456e-01 -8.6100e+00  1.0504e+01  6.1679e+00  1.4917e+01  1.0000e+00
-2.4837e-01  1.0080e+00 -7.6154e-02  1.0712e+00 -6.1034e-01 -3.0965e-01  1.2711e+00  1.0000e+00
-4.1423e-01  5.1973e-01  2.2591e-01 -8.5175e+00  1.6546e+01 -2.6672e+00  1.8800e+01  1.0000e+00
-2.4276e+00  1.8145e+00 -2.0195e+00 -1.4328e+01  1.5045e+01 -1.2187e+01  2.4087e+01  1.0000e+00
-5.4997e-01  9.2906e-02 -6.2215e-02  9.5759e+00 -1.2025e+01  2.5336e+00  1.5579e+01  1.0000e+00
-1.6730e+00  1.0909e+00 -4.2383e+00 -1.1046e+01  6.9526e+00 -2.6770e+01  2.9782e+01  1.0000e+00
 2.2893e-01  3.2093e+00  1.7652e+00 -5.9205e+00  1.7599e+01  6.6341e+00  1.9718e+01  1.0000e+00
-4.8842e+00 -1.2781e+00 -1.6577e+00 -3.5041e+01 -7.1812e+00 -9.3338e+00  3.6967e+01  1.0000e+00
-7.0609e-01 -9.1597e-01  3.0123e-01  6.5741e+00  6.1992e-01  3.3374e-01  6.6117e+00  1.0000e+00
-6.4541e-01  3.2097e-01  9.2908e-01  9.2426e+00  1.9370e+00 -5.7910e+00  1.1078e+01  1.0000e+00
-4.1045e-02  3.1450e-01  6.8093e-01 -6.7075e+00  4.3597e+00 -4.7014e+00  9.2791e+00  1.0000e+00
 3.1728e-01  6.4613e-01  7.4400e-01 -6.9199e+00  5.9757e+00  1.1401e+00  9.2138e+00  1.0000e+00
-4.3805e-01  5.3634e-01  5.4323e-01  4.9025e-02  1.6192e+01  1.3148e+00  1.6245e+01  1.0000e+00
-1.5969e-01  5.2011e-01  1.6150e-01 -1.5909e+01 -1.2688e+01  7.7309e+00  2.1768e+01  1.0000e+00
 1.8393e-02  6.0203e-01  1.3796e-01 -8.5248e+00 -2.2389e+01 -9.2880e+00  2.5694e+01  1.0000e+00
 1.5070e+00 -9.0714e-01  1.8081e+00  4.4505e+00 -4.5833e+00 -1.7706e+00  6.6294e+00  1.0000e+00
-4.0872e-02  2.7587e-01  1.0106e-01  1.9567e+01  1.9041e+01 -5.5858e-01  2.7308e+01  1.0000e+00
-5.8935e-02  3.1944e-01  1.1635e-01 -3.7135e+01 -2.8024e-01  2.4883e+01  4.4702e+01  1.0000e+00
-7.0590e+00  8.6756e+00 -5.4098e+00 -4.2190e+01  4.4501e+01 -2.6817e+01  6.6929e+01  1.0000e+00
-3.3965e-01  9.8152e-01  1.0923e+00  1.4837e+00 -3.3194e+00 -2.9131e+00  4.6590e+00  1.0000e+00
 1.7884e+00  4.5471e-02 -4.4457e-01  8.9350e+00  8.1470e+00 -3.7794e+00  1.2669e+01  1.0000e+00
-2.1019e-01  4.1809e-01  1.3925e-01  4.4591e+00  4.8728e+00  2.4800e+01  2.5664e+01  1.0000e+00
-2.7397e-01  4.6886e-01  1.2040e-01  7.3801e+00  2.3277e+01  9.9885e+00  2.6383e+01  1.0000e+00
-1.6314e-01 -3.9800e+00 -1.9900e+00 -7.5460e-01 -2.3822e+01 -1.3289e+01  2.7289e+01  1.0000e+00
-4.0381e-01  4.1276e-02 -4.5645e-02 -8.7657e+00 -1.2315e+01  1.0461e+01  1.8383e+01  1.0000e+00
 2.2448e+00 -3.3081e+00 -3.1423e+00  1.4619e+01 -2.1938e+01 -1.8698e+01  3.2320e+01  1.0000e+00
 3.5596e-01  7.1787e-02  2.7593e-01  5.6362e+00  1.9063e+00 -6.6010e-01  5.9864e+00  1.0000e+00
-1.0376e-01  3.7691e-01  7.0055e-02 -1.8064e+01 -1.1381e+01 -3.5785e+00  2.1648e+01  1.0000e+00
-2.2216e-01  2.8416e+00  1.4672e+00  2.8782e+00  1.6945e+01  6.5704e+00  1.8400e+01  1.0000e+00
 1.0530e+00 -2.3505e+00  3.6845e+00  7.0667e+00 -1.4955e+01  2.2930e+01  2.8273e+01  1.0000e+00
-2.4758e-01  2.0094e-01  1.7491e-02  9.6986e-01 -1.2557e+01  2.0828e+01  2.4339e+01  1.0000e+00
-1.9945e-01  3.3555e-01 -1.1240e-02  2.9837e+01  1.9004e+00  1.2109e+01  3.2256e+01  1.0000e+00
-3.6763e-02  1.9698e-01  6.5605e-02  1.7253e+01  9.4121e+00 -1.3667e+01  2.3938e+01  1.0000e+00
-2.4250e-02  2.9482e-01  2.4447e-01 -1.7055e+01  1.4678e+01 -1.8000e+01  2.8815e+01  1.0000e+00
-2.9123e+00 -1.0653e+00  2.1207e+00 -1.8256e+01 -5.2590e+00  1.0642e+01  2.1776e+01  1.0000e+00
-3.2709e-02  2.2256e-01 -2.6612e-01 -1.3094e+01  9.5889e+00  1.7081e+01  2.3562e+01  1.0000e+00
-1.1878e-01  3.0559e-01  8.2463e-02  2.4063e+01 -1.5428e+01 -8.2752e+00  2.9758e+01  1.0000e+00
 3.8923e+00 -5.1730e+00 -3.7229e-01  2.7613e+01 -3.5112e+01 -2.8479e+00  4.4760e+01  1.0000e+00
-3.7300e-01  6.1266e-01  3.3446e-01 -3.9669e+00  3.1590e-01  7.1010e+00  8.1400e+00  1.0000e+00
-1.9911e+00 -1.0500e-01  1.5195e+00 -3.5653e+00  4.5937e+00 -2.1996e-01  5.8191e+00  1.0000e+00
-1.9273e-01  2.7362e-01  3.4816e-02 -1.4366e+01 -2.9271e+01 -1.3589e+00  3.2635e+01  1.0000e+00
-4.9003e-02  2.4025e-01 -4.2886e-02  2.2802e+01  1.1536e+01 -7.1068e+00  2.6524e+01  1.0000e+00
 1.7067e+00 -8.6146e-01  3.7298e-01  3.9405e+00 -3.7747e+00 -5.9550e-01  5.4892e+00  1.0000e+00
-3.7199e-01  1.9371e-01  5.2241e-02 -9.6669e+00 -1.6325e+00 -2.3101e+01  2.5095e+01  1.0000e+00
-7.4332e-02  1.7998e-01  3.0811e-01 -1.3942e+01 -1.3218e+01  2.1276e+01  2.8666e+01  1.0000e+00
-8.4209e-01 -3.2838e-01 -3.0020e-01 -1.9541e+01 -1.0330e+01 -6.0014e+00  2.2904e+01  1.0000e+00
-1.0099e-01  3.1826e-01  1.1509e-01  9.4855e+00  2.8711e+00  2.9764e+00  1.0348e+01  1.0000e+00
-1.0334e-01  3.7726e-01  1.2521e-01  1.7027e+01 -4.7248e+00 -2.0406e+01  2.6994e+01  1.0000e+00
-1.4602e-01  2.9258e-01  1.0687e-02 -1.5488e+01  2.5543e+01 -1.3497e+01  3.2779e+01  1.0000e+00
 1.6198e-01  2.8069e-01  2.0252e-01  8.7960e-01  9.0671e+00  3.9290e+00  9.9208e+00  1.0000e+00
-2.4640e-01  4.5205e-01  3.1786e-01  6.1075e+00 -1.4929e+01 -5.7808e+00  1.7135e+01  1.0000e+00
-7.8489e-02  3.5950e-01  3.0660e-01  2.6350e+01 -4.9829e+00  1.8796e+01  3.2748e+01  1.0000e+00
-3.2630e-01  2.1793e-01  6.4512e-02 -6.4541e+00  1.5228e+01 -6.1558e+00  1.7648e+01  1.0000e+00
-2.3265e-01  1.8537e-01  1.5389e-01  1.8941e+01 -1.1353e+01 -1.7992e+01  2.8485e+01  1.0000e+00
-9.5177e-03  2.2199e-01 -3.1331e-01  1.6632e+01  5.0793e+00 -1.9611e+00  1.7501e+01  1.0000e+00
-2.7803e-01  4.4725e-02  4.5220e-01  2.1076e+01 -1.5511e+01  8.3610e+00  2.7472e+01  1.0000e+00
-1.8695e-01  3.2492e-01  1.1220e-01 -1.2657e+01  3.5917e+01  7.6690e+00  3.8846e+01  1.0000e+00
 9.6237e-02 -7.1635e-02  2.6854e-01 -1.1018e+01  2.1075e+00 -1.3366e+01  1.7450e+01  1.0000e+00
-8.3544e-02  1.6871e-01  2.0063e-02 -2.2463e+01  9.6605e+00  1.0532e+01  2.6624e+01  1.0000e+00
 3.5359e-01  1.4913e+00  8.8509e-02  3.0868e+00  1.0906e+01 -3.2403e+00  1.1789e+01  1.0000e+00
-4.4603e-01  6.2880e-01  1.2054e-01 -2.0478e-01  1.4522e+00  2.0639e+01  2.0692e+01  1.0000e+00
-1.1018e+00  1.7206e+00  4.4194e+00 -4.7918e+00  7.7823e+00  1.8445e+01  2.0585e+01  1.0000e+00
 2.6586e+00  6.1790e-01  3.5190e-01  1.1384e+01  4.6030e+00  2.8670e+00  1.2610e+01  1.0000e+00
 2.6691e+00 -1.3524e+00 -2.3398e+00  1.5460e+01 -9.2567e+00 -1.3275e+01  2.2381e+01  1.0000e+00
-3.0045e-01  4.2692e-01 -1.9603e-01 -1.1210e+01  4.7204e+00 -9.8559e+00  1.5655e+01  1.0000e+00
 3.0849e+00 -3.2637e+00 -4.8868e+00  2.1912e+01 -2.1989e+01 -3.2569e+01  4.4993e+01  1.0000e+00
-1.7317e-01  3.3415e-01  2.0880e-02 -8.3619e+00 -2.4987e+00 -1.2479e+01  1.5228e+01  1.0000e+00
-1.6995e-01  1.1181e-01  1.1929e-01 -1.2185e+00  1.5716e+00 -3.4505e+00  3.9825e+00  1.0000e+00
-2.1898e-01  3.9416e-01  1.7704e-01  1.4258e+01  6.1458e+00  2.5685e+01  3.0013e+01  1.0000e+00
-1.7393e-01  4.3826e-01 -1.4136e-02  1.1672e+00 -1.9740e+01  4.4169e+00  2.0262e+01  1.0000e+00
-3.6666e-01  1.0940e-01 -1.1801e-01 -1.5053e+01 -1.3880e+01 -6.9681e+00  2.1628e+01  1.0000e+00
-1.3942e-02  5.2752e-01  7.6972e-01 -1.3291e+01 -6.5586e+00 -8.5653e+00  1.7118e+01  1.0000e+00
-1.3657e-01  3.3345e-01  1.4562e-01  3.1951e+01 -9.6353e+00  1.9707e+01  3.8757e+01  1.0000e+00
-9.6863e-02  2.8572e-01  1.5302e-01 -2.7077e+01 -6.3473e+00  3.0681e+01  4.1409e+01  1.0000e+00
 1.3334e-01  8.8511e-02 -3.8324e-02 -1.5706e+01  2.4342e+01 -5.0310e-01  2.8973e+01  1.0000e+00
-1.6946e-01  9.1728e-02  1.5328e-02 -4.2880e+00  1.3572e+01  2.0219e+00  1.4376e+01  1.0000e+00
-1.1317e+00  1.2979e+00  3.8903e+00 -5.3315e+00  7.9751e+00  2.4252e+01  2.6080e+01  1.0000e+00
 8.4346e-02  3.8407e-01  6.1071e-01  7.0347e+00  2.0640e+01 -1.6842e+01  2.7552e+01  1.0000e+00
-2.6655e-01  3.5990e-01  2.0029e-01 -9.7978e+00  1.9021e+01 -2.2401e+01  3.0978e+01  1.0000e+00
-4.1417e-01  9.3438e-02  2.2955e-01 -1.1668e+01 -1.4925e+00 -4.8013e+00  1.2705e+01  1.0000e+00
-1.2544e+00  1.3722e+00  1.5372e+00 -3.2806e-01  7.4789e+00  6.2628e+00  9.7604e+00  1.0000e+00
 2.7157e+00 -6.7658e+00  1.1454e+01  1.5667e+01 -3.9549e+01  7.1150e+01  8.2897e+01  1.0000e+00
 4.6412e+00  9.0545e-01  4.2694e+00  3.1722e+01  6.0634e+00  3.0051e+01  4.4115e+01  1.0000e+00
 1.2633e+00 -8.9518e-01 -5.3801e-01  3.9229e+00  1.4331e+00  6.2253e-01  4.2226e+00  1.0000e+00
-7.2110e-02  1.0227e-01  1.2056e-02 -2.7106e+01  4.6716e+00  7.4133e-01  2.7515e+01  1.0000e+00
-2.2706e-02  7.1517e-02  1.7373e-01  1.5189e+01 -1.8540e+01 -2.4979e+00  2.4097e+01  1.0000e+00
-1.2491e+00  6.7457e-01  4.9907e+00 -8.5074e+00  5.7568e+00  3.3516e+01  3.5055e+01  1.0000e+00
-3.4877e+00 -1.3200e+00 -3.5754e+00 -2.1747e+01 -2.9131e+00 -2.0310e+01  2.9898e+01  1.0000e+00
 5.7545e-01  1.6080e+00 -9.4469e-01 -2.6260e-01  6.0460e+00  1.9178e+00  6.3483e+00  1.0000e+00
-1.1763e+00 -1.2956e+00 -3.3374e-01 -1.4903e+01 -2.6639e+01 -2.0320e+00  3.0591e+01  1.0000e+00
 7.9370e-01 -2.0432e-02 -7.8650e-02  8.1710e+00  4.7234e+00 -4.6585e+00  1.0525e+01  1.0000e+00
-2.1569e-01  4.4683e-01 -1.5336e-02 -1.0186e+00  9.5449e+00  7.7723e+00  1.2351e+01  1.0000e+00
 4.6256e-01  1.6184e+00  6.7401e-01  3.6296e-01  9.4931e-01  2.6597e-01  1.0506e+00  1.0000e+00
-8.9632e-02  3.0384e-01  1.2803e-01 -2.4139e+01  3.8582e+00 -6.0536e+00  2.5184e+01  1.0000e+00
-8.2018e-02  3.6602e-01  2.8088e-01 -1.2820e+01  1.3903e+01 -1.0457e+01  2.1610e+01  1.0000e+00
-1.7585e+00  5.3628e+00 -7.5189e-01 -1.1308e+01  3.6076e+01 -4.4900e+00  3.8073e+01  1.0000e+00
 1.5692e+00 -4.1950e-01  6.5909e-01  1.1491e+01  3.3189e+00  1.1656e+01  1.6700e+01  1.0000e+00
-3.6025e+00 -3.8557e-01 -8.5434e-01 -2.1245e+01  6.4197e-02 -5.6851e+00  2.1992e+01  1.0000e+00
 7.8711e-01  1.5169e-01  1.4048e+00 -4.4976e+00 -1.2429e+00  4.9119e+00  6.7750e+00  1.0000e+00
-3.0887e+00 -1.2848e+00  1.8935e+00 -1.6588e+01 -7.6280e+00  1.1835e+01  2.1758e+01  1.0000e+00
-2.0423e-01  4.3078e-01  5.4227e-02  2.0028e+01  2.6169e+00  5.8652e+00  2.1033e+01  1.0000e+00
 6.1858e+00  2.1535e+00  5.4575e-01  4.2052e+01  1.5277e+01  3.4989e+00  4.4877e+01  1.0000e+00
 2.3347e+00  3.4657e+00  2.3287e-01  1.5900e+01  2.1734e+01  3.2532e+00  2.7125e+01  1.0000e+00
-4.7565e+00 -3.0323e+00 -1.8057e+00 -3.3762e+01 -2.0443e+01 -1.3640e+01  4.1760e+01  1.0000e+00
 5.0387e-01 -6.6608e-01 -9.6288e-01 -4.3145e+00 -8.4987e+00 -3.1220e+00  1.0029e+01  1.0000e+00
-4.8597e+00 -2.7709e-01 -1.2416e+00 -3.2652e+01 -3.6498e-01 -8.6139e+00  3.3772e+01  1.0000e+00
-3.8585e-01  5.0179e-01  3.0877e-01  2.0483e+01 -1.0453e+01  1.1691e+00  2.3026e+01  1.0000e+00
 5.5245e-01  1.5827e+00 -1.0804e+00 -2.3030e+00  5.2748e+00 -9.7553e-01  5.8377e+00  1.0000e+00
-1.1657e+00  4.0308e+00 -1.8024e+00 -6.8954e+00  2.6192e+01 -9.5237e+00  2.8710e+01  1.0000e+00
 1.3676e+00  1.3589e+00 -9.4394e-01  4.8920e+01  3.9591e+01 -3.0710e+01  7.0027e+01  1.0000e+00
-4.7521e-01  1.7164e-01  2.6076e-01 -4.9639e+00  9.2758e+00  1.4001e+01  1.7513e+01  1.0000e+00
-9.9345e-01 -4.4261e-01 -1.7681e+00 -2.9843e+00  7.7803e-01 -9.2804e+00  9.7794e+00  1.0000e+00
 2.9088e-01  6.8797e-01  4.4294e-03 -3.5257e-01  3.3183e+00  4.1658e+00  5.3375e+00  1.0000e+00
 1.0931e+00 -1.2617e+00 -1.5408e+00  9.3386e+00 -7.8404e+00 -9.4679e-02  1.2194e+01  1.0000e+00
-2.1757e-02  9.1133e-01 -4.8408e-01 -1.1991e+00  1.4544e+01 -9.1385e+00  1.7218e+01  1.0000e+00
-2.8138e-01 -1.0033e-01 -1.4678e-01 -5.1363e+00  1.2737e+01  1.8879e+01  2.3345e+01  1.0000e+00
-3.4550e+00 -1.6852e+00 -5.9319e+00 -2.5326e+01 -1.2852e+01 -4.4736e+01  5.2989e+01  1.0000e+00
-6.4057e+00 -2.3110e+00 -1.7756e-01 -4.4909e+01 -1.4637e+01 -1.5115e+00  4.7258e+01  1.0000e+00
 6.7570e-01 -1.5996e+00 -1.6548e+00  6.2291e+00 -5.5506e+00 -9.3214e+00  1.2510e+01  1.0000e+00
 6.6029e+00  9.7557e-01 -6.1828e-01  4.5178e+01  8.1156e+00 -4.8784e+00  4.6160e+01  1.0000e+00
-1.9420e-01  1.3651e-01  2.7501e-01  4.0863e+00  1.4022e+01  4.5902e+00  1.5310e+01  1.0000e+00
-2.5269e-01  1.8862e-01 -2.6595e-01  8.8285e+00 -9.2755e-01  1.8226e+00  9.0623e+00  1.0000e+00
-2.7490e-01  7.1695e-02 -7.1116e-02 -9.9414e+00 -1.8182e+01  4.0382e+00  2.1112e+01  1.0000e+00
-2.6795e-01  1.1454e+00 -3.4804e-01 -6.1885e+00  1.0858e+01 -4.8717e+00  1.3414e+01  1.0000e+00
-8.9530e-03  2.1995e-01 -6.4027e-02  3.0921e+00  3.9084e+00 -1.1906e+01  1.2907e+01  1.0000e+00
-3.1022e-01  5.2717e-01  1.4333e-01 -9.1432e+00  1.0629e+01 -9.6731e+00  1.7034e+01  1.0000e+00
-1.7224e-01  3.3247e-01  2.3785e-01 -9.7255e+00 -2.7753e+00  2.0568e+01  2.2920e+01  1.0000e+00
-3.0561e+00  2.6794e+00 -6.5147e-01 -1.8677e+01  1.5711e+01 -2.6576e+00  2.4551e+01  1.0000e+00
 6.2170e-02  5.4176e-01 -1.1503e-01 -4.1740e+00  3.2554e+00 -6.9049e+00  8.7004e+00  1.0000e+00
-3.4623e+00 -9.7538e-01  8.1149e-02 -1.8977e+01 -6.0458e+00 -3.9095e-01  1.9921e+01  1.0000e+00
 1.7574e-01  4.9614e-01  5.8437e-01 -2.1711e+00  7.3463e+00 -5.2191e+00  9.2693e+00  1.0000e+00
-2.2259e-02  5.9088e-01 -1.1561e-01 -1.8208e+00 -1.3563e+01 -3.8052e+00  1.4204e+01  1.0000e+00
-2.4724e-01  2.8972e-01  1.2643e-01  9.8847e+00  1.3343e+01 -2.4607e+01  2.9685e+01  1.0000e+00
-1.6786e-01  3.6107e-01  3.5246e-02 -8.0332e+00  1.7411e+01  1.2304e+01  2.2783e+01  1.0000e+00
 2.1026e+00 -5.3239e+00 -2.5515e+00  1.4478e+01 -3.5526e+01 -1.7104e+01  4.2003e+01  1.0000e+00
-4.7100e+00 -9.9460e-01  4.2456e+00 -3.2471e+01 -5.5961e+00  2.9268e+01  4.4072e+01  1.0000e+00
 2.3080e-01  7.9578e-01  3.9511e-01  8.6649e+00 -2.2500e+00  6.0251e+00  1.0791e+01  1.0000e+00
-1.0288e+00 -9.3120e-01 -2.1463e+00 -5.4207e+00 -2.9617e+00 -8.0700e+00  1.0163e+01  1.0000e+00
 1.8140e+00 -1.0724e+00  2.6134e-01  3.6806e+00 -5.2829e+00  2.1430e+00  6.7859e+00  1.0000e+00
-1.4072e-01  2.4674e-01  1.5537e-01  7.4623e+00  1.0116e+00  1.7729e-01  7.5326e+00  1.0000e+00
-5.5101e-01 -4.1845e+00 -2.8818e+00 -3.6070e+00 -2.9036e+01 -2.0457e+01  3.5701e+01  1.0000e+00
-1.0948e+00  1.9720e+00 -1.8960e+00 -5.7309e+00  9.5953e+00 -7.5152e+00  1.3468e+01  1.0000e+00
 2.9675e-01  1.2673e-01  4.8489e-01  1.6258e+01  8.3087e-01  6.8053e+00  1.7644e+01  1.0000e+00
 1.2529e+00  7.1926e-01  1.1229e-02 -4.3095e+00  1.8311e+00 -2.1575e-01  4.6874e+00  1.0000e+00
-4.5447e-01 -7.5562e-01  3.7974e-01 -5.2202e+00 -5.5730e+00  3.8603e+00  8.5563e+00  1.0000e+00
-9.9676e-01  4.3353e+00 -1.9010e+00 -5.5657e+00  2.7176e+01 -1.1458e+01  3.0013e+01  1.0000e+00
 1.6151e+00  2.4894e-01 -5.9797e-01 -6.6994e-01  3.7610e+00 -2.1888e+00  4.4028e+00  1.0000e+00
-3.0072e-01  6.0254e-01  6.2733e+00  1.8397e+00  5.3337e+00  3.0056e+01  3.0581e+01  1.0000e+00
-2.1878e-01 -1.5575e+00 -1.6187e-01 -1.3529e+00 -5.2501e-02  1.4531e+00  1.9861e+00  1.0000e+00
-2.5059e-01  3.2067e-01  1.2341e-01 -8.5162e+00 -1.4231e+01 -5.8607e+00  1.7590e+01  1.0000e+00
-9.7446e-02  3.7630e-01 -1.3507e-02 -1.6400e+00 -3.9322e-01  7.4577e-01  1.8441e+00  1.0000e+00
 3.7606e-01  2.0161e-01 -3.8027e-01  1.9279e+00 -6.1537e+00  5.7240e+00  8.6226e+00  1.0000e+00
 1.5246e+00  3.2568e+00  1.8850e+00  1.0577e+01  2.1324e+01  1.1218e+01  2.6314e+01  1.0000e+00
-2.7359e-01  3.8507e-01  1.5731e-01  1.8758e+01  1.6043e+01 -1.9027e+01  3.1165e+01  1.0000e+00
-1.4718e-01  7.6784e-01  2.6228e-01 -5.1990e+00  2.8346e+01  2.9829e+00  2.8972e+01  1.0000e+00
-2.7522e-01  3.5348e-01  2.9991e-01 -1.5105e+00 -1.9875e+01  1.1942e+01  2.3236e+01  1.0000e+00
-1.5294e-01 -3.3746e-02  5.0921e-02 -1.4019e+01  6.6749e+00 -7.2281e+00  1.7127e+01  1.0000e+00
-2.1528e-01  3.7480e-01  4.6987e-02 -1.6463e+01  1.1700e+01 -1.0280e+01  2.2663e+01  1.0000e+00
-6.9124e-02  2.3177e-01  4.2698e-02  2.3646e+01  1.0946e+01 -4.9465e-01  2.6061e+01  1.0000e+00
 2.8589e+00 -2.1765e+00 -4.9626e-01  1.6372e+01 -1.1922e+01 -1.7316e+00  2.0327e+01  1.0000e+00
-3.2917e-01  1.7088e-01 -8.7837e-02  1.3085e+00  1.2577e+01 -3.1950e+00  1.3042e+01  1.0000e+00
 5.6363e+00 -9.1916e+00  5.7468e+00  2.5423e+01 -5.0691e+01  3.2656e+01  6.5440e+01  1.0000e+00
 1.8905e-01 -6.4046e-01 -1.7537e+00  1.8482e-01 -6.9728e+00  2.3698e+00  7.3668e+00  1.0000e+00
 5.0378e-01 -2.2532e+00 -6.3312e+00  2.8115e+00 -1.4969e+01 -4.3006e+01  4.5623e+01  1.0000e+00
-1.4967e+00 -2.5759e+00 -4.3685e+00 -1.2211e+01 -1.7018e+01 -2.9386e+01  3.6087e+01  1.0000e+00
-3.8707e-01 -4.6923e+00  5.1594e-01 -2.1497e+00 -3.1545e+01  3.3960e+00  3.1800e+01  1.0000e+00
-6.0993e+00 -3.2307e+00 -1.6402e+00 -4.3428e+01 -2.1680e+01 -1.1249e+01  4.9825e+01  1.0000e+00
-1.4355e-01  1.5624e-01  9.4793e-02 -8.3225e-02 -1.8837e+01 -7.9723e+00  2.0454e+01  1.0000e+00
-5.0509e+00 -1.2659e+00 -1.0337e+00 -3.5163e+01 -8.6145e+00 -6.1413e+00  3.6720e+01  1.0000e+00
 6.2486e-01  6.6504e-02  4.4941e-01  9.6541e+00 -5.9323e-01  1.3477e+01  1.6589e+01  1.0000e+00
 8.6617e-04  4.8237e-01  2.2957e-01  6.1925e+00  2.0345e-02 -1.0387e+01  1.2093e+01  1.0000e+00
-7.8433e-01 -1.9141e-01 -1.8518e+00 -6.6188e+00  6.9644e-02 -2.2785e+01  2.3727e+01  1.0000e+00
 9.4425e-01 -1.9444e-01  9.2364e-01  9.3585e+00  5.0015e+00 -9.0287e-01  1.0649e+01  1.0000e+00
-2.2480e-01  4.4989e-01  8.1949e-02 -7.7284e+00 -7.4584e+00 -5.7206e+00  1.2169e+01  1.0000e+00
