# limit = 6.35923
#
# x           y           z           vx          vy          vz          s           m
 7.2822e-01 -1.7330e+00 -1.3225e+00 -1.8663e+00 -4.6792e+00  1.7969e+00  5.3486e+00  1.0000e+00
-1.5731e-01  3.2704e-01  8.2444e-02 -1.2964e+01 -6.9721e+00 -1.9540e+01  2.4464e+01  1.0000e+00
 6.5933e+00  1.2826e-01  1.2825e+00  3.5416e+01  1.6972e+00  6.9839e+00  3.6138e+01  1.0000e+00
-1.1661e-01  3.1643e-01  9.4666e-02 -2.4161e+00 -2.0470e+00 -1.3895e+01  1.4251e+01  1.0000e+00
-5.4116e+00  2.1280e+00  3.3727e+00 -3.0312e+01  1.1301e+01  1.7962e+01  3.7002e+01  1.0000e+00
 2.2909e+00 -8.8133e-01  6.7624e+00  1.3162e+01 -4.0097e+00  3.7297e+01  3.9754e+01  1.0000e+00
 5.0231e-01 -5.5127e+00 -3.9353e+00  1.9787e+00 -3.0580e+01 -2.0859e+01  3.7070e+01  1.0000e+00
-4.9334e-01  1.5953e+00  8.0079e-01 -1.7831e+00  6.2584e+00  4.5311e+00  7.9295e+00  1.0000e+00
-9.1466e+00  6.5925e+00  1.9859e+01 -4.5588e+01  3.3417e+01  1.0473e+02  1.1901e+02  1.0000e+00
 2.8876e-02  3.6718e-01  7.7000e-02  8.0474e+00  1.6766e+01  1.4807e+01  2.3772e+01  1.0000e+00
 1.8725e+00  2.0152e+00  1.5184e+00  5.6688e+00  7.9272e+00  4.7302e+00  1.0833e+01  1.0000e+00
-2.4663e-01  5.6893e-01  1.2608e-01 -9.8791e-01  1.7641e+01 -5.0937e-01  1.7676e+01  1.0000e+00
 8.0638e-01  8.0478e-01  1.4751e+00  3.5369e-04 -2.7524e+00  2.1501e-01  2.7608e+00  1.0000e+00
 1.6791e+00  1.6368e-01 -5.6550e-01  1.5631e+01  2.7427e+00 -2.7838e+00  1.6112e+01  1.0000e+00
-2.1819e-01  3.4562e-01  2.1910e-02 -1.2969e+01 -4.3426e+00 -1.5738e+01  2.0850e+01  1.0000e+00
-2.6315e+00 -2.1354e-01 -2.4999e+00 -1.3419e+01 -2.6942e+00 -9.3095e+00  1.6553e+01  1.0000e+00
 3.9710e+00 -4.1264e+00 -4.6368e+00  2.1712e+01 -2.2659e+01 -2.6150e+01  4.0849e+01  1.0000e+00
-3.2007e-01  6.4173e-01  2.9634e-01  6.8176e+00 -2.1625e+00  7.4292e-02  7.1528e+00  1.0000e+00
-2.5705e-01  4.7519e-01  2.3770e-01 -3.2736e+00  2.1327e+01  9.7987e+00  2.3697e+01  1.0000e+00
 1.3886e+01  1.1650e+01 -5.1925e+00  7.3564e+01  5.9008e+01 -2.5255e+01  9.7629e+01  1.0000e+00
-1.6251e-01  2.7327e-01  1.9635e-01  1.0755e+01 -4.8902e-01  3.4899e+01  3.6522e+01  1.0000e+00
-3.4821e-02  3.9447e-01 -2.0490e-02 -4.5725e+00 -1.3401e+01  1.0571e+01  1.7670e+01  1.0000e+00
-2.5979e-01  3.1631e-01  1.6630e-01  4.7514e+00  4.6507e+00 -2.1426e+01  2.2434e+01  1.0000e+00
-2.9185e+00  5.3583e+00 -5.5625e+00 -1.6208e+01  3.1092e+01 -3.1099e+01  4.6867e+01  1.0000e+00
-1.5344e-01  6.3396e+00 -2.8510e+00 -1.1813e+00  3.4963e+01 -1.5406e+01  3.8225e+01  1.0000e+00
-1.3726e+00  4.7150e-01 -3.0199e+00 -1.0001e+01  6.1671e+00 -1.4203e+01  1.8433e+01  1.0000e+00
 2.2881e+00 -4.9523e+00  1.0543e+00  1.0738e+01 -2.7771e+01  5.1267e+00  3.0213e+01  1.0000e+00
 1.1632e+01 -2.9652e+00 -1.1207e+01  7.5390e+01 -1.9872e+01 -7.2755e+01  1.0664e+02  1.0000e+00
 3.3422e-01 -7.4136e+00 -9.7866e+00  2.1898e+00 -4.2411e+01 -5.5927e+01  7.0223e+01  1.0000e+00
-1.0842e-01  4.5360e-01 -1.9739e-01 -3.1487e+00 -4.9034e+00 -3.5842e+00  6.8413e+00  1.0000e+00
-2.2852e-01  6.0505e-01  1.4635e-01 -2.3892e+00 -1.4232e+00 -4.8939e+00  5.6289e+00  1.0000e+00
-3.2883e-01  3.9012e-01  3.0345e-01  1.3290e+01  1.8957e+01  3.3568e+00  2.3394e+01  1.0000e+00
-2.7488e-01  3.1214e-01  4.8290e-01  9.7283e-01  5.4216e+00 -2.4563e+00  6.0311e+00  1.0000e+00
-2.8849e-01  4.3605e-01  2.5454e-01  7.9102e+00  8.0477e+00 -6.5891e+00  1.3067e+01  1.0000e+00
-1.6813e-01  3.5728e-01  3.3219e-01  9.0766e+00 -8.0275e+00  7.2294e-01  1.2139e+01  1.0000e+00
-7.8874e-02  3.7650e-01  3.1944e-01  2.7045e+01  1.2130e+01 -1.6109e+01  3.3735e+01  1.0000e+00
 1.2683e+00 -6.2448e-02 -2.6761e-01 -7.6452e+00 -2.7202e+00  5.3556e+00  9.7227e+00  1.0000e+00
-5.3503e+00  1.0236e+01 -1.3272e+01 -2.8596e+01  5.4806e+01 -6.8104e+01  9.1976e+01  1.0000e+00
-4.9474e-01  2.3928e-01 -3.9575e-01 -9.4993e+00 -2.7453e+00 -1.5708e+01  1.8561e+01  1.0000e+00
 4.1358e+00 -1.0297e+00  3.4314e+00  2.0979e+01 -4.4252e+00  1.7697e+01  2.7801e+01  1.0000e+00
 2.7795e+00  2.4550e+00 -2.3106e-02  1.1931e+01  1.1073e+01  2.0681e+00  1.6409e+01  1.0000e+00
-6.4200e-01  4.1577e-01 -5.5639e-01 -4.7458e+00  3.5601e+00  9.2638e+00  1.1001e+01  1.0000e+00
-2.7492e-01  4.8329e-01  1.0141e-01 -3.1570e-02  3.6927e+01 -1.1321e+01  3.8623e+01  1.0000e+00
 7.2132e-01 -2.3233e+00  7.2877e+00  4.3415e+00 -1.2349e+01  4.0626e+01  4.2683e+01  1.0000e+00
 6.9014e+00  3.3705e+00  5.1957e-01  3.9598e+01  1.9215e+01  3.2114e+00  4.4131e+01  1.0000e+00
 2.3301e-01 -4.7543e+00  6.4285e-01  3.2150e+00 -2.5533e+01  4.5828e+00  2.6139e+01  1.0000e+00
-1.1366e-01  4.0556e-01  3.3818e-01 -8.4244e+00  8.2590e+00  3.9522e+00  1.2442e+01  1.0000e+00
 1.4927e+00 -1.8931e+00 -5.4752e-01  6.2864e+00 -3.7180e+00  2.1176e-01  7.3067e+00  1.0000e+00
 3.7585e+00 -1.4100e+00  1.5842e+00  1.7472e+01 -6.9335e+00  7.6878e+00  2.0309e+01  1.0000e+00
-7.2880e-01  5.4917e-01 -1.7619e-01 -1.6233e+01  2.9962e+00  7.0189e+00  1.7937e+01  1.0000e+00
-4.4020e-01  5.5451e-01  7.2538e-01 -3.9827e+00  5.5930e+00  8.0992e+00  1.0618e+01  1.0000e+00
-5.1402e-01  4.3198e-01  1.6123e-01  1.3172e+00  1.0790e+01 -1.3573e+01  1.7389e+01  1.0000e+00
-1.4117e+00 -2.1506e+00  2.1044e+00 -5.1871e+00 -8.8104e+00  8.5350e+00  1.3318e+01  1.0000e+00
-4.0540e-01  6.8957e-01  2.9905e-01  8.0957e+00 -3.5887e+00  9.4541e-01  8.9058e+00  1.0000e+00
-3.2768e-02  2.4614e-01  3.7403e-02 -1.1899e+01  2.0812e+01 -2.0202e+01  3.1350e+01  1.0000e+00
 2.5191e-01  4.4980e-01  1.0780e-01 -1.0337e-02  5.1355e+00 -1.6637e+01  1.7411e+01  1.0000e+00
-1.9657e-01  2.4654e-01  4.0635e-01 -7.5005e+00 -1.6968e+00  1.8024e+01  1.9596e+01  1.0000e+00
-1.2330e-01  2.8720e-01  1.1583e-01  1.4736e+01 -8.6649e-01 -2.3686e+01  2.7909e+01  1.0000e+00
-3.5431e-01  6.2387e-01  2.4591e-01  1.9262e+00 -2.0717e+00  1.2950e+00  3.1111e+00  1.0000e+00
 1.9472e+00 -8.7997e-01  5.3577e+00  9.4871e+00 -5.5704e+00  2.9238e+01  3.1240e+01  1.0000e+00
-1.8494e-01  3.8774e-01  1.6804e-01  1.9406e+01  3.9884e+00 -2.0170e+00  1.9914e+01  1.0000e+00
-2.8400e-01  1.6065e-01  2.9672e-01  1.9203e+00 -1.1325e+01  6.0554e+00  1.2985e+01  1.0000e+00
 2.5631e+00  1.8087e-01 -1.2530e+00  2.1852e+01  2.1448e+00 -1.0689e+01  2.4421e+01  1.0000e+00
-4.1894e-01  5.2761e-01  1.4551e-01 -5.6899e+00  1.0715e+01  3.3076e+00  1.2575e+01  1.0000e+00
 2.0171e+00 -5.9645e-01  6.2645e-01  2.4290e+00 -1.3021e+00  1.5036e+00  3.1395e+00  1.0000e+00
-2.0952e-01  4.3285e-01  2.5986e-01 -7.8044e-01 -5.2666e-02  3.3810e+01  3.3819e+01  1.0000e+00
-2.4916e-02  4.8774e-01  1.9238e-01 -6.3957e-01  1.1745e+01 -1.6015e+01  1.9870e+01  1.0000e+00
-1.9879e-01  5.1330e-01  9.0168e-02  2.5013e+01 -2.1231e-01  1.6356e+01  2.9887e+01  1.0000e+00
-5.7603e-01  4.2130e-01  2.2224e-01 -8.5600e+00  6.9267e+00 -7.5289e+00  1.3339e+01  1.0000e+00
 1.8872e-01 -2.9342e-01  2.1566e-01 -2.5777e+00  1.8994e+00 -1.1794e+00  3.4123e+00  1.0000e+00
 6.3237e+00  8.0589e-01  1.2070e+00  3.5067e+01  3.8487e+00  6.2528e+00  3.5828e+01  1.0000e+00
-1.1384e-01  2.9489e-01  1.2013e-01 -4.5688e+00  1.7479e+01 -1.6575e+01  2.4518e+01  1.0000e+00
-3.9932e-01  8.9195e-01 -1.2441e-01 -7.2108e+00  1.1419e+01 -1.1903e+00  1.3557e+01  1.0000e+00
 4.7201e-01  1.9785e-01 -3.9193e-01  5.9390e+00  5.1571e+00 -2.4387e+00  8.2350e+00  1.0000e+00
-4.5163e-01  1.6135e-01  3.4449e-01  1.5145e+01  1.1646e+00 -1.0655e+00  1.5227e+01  1.0000e+00
-2.6938e-01  4.8961e-01  3.4876e-04  9.4122e+00 -1.6951e+01  5.7165e+00  2.0214e+01  1.0000e+00
-1.5259e-01  3.3317e-01 -4.1125e-02 -4.3121e+00 -2.5962e+01  1.7286e+00  2.6375e+01  1.0000e+00
-2.1724e-01  4.1270e-01  2.5861e-01 -1.7088e+01  4.5461e+01  9.0043e+00  4.9394e+01  1.0000e+00
 7.3909e+00 -3.6859e+00 -8.8621e-01  4.2258e+01 -1.9957e+01 -4.8394e+00  4.6984e+01  1.0000e+00
-4.5691e+00 -2.9321e+00 -1.8857e+00 -2.4586e+01 -1.4974e+01 -9.2097e+00  3.0225e+01  1.0000e+00
-1.1261e-02  3.9360e-01  1.3110e-01 -7.7834e+00 -2.0287e+01  1.7428e+00  2.1799e+01  1.0000e+00
 1.4216e+00  6.1812e-01  1.0554e+00  3.5813e+01  7.7531e+00  2.2831e+01  4.3173e+01  1.0000e+00
 1.3036e+00 -6.5601e-01 -1.0290e+00  2.6372e+00 -8.7104e-01 -3.6935e-01  2.8018e+00  1.0000e+00
 2.1886e+00  1.5592e+00  2.6422e+00  8.5634e+00  7.9972e+00  1.1006e+01  1.6075e+01  1.0000e+00
-2.3991e-01  3.4740e-01 -1.5648e-01  1.4026e+01  3.2000e+00  7.9657e+00  1.6445e+01  1.0000e+00
 5.1051e-02  2.6924e-01  1.4236e-01 -4.3429e+00 -3.8362e+00 -2.4456e+00  6.2895e+00  1.0000e+00
 2.2807e-01  6.3553e-02  1.5426e-02 -1.7041e+00  3.0190e+00 -5.9077e+00  6.8497e+00  1.0000e+00
 1.6659e+00 -1.0117e+00  1.5529e+00  6.7221e+00 -1.8821e+00  3.8039e+00  7.9498e+00  1.0000e+00
 1.1089e+00  7.1364e-01 -1.3780e+00  2.2255e+02  5.5446e+01 -2.1550e+02  3.1471e+02  1.0000e+00
-9.9404e-02  1.4333e-01  4.1440e-03  1.7165e+01  1.8412e+01  2.4583e+00  2.5292e+01  1.0000e+00
 1.6502e+00 -1.1115e+00  1.4918e+00  4.6882e+00 -2.5234e+00  6.7341e+00  8.5846e+00  1.0000e+00
-2.0488e-01  3.8127e-01  1.3794e-01 -2.3018e+01 -1.4222e+01  2.0649e+01  3.4037e+01  1.0000e+00
-4.1638e-01  5.5495e-01  5.3153e-02  1.1674e+01 -1.2820e+01  7.1874e+00  1.8770e+01  1.0000e+00
-3.3100e-01  5.1962e-01  2.2376e-01  1.6742e+00 -5.2859e+00 -2.1790e+01  2.2484e+01  1.0000e+00
-7.9195e-01  1.1517e+00  2.3995e-01  5.3372e+00 -9.7956e+00  1.8460e+00  1.1307e+01  1.0000e+00
-1.1833e-01  3.1871e-01  1.2256e-01  6.8144e+00  4.9816e+00  1.7043e+00  8.6115e+00  1.0000e+00
-1.9433e-01  5.5692e-01  1.4490e-01 -7.1277e-01  1.6562e+01 -1.3087e+01  2.1120e+01  1.0000e+00
-2.5239e+00 -3.7732e+00 -4.2004e+00 -1.3613e+01 -1.9719e+01 -2.2176e+01  3.2648e+01  1.0000e+00
 6.1009e-01 -1.3659e+00 -5.9069e+00  3.0006e+00 -5.7890e+00 -2.4896e+01  2.5736e+01  1.0000e+00
-3.0121e-01  2.2909e+00 -1.3475e+00  4.9000e+00  1.0076e+01 -5.5103e+00  1.2486e+01  1.0000e+00
-3.0724e-01  4.2010e-01  7.2831e-02  8.3308e+00 -1.4713e+01 -5.7104e+00  1.7846e+01  1.0000e+00
-2.6246e-01  6.0317e-01  9.9021e-02 -1.8344e+01  2.2676e+01  1.2191e+01  3.1613e+01  1.0000e+00
 1.7260e+00 -1.0839e+00 -2.1346e-01  3.4655e+00  1.6448e-01 -5.8507e-01  3.5184e+00  1.0000e+00
 8.0661e-01 -9.1827e-02  2.8942e-01 -8.9099e+00  8.8866e+00 -2.6573e+00  1.2862e+01  1.0000e+00
 6.3247e+00  2.2572e+00 -1.3281e-01  3.4424e+01  1.3630e+01 -1.0212e+00  3.7038e+01  1.0000e+00
-1.8352e-01  3.8078e-01  1.0043e-02 -2.7489e+01  1.1187e+01 -2.4326e+00  2.9777e+01  1.0000e+00
 4.6916e+00  2.2457e-01  5.2674e+00  2.5559e+01  1.5683e+00  2.8677e+01  3.8446e+01  1.0000e+00
-9.4812e-02  2.6260e-01 -1.6578e-01 -3.4593e+00 -8.7674e+00 -1.1289e+01  1.4707e+01  1.0000e+00
 6.7765e-02 -3.1534e-01  3.1790e-01 -1.4426e+01 -1.9291e+00  5.7232e+00  1.5639e+01  1.0000e+00
-7.4578e+00  1.4673e+00  1.6713e+00 -4.2082e+01  9.1684e+00  9.6526e+00  4.4137e+01  1.0000e+00
-7.8135e-01  2.0077e+00  7.6917e-02 -2.4766e+00 -5.2582e-01  3.3808e+00  4.2238e+00  1.0000e+00
 1.6651e+00 -2.7737e+00  4.9085e+00  8.2248e+00 -1.4449e+01  2.6081e+01  3.0930e+01  1.0000e+00
 1.9787e+00 -1.9667e+00  4.0866e+00  9.4678e+00 -9.9807e+00  2.0771e+01  2.4913e+01  1.0000e+00
 3.4067e+00 -3.9978e+00 -1.5488e+00  1.6850e+01 -2.0452e+01 -7.3741e+00  2.7505e+01  1.0000e+00
 2.2195e+00 -1.4418e+00  5.0751e-01  7.0229e+00 -2.1458e+00  2.3776e-01  7.3473e+00  1.0000e+00
 1.7060e-01  4.0578e-01  4.3549e-02  1.1676e+01 -5.8503e+00  1.1697e+01  1.7532e+01  1.0000e+00
 3.5806e-02  6.1627e-01 -9.1303e-02 -7.5774e+00 -6.3910e-01  6.4660e+00  9.9817e+00  1.0000e+00
-1.4464e-01  2.6303e-01 -9.3897e-04 -2.2566e+01 -1.8155e+00  6.6116e+00  2.3585e+01  1.0000e+00
-2.5863e-01  4.2803e-01  6.1128e-02 -3.8291e+00 -3.9026e+00  1.3746e+01  1.4793e+01  1.0000e+00
-2.1540e-04  3.1733e-01  1.7334e-01  1.2725e+01 -1.1120e+01  1.5293e+01  2.2791e+01  1.0000e+00
-2.0376e-02  2.4840e-01 -1.0542e-01  1.8686e+01  4.4390e+00  6.0790e+00  2.0145e+01  1.0000e+00
-6.0039e-01 -2.6879e-02  1.3739e-01  8.5357e+00  8.8622e+00 -9.6330e-01  1.2342e+01  1.0000e+00
-9.6974e+00  3.9556e+00  3.5436e+00 -5.5389e+01  2.3163e+01  2.1366e+01  6.3726e+01  1.0000e+00
 1.2130e-01  1.7881e-01  1.1679e-01  4.2783e+00  1.1827e+01  4.4045e+00  1.3326e+01  1.0000e+00
-2.8453e-01  4.3615e-01  1.2747e-01  3.4402e+01  1.7638e+01  9.1850e+00  3.9736e+01  1.0000e+00
-2.6400e-01  4.7430e-01  2.4950e-02  3.6152e+01 -3.8610e+00  1.6761e+00  3.6396e+01  1.0000e+00
 3.7608e+00 -3.3627e+00 -1.4867e+00  2.0732e+01 -1.7052e+01 -6.5360e+00  2.7628e+01  1.0000e+00
-3.6012e-01  4.2435e-01  7.8781e-02  1.8027e+01 -1.3928e+01 -1.2357e+01  2.5917e+01  1.0000e+00
 2.5934e+00 -2.2975e+00  5.4237e+00  1.3609e+01 -1.1596e+01  3.0511e+01  3.5363e+01  1.0000e+00
-2.2584e-01  3.3947e-01  1.4953e-02  2.0904e+00 -4.9228e+00  2.9590e+01  3.0069e+01  1.0000e+00
-8.2789e-01 -1.1787e+00 -4.8221e+00 -5.4583e+00 -5.3772e+00 -2.4402e+01  2.5577e+01  1.0000e+00
 1.8221e+00 -1.1362e+00  8.0157e-01  2.2949e+00 -2.3241e+00  2.4505e+00  4.0833e+00  1.0000e+00
-2.0277e-01  5.7578e-01  1.7197e-02 -1.3280e+01  1.9469e+01  2.4366e+00  2.3693e+01  1.0000e+00
-9.7139e-02  2.0133e-01 -1.2450e-01  7.1010e+00  1.0526e+01  1.2775e+01  1.8012e+01  1.0000e+00
-1.1765e+00  1.0022e+00  2.3337e-01 -7.3227e+00  1.4324e+00  2.6224e+00  7.9089e+00  1.0000e+00
-1.9433e-01  1.1292e+00 -4.5390e-01  1.9085e+00 -1.1151e+01 -6.5825e+00  1.3088e+01  1.0000e+00
-2.1379e-01  4.4614e-01  1.3922e-01 -2.0027e+01  3.6546e+01  3.8268e+00  4.1849e+01  1.0000e+00
 5.8676e-02  4.3573e-01  4.3815e-01 -5.0603e+00  5.8424e-01  1.5276e+01  1.6103e+01  1.0000e+00
 2.3244e+00 -1.5378e+00  4.9371e-01  5.6447e+00 -3.2183e+00  5.5707e+00  8.5588e+00  1.0000e+00
-7.8049e-01 -2.0755e+00  5.0287e+00 -4.3697e+00 -1.2205e+01  2.7271e+01  3.0195e+01  1.0000e+00
-6.0593e-01  3.9325e-01 -8.0661e-02  1.5977e+01  2.9465e+00  7.5791e+00  1.7928e+01  1.0000e+00
-1.9047e-01  1.5917e-01 -2.2469e-01 -7.1878e+00 -5.9433e+00  1.5339e+01  1.7952e+01  1.0000e+00
-7.1395e+00  9.2596e-01 -2.2445e+00 -3.6526e+01  8.7235e+00 -9.7246e+00  3.8792e+01  1.0000e+00
-3.5959e-02  4.0718e-01  1.9978e-01  8.7440e+00  6.9540e+00 -2.6602e+01  2.8853e+01  1.0000e+00
-2.9279e-01  4.5943e-01  2.8301e-01  9.3129e+00 -1.2639e+00 -2.0546e+01  2.2593e+01  1.0000e+00
-5.2296e-01  4.7465e-01  2.0277e-01  1.0003e+01  8.6009e-01 -7.1187e+00  1.2308e+01  1.0000e+00
-2.4322e+00 -9.8587e+00 -1.0706e+01 -1.5001e+01 -4.4930e+01 -5.2449e+01  7.0673e+01  1.0000e+00
 6.4956e+00 -5.7696e+00  1.6552e+00  3.6034e+01 -3.1765e+01  8.9027e+00  4.8854e+01  1.0000e+00
-2.0174e-01  4.7633e-01 -2.6972e-02 -3.4179e+00  6.4991e+00 -3.1795e+01  3.2632e+01  1.0000e+00
 8.0838e-01 -3.9570e-01 -1.7724e+00  1.6542e+00  9.8330e-01 -1.3960e+00  2.3774e+00  1.0000e+00
-5.8604e-01  4.5765e-01  1.9054e-01 -1.0063e+01  7.5281e+00 -9.1027e+00  1.5518e+01  1.0000e+00
 6.3332e-01 -9.8251e-01 -1.7387e+00  2.8963e+00  5.2813e-01 -3.0869e+00  4.2657e+00  1.0000e+00
-8.1471e-01  1.1355e+00  5.1200e-02  1.8207e+00 -1.2383e+00 -5.5542e+00  5.9748e+00  1.0000e+00
-2.7457e-01  6.0472e-01  2.2768e-01  1.3358e+01 -7.2933e+00 -1.3935e+01  2.0635e+01  1.0000e+00
-3.5911e+00  5.4378e+00 -3.0478e+00 -1.9787e+01  3.1276e+01 -1.6372e+01  4.0470e+01  1.0000e+00
-2.6201e-01  4.7116e-01 -3.8346e-02 -1.4781e+01  5.9592e+00  2.5736e+00  1.6144e+01  1.0000e+00
-1.4296e+00  3.0614e-01 -5.9188e-01 -3.5938e+00  9.1431e-01  3.3557e+00  5.0012e+00  1.0000e+00
-1.3625e-01  5.5903e-01  2.3529e-02  1.9105e+01 -1.3651e+00  3.5239e+00  1.9475e+01  1.0000e+00
-3.5076e-01  4.5869e-01  4.5991e-01  5.5554e+00  3.0109e+00  1.3944e+01  1.5309e+01  1.0000e+00
-4.8253e-02  4.4096e-01  4.6758e-02 -2.2417e+01 -1.0099e-02 -1.2622e+01  2.5726e+01  1.0000e+00
-2.3545e-01  4.3756e-01  1.5978e-01 -4.9791e+00 -1.0084e+00  9.5839e-01  5.1698e+00  1.0000e+00
-1.6839e-01  2.3305e-01  1.2905e-02  2.0026e+01 -2.6546e+01  3.2081e+00  3.3408e+01  1.0000e+00
-9.4215e-02  3.7606e-01 -4.5208e-02  7.1533e+00 -5.0778e+00 -5.1510e+00  1.0173e+01  1.0000e+00
-3.2187e-01  1.2054e-01  7.6397e-02 -1.3128e+01  1.5411e+01  3.0042e+00  2.0466e+01  1.0000e+00
 1.5631e-01  5.2994e-01 -5.0030e-02  1.1842e+01  1.1798e+01  6.5941e+00  1.7970e+01  1.0000e+00
 1.8362e+00 -3.0100e+00  4.7394e+00  9.3640e+00 -1.4336e+01  2.6137e+01  3.1247e+01  1.0000e+00
-9.0361e-02  1.6726e-01  3.4163e-01  2.6791e+00 -1.3355e+00  1.0122e+01  1.0555e+01  1.0000e+00
 1.2745e+01 -8.7842e+00 -1.8319e+01  6.9293e+01 -4.7285e+01 -9.5484e+01  1.2710e+02  1.0000e+00
-9.6432e-02  4.7976e-01  1.5748e-01  2.5550e+00  7.9789e+00 -1.2346e+01  1.4920e+01  1.0000e+00
-9.7355e-01  1.4738e+00  1.8523e+00 -4.3901e+00  8.9841e+00  7.0250e+00  1.2220e+01  1.0000e+00
 3.3526e+00 -1.3794e+00 -1.0618e+00  1.9704e+01 -4.8260e+00 -3.7217e+00  2.0625e+01  1.0000e+00
-3.6235e-02  3.1290e-01  8.4563e-02 -1.1187e+01  8.1228e+00  8.9021e+00  1.6443e+01  1.0000e+00
 3.9514e-01  4.5757e-01 -2.6022e-01 -1.8067e+01  9.2580e+00  4.3488e+00  2.0762e+01  1.0000e+00
 2.2669e-01  5.9387e-01 -2.0825e-02  2.9238e+00  2.5785e+00  2.2296e+01  2.2634e+01  1.0000e+00
-2.9652e-01  3.4177e-01  1.8638e-02 -1.0958e+00  6.4365e+00 -7.4327e-01  6.5713e+00  1.0000e+00
-4.5635e-02  2.8420e-01  1.1743e-01 -7.0504e+00  1.9319e+01  7.4879e+00  2.1886e+01  1.0000e+00
-7.7298e-01  9.5563e-01 -2.1492e-01  6.8666e+00 -7.4512e+00  9.2069e+00  1.3691e+01  1.0000e+00
-4.3161e-01  3.4241e-01  4.2187e-01 -9.7627e+00 -7.4404e+00  5.8663e+00  1.3605e+01  1.0000e+00
 4.4919e-01  3.6428e-01  1.3935e-01 -1.7784e+01 -4.9698e+00 -1.0306e+01  2.1146e+01  1.0000e+00
 3.3434e-01 -2.6545e+00  4.7632e+00  1.5539e+00 -1.4069e+01  2.4631e+01  2.8408e+01  1.0000e+00
-1.7376e+00  1.6216e+00 -1.0000e+00 -5.9513e+01  4.5340e+01 -3.8288e+01  8.4045e+01  1.0000e+00
-9.1520e-02  1.5990e-01  2.3304e-01  7.6175e+00  2.5546e+01  5.3329e+00  2.7185e+01  1.0000e+00
-4.2042e-01  3.1481e-01  4.4715e-02 -2.2985e+01  1.0740e+01 -8.3275e+00  2.6702e+01  1.0000e+00
-1.0472e-01  2.1675e-01  9.8645e-02  4.8026e+00  1.9871e+00  2.1114e+01  2.1745e+01  1.0000e+00
-8.2033e-01 -2.9153e-01  2.2086e-01 -6.3747e-02 -1.7032e+00  4.0001e+00  4.3481e+00  1.0000e+00
-6.0671e-01 -8.8365e-02 -1.0415e-01  4.7060e-01  3.6075e+00  7.7072e-01  3.7188e+00  1.0000e+00
-7.0006e-03 -1.2906e-01 -1.7085e-01  5.1088e+00  7.3159e-01 -1.1763e+00  5.2933e+00  1.0000e+00
-4.5250e+00  3.7901e+00 -1.2826e+00 -2.3656e+01  1.9957e+01 -6.5655e+00  3.1638e+01  1.0000e+00
 2.5207e+00 -1.9381e+00 -7.7094e+00  1.4387e+01 -1.1320e+01 -4.3997e+01  4.7654e+01  1.0000e+00
-2.1033e-01  3.9532e-01  3.3408e-01 -9.0990e+00  1.6017e+01  2.2803e+00  1.8562e+01  1.0000e+00
-3.5894e-01 -5.3040e+00 -3.7872e+00 -2.5956e-01 -2.8356e+01 -2.0135e+01  3.4778e+01  1.0000e+00
-1.7994e+00  1.6765e+00 -7.3800e+00 -1.0758e+01  1.0205e+01 -4.1492e+01  4.4062e+01  1.0000e+00
 9.8907e-01 -4.6758e+00  2.1619e-02  4.9519e+00 -2.5080e+01  1.9635e-01  2.5565e+01  1.0000e+00
-3.8819e-01 -2.5409e-01  3.7176e-01  8.0339e-01  1.2362e+01 -3.9555e+00  1.3004e+01  1.0000e+00
-8.9359e-01 -1.0372e+00 -5.2450e+00 -4.8514e+00 -6.5195e+00 -2.6906e+01  2.8107e+01  1.0000e+00
-5.8499e-01 -3.3196e-01 -4.0623e-01  4.2128e+00  1.2662e+01  7.5654e+00  1.5340e+01  1.0000e+00
-3.0570e-01  4.5642e-01  3.9717e-01 -6.1644e+00  1.5841e+01  3.1914e+00  1.7295e+01  1.0000e+00
 1.5461e+00  1.4467e+00  2.3308e+00  1.9619e+01  1.1097e+01  2.7379e+01  3.5464e+01  1.0000e+00
 1.0563e-01  4.5465e-01  4.3620e-01  3.2268e+00 -3.9496e+00 -4.4063e+00  6.7400e+00  1.0000e+00
 2.9862e+00 -4.0696e+00 -1.6136e+00  1.6873e+01 -2.0333e+01 -8.3721e+00  2.7717e+01  1.0000e+00
-1.3676e-01  4.2833e-01  6.9227e-02 -1.6358e+01 -9.7382e+00  2.2242e+01  2.9277e+01  1.0000e+00
 2.4807e-01  3.4199e-01  3.2710e-02  1.1982e+00  1.9930e+00  4.8317e+00  5.3622e+00  1.0000e+00
-5.3588e+00 -2.4468e+00 -1.7575e+00 -2.8758e+01 -1.2871e+01 -8.8055e+00  3.2714e+01  1.0000e+00
 3.0492e+00  1.3635e+00  2.6002e+00  1.4885e+01  8.5488e+00  1.5440e+01  2.3088e+01  1.0000e+00
-3.4616e-01  4.6767e-01  1.6227e-01  1.8175e+01 -7.3398e-01 -1.8023e+01  2.5606e+01  1.0000e+00
 1.9952e+00 -6.7521e+00 -5.2846e-01  1.1775e+01 -3.7976e+01 -2.9994e+00  3.9872e+01  1.0000e+00
 2.7561e-01  3.5155e-01  4.7395e-02 -8.9183e+00  6.9425e+00 -3.7935e-01  1.1308e+01  1.0000e+00
-8.7721e+00 -7.8266e-01  1.2982e+01 -5.7102e+01 -5.5977e+00  8.4239e+01  1.0192e+02  1.0000e+00
 3.7974e+00 -6.7163e+00 -5.4164e+00  2.2320e+01 -3.8256e+01 -3.1153e+01  5.4150e+01  1.0000e+00
 2.6786e-01  1.9876e-01  2.1873e-01  1.6620e+01 -5.2174e+00 -4.3234e+00  1.7948e+01  1.0000e+00
-6.3285e-01  4.1193e-01 -1.9845e-01  1.9375e+01  7.0678e+00  1.0643e+01  2.3208e+01  1.0000e+00
 1.2654e-01  3.0927e-01  4.1455e-01 -1.3210e+01 -1.2134e+01  1.8602e+00  1.8033e+01  1.0000e+00
-2.6880e+00 -8.3094e-01 -2.0712e+00 -1.2953e+01 -2.8392e+00 -9.4261e+00  1.6269e+01  1.0000e+00
-1.5527e-01  4.8935e-01  2.0121e-01  1.7588e+01 -6.4851e+00  6.9584e+00  1.9996e+01  1.0000e+00
-1.6210e-01  2.4511e-01 -5.3751e-02 -1.9206e+01 -4.1401e+00  1.3799e+01  2.4009e+01  1.0000e+00
-4.1767e-02 -5.3208e+00 -3.7405e+00 -5.9364e-01 -2.7544e+01 -1.9964e+01  3.4024e+01  1.0000e+00
-3.1637e-01  3.2989e-01  1.0171e-01 -1.8779e+01  1.6965e+01 -7.0219e+00  2.6263e+01  1.0000e+00
-2.0382e-01  2.5727e-01  2.2772e-01  1.5933e+01  7.1858e+00 -6.7552e+00  1.8738e+01  1.0000e+00
-2.4897e-01  2.6092e-01  1.8098e-01  6.8205e+00  1.8501e+01 -6.0836e+00  2.0635e+01  1.0000e+00
 6.2548e-01  2.0469e-01  1.4515e+00 -7.2771e+00  4.4955e+00  8.3791e-01  8.5947e+00  1.0000e+00
-4.1938e-01  2.4377e-01 -3.9490e-02 -9.5246e+00  8.3551e+00  1.4787e+01  1.9473e+01  1.0000e+00
-1.0702e+01 -1.2317e+01  5.6126e+00 -5.1511e+01 -6.2765e+01  2.9623e+01  8.6432e+01  1.0000e+00
-1.3545e-01  1.8603e-01  3.7297e-02  9.4232e+00 -1.6081e+00  1.6973e+01  1.9480e+01  1.0000e+00
-1.8027e-01  2.8879e-01  2.1796e-01 -1.2452e+01 -2.0983e+01  3.7556e+00  2.4687e+01  1.0000e+00
-9.9692e-02  3.5241e-01  2.5354e-01 -1.1656e+01 -1.1777e+01 -1.4104e+01  2.1760e+01  1.0000e+00
 1.0135e-01  2.3718e-01  2.7542e-01 -9.4554e+00 -7.7709e+00  1.0972e+01  1.6437e+01  1.0000e+00
 1.1633e-02  4.7652e-02 -2.8042e-02  1.9236e+01 -9.1929e+00 -1.0211e+01  2.3639e+01  1.0000e+00
-5.2997e-01 -1.7543e-01  1.7564e-01  2.2334e+00  1.6121e+01  1.6185e+00  1.6355e+01  1.0000e+00
 3.0857e-01  7.9594e-01  5.2658e-01 -1.5168e+01 -8.4048e+00 -7.4155e-01  1.7357e+01  1.0000e+00
-1.6491e-02 -4.6603e+00  2.3189e+00 -2.8996e-01 -2.5048e+01  1.1789e+01  2.7685e+01  1.0000e+00
-5.6856e+00 -3.5510e+00 -2.0862e+00 -3.2769e+01 -1.9485e+01 -1.1250e+01  3.9750e+01  1.0000e+00
-3.2695e-01 -1.3085e+00 -3.0401e-01 -8.9096e+00 -3.6183e+00 -3.4791e+00  1.0226e+01  1.0000e+00
 7.4518e-02  2.7113e-01 -7.0985e-02  9.7879e+00 -1.0145e+01  1.4447e+01  2.0185e+01  1.0000e+00
 7.3455e+00 -2.6780e+00 -4.9395e-01  4.1574e+01 -1.4724e+01 -2.3033e+00  4.4164e+01  1.0000e+00
-5.9145e-03 -1.2231e-01  4.0044e-01  2.1798e+01  2.4748e+00 -7.7636e+00  2.3271e+01  1.0000e+00
 8.0859e+01 -1.0046e+02  6.6383e+01  3.8386e+02 -4.7418e+02  3.0947e+02  6.8408e+02  1.0000e+00
-1.2387e-02  4.6695e-01  2.1344e-01 -2.4565e+00 -3.5831e+01  8.1902e+00  3.6837e+01  1.0000e+00
 1.9657e-01  5.2528e-01 -1.7637e-01  5.7617e-01  1.0088e+01 -1.5598e+01  1.8584e+01  1.0000e+00
-1.9953e-01  4.0020e-01  1.3169e-01  1.3891e+01 -3.9233e+00 -2.5169e+01  2.9014e+01  1.0000e+00
 4.3547e+00  3.5871e+00  2.3324e-01  2.2858e+01  1.8316e+01  1.9655e+00  2.9357e+01  1.0000e+00
-2.5568e+00 -8.1367e-01  1.1649e+00 -2.2235e+01 -5.7258e+00  1.2096e+01  2.5952e+01  1.0000e+00
 1.0998e+00 -5.8241e+00  4.1333e-01  5.4944e+00 -3.1014e+01  1.3248e+00  3.1525e+01  1.0000e+00
-4.6951e-01  3.1872e-01  2.4733e-02  1.9903e+00 -1.8337e+00 -9.6803e+00  1.0051e+01  1.0000e+00
 3.2866e-01  2.8156e+00 -4.2232e+00  1.4881e+00  1.4301e+01 -2.2553e+01  2.6747e+01  1.0000e+00
-7.2482e+00  2.4367e+00  2.6810e+00 -6.9109e+01  2.3240e+01  2.5191e+01  7.7141e+01  1.0000e+00
-2.1146e-01  3.6716e-01  9.4383e-02 -1.8192e+01  3.0627e+01 -6.6803e+00  3.6244e+01  1.0000e+00
-4.6745e-01 -7.1572e-02  3.6790e-01  1.5270e+01  5.2405e+00 -1.8424e+01  2.4496e+01  1.0000e+00
-1.8552e-01  4.2312e-01  2.6450e-01 -2.3185e+01  2.0324e+01 -8.7867e-01  3.0844e+01  1.0000e+00
-8.0608e-01 -2.9424e-01  7.1274e-01 -2.1932e+00  5.2766e+00  9.0127e-02  5.7150e+00  1.0000e+00
 5.8671e-01 -5.7173e+00  4.5343e+00  3.0028e+00 -3.2027e+01  2.5425e+01  4.1002e+01  1.0000e+00
 5.6682e-01 -9.2766e-01  5.5824e-01  2.4943e+01 -4.7396e+01  1.8498e+01  5.6663e+01  1.0000e+00
 4.3309e-01  3.8565e+00  3.8574e-01 -3.1612e+00  1.9642e+01  3.7674e+00  2.0248e+01  1.0000e+00
 2.6403e-01  5.4934e-01  1.4208e-02  1.8378e+00  5.6414e+00  5.9378e+00  8.3941e+00  1.0000e+00
 2.0099e+00 -1.1580e+00  4.4909e-01  5.7144e+00 -1.0522e-01  1.2050e+00  5.8410e+00  1.0000e+00
-4.2121e-01  1.0436e-01  3.0203e-01  1.3699e+01 -5.6850e+00 -8.5058e+00  1.7098e+01  1.0000e+00
 3.3047e+00 -1.4686e+00  1.9092e+00  1.6745e+01 -4.7115e+00  9.1267e+00  1.9644e+01  1.0000e+00
-1.4995e-01  5.5394e-01 -6.2622e-01 -3.0965e+00  4.6676e+00  1.2233e+00  5.7333e+00  1.0000e+00
-3.4147e-01  4.7119e-01  1.5058e-01 -3.6220e+00 -1.1383e+01  1.0630e+01  1.5990e+01  1.0000e+00
-1.7757e-01  3.5490e-01  1.1857e-01  1.1749e+01 -1.5489e+01  2.2041e+01  2.9389e+01  1.0000e+00
-1.3163e+00 -1.1476e+00 -6.3207e+00 -6.6552e+00 -5.6210e+00 -3.4405e+01  3.5491e+01  1.0000e+00
-7.5330e-01 -2.5089e-01  1.3370e+00 -5.1908e+00 -4.5944e+00  1.5434e+01  1.6919e+01  1.0000e+00
 7.4655e+00 -2.3907e-01 -1.7537e+00  4.2156e+01 -7.7075e-01 -8.8246e+00  4.3076e+01  1.0000e+00
-1.9445e-01  2.9112e-01  3.9678e-01 -2.0267e+00  7.4274e+00  2.2459e+01  2.3742e+01  1.0000e+00
 2.5409e+00 -2.8684e-01  6.7342e+00  1.5035e+01 -2.4727e+00  3.8939e+01  4.1814e+01  1.0000e+00
 1.4733e-01  3.3685e-01 -4.6612e-01 -4.9149e+00 -1.3433e+00 -2.1307e+00  5.5228e+00  1.0000e+00
-8.8737e-02 -2.5059e-01  1.1593e+00 -1.1986e+01 -2.6520e+00 -4.5307e+00  1.3085e+01  1.0000e+00
-3.1927e+00  5.3659e-01  5.0108e+00 -1.6358e+01  2.7527e+00  2.7042e+01  3.1725e+01  1.0000e+00
 6.4545e-02  3.7817e+00  1.1246e-01 -4.5673e+00  1.2997e+01 -1.2923e+00  1.3837e+01  1.0000e+00
-1.1520e-01  3.7631e-01  1.7354e-01 -2.9444e+01 -3.7738e+00  6.7338e+00  3.0439e+01  1.0000e+00
 7.4990e-01  1.2450e+01  8.4367e+00  2.9235e-01  6.3710e+01  4.0633e+01  7.5566e+01  1.0000e+00
-2.3554e+00  2.1560e+00 -1.2469e+00 -1.0527e+01  8.9390e+00 -2.7312e+00  1.4078e+01  1.0000e+00
-3.2140e-01  5.0560e-01  1.8388e-01 -1.8434e+00 -1.0859e+01 -6.2175e-02  1.1015e+01  1.0000e+00
-1.7490e-01  4.0896e-01  4.2133e-01 -6.3778e+00 -3.8047e+00 -2.5650e+01  2.6704e+01  1.0000e+00
-2.9577e-01  3.1603e-01 -5.3671e-01 -2.3631e+00 -5.1697e+00 -3.6524e+00  6.7565e+00  1.0000e+00
-7.0277e-02  2.6439e-01 -7.7648e-02  1.6060e+01  7.6798e+00  6.7856e-03  1.7802e+01  1.0000e+00
 1.0143e-01  5.8516e-01  2.4226e-01  1.0719e+00 -2.8788e+00 -2.4420e+00  3.9242e+00  1.0000e+00
-1.9666e+00 -1.7127e-01  2.3621e+00 -5.5812e+00  1.9260e-01  8.9098e+00  1.0515e+01  1.0000e+00
-7.4727e-02  4.0266e-01 -5.0758e-02  6.6665e+00  1.2865e+01 -1.2146e+00  1.4541e+01  1.0000e+00
-1.9730e+00  1.6985e+00  8.2387e-01 -2.9826e+01  2.4711e+01  8.0389e+00  3.9559e+01  1.0000e+00
-2.4600e-01  4.6937e-01 -3.7925e-02  1.5896e+01 -1.3521e+01 -1.3031e+01  2.4603e+01  1.0000e+00
-2.0074e-01  3.6520e-01  4.5641e-02 -1.1331e+01  7.3414e+00  1.0405e+01  1.7046e+01  1.0000e+00
-1.3036e-01  4.4973e-01  2.7940e-01  1.8085e+00 -6.8261e+00  1.9020e+01  2.0289e+01  1.0000e+00
-1.6129e-01  1.3057e-01  2.4524e-01 -5.4276e+00 -3.2232e+00 -1.5433e+01  1.6674e+01  1.0000e+00
 2.5955e+00 -4.5721e+00 -2.1821e+00  1.3703e+01 -2.2951e+01 -1.1721e+01  2.9187e+01  1.0000e+00
-3.4753e-01  2.3289e-01  1.5916e-01 -3.6648e+01 -3.2659e+00  1.2379e+01  3.8820e+01  1.0000e+00
 3.2089e+00  7.5205e-01 -7.9187e+00  1.8123e+01  5.3527e+00 -3.8804e+01  4.3161e+01  1.0000e+00
-6.1373e-01  3.3384e+00 -2.4572e+00 -2.8942e+00  1.6168e+01 -9.6480e+00  1.9049e+01  1.0000e+00
-6.3900e+00 -2.3800e+00  1.5294e+00 -3.6509e+01 -1.2550e+01  8.6997e+00  3.9573e+01  1.0000e+00
 7.8565e+00 -7.7813e-01 -3.2868e+00  4.5769e+01 -4.3603e+00 -1.8639e+01  4.9610e+01  1.0000e+00
 3.0187e+00 -1.6526e+01  1.0192e+01  1.7634e+01 -9.7830e+01  6.0815e+01  1.1653e+02  1.0000e+00
-2.7955e-01  4.5576e-01  1.3230e-01 -8.6660e-01 -7.1377e+00  1.9675e+01  2.0947e+01  1.0000e+00
-2.3477e-01  4.0951e-01 -1.5977e-01 -1.5105e+01  1.5356e+01 -3.6026e+00  2.1840e+01  1.0000e+00
-1.0892e-01  3.5358e-01  1.3009e-01  9.5791e+00  9.9433e+00  9.9838e+00  1.7038e+01  1.0000e+00
 4.7181e-01 -1.1383e-01  9.2142e-02  7.6152e+00 -9.0069e-01 -6.0546e+00  9.7704e+00  1.0000e+00
-4.1192e+00 -2.3357e+00 -2.0890e+00 -2.2133e+01 -1.0335e+01 -1.1518e+01  2.7007e+01  1.0000e+00
-1.5624e-01  8.2303e-01  1.9958e-02 -5.9149e+00 -9.8701e+00 -2.6873e+00  1.1816e+01  1.0000e+00
 3.4942e-01  3.9993e-01 -3.3714e-01  1.4249e+01  1.0249e+01  3.9996e+00  1.8002e+01  1.0000e+00
-2.7551e-01  2.2795e-01  7.6995e-02 -1.6527e+01  1.7635e+00  3.1356e+00  1.6914e+01  1.0000e+00
-2.5180e-01  4.1247e-01  1.6763e-01  1.7008e+01  3.7200e+00 -2.0076e+01  2.6574e+01  1.0000e+00
 1.4065e+00 -1.7709e+00 -2.0396e+00  6.1424e+00 -5.0723e+00 -5.9889e+00  9.9661e+00  1.0000e+00
 2.3778e-01  6.0754e-01 -2.0268e-02 -6.9090e+00  3.1787e+00  1.2653e+01  1.4763e+01  1.0000e+00
-2.7610e-01  3.9245e-01  1.9963e-01 -5.7852e-01  1.3245e+01  1.5693e+01  2.0543e+01  1.0000e+00
 2.8365e+00 -3.2750e+00 -4.2450e+00  1.4871e+01 -1.7985e+01 -2.1927e+01  3.2022e+01  1.0000e+00
-2.9970e-01  3.6992e-01  2.9052e-01 -2.1780e+00 -8.8658e+00 -2.5734e+01  2.7306e+01  1.0000e+00
-3.0043e-01  3.1972e-01  1.0460e-01  2.0432e+01 -1.8908e+00  2.1107e+01  2.9438e+01  1.0000e+00
 7.4655e-02  3.8669e-01  1.6994e-02 -2.4161e+01 -8.3526e+00 -7.2165e+00  2.6563e+01  1.0000e+00
-2.6152e-01  1.2540e+00  5.5969e-01 -5.2945e+00  5.8491e+00  1.4924e+01  1.6881e+01  1.0000e+00
-6.9444e-02  3.0390e-01  1.0733e-01 -8.8706e+00 -9.1549e+00 -2.3234e+00  1.2958e+01  1.0000e+00
-2.5665e-01  2.3835e-01  2.2469e-01 -8.6581e+00 -1.8143e+01 -1.1257e+01  2.3040e+01  1.0000e+00
 1.1397e+00 -9.5958e-01 -2.0270e-01 -1.0834e-01  3.1276e+00  2.1566e+00  3.8006e+00  1.0000e+00
-4.0712e+00  1.0155e+00  1.9639e+00 -6.1239e+01  1.4654e+01  3.0211e+01  6.9840e+01  1.0000e+00
-2.1639e-02  4.8353e-01  2.1540e-01  1.1028e+01  4.2025e+00 -7.3552e+00  1.3906e+01  1.0000e+00
 4.0958e+00  2.6601e+00 -5.1835e-01  1.9726e+01  1.4549e+01 -1.3473e+00  2.4548e+01  1.0000e+00
-1.4236e-01  3.5890e-01  1.1808e-01 -1.8780e+01  2.1860e+01 -6.9057e+00  2.9635e+01  1.0000e+00
-1.1659e-01  5.8659e-01  3.1748e-01 -1.5527e+01  1.4596e+01  3.9222e+00  2.1669e+01  1.0000e+00
-4.2719e-01  5.0151e-01  8.3545e-03 -5.8505e+00  7.8782e+00  4.5063e+00  1.0798e+01  1.0000e+00
 5.0958e-01  4.0667e+00  1.7754e-01  5.0220e+00  1.8824e+01 -1.7909e+00  1.9564e+01  1.0000e+00
-8.1210e+01  1.0042e+02 -6.6602e+01 -3.7964e+02  4.7214e+02 -3.1702e+02  6.8377e+02  1.0000e+00
-1.0785e+00  1.1063e+00  2.8302e-01 -2.6973e+00 -7.7986e+00 -3.5865e+00  8.9975e+00  1.0000e+00
-2.0122e-01  3.2216e-01  2.3846e-01  2.0454e+01 -2.1226e+01 -1.2372e+01  3.1969e+01  1.0000e+00
-1.0358e+00  1.3204e+00 -1.7422e-01  3.6949e+00 -1.0517e+00  1.8776e+00  4.2759e+00  1.0000e+00
-3.1675e-01  4.0007e-01  9.9216e-02  2.9674e+01  1.7261e+01 -3.7374e+00  3.4532e+01  1.0000e+00
-9.6202e-02  1.7241e-01 -3.8115e-01 -1.2828e+01 -2.9133e+00 -4.9831e+00  1.4067e+01  1.0000e+00
 2.5993e+00 -3.9536e+00 -3.8506e+00  1.5014e+01 -1.9921e+01 -1.9907e+01  3.1915e+01  1.0000e+00
 5.3488e-01 -1.4638e-01 -9.3987e-02  1.9946e+01 -7.9183e+00 -1.1373e+00  2.1490e+01  1.0000e+00
-5.4684e-01  3.1430e-01  1.1465e-01 -2.9864e+01 -7.8325e+00  1.7326e+01  3.5403e+01  1.0000e+00
-1.3974e-01  2.1194e-01 -1.6043e-01 -2.8426e+00  9.3734e-01 -1.8470e+01  1.8711e+01  1.0000e+00
-5.6093e+00  1.8193e-01  4.6938e+00 -3.1412e+01  2.2895e+00  2.7170e+01  4.1595e+01  1.0000e+00
-4.1369e-01  4.1108e-01  3.3224e-02 -1.8098e+00 -1.0894e+01 -2.6961e+01  2.9135e+01  1.0000e+00
-3.3369e-01  2.4280e-01  9.2942e-02  9.4021e+00 -4.2234e+00  1.2728e+01  1.6378e+01  1.0000e+00
-3.7849e+00  3.3366e+00 -6.0753e+00 -2.1209e+01  1.9550e+01 -3.4268e+01  4.4792e+01  1.0000e+00
 6.3820e+00 -4.4277e+00  1.7237e+00  3.5866e+01 -2.4279e+01  1.0033e+01  4.4458e+01  1.0000e+00
 3.6748e+00 -2.2414e+00  3.9418e+00  1.8846e+01 -1.1642e+01  2.1440e+01  3.0828e+01  1.0000e+00
-1.0725e-01  4.1113e-01  1.5835e-01 -1.2741e+01  5.3144e+00  2.5350e+01  2.8865e+01  1.0000e+00
-1.2330e-01  2.6156e-01  1.9672e-01  1.5139e+01  7.4168e+00  7.7660e+00  1.8561e+01  1.0000e+00
 2.8485e-01  5.3153e-01  3.4093e-02  7.6324e+00 -6.4850e-01  4.0467e+00  8.6631e+00  1.0000e+00
-3.3125e+00  7.8846e-01  1.2856e+00 -1.5288e+01  1.4659e+00  4.5141e+00  1.6008e+01  1.0000e+00
-1.8661e-01  4.5771e-01  2.2578e-01  6.4068e+00  3.2843e+01  9.0900e+00  3.4675e+01  1.0000e+00
 2.3558e-01  2.1554e-01  4.6122e-01 -1.8979e+01  1.7054e+01 -9.5844e-01  2.5533e+01  1.0000e+00
-2.2452e-01  6.5778e-01  1.4112e-02  2.0880e+00 -2.5592e+01  8.1674e+00  2.6945e+01  1.0000e+00
-2.4050e-01  5.5100e-01  8.3943e-02  1.8199e+01 -2.2554e+01  7.3302e-01  2.8990e+01  1.0000e+00
-2.8557e+00  2.2675e+00 -2.3831e+00 -1.3789e+01  1.4682e+01 -1.1693e+01  2.3290e+01  1.0000e+00
 3.9968e-02  1.3958e-01  2.0834e-01  1.7198e+01  2.2229e+01  1.1229e+01  3.0266e+01  1.0000e+00
-2.0072e+00  1.3011e+00 -5.0475e+00 -1.0886e+01  6.8470e+00 -2.6332e+01  2.9305e+01  1.0000e+00
 4.6909e-02  3.7330e+00  1.9596e+00 -6.0081e+00  1.6772e+01  6.1355e+00  1.8843e+01  1.0000e+00
-5.9469e+00 -1.4959e+00 -1.9391e+00 -3.4683e+01 -7.1092e+00 -9.1398e+00  3.6565e+01  1.0000e+00
-4.7107e-01 -8.1676e-01  3.0658e-01  8.5622e+00  6.0128e+00  2.0518e-01  1.0465e+01  1.0000e+00
-2.7965e-01  3.7803e-01  5.6973e-01  1.4833e+01  2.1120e+00 -2.1632e+01  2.6314e+01  1.0000e+00
-3.2880e-01  4.0487e-01  9.1137e-02 -1.3029e+01 -1.7616e+01 -2.6906e+01  3.4699e+01  1.0000e+00
 2.1641e-02  7.4152e-01  6.3425e-01 -1.2240e+01 -4.6550e-01 -9.0389e+00  1.5223e+01  1.0000e+00
-3.0316e-01  8.2657e-01  3.4252e-01  7.6339e+00  3.6448e-01 -1.3379e+01  1.5408e+01  1.0000e+00
-1.2339e-01 -2.1700e-02  3.6237e-02  9.8567e+00  1.3401e+00 -5.8022e+00  1.1516e+01  1.0000e+00
-5.0348e-01 -1.8678e-01  5.5741e-02 -1.2957e+01 -1.4671e+01  4.6667e+00  2.0122e+01  1.0000e+00
 1.6299e+00 -1.0374e+00  1.7310e+00  3.6540e+00 -3.9571e+00 -3.4274e+00  6.3842e+00  1.0000e+00
-2.9707e-01  3.1632e-01  1.0925e-01 -1.7527e+01 -8.8051e+00  1.2755e+01  2.3397e+01  1.0000e+00
-6.0086e-01  3.3422e-01  2.0422e-01  2.5308e+00  4.1540e+00 -5.6658e+00  7.4674e+00  1.0000e+00
-8.3447e+00  1.0032e+01 -6.2270e+00 -4.2141e+01  4.4441e+01 -2.6780e+01  6.6844e+01  1.0000e+00
-2.7956e-01  8.2335e-01  9.1350e-01  2.4786e+00 -7.2965e+00 -9.3998e+00  1.2155e+01  1.0000e+00
 2.0218e+00  2.9581e-01 -5.5146e-01  6.4734e+00  8.1918e+00 -3.2166e+00  1.0925e+01  1.0000e+00
-1.8047e-01  3.1806e-01 -6.4929e-03 -2.5109e+00  1.2582e+01 -7.8670e+00  1.5050e+01  1.0000e+00
-1.4568e-01  1.7906e-01  6.1494e-02 -8.3624e+00 -1.1196e+01 -1.5096e+01  2.0571e+01  1.0000e+00
-1.8559e-01 -4.6999e+00 -2.3928e+00 -7.2007e-01 -2.3420e+01 -1.3140e+01  2.6864e+01  1.0000e+00
-4.3411e-01 -6.4945e-02  3.0848e-01  5.5262e+00  6.2800e+00  9.4369e+00  1.2611e+01  1.0000e+00
 2.6716e+00 -3.9758e+00 -3.7267e+00  1.3492e+01 -2.1759e+01 -1.9652e+01  3.2275e+01  1.0000e+00
 2.3639e-01  2.3697e-01  1.7275e-01 -1.5798e+01  9.1172e+00 -5.3851e+00  1.9018e+01  1.0000e+00
-5.2344e-02  3.8363e-01  1.5097e-01 -1.3140e+00  1.0663e+01 -5.3587e+00  1.2006e+01  1.0000e+00
-1.3291e-01  3.3430e+00  1.6592e+00  2.9653e+00  1.6001e+01  6.0587e+00  1.7364e+01  1.0000e+00
 1.2686e+00 -2.8019e+00  4.3792e+00  7.0686e+00 -1.4666e+01  2.2655e+01  2.7898e+01  1.0000e+00
-1.9499e-01  4.0793e-01  8.4068e-02 -1.1819e+01 -3.0542e+00 -2.2534e+01  2.5628e+01  1.0000e+00
 6.1804e-02  2.3857e-01  3.3948e-01 -8.9323e+00  1.4446e+00 -2.7133e+00  9.4464e+00  1.0000e+00
-3.1935e-01  3.9592e-01  1.2941e-01 -1.9832e+01 -1.3416e+01  1.1018e+01  2.6357e+01  1.0000e+00
-5.8253e-01  3.9804e-01 -2.9272e-01 -7.7111e+00 -4.1589e-01 -5.4452e+00  9.4490e+00  1.0000e+00
-3.4617e+00 -1.2237e+00  2.4366e+00 -1.7800e+01 -5.1517e+00  1.0105e+01  2.1107e+01  1.0000e+00
-3.8952e-01  4.1347e-01  6.0591e-01 -4.9959e+00 -3.6824e+00  1.7454e+01  1.8525e+01  1.0000e+00
-2.9415e-01  4.4526e-01  2.3732e-01 -2.4258e+01  1.9941e+01 -3.5115e+00  3.1598e+01  1.0000e+00
 4.7316e+00 -6.2399e+00 -4.5898e-01  2.7448e+01 -3.4887e+01 -2.8386e+00  4.4481e+01  1.0000e+00
-2.1664e-01  3.9952e-01  2.5671e-01  1.6384e+01 -1.6256e+01 -2.4786e+01  3.3868e+01  1.0000e+00
-2.0781e+00  3.9069e-02  1.4967e+00 -2.1426e+00  4.8412e+00 -1.2635e+00  5.4428e+00  1.0000e+00
-1.6760e-01  1.4143e-01  1.3328e-01  9.6153e+00  2.1385e+01  3.5276e-01  2.3450e+01  1.0000e+00
-3.6527e-01  3.8836e-01  1.4938e-01 -1.3361e+01 -1.1975e+01  4.7407e+00  1.8558e+01  1.0000e+00
 1.8084e+00 -9.7132e-01  3.5251e-01  2.7947e+00 -3.4399e+00 -7.0049e-01  4.4871e+00  1.0000e+00
-1.7661e-01  3.9871e-01 -1.8488e-01  1.3721e+01  8.2724e+00  1.4420e+01  2.1555e+01  1.0000e+00
-4.9321e-01  1.7094e-01  4.6614e-01 -8.4740e+00  7.7261e+00 -6.7196e+00  1.3291e+01  1.0000e+00
-1.3691e+00 -5.8695e-01 -4.4652e-01 -1.5567e+01 -7.1336e+00 -3.9488e+00  1.7573e+01  1.0000e+00
-2.0178e-01  3.9849e-01  8.2936e-02  2.0560e+00  3.7894e+00  8.5029e+00  9.5334e+00  1.0000e+00
-2.9861e-01  2.5599e-01 -9.4739e-02 -7.6074e+00  1.1911e+01  1.1849e+01  1.8443e+01  1.0000e+00
-1.5740e-01  2.6979e-01  2.2820e-01  7.1341e+00 -1.6952e+01 -5.0472e+00  1.9072e+01  1.0000e+00
-3.9799e-01  3.2332e-01  3.2938e-02 -1.8761e+01 -8.3916e+00 -4.0270e+00  2.0943e+01  1.0000e+00
-1.6503e-01  2.7466e-01 -8.6313e-02 -5.0489e+00  6.6462e+00  1.2028e+01  1.4640e+01  1.0000e+00
 3.2325e-01  2.0567e-01  4.0305e-01  3.3090e+00 -3.6212e+00 -5.2343e+00  7.1736e+00  1.0000e+00
 6.6844e-03  4.3743e-01  1.3383e-01 -3.8589e+00 -1.4396e+01  9.1929e+00  1.7511e+01  1.0000e+00
 5.1700e-02  5.0793e-01 -1.6693e-01 -3.6702e+00  1.4989e+01  6.2259e+00  1.6641e+01  1.0000e+00
 1.7116e-01  4.7865e-01  6.0277e-02 -8.4642e+00  7.9983e+00  2.1473e+01  2.4427e+01  1.0000e+00
 3.3665e-01 -1.9028e-01  4.5982e-01  1.7347e+01 -2.1051e+00 -4.7861e+00  1.8117e+01  1.0000e+00
-2.8656e-01  4.5367e-01  1.6912e-01  8.9401e+00 -2.5875e+01  1.7034e-01  2.7377e+01  1.0000e+00
-1.7112e+00  4.2314e-01  1.2508e+00 -2.4225e+02  7.4258e+00  2.1810e+02  3.2605e+02  1.0000e+00
-3.0025e-01  5.0791e-01  2.3853e-01  1.0227e+00 -1.0383e+01 -5.8110e+00  1.1942e+01  1.0000e+00
 4.1819e-01  1.7550e+00 -7.1057e-03  1.2503e+00  6.6153e+00 -2.9935e+00  7.3679e+00  1.0000e+00
-1.1543e-01  1.4739e-01  2.0255e-01  1.7422e+01 -1.3189e+01 -2.3368e+01  3.1993e+01  1.0000e+00
-1.2463e+00  1.9542e+00  4.9738e+00 -4.6922e+00  7.5401e+00  1.7938e+01  2.0016e+01  1.0000e+00
 2.9862e+00  7.5450e-01  4.3738e-01  1.0153e+01  4.3639e+00  2.7431e+00  1.1387e+01  1.0000e+00
 3.1333e+00 -1.6315e+00 -2.7379e+00  1.5008e+01 -9.0559e+00 -1.2855e+01  2.1737e+01  1.0000e+00
-2.7659e-01  4.1692e-01 -7.2477e-03  1.4940e+01 -5.3577e+00  2.6943e+01  3.1271e+01  1.0000e+00
 3.7510e+00 -3.9323e+00 -5.8762e+00  2.1783e+01 -2.1874e+01 -3.2342e+01  4.4709e+01  1.0000e+00
-5.9710e-02  3.7700e-01  2.9818e-01 -6.0115e+00  7.9050e+00 -8.3689e+00  1.2987e+01  1.0000e+00
-1.5966e-01  5.8678e-01  2.3855e-01 -4.0054e+00 -6.0377e+00  9.4815e+00  1.1933e+01  1.0000e+00
-2.4710e-01  2.8326e-01 -1.5996e-02  1.7735e+00  1.4916e+01 -3.1600e+00  1.5350e+01  1.0000e+00
-1.2450e-01  3.7402e-01  2.6164e-01 -2.9845e+00  2.0575e+01 -1.6515e+01  2.6551e+01  1.0000e+00
-5.3252e-01 -4.7686e-02 -1.2685e-02  1.3929e+00  1.5734e+00  8.6381e+00  8.8901e+00  1.0000e+00
-3.2695e-01  2.6039e-01  7.3785e-02  3.6275e+00 -2.3583e+00 -3.9018e+01  3.9257e+01  1.0000e+00
 9.7661e-02  1.6528e-01  9.9203e-02 -1.0072e+01 -3.5082e+00 -5.8016e+00  1.2141e+01  1.0000e+00
-5.6737e-01  5.1353e-01  2.4118e-01  8.3298e+00  9.5278e+00 -1.5303e+00  1.2748e+01  1.0000e+00
-6.2722e-01  8.0551e-01  2.4943e-01 -1.8940e+01  1.1005e+01  1.3946e+01  2.5968e+01  1.0000e+00
-2.7326e-01  5.5195e-01  1.0081e-01 -5.5923e+00 -1.1628e+01 -8.0017e+00  1.5183e+01  1.0000e+00
-1.2918e+00  1.5390e+00  4.6217e+00 -5.1797e+00  7.8545e+00  2.3758e+01  2.5553e+01  1.0000e+00
 9.1675e-02  8.3260e-01 -8.6538e-02 -6.2481e+00  5.0948e+00 -2.4215e+01  2.5522e+01  1.0000e+00
-8.9853e-03  2.5892e-01  2.7288e-02 -4.0183e+00 -1.0177e+01  1.9815e+01  2.2635e+01  1.0000e+00
-1.9723e-01  4.6391e-01  2.6000e-02  2.7174e+01  1.8930e+01  4.8449e+00  3.3470e+01  1.0000e+00
-1.2451e+00  1.5820e+00  1.7053e+00  9.0324e-01  6.2958e+00  4.8191e+00  7.9798e+00  1.0000e+00
 3.1932e+00 -7.9711e+00  1.3622e+01  1.5654e+01 -3.9514e+01  7.1090e+01  8.2827e+01  1.0000e+00
 5.6047e+00  1.0893e+00  5.1827e+00  3.1494e+01  6.0012e+00  2.9859e+01  4.3812e+01  1.0000e+00
 1.3560e+00 -8.2983e-01 -5.0307e-01  2.1665e+00  2.8263e+00  1.6405e+00  3.9208e+00  1.0000e+00
-3.6370e-01  6.7309e-01  2.9335e-01  1.4190e+01  1.0740e+01  7.9369e+00  1.9486e+01  1.0000e+00
 1.4674e-01 -3.9258e-02  3.9329e-02 -1.7208e+00  7.9048e+00 -3.8790e+00  8.9718e+00  1.0000e+00
-1.5068e+00  8.4959e-01  6.0060e+00 -8.4035e+00  5.7238e+00  3.3102e+01  3.4629e+01  1.0000e+00
-4.1465e+00 -1.4072e+00 -4.1900e+00 -2.1479e+01 -2.8132e+00 -2.0015e+01  2.9493e+01  1.0000e+00
 5.4621e-01  1.7569e+00 -8.7734e-01 -1.6446e+00  3.7485e+00  2.6001e+00  4.8494e+00  1.0000e+00
-1.6135e+00 -2.0819e+00 -3.8951e-01 -1.3902e+01 -2.5122e+01 -1.6857e+00  2.8762e+01  1.0000e+00
 9.3655e-01  1.5463e-01 -1.9678e-01  1.4493e+00  6.4523e+00 -2.9976e+00  7.2607e+00  1.0000e+00
-1.6765e-01  1.9578e-01  1.0324e-01  3.1340e+00  1.3476e+01 -1.2413e+01  1.8588e+01  1.0000e+00
 4.4968e-01  1.5956e+00  6.5917e-01 -1.2511e+00 -2.4679e+00 -1.2530e+00  3.0374e+00  1.0000e+00
 4.4365e-03  3.7469e-01  1.3026e-01  1.9942e+01 -4.5318e+00  2.0987e+01  2.9304e+01  1.0000e+00
-2.2593e-01  1.9872e-01 -1.5997e-01  1.0592e+01 -6.1127e+00  4.2808e+00  1.2957e+01  1.0000e+00
-2.1014e+00  6.4570e+00 -8.8822e-01 -1.1192e+01  3.5715e+01 -4.4545e+00  3.7692e+01  1.0000e+00
 1.8900e+00 -3.1154e-01  9.9972e-01  9.6238e+00  3.7109e+00  1.0696e+01  1.4859e+01  1.0000e+00
-4.2396e+00 -3.8223e-01 -1.0248e+00 -2.0573e+01  1.4900e-01 -5.5080e+00  2.1299e+01  1.0000e+00
 6.3032e-01  2.3897e-01  1.4241e+00 -4.4477e+00 -2.5788e-01 -2.7785e+00  5.2506e+00  1.0000e+00
-3.5843e+00 -1.5103e+00  2.2511e+00 -1.5956e+01 -7.1722e+00  1.1627e+01  2.1006e+01  1.0000e+00
-1.9475e-01  3.4404e-01  1.2297e-01 -1.1861e+00  3.1421e+01 -2.9937e+00  3.1586e+01  1.0000e+00
 7.4633e+00  2.6180e+00  6.5182e-01  4.1759e+01  1.5199e+01  3.4609e+00  4.4574e+01  1.0000e+00
 2.8136e+00  4.1199e+00  3.3174e-01  1.5534e+01  2.1209e+01  3.2314e+00  2.6487e+01  1.0000e+00
-5.7663e+00 -3.6356e+00 -2.2041e+00 -3.2648e+01 -1.9316e+01 -1.2584e+01  3.9967e+01  1.0000e+00
 3.5611e-01 -8.9271e-01 -1.0237e+00 -5.2710e+00 -6.3914e+00 -9.7586e-01  8.3418e+00  1.0000e+00
-5.8486e+00 -2.8855e-01 -1.5025e+00 -3.2238e+01 -3.8551e-01 -8.5073e+00  3.3344e+01  1.0000e+00
 1.6450e-01  6.4501e-02 -1.4951e-01  4.3337e+00 -6.5452e+00 -1.5211e+01  1.7117e+01  1.0000e+00
 4.7138e-01  1.7179e+00 -1.0673e+00 -2.9989e+00  3.5721e+00  1.6826e+00  4.9582e+00  1.0000e+00
-1.3723e+00  4.8243e+00 -2.0901e+00 -6.6697e+00  2.5870e+01 -9.3596e+00  2.8308e+01  1.0000e+00
 2.8437e+00  2.5541e+00 -1.8691e+00  4.8078e+01  3.8932e+01 -3.0096e+01  6.8797e+01  1.0000e+00
-1.1208e-02  4.9800e-01  1.6276e-01  1.5947e+01 -3.3126e+00 -1.4691e+01  2.1934e+01  1.0000e+00
-1.0712e+00 -4.0836e-01 -2.0281e+00 -2.1801e+00  1.4095e+00 -7.8307e+00  8.2498e+00  1.0000e+00
 1.6854e-02  5.2676e-01  1.5928e-01 -2.1776e+01 -1.8044e+01  5.1597e+00  2.8747e+01  1.0000e+00
 1.3649e+00 -1.4888e+00 -1.5296e+00  8.5173e+00 -7.0606e+00  7.7406e-01  1.1090e+01  1.0000e+00
-7.9098e-02  1.2581e+00 -6.6609e-01 -2.3790e+00  8.7504e+00 -3.3689e+00  9.6736e+00  1.0000e+00
-1.0884e-01  7.0843e-01  3.8623e-01  1.3978e+01  2.2139e+01  6.3054e+00  2.6931e+01  1.0000e+00
-4.2254e+00 -2.0762e+00 -7.2929e+00 -2.5209e+01 -1.2797e+01 -4.4536e+01  5.2752e+01  1.0000e+00
-7.7709e+00 -2.7558e+00 -2.2382e-01 -4.4656e+01 -1.4543e+01 -1.5218e+00  4.6989e+01  1.0000e+00
 8.6283e-01 -1.7527e+00 -1.9218e+00  6.0325e+00 -4.5519e+00 -8.2626e+00  1.1197e+01  1.0000e+00
 7.9762e+00  1.2224e+00 -7.6643e-01  4.4912e+01  8.0761e+00 -4.8408e+00  4.5889e+01  1.0000e+00
-2.0021e-01  5.8542e-01 -8.9484e-02 -2.1303e+00 -7.5869e+00 -5.5169e+00  9.6196e+00  1.0000e+00
-1.7678e-01  3.8978e-01  3.9413e-01 -1.7394e+01  1.2086e+01  1.4571e+01  2.5709e+01  1.0000e+00
-2.4079e-01  1.3155e-01  2.0799e-01  1.1639e+01  2.3358e+01  7.8222e+00  2.7244e+01  1.0000e+00
-4.2980e-01  1.3737e+00 -4.2890e-01 -4.3936e+00  4.4088e+00 -8.3665e-01  6.2803e+00  1.0000e+00
-2.5642e-01  3.4100e-01  2.0140e-01  5.4563e+00 -2.5565e+00  9.4886e+00  1.1240e+01  1.0000e+00
-5.8492e-02  1.9025e-01  1.0591e-01  1.3587e+01 -8.8929e+00  1.3808e+01  2.1315e+01  1.0000e+00
-2.7934e-02  3.4315e-01  6.8458e-02 -2.7698e+00 -2.0997e+00 -1.5234e+01  1.5626e+01  1.0000e+00
-3.6175e+00  3.1517e+00 -7.3096e-01 -1.8172e+01  1.5292e+01 -2.5618e+00  2.3888e+01  1.0000e+00
-2.9024e-01  2.1907e-01  2.7068e-01 -2.8993e+00 -8.6465e+00  2.8573e+01  2.9993e+01  1.0000e+00
-4.0297e+00 -1.1554e+00  6.8799e-02 -1.8274e+01 -5.7753e+00 -4.1591e-01  1.9170e+01  1.0000e+00
-1.1870e-01  4.9934e-01  1.3714e-01 -1.9312e+01 -1.7614e+01 -2.3856e+01  3.5388e+01  1.0000e+00
-2.2435e-01  1.8048e-01  3.4065e-01 -1.0828e+00  1.0556e+01  1.7730e+01  2.0662e+01  1.0000e+00
-4.1083e-02  3.9436e-01 -4.6060e-03 -9.8759e+00 -2.2321e+01  2.3626e+01  3.3970e+01  1.0000e+00
-1.0921e-01  1.9497e-01  2.0420e-01  6.6586e+00  7.0720e+00 -3.0385e+00  1.0178e+01  1.0000e+00
 2.5426e+00 -6.4028e+00 -3.0712e+00  1.4384e+01 -3.5258e+01 -1.6993e+01  4.1698e+01  1.0000e+00
-5.6968e+00 -1.1641e+00  5.1349e+00 -3.2265e+01 -5.5242e+00  2.9073e+01  4.3781e+01  1.0000e+00
 3.4925e-01  5.8104e-01  4.7233e-01 -1.6357e+00 -1.0825e+01 -1.4332e+00  1.1041e+01  1.0000e+00
-1.1867e+00 -1.0111e+00 -2.3749e+00 -4.9500e+00 -2.3049e+00 -6.9766e+00  8.8593e+00  1.0000e+00
 1.9093e+00 -1.2180e+00  3.5087e-01  2.8091e+00 -4.0401e+00  3.6194e+00  6.1084e+00  1.0000e+00
-2.1579e-01  3.6066e-01  1.0006e-01 -5.8933e+00 -8.7949e+00  1.6486e+01  1.9592e+01  1.0000e+00
-6.5768e-01 -5.0665e+00 -3.5039e+00 -3.3941e+00 -2.8828e+01 -2.0360e+01  3.5456e+01  1.0000e+00
-1.2627e+00  2.2528e+00 -2.1109e+00 -5.2996e+00  8.8560e+00 -6.6186e+00  1.2260e+01  1.0000e+00
 6.3186e-01  2.0109e-01  5.5670e-01  6.4097e+00  3.3918e+00 -9.1184e-01  7.3089e+00  1.0000e+00
 1.0552e+00  7.5000e-01  9.6092e-03 -8.8169e+00  1.0786e-01  1.4001e-01  8.8187e+00  1.0000e+00
-5.9160e-01 -8.3948e-01  4.6398e-01 -3.6161e+00 -2.1656e-01  1.5374e+00  3.9353e+00  1.0000e+00
-1.1665e+00  5.1542e+00 -2.2461e+00 -5.5702e+00  2.6575e+01 -1.1188e+01  2.9367e+01  1.0000e+00
 1.5563e+00  3.5472e-01 -6.4326e-01 -3.1328e+00  3.1120e+00 -7.4326e-01  4.4779e+00  1.0000e+00
-2.4443e-01  7.6463e-01  7.1847e+00  1.8507e+00  5.2998e+00  2.9739e+01  3.0264e+01  1.0000e+00
-2.5650e-01 -1.5141e+00 -1.1336e-01 -1.1360e+00  2.9087e+00  1.6841e+00  3.5479e+00  1.0000e+00
-2.1135e-01  3.1713e-01  2.3120e-01 -1.5011e+00  9.0782e+00  3.5882e+00  9.8763e+00  1.0000e+00
-2.1076e-01  4.1876e-01  1.3830e-01  2.1350e+01  1.3091e+01 -1.4491e+01  2.8934e+01  1.0000e+00
 2.1404e-01  8.7446e-02 -6.3279e-02 -1.3707e+01  4.9196e-01  1.5237e+01  2.0501e+01  1.0000e+00
 1.8425e+00  3.8982e+00  2.2216e+00  1.0288e+01  2.0778e+01  1.0886e+01  2.5614e+01  1.0000e+00
-2.1637e-01  2.4923e-01  3.1115e-02 -1.1417e+01  6.3352e+00  1.9243e+01  2.3254e+01  1.0000e+00
-2.7940e-01  1.3972e+00  2.8095e-01 -3.3226e+00  1.5454e+01 -1.3341e-01  1.5807e+01  1.0000e+00
-8.2885e-02  3.3740e-01 -2.2672e-02 -8.6253e-01  2.7046e+01 -1.2383e+01  2.9758e+01  1.0000e+00
-1.6362e-01  6.7382e-01  1.7156e-01  1.0874e+01  1.1134e+01  1.5210e+01  2.1761e+01  1.0000e+00
-2.3296e-02  2.3174e-01  1.7750e-01 -1.0750e+00  1.4454e+00 -6.6212e-01  1.9192e+00  1.0000e+00
-2.7960e-01  4.2489e-01  9.5288e-02 -1.5369e+01 -1.5989e+01  1.5411e+01  2.7006e+01  1.0000e+00
 3.3492e+00 -2.5331e+00 -5.4775e-01  1.5819e+01 -1.1487e+01 -1.6507e+00  1.9620e+01  1.0000e+00
 4.7210e-02  4.9926e-01  3.3763e-01  4.1815e+00 -3.3425e+00  1.0667e+01  1.1935e+01  1.0000e+00
 6.4109e+00 -1.0736e+01  6.7420e+00  2.5383e+01 -5.0625e+01  3.2615e+01  6.5352e+01  1.0000e+00
 1.9332e-01 -8.3930e-01 -1.6515e+00  1.0730e-01 -6.0365e+00  4.2794e+00  7.4003e+00  1.0000e+00
 5.8927e-01 -2.7083e+00 -7.6385e+00  2.7964e+00 -1.4882e+01 -4.2759e+01  4.5362e+01  1.0000e+00
-1.8673e+00 -3.0918e+00 -5.2595e+00 -1.2106e+01 -1.6833e+01 -2.9074e+01  3.5711e+01  1.0000e+00
-4.5116e-01 -5.6469e+00  6.1867e-01 -2.0597e+00 -3.1096e+01  3.3453e+00  3.1343e+01  1.0000e+00
-7.4197e+00 -3.8897e+00 -1.9823e+00 -4.3200e+01 -2.1549e+01 -1.1192e+01  4.9557e+01  1.0000e+00
-1.7537e-01  4.4740e-01  9.3244e-02 -5.6451e+00  1.0912e+01  2.3454e+01  2.6476e+01  1.0000e+00
-6.1166e+00 -1.5271e+00 -1.2211e+00 -3.4765e+01 -8.5216e+00 -6.1464e+00  3.6318e+01  1.0000e+00
 8.0712e-01  7.9284e-02  7.9511e-01  3.0725e+00  1.2429e+00  9.3571e+00  9.9268e+00  1.0000e+00
-3.8826e-01  1.8077e-01 -5.0527e-02 -1.5157e+01  4.1132e-01  7.5186e+00  1.6924e+01  1.0000e+00
-9.7924e-01 -1.8648e-01 -2.5191e+00 -6.1928e+00  2.4582e-01 -2.1118e+01  2.2009e+01  1.0000e+00
 1.1811e+00 -2.2816e-02  8.5959e-01  6.1527e+00  6.1585e+00 -3.1764e+00  9.2667e+00  1.0000e+00
 9.2789e-04  3.0596e-01  1.5004e-01 -6.1724e+00  1.6244e+01 -8.5066e+00  1.9347e+01  1.0000e+00
