# limit = 6.90241
#
# x           y           z           vx          vy          vz          s           m
 6.9637e-01 -1.8043e+00 -1.2901e+00 -2.0268e+00 -4.0395e+00  2.1640e+00  5.0108e+00  1.0000e+00
-2.9865e-01  3.6064e-01  6.9734e-02  8.6861e+00  6.6156e+00  1.8948e+01  2.1869e+01  1.0000e+00
 7.1714e+00  1.5625e-01  1.3965e+00  3.5265e+01  1.7246e+00  6.9517e+00  3.5985e+01  1.0000e+00
-2.0770e-01  4.0564e-01  1.2181e-01 -4.3223e+00  1.1700e+01  7.4119e+00  1.4509e+01  1.0000e+00
-5.9065e+00  2.3124e+00  3.6658e+00 -3.0191e+01  1.1249e+01  1.7884e+01  3.6849e+01  1.0000e+00
 2.5060e+00 -9.4655e-01  7.3713e+00  1.3133e+01 -3.9657e+00  3.7162e+01  3.9613e+01  1.0000e+00
 5.3416e-01 -6.0118e+00 -4.2757e+00  1.9166e+00 -3.0447e+01 -2.0761e+01  3.6901e+01  1.0000e+00
-5.1815e-01  1.6812e+00  8.6523e-01 -1.2548e+00  4.2793e+00  3.3644e+00  5.5863e+00  1.0000e+00
-9.8923e+00  7.1391e+00  2.1572e+01 -4.5581e+01  3.3414e+01  1.0472e+02  1.1900e+02  1.0000e+00
-9.7147e-02  5.3126e-01  2.7423e-01 -1.8378e+01 -3.9540e-01  3.4228e+00  1.8698e+01  1.0000e+00
 1.9618e+00  2.1418e+00  1.5935e+00  5.2694e+00  7.5545e+00  4.4535e+00  1.0231e+01  1.0000e+00
-1.8268e-01  5.0773e-01  1.3023e-01  4.6293e+00 -2.4716e+01 -2.7960e+00  2.5300e+01  1.0000e+00
 7.9884e-01  7.5531e-01  1.4672e+00 -9.3587e-01 -3.2879e+00 -1.1839e+00  3.6177e+00  1.0000e+00
 1.9251e+00  2.1021e-01 -6.0745e-01  1.4503e+01  2.9286e+00 -2.3542e+00  1.4982e+01  1.0000e+00
-2.4460e-01  3.7642e-01  7.6421e-02  8.9613e+00  1.1151e+01  1.5896e+01  2.1385e+01  1.0000e+00
-2.8485e+00 -2.5734e-01 -2.6496e+00 -1.3130e+01 -2.6609e+00 -9.0077e+00  1.6144e+01  1.0000e+00
 4.3254e+00 -4.4964e+00 -5.0639e+00  2.1630e+01 -2.2591e+01 -2.6073e+01  4.0718e+01  1.0000e+00
-1.9928e-01  4.0691e-01  1.8175e-01  1.2404e+01 -2.3309e+01 -9.8078e+00  2.8167e+01  1.0000e+00
-2.5811e-01  5.7317e-01  2.3609e-01  3.1271e+00 -1.0034e+01 -7.8519e+00  1.3119e+01  1.0000e+00
 1.5089e+01  1.2615e+01 -5.6055e+00  7.3550e+01  5.8994e+01 -2.5249e+01  9.7608e+01  1.0000e+00
-6.0293e-02  3.5277e-01  5.3051e-01  2.8008e+00  8.2552e+00  8.2524e+00  1.2004e+01  1.0000e+00
-2.4660e-01  2.6303e-01  2.9301e-01 -1.2232e+01  6.5811e+00  1.5182e+01  2.0577e+01  1.0000e+00
-1.3284e-01  5.0133e-01 -4.2913e-02  6.8852e+00  6.1047e+00  3.7922e+00  9.9526e+00  1.0000e+00
-3.1833e+00  5.8663e+00 -6.0706e+00 -1.6174e+01  3.1023e+01 -3.1026e+01  4.6761e+01  1.0000e+00
-1.7283e-01  6.9103e+00 -3.1025e+00 -1.1886e+00  3.4826e+01 -1.5341e+01  3.8074e+01  1.0000e+00
-1.5348e+00  5.7195e-01 -3.2485e+00 -9.8243e+00  6.1151e+00 -1.3758e+01  1.7978e+01  1.0000e+00
 2.4631e+00 -5.4052e+00  1.1378e+00  1.0659e+01 -2.7606e+01  5.0825e+00  3.0026e+01  1.0000e+00
 1.2865e+01 -3.2902e+00 -1.2397e+01  7.5370e+01 -1.9867e+01 -7.2736e+01  1.0661e+02  1.0000e+00
 3.7003e-01 -8.1071e+00 -1.0701e+01  2.1884e+00 -4.2382e+01 -5.5887e+01  7.0174e+01  1.0000e+00
-1.9074e-01  3.3921e-01 -1.2752e-02 -4.9445e+00 -5.5256e+00  3.0452e+01  3.1342e+01  1.0000e+00
-2.6155e-01  3.3969e-01  6.6696e-02  1.0960e+01 -2.2346e+01  3.9602e+00  2.5202e+01  1.0000e+00
-4.0967e-02  5.2796e-01  9.9497e-02  1.1602e+01 -7.3520e+00 -2.2518e+01  2.6377e+01  1.0000e+00
-1.7847e-01  4.2875e-01  2.4205e-01  8.8268e+00  7.5744e+00 -3.1081e+01  3.3186e+01  1.0000e+00
-1.7222e-01  6.5865e-01 -1.6764e-01  1.0163e+01  3.9366e+00 -1.9670e+01  2.2488e+01  1.0000e+00
-1.3195e-01  3.4826e-01  8.0668e-02 -6.7378e+00  1.0224e+01 -2.1558e+01  2.4793e+01  1.0000e+00
 1.0015e-01  5.0923e-01 -1.0881e-01 -1.0327e+00  2.8712e+00 -2.4286e+01  2.4477e+01  1.0000e+00
 1.1264e+00 -1.0168e-01 -1.7540e-01 -9.7797e+00 -2.0383e+00  5.9233e+00  1.1614e+01  1.0000e+00
-5.8180e+00  1.1132e+01 -1.4386e+01 -2.8589e+01  5.4792e+01 -6.8084e+01  9.1951e+01  1.0000e+00
-6.1612e-01  2.1111e-01 -5.9533e-01 -5.6298e+00 -9.0197e-01 -9.2557e+00  1.0871e+01  1.0000e+00
 4.4776e+00 -1.1018e+00  3.7198e+00  2.0816e+01 -4.3896e+00  1.7572e+01  2.7593e+01  1.0000e+00
 2.9719e+00  2.6340e+00  1.0881e-02  1.1600e+01  1.0811e+01  2.0867e+00  1.5994e+01  1.0000e+00
-6.8381e-01  4.6714e-01 -3.5678e-01  7.9371e-02  2.4407e+00  1.5315e+01  1.5509e+01  1.0000e+00
-1.7888e-01  7.6177e-01  8.7305e-02  9.0738e+00  8.5186e-01  4.2088e+00  1.0039e+01  1.0000e+00
 7.9230e-01 -2.5249e+00  7.9513e+00  4.3377e+00 -1.2309e+01  4.0508e+01  4.2559e+01  1.0000e+00
 7.5482e+00  3.6842e+00  5.7204e-01  3.9500e+01  1.9142e+01  3.2033e+00  4.4010e+01  1.0000e+00
 2.8567e-01 -5.1701e+00  7.1749e-01  3.2230e+00 -2.5321e+01  4.5443e+00  2.5927e+01  1.0000e+00
-3.0944e-01  4.2449e-01  1.1258e-01 -7.3933e+00 -5.4614e+00 -2.2371e+01  2.4186e+01  1.0000e+00
 1.5926e+00 -1.9490e+00 -5.4270e-01  5.9308e+00 -3.1274e+00  3.7509e-01  6.7154e+00  1.0000e+00
 4.0417e+00 -1.5226e+00  1.7093e+00  1.7162e+01 -6.8275e+00  7.6097e+00  1.9976e+01  1.0000e+00
-9.3042e-01  5.7882e-01 -3.4224e-02 -8.7238e+00  9.2612e-01  9.8450e+00  1.3187e+01  1.0000e+00
-4.7728e-01  6.2550e-01  7.9676e-01 -6.1775e-01  3.1508e+00  9.4122e-01  3.3459e+00  1.0000e+00
-2.7246e-01  5.4433e-01  9.6619e-03  2.9906e+01  4.7957e-02 -4.8637e-01  2.9910e+01  1.0000e+00
-1.4951e+00 -2.2919e+00  2.2418e+00 -5.0132e+00 -8.4765e+00  8.2661e+00  1.2857e+01  1.0000e+00
-1.2784e-01  4.7502e-01  1.6577e-01  2.1033e+01 -2.7392e+01 -1.8715e+01  3.9281e+01  1.0000e+00
-2.8914e-01  5.8208e-01  7.1344e-03 -1.2796e+01  9.5539e+00  1.7638e+01  2.3793e+01  1.0000e+00
 1.1680e-01  4.9921e-01 -1.2087e-01 -1.7179e+01  9.9179e-01 -7.7843e+00  1.8886e+01  1.0000e+00
-2.9084e-01  3.1056e-01  5.1218e-01 -2.7417e+00  7.6842e+00 -3.4320e+00  8.8511e+00  1.0000e+00
-1.1117e-01  5.0636e-01 -3.3185e-02 -1.1297e+01  1.0404e+01  7.1920e+00  1.6959e+01  1.0000e+00
-1.5459e-01  3.9040e-01  1.4120e-01  1.4842e+01 -2.5300e+01 -2.0593e+01  3.5839e+01  1.0000e+00
 2.1019e+00 -9.7094e-01  5.8346e+00  9.4306e+00 -5.5536e+00  2.9071e+01  3.1063e+01  1.0000e+00
-1.4851e-01  3.5370e-01  4.1293e-02 -1.1270e+01 -1.9569e-02 -5.8580e-01  1.1285e+01  1.0000e+00
-1.9837e-01  1.5835e-01  2.7365e-01  8.0820e+00  1.1889e+01 -9.4002e+00  1.7176e+01  1.0000e+00
 2.9161e+00  2.1587e-01 -1.4254e+00  2.1336e+01  2.1343e+00 -1.0400e+01  2.3831e+01  1.0000e+00
-2.4589e-01  5.9625e-01  7.0507e-02  2.3026e+01 -5.4209e+00 -9.7611e+00  2.5591e+01  1.0000e+00
 2.0496e+00 -6.1626e-01  6.4928e-01  1.5601e+00 -1.1232e+00  1.2875e+00  2.3137e+00  1.0000e+00
-2.2738e-01  3.6798e-01  5.2921e-01  4.5420e-01 -4.5678e+00  4.4084e+00  6.3644e+00  1.0000e+00
-1.0595e-01  3.3641e-01 -2.8233e-02 -1.2083e+01 -2.1175e+01  1.2578e+00  2.4412e+01  1.0000e+00
-2.3469e-02  2.7109e-01  2.4433e-01 -5.1530e+00 -1.7928e+01 -7.9069e-01  1.8671e+01  1.0000e+00
-6.0578e-01  4.8858e-01  8.2644e-02  4.6392e+00 -2.7064e+00 -4.4736e+00  6.9900e+00  1.0000e+00
 1.1893e-01 -2.0351e-01  1.9051e-01 -5.9589e+00  9.4495e+00 -1.9595e+00  1.1342e+01  1.0000e+00
 6.8962e+00  8.6852e-01  1.3091e+00  3.4930e+01  3.8097e+00  6.2247e+00  3.5685e+01  1.0000e+00
-2.5483e-01  4.4658e-01 -1.0928e-02 -2.6854e+00  1.5483e+00  1.0571e+01  1.1016e+01  1.0000e+00
-4.9221e-01  1.0169e+00 -1.1413e-01 -4.2398e+00  4.1645e+00  2.2251e+00  6.3459e+00  1.0000e+00
 5.3157e-01  2.9138e-01 -3.9880e-01  1.4255e+00  6.1196e+00  1.4945e+00  6.4587e+00  1.0000e+00
-9.3888e-02  2.9003e-01  1.9948e-01  2.6450e+01  1.7157e+01 -1.9746e+01  3.7201e+01  1.0000e+00
-8.2358e-02  2.6066e-01  2.2186e-01  8.5773e+00  1.4165e+00  7.8834e+00  1.1736e+01  1.0000e+00
-2.3751e-01  1.1756e-01  1.6522e-01 -1.2268e+00  2.3638e+00  1.7599e+01  1.7799e+01  1.0000e+00
-4.0399e-01  9.4403e-01  2.5079e-01 -8.2315e+00  2.3267e+01 -3.7141e+00  2.4958e+01  1.0000e+00
 8.0813e+00 -4.0119e+00 -9.6523e-01  4.2167e+01 -1.9902e+01 -4.8229e+00  4.6877e+01  1.0000e+00
-4.9702e+00 -3.1759e+00 -2.0359e+00 -2.4468e+01 -1.4848e+01 -9.1590e+00  3.0050e+01  1.0000e+00
-2.8125e-01  2.5952e-01  1.5236e-01 -1.5421e+01  1.2577e+01  1.5448e+00  1.9960e+01  1.0000e+00
 1.9988e+00  7.4278e-01  1.4236e+00  3.4862e+01  7.5124e+00  2.2241e+01  4.2029e+01  1.0000e+00
 1.3404e+00 -6.6619e-01 -1.0291e+00  1.8722e+00 -3.7741e-01  3.4724e-01  1.9411e+00  1.0000e+00
 2.3264e+00  1.6886e+00  2.8196e+00  8.2757e+00  7.8311e+00  1.0685e+01  1.5620e+01  1.0000e+00
-2.7449e-02  4.8810e-01  1.4513e-01  3.7573e+00  7.1215e+00  2.4702e+01  2.5981e+01  1.0000e+00
-2.9527e-01  3.4855e-01  1.3015e-01 -2.5365e+01  1.5006e+01  5.4436e-01  2.9476e+01  1.0000e+00
 7.7855e-02  1.8649e-01 -4.2892e-02 -1.7733e+01  1.2363e+01  1.1193e+00  2.1646e+01  1.0000e+00
 1.7673e+00 -1.0503e+00  1.6122e+00  5.4192e+00 -3.0301e+00  3.5882e+00  7.1711e+00  1.0000e+00
 4.7466e+00  1.6196e+00 -4.8995e+00  2.2229e+02  5.5351e+01 -2.1518e+02  3.1429e+02  1.0000e+00
-3.5012e-02  5.8803e-01  1.5731e-01 -1.1941e+01  2.3246e+01  1.1205e+01  2.8434e+01  1.0000e+00
 1.7251e+00 -1.1386e+00  1.6056e+00  4.4259e+00 -5.5392e-01  7.3576e+00  8.6040e+00  1.0000e+00
-4.0130e-01  3.3052e-01  1.9614e-01 -7.6553e-01  5.0485e+00 -1.0247e+01  1.1449e+01  1.0000e+00
 1.9964e-02  2.1624e-01  1.6968e-01  2.8948e+01 -2.0217e+01 -5.2052e+00  3.5690e+01  1.0000e+00
-8.3333e-03  1.9283e-01 -1.8821e-02  2.4166e+01 -1.7392e+01  8.3714e-01  2.9786e+01  1.0000e+00
-6.7959e-01  9.5724e-01  2.6203e-01  8.7524e+00 -1.4276e+01  8.0484e-01  1.6765e+01  1.0000e+00
-1.3091e-01  4.8443e-01  1.2921e-01 -9.9147e+00  1.1986e+00  9.7688e-01  1.0035e+01  1.0000e+00
-2.5584e-01  5.4583e-01  9.1584e-03 -3.1019e-01 -1.6710e+01  8.3889e-01  1.6734e+01  1.0000e+00
-2.7460e+00 -4.0949e+00 -4.5624e+00 -1.3545e+01 -1.9617e+01 -2.2076e+01  3.2491e+01  1.0000e+00
 6.5893e-01 -1.4603e+00 -6.3128e+00  2.9726e+00 -5.7557e+00 -2.4738e+01  2.5572e+01  1.0000e+00
-2.2068e-01  2.4499e+00 -1.4332e+00  4.9402e+00  9.3760e+00 -4.9782e+00  1.1709e+01  1.0000e+00
-1.7571e-02  3.5387e-01  1.2414e-01  9.1616e+00  7.8311e+00  1.0121e+01  1.5738e+01  1.0000e+00
-4.4551e-01  7.4235e-01  2.9789e-01 -5.0575e+00 -6.0562e-01  9.2289e+00  1.0541e+01  1.0000e+00
 1.7765e+00 -1.0764e+00 -2.2107e-01  2.7113e+00  7.4258e-01 -3.4593e-01  2.8324e+00  1.0000e+00
 6.2666e-01  6.8078e-02  2.3969e-01 -1.3438e+01  1.0715e+01 -3.4614e+00  1.7533e+01  1.0000e+00
 6.8867e+00  2.4797e+00 -1.4939e-01  3.4296e+01  1.3584e+01 -1.0064e+00  3.6902e+01  1.0000e+00
-3.8404e-01  5.0226e-01  1.8226e-01  8.5430e+00  2.7698e+00  8.5029e+00  1.2367e+01  1.0000e+00
 5.1089e+00  2.5021e-01  5.7357e+00  2.5470e+01  1.5657e+00  2.8575e+01  3.8311e+01  1.0000e+00
-2.0667e-01  1.8709e-01 -1.8735e-01 -7.8873e+00  1.2153e+00  7.2480e+00  1.0781e+01  1.0000e+00
-1.7738e-01 -2.8771e-01  3.9135e-01 -1.5268e+01  5.3368e+00  3.1449e+00  1.6476e+01  1.0000e+00
-8.1452e+00  1.6171e+00  1.8291e+00 -4.1969e+01  9.1510e+00  9.6330e+00  4.4022e+01  1.0000e+00
-8.1681e-01  1.9856e+00  1.3247e-01 -1.8438e+00 -2.1815e+00  3.4045e+00  4.4440e+00  1.0000e+00
 1.7997e+00 -3.0100e+00  5.3331e+00  8.2375e+00 -1.4442e+01  2.5840e+01  3.0727e+01  1.0000e+00
 2.1327e+00 -2.1292e+00  4.4249e+00  9.3729e+00 -9.8990e+00  2.0604e+01  2.4706e+01  1.0000e+00
 3.6806e+00 -4.3311e+00 -1.6692e+00  1.6653e+01 -2.0305e+01 -7.3412e+00  2.7268e+01  1.0000e+00
 2.3331e+00 -1.4767e+00  5.1109e-01  6.8395e+00 -2.1433e+00  2.8295e-01  7.1730e+00  1.0000e+00
 2.1426e-01  3.1150e-01  2.1107e-01 -7.7564e+00 -4.2278e+00  8.1201e+00  1.1999e+01  1.0000e+00
-1.7951e-01  4.2778e-01  1.1561e-01 -1.9645e+01 -2.6609e+01  1.9051e+01  3.8169e+01  1.0000e+00
-3.5838e-01  4.1723e-01  2.3597e-01  1.5890e+00  1.8840e+01  1.4486e+01  2.3818e+01  1.0000e+00
-8.0438e-02  3.4700e-01  1.8414e-01  1.9113e+01 -9.2835e+00 -8.1408e+00  2.2754e+01  1.0000e+00
-2.5033e-02  2.5414e-01  2.5631e-01 -1.2494e+01  1.0999e+01 -7.9326e+00  1.8439e+01  1.0000e+00
 9.1271e-02  4.0232e-01  1.4826e-01 -7.7635e+00  1.3905e+01  2.1341e+01  2.6628e+01  1.0000e+00
-3.7110e-01  1.9108e-01  1.2177e-01  2.0950e+01  2.0374e+01  7.7579e-02  2.9223e+01  1.0000e+00
-1.0603e+01  4.3343e+00  3.8929e+00 -5.5334e+01  2.3139e+01  2.1345e+01  6.3662e+01  1.0000e+00
-3.1762e-02  4.6345e-01  1.5723e-01 -2.6745e+01  1.7536e+01 -2.4805e+00  3.2078e+01  1.0000e+00
 1.9488e-01  4.2396e-01  2.0530e-01  1.7380e+01 -8.0780e+00 -6.8207e-01  1.9178e+01  1.0000e+00
 1.1419e-01  2.9199e-01  2.1344e-01  6.6360e+00 -9.0499e+00  1.1401e+01  1.5997e+01  1.0000e+00
 4.0985e+00 -3.6408e+00 -1.5931e+00  2.0558e+01 -1.6949e+01 -6.4813e+00  2.7421e+01  1.0000e+00
 9.8363e-02  3.0633e-01  1.5420e-01  1.8263e+01  4.0061e+00  1.4290e+01  2.3533e+01  1.0000e+00
 2.8153e+00 -2.4867e+00  5.9215e+00  1.3526e+01 -1.1537e+01  3.0366e+01  3.5187e+01  1.0000e+00
-1.2589e-01  4.0692e-01  3.9919e-01  5.6731e+00  2.9749e+00  7.2900e+00  9.7045e+00  1.0000e+00
-9.1701e-01 -1.2660e+00 -5.2201e+00 -5.4372e+00 -5.3020e+00 -2.4268e+01  2.5429e+01  1.0000e+00
 1.8555e+00 -1.1701e+00  8.3789e-01  1.7936e+00 -1.8197e+00  1.9992e+00  3.2443e+00  1.0000e+00
-3.9618e-01  7.3644e-01  1.8687e-01 -1.0096e+01  8.1157e-01  1.2037e+01  1.5732e+01  1.0000e+00
-1.7824e-01  5.0840e-01  2.2097e-01 -1.9539e+01  1.5075e+01  1.5425e+01  2.9103e+01  1.0000e+00
-1.2665e+00  1.0152e+00  2.7373e-01 -3.7332e+00  6.2161e-02  2.2391e+00  4.3537e+00  1.0000e+00
-1.6268e-01  9.1647e-01 -5.3359e-01  1.9877e+00 -1.4913e+01 -2.8074e+00  1.5305e+01  1.0000e+00
-4.3498e-01  7.6149e-01  1.7939e-01 -5.6509e+00  8.1850e+00  1.7735e+00  1.0103e+01  1.0000e+00
-8.0420e-02  4.2087e-01  5.4236e-01 -1.1769e+01 -2.5198e+00 -2.7643e+00  1.2349e+01  1.0000e+00
 2.4074e+00 -1.5817e+00  5.8330e-01  4.5459e+00 -2.1571e+00  5.3044e+00  7.3113e+00  1.0000e+00
-8.5159e-01 -2.2745e+00  5.4733e+00 -4.3245e+00 -1.2125e+01  2.7092e+01  2.9995e+01  1.0000e+00
-1.6291e-01  4.1038e-01  1.4090e-01  4.0498e+01 -4.3462e+00  1.7247e+01  4.4232e+01  1.0000e+00
-2.5159e-01  2.3138e-01  1.7609e-01  4.5754e-01  1.9522e+01  3.0362e+01  3.6099e+01  1.0000e+00
-7.7360e+00  1.0685e+00 -2.4032e+00 -3.6407e+01  8.7026e+00 -9.6843e+00  3.8665e+01  1.0000e+00
-1.5901e-01  4.0434e-01 -8.1190e-02 -1.8690e+01 -4.6209e+00  3.3938e+00  1.9549e+01  1.0000e+00
-5.2416e-02  3.0243e-01  2.3723e-02  7.7916e+00  8.6527e+00 -1.2991e+01  1.7445e+01  1.0000e+00
-1.4654e-01  4.1957e-01  4.3765e-02  3.3834e+01 -1.2643e+01 -3.8342e+00  3.6322e+01  1.0000e+00
-2.6775e+00 -1.0593e+01 -1.1564e+01 -1.4994e+01 -4.4906e+01 -5.2423e+01  7.0637e+01  1.0000e+00
 7.0845e+00 -6.2887e+00  1.8006e+00  3.5968e+01 -3.1698e+01  8.8835e+00  4.8758e+01  1.0000e+00
-2.5173e-01  4.7131e-01 -3.2095e-01 -1.4590e+00 -3.5967e+00 -8.1223e+00  9.0021e+00  1.0000e+00
 8.3199e-01 -3.7777e-01 -1.7878e+00  1.2352e+00  1.2066e+00 -4.8465e-01  1.7934e+00  1.0000e+00
-5.3223e-01  5.6042e-01  2.8765e-02  1.5452e+01  8.3327e+00 -1.2754e+01  2.1700e+01  1.0000e+00
 6.7837e-01 -9.6996e-01 -1.7830e+00  2.6126e+00  9.9958e-01 -2.3316e+00  3.6416e+00  1.0000e+00
-7.6073e-01  1.0847e+00 -3.3349e-02  4.8792e+00 -5.0566e+00 -4.7193e+00  8.4645e+00  1.0000e+00
-6.5939e-02  2.3833e-01 -1.1928e-02  9.6313e+00 -2.2035e+01 -4.1893e+00  2.4410e+01  1.0000e+00
-3.9142e+00  5.9485e+00 -3.3151e+00 -1.9716e+01  3.1173e+01 -1.6311e+01  4.0330e+01  1.0000e+00
-3.1940e-01  4.1339e-01  2.1533e-01  4.7219e+00 -7.3490e+00  1.7073e+01  1.9178e+01  1.0000e+00
-1.4715e+00  3.2195e-01 -5.2778e-01 -1.5269e+00  1.0235e+00  4.4639e+00  4.8275e+00  1.0000e+00
-1.1868e-01  3.3457e-01  2.0338e-01 -1.9011e+01 -1.4420e+01  7.1140e+00  2.4899e+01  1.0000e+00
-1.9833e-01  4.6077e-01  5.2443e-01  1.1239e+01 -3.9382e+00 -5.7029e+00  1.3204e+01  1.0000e+00
-3.6242e-01  2.8724e-01  1.3400e-01 -2.9180e+00 -8.7459e+00  1.8948e+01  2.1072e+01  1.0000e+00
-3.1740e-02  2.9342e-01  1.3888e-01  2.2966e+01  8.9728e+00 -7.0975e+00  2.5658e+01  1.0000e+00
 1.1891e-01  2.3582e-02  1.5689e-01  1.3537e+01 -2.3855e+00  9.6347e+00  1.6786e+01  1.0000e+00
-1.5628e-01  3.3107e-01  2.2317e-01 -1.4983e+01  2.3103e+00  2.0136e+01  2.5205e+01  1.0000e+00
-2.9239e-01  5.1962e-01  1.8337e-01  2.0009e+01  2.1119e+01  7.7643e+00  3.0111e+01  1.0000e+00
 2.5935e-01  6.4187e-01  1.3707e-01 -4.6956e-01  8.8980e-01  1.4208e+01  1.4244e+01  1.0000e+00
 1.9881e+00 -3.2426e+00  5.1662e+00  9.2172e+00 -1.4118e+01  2.6056e+01  3.1035e+01  1.0000e+00
-9.0396e-02  2.7484e-01  3.2490e-01 -3.4177e+00  1.2810e+01 -1.4381e+01  1.9560e+01  1.0000e+00
 1.3878e+01 -9.5577e+00 -1.9881e+01  6.9286e+01 -4.7281e+01 -9.5474e+01  1.2709e+02  1.0000e+00
-2.0407e-01  3.1501e-01  4.9205e-02 -1.3410e+01 -1.2061e+01  8.7063e+00  2.0027e+01  1.0000e+00
-1.0434e+00  1.6169e+00  1.9597e+00 -4.1591e+00  8.5210e+00  6.1110e+00  1.1281e+01  1.0000e+00
 3.6722e+00 -1.4572e+00 -1.1217e+00  1.9380e+01 -4.7002e+00 -3.6063e+00  2.0265e+01  1.0000e+00
-3.3442e-01  4.3505e-01  2.3531e-01 -1.0416e+01  3.9811e+00 -1.2419e+00  1.1220e+01  1.0000e+00
 3.1204e-02  5.8270e-01 -1.3109e-01 -2.6793e+01  4.4779e+00  1.3368e+01  3.0276e+01  1.0000e+00
 1.1719e-01  5.6842e-01  2.4277e-01 -1.5437e+01 -1.0253e+01  1.3610e+01  2.2993e+01  1.0000e+00
-8.2318e-02  4.4079e-01  1.8073e-01  1.2578e+01  1.1333e+00  1.1376e+01  1.6997e+01  1.0000e+00
-2.7275e-01  5.1379e-01  1.0844e-01 -8.5172e+00 -1.0340e+00 -5.9292e+00  1.0429e+01  1.0000e+00
-6.2498e-01  8.0042e-01 -4.3181e-02  1.1821e+01 -1.1991e+01  1.1960e+01  2.0653e+01  1.0000e+00
-4.9128e-01  2.4243e-01  4.0748e-01  2.1341e+00 -4.0891e+00 -7.1183e+00  8.4821e+00  1.0000e+00
 1.9716e-02  3.0270e-01 -8.1227e-03 -3.7774e+01 -1.0162e+00 -3.9104e+00  3.7989e+01  1.0000e+00
 3.5991e-01 -2.8837e+00  5.1647e+00  1.5717e+00 -1.3963e+01  2.4462e+01  2.8211e+01  1.0000e+00
-2.7073e+00  2.3605e+00 -1.6231e+00 -5.9095e+01  4.5062e+01 -3.7889e+01  8.3417e+01  1.0000e+00
 7.1470e-02  6.3201e-01  5.4501e-02  9.8530e+00  2.0625e+01 -1.6730e+01  2.8326e+01  1.0000e+00
-5.6093e-01  4.7126e-01 -5.0554e-02  1.2733e+00  8.8412e+00 -1.2446e+00  9.0187e+00  1.0000e+00
-6.1647e-02  4.1078e-01  2.5257e-01 -6.8858e+00  1.6849e+01 -5.2096e+00  1.8933e+01  1.0000e+00
-7.8943e-01 -2.8873e-01  2.8034e-01  3.7897e+00  2.0160e+00  3.1965e+00  5.3520e+00  1.0000e+00
-5.4462e-01  2.4535e-02 -5.6270e-02  7.4821e+00  1.0514e+01  5.0812e+00  1.3869e+01  1.0000e+00
 5.6092e-02 -3.8909e-02 -1.4184e-01  2.3259e+00  1.0443e+01  4.8188e+00  1.1734e+01  1.0000e+00
-4.9107e+00  4.1155e+00 -1.3896e+00 -2.3506e+01  1.9837e+01 -6.5219e+00  3.1441e+01  1.0000e+00
 2.7558e+00 -2.1231e+00 -8.4284e+00  1.4353e+01 -1.1301e+01 -4.3905e+01  4.7554e+01  1.0000e+00
-2.1675e-01  5.3511e-01  9.9785e-02  7.4337e+00 -7.6108e+00 -2.0902e+01  2.3454e+01  1.0000e+00
-3.6199e-01 -5.7666e+00 -4.1154e+00 -1.1281e-01 -2.8213e+01 -1.9990e+01  3.4577e+01  1.0000e+00
-1.9751e+00  1.8432e+00 -8.0578e+00 -1.0735e+01  1.0180e+01 -4.1383e+01  4.3948e+01  1.0000e+00
 1.0697e+00 -5.0843e+00  2.4919e-02  4.9069e+00 -2.4869e+01  2.0702e-01  2.5349e+01  1.0000e+00
-3.5033e-01  3.0275e-02  2.7499e-01  4.7338e+00  2.3833e+01 -8.2539e+00  2.5662e+01  1.0000e+00
-9.7264e-01 -1.1438e+00 -5.6830e+00 -4.8149e+00 -6.5036e+00 -2.6656e+01  2.7857e+01  1.0000e+00
-4.9605e-01 -9.1345e-02 -2.5541e-01  6.9659e+00  1.7173e+01  1.1207e+01  2.1657e+01  1.0000e+00
-3.0430e-01  6.2340e-01  2.6975e-01  6.1623e+00  2.6774e+00 -1.7732e+01  1.8962e+01  1.0000e+00
 1.8649e+00  1.6265e+00  2.7751e+00  1.9382e+01  1.0895e+01  2.6969e+01  3.4953e+01  1.0000e+00
 1.5698e-02  3.6500e-01  2.4371e-01 -1.7180e+01 -2.8745e+00 -2.1786e+01  2.7893e+01  1.0000e+00
 3.2620e+00 -4.4008e+00 -1.7501e+00  1.6848e+01 -2.0166e+01 -8.3129e+00  2.7561e+01  1.0000e+00
-3.9182e-01  2.3339e-01  2.5321e-01 -2.0110e-01 -6.7097e+00 -2.6335e+00  7.2109e+00  1.0000e+00
 6.3467e-02  4.6861e-01  1.3833e-01 -2.5797e+01  4.7943e+00  7.2430e+00  2.7220e+01  1.0000e+00
-5.8280e+00 -2.6568e+00 -1.9012e+00 -2.8616e+01 -1.2805e+01 -8.7666e+00  3.2553e+01  1.0000e+00
 3.2905e+00  1.5025e+00  2.8510e+00  1.4617e+01  8.4549e+00  1.5232e+01  2.2741e+01  1.0000e+00
-1.0664e-02  3.0986e-01  5.4181e-02  1.8409e+01 -8.7717e+00  1.3262e+01  2.4325e+01  1.0000e+00
 2.1875e+00 -7.3722e+00 -5.7745e-01  1.1741e+01 -3.7844e+01 -2.9913e+00  3.9736e+01  1.0000e+00
-1.9755e-02  3.8486e-01  1.0963e-01 -3.1888e+01  2.0435e+00  8.1068e+00  3.2966e+01  1.0000e+00
-9.7060e+00 -8.7422e-01  1.4360e+01 -5.7086e+01 -5.5960e+00  8.4214e+01  1.0189e+02  1.0000e+00
 4.1623e+00 -7.3416e+00 -5.9257e+00  2.2286e+01 -3.8194e+01 -3.1104e+01  5.4064e+01  1.0000e+00
 4.3749e-01  1.5561e-01  1.2974e-01  5.0870e+00 -6.3983e-01 -5.7276e+00  7.6872e+00  1.0000e+00
-1.9583e-01  4.8843e-01  9.1175e-02  3.6113e+01 -3.7222e-01  2.8846e+01  4.6221e+01  1.0000e+00
-1.9305e-01  2.0170e-01  2.8584e-01 -2.4648e+01  6.0919e+00 -1.8766e+01  3.1572e+01  1.0000e+00
-2.8973e+00 -8.7608e-01 -2.2234e+00 -1.2639e+01 -2.6827e+00 -9.1855e+00  1.5853e+01  1.0000e+00
-2.8329e-01  2.3540e-01  1.0801e-01 -2.3202e+01 -9.8562e+00 -1.0996e+01  2.7503e+01  1.0000e+00
-3.6019e-01  4.6839e-01  2.5900e-01  7.5812e-02  1.9143e+01  1.0085e+01  2.1637e+01  1.0000e+00
-5.2639e-02 -5.7703e+00 -4.0666e+00 -7.3813e-01 -2.7421e+01 -1.9906e+01  3.3892e+01  1.0000e+00
-2.8673e-01  5.5569e-01  9.2023e-02  1.7535e+01  3.0578e+00  6.6883e+00  1.9015e+01  1.0000e+00
 1.6291e-03  4.9457e-01 -1.5197e-03  1.2589e+00  4.5369e+00 -7.0546e+00  8.4815e+00  1.0000e+00
-1.3217e-01  5.7958e-01  9.9742e-02  6.3516e+00  2.6626e+00  4.0718e-01  6.8991e+00  1.0000e+00
 5.2774e-01  2.7162e-01  1.3921e+00 -5.1638e+00  1.8437e-01 -5.4069e+00  7.4788e+00  1.0000e+00
-3.7628e-01  4.7848e-01  2.3658e-01  1.9723e+01  1.3979e+01  1.2997e+01  2.7447e+01  1.0000e+00
-1.1545e+01 -1.3344e+01  6.0971e+00 -5.1496e+01 -6.2747e+01  2.9615e+01  8.6407e+01  1.0000e+00
-1.3162e-01  4.2593e-01  3.1229e-01 -7.8751e+00  2.3296e+01  4.1052e+00  2.4931e+01  1.0000e+00
-1.8891e-01  1.3616e-01  1.5818e-01  2.7598e+00  6.0041e+00 -1.0096e+01  1.2066e+01  1.0000e+00
-2.0798e-01  3.7668e-01  2.6361e-02  4.1351e+00  1.5991e+01 -1.8857e+00  1.6625e+01  1.0000e+00
-1.8171e-01  2.3084e-01  3.4274e-01 -2.0643e+01  6.4182e+00 -4.4308e+00  2.2067e+01  1.0000e+00
 2.6910e-01 -4.8778e-03 -1.3655e-01  1.2106e+01  1.1092e+00 -3.8332e+00  1.2747e+01  1.0000e+00
-4.3201e-01  1.7350e-01  1.8364e-01  1.2130e+01  2.8042e+01 -1.6730e+00  3.0599e+01  1.0000e+00
 1.5818e-02  6.1291e-01  4.6698e-01 -2.1216e+01 -1.4697e+01 -8.1320e+00  2.7060e+01  1.0000e+00
-2.1151e-02 -5.0685e+00  2.5110e+00 -2.8008e-01 -2.4864e+01  1.1696e+01  2.7479e+01  1.0000e+00
-6.2230e+00 -3.8713e+00 -2.2732e+00 -3.2922e+01 -1.9667e+01 -1.1629e+01  4.0073e+01  1.0000e+00
-4.7015e-01 -1.3558e+00 -3.5649e-01 -8.5791e+00 -2.1805e+00 -2.9469e+00  9.3295e+00  1.0000e+00
 6.2149e-02  1.9277e-01  2.3358e-01 -1.1665e+01  2.8516e+00  1.8281e+01  2.1872e+01  1.0000e+00
 8.0248e+00 -2.9186e+00 -5.3160e-01  4.1471e+01 -1.4697e+01 -2.3003e+00  4.4058e+01  1.0000e+00
 3.1422e-01 -1.2714e-02  2.3594e-01  1.6517e+01  1.0592e+01 -1.1766e+01  2.2878e+01  1.0000e+00
 8.7138e+01 -1.0821e+02  7.1445e+01  3.8386e+02 -4.7418e+02  3.0947e+02  6.8408e+02  1.0000e+00
-2.5675e-01  3.5557e-02  1.3390e-01 -1.9265e+01 -9.8084e+00 -1.1335e+01  2.4409e+01  1.0000e+00
 1.4837e-01  6.4908e-01 -3.5501e-01 -5.7945e+00  5.2186e+00 -6.6665e+00  1.0259e+01  1.0000e+00
-1.0792e-01  4.2317e-01  9.6825e-02 -3.0497e+00  5.1502e-01  1.5583e+01  1.5887e+01  1.0000e+00
 4.7272e+00  3.8855e+00  2.6531e-01  2.2694e+01  1.8181e+01  1.9558e+00  2.9145e+01  1.0000e+00
-2.9163e+00 -9.0523e-01  1.3610e+00 -2.1739e+01 -5.4830e+00  1.1887e+01  2.5376e+01  1.0000e+00
 1.1895e+00 -6.3299e+00  4.3486e-01  5.4673e+00 -3.0837e+01  1.3084e+00  3.1345e+01  1.0000e+00
-1.8571e-01  3.7152e-01  6.2727e-02  3.2272e+01  1.4148e+01  1.5385e+01  3.8449e+01  1.0000e+00
 3.5277e-01  3.0485e+00 -4.5904e+00  1.4612e+00  1.4181e+01 -2.2349e+01  2.6509e+01  1.0000e+00
-8.3780e+00  2.8166e+00  3.0927e+00 -6.9015e+01  2.3205e+01  2.5153e+01  7.7034e+01  1.0000e+00
-3.1129e-01  6.4824e-01  1.4138e-01  1.9261e+00  1.1991e+00  4.8985e+00  5.3984e+00  1.0000e+00
-1.2611e-01  1.8836e-01  6.4807e-02  2.3204e+01  3.0520e+01 -1.5570e+01  4.1380e+01  1.0000e+00
-5.3561e-01  6.2812e-01  1.0397e-01 -1.3960e+01  4.8304e+00 -1.0690e+01  1.8234e+01  1.0000e+00
-8.2178e-01 -1.8909e-01  6.9541e-01  3.3090e-01  7.5854e+00 -2.2373e+00  7.9154e+00  1.0000e+00
 6.3577e-01 -6.2404e+00  4.9496e+00  2.9976e+00 -3.1926e+01  2.5352e+01  4.0877e+01  1.0000e+00
 9.6994e-01 -1.6922e+00  8.5682e-01  2.4437e+01 -4.6233e+01  1.8064e+01  5.5326e+01  1.0000e+00
 3.8083e-01  4.1748e+00  4.4598e-01 -3.2208e+00  1.9271e+01  3.6085e+00  1.9869e+01  1.0000e+00
 1.6819e-01  5.7532e-01  1.3657e-01 -1.4019e+01 -3.0255e+00  8.3009e+00  1.6571e+01  1.0000e+00
 2.0940e+00 -1.1583e+00  4.6563e-01  4.5840e+00  5.6010e-02  8.6874e-01  4.6659e+00  1.0000e+00
-1.1741e-01  1.7307e-01  1.1931e-01  2.0680e+01  1.7717e+01 -1.1946e+01  2.9736e+01  1.0000e+00
 3.5767e+00 -1.5446e+00  2.0569e+00  1.6509e+01 -4.5752e+00  8.9452e+00  1.9326e+01  1.0000e+00
-2.0075e-01  6.1335e-01 -5.4918e-01 -3.0131e+00  2.5023e+00  8.3504e+00  9.2233e+00  1.0000e+00
-3.1488e-02  2.4158e-01  1.6094e-01  7.3127e+00 -8.9491e+00 -5.6496e+00  1.2864e+01  1.0000e+00
-1.7412e-01  3.8439e-01  2.4361e-01 -2.0435e+00  1.2852e+01 -1.1773e+01  1.7549e+01  1.0000e+00
-1.4249e+00 -1.2394e+00 -6.8822e+00 -6.6210e+00 -5.5968e+00 -3.4250e+01  3.5330e+01  1.0000e+00
-8.3153e-01 -3.1944e-01  1.5755e+00 -4.4157e+00 -3.8253e+00  1.3810e+01  1.4994e+01  1.0000e+00
 8.1542e+00 -2.5164e-01 -1.8978e+00  4.2048e+01 -7.6674e-01 -8.7955e+00  4.2965e+01  1.0000e+00
-2.3397e-01  4.3896e-01  5.5478e-01 -1.3623e+00  9.2742e+00 -2.9812e+00  9.8364e+00  1.0000e+00
 2.7863e+00 -3.2758e-01  7.3700e+00  1.4972e+01 -2.5076e+00  3.8810e+01  4.1674e+01  1.0000e+00
 3.6875e-02  3.1905e-01 -4.3032e-01 -8.6152e+00 -7.0279e-01  6.8124e+00  1.1006e+01  1.0000e+00
-2.8474e-01 -2.7985e-01  1.0621e+00 -1.1896e+01 -8.5297e-01 -7.3663e+00  1.4018e+01  1.0000e+00
-3.4595e+00  5.8154e-01  5.4518e+00 -1.6259e+01  2.7436e+00  2.6884e+01  3.1538e+01  1.0000e+00
-9.6311e-03  3.9906e+00  9.1722e-02 -4.5071e+00  1.2558e+01 -1.2451e+00  1.3400e+01  1.0000e+00
-3.6653e-01  3.3767e-01  1.2712e-01  7.3088e+00  1.0883e+00 -4.1662e+00  8.4830e+00  1.0000e+00
 7.5467e-01  1.3491e+01  9.1013e+00  2.9061e-01  6.3683e+01  4.0615e+01  7.5532e+01  1.0000e+00
-2.5240e+00  2.2992e+00 -1.2901e+00 -1.0108e+01  8.5572e+00 -2.6076e+00  1.3498e+01  1.0000e+00
-4.8722e-02  2.3991e-01  6.2881e-02  1.6105e+01 -1.1070e+01 -1.1128e+01  2.2489e+01  1.0000e+00
-1.9590e-01  3.0453e-01 -1.8556e-01  8.8057e+00 -5.6728e+00 -3.0635e+01  3.2376e+01  1.0000e+00
-3.2119e-01  2.3907e-01 -5.2598e-01 -6.5620e-01 -4.0469e+00  4.9679e+00  6.4411e+00  1.0000e+00
-1.6747e-02  4.4508e-01  1.3916e-01 -1.6370e+01  1.0594e+01  2.4246e+01  3.1114e+01  1.0000e+00
-5.1061e-02  3.7896e-01  1.3657e-01 -2.2157e+01 -2.0299e+01 -1.0611e+01  3.1868e+01  1.0000e+00
-2.0548e+00 -1.6719e-01  2.5037e+00 -5.2127e+00  3.0175e-01  8.4142e+00  9.9026e+00  1.0000e+00
-1.5938e-01  3.3268e-01  1.6300e-01 -1.2777e+01 -1.5426e+01  1.9164e+01  2.7721e+01  1.0000e+00
-2.4555e+00  2.0987e+00  9.5334e-01 -2.9210e+01  2.4253e+01  7.8103e+00  3.8761e+01  1.0000e+00
-3.4075e-02  2.2688e-01  2.0587e-01  4.4102e+00 -2.7083e+00  3.1073e+01  3.1501e+01  1.0000e+00
-2.1957e-01  4.6191e-01  2.7914e-01  3.9219e+00 -5.5171e+00  6.7089e+00  9.5305e+00  1.0000e+00
-2.3437e-01  3.1633e-01  3.4252e-01 -7.3174e+00 -4.8852e+00 -1.2319e+01  1.5138e+01  1.0000e+00
-2.1119e-01  3.7526e-01 -5.1781e-03  1.8063e+00  3.2426e+01 -2.0157e+00  3.2539e+01  1.0000e+00
 2.8191e+00 -4.9461e+00 -2.3732e+00  1.3643e+01 -2.2789e+01 -1.1645e+01  2.9001e+01  1.0000e+00
-7.8797e-01  2.7026e-01  3.1213e-01 -2.0385e+01  4.5943e+00  7.4490e+00  2.2185e+01  1.0000e+00
 3.5051e+00  8.3951e-01 -8.5527e+00  1.8086e+01  5.3405e+00 -3.8719e+01  4.3068e+01  1.0000e+00
-6.6079e-01  3.6006e+00 -2.6130e+00 -2.8610e+00  1.5893e+01 -9.4129e+00  1.8692e+01  1.0000e+00
-6.9862e+00 -2.5848e+00  1.6714e+00 -3.6388e+01 -1.2497e+01  8.6635e+00  3.9438e+01  1.0000e+00
 8.6045e+00 -8.4939e-01 -3.5913e+00  4.5682e+01 -4.3518e+00 -1.8594e+01  4.9513e+01  1.0000e+00
 3.3072e+00 -1.8127e+01  1.1187e+01  1.7630e+01 -9.7814e+01  6.0804e+01  1.1651e+02  1.0000e+00
-3.4836e-02  2.8419e-01  1.3094e-01  2.0692e+01 -1.7071e+01 -1.4753e+01  3.0614e+01  1.0000e+00
-3.8809e-01  5.8351e-01 -2.1041e-02 -2.1520e+00  4.6075e+00  1.8495e+01  1.9181e+01  1.0000e+00
-2.0149e-01  4.0406e-01  7.5724e-02 -1.6544e+01 -2.0945e+00 -1.7293e+01  2.4024e+01  1.0000e+00
 5.5572e-01 -9.7183e-02 -3.5473e-03  2.7706e+00  2.7898e+00 -5.4437e+00  6.7151e+00  1.0000e+00
-4.4802e+00 -2.5040e+00 -2.2766e+00 -2.2000e+01 -1.0244e+01 -1.1423e+01  2.6823e+01  1.0000e+00
-2.6888e-01  4.8494e-01  4.0322e-02 -6.9233e+00 -3.3062e+01  7.6662e+00  3.4638e+01  1.0000e+00
 5.3008e-01  5.6157e-01 -2.2601e-01  7.9847e+00  9.1720e+00  8.8258e+00  1.5026e+01  1.0000e+00
-3.2692e-01  4.4225e-01  1.9164e-01  1.6182e+01  1.6072e+01  9.8482e+00  2.4843e+01  1.0000e+00
-9.0272e-03  4.3380e-01  1.7035e-02  5.4831e-01 -3.2414e+00  9.6423e+00  1.0187e+01  1.0000e+00
 1.5047e+00 -1.8512e+00 -2.1343e+00  5.8695e+00 -4.7478e+00 -5.5992e+00  9.3991e+00  1.0000e+00
 8.8259e-02  4.9935e-01  2.7969e-01 -1.6103e+01 -1.1531e+01  1.5252e+01  2.4998e+01  1.0000e+00
-1.5125e-01  5.1452e-01  2.0347e-01  5.4599e+00 -8.5765e+00 -1.5242e+01  1.8322e+01  1.0000e+00
 3.0791e+00 -3.5689e+00 -4.6025e+00  1.4792e+01 -1.7941e+01 -2.1790e+01  3.1867e+01  1.0000e+00
-8.9282e-02  3.8010e-01 -1.1702e-01  1.7288e+01  7.5047e+00 -8.5821e+00  2.0709e+01  1.0000e+00
 3.6183e-02  3.8141e-01  2.5023e-01  1.1955e+01  1.0059e+00 -7.8874e+00  1.4358e+01  1.0000e+00
-3.9968e-01  3.4969e-01  1.7708e-01 -2.0235e+01  6.6144e+00  1.7501e+01  2.7558e+01  1.0000e+00
-3.4514e-01  1.3203e+00  7.8639e-01 -4.9014e+00  2.4668e+00  1.2800e+01  1.3927e+01  1.0000e+00
-2.4451e-01  4.2484e-01  1.3892e-01 -1.2370e+00  1.3511e+01  9.1633e-01  1.3598e+01  1.0000e+00
-2.4893e-01  1.9497e-01  6.0137e-03  8.8754e+00  1.2078e+01 -9.2093e+00  1.7591e+01  1.0000e+00
 1.1311e+00 -8.9966e-01 -1.6582e-01 -9.4949e-01  4.2020e+00  2.3504e+00  4.9074e+00  1.0000e+00
-5.0709e+00  1.2547e+00  2.4571e+00 -6.1003e+01  1.4602e+01  3.0101e+01  6.9575e+01  1.0000e+00
-1.0024e-01  3.8430e-01  1.3816e-02 -1.8368e+01 -3.4719e+00 -5.1249e-01  1.8700e+01  1.0000e+00
 4.4166e+00  2.8970e+00 -5.4003e-01  1.9509e+01  1.4424e+01 -1.3043e+00  2.4297e+01  1.0000e+00
-4.8265e-01  4.2599e-01  1.5965e-01 -8.4295e+00 -7.2879e+00  7.7194e+00  1.3556e+01  1.0000e+00
-3.8497e-01  6.4603e-01  2.3675e-01 -1.2710e+01 -6.8232e+00 -1.1762e+01  1.8613e+01  1.0000e+00
-3.2327e-01  4.8648e-01  1.7303e-01  2.0412e+01 -1.1706e+01  1.2606e+01  2.6694e+01  1.0000e+00
 5.9045e-01  4.3704e+00  1.4902e-01  4.8690e+00  1.8333e+01 -1.7034e+00  1.9045e+01  1.0000e+00
-8.7420e+01  1.0814e+02 -7.1788e+01 -3.7964e+02  4.7214e+02 -3.1702e+02  6.8377e+02  1.0000e+00
-1.1026e+00  9.5942e-01  2.1901e-01 -1.1374e-01 -1.0012e+01 -4.1024e+00  1.0821e+01  1.0000e+00
 7.7985e-03  2.2581e-01  2.8255e-02  3.3568e+00  9.6419e+00 -7.4264e+00  1.2625e+01  1.0000e+00
-9.5863e-01  1.2848e+00 -1.3654e-01  5.7863e+00 -3.3739e+00  2.7402e+00  7.2369e+00  1.0000e+00
 1.5718e-01  4.0998e-01  1.0960e-01  1.4073e+01 -5.9580e+00  3.9821e+00  1.5793e+01  1.0000e+00
-3.0597e-01  1.6432e-01 -3.6701e-01 -1.2007e+01  2.1315e+00  6.4427e+00  1.3792e+01  1.0000e+00
 2.8473e+00 -4.2800e+00 -4.1697e+00  1.5297e+01 -2.0025e+01 -1.9090e+01  3.1613e+01  1.0000e+00
 8.3036e-01 -2.5293e-01 -1.0107e-01  1.6485e+01 -5.3641e+00  7.7516e-02  1.7336e+01  1.0000e+00
-9.0991e-01  2.2252e-01  3.8744e-01 -1.7075e+01 -4.4497e+00  1.5436e+01  2.3445e+01  1.0000e+00
-1.7672e-01  2.9384e-01 -2.7278e-01 -2.5238e+00  7.7442e+00  2.9432e+00  8.6605e+00  1.0000e+00
-6.1222e+00  2.1935e-01  5.1376e+00 -3.1311e+01  2.2869e+00  2.7083e+01  4.1462e+01  1.0000e+00
-2.7717e-01  2.3037e-01 -2.2333e-01  1.4738e+01 -8.8396e+00 -5.1617e+00  1.7944e+01  1.0000e+00
-2.6336e-02  4.2290e-01  1.7515e-01  1.5072e+01  1.7142e+01 -8.9299e+00  2.4510e+01  1.0000e+00
-4.1313e+00  3.6560e+00 -6.6352e+00 -2.1154e+01  1.9505e+01 -3.4180e+01  4.4679e+01  1.0000e+00
 6.9680e+00 -4.8244e+00  1.8876e+00  3.5781e+01 -2.4226e+01  1.0006e+01  4.4355e+01  1.0000e+00
 3.9821e+00 -2.4312e+00  4.2916e+00  1.8722e+01 -1.1560e+01  2.1322e+01  3.0640e+01  1.0000e+00
-2.7260e-01  4.2881e-01  3.0036e-01  2.2777e+00  4.9166e-01 -1.0237e+01  1.0499e+01  1.0000e+00
-1.2575e-01  4.6412e-01  1.4655e-01 -1.5360e+01  7.2364e+00 -1.5806e+01  2.3198e+01  1.0000e+00
 2.4006e-01  5.0511e-01  1.0295e-01 -1.2426e+01 -3.3540e+00  5.3811e+00  1.3950e+01  1.0000e+00
-3.5589e+00  8.1185e-01  1.3581e+00 -1.4850e+01  1.3968e+00  4.3618e+00  1.5540e+01  1.0000e+00
-1.6497e-01  7.7266e-01  2.7781e-01 -1.0336e+00  7.8919e+00 -5.8533e-01  7.9808e+00  1.0000e+00
-1.6313e-01  5.0724e-01  3.1780e-01 -2.8773e+01  1.5363e+01 -2.0955e+01  3.8769e+01  1.0000e+00
-1.6934e-01  1.2738e-01  2.1673e-01  8.2122e+00 -2.1063e+01  1.1264e+01  2.5258e+01  1.0000e+00
-9.8216e-02  1.3811e-01  1.7785e-01 -1.0501e+00 -7.4132e+00  5.7585e+00  9.4455e+00  1.0000e+00
-3.0794e+00  2.5063e+00 -2.5727e+00 -1.3567e+01  1.4525e+01 -1.1486e+01  2.2956e+01  1.0000e+00
 1.4048e-01  5.7342e-01  3.0201e-01 -4.7119e+00  2.5081e+01 -8.6811e-01  2.5534e+01  1.0000e+00
-2.1847e+00  1.4128e+00 -5.4767e+00 -1.0819e+01  6.8036e+00 -2.6151e+01  2.9107e+01  1.0000e+00
-5.1542e-02  4.0041e+00  2.0580e+00 -6.0247e+00  1.6386e+01  5.9061e+00  1.8431e+01  1.0000e+00
-6.5130e+00 -1.6120e+00 -2.0880e+00 -3.4537e+01 -7.0804e+00 -9.0607e+00  3.6401e+01  1.0000e+00
-3.2651e-01 -6.9238e-01  3.0702e-01  9.1000e+00  9.3116e+00 -2.1115e-01  1.3022e+01  1.0000e+00
-6.4934e-02  3.7298e-01 -2.9391e-03  3.9262e+00 -3.8729e+00 -4.3356e+01  4.3706e+01  1.0000e+00
-2.7461e-01  2.1388e-01 -1.4308e-01  1.1662e+01 -5.6806e+00 -3.8563e+00  1.3533e+01  1.0000e+00
-1.9758e-01  6.7586e-01  4.1141e-01 -1.3961e+01 -9.0651e+00 -1.9583e+01  2.5702e+01  1.0000e+00
-1.6708e-01  6.8406e-01  8.9366e-02  8.1532e+00 -2.0153e+01 -1.6477e+01  2.7278e+01  1.0000e+00
 1.5536e-02  1.6437e-01 -7.9322e-03  5.5640e+00  2.2717e+01  2.0789e+00  2.3480e+01  1.0000e+00
-6.8394e-01 -3.6771e-01  1.4018e-01 -9.3686e+00 -8.2584e+00  5.3942e+00  1.3604e+01  1.0000e+00
 1.6895e+00 -1.0991e+00  1.6618e+00  3.9234e+00 -3.6346e+00 -5.3296e+00  7.5504e+00  1.0000e+00
-1.9665e-01  4.3312e-01  2.1363e-01  2.2441e+01  1.2251e+01 -4.4478e+00  2.5951e+01  1.0000e+00
-3.7291e-01  4.2441e-01  8.7714e-02  2.9137e+01  5.9395e+00 -4.9074e+00  3.0139e+01  1.0000e+00
-9.0338e+00  1.0758e+01 -6.6649e+00 -4.2120e+01  4.4416e+01 -2.6764e+01  6.6807e+01  1.0000e+00
-2.3416e-01  6.7840e-01  7.1297e-01  3.0877e+00 -1.0742e+01 -1.5789e+01  1.9344e+01  1.0000e+00
 2.1183e+00  4.2866e-01 -6.0155e-01  5.3536e+00  8.0275e+00 -2.9078e+00  1.0078e+01  1.0000e+00
-1.7251e-01  4.4315e-01  2.2225e-01  1.0580e+01 -2.0905e+00  2.4300e+01  2.6586e+01  1.0000e+00
-2.3207e-01  2.7291e-01 -4.9505e-02 -2.5472e+00  1.8022e+01  4.9668e+00  1.8867e+01  1.0000e+00
-1.9725e-01 -5.0816e+00 -2.6072e+00 -7.0580e-01 -2.3255e+01 -1.3076e+01  2.6688e+01  1.0000e+00
-3.3851e-01  8.5982e-02  3.8502e-01  8.8542e+00  1.4563e+01 -3.0722e-01  1.7046e+01  1.0000e+00
 2.8889e+00 -4.3293e+00 -4.0531e+00  1.3091e+01 -2.1427e+01 -2.0281e+01  3.2277e+01  1.0000e+00
-2.2615e-01  4.1803e-01  8.9373e-02 -3.7874e+01  8.3665e+00  4.5468e+00  3.9053e+01  1.0000e+00
-2.6961e-01  3.8263e-01  8.3842e-02 -1.1731e+01 -7.0034e+00  2.4503e+00  1.3880e+01  1.0000e+00
-8.4226e-02  3.6015e+00  1.7566e+00  2.9825e+00  1.5619e+01  5.8613e+00  1.6947e+01  1.0000e+00
 1.3842e+00 -3.0408e+00  4.7489e+00  7.0673e+00 -1.4544e+01  2.2544e+01  2.7744e+01  1.0000e+00
-2.4840e-01  3.2830e-01  9.2014e-02  1.1796e+01  7.0617e+00  9.9432e+00  1.6967e+01  1.0000e+00
-2.0681e-01  3.9481e-01  9.5201e-02 -2.0769e+01  2.4767e+01 -2.7304e+01  4.2312e+01  1.0000e+00
-2.4959e-01  3.0442e-01  1.2858e-01  2.3613e+01  6.9105e+00 -3.0434e+00  2.4791e+01  1.0000e+00
-6.5080e-01  3.8950e-01 -3.1972e-01 -8.8961e-01 -3.0635e-01  1.4435e+00  1.7231e+00  1.0000e+00
-3.7512e+00 -1.3078e+00  2.6000e+00 -1.7602e+01 -5.1385e+00  9.8787e+00  2.0828e+01  1.0000e+00
-4.3342e-01  3.5283e-01  8.0261e-01 -8.1610e-01 -3.5061e+00  7.5216e+00  8.3387e+00  1.0000e+00
-4.5051e-01  5.7372e-01  1.9955e-01  2.4034e+00 -3.4086e+00  1.1468e+00  4.3256e+00  1.0000e+00
 5.1801e+00 -6.8099e+00 -5.0538e-01  2.7381e+01 -3.4796e+01 -2.8346e+00  4.4368e+01  1.0000e+00
-6.2414e-02  3.0344e-01 -1.5394e-01  1.8575e+00  3.6810e+00 -1.2058e+01  1.2744e+01  1.0000e+00
-2.1070e+00  1.1932e-01  1.4718e+00 -1.3854e+00  4.9578e+00 -1.7869e+00  5.4491e+00  1.0000e+00
-1.4372e-01  6.2639e-01  9.7521e-02 -1.0999e+01  1.6835e+01 -3.1055e+00  2.0348e+01  1.0000e+00
-2.7959e-01  2.7636e-01  1.8984e-01  1.1444e+01  1.6386e+00 -8.1803e+00  1.4162e+01  1.0000e+00
 1.8500e+00 -1.0260e+00  3.4140e-01  2.2985e+00 -3.2324e+00 -6.4580e-01  4.0185e+00  1.0000e+00
-6.8675e-02  4.4937e-01  2.4633e-01 -7.2657e+00 -7.0093e+00  2.5627e+01  2.7544e+01  1.0000e+00
-5.3239e-01  3.4126e-01  2.7838e-01  5.3132e+00  1.2466e+01 -1.5903e+01  2.0894e+01  1.0000e+00
-1.6132e+00 -6.9574e-01 -5.0636e-01 -1.4337e+01 -6.2192e+00 -3.4011e+00  1.5994e+01  1.0000e+00
-1.8420e-01  5.1230e-01  1.0030e-01 -2.9043e+00 -8.6762e+00 -2.4516e+00  9.4721e+00  1.0000e+00
-1.9496e-01  4.8621e-01  2.7220e-01  1.9656e+01  7.3240e+00  2.3675e+01  3.1630e+01  1.0000e+00
-1.1355e-01  4.3808e-01  6.5634e-02 -4.9923e+00  2.8536e+01  1.0979e+00  2.8991e+01  1.0000e+00
-5.1583e-01  2.7053e-01  2.9662e-02  4.0605e+00  5.1623e-01  4.2225e+00  5.8808e+00  1.0000e+00
-2.2711e-01  4.8719e-01  2.9910e-01  6.0661e+00  1.3944e+01  1.4868e+01  2.1267e+01  1.0000e+00
 2.9532e-01  1.7741e-01  2.7176e-01 -7.0252e+00  5.5928e-01 -1.0589e+01  1.2720e+01  1.0000e+00
-3.0302e-01  2.4408e-01  1.4430e-01 -1.3256e+01  7.2100e-01 -9.9228e+00  1.6574e+01  1.0000e+00
-9.3676e-02  6.4581e-01  5.8743e-02 -1.4568e+01 -2.1549e+00  2.0817e+01  2.5499e+01  1.0000e+00
-1.2436e-01  5.1559e-01  3.3400e-01 -2.6759e+01 -6.0406e+00  5.4157e+00  2.7962e+01  1.0000e+00
 5.8991e-01 -1.9276e-01  3.6192e-01  1.3667e+01  1.5967e+00 -6.9259e+00  1.5405e+01  1.0000e+00
 3.4002e-02  1.7565e-01  6.2438e-02  1.5738e+01 -4.5932e+00 -9.9973e+00  1.9203e+01  1.0000e+00
-5.6703e+00  5.4421e-01  4.8155e+00 -2.4193e+02  7.3933e+00  2.1784e+02  3.2564e+02  1.0000e+00
-1.3393e-01  2.5872e-01  4.0461e-02  1.0180e+01 -4.5158e+00 -4.4694e+00  1.2000e+01  1.0000e+00
 4.3201e-01  1.8475e+00 -5.4496e-02  4.5232e-01  4.7223e+00 -2.7957e+00  5.5064e+00  1.0000e+00
 7.8140e-02  1.5428e-01 -1.4697e-01  6.4687e+00  8.4473e+00 -1.5170e+01  1.8529e+01  1.0000e+00
-1.3227e+00  2.0765e+00  5.2653e+00 -4.6518e+00  7.4102e+00  1.7702e+01  1.9746e+01  1.0000e+00
 3.1476e+00  8.2495e-01  4.8177e-01  9.6012e+00  4.2521e+00  2.6854e+00  1.0839e+01  1.0000e+00
 3.3772e+00 -1.7789e+00 -2.9467e+00  1.4820e+01 -8.9670e+00 -1.2679e+01  2.1466e+01  1.0000e+00
-9.6150e-02  2.6387e-01  4.3010e-01  6.1014e+00 -7.0028e+00  1.2044e+01  1.5210e+01  1.0000e+00
 4.1068e+00 -4.2897e+00 -6.4045e+00  2.1730e+01 -2.1826e+01 -3.2249e+01  4.4593e+01  1.0000e+00
-2.4532e-01  3.8100e-01 -1.6786e-02 -7.2184e+00 -1.1666e+01 -1.5018e+01  2.0340e+01  1.0000e+00
-2.5032e-01  3.1853e-01  1.5452e-01 -1.7129e+00 -1.5396e+01 -2.1771e+01  2.6720e+01  1.0000e+00
-1.3218e-01  4.6433e-01  2.1382e-01  8.0050e+00 -2.8854e+00  1.7171e+01  1.9164e+01  1.0000e+00
-2.2988e-01  4.5968e-01 -8.4182e-02 -1.8953e+00 -8.2339e+00 -8.9312e+00  1.2295e+01  1.0000e+00
-4.4718e-01  6.0894e-02  1.5536e-01  1.0115e+01  1.3202e+01  1.1395e+01  2.0161e+01  1.0000e+00
-1.5328e-01  3.4306e-01 -3.7485e-01  1.2940e+01  7.1410e+00 -1.7348e+01  2.2790e+01  1.0000e+00
-1.9921e-01  3.0240e-01  7.9515e-02 -2.2886e+01  2.5626e+01  5.8744e+00  3.4857e+01  1.0000e+00
-2.6265e-01  5.7087e-01  1.1370e-01  2.8920e+01 -6.7008e+00 -1.5062e+01  3.3288e+01  1.0000e+00
-8.9093e-01  9.4574e-01  4.5965e-01 -1.3855e+01  6.8367e+00  1.1734e+01  1.9401e+01  1.0000e+00
-1.2701e-01  2.3167e-01  9.2261e-02  1.7851e+01 -1.0349e+01  5.2016e+00  2.1280e+01  1.0000e+00
-1.3760e+00  1.6672e+00  5.0087e+00 -5.1147e+00  7.8300e+00  2.3564e+01  2.5352e+01  1.0000e+00
-3.8197e-02  8.5124e-01 -4.4038e-01 -9.1064e+00 -1.9326e+00 -1.8877e+01  2.1048e+01  1.0000e+00
-2.6736e-01  3.8635e-01  2.6298e-01 -1.5599e+01  2.3302e+01 -8.7019e-01  2.8054e+01  1.0000e+00
 1.0744e-01  4.7777e-01  2.0067e-01  7.4970e+00 -1.2631e+01  9.9239e+00  1.7726e+01  1.0000e+00
-1.2253e+00  1.6800e+00  1.7789e+00  1.5135e+00  5.6969e+00  4.2064e+00  7.2415e+00  1.0000e+00
 3.4492e+00 -8.6173e+00  1.4785e+01  1.5648e+01 -3.9500e+01  7.1066e+01  8.2798e+01  1.0000e+00
 6.1191e+00  1.1873e+00  5.6704e+00  3.1402e+01  5.9763e+00  2.9781e+01  4.3689e+01  1.0000e+00
 1.3838e+00 -7.7790e-01 -4.7219e-01  1.2301e+00  3.5192e+00  2.1310e+00  4.2940e+00  1.0000e+00
-1.0605e-01  6.7196e-01  3.1243e-01  1.5691e+01 -9.8731e+00 -5.7385e+00  1.9407e+01  1.0000e+00
 3.9869e-02  2.0694e-01 -1.6901e-03 -1.3853e+01  2.2553e+01  5.2367e-01  2.6473e+01  1.0000e+00
-1.6439e+00  9.4309e-01  6.5460e+00 -8.3602e+00  5.7079e+00  3.2933e+01  3.4454e+01  1.0000e+00
-4.4969e+00 -1.4528e+00 -4.5163e+00 -2.1366e+01 -2.7736e+00 -1.9891e+01  2.9323e+01  1.0000e+00
 5.1349e-01  1.8084e+00 -8.3080e-01 -2.3550e+00  2.5421e+00  3.0969e+00  4.6475e+00  1.0000e+00
-1.8382e+00 -2.4887e+00 -4.1631e-01 -1.3596e+01 -2.4631e+01 -1.5972e+00  2.8179e+01  1.0000e+00
 9.3366e-01  2.6304e-01 -2.3700e-01 -1.8022e+00  6.7514e+00 -1.8933e+00  7.2398e+00  1.0000e+00
-1.1814e-01  5.6185e-01  8.6764e-02 -9.3965e-01  1.4963e+01  1.5116e+01  2.1290e+01  1.0000e+00
 4.2113e-01  1.5393e+00  6.3161e-01 -2.2645e+00 -4.4424e+00 -2.1318e+00  5.4228e+00  1.0000e+00
 6.3384e-02  3.1608e-01  3.6250e-01 -7.7369e+00 -1.0035e+00  5.7330e+00  9.6817e+00  1.0000e+00
-5.5547e-02  2.4183e-01  7.1264e-02  1.0809e+01  1.9259e+01  2.3811e+01  3.2477e+01  1.0000e+00
-2.2841e+00  7.0400e+00 -9.6097e-01 -1.1145e+01  3.5567e+01 -4.4403e+00  3.7536e+01  1.0000e+00
 2.0405e+00 -2.4975e-01  1.1709e+00  8.7932e+00  3.8370e+00  1.0239e+01  1.4032e+01  1.0000e+00
-4.5737e+00 -3.7951e-01 -1.1143e+00 -2.0290e+01  1.8256e-01 -5.4322e+00  2.1005e+01  1.0000e+00
 5.2073e-01  2.4421e-01  1.4205e+00 -8.4663e+00  4.4105e+00 -4.3476e-01  9.5561e+00  1.0000e+00
-3.8431e+00 -1.6258e+00  2.4405e+00 -1.5695e+01 -6.9446e+00  1.1539e+01  2.0681e+01  1.0000e+00
-1.8589e-01  5.0393e-01  5.0226e-02  1.2390e+00 -1.0753e+01  6.5356e+00  1.2644e+01  1.0000e+00
 8.1454e+00  2.8664e+00  7.0830e-01  4.1640e+01  1.5168e+01  3.4453e+00  4.4450e+01  1.0000e+00
 3.0664e+00  4.4650e+00  3.8450e-01  1.5383e+01  2.0992e+01  3.2196e+00  2.6224e+01  1.0000e+00
-6.2973e+00 -3.9486e+00 -2.4062e+00 -3.2284e+01 -1.8957e+01 -1.2117e+01  3.9350e+01  1.0000e+00
 2.6727e-01 -9.8844e-01 -1.0319e+00 -5.5724e+00 -5.3177e+00 -4.3800e-02  7.7027e+00  1.0000e+00
-6.3746e+00 -2.9492e-01 -1.6413e+00 -3.2070e+01 -3.9369e-01 -8.4633e+00  3.3170e+01  1.0000e+00
 1.8319e-01  9.1187e-03 -3.3324e-01 -1.4148e+00 -7.4064e-01 -7.6747e+00  7.8391e+00  1.0000e+00
 4.1957e-01  1.7685e+00 -1.0298e+00 -3.3331e+00  2.6137e+00  2.8878e+00  5.1264e+00  1.0000e+00
-1.4806e+00  5.2463e+00 -2.2427e+00 -6.5733e+00  2.5736e+01 -9.3006e+00  2.8143e+01  1.0000e+00
 3.6285e+00  3.1896e+00 -2.3601e+00  4.7887e+01  3.8774e+01 -2.9954e+01  6.8511e+01  1.0000e+00
-2.9364e-02  3.4691e-01  3.2160e-02 -1.7459e+01 -9.9706e+00  6.7662e-01  2.0117e+01  1.0000e+00
-1.1042e+00 -3.8338e-01 -2.1505e+00 -1.8620e+00  1.6366e+00 -7.1491e+00  7.5667e+00  1.0000e+00
-4.4212e-01  1.9635e-01  1.3641e-01 -2.0085e+01 -1.0742e+01 -5.0865e+00  2.3338e+01  1.0000e+00
 1.5011e+00 -1.6010e+00 -1.5140e+00  8.1431e+00 -6.6632e+00  1.1296e+00  1.0582e+01  1.0000e+00
-1.2031e-01  1.3818e+00 -7.0343e-01 -2.6213e+00  6.4230e+00 -1.2743e+00  7.0533e+00  1.0000e+00
 8.9075e-02  9.7928e-01  4.3181e-01  1.0368e+01  1.2137e+01  3.9062e-01  1.5967e+01  1.0000e+00
-4.6373e+00 -2.2853e+00 -8.0207e+00 -2.5163e+01 -1.2774e+01 -4.4457e+01  5.2657e+01  1.0000e+00
-8.5005e+00 -2.9934e+00 -2.4875e-01 -4.4554e+01 -1.4505e+01 -1.5257e+00  4.6880e+01  1.0000e+00
 9.6061e-01 -1.8237e+00 -2.0533e+00  5.9245e+00 -4.1417e+00 -7.8232e+00  1.0651e+01  1.0000e+00
 8.7100e+00  1.3544e+00 -8.4548e-01  4.4804e+01  8.0596e+00 -4.8256e+00  4.5778e+01  1.0000e+00
-1.9949e-01  3.1833e-01  6.8076e-02  4.6084e+00 -1.8818e+01  2.8630e+01  3.4570e+01  1.0000e+00
-3.7577e-01  5.6146e-01  4.0674e-01 -7.1882e+00  6.3883e+00 -9.2810e+00  1.3365e+01  1.0000e+00
-7.5779e-02  6.3668e-01  1.0831e-01  1.6860e+00  2.0067e+01 -1.4509e+01  2.4820e+01  1.0000e+00
-4.9517e-01  1.4222e+00 -4.2959e-01 -3.5890e+00  1.5608e+00  7.3958e-01  3.9830e+00  1.0000e+00
-1.0160e-01  4.5255e-01  6.9018e-02  1.4049e+00  2.0373e+00 -1.0764e+01  1.1044e+01  1.0000e+00
-8.4978e-03  2.7039e-01  2.9928e-01 -8.0137e+00  1.0710e+01  7.9763e+00  1.5574e+01  1.0000e+00
-3.0201e-01  3.7278e-01  5.8412e-02 -1.3489e+01  2.4458e+00  2.2256e+01  2.6140e+01  1.0000e+00
-3.9130e+00  3.4004e+00 -7.7254e-01 -1.7958e+01  1.5116e+01 -2.5232e+00  2.3608e+01  1.0000e+00
-2.5582e-01  1.8516e-01  5.9344e-01  4.6210e+00  2.9641e+00  1.2095e+01  1.3282e+01  1.0000e+00
-4.3261e+00 -1.2489e+00  6.1937e-02 -1.7976e+01 -5.6588e+00 -4.2275e-01  1.8851e+01  1.0000e+00
-4.0602e-01  5.2956e-02 -1.8436e-02 -1.0084e+01 -2.1780e+01 -6.1752e-01  2.4009e+01  1.0000e+00
-2.1376e-01  4.5421e-01  4.6044e-01  2.5903e+00  1.8776e+01 -2.5848e+00  1.9129e+01  1.0000e+00
-2.8043e-01  2.0702e-01  3.6299e-01 -1.2074e+01  2.7107e+00  1.2969e+01  1.7926e+01  1.0000e+00
-2.5069e-01  5.2465e-01  8.5278e-02 -1.1825e+01  1.6816e+01 -9.1040e+00  2.2483e+01  1.0000e+00
 2.7775e+00 -6.9786e+00 -3.3488e+00  1.4345e+01 -3.5149e+01 -1.6947e+01  4.1574e+01  1.0000e+00
-6.2239e+00 -1.2542e+00  5.6098e+00 -3.2181e+01 -5.4943e+00  2.8993e+01  4.3663e+01  1.0000e+00
 2.5153e-01  3.8226e-01  3.9904e-01 -1.1285e+01 -1.2957e+01 -8.2652e+00  1.9067e+01  1.0000e+00
-1.2658e+00 -1.0464e+00 -2.4850e+00 -4.7315e+00 -2.0095e+00 -6.4930e+00  8.2815e+00  1.0000e+00
 1.9535e+00 -1.2761e+00  4.1259e-01  2.5894e+00 -3.0702e+00  3.8623e+00  5.5721e+00  1.0000e+00
-1.5239e-01  4.2658e-01  1.7579e-01  2.9459e+00  5.9176e+00 -1.1322e+01  1.3110e+01  1.0000e+00
-7.1235e-01 -5.5374e+00 -3.8366e+00 -3.2906e+00 -2.8744e+01 -2.0323e+01  3.5356e+01  1.0000e+00
-1.3478e+00  2.3949e+00 -2.2159e+00 -5.1093e+00  8.5242e+00 -6.2216e+00  1.1725e+01  1.0000e+00
 7.0074e-01  2.6138e-01  5.2161e-01  2.0241e+00  3.9243e+00 -3.3097e+00  5.5183e+00  1.0000e+00
 8.8690e-01  7.4225e-01  1.4136e-02 -1.1882e+01 -1.1122e+00  4.3130e-01  1.1942e+01  1.0000e+00
-6.4163e-01 -8.2213e-01  4.8158e-01 -2.5232e+00  2.3106e+00  6.6193e-01  3.4848e+00  1.0000e+00
-1.2577e+00  5.5868e+00 -2.4281e+00 -5.5757e+00  2.6326e+01 -1.1068e+01  2.9097e+01  1.0000e+00
 1.4955e+00  4.0362e-01 -6.4945e-01 -4.3325e+00  2.8968e+00 -1.8909e-02  5.2118e+00  1.0000e+00
-2.1414e-01  8.5120e-01  7.6700e+00  1.8532e+00  5.2841e+00  2.9601e+01  3.0126e+01  1.0000e+00
-2.7454e-01 -1.4538e+00 -8.5444e-02 -1.0718e+00  4.4452e+00  1.7317e+00  4.8895e+00  1.0000e+00
-1.7398e-01  3.9279e-01  2.5760e-02  2.8479e+00 -1.3187e+00 -9.5861e+00  1.0087e+01  1.0000e+00
-5.9385e-02  3.3911e-01  3.2022e-02 -2.7173e+00 -2.2557e+01  5.1713e+00  2.3301e+01  1.0000e+00
-1.0766e-01  1.9820e-01  2.1377e-01 -2.6798e+01  1.8167e+01  1.4604e+01  3.5517e+01  1.0000e+00
 2.0098e+00  4.2362e+00  2.3986e+00  1.0169e+01  2.0551e+01  1.0751e+01  2.5325e+01  1.0000e+00
-1.9936e-01  5.4538e-01  2.7901e-01  1.2038e+01  1.3146e+01 -1.0011e+00  1.7854e+01  1.0000e+00
-3.3134e-01  1.6196e+00  2.7515e-01 -3.0264e+00  1.1915e+01 -5.4908e-01  1.2305e+01  1.0000e+00
-1.7223e-01  6.3768e-01 -3.2605e-02 -8.2638e+00  7.0921e+00  1.1384e+01  1.5754e+01  1.0000e+00
-4.6329e-02  6.7088e-01  3.6540e-01  2.9907e+00 -9.1943e+00  6.8662e+00  1.1859e+01  1.0000e+00
-2.9080e-01  4.0590e-01  9.8536e-02 -1.7336e+01  1.5693e+01 -6.6644e+00  2.4315e+01  1.0000e+00
-2.7483e-01  2.8530e-01  2.1186e-01  2.0154e+01  4.1249e+00 -7.0866e-01  2.0584e+01  1.0000e+00
 3.6060e+00 -2.7194e+00 -5.7449e-01  1.5587e+01 -1.1303e+01 -1.6178e+00  1.9321e+01  1.0000e+00
 7.0031e-03  3.6977e-01  3.7652e-01 -9.4078e+00 -1.0767e+01 -7.9084e+00  1.6339e+01  1.0000e+00
 6.8259e+00 -1.1564e+01  7.2753e+00  2.5367e+01 -5.0597e+01  3.2597e+01  6.5315e+01  1.0000e+00
 1.9481e-01 -9.3333e-01 -1.5740e+00  7.1776e-02 -5.4510e+00  5.1897e+00  7.5267e+00  1.0000e+00
 6.3496e-01 -2.9514e+00 -8.3372e+00  2.7906e+00 -1.4847e+01 -4.2659e+01  4.5255e+01  1.0000e+00
-2.0650e+00 -3.3666e+00 -5.7340e+00 -1.2063e+01 -1.6758e+01 -2.8948e+01  3.5557e+01  1.0000e+00
-4.8454e-01 -6.1540e+00  6.7322e-01 -2.0232e+00 -3.0912e+01  3.3251e+00  3.1156e+01  1.0000e+00
-8.1256e+00 -4.2417e+00 -2.1652e+00 -4.3109e+01 -2.1496e+01 -1.1169e+01  4.9449e+01  1.0000e+00
-2.5586e-01  4.1167e-01  3.1861e-01 -1.7032e+00 -9.7953e+00 -3.4042e+00  1.0509e+01  1.0000e+00
-6.6839e+00 -1.6662e+00 -1.3216e+00 -3.4603e+01 -8.4829e+00 -6.1509e+00  3.6155e+01  1.0000e+00
 8.3871e-01  1.0492e-01  9.3262e-01  8.6731e-01  1.8680e+00  7.4862e+00  7.7644e+00  1.0000e+00
-4.8923e-01  3.1840e-01  1.4751e-01  4.9712e+00  1.4225e+01  1.4122e+01  2.0652e+01  1.0000e+00
-1.0791e+00 -1.8180e-01 -2.8594e+00 -6.0247e+00  3.2401e-01 -2.0506e+01  2.1376e+01  1.0000e+00
 1.2674e+00  8.1169e-02  7.9988e-01  4.4002e+00  6.5267e+00 -4.0944e+00  8.8726e+00  1.0000e+00
-3.1979e-01  4.9733e-01  1.1026e-01 -1.2517e+01 -6.6348e-01  3.9554e+00  1.3144e+01  1.0000e+00
