# limit = 7.08487
#
# x           y           z           vx          vy          vz          s           m
 6.8521e-01 -1.8256e+00 -1.2780e+00 -2.0784e+00 -3.8311e+00  2.2827e+00  4.9202e+00  1.0000e+00
-2.1921e-01  4.2323e-01  1.3545e-01  1.9867e+01  1.3661e+01  8.2627e+00  2.5487e+01  1.0000e+00
 7.3630e+00  1.6564e-01  1.4343e+00  3.5220e+01  1.7331e+00  6.9420e+00  3.5939e+01  1.0000e+00
-2.1079e-01  4.5812e-01  1.4760e-01  4.0800e+00  6.9013e+00  4.4329e-01  8.0294e+00  1.0000e+00
-6.0705e+00  2.3735e+00  3.7630e+00 -3.0155e+01  1.1233e+01  1.7860e+01  3.6804e+01  1.0000e+00
 2.5773e+00 -9.6807e-01  7.5732e+00  1.3124e+01 -3.9522e+00  3.7122e+01  3.9572e+01  1.0000e+00
 5.4453e-01 -6.1772e+00 -4.3884e+00  1.8981e+00 -3.0406e+01 -2.0732e+01  3.6851e+01  1.0000e+00
-5.2451e-01  1.7028e+00  8.8252e-01 -1.0877e+00  3.6573e+00  2.9991e+00  4.8532e+00  1.0000e+00
-1.0140e+01  7.3207e+00  2.2142e+01 -4.5579e+01  3.3412e+01  1.0471e+02  1.1899e+02  1.0000e+00
-2.1141e-01  5.0384e-01  2.7378e-01 -2.1927e+01 -8.7242e+00 -3.4607e+00  2.3851e+01  1.0000e+00
 1.9902e+00  2.1825e+00  1.6174e+00  5.1469e+00  7.4387e+00  4.3675e+00  1.0045e+01  1.0000e+00
-1.4273e-01  3.6630e-01  1.1200e-01  8.1613e+00 -2.5225e+01 -1.4234e+00  2.6551e+01  1.0000e+00
 7.9286e-01  7.3698e-01  1.4595e+00 -1.2662e+00 -3.4549e+00 -1.6625e+00  4.0377e+00  1.0000e+00
 2.0031e+00  2.2628e-01 -6.1990e-01  1.4194e+01  2.9850e+00 -2.2282e+00  1.4675e+01  1.0000e+00
-1.8388e-01  4.4804e-01  1.6612e-01  1.2383e+01  1.6297e+01  1.3269e+01  2.4392e+01  1.0000e+00
-2.9197e+00 -2.7177e-01 -2.6983e+00 -1.3042e+01 -2.6509e+00 -8.9170e+00  1.6020e+01  1.0000e+00
 4.4429e+00 -4.6192e+00 -5.2056e+00  2.1605e+01 -2.2570e+01 -2.6050e+01  4.0680e+01  1.0000e+00
-1.3301e-01  2.9835e-01  1.0812e-01  9.8857e+00 -1.5195e+01 -1.6030e+01  2.4198e+01  1.0000e+00
-2.2861e-01  4.9185e-01  1.7832e-01  8.0397e+00 -1.9699e+01 -1.2328e+01  2.4590e+01  1.0000e+00
 1.5489e+01  1.2935e+01 -5.7428e+00  7.3545e+01  5.8991e+01 -2.5247e+01  9.7602e+01  1.0000e+00
-5.2742e-02  4.0115e-01  5.5777e-01 -3.3940e-02  9.2475e+00  1.7016e+00  9.4028e+00  1.0000e+00
-2.9614e-01  3.1420e-01  3.4983e-01 -5.7586e+00  1.1604e+01  4.8229e+00  1.3823e+01  1.0000e+00
-1.1033e-01  5.3082e-01  3.0232e-02 -2.6974e+00  1.7405e+00  2.1752e+01  2.1988e+01  1.0000e+00
-3.2712e+00  6.0349e+00 -6.2392e+00 -1.6164e+01  3.1002e+01 -3.1004e+01  4.6730e+01  1.0000e+00
-1.7929e-01  7.0995e+00 -3.1858e+00 -1.1907e+00  3.4786e+01 -1.5322e+01  3.8030e+01  1.0000e+00
-1.5880e+00  6.0515e-01 -3.3229e+00 -9.7698e+00  6.0980e+00 -1.3626e+01  1.7841e+01  1.0000e+00
 2.5209e+00 -5.5551e+00  1.1654e+00  1.0636e+01 -2.7557e+01  5.0694e+00  2.9970e+01  1.0000e+00
 1.3275e+01 -3.3982e+00 -1.2793e+01  7.5364e+01 -1.9866e+01 -7.2731e+01  1.0660e+02  1.0000e+00
 3.8192e-01 -8.3375e+00 -1.1005e+01  2.1880e+00 -4.2373e+01 -5.5876e+01  7.0160e+01  1.0000e+00
-2.1019e-01  3.3572e-01  1.8459e-01 -1.9545e+00  3.3055e+00  3.7772e+01  3.7967e+01  1.0000e+00
-2.0296e-01  2.5595e-01  8.3286e-02  8.4351e+00 -7.6902e+00  2.5174e+00  1.1689e+01  1.0000e+00
-3.4046e-03  4.6753e-01 -1.0207e-02  2.2849e+00 -1.3300e+01 -1.7781e+01  2.2322e+01  1.0000e+00
-1.3107e-01  4.9376e-01  6.3772e-02  6.7486e+00  8.1034e+00 -3.1881e+01  3.3580e+01  1.0000e+00
-1.1728e-01  6.6973e-01 -2.6156e-01  9.9751e+00  3.8375e-01 -1.5112e+01  1.8112e+01  1.0000e+00
-1.9945e-01  3.9735e-01 -1.3390e-03 -1.6536e+01  6.0678e+00 -1.0580e+00  1.7646e+01  1.0000e+00
 8.2535e-02  4.9071e-01 -2.1629e-01 -6.0471e+00 -5.0848e+00 -1.6329e+01  1.8140e+01  1.0000e+00
 1.0710e+00 -1.1205e-01 -1.4267e-01 -1.0605e+01 -1.7770e+00  6.1231e+00  1.2374e+01  1.0000e+00
-5.9734e+00  1.1430e+01 -1.4756e+01 -2.8586e+01  5.4787e+01 -6.8079e+01  9.1944e+01  1.0000e+00
-6.4399e-01  2.0733e-01 -6.4127e-01 -4.6418e+00 -4.9787e-01 -7.6779e+00  8.9858e+00  1.0000e+00
 4.5906e+00 -1.1256e+00  3.8153e+00  2.0768e+01 -4.3789e+00  1.7534e+01  2.7530e+01  1.0000e+00
 3.0347e+00  2.6925e+00  2.2238e-02  1.1500e+01  1.0731e+01  2.0921e+00  1.5867e+01  1.0000e+00
-6.7713e-01  4.7799e-01 -2.6805e-01  2.4428e+00  1.5607e+00  1.7275e+01  1.7517e+01  1.0000e+00
-1.3042e-01  7.4183e-01  1.1273e-01  8.4553e+00 -8.3117e+00  5.0676e+00  1.2894e+01  1.0000e+00
 8.1587e-01 -2.5918e+00  8.1714e+00  4.3366e+00 -1.2297e+01  4.0474e+01  4.2522e+01  1.0000e+00
 7.7629e+00  3.7882e+00  5.8945e-01  3.9471e+01  1.9120e+01  3.2009e+00  4.3975e+01  1.0000e+00
 3.0319e-01 -5.3076e+00  7.4216e-01  3.2252e+00 -2.5258e+01  4.5326e+00  2.5864e+01  1.0000e+00
-2.7899e-01  4.0776e-01  2.3749e-02  1.4009e+01 -6.9792e+00 -1.1182e+01  1.9235e+01  1.0000e+00
 1.6245e+00 -1.9655e+00 -5.4052e-01  5.8173e+00 -2.9435e+00  4.2617e-01  6.5335e+00  1.0000e+00
 4.1347e+00 -1.5596e+00  1.7506e+00  1.7068e+01 -6.7947e+00  7.5870e+00  1.9876e+01  1.0000e+00
-9.7190e-01  5.8267e-01  2.0526e-02 -6.5561e+00  5.0608e-01  1.0271e+01  1.2196e+01  1.0000e+00
-4.7779e-01  6.4047e-01  7.9595e-01  4.2470e-01  2.3518e+00 -1.2414e+00  2.6930e+00  1.0000e+00
-9.9242e-02  4.8326e-01  4.3612e-02  2.7667e+01 -1.2370e+01  1.2539e+01  3.2798e+01  1.0000e+00
-1.5222e+00 -2.3377e+00  2.2865e+00 -4.9601e+00 -8.3747e+00  8.1842e+00  1.2717e+01  1.0000e+00
-5.0985e-02  3.1451e-01  5.7800e-02  9.3661e+00 -2.9474e+01 -1.8845e+01  3.6216e+01  1.0000e+00
-3.3832e-01  6.0585e-01  1.1857e-01 -5.5454e+00 -5.0098e-01  2.2191e+01  2.2878e+01  1.0000e+00
 1.0743e-02  5.2784e-01 -1.6168e-01 -2.0741e+01  4.7695e+00 -5.9709e+00  2.2104e+01  1.0000e+00
-2.9740e-01  3.5705e-01  4.7679e-01  4.4403e-01  9.2697e+00 -9.8024e+00  1.3499e+01  1.0000e+00
-1.8033e-01  5.2578e-01  2.0295e-02 -1.2671e+01 -2.0835e+00  1.7373e+01  2.1604e+01  1.0000e+00
-8.5327e-02  2.7573e-01  3.4861e-02  1.1194e+01 -1.8699e+01 -1.7496e+01  2.7948e+01  1.0000e+00
 2.1531e+00 -1.0011e+00  5.9925e+00  9.4139e+00 -5.5485e+00  2.9022e+01  3.1011e+01  1.0000e+00
-2.0715e-01  3.8021e-01  6.3137e-02 -9.5957e+00  1.0443e+01  6.6972e+00  1.5684e+01  1.0000e+00
-1.5536e-01  2.5395e-01  2.0687e-01  6.6943e+00  2.3762e+01 -1.5014e+01  2.8894e+01  1.0000e+00
 3.0317e+00  2.2746e-01 -1.4817e+00  2.1190e+01  2.1301e+00 -1.0318e+01  2.3665e+01  1.0000e+00
-1.1771e-01  5.2407e-01  3.7372e-02  2.4174e+01 -2.0778e+01 -3.6614e+00  3.2086e+01  1.0000e+00
 2.0574e+00 -6.2221e-01  6.5608e-01  1.2874e+00 -1.0671e+00  1.2148e+00  2.0669e+00  1.0000e+00
-2.2247e-01  3.4722e-01  5.3445e-01  1.3867e+00 -3.0306e+00 -2.5915e+00  4.2218e+00  1.0000e+00
-1.7238e-01  2.4106e-01  1.2849e-02 -1.1859e+01 -1.2325e+01  1.2798e+01  2.1361e+01  1.0000e+00
-8.5637e-02  1.9875e-01  2.4658e-01 -1.3734e+01 -8.1356e+00 -1.5705e+00  1.6040e+01  1.0000e+00
-5.6351e-01  4.7161e-01  6.0852e-02  1.1031e+01 -3.5189e+00 -3.3823e+00  1.2063e+01  1.0000e+00
 8.3290e-02 -1.4360e-01  1.7896e-01 -7.1619e+00  1.2691e+01 -2.2867e+00  1.4751e+01  1.0000e+00
 7.0860e+00  8.8919e-01  1.3429e+00  3.4890e+01  3.7978e+00  6.2165e+00  3.5642e+01  1.0000e+00
-2.4251e-01  4.5800e-01  9.0518e-02  7.8361e+00  2.4437e+00  2.4967e+01  2.6281e+01  1.0000e+00
-5.1271e-01  1.0337e+00 -9.9452e-02 -3.3054e+00  2.0438e+00  3.1641e+00  5.0114e+00  1.0000e+00
 5.3535e-01  3.2504e-01 -3.8736e-01 -3.8944e-02  6.2508e+00  2.7125e+00  6.8141e+00  1.0000e+00
 2.2273e-02  4.0526e-01  1.1168e-01  1.4866e+01  2.1827e+01 -1.2564e+01  2.9245e+01  1.0000e+00
-3.5858e-02  2.9155e-01  2.4469e-01  6.4948e+00  9.6340e+00  6.0805e-01  1.1635e+01  1.0000e+00
-2.3607e-01  1.5763e-01  2.5616e-01  1.2127e+00  1.2393e+01  1.5304e+01  1.9730e+01  1.0000e+00
-4.4587e-01  1.0617e+00  2.2898e-01 -7.2288e+00  2.0178e+01 -4.2462e+00  2.1850e+01  1.0000e+00
 8.3105e+00 -4.1200e+00 -9.9144e-01  4.2141e+01 -1.9886e+01 -4.8181e+00  4.6845e+01  1.0000e+00
-5.1031e+00 -3.2565e+00 -2.0857e+00 -2.4432e+01 -1.4810e+01 -9.1440e+00  2.9998e+01  1.0000e+00
-3.4210e-01  3.4715e-01  1.5424e-01 -5.9581e+00  1.8958e+01  2.2216e-01  1.9873e+01  1.0000e+00
 2.1877e+00  7.8346e-01  1.5441e+00  3.4646e+01  7.4579e+00  2.2103e+01  4.1767e+01  1.0000e+00
 1.3499e+00 -6.6781e-01 -1.0266e+00  1.6236e+00 -2.1506e-01  5.7740e-01  1.7366e+00  1.0000e+00
 2.3711e+00  1.7310e+00  2.8774e+00  8.1739e+00  7.7786e+00  1.0591e+01  1.5475e+01  1.0000e+00
-4.1019e-02  4.9128e-01  2.6642e-01 -7.6512e+00 -4.3971e+00  1.8781e+01  2.0751e+01  1.0000e+00
-3.9104e-01  4.3562e-01  1.2238e-01 -1.0469e+01  1.7409e+01 -2.9011e+00  2.0521e+01  1.0000e+00
-4.0019e-02  2.6945e-01 -8.6270e-03 -2.4118e+01  1.9354e+01  1.2444e+01  3.3333e+01  1.0000e+00
 1.7944e+00 -1.0687e+00  1.6318e+00  4.5041e+00 -3.7590e+00  3.5980e+00  6.8820e+00  1.0000e+00
 5.9548e+00  1.9204e+00 -6.0691e+00  2.2227e+02  5.5342e+01 -2.1515e+02  3.1426e+02  1.0000e+00
-1.1568e-01  6.8767e-01  2.1148e-01 -1.7045e+01  1.3323e+01  8.7509e+00  2.3337e+01  1.0000e+00
 1.7465e+00 -1.1373e+00  1.6470e+00  3.0251e+00  1.3079e+00  7.5518e+00  8.2397e+00  1.0000e+00
-3.7826e-01  3.7405e-01  1.3299e-01  1.0714e+01  9.5873e+00 -1.1588e+01  1.8466e+01  1.0000e+00
 1.5676e-01  1.2610e-01  1.3838e-01  2.2231e+01 -1.3709e+01 -6.1344e+00  2.6829e+01  1.0000e+00
 1.1823e-01  1.2782e-01  1.1915e-02  2.0674e+01 -7.3163e+00  8.3036e+00  2.3450e+01  1.0000e+00
-6.2702e-01  8.7428e-01  2.6491e-01  1.0706e+01 -1.6330e+01  2.1668e-01  1.9528e+01  1.0000e+00
-2.0434e-01  4.5003e-01  1.1009e-01 -1.1746e+01 -1.4950e+01 -7.2311e+00  2.0341e+01  1.0000e+00
-2.4759e-01  4.7188e-01  4.4984e-02  6.0526e+00 -1.7504e+01  1.2653e+01  2.2430e+01  1.0000e+00
-2.8196e+00 -4.2015e+00 -4.6823e+00 -1.3525e+01 -1.9587e+01 -2.2046e+01  3.2444e+01  1.0000e+00
 6.7507e-01 -1.4916e+00 -6.4471e+00  2.9640e+00 -5.7455e+00 -2.4690e+01  2.5522e+01  1.0000e+00
-1.9381e-01  2.5003e+00 -1.4599e+00  4.9465e+00  9.1610e+00 -4.8149e+00  1.1471e+01  1.0000e+00
-7.2599e-03  3.9599e-01  1.7787e-01 -4.6167e+00  6.4114e+00  9.3054e+00  1.2207e+01  1.0000e+00
-4.6374e-01  7.2803e-01  3.4017e-01 -1.6414e+00 -4.6006e+00  6.2668e+00  7.9456e+00  1.0000e+00
 1.7906e+00 -1.0719e+00 -2.2274e-01  2.4682e+00  9.2614e-01 -2.6767e-01  2.6498e+00  1.0000e+00
 5.4789e-01  1.2825e-01  2.1986e-01 -1.5650e+01  1.1439e+01 -3.8705e+00  1.9768e+01  1.0000e+00
 7.0731e+00  2.5535e+00 -1.5485e-01  3.4258e+01  1.3571e+01 -1.0021e+00  3.6862e+01  1.0000e+00
-3.0588e-01  4.9897e-01  2.2721e-01  1.9030e+01 -3.5506e+00  8.7120e+00  2.1229e+01  1.0000e+00
 5.2473e+00  2.5872e-01  5.8909e+00  2.5444e+01  1.5649e+00  2.8544e+01  3.8271e+01  1.0000e+00
-2.3071e-01  2.1271e-01 -1.1700e-01  2.9265e+00  7.7867e+00  1.8565e+01  2.0343e+01  1.0000e+00
-2.5999e-01 -2.5201e-01  4.0575e-01 -1.5079e+01  7.7989e+00  2.1424e+00  1.7111e+01  1.0000e+00
-8.3732e+00  1.6668e+00  1.8814e+00 -4.1936e+01  9.1456e+00  9.6273e+00  4.3988e+01  1.0000e+00
-8.2621e-01  1.9722e+00  1.5097e-01 -1.6114e+00 -2.7414e+00  3.4041e+00  4.6583e+00  1.0000e+00
 1.8445e+00 -3.0885e+00  5.4734e+00  8.2448e+00 -1.4442e+01  2.5766e+01  3.0667e+01  1.0000e+00
 2.1836e+00 -2.1830e+00  4.5368e+00  9.3446e+00 -9.8745e+00  2.0555e+01  2.4644e+01  1.0000e+00
 3.7710e+00 -4.4414e+00 -1.7091e+00  1.6592e+01 -2.0262e+01 -7.3327e+00  2.7196e+01  1.0000e+00
 2.3700e+00 -1.4884e+00  5.1289e-01  6.7257e+00 -2.1332e+00  3.8460e-01  7.0663e+00  1.0000e+00
 1.4982e-01  2.9394e-01  2.4886e-01 -1.5994e+01 -1.8530e+00  5.3366e+00  1.6962e+01  1.0000e+00
-2.8287e-01  2.9005e-01  2.0473e-01 -1.5465e+01 -2.2796e+01  1.3414e+01  3.0639e+01  1.0000e+00
-3.0792e-01  5.2210e-01  2.7848e-01  1.4821e+01  1.8442e+01  1.6295e+00  2.3716e+01  1.0000e+00
 1.1976e-02  2.9211e-01  1.1187e-01  1.4179e+01 -9.5869e+00 -1.4460e+01  2.2406e+01  1.0000e+00
-9.5272e-02  3.1557e-01  1.7712e-01 -1.5793e+01  1.3518e+01 -1.6762e+01  2.6705e+01  1.0000e+00
 2.0835e-02  4.7279e-01  2.6025e-01 -1.8239e+01  1.1245e+01  1.8808e+01  2.8511e+01  1.0000e+00
-2.4064e-01  3.4027e-01  1.2624e-01  2.6954e+01  3.3399e+01  1.7477e+00  4.2954e+01  1.0000e+00
-1.0904e+01  4.4600e+00  4.0089e+00 -5.5317e+01  2.3132e+01  2.1339e+01  6.3643e+01  1.0000e+00
-1.9788e-01  5.2397e-01  1.3958e-01 -3.3294e+01  3.9021e+00 -5.2588e+00  3.3932e+01  1.0000e+00
 2.6796e-01  3.7797e-01  1.9730e-01  9.6693e+00 -8.7744e+00 -2.1055e+00  1.3226e+01  1.0000e+00
 1.3001e-01  2.5372e-01  2.6474e-01 -4.9388e-02 -4.5896e+00  7.4609e+00  8.7597e+00  1.0000e+00
 4.2101e+00 -3.7329e+00 -1.6283e+00  2.0506e+01 -1.6919e+01 -6.4653e+00  2.7359e+01  1.0000e+00
 1.7381e-01  3.3266e-01  2.3239e-01  9.8110e+00  4.9971e+00  1.4306e+01  1.8052e+01  1.0000e+00
 2.8888e+00 -2.5494e+00  6.0865e+00  1.3502e+01 -1.1519e+01  3.0322e+01  3.5135e+01  1.0000e+00
-1.0138e-01  4.2356e-01  4.1293e-01  3.1472e+00  3.1900e+00 -2.2542e+00  5.0162e+00  1.0000e+00
-9.4655e-01 -1.2947e+00 -5.3520e+00 -5.4304e+00 -5.2803e+00 -2.4229e+01  2.5385e+01  1.0000e+00
 1.8648e+00 -1.1795e+00  8.4838e-01  1.6363e+00 -1.6605e+00  1.8590e+00  2.9817e+00  1.0000e+00
-4.4437e-01  7.2810e-01  2.4847e-01 -7.2570e+00 -3.8430e+00  1.0517e+01  1.3343e+01  1.0000e+00
-2.9285e-01  5.6235e-01  2.8968e-01 -2.1963e+01  4.5510e+00  8.6423e+00  2.4037e+01  1.0000e+00
-1.2839e+00  1.0141e+00  2.8545e-01 -2.7044e+00 -4.6230e-01  2.0765e+00  3.4408e+00  1.0000e+00
-1.5111e-01  8.3166e-01 -5.4391e-01  2.4524e+00 -1.6289e+01 -9.1330e-01  1.6498e+01  1.0000e+00
-4.5417e-01  7.8950e-01  1.9031e-01 -1.8037e+00  2.3690e+00  2.1769e+00  3.6884e+00  1.0000e+00
-1.4888e-01  4.0562e-01  5.0790e-01 -1.3291e+01 -2.4073e+00 -1.0506e+01  1.7112e+01  1.0000e+00
 2.4313e+00 -1.5925e+00  6.1168e-01  4.2567e+00 -1.8438e+00  5.1351e+00  6.9202e+00  1.0000e+00
-8.7506e-01 -2.3403e+00  5.6204e+00 -4.3110e+00 -1.2101e+01  2.7039e+01  2.9936e+01  1.0000e+00
 3.5280e-02  3.9305e-01  2.1768e-01  3.1462e+01 -2.5583e+00  1.0379e+01  3.3228e+01  1.0000e+00
-2.3805e-01  3.6532e-01  3.1952e-01  5.5210e+00  2.7061e+01  1.9294e+01  3.3690e+01  1.0000e+00
-7.9338e+00  1.1158e+00 -2.4559e+00 -3.6371e+01  8.6962e+00 -9.6724e+00  3.8627e+01  1.0000e+00
-2.5792e-01  3.7849e-01 -2.3809e-02 -1.6183e+01 -4.6173e+00  1.8214e+01  2.4798e+01  1.0000e+00
-3.2926e-02  3.5561e-01 -1.3926e-02  3.0644e-01  9.3322e+00  5.3357e-01  9.3525e+00  1.0000e+00
 1.2612e-02  3.4277e-01  4.9684e-02  2.3781e+01 -1.5074e+01  4.5040e+00  2.8514e+01  1.0000e+00
-2.7590e+00 -1.0837e+01 -1.1848e+01 -1.4992e+01 -4.4899e+01 -5.2415e+01  7.0626e+01  1.0000e+00
 7.2800e+00 -6.4609e+00  1.8489e+00  3.5948e+01 -3.1678e+01  8.8779e+00  4.8730e+01  1.0000e+00
-2.5651e-01  4.4879e-01 -3.5220e-01 -2.8906e-01 -4.6156e+00 -3.4447e+00  5.7666e+00  1.0000e+00
 8.3834e-01 -3.7101e-01 -1.7896e+00  1.0980e+00  1.2802e+00 -1.8911e-01  1.6972e+00  1.0000e+00
-4.3342e-01  5.9775e-01 -3.2307e-02  2.0815e+01  5.1568e+00 -9.3380e+00  2.3389e+01  1.0000e+00
 6.9232e-01 -9.6412e-01 -1.7950e+00  2.5207e+00  1.1483e+00 -2.0880e+00  3.4688e+00  1.0000e+00
-7.3102e-01  1.0535e+00 -5.7896e-02  6.0758e+00 -6.4459e+00 -4.2930e+00  9.8435e+00  1.0000e+00
-1.6662e-02  1.4390e-01 -1.1890e-02  8.2704e+00 -1.2595e+01  3.1799e+00  1.5399e+01  1.0000e+00
-4.0213e+00  6.1179e+00 -3.4037e+00 -1.9695e+01  3.1142e+01 -1.6294e+01  4.0289e+01  1.0000e+00
-2.6933e-01  3.8742e-01  2.9012e-01  1.4929e+01 -4.2330e+00  9.0009e+00  1.7939e+01  1.0000e+00
-1.4779e+00  3.2763e-01 -5.0256e-01 -8.3382e-01  1.0660e+00  4.8116e+00  4.9983e+00  1.0000e+00
-2.4396e-01  2.7392e-01  2.2819e-01 -2.5101e+01 -7.3042e+00  6.1373e+00  2.6853e+01  1.0000e+00
-1.3893e-01  4.3456e-01  4.7420e-01  1.0801e+01 -5.7376e+00 -1.2806e+01  1.7708e+01  1.0000e+00
-3.5124e-01  2.5745e-01  2.2983e-01  6.3626e+00 -2.2072e+00  1.5368e+01  1.6779e+01  1.0000e+00
 5.7789e-02  3.3981e-01  9.3333e-02  9.7507e+00  8.8156e+00 -7.8142e+00  1.5292e+01  1.0000e+00
 1.8414e-01  2.2526e-02  2.0765e-01  1.0515e+01  1.8724e+00  8.9401e+00  1.3928e+01  1.0000e+00
-2.3768e-01  3.5596e-01  3.0058e-01 -1.6918e+01  5.9279e+00  9.6809e+00  2.0373e+01  1.0000e+00
-1.7217e-01  6.0065e-01  2.2184e-01  2.2667e+01  8.2665e+00  5.7360e+00  2.4800e+01  1.0000e+00
 2.4412e-01  6.3821e-01  2.1379e-01 -5.0970e+00 -2.1589e+00  1.3894e+01  1.4956e+01  1.0000e+00
 2.0381e+00 -3.3192e+00  5.3078e+00  9.1701e+00 -1.4051e+01  2.6033e+01  3.0971e+01  1.0000e+00
-1.1531e-01  3.5640e-01  2.1910e-01 -6.3478e+00  1.7221e+01 -2.4156e+01  3.0337e+01  1.0000e+00
 1.4255e+01 -9.8147e+00 -2.0400e+01  6.9284e+01 -4.7280e+01 -9.5472e+01  1.2708e+02  1.0000e+00
-2.4857e-01  2.8367e-01  1.6293e-01 -2.9218e+00  1.5507e-02  2.6549e+01  2.6709e+01  1.0000e+00
-1.0658e+00  1.6628e+00  1.9921e+00 -4.0970e+00  8.3781e+00  5.8076e+00  1.0987e+01  1.0000e+00
 3.7773e+00 -1.4827e+00 -1.1412e+00  1.9283e+01 -4.6633e+00 -3.5725e+00  2.0158e+01  1.0000e+00
-3.6465e-01  4.5391e-01  2.2302e-01  5.6032e-01  3.4836e+00 -4.0964e+00  5.4065e+00  1.0000e+00
-1.2323e-01  5.9336e-01 -4.2068e-02 -2.9974e+01 -1.3059e+00  2.0135e+01  3.6132e+01  1.0000e+00
 1.5723e-02  4.9910e-01  3.0740e-01 -2.2446e+01 -1.5389e+01  9.1588e+00  2.8715e+01  1.0000e+00
-4.3800e-02  4.5058e-01  2.2480e-01  1.6967e+00  5.1433e+00  8.8513e+00  1.0377e+01  1.0000e+00
-2.9058e-01  4.8753e-01  7.9956e-02  2.2226e+00 -9.4163e+00 -3.2266e+00  1.0199e+01  1.0000e+00
-5.5331e-01  7.2843e-01  2.5327e-02  1.4714e+01 -1.4743e+01  1.3322e+01  2.4725e+01  1.0000e+00
-4.6722e-01  2.2634e-01  3.5823e-01  6.9204e+00 -1.6340e+00 -1.1020e+01  1.3115e+01  1.0000e+00
-2.0301e-01  3.0916e-01  7.7421e-03 -4.1722e+01  3.6056e+00  9.5056e+00  4.2943e+01  1.0000e+00
 3.6847e-01 -2.9595e+00  5.2975e+00  1.5770e+00 -1.3931e+01  2.4412e+01  2.8152e+01  1.0000e+00
-3.0282e+00  2.6053e+00 -1.8288e+00 -5.8996e+01  4.4988e+01 -3.7820e+01  8.3276e+01  1.0000e+00
 1.1248e-01  7.3011e-01 -3.0583e-02  5.5860e+00  1.5823e+01 -1.4630e+01  2.2262e+01  1.0000e+00
-5.4017e-01  5.1727e-01 -4.8404e-02  6.3829e+00  7.9737e+00  2.0768e+00  1.0423e+01  1.0000e+00
-1.1440e-01  5.0234e-01  2.0087e-01 -1.0226e+01  1.4296e+01 -1.2110e+01  2.1345e+01  1.0000e+00
-7.6551e-01 -2.7452e-01  2.9673e-01  5.0028e+00  3.2108e+00  2.8278e+00  6.5829e+00  1.0000e+00
-4.9509e-01  8.9242e-02 -2.4101e-02  1.0827e+01  1.3355e+01  6.8260e+00  1.8498e+01  1.0000e+00
 6.4620e-02  2.7873e-02 -1.0957e-01  7.2424e-01  1.4225e+01  7.1376e+00  1.5932e+01  1.0000e+00
-5.0383e+00  4.2232e+00 -1.4251e+00 -2.3461e+01  1.9801e+01 -6.5091e+00  3.1382e+01  1.0000e+00
 2.8338e+00 -2.1845e+00 -8.6670e+00  1.4344e+01 -1.1295e+01 -4.3878e+01  4.7525e+01  1.0000e+00
-1.7042e-01  4.6439e-01  6.7673e-03  9.2555e+00 -1.6102e+01 -1.0842e+01  2.1505e+01  1.0000e+00
-3.6247e-01 -5.9198e+00 -4.2239e+00 -6.2776e-02 -2.8169e+01 -1.9946e+01  3.4516e+01  1.0000e+00
-2.0335e+00  1.8986e+00 -8.2827e+00 -1.0728e+01  1.0172e+01 -4.1351e+01  4.3914e+01  1.0000e+00
 1.0963e+00 -5.2193e+00  2.6054e-02  4.8935e+00 -2.4806e+01  2.1044e-01  2.5285e+01  1.0000e+00
-3.1612e-01  1.7819e-01  2.2333e-01  8.0509e+00  3.1321e+01 -1.0861e+01  3.4114e+01  1.0000e+00
-9.9878e-01 -1.1791e+00 -5.8277e+00 -4.8043e+00 -6.4979e+00 -2.6581e+01  2.7782e+01  1.0000e+00
-4.5417e-01  7.9879e-03 -1.8957e-01  8.5289e+00  1.9470e+01  1.3124e+01  2.4982e+01  1.0000e+00
-2.5986e-01  6.1132e-01  1.6124e-01  9.5469e+00 -7.4707e+00 -2.1531e+01  2.4709e+01  1.0000e+00
 1.9701e+00  1.6856e+00  2.9214e+00  1.9335e+01  1.0843e+01  2.6855e+01  3.4822e+01  1.0000e+00
-9.9527e-02  3.5542e-01  1.0674e-01 -2.5206e+01 -1.1646e-01 -2.7312e+01  3.7166e+01  1.0000e+00
 3.3536e+00 -4.5103e+00 -1.7952e+00  1.6843e+01 -2.0116e+01 -8.2939e+00  2.7516e+01  1.0000e+00
-3.7363e-01  2.1316e-01  2.2515e-01  7.3058e+00 -1.9812e-01 -7.3144e+00  1.0340e+01  1.0000e+00
-1.0851e-01  4.6729e-01  1.7887e-01 -3.6638e+01 -6.7078e+00  6.9509e+00  3.7890e+01  1.0000e+00
-5.9835e+00 -2.7263e+00 -1.9489e+00 -2.8573e+01 -1.2785e+01 -8.7550e+00  3.2504e+01  1.0000e+00
 3.3697e+00  1.5484e+00  2.9336e+00  1.4537e+01  8.4264e+00  1.5170e+01  2.2637e+01  1.0000e+00
 5.3156e-02  2.7131e-01  1.3525e-01  5.4539e+00 -4.5227e+00  1.5247e+01  1.6812e+01  1.0000e+00
 2.2513e+00 -7.5778e+00 -5.9371e-01  1.1731e+01 -3.7805e+01 -2.9889e+00  3.9695e+01  1.0000e+00
-2.1960e-01  4.0270e-01  1.5493e-01 -3.8273e+01  6.8623e+00  5.4129e+00  3.9258e+01  1.0000e+00
-1.0016e+01 -9.0463e-01  1.4818e+01 -5.7081e+01 -5.5954e+00  8.4207e+01  1.0188e+02  1.0000e+00
 4.2834e+00 -7.5492e+00 -6.0947e+00  2.2276e+01 -3.8175e+01 -3.1090e+01  5.4038e+01  1.0000e+00
 4.5686e-01  1.5472e-01  9.9255e-02  2.0642e+00  2.7292e-01 -5.4349e+00  5.8201e+00  1.0000e+00
-1.8387e-02  4.3211e-01  2.4297e-01  2.7159e+01 -1.8259e+01  2.0922e+01  3.8842e+01  1.0000e+00
-3.1642e-01  2.5941e-01  1.6868e-01 -1.9654e+01  1.6170e+01 -2.3160e+01  3.4411e+01  1.0000e+00
-2.9657e+00 -8.9053e-01 -2.2731e+00 -1.2544e+01 -2.6351e+00 -9.1137e+00  1.5727e+01  1.0000e+00
-3.9258e-01  2.1258e-01  6.7533e-02 -1.6554e+01  3.4940e-01 -4.8192e+00  1.7245e+01  1.0000e+00
-3.2533e-01  5.5545e-01  2.7400e-01  1.2676e+01  1.1459e+01 -1.8218e+00  1.7185e+01  1.0000e+00
-5.6791e-02 -5.9193e+00 -4.1748e+00 -7.8963e-01 -2.7386e+01 -1.9890e+01  3.3856e+01  1.0000e+00
-1.6693e-01  5.3274e-01  1.2649e-01  2.3805e+01 -1.2179e+01  6.6536e+00  2.7555e+01  1.0000e+00
-1.3059e-02  5.0461e-01 -1.9262e-02 -6.5744e+00 -1.3094e+00  1.0335e+00  6.7827e+00  1.0000e+00
-9.3356e-02  5.6145e-01  1.4991e-01  3.1026e+00 -8.1880e+00  1.1614e+01  1.4545e+01  1.0000e+00
 4.9643e-01  2.6907e-01  1.3676e+00 -6.4359e+00 -7.0952e-01 -3.6453e+00  7.4305e+00  1.0000e+00
-2.5243e-01  5.3116e-01  2.9853e-01  2.4614e+01  6.5379e+00  6.8360e+00  2.6369e+01  1.0000e+00
-1.1825e+01 -1.3685e+01  6.2581e+00 -5.1492e+01 -6.2741e+01  2.9613e+01  8.6399e+01  1.0000e+00
-1.8419e-01  5.5277e-01  3.0290e-01 -1.1064e+01  2.1165e+01 -6.4234e+00  2.4731e+01  1.0000e+00
-1.7176e-01  1.9844e-01  1.0643e-01  3.5190e+00  1.7554e+01 -8.8777e+00  1.9983e+01  1.0000e+00
-1.7559e-01  4.6216e-01  4.9762e-02  6.7606e+00  1.4730e+01  1.0744e+01  1.9445e+01  1.0000e+00
-2.9182e-01  2.8612e-01  2.9209e-01 -1.8439e+01  1.4795e+01 -1.4422e+01  2.7693e+01  1.0000e+00
 3.2894e-01  6.3737e-03 -1.5363e-01  9.9493e+00  2.9729e+00 -2.4594e+00  1.0671e+01  1.0000e+00
-3.3966e-01  3.4395e-01  1.6968e-01  2.3714e+01  3.5242e+01 -4.8553e+00  4.2755e+01  1.0000e+00
-1.0754e-01  5.2391e-01  4.0628e-01 -2.4269e+01 -1.8444e+01 -1.5155e+01  3.4041e+01  1.0000e+00
-2.2665e-02 -5.2035e+00  2.5745e+00 -2.7706e-01 -2.4809e+01  1.1668e+01  2.7418e+01  1.0000e+00
-6.4020e+00 -3.9784e+00 -2.3368e+00 -3.2970e+01 -1.9723e+01 -1.1764e+01  4.0180e+01  1.0000e+00
-5.1644e-01 -1.3664e+00 -3.7207e-01 -8.4515e+00 -1.7267e+00 -2.7868e+00  9.0651e+00  1.0000e+00
-2.0914e-02  2.2824e-01  3.1997e-01 -1.8733e+01  1.0497e+01  1.3710e+01  2.5477e+01  1.0000e+00
 8.2501e+00 -2.9984e+00 -5.4411e-01  4.1440e+01 -1.4689e+01 -2.2995e+00  4.4027e+01  1.0000e+00
 3.9707e-01  5.0894e-02  1.7044e-01  1.3944e+01  1.2752e+01 -1.2270e+01  2.2531e+01  1.0000e+00
 8.9225e+01 -1.1079e+02  7.3127e+01  3.8386e+02 -4.7418e+02  3.0947e+02  6.8408e+02  1.0000e+00
-3.5636e-01  1.1894e-03  7.4424e-02 -1.7374e+01 -3.3302e+00 -1.0544e+01  2.0595e+01  1.0000e+00
 1.1256e-01  6.7362e-01 -3.8444e-01 -7.3514e+00  3.8017e+00 -4.1718e+00  9.2682e+00  1.0000e+00
-1.4653e-01  4.2729e-01  1.8311e-01 -1.1267e+01  1.5407e+00  1.2896e+01  1.7194e+01  1.0000e+00
 4.8504e+00  3.9843e+00  2.7594e-01  2.2645e+01  1.8141e+01  1.9528e+00  2.9081e+01  1.0000e+00
-3.0341e+00 -9.3486e-01  1.4254e+00 -2.1600e+01 -5.4178e+00  1.1826e+01  2.5215e+01  1.0000e+00
 1.2192e+00 -6.4974e+00  4.4196e-01  5.4592e+00 -3.0784e+01  1.3037e+00  3.1291e+01  1.0000e+00
-2.4784e-02  4.4799e-01  1.6096e-01  2.4717e+01  1.2805e+01  2.0198e+01  3.4392e+01  1.0000e+00
 3.6069e-01  3.1255e+00 -4.7117e+00  1.4532e+00  1.4145e+01 -2.2288e+01  2.6438e+01  1.0000e+00
-8.7530e+00  2.9427e+00  3.2294e+00 -6.8989e+01  2.3195e+01  2.5143e+01  7.7005e+01  1.0000e+00
-2.8709e-01  6.2655e-01  1.6852e-01  7.7347e+00 -1.0005e+01  5.2147e+00  1.3679e+01  1.0000e+00
-9.0537e-03  3.8196e-01  1.1218e-03  1.7949e+01  3.6724e+01 -7.8887e+00  4.1630e+01  1.0000e+00
-5.9749e-01  6.4588e-01  4.7582e-02 -8.9378e+00  1.9692e+00 -9.9623e+00  1.3528e+01  1.0000e+00
-8.1747e-01 -1.4571e-01  6.8101e-01  1.2653e+00  8.3821e+00 -3.0645e+00  9.0140e+00  1.0000e+00
 6.5207e-01 -6.4139e+00  5.0874e+00  2.9961e+00 -3.1896e+01  2.5330e+01  4.0840e+01  1.0000e+00
 1.1025e+00 -1.9428e+00  9.5476e-01  2.4351e+01 -4.5995e+01  1.7975e+01  5.5060e+01  1.0000e+00
 3.6328e-01  4.2792e+00  4.6548e-01 -3.2335e+00  1.9148e+01  3.5688e+00  1.9744e+01  1.0000e+00
 7.4239e-02  5.4606e-01  1.8213e-01 -2.0964e+01 -8.0639e+00  8.2484e+00  2.3928e+01  1.0000e+00
 2.1179e+00 -1.1579e+00  4.7018e-01  4.2420e+00  1.0359e-01  8.1095e-01  4.3200e+00  1.0000e+00
-2.3445e-02  3.0598e-01  5.8282e-02  1.2840e+01  2.9531e+01 -1.0658e+01  3.3919e+01  1.0000e+00
 3.6662e+00 -1.5693e+00  2.1054e+00  1.6439e+01 -4.5353e+00  8.8901e+00  1.9231e+01  1.0000e+00
-2.1653e-01  6.2452e-01 -4.9653e-01 -2.7601e+00  1.5818e+00  1.1056e+01  1.1504e+01  1.0000e+00
-1.0329e-02  2.2198e-01  1.2193e-01 -3.9300e-02  9.1147e-01 -9.1329e+00  9.1784e+00  1.0000e+00
-1.8168e-01  4.6370e-01  1.4637e-01 -2.7535e+00  1.1974e+01 -2.3869e+01  2.6846e+01  1.0000e+00
-1.4608e+00 -1.2698e+00 -7.0683e+00 -6.6110e+00 -5.5897e+00 -3.4204e+01  3.5283e+01  1.0000e+00
-8.5496e-01 -3.3965e-01  1.6494e+00 -4.2082e+00 -3.6129e+00  1.3360e+01  1.4465e+01  1.0000e+00
 8.3826e+00 -2.5581e-01 -1.9456e+00  4.2017e+01 -7.6549e-01 -8.7870e+00  4.2932e+01  1.0000e+00
-2.3476e-01  4.8568e-01  5.1807e-01  9.2714e-01  7.7645e+00 -1.0432e+01  1.3038e+01  1.0000e+00
 2.8676e+00 -3.4124e-01  7.5809e+00  1.4953e+01 -2.5182e+00  3.8772e+01  4.1632e+01  1.0000e+00
-1.3949e-02  3.1649e-01 -3.8330e-01 -1.0139e+01 -1.7323e-01  1.0592e+01  1.4664e+01  1.0000e+00
-3.4903e-01 -2.8260e-01  1.0194e+00 -1.1744e+01 -1.5273e-01 -8.3239e+00  1.4396e+01  1.0000e+00
-3.5478e+00  5.9644e-01  5.5978e+00 -1.6230e+01  2.7409e+00  2.6838e+01  3.1484e+01  1.0000e+00
-3.4091e-02  4.0585e+00  8.4990e-02 -4.4927e+00  1.2421e+01 -1.2318e+00  1.3266e+01  1.0000e+00
-2.8430e-01  3.6298e-01  1.1694e-01  2.2334e+01  8.4732e+00  3.5730e+00  2.4153e+01  1.0000e+00
 7.5624e-01  1.3838e+01  9.3220e+00  2.9010e-01  6.3675e+01  4.0609e+01  7.5523e+01  1.0000e+00
-2.5787e+00  2.3454e+00 -1.3041e+00 -1.0002e+01  8.4690e+00 -2.5577e+00  1.3353e+01  1.0000e+00
 2.1326e-02  2.1189e-01  1.6922e-02  1.0130e+01  9.6367e-02 -6.5828e+00  1.2081e+01  1.0000e+00
-1.4889e-01  2.8230e-01 -3.3766e-01  8.3198e+00 -2.5996e+00 -2.5158e+01  2.6625e+01  1.0000e+00
-3.2275e-01  2.1894e-01 -4.9086e-01  1.0117e-01 -3.3173e+00  7.9725e+00  8.6357e+00  1.0000e+00
-1.4242e-01  4.7958e-01  2.6011e-01 -2.8792e+01  9.5021e-01  1.6135e+01  3.3018e+01  1.0000e+00
-1.8696e-01  2.8853e-01  7.6753e-02 -2.6265e+01 -1.1668e+01 -1.0207e+01  3.0499e+01  1.0000e+00
-2.0828e+00 -1.6546e-01  2.5491e+00 -5.0971e+00  3.3410e-01  8.2617e+00  9.7133e+00  1.0000e+00
-2.1874e-01  2.7672e-01  2.4138e-01 -9.6730e+00 -4.9731e+00  4.7240e+00  1.1858e+01  1.0000e+00
-2.6139e+00  2.2302e+00  9.9564e-01 -2.9056e+01  2.4137e+01  7.7553e+00  3.8562e+01  1.0000e+00
-2.7686e-02  2.4629e-01  3.5469e-01 -9.8871e-01  7.4124e+00  2.2839e+01  2.4032e+01  1.0000e+00
-1.8872e-01  4.3078e-01  2.8584e-01  6.5000e+00 -6.0760e+00 -4.5483e+00  9.9927e+00  1.0000e+00
-2.6298e-01  2.9891e-01  2.4709e-01 -1.1300e+00  9.6087e-02 -2.2076e+01  2.2105e+01  1.0000e+00
-1.9065e-01  5.3821e-01  3.5169e-02  7.3870e+00  2.5416e+01  1.4672e+01  3.0262e+01  1.0000e+00
 2.8933e+00 -5.0699e+00 -2.4365e+00  1.3625e+01 -2.2740e+01 -1.1622e+01  2.8945e+01  1.0000e+00
-8.9148e-01  2.9649e-01  3.5065e-01 -1.7805e+01  5.0131e+00  6.7533e+00  1.9691e+01  1.0000e+00
 3.6033e+00  8.6853e-01 -8.7631e+00  1.8076e+01  5.3369e+00 -3.8694e+01  4.3040e+01  1.0000e+00
-6.7632e-01  3.6868e+00 -2.6640e+00 -2.8509e+00  1.5810e+01 -9.3424e+00  1.8584e+01  1.0000e+00
-7.1839e+00 -2.6527e+00  1.7185e+00 -3.6353e+01 -1.2481e+01  8.6529e+00  3.9398e+01  1.0000e+00
 8.8527e+00 -8.7304e-01 -3.6923e+00  4.5657e+01 -4.3492e+00 -1.8582e+01  4.9485e+01  1.0000e+00
 3.4030e+00 -1.8658e+01  1.1518e+01  1.7630e+01 -9.7809e+01  6.0801e+01  1.1651e+02  1.0000e+00
 5.1576e-02  2.2223e-01  5.6391e-02  1.0867e+01 -7.2169e+00 -1.3295e+01  1.8626e+01  1.0000e+00
-3.8097e-01  5.9362e-01  9.2379e-02  5.2504e+00 -1.1894e+00  2.3002e+01  2.3623e+01  1.0000e+00
-2.8676e-01  4.0142e-01  2.4350e-02 -1.1919e+01  6.3293e+00 -2.1850e+00  1.3671e+01  1.0000e+00
 5.6655e-01 -7.8979e-02 -3.2048e-02  1.2089e+00  3.9081e+00 -5.0310e+00  6.4843e+00  1.0000e+00
-4.5996e+00 -2.5596e+00 -2.3386e+00 -2.1960e+01 -1.0217e+01 -1.1395e+01  2.6767e+01  1.0000e+00
-2.8037e-01  3.0228e-01  1.1420e-01  2.5109e+00 -3.0527e+01  1.9008e+01  3.6048e+01  1.0000e+00
 5.6843e-01  6.0976e-01 -1.7550e-01  6.1385e+00  8.5472e+00  9.7224e+00  1.4327e+01  1.0000e+00
-2.1166e-01  5.1613e-01  2.2472e-01  2.4365e+01  1.0121e+01  2.0317e+00  2.6461e+01  1.0000e+00
-3.5976e-02  4.0694e-01  8.8538e-02 -1.0375e+01 -6.8185e+00  1.6255e+01  2.0454e+01  1.0000e+00
 1.5364e+00 -1.8767e+00 -2.1645e+00  5.7837e+00 -4.6489e+00 -5.4806e+00  9.2250e+00  1.0000e+00
-1.7451e-02  4.2960e-01  3.4428e-01 -2.2945e+01 -1.3726e+01  7.8559e+00  2.7868e+01  1.0000e+00
-1.4438e-01  4.2981e-01  9.5422e-02 -8.9206e+00 -1.7222e+01 -2.4254e+01  3.1055e+01  1.0000e+00
 3.1594e+00 -3.6664e+00 -4.7209e+00  1.4768e+01 -1.7928e+01 -2.1749e+01  3.1821e+01  1.0000e+00
-5.5548e-03  4.1640e-01 -1.3712e-01  1.3299e+01  5.7421e+00  4.2357e-01  1.4492e+01  1.0000e+00
 7.2077e-02  3.8686e-01  1.9123e-01  1.1896e+00  1.3953e+00 -1.2723e+01  1.2854e+01  1.0000e+00
-4.7919e-01  3.8172e-01  2.5945e-01 -1.0111e+01  6.6650e+00  1.1516e+01  1.6712e+01  1.0000e+00
-3.7137e-01  1.3313e+00  8.5408e-01 -4.7472e+00  1.5855e+00  1.2106e+01  1.3100e+01  1.0000e+00
-2.2060e-01  4.7558e-01  1.3045e-01  1.1521e+01  3.1695e+00 -2.6826e+00  1.2247e+01  1.0000e+00
-1.9062e-01  2.8603e-01 -2.3921e-02  1.2605e+01  2.1326e+01 -4.9322e-01  2.4778e+01  1.0000e+00
 1.1252e+00 -8.7583e-01 -1.5288e-01 -1.2438e+00  4.5697e+00  2.4123e+00  5.3149e+00  1.0000e+00
-5.4023e+00  1.3340e+00  2.6206e+00 -6.0945e+01  1.4590e+01  3.0074e+01  6.9510e+01  1.0000e+00
-2.2403e-01  3.9597e-01  5.2147e-02 -2.3388e+01  7.6525e+00  1.3152e+01  2.7902e+01  1.0000e+00
 4.5225e+00  2.9753e+00 -5.4708e-01  1.9444e+01  1.4387e+01 -1.2916e+00  2.4223e+01  1.0000e+00
-4.9863e-01  3.8353e-01  2.0502e-01  4.5428e+00 -6.3728e+00  1.0104e+01  1.2781e+01  1.0000e+00
-4.3765e-01  5.9162e-01  1.6729e-01 -6.0934e+00 -1.3331e+01 -1.3255e+01  1.9762e+01  1.0000e+00
-2.0147e-01  4.1104e-01  2.4171e-01  2.3037e+01 -1.4221e+01  1.0330e+01  2.8977e+01  1.0000e+00
 6.1679e-01  4.4697e+00  1.3982e-01  4.8246e+00  1.8197e+01 -1.6829e+00  1.8901e+01  1.0000e+00
-8.9484e+01  1.1070e+02 -7.3511e+01 -3.7964e+02  4.7214e+02 -3.1702e+02  6.8377e+02  1.0000e+00
-1.1002e+00  9.0336e-01  1.9658e-01  1.0331e+00 -1.0614e+01 -4.1479e+00  1.1443e+01  1.0000e+00
 4.5421e-03  2.9114e-01 -1.3078e-02 -3.3399e+00  1.4208e+01 -3.1628e+00  1.4934e+01  1.0000e+00
-9.2511e-01  1.2641e+00 -1.2083e-01  6.5564e+00 -4.2464e+00  3.0401e+00  8.3822e+00  1.0000e+00
 2.1112e-01  3.7673e-01  1.3657e-01  6.0219e+00 -6.2217e+00  5.8111e+00  1.0428e+01  1.0000e+00
-3.6733e-01  1.8086e-01 -3.2231e-01 -1.0457e+01  3.9300e+00  9.9638e+00  1.4969e+01  1.0000e+00
 2.9307e+00 -4.3891e+00 -4.2726e+00  1.5369e+01 -2.0123e+01 -1.8780e+01  3.1525e+01  1.0000e+00
 9.1773e-01 -2.8043e-01 -1.0006e-01  1.5683e+01 -4.7603e+00  2.8145e-01  1.6392e+01  1.0000e+00
-9.9706e-01  1.9978e-01  4.6913e-01 -1.5090e+01 -3.9305e+00  1.4637e+01  2.1386e+01  1.0000e+00
-1.8786e-01  3.3294e-01 -2.3591e-01 -1.3423e+00  6.6685e+00  1.0079e+01  1.2160e+01  1.0000e+00
-6.2923e+00  2.3184e-01  5.2847e+00 -3.1281e+01  2.3039e+00  2.7062e+01  4.1427e+01  1.0000e+00
-1.9128e-01  1.8978e-01 -2.3389e-01  1.6348e+01 -5.8695e+00  1.2046e+00  1.7412e+01  1.0000e+00
 1.5203e-02  5.1847e-01  1.2393e-01  1.1784e+00  1.5570e+01 -8.3493e+00  1.7707e+01  1.0000e+00
-4.2463e+00  3.7620e+00 -6.8209e+00 -2.1138e+01  1.9492e+01 -3.4154e+01  4.4646e+01  1.0000e+00
 7.1625e+00 -4.9560e+00  1.9419e+00  3.5756e+01 -2.4210e+01  9.9983e+00  4.4324e+01  1.0000e+00
 4.0837e+00 -2.4939e+00  4.4074e+00  1.8686e+01 -1.1536e+01  2.1287e+01  3.0584e+01  1.0000e+00
-2.4419e-01  4.2551e-01  2.1435e-01  8.9338e+00 -1.1030e+00 -2.0735e+01  2.2604e+01  1.0000e+00
-2.1223e-01  4.9970e-01  9.8128e-02 -1.4293e+01 -1.1295e+00 -3.9392e+00  1.4868e+01  1.0000e+00
 1.5339e-01  4.8058e-01  1.3553e-01 -1.9697e+01 -5.9087e+00  6.5649e+00  2.1586e+01  1.0000e+00
-3.6392e+00  8.1939e-01  1.3817e+00 -1.4717e+01  1.3772e+00  4.3144e+00  1.5398e+01  1.0000e+00
-1.7140e-01  7.9751e-01  2.6855e-01 -1.3296e+00  1.2356e+00 -2.8156e+00  3.3499e+00  1.0000e+00
-2.9650e-01  5.6300e-01  1.7463e-01 -1.9187e+01  5.0300e+00 -2.8957e+01  3.5099e+01  1.0000e+00
-1.2592e-01  3.9169e-02  2.6865e-01  7.7294e+00 -1.2114e+01  8.0885e+00  1.6490e+01  1.0000e+00
-1.1084e-01  1.2633e-01  2.0440e-01 -3.3068e+00  2.7547e+00  4.0312e+00  5.8970e+00  1.0000e+00
-3.1530e+00  2.5851e+00 -2.6349e+00 -1.3501e+01  1.4477e+01 -1.1420e+01  2.2854e+01  1.0000e+00
 1.0061e-01  6.9748e-01  2.8807e-01 -9.6277e+00  2.0540e+01 -3.8408e+00  2.3008e+01  1.0000e+00
-2.2435e+00  1.4497e+00 -5.6187e+00 -1.0799e+01  6.7907e+00 -2.6097e+01  2.9048e+01  1.0000e+00
-8.4292e-02  4.0929e+00  2.0899e+00 -6.0244e+00  1.6266e+01  5.8354e+00  1.8301e+01  1.0000e+00
-6.7007e+00 -1.6504e+00 -2.1372e+00 -3.4494e+01 -7.0719e+00 -9.0372e+00  3.6353e+01  1.0000e+00
-2.7665e-01 -6.3834e-01  3.0535e-01  9.2403e+00  1.0592e+01 -4.0734e-01  1.4062e+01  1.0000e+00
-5.7759e-02  3.5089e-01 -2.1004e-01 -1.6029e-01 -4.9617e+00 -3.4050e+01  3.4410e+01  1.0000e+00
-2.2064e-01  1.8867e-01 -1.6733e-01  4.4290e+00 -3.1213e+00 -4.9346e+00  7.3286e+00  1.0000e+00
-2.7021e-01  6.0865e-01  2.8911e-01 -1.2356e+01 -1.6784e+01 -2.5779e+01  3.3150e+01  1.0000e+00
-1.2590e-01  5.3765e-01  1.8607e-02  6.2427e+00 -3.5604e+01 -7.7357e+00  3.6965e+01  1.0000e+00
 1.2124e-02  3.1242e-01  6.9880e-03 -9.4428e+00  2.9899e+01  3.7830e+00  3.1582e+01  1.0000e+00
-7.3241e-01 -4.0864e-01  1.6979e-01 -8.4723e+00 -6.8238e+00  5.4916e+00  1.2186e+01  1.0000e+00
 1.7146e+00 -1.1203e+00  1.6301e+00  5.8287e+00 -4.4084e+00 -6.0035e+00  9.4578e+00  1.0000e+00
-5.9944e-02  4.6218e-01  1.6109e-01  2.2794e+01  3.7004e+00 -1.2710e+01  2.6360e+01  1.0000e+00
-1.7488e-01  4.2900e-01  9.5231e-02  4.1224e+01 -5.8059e-01  8.8714e+00  4.2172e+01  1.0000e+00
-9.2628e+00  1.1000e+01 -6.8103e+00 -4.2113e+01  4.4408e+01 -2.6760e+01  6.6795e+01  1.0000e+00
-2.1661e-01  6.1528e-01  6.1789e-01  3.3929e+00 -1.2597e+01 -1.9454e+01  2.3423e+01  1.0000e+00
 2.1465e+00  4.7207e-01 -6.1708e-01  5.0117e+00  7.9413e+00 -2.8068e+00  9.8010e+00  1.0000e+00
-1.2542e-01  4.2041e-01  3.1448e-01  8.0882e+00 -3.9025e+00  1.1106e+01  1.4282e+01  1.0000e+00
-2.3389e-01  3.8991e-01  6.9888e-03  2.1932e+00  2.4641e+01  1.5860e+01  2.9386e+01  1.0000e+00
-2.0107e-01 -5.2079e+00 -2.6782e+00 -7.0156e-01 -2.3205e+01 -1.3057e+01  2.6636e+01  1.0000e+00
-2.8374e-01  1.7965e-01  3.7092e-01  1.1210e+01  2.0279e+01 -5.1767e+00  2.3743e+01  1.0000e+00
 2.9598e+00 -4.4454e+00 -4.1640e+00  1.2985e+01 -2.1261e+01 -2.0535e+01  3.2285e+01  1.0000e+00
-4.0274e-01  4.4313e-01  1.1299e-01 -2.5644e+01  1.2596e+00  6.0791e+00  2.6385e+01  1.0000e+00
-3.1768e-01  3.4947e-01  1.3769e-01 -4.3211e+00 -4.9845e+00  1.0452e+01  1.2360e+01  1.0000e+00
-6.8012e-02  3.6861e+00  1.7883e+00  2.9828e+00  1.5506e+01  5.8037e+00  1.6823e+01  1.0000e+00
 1.4226e+00 -3.1197e+00  4.8713e+00  7.0668e+00 -1.4508e+01  2.2511e+01  2.7698e+01  1.0000e+00
-1.6789e-01  3.8124e-01  1.3795e-01  1.6534e+01  1.2622e+01  7.2907e+00  2.2042e+01  1.0000e+00
-3.0331e-01  4.9341e-01 -4.0717e-02 -1.4019e+01  1.2451e+01 -1.9513e+01  2.7062e+01  1.0000e+00
-1.2840e-01  3.7223e-01  1.0925e-01  1.7745e+01  1.7640e+01 -2.2037e+00  2.5118e+01  1.0000e+00
-6.5017e-01  3.8955e-01 -3.0639e-01  1.1482e+00  3.1856e-01  3.5446e+00  3.7395e+00  1.0000e+00
-3.8467e+00 -1.3358e+00  2.6535e+00 -1.7541e+01 -5.1400e+00  9.8116e+00  2.0745e+01  1.0000e+00
-4.3509e-01  3.3443e-01  8.3654e-01  1.8224e-01 -3.2551e+00  4.9896e+00  5.9603e+00  1.0000e+00
-4.1400e-01  5.4381e-01  2.0135e-01  1.1307e+01 -7.4981e+00 -6.5604e-01  1.3583e+01  1.0000e+00
 5.3289e+00 -6.9989e+00 -5.2078e-01  2.7362e+01 -3.4769e+01 -2.8333e+00  4.4335e+01  1.0000e+00
-5.9526e-02  3.3018e-01 -1.9687e-01 -5.4960e-01  7.2098e+00 -3.9850e+00  8.2561e+00  1.0000e+00
-2.1138e+00  1.4635e-01  1.4616e+00 -1.1293e+00  4.9891e+00 -1.9603e+00  5.4780e+00  1.0000e+00
-1.9983e-01  6.8536e-01  7.9331e-02 -9.7207e+00  4.7845e+00 -2.6994e+00  1.1166e+01  1.0000e+00
-1.9874e-01  3.1233e-01  1.3770e-01  1.6794e+01  1.2384e+01 -1.0293e+01  2.3267e+01  1.0000e+00
 1.8621e+00 -1.0433e+00  3.3797e-01  2.1436e+00 -3.1492e+00 -6.1541e-01  3.8589e+00  1.0000e+00
-1.2706e-01  4.0393e-01  3.4876e-01 -1.3373e+01 -7.8468e+00  1.2107e+01  1.9672e+01  1.0000e+00
-4.8142e-01  4.0923e-01  1.7935e-01  1.2854e+01  1.0642e+01 -2.0896e+01  2.6742e+01  1.0000e+00
-1.6902e+00 -7.2887e-01 -5.2445e-01 -1.3996e+01 -5.9735e+00 -3.2568e+00  1.5562e+01  1.0000e+00
-1.7532e-01  4.2477e-01  1.1225e-01  6.2092e+00 -1.8755e+01  1.3234e+01  2.3779e+01  1.0000e+00
-9.9134e-02  5.0863e-01  3.7104e-01  1.5144e+01  1.2076e+00  1.2659e+01  1.9775e+01  1.0000e+00
-1.4744e-01  5.6520e-01  9.0067e-02 -9.7673e+00  1.6711e+01  6.3401e+00  2.0368e+01  1.0000e+00
-4.7503e-01  2.8004e-01  6.0626e-02  1.1145e+01  3.1086e+00  7.1803e+00  1.3617e+01  1.0000e+00
-1.7732e-01  5.4155e-01  3.4367e-01  1.0615e+01  5.9137e+00  1.7220e+00  1.2273e+01  1.0000e+00
 2.4509e-01  1.8638e-01  2.1039e-01 -1.1658e+01  2.8822e+00 -1.1920e+01  1.6920e+01  1.0000e+00
-3.4257e-01  2.6649e-01  9.4781e-02 -1.7304e+00  7.6011e+00 -7.3342e+00  1.0703e+01  1.0000e+00
-1.8256e-01  5.9935e-01  1.7537e-01 -1.6926e+01 -1.5706e+01  2.0142e+01  3.0641e+01  1.0000e+00
-2.7184e-01  4.7098e-01  3.2305e-01 -2.5418e+01 -9.1957e+00 -8.9451e+00  2.8472e+01  1.0000e+00
 6.6100e-01 -1.8136e-01  3.2305e-01  1.2493e+01  2.5740e+00 -7.3565e+00  1.4725e+01  1.0000e+00
 9.8208e-02  1.7113e-01  8.4735e-03  8.3487e+00  1.5760e+00 -9.3385e+00  1.2625e+01  1.0000e+00
-6.9853e+00  5.8433e-01  5.9996e+00 -2.4191e+02  7.3729e+00  2.1781e+02  3.2560e+02  1.0000e+00
-7.2740e-02  2.6352e-01  3.8520e-02  1.1175e+01  7.5933e+00  4.7576e+00  1.4324e+01  1.0000e+00
 4.3378e-01  1.8715e+00 -6.9499e-02  2.0238e-01  4.1259e+00 -2.7241e+00  4.9482e+00  1.0000e+00
 1.0441e-01  2.0759e-01 -2.1732e-01  3.2790e+00  1.0950e+01 -1.0861e+01  1.5768e+01  1.0000e+00
-1.3479e+00  2.1166e+00  5.3613e+00 -4.6401e+00  7.3655e+00  1.7629e+01  1.9661e+01  1.0000e+00
 3.1994e+00  8.4797e-01  4.9632e-01  9.4307e+00  4.2170e+00  2.6679e+00  1.0670e+01  1.0000e+00
 3.4576e+00 -1.8276e+00 -3.0155e+00  1.4764e+01 -8.9401e+00 -1.2627e+01  2.1386e+01  1.0000e+00
-6.7711e-02  2.3579e-01  4.7620e-01  4.3715e+00 -3.3282e+00  5.1520e+00  7.5319e+00  1.0000e+00
 4.2249e+00 -4.4083e+00 -6.5797e+00  2.1714e+01 -2.1812e+01 -3.2222e+01  4.4559e+01  1.0000e+00
-2.6071e-01  3.2565e-01 -5.9593e-02  9.4844e-01 -8.0007e+00 -1.4303e+00  8.1827e+00  1.0000e+00
-2.2514e-01  2.6967e-01  3.1254e-02  1.0564e+01 -2.3078e+00 -1.9195e+01  2.2031e+01  1.0000e+00
-1.0589e-01  4.3442e-01  2.7769e-01  2.1189e+00 -6.5544e+00  6.5944e+00  9.5361e+00  1.0000e+00
-2.3075e-01  4.0661e-01 -9.8579e-02  1.3674e+00 -1.0845e+01  3.6648e+00  1.1529e+01  1.0000e+00
-3.7967e-01  1.4888e-01  2.1594e-01  1.5071e+01  1.9664e+01  1.0725e+01  2.6997e+01  1.0000e+00
-8.3763e-02  3.8203e-01 -4.5672e-01  1.2626e+01  7.1310e+00 -1.2926e+01  1.9425e+01  1.0000e+00
-2.9842e-01  4.6284e-01  1.2490e-01 -1.2784e+01  2.9985e+01  1.1263e+01  3.4487e+01  1.0000e+00
-1.0522e-01  4.9564e-01  3.1254e-02  2.7531e+01 -2.0170e+01 -1.2812e+01  3.6455e+01  1.0000e+00
-9.6307e-01  9.8056e-01  5.2164e-01 -1.2719e+01  5.9981e+00  1.1085e+01  1.7906e+01  1.0000e+00
-2.0638e-02  2.0371e-01  1.1588e-01  2.0096e+01  1.6498e+00  3.8686e+00  2.0531e+01  1.0000e+00
-1.4038e+00  1.7098e+00  5.1366e+00 -5.0944e+00  7.8285e+00  2.3507e+01  2.5295e+01  1.0000e+00
-8.9529e-02  8.3691e-01 -5.3833e-01 -9.9339e+00 -3.2995e+00 -1.7194e+01  2.0130e+01  1.0000e+00
-3.3295e-01  5.1638e-01  2.3664e-01 -7.2238e+00  2.3279e+01 -8.4797e+00  2.5807e+01  1.0000e+00
 1.2250e-01  4.0137e-01  2.4637e-01 -2.0086e+00 -1.5127e+01  6.6224e+00  1.6635e+01  1.0000e+00
-1.2166e+00  1.7105e+00  1.8013e+00  1.7117e+00  5.5027e+00  4.0359e+00  7.0355e+00  1.0000e+00
 3.5343e+00 -8.8320e+00  1.5171e+01  1.5646e+01 -3.9496e+01  7.1059e+01  8.2789e+01  1.0000e+00
 6.2897e+00  1.2198e+00  5.8323e+00  3.1374e+01  5.9690e+00  2.9758e+01  4.3652e+01  1.0000e+00
 1.3896e+00 -7.5815e-01 -4.6018e-01  9.1206e-01  3.7467e+00  2.2885e+00  4.4840e+00  1.0000e+00
-2.8718e-02  5.9783e-01  2.7026e-01  1.1991e+01 -1.7592e+01 -9.8882e+00  2.3474e+01  1.0000e+00
-5.4382e-02  3.2721e-01  3.5433e-02 -1.9676e+01  2.2371e+01  1.2304e+01  3.2234e+01  1.0000e+00
-1.6893e+00  9.7410e-01  6.7249e+00 -8.3473e+00  5.7029e+00  3.2883e+01  3.4402e+01  1.0000e+00
-4.6130e+00 -1.4679e+00 -4.6244e+00 -2.1331e+01 -2.7621e+00 -1.9853e+01  2.9271e+01  1.0000e+00
 5.0005e-01  1.8211e+00 -8.1350e-01 -2.5903e+00  2.1348e+00  3.2687e+00  4.6852e+00  1.0000e+00
-1.9119e+00 -2.6222e+00 -4.2493e-01 -1.3513e+01 -2.4496e+01 -1.5747e+00  2.8020e+01  1.0000e+00
 9.2088e-01  2.9987e-01 -2.4620e-01 -2.9058e+00  6.7926e+00 -1.4869e+00  7.5362e+00  1.0000e+00
-1.5680e-01  6.1838e-01  1.2904e-01 -9.2371e+00  3.7886e+00  6.4972e+00  1.1912e+01  1.0000e+00
 4.0781e-01  1.5133e+00  6.1917e-01 -2.6398e+00 -5.1542e+00 -2.4473e+00  6.2867e+00  1.0000e+00
 3.7051e-03  3.1679e-01  3.7386e-01 -1.4156e+01  1.2790e+00 -1.8351e+00  1.4332e+01  1.0000e+00
-8.1433e-03  3.7610e-01  1.8608e-01  4.8172e+00  3.1322e+01  1.6840e+01  3.5887e+01  1.0000e+00
-2.3447e+00  7.2332e+00 -9.8509e-01 -1.1131e+01  3.5523e+01 -4.4361e+00  3.7490e+01  1.0000e+00
 2.0876e+00 -2.2880e-01  1.2262e+00  8.5439e+00  3.8710e+00  1.0099e+01  1.3783e+01  1.0000e+00
-4.6838e+00 -3.7849e-01 -1.1438e+00 -2.0204e+01  1.9229e-01 -5.4095e+00  2.0917e+01  1.0000e+00
 4.7620e-01  2.7209e-01  1.4095e+00 -7.8399e+00  5.4339e+00 -3.6046e+00  1.0197e+01  1.0000e+00
-3.9282e+00 -1.6633e+00  2.5032e+00 -1.5618e+01 -6.8721e+00  1.1512e+01  2.0583e+01  1.0000e+00
-1.9592e-01  4.3901e-01  1.1474e-01 -7.0905e+00 -9.3264e+00  9.6678e+00  1.5190e+01  1.0000e+00
 8.3716e+00  2.9488e+00  7.2701e-01  4.1605e+01  1.5159e+01  3.4407e+00  4.4414e+01  1.0000e+00
 3.1499e+00  4.5790e+00  4.0199e-01  1.5338e+01  2.0928e+01  3.2159e+00  2.6145e+01  1.0000e+00
-6.4725e+00 -4.0513e+00 -2.4716e+00 -3.2173e+01 -1.8848e+01 -1.1956e+01  3.9157e+01  1.0000e+00
 2.3677e-01 -1.0164e+00 -1.0314e+00 -5.6494e+00 -4.9651e+00  2.3998e-01  7.5250e+00  1.0000e+00
-6.5488e+00 -2.9707e-01 -1.6873e+00 -3.2020e+01 -3.9611e-01 -8.4503e+00  3.3119e+01  1.0000e+00
 1.7192e-01  9.3986e-03 -3.6917e-01 -2.7020e+00  8.3699e-01 -5.5621e+00  6.2400e+00  1.0000e+00
 4.0116e-01  1.7818e+00 -1.0131e+00 -3.4395e+00  2.2829e+00  3.2795e+00  5.2723e+00  1.0000e+00
-1.5163e+00  5.3861e+00 -2.2932e+00 -6.5444e+00  2.5696e+01 -9.2842e+00  2.8094e+01  1.0000e+00
 3.8886e+00  3.4002e+00 -2.5228e+00  4.7839e+01  3.8734e+01 -2.9918e+01  6.8440e+01  1.0000e+00
-1.4586e-01  2.8520e-01  5.5972e-02 -2.2105e+01 -9.3964e+00  8.8228e+00  2.5588e+01  1.0000e+00
-1.1141e+00 -3.7430e-01 -2.1888e+00 -1.7653e+00  1.7029e+00 -6.9321e+00  7.3533e+00  1.0000e+00
-5.3209e-01  1.5073e-01  1.1190e-01 -1.3578e+01 -6.3263e+00 -4.2002e+00  1.5557e+01  1.0000e+00
 1.5451e+00 -1.6369e+00 -1.5075e+00  8.0268e+00 -6.5360e+00  1.2369e+00  1.0425e+01  1.0000e+00
-1.3467e-01  1.4147e+00 -7.0868e-01 -2.6613e+00  5.7088e+00 -6.6033e-01  6.3331e+00  1.0000e+00
 1.4261e-01  1.0392e+00  4.3104e-01  9.3402e+00  9.9742e+00 -6.3013e-01  1.3679e+01  1.0000e+00
-4.7740e+00 -2.3547e+00 -8.2623e+00 -2.5150e+01 -1.2768e+01 -4.4434e+01  5.2630e+01  1.0000e+00
-8.7426e+00 -3.0722e+00 -2.5704e-01 -4.4524e+01 -1.4494e+01 -1.5267e+00  4.6848e+01  1.0000e+00
 9.9272e-01 -1.8458e+00 -2.0955e+00  5.8905e+00 -4.0194e+00 -7.6896e+00  1.0487e+01  1.0000e+00
 8.9534e+00  1.3982e+00 -8.7170e-01  4.4772e+01  8.0547e+00 -4.8211e+00  4.5746e+01  1.0000e+00
-1.9815e-01  2.5576e-01  2.2986e-01 -1.0958e+00 -3.4286e+00  2.9298e+01  2.9518e+01  1.0000e+00
-4.0215e-01  5.8668e-01  3.4048e-01 -2.1567e+00  2.6873e+00 -1.5128e+01  1.5516e+01  1.0000e+00
-8.3891e-02  7.1749e-01  3.3370e-02 -3.7120e+00  1.0368e+01 -1.2378e+01  1.6568e+01  1.0000e+00
-5.1390e-01  1.4282e+00 -4.2418e-01 -3.3026e+00  6.4925e-01  1.2526e+00  3.5913e+00  1.0000e+00
-1.3749e-01  4.4722e-01  4.2749e-02 -1.1824e+01 -1.7524e+00  1.1237e+00  1.2006e+01  1.0000e+00
-6.4704e-02  3.3866e-01  3.1929e-01 -9.8272e+00  1.2619e+01  7.1137e-01  1.6010e+01  1.0000e+00
-3.2220e-01  3.8878e-01  1.9633e-01  2.6882e+00  3.1530e+00  2.3585e+01  2.3946e+01  1.0000e+00
-4.0104e+00  3.4824e+00 -7.8622e-01 -1.7893e+01  1.5063e+01 -2.5123e+00  2.3524e+01  1.0000e+00
-2.2892e-01  2.0712e-01  6.4733e-01  5.2258e+00  5.0437e+00  7.7785e+00  1.0642e+01  1.0000e+00
-4.4235e+00 -1.2795e+00  5.9634e-02 -1.7887e+01 -5.6237e+00 -4.2462e-01  1.8755e+01  1.0000e+00
-4.5435e-01 -5.4028e-02 -1.6915e-02 -7.8206e+00 -1.7708e+01  9.8540e-01  1.9384e+01  1.0000e+00
-1.9564e-01  5.4844e-01  4.2598e-01  4.0102e+00  1.5419e+01 -1.0600e+01  1.9136e+01  1.0000e+00
-3.3621e-01  2.3447e-01  4.1442e-01 -8.3889e+00  7.1316e+00  5.9978e+00  1.2538e+01  1.0000e+00
-2.9502e-01  5.9028e-01  5.6932e-02 -4.9135e+00  7.0978e+00 -1.9802e+00  8.8567e+00  1.0000e+00
 2.8555e+00 -7.1696e+00 -3.4409e+00  1.4334e+01 -3.5117e+01 -1.6934e+01  4.1538e+01  1.0000e+00
-6.3988e+00 -1.2840e+00  5.7673e+00 -3.2157e+01 -5.4844e+00  2.8970e+01  4.3628e+01  1.0000e+00
 1.7710e-01  3.1256e-01  3.4438e-01 -1.6358e+01 -1.2497e+01 -1.2135e+01  2.3896e+01  1.0000e+00
-1.2914e+00 -1.0570e+00 -2.5199e+00 -4.6630e+00 -1.9190e+00 -6.3439e+00  8.1038e+00  1.0000e+00
 1.9674e+00 -1.2919e+00  4.3363e-01  2.4983e+00 -2.7660e+00  3.8747e+00  5.3764e+00  1.0000e+00
-1.4156e-01  4.5812e-01  1.0637e-01  1.5604e+00  2.7473e+00 -1.1051e+01  1.1494e+01  1.0000e+00
-7.3015e-01 -5.6936e+00 -3.9471e+00 -3.2579e+00 -2.8719e+01 -2.0312e+01  3.5327e+01  1.0000e+00
-1.3754e+00  2.4410e+00 -2.2494e+00 -5.0503e+00  8.4225e+00 -6.1012e+00  1.1562e+01  1.0000e+00
 7.0774e-01  2.8303e-01  5.0163e-01  5.4457e-01  4.0384e+00 -4.0364e+00  5.7356e+00  1.0000e+00
 8.1906e-01  7.3487e-01  1.6802e-02 -1.3104e+01 -1.6156e+00  5.5077e-01  1.3215e+01  1.0000e+00
-6.5441e-01 -8.0735e-01  4.8449e-01 -2.1800e+00  3.1263e+00  4.0862e-01  3.8332e+00  1.0000e+00
-1.2880e+00  5.7297e+00 -2.4881e+00 -5.5779e+00  2.6251e+01 -1.1031e+01  2.9016e+01  1.0000e+00
 1.4708e+00  4.1923e-01 -6.4889e-01 -4.7678e+00  2.8475e+00  2.2320e-01  5.5578e+00  1.0000e+00
-2.0406e-01  8.7991e-01  7.8308e+00  1.8538e+00  5.2792e+00  2.9560e+01  3.0084e+01  1.0000e+00
-2.8031e-01 -1.4283e+00 -7.5969e-02 -1.0472e+00  4.9443e+00  1.7553e+00  5.3502e+00  1.0000e+00
-1.5114e-01  3.7320e-01  5.1142e-03  5.1028e+00 -4.4805e+00 -1.5883e+00  6.9739e+00  1.0000e+00
-8.1427e-02  2.3788e-01  6.4363e-02 -6.1522e+00 -1.2672e+01  5.7445e+00  1.5212e+01  1.0000e+00
-2.5610e-01  3.2393e-01  2.7285e-01 -2.7717e+01  2.7437e+01  5.2674e+00  3.9354e+01  1.0000e+00
 2.0649e+00  4.3477e+00  2.4569e+00  1.0134e+01  2.0484e+01  1.0710e+01  2.5239e+01  1.0000e+00
-1.3697e-01  5.7985e-01  2.5438e-01  9.9007e+00  3.0551e-01 -7.8239e+00  1.2623e+01  1.0000e+00
-3.4752e-01  1.6817e+00  2.7188e-01 -2.9281e+00  1.0938e+01 -6.5347e-01  1.1342e+01  1.0000e+00
-2.1514e-01  6.5094e-01  4.8678e-02 -7.0084e+00 -2.4906e+00  1.8382e+01  1.9830e+01  1.0000e+00
-3.8593e-02  6.0564e-01  3.8883e-01 -3.0432e-01 -1.4913e+01  1.5079e+00  1.4993e+01  1.0000e+00
-3.6435e-01  4.6938e-01  5.1592e-02 -6.5755e+00  8.9656e+00 -6.4031e+00  1.2830e+01  1.0000e+00
-1.5545e-01  3.1855e-01  1.8451e-01  2.1969e+01  8.7562e+00 -7.4125e+00  2.4784e+01  1.0000e+00
 3.6906e+00 -2.7807e+00 -5.8325e-01  1.5517e+01 -1.1247e+01 -1.6079e+00  1.9232e+01  1.0000e+00
-6.0670e-02  3.1311e-01  3.0702e-01 -1.7773e+01 -7.5488e+00 -1.8651e+01  2.6846e+01  1.0000e+00
 6.9638e+00 -1.1839e+01  7.4525e+00  2.5362e+01 -5.0588e+01  3.2591e+01  6.5304e+01  1.0000e+00
 1.9515e-01 -9.6240e-01 -1.5450e+00  5.5000e-02 -5.2429e+00  5.4828e+00  7.5863e+00  1.0000e+00
 6.5013e-01 -3.0321e+00 -8.5690e+00  2.7889e+00 -1.4837e+01 -4.2630e+01  4.5224e+01  1.0000e+00
-2.1305e+00 -3.4576e+00 -5.8913e+00 -1.2049e+01 -1.6736e+01 -2.8910e+01  3.5512e+01  1.0000e+00
-4.9551e-01 -6.3219e+00  6.9128e-01 -2.0124e+00 -3.0858e+01  3.3191e+00  3.1101e+01  1.0000e+00
-8.3598e+00 -4.3585e+00 -2.2259e+00 -4.3082e+01 -2.1481e+01 -1.1162e+01  4.9417e+01  1.0000e+00
-2.5504e-01  3.6788e-01  2.6198e-01  2.3513e+00 -6.8910e+00 -1.5560e+01  1.7179e+01  1.0000e+00
-6.8719e+00 -1.7123e+00 -1.3551e+00 -3.4555e+01 -8.4713e+00 -6.1527e+00  3.6107e+01  1.0000e+00
 8.4164e-01  1.1557e-01  9.7172e-01  2.1500e-01  2.0512e+00  6.8996e+00  7.2012e+00  1.0000e+00
-4.3549e-01  4.0242e-01  2.2542e-01  1.3974e+01  1.6305e+01  1.3999e+01  2.5634e+01  1.0000e+00
-1.1117e+00 -1.7998e-01 -2.9703e+00 -5.9765e+00  3.4712e-01 -2.0332e+01  2.1195e+01  1.0000e+00
 1.2897e+00  1.1689e-01  7.7688e-01  3.8181e+00  6.6145e+00 -4.3668e+00  8.7976e+00  1.0000e+00
-3.5121e-01  4.7332e-01  1.3525e-01  3.1665e-01 -8.0809e+00  4.8089e+00  9.4089e+00  1.0000e+00
