# limit = 8.01267
#
# x           y           z           vx          vy          vz          s           m
 6.2466e-01 -1.9166e+00 -1.2074e+00 -2.3265e+00 -2.7986e+00  2.8488e+00  4.6217e+00  1.0000e+00
-1.2299e-02  4.6470e-01  9.5971e-02 -1.4141e+01 -6.8114e+00  5.1978e+00  1.6534e+01  1.0000e+00
 8.3277e+00  2.1381e-01  1.6244e+00  3.5023e+01  1.7724e+00  6.8993e+00  3.5740e+01  1.0000e+00
-3.3045e-01  4.5582e-01  2.8353e-01 -3.8786e+00  1.5018e+01  8.3010e-01  1.5533e+01  1.0000e+00
-6.8967e+00  2.6811e+00  4.2521e+00 -3.0001e+01  1.1161e+01  1.7755e+01  3.6604e+01  1.0000e+00
 2.9374e+00 -1.0758e+00  8.5906e+00  1.3090e+01 -3.8922e+00  3.6953e+01  3.9395e+01  1.0000e+00
 5.9552e-01 -7.0100e+00 -4.9562e+00  1.8175e+00 -3.0229e+01 -2.0607e+01  3.6630e+01  1.0000e+00
-5.4353e-01  1.7620e+00  9.4078e-01 -3.1110e-01  6.9904e-01  1.2603e+00  1.4743e+00  1.0000e+00
-1.1392e+01  8.2386e+00  2.5018e+01 -4.5573e+01  3.3407e+01  1.0470e+02  1.1897e+02  1.0000e+00
-2.3420e-01  3.7133e-01 -7.2590e-02  1.7365e+01  6.6422e-01  2.6239e-02  1.7377e+01  1.0000e+00
 2.1237e+00  2.3793e+00  1.7318e+00  4.5873e+00  6.9052e+00  3.9685e+00  9.1910e+00  1.0000e+00
-1.3372e-01  4.7360e-01  2.0592e-01 -4.3307e+00  2.8740e+01  1.1196e+01  3.1146e+01  1.0000e+00
 7.3334e-01  6.3145e-01  1.3785e+00 -3.1244e+00 -4.1972e+00 -4.3070e+00  6.7770e+00  1.0000e+00
 2.3732e+00  3.1200e-01 -6.7366e-01  1.2783e+01  3.2245e+00 -1.7161e+00  1.3295e+01  1.0000e+00
-2.0209e-01  3.3657e-01  7.4486e-02 -1.1146e+01 -3.5541e+00 -3.1647e-01  1.1703e+01  1.0000e+00
-3.2724e+00 -3.4398e-01 -2.9376e+00 -1.2651e+01 -2.6081e+00 -8.5145e+00  1.5471e+01  1.0000e+00
 5.0350e+00 -5.2380e+00 -5.9198e+00  2.1502e+01 -2.2483e+01 -2.5951e+01  4.0513e+01  1.0000e+00
-1.0495e-01  3.9261e-01  3.2724e-02 -9.6273e+00  4.8292e+00  1.1147e+01  1.5500e+01  1.0000e+00
 1.6410e-02  4.1089e-01  2.7606e-01 -1.4701e+01  8.7972e+00  5.4670e+00  1.7983e+01  1.0000e+00
 1.7509e+01  1.4556e+01 -6.4362e+00  7.3522e+01  5.8974e+01 -2.5239e+01  9.7573e+01  1.0000e+00
-2.6241e-01  4.8442e-01  7.2182e-02 -1.4054e+01 -8.5330e+00 -2.9510e+01  3.3781e+01  1.0000e+00
 8.5394e-03  4.8276e-01  4.4630e-02  1.5870e+01 -7.5662e+00  2.6464e+00  1.7779e+01  1.0000e+00
-2.0544e-01  3.3219e-01  1.3283e-01  7.6226e+00  9.8166e+00 -1.7471e+01  2.1440e+01  1.0000e+00
-3.7147e+00  6.8853e+00 -7.0895e+00 -1.6121e+01  3.0914e+01 -3.0911e+01  4.6595e+01  1.0000e+00
-2.1213e-01  8.0526e+00 -3.6055e+00 -1.1996e+00  3.4612e+01 -1.5239e+01  3.7837e+01  1.0000e+00
-1.8529e+00  7.7151e-01 -3.6891e+00 -9.5220e+00  6.0143e+00 -1.3055e+01  1.7241e+01  1.0000e+00
 2.8117e+00 -6.3091e+00  1.3038e+00  1.0534e+01 -2.7343e+01  5.0128e+00  2.9727e+01  1.0000e+00
 1.5345e+01 -3.9439e+00 -1.4790e+01  7.5341e+01 -1.9861e+01 -7.2708e+01  1.0657e+02  1.0000e+00
 4.4200e-01 -9.5010e+00 -1.2539e+01  2.1861e+00 -4.2336e+01 -5.5826e+01  7.0097e+01  1.0000e+00
-1.5533e-01  5.5632e-01  5.1704e-01  3.5834e+00  4.0835e+00 -1.2209e+01  1.3363e+01  1.0000e+00
-2.0992e-01  5.9820e-01  2.2737e-01 -1.6510e+01  4.1200e+00  7.8494e+00  1.8740e+01  1.0000e+00
-2.2028e-01  2.4559e-01  1.0919e-01 -9.7596e+00  9.4532e+00  1.9984e+01  2.4165e+01  1.0000e+00
-4.8006e-02  4.1701e-01 -3.2401e-01 -4.0601e-01 -5.5556e+00 -1.0317e+00  5.6651e+00  1.0000e+00
 1.0423e-01  5.7244e-01 -4.6317e-01  5.4185e+00 -5.8636e+00 -3.7633e-01  7.9927e+00  1.0000e+00
-1.4389e-01  4.6028e-01  3.2403e-01  1.2651e+01 -9.5525e+00 -7.8210e+00  1.7676e+01  1.0000e+00
-2.0982e-01  3.1982e-01 -3.6147e-01 -1.1600e+01 -4.9807e+00  5.3027e+00  1.3693e+01  1.0000e+00
 7.1633e-01 -1.3565e-01  4.0415e-02 -1.5423e+01  6.8028e-01  7.2354e+00  1.7050e+01  1.0000e+00
-6.7586e+00  1.2935e+01 -1.6626e+01 -2.8577e+01  5.4769e+01 -6.8057e+01  9.1913e+01  1.0000e+00
-7.1616e-01  2.1682e-01 -7.6308e-01 -8.3051e-01  1.1071e+00 -1.5215e+00  2.0568e+00  1.0000e+00
 5.1581e+00 -1.2453e+00  4.2946e+00  2.0555e+01 -4.3319e+00  1.7370e+01  2.7258e+01  1.0000e+00
 3.3442e+00  2.9822e+00  8.0030e-02  1.1048e+01  1.0371e+01  2.1136e+00  1.5300e+01  1.0000e+00
-2.6219e-01  4.4753e-01  3.2398e-01  3.6848e+01 -6.2303e+00  1.5501e+01  4.0458e+01  1.0000e+00
-3.4246e-01  2.6795e-01  2.3648e-01 -1.4531e+01  2.9288e+00 -3.6835e+00  1.5274e+01  1.0000e+00
 9.3494e-01 -2.9289e+00  9.2811e+00  4.3317e+00 -1.2245e+01  4.0322e+01  4.2363e+01  1.0000e+00
 8.8454e+00  4.3121e+00  6.7723e-01  3.9347e+01  1.9025e+01  3.1902e+00  4.3821e+01  1.0000e+00
 3.9192e-01 -5.9976e+00  8.6594e-01  3.2339e+00 -2.4983e+01  4.4802e+00  2.5587e+01  1.0000e+00
-1.0307e-01  4.6734e-01  3.6134e-01 -1.4318e+01  1.4387e+01  2.6938e+00  2.0476e+01  1.0000e+00
 1.7768e+00 -2.0344e+00 -5.2553e-01  5.2752e+00 -2.0891e+00  6.5871e-01  5.7120e+00  1.0000e+00
 4.5977e+00 -1.7441e+00  1.9576e+00  1.6652e+01 -6.6441e+00  7.4910e+00  1.9431e+01  1.0000e+00
-1.0123e+00  5.7739e-01  3.0890e-01  3.5210e+00 -7.8707e-01  1.0005e+01  1.0636e+01  1.0000e+00
-3.8855e-01  6.3648e-01  5.8889e-01  6.7730e+00 -3.3840e+00 -1.5336e+01  1.7103e+01  1.0000e+00
-1.0465e-02  2.8081e-01  3.2096e-01 -1.3845e+01  8.1249e+00 -8.4603e+00  1.8146e+01  1.0000e+00
-1.6551e+00 -2.5612e+00  2.5061e+00 -4.7218e+00 -7.9157e+00  7.8160e+00  1.2085e+01  1.0000e+00
-3.4779e-02  9.0984e-02 -1.7225e-01 -2.2758e+00  3.8056e+00  4.5054e-01  4.4570e+00  1.0000e+00
-1.5030e-01  3.6770e-01  1.9446e-01 -3.4678e+00  1.1480e+01 -2.6472e+01  2.9061e+01  1.0000e+00
-5.4381e-01  4.7297e-01  1.1955e-01 -8.5304e+00 -7.3574e+00  2.2541e+01  2.5199e+01  1.0000e+00
-1.3938e-01  2.9425e-01 -9.9247e-02 -1.0272e+01 -1.2744e+01 -1.0682e+01  1.9546e+01  1.0000e+00
-1.5110e-01  5.2974e-01  2.0727e-01  9.3523e-01  2.0022e+01 -1.5486e+01  2.5330e+01  1.0000e+00
 1.8911e-01  3.1997e-02 -4.8625e-02  4.2826e+00 -2.4622e-02  3.0704e+00  5.2696e+00  1.0000e+00
 2.4107e+00 -1.1532e+00  6.7866e+00  9.3421e+00 -5.5263e+00  2.8805e+01  3.0782e+01  1.0000e+00
-1.1353e-01  4.3113e-01  3.0477e-01  2.6113e+00 -1.9133e+01 -1.0142e+01  2.1812e+01  1.0000e+00
-1.5716e-01  9.0938e-01 -1.5123e-02 -1.1768e+00  9.6477e+00  2.1201e+00  9.9477e+00  1.0000e+00
 3.6051e+00  2.8569e-01 -1.7603e+00  2.0588e+01  2.1095e+00 -9.9812e+00  2.2977e+01  1.0000e+00
-1.7210e-02  1.5664e-02  1.7968e-01 -6.8935e+00 -3.3279e+00  7.3392e+00  1.0605e+01  1.0000e+00
 2.0747e+00 -6.4770e-01  6.8433e-01 -8.4399e-03 -7.8791e-01  8.4074e-01  1.1523e+00  1.0000e+00
-2.2246e-01  5.1036e-01 -1.0367e-01 -2.2714e+00  1.1549e+01 -2.1273e+01  2.4312e+01  1.0000e+00
-2.1756e-01  6.6101e-01  3.0325e-01  1.0555e+01  1.5897e+01 -1.0904e+01  2.1978e+01  1.0000e+00
-2.2125e-01  5.7870e-01  1.3865e-01  1.8434e+01  1.0621e+01  6.8085e+00  2.2337e+01  1.0000e+00
 5.8313e-02  4.0608e-01  3.8353e-01  1.4010e+01  5.9907e+00  1.4625e+01  2.1120e+01  1.0000e+00
-2.5967e-01  5.9033e-01  1.3688e-01 -1.5084e+01  3.7199e+01  6.6583e+00  4.0689e+01  1.0000e+00
 8.0419e+00  9.9276e-01  1.5132e+00  3.4715e+01  3.7436e+00  6.1821e+00  3.5459e+01  1.0000e+00
-2.6709e-01  4.2174e-01  1.6173e-01 -1.4622e+01  5.3832e-01 -6.9204e+00  1.6186e+01  1.0000e+00
-5.3352e-01  9.3555e-01  4.0148e-02  2.6778e+00 -9.7669e+00  7.3322e+00  1.2503e+01  1.0000e+00
 4.2178e-01  4.9423e-01 -2.2356e-01 -8.6320e+00  5.7396e+00  9.5576e+00  1.4100e+01  1.0000e+00
-1.3263e-01  6.6868e-01  2.8346e-02 -1.6751e+01 -5.8251e+00  8.8466e+00  1.9819e+01  1.0000e+00
-1.9434e-01  4.9060e-01  1.4721e-01 -3.1277e+00 -1.9157e+01  5.1343e+00  2.0078e+01  1.0000e+00
-1.8271e-01  7.8194e-01  1.7127e-01  3.7384e+00  8.1911e+00 -1.6291e+01  1.8614e+01  1.0000e+00
-5.9842e-01  1.4833e+00  1.0056e-01 -4.2126e+00  1.1704e+01 -4.7884e+00  1.3328e+01  1.0000e+00
 9.4665e+00 -4.6653e+00 -1.1235e+00  4.2025e+01 -1.9815e+01 -4.7969e+00  4.6709e+01  1.0000e+00
-5.7721e+00 -3.6611e+00 -2.3360e+00 -2.4279e+01 -1.4648e+01 -9.0787e+00  2.9773e+01  1.0000e+00
 8.8708e-03  4.1503e-01  2.0992e-01  1.7070e+00 -2.1578e+01 -3.0556e+00  2.1860e+01  1.0000e+00
 3.1284e+00  9.8565e-01  2.1441e+00  3.3910e+01  7.2845e+00  2.1631e+01  4.0876e+01  1.0000e+00
 1.3776e+00 -6.6234e-01 -9.9522e-01  3.9383e-01  6.1570e-01  1.6947e+00  1.8455e+00  1.0000e+00
 2.5888e+00  1.9414e+00  3.1637e+00  7.7226e+00  7.5513e+00  1.0284e+01  1.4914e+01  1.0000e+00
-2.9913e-01  3.3985e-01  1.0760e-01 -2.1705e+00  1.4180e+01 -1.5731e+01  2.1290e+01  1.0000e+00
-1.1558e-01  4.6447e-01  2.1427e-01  1.8908e+01 -2.2825e+01  1.2166e+01  3.2039e+01  1.0000e+00
-5.9244e-01  7.7443e-01  4.7975e-01 -8.7593e+00  9.0823e+00  1.1973e+01  1.7395e+01  1.0000e+00
 1.8434e+00 -1.1872e+00  1.7347e+00  2.7069e-01 -3.2145e+00  3.8563e+00  5.0277e+00  1.0000e+00
 1.2060e+01  3.4404e+00 -1.1979e+01  2.2221e+02  5.5323e+01 -2.1510e+02  3.1417e+02  1.0000e+00
-4.9453e-01  5.0484e-01  2.5503e-01 -1.6713e+00 -2.0682e+01 -5.3959e+00  2.1439e+01  1.0000e+00
 1.8435e+00 -1.0842e+00  1.7617e+00  4.2889e+00  9.9349e-01  2.3177e+00  4.9753e+00  1.0000e+00
 1.6145e-01  6.1149e-01  3.2079e-01  4.5124e+00 -3.2684e-01  1.1534e+01  1.2390e+01  1.0000e+00
 5.5527e-01 -4.2267e-02 -2.1094e-02  9.4445e+00 -1.2820e+00 -5.1315e+00  1.0825e+01  1.0000e+00
 4.4310e-01  1.4450e-01  2.8183e-01  4.4691e+00  5.6188e+00  9.2636e+00  1.1720e+01  1.0000e+00
 1.6662e-02  1.9338e-01  1.7618e-01  3.0828e+01 -2.1107e+01 -5.8993e+00  3.7824e+01  1.0000e+00
-1.4831e-01  5.0380e-01  2.5604e-01 -7.8988e+00  3.2119e-01 -2.5894e+00  8.3186e+00  1.0000e+00
-1.5383e-01  5.5231e-01  1.8303e-01  1.0031e+01  1.5093e+01 -1.6754e+01  2.4680e+01  1.0000e+00
-3.1898e+00 -4.7376e+00 -5.2860e+00 -1.3436e+01 -1.9455e+01 -2.1917e+01  3.2240e+01  1.0000e+00
 7.5594e-01 -1.6487e+00 -7.1224e+00  2.9252e+00 -5.6998e+00 -2.4477e+01  2.5302e+01  1.0000e+00
-5.7907e-02  2.7381e+00 -1.5816e+00  4.9376e+00  8.1822e+00 -4.0724e+00  1.0388e+01  1.0000e+00
-2.7989e-01  3.7575e-01  9.6112e-02  5.0841e+00 -7.7434e+00 -4.0003e+00  1.0090e+01  1.0000e+00
-2.3346e-01  3.3754e-01  2.1317e-01  2.4803e+01 -1.5142e+01 -1.1549e+01  3.1270e+01  1.0000e+00
 1.8419e+00 -1.0341e+00 -2.2476e-01  1.2806e+00  1.8122e+00  1.1937e-01  2.2222e+00  1.0000e+00
-2.3448e-01  4.9201e-01  1.5199e-01 -4.0170e+01  1.8349e+01  9.4955e+00  4.5172e+01  1.0000e+00
 8.0118e+00  2.9255e+00 -1.8211e-01  3.4094e+01  1.3511e+01 -9.8328e-01  3.6687e+01  1.0000e+00
-4.0563e-04  3.5408e-01  1.4288e-01 -1.0062e+01  6.2163e+00 -6.1905e+00  1.3350e+01  1.0000e+00
 5.9447e+00  3.0166e-01  6.6732e+00  2.5330e+01  1.5614e+00  2.8413e+01  3.8097e+01  1.0000e+00
-1.9472e-01  6.8463e-01  4.3821e-01 -2.3774e+00  5.0802e+00  3.8354e+00  6.7949e+00  1.0000e+00
-6.0978e-01  1.3320e-01  3.8487e-01 -8.5070e+00  1.9976e+01 -3.9753e+00  2.2073e+01  1.0000e+00
-9.5232e+00  1.9177e+00  2.1455e+00 -4.1793e+01  9.1210e+00  9.6009e+00  4.3841e+01  1.0000e+00
-8.5208e-01  1.8567e+00  2.4366e-01 -1.9297e-01 -5.7180e+00  3.3110e+00  6.6103e+00  1.0000e+00
 2.0717e+00 -3.4854e+00  6.1766e+00  8.3036e+00 -1.4458e+01  2.5433e+01  3.0411e+01  1.0000e+00
 2.4385e+00 -2.4527e+00  5.0983e+00  9.2209e+00 -9.7670e+00  2.0336e+01  2.4372e+01  1.0000e+00
 4.2227e+00 -4.9953e+00 -1.9101e+00  1.6304e+01 -2.0079e+01 -7.3050e+00  2.6876e+01  1.0000e+00
 2.5435e+00 -1.5433e+00  5.3109e-01  5.8605e+00 -1.8009e+00  9.0678e-01  6.1976e+00  1.0000e+00
-4.7746e-01  5.7341e-01  5.2808e-02 -1.1746e+01  1.1862e+01 -1.5698e+01  2.2915e+01  1.0000e+00
-4.5846e-01  3.4209e-01  7.8863e-01 -1.0375e+00  8.3097e+00  1.4819e+01  1.7021e+01  1.0000e+00
-6.5839e-03  3.4021e-01  9.4255e-02 -1.9679e+00 -1.6177e+01  1.5770e+00  1.6373e+01  1.0000e+00
 4.8267e-02  9.0525e-02  2.0678e-01 -4.1536e-01  6.6233e-01  7.6640e+00  7.7038e+00  1.0000e+00
-3.1134e-01  5.5316e-01  2.5115e-01  1.2302e+01 -1.0587e+01  9.5583e+00  1.8836e+01  1.0000e+00
-5.3897e-01  4.1495e-01  1.3211e-01 -3.5455e+00 -8.9896e+00 -2.1999e+01  2.4028e+01  1.0000e+00
 2.6119e-02  8.7059e-01  2.4860e-01 -4.3348e-01  3.4114e+00  2.8191e+00  4.4467e+00  1.0000e+00
-1.2422e+01  5.0951e+00  4.5948e+00 -5.5246e+01  2.3101e+01  2.1313e+01  6.3562e+01  1.0000e+00
-4.9371e-01  3.0533e-01  1.8625e-01  1.1186e+01 -3.3448e+00  3.8884e+00  1.2306e+01  1.0000e+00
 1.6591e-01  2.3803e-01  1.1401e-01 -1.6421e+01  1.5882e+00 -2.1239e+00  1.6634e+01  1.0000e+00
-3.8325e-01  5.4331e-01  1.5091e-01 -2.1536e+01  1.3758e+01 -1.1028e+01  2.7834e+01  1.0000e+00
 4.7702e+00 -4.1957e+00 -1.8049e+00  2.0278e+01 -1.6784e+01 -6.3965e+00  2.7089e+01  1.0000e+00
-2.6060e-02  4.7243e-01  3.3958e-01 -2.4439e+01  3.4180e+00 -1.0813e+01  2.6942e+01  1.0000e+00
 3.2582e+00 -2.8647e+00  6.9168e+00  1.3397e+01 -1.1444e+01  3.0135e+01  3.4908e+01  1.0000e+00
-2.1027e-01  3.0254e-01  1.6537e-02  2.8880e+00 -4.5017e+00 -1.2537e+00  5.4934e+00  1.0000e+00
-1.0953e+00 -1.4385e+00 -6.0151e+00 -5.3966e+00 -5.1903e+00 -2.4061e+01  2.5199e+01  1.0000e+00
 1.8995e+00 -1.2145e+00  8.9025e-01  9.1176e-01 -8.9503e-01  1.2017e+00  1.7540e+00  1.0000e+00
-2.0739e-01  3.5120e-01  2.3463e-01  2.5871e+01 -1.4449e+01 -2.3835e+01  3.8029e+01  1.0000e+00
-3.2700e-01  3.6209e-01  1.1341e-01  2.0293e+01 -1.0830e+01 -6.4590e+00  2.3892e+01  1.0000e+00
-1.2925e+00  9.6771e-01  3.3332e-01  2.0517e+00 -2.8718e+00  1.4274e+00  3.8072e+00  1.0000e+00
-6.8433e-02  3.3515e-01 -4.0680e-01  2.4339e+00 -1.8741e+01  1.3101e+01  2.2995e+01  1.0000e+00
-2.4058e-01  4.3827e-01  2.2786e-01  2.2865e+01 -3.0036e+01 -2.2652e+00  3.7817e+01  1.0000e+00
-1.1316e-01  5.3625e-01 -1.4974e-01  1.0986e+01  9.0782e+00 -1.3749e+01  1.9803e+01  1.0000e+00
 2.5332e+00 -1.6263e+00  7.4072e-01  3.2539e+00 -7.2373e-01  4.2981e+00  5.4392e+00  1.0000e+00
-9.9265e-01 -2.6713e+00  6.3600e+00 -4.2515e+00 -1.1998e+01  2.6810e+01  2.9678e+01  1.0000e+00
 4.6178e-01  2.9038e-01  3.7668e-01  5.5469e+00 -3.2650e+00  2.2044e+00  6.8035e+00  1.0000e+00
-9.2148e-02  6.7221e-01  1.8033e-01 -9.2116e-02 -1.0919e+01 -1.6694e+01  1.9947e+01  1.0000e+00
-8.9307e+00  1.3543e+00 -2.7208e+00 -3.6216e+01  8.6674e+00 -9.6210e+00  3.8462e+01  1.0000e+00
-4.9327e-02  5.2198e-01  4.0385e-01  1.1858e+01  4.4029e+00 -9.2654e+00  1.5679e+01  1.0000e+00
-2.9794e-01  4.8865e-01  3.5614e-01 -6.1979e+00 -1.0063e+01  4.4105e+00  1.2614e+01  1.0000e+00
 9.9579e-02  1.4437e-01  2.4993e-01 -1.0091e+01  3.2840e+00  5.6113e+00  1.2004e+01  1.0000e+00
-3.1707e+00 -1.2070e+01 -1.3288e+01 -1.4982e+01 -4.4868e+01 -5.2382e+01  7.0579e+01  1.0000e+00
 8.2663e+00 -7.3299e+00  2.0924e+00  3.5864e+01 -3.1592e+01  8.8535e+00  4.8607e+01  1.0000e+00
-1.8936e-01  3.2729e-01 -1.1835e-01  4.7010e+00 -2.0200e+00  2.3660e+01  2.4207e+01  1.0000e+00
 8.5907e-01 -3.3063e-01 -1.7746e+00  4.1181e-01  1.6632e+00  1.2720e+00  2.1340e+00  1.0000e+00
 1.1724e-01  4.0715e-01  1.8553e-01  1.7402e+00 -1.4061e+01  2.3344e+01  2.7307e+01  1.0000e+00
 7.5540e-01 -9.2257e-01 -1.8360e+00  2.0761e+00  1.8695e+00 -9.0996e-01  2.9382e+00  1.0000e+00
-4.5413e-01  7.6035e-01 -1.1369e-01  1.5001e+01 -1.6355e+01  1.8353e+00  2.2268e+01  1.0000e+00
-2.1437e-02  2.9128e-01  2.1878e-01 -1.3081e+01  2.2137e+01  1.1052e+01  2.7988e+01  1.0000e+00
-4.5611e+00  6.9715e+00 -3.8502e+00 -1.9605e+01  3.1008e+01 -1.6217e+01  4.0111e+01  1.0000e+00
-2.0493e-01  5.3411e-01  9.9231e-02 -1.3220e+01 -9.8629e+00 -2.3475e+00  1.6660e+01  1.0000e+00
-1.4509e+00  3.6033e-01 -3.4689e-01  2.8921e+00  1.3257e+00  6.5104e+00  7.2462e+00  1.0000e+00
-3.7843e-01  4.6972e-01  1.6666e-01  1.7541e+01  1.4423e+01 -1.0409e+01  2.4982e+01  1.0000e+00
-3.4018e-01  4.5883e-01 -7.1679e-02 -7.7627e+00  4.4373e+00  4.1130e-01  8.9509e+00  1.0000e+00
-1.3206e-01  6.4802e-01  3.4315e-02 -8.5826e+00  1.0297e+01 -1.6531e+01  2.1283e+01  1.0000e+00
-2.7247e-01  5.1265e-01  2.5309e-01 -1.5454e+01 -9.7023e+00  1.6923e+01  2.4887e+01  1.0000e+00
 2.6972e-01  2.7780e-01  3.5167e-01 -5.2710e+00  1.4656e+01  8.9108e-01  1.5600e+01  1.0000e+00
 1.4450e-02  4.7667e-01  8.7893e-02  2.4992e+01 -1.1359e+01 -5.2031e+00  2.7941e+01  1.0000e+00
-1.1817e-01  3.9354e-01  1.2907e-01 -2.6329e+01 -3.3090e+00 -8.8660e+00  2.7978e+01  1.0000e+00
-2.3168e-01  3.6864e-01  3.4702e-01 -2.8378e+01 -6.3658e+00 -1.7371e+01  3.3876e+01  1.0000e+00
 2.2868e+00 -3.7009e+00  6.0216e+00  8.9382e+00 -1.3746e+01  2.5942e+01  3.0689e+01  1.0000e+00
-3.7459e-01  5.8044e-01 -4.9974e-02 -5.1494e+00 -2.4590e+00  8.3263e+00  1.0094e+01  1.0000e+00
 1.6158e+01 -1.1113e+01 -2.3023e+01  6.9272e+01 -4.7274e+01 -9.5460e+01  1.2707e+02  1.0000e+00
-1.1253e-01  5.8365e-01  2.3682e-01  3.5906e+00  2.2310e+00 -2.3001e+01  2.3386e+01  1.0000e+00
-1.1737e+00  1.8831e+00  2.1300e+00 -3.7166e+00  7.6400e+00  4.2325e+00  9.4919e+00  1.0000e+00
 4.3009e+00 -1.6085e+00 -1.2373e+00  1.8857e+01 -4.5045e+00 -3.4287e+00  1.9689e+01  1.0000e+00
 6.1504e-02  4.0504e-01  2.0973e-01  4.0131e-01  2.3068e+00  5.0257e+00  5.5444e+00  1.0000e+00
-5.6317e-01  1.6371e-01  6.2471e-01 -4.0708e+00 -1.6739e+01  1.6660e+01  2.3965e+01  1.0000e+00
-4.8405e-01  4.3207e-01  1.0336e-01  7.2918e+00  1.5106e+01 -9.9109e+00  1.9483e+01  1.0000e+00
-3.6471e-01  3.4913e-01  8.5662e-02  7.7134e-01  4.2809e+00 -4.7478e+00  6.4392e+00  1.0000e+00
-2.0647e-01  4.9619e-01  2.6656e-01 -3.4876e+00  7.6840e+00 -5.6580e+00  1.0160e+01  1.0000e+00
 1.9032e-01  1.7090e-01  2.6407e-01  2.3452e+01 -1.0787e+01 -1.9591e+00  2.5888e+01  1.0000e+00
 7.1743e-02  6.6574e-01  3.8397e-02  1.7628e+01  1.9691e+01 -5.6215e-01  2.6435e+01  1.0000e+00
-8.1471e-01  6.6268e-01  4.6944e-01 -9.6378e+00  1.3239e+01  1.5338e+01  2.2437e+01  1.0000e+00
 4.1213e-01 -3.3403e+00  5.9650e+00  1.6005e+00 -1.3792e+01  2.4193e+01  2.7895e+01  1.0000e+00
-4.6444e+00  3.8376e+00 -2.8653e+00 -5.8701e+01  4.4759e+01 -3.7650e+01  8.2866e+01  1.0000e+00
 1.2965e-01  9.7642e-01 -3.1756e-01 -2.6091e+00  3.7878e+00 -6.5298e+00  7.9871e+00  1.0000e+00
 3.5346e-02  3.7131e-01  3.2456e-01  2.3269e+01 -1.6832e+01  1.8204e+01  3.4002e+01  1.0000e+00
-2.4564e-01  3.3809e-01  2.6008e-01  1.4963e+01  2.7763e+00  1.3841e+01  2.0571e+01  1.0000e+00
-5.4321e-01 -8.4266e-02  3.4606e-01  1.1464e+01  1.1670e+01  4.8518e-01  1.6366e+01  1.0000e+00
 1.1330e-01  6.5269e-01  3.2726e-01  2.1338e+01  1.0581e+01  9.7197e+00  2.5724e+01  1.0000e+00
-2.7269e-01  6.5613e-01  3.2267e-01 -2.4851e+01  1.5647e+01  1.6317e+01  3.3596e+01  1.0000e+00
-5.6800e+00  4.7649e+00 -1.6031e+00 -2.3264e+01  1.9643e+01 -6.4554e+00  3.1125e+01  1.0000e+00
 3.2272e+00 -2.4945e+00 -9.8707e+00  1.4302e+01 -1.1271e+01 -4.3761e+01  4.7399e+01  1.0000e+00
-2.0350e-01  5.1685e-01  3.9528e-01 -4.5843e+00  2.6248e+01  6.6288e+00  2.7458e+01  1.0000e+00
-3.6051e-01 -6.6909e+00 -4.7690e+00  2.1396e-01 -2.7972e+01 -1.9743e+01  3.4238e+01  1.0000e+00
-2.3277e+00  2.1775e+00 -9.4166e+00 -1.0698e+01  1.0140e+01 -4.1212e+01  4.3768e+01  1.0000e+00
 1.2299e+00 -5.8969e+00  3.2064e-02  4.8352e+00 -2.4532e+01  2.2691e-01  2.5005e+01  1.0000e+00
 1.0182e-01  9.8693e-01  5.1525e-02  1.3596e+01  1.6127e+01 -1.5184e+00  2.1148e+01  1.0000e+00
-1.1301e+00 -1.3572e+00 -6.5531e+00 -4.7597e+00 -6.4671e+00 -2.6248e+01  2.7449e+01  1.0000e+00
-5.9573e-02  7.6757e-01  4.3133e-01  1.1662e+01  2.3696e+01  2.3048e+01  3.5053e+01  1.0000e+00
-5.2707e-02  1.1290e-01  1.2258e-01  3.0011e+00 -6.0732e+00  1.2192e+01  1.3947e+01  1.0000e+00
 2.4991e+00  1.9804e+00  3.6513e+00  1.9167e+01  1.0632e+01  2.6292e+01  3.4229e+01  1.0000e+00
-4.4103e-01  5.9938e-01 -5.0659e-02 -5.3548e+00  1.4093e+00 -2.2973e+00  5.9948e+00  1.0000e+00
 3.8162e+00 -5.0597e+00 -2.0218e+00  1.6841e+01 -1.9896e+01 -8.2005e+00  2.7326e+01  1.0000e+00
 4.4695e-02  6.7288e-01  1.0181e-01  4.0069e+00  1.0825e+01 -3.4333e-01  1.1548e+01  1.0000e+00
-6.1296e-01  3.6477e-01  7.4159e-02  2.9185e+00  9.9595e-01 -2.5824e+00  4.0222e+00  1.0000e+00
-6.7658e+00 -3.0763e+00 -2.1886e+00 -2.8388e+01 -1.2700e+01 -8.7050e+00  3.2295e+01  1.0000e+00
 3.7641e+00  1.7781e+00  3.3465e+00  1.4186e+01  8.2990e+00  1.4894e+01  2.2180e+01  1.0000e+00
-2.6947e-01  4.4717e-01  2.6791e-01 -1.6090e+01  1.1225e+01 -2.0552e+01  2.8413e+01  1.0000e+00
 2.5729e+00 -8.6139e+00 -6.7566e-01  1.1686e+01 -3.7636e+01 -2.9785e+00  3.9521e+01  1.0000e+00
-4.0680e-01  4.6235e-01  1.1661e-01  1.7593e+01 -5.8896e+00  4.1941e+00  1.9021e+01  1.0000e+00
-1.1584e+01 -1.0583e+00  1.7130e+01 -5.7060e+01 -5.5932e+00  8.4175e+01  1.0185e+02  1.0000e+00
 4.8947e+00 -8.5968e+00 -6.9479e+00  2.2232e+01 -3.8097e+01 -3.1028e+01  5.3929e+01  1.0000e+00
 3.5256e-01  2.1215e-01  2.1742e-02 -1.0554e+01  4.7337e+00 -8.7131e-01  1.1600e+01  1.0000e+00
 3.6228e-01  3.2575e-02  4.7739e-01  6.6618e+00 -1.0175e+01  2.0369e+00  1.2331e+01  1.0000e+00
-2.6296e-01  7.2863e-01 -1.0401e-01  1.2303e+01  7.8579e+00  2.8828e+00  1.4880e+01  1.0000e+00
-3.3043e+00 -9.5988e-01 -2.5190e+00 -1.2123e+01 -2.4208e+00 -8.7982e+00  1.5173e+01  1.0000e+00
-3.7231e-01  4.8068e-01  1.3519e-01  1.7419e+01  1.1795e+01  1.1619e+01  2.4032e+01  1.0000e+00
-9.0791e-02  3.4124e-01  3.6876e-02 -1.6779e+01 -1.4936e+01 -6.1642e+00  2.3294e+01  1.0000e+00
-8.2386e-02 -6.6696e+00 -4.7203e+00 -1.0847e+00 -2.7248e+01 -1.9833e+01  3.3719e+01  1.0000e+00
-1.6935e-01  3.3263e-01  2.1608e-01 -1.6667e+01  1.7435e+01 -1.3180e+00  2.4156e+01  1.0000e+00
-2.8602e-01  3.7069e-01  4.5251e-01  3.4154e+00  4.1739e+00  6.5354e+00  8.4734e+00  1.0000e+00
-1.6444e-01  4.6715e-01  1.5622e-01  1.5608e+01  2.1467e+01 -1.2976e+01  2.9543e+01  1.0000e+00
 2.5971e-01  3.5426e-01  1.2423e+00 -7.9818e+00  5.2315e+00 -1.1034e+01  1.4589e+01  1.0000e+00
-4.9398e-02  2.6586e-01  1.4040e-01 -1.8606e+01 -8.4894e+00 -4.2044e+00  2.0879e+01  1.0000e+00
-1.3239e+01 -1.5408e+01  7.0714e+00 -5.1472e+01 -6.2718e+01  2.9602e+01  8.6366e+01  1.0000e+00
-2.1329e-01  2.9757e-01 -5.8255e-03  1.4120e+01 -2.2070e+01  1.6170e+00  2.6250e+01  1.0000e+00
-5.1126e-01  8.8075e-01 -3.8457e-01 -1.3142e+01  2.0271e+01 -1.3678e+01  2.7762e+01  1.0000e+00
-1.5497e-01  2.8462e-01  3.1301e-01 -1.0960e+00 -2.5869e+00 -1.4159e+01  1.4435e+01  1.0000e+00
-1.0727e-01  7.1285e-01  1.7350e-03  1.7630e+01  1.6800e+00  2.9884e+00  1.7960e+01  1.0000e+00
 4.7326e-01  1.7802e-01 -1.2595e-01  8.4512e-01  8.0201e+00  4.4068e+00  9.1900e+00  1.0000e+00
 3.1486e-01  8.5851e-01  3.4529e-02  1.5975e+01  6.5573e+00 -2.4191e+00  1.7437e+01  1.0000e+00
-5.4851e-01  9.4089e-02 -9.5120e-02 -6.1246e+00 -6.0429e+00 -1.3203e+01  1.5759e+01  1.0000e+00
-3.0083e-02 -5.8816e+00  2.8933e+00 -2.6335e-01 -2.4570e+01  1.1548e+01  2.7150e+01  1.0000e+00
-7.3115e+00 -4.5244e+00 -2.6718e+00 -3.3264e+01 -2.0050e+01 -1.2744e+01  4.0877e+01  1.0000e+00
-7.3934e-01 -1.3844e+00 -4.3867e-01 -7.7666e+00  3.6724e-01 -2.0840e+00  8.0497e+00  1.0000e+00
-4.5919e-01  6.8093e-01  8.7120e-02 -2.5554e+00  6.8485e+00 -1.9394e+01  2.0726e+01  1.0000e+00
 9.3867e+00 -3.4015e+00 -6.0723e-01  4.1309e+01 -1.4655e+01 -2.2961e+00  4.3892e+01  1.0000e+00
 5.4697e-01  4.8247e-01 -1.7398e-01 -1.4551e+00  1.6227e+01 -1.1126e+01  1.9729e+01  1.0000e+00
 9.9770e+01 -1.2382e+02  8.1629e+01  3.8386e+02 -4.7418e+02  3.0947e+02  6.8408e+02  1.0000e+00
-6.8480e-01  1.4579e-01 -1.3488e-01 -6.0475e+00  1.1090e+01 -3.7966e+00  1.3190e+01  1.0000e+00
-1.7069e-01  6.4503e-01 -3.1398e-01 -1.1651e+01 -6.0566e+00  1.0383e+01  1.6740e+01  1.0000e+00
-1.3489e-01  4.0961e-01  2.2582e-01  8.0384e+00 -7.1648e-01  4.7098e+00  9.3440e+00  1.0000e+00
 5.4694e+00  4.4801e+00  3.2939e-01  2.2432e+01  1.7965e+01  1.9394e+00  2.8805e+01  1.0000e+00
-3.6193e+00 -1.0799e+00  1.7467e+00 -2.1034e+01 -5.1630e+00  1.1575e+01  2.4557e+01  1.0000e+00
 1.3687e+00 -7.3397e+00  4.7749e-01  5.4239e+00 -3.0552e+01  1.2846e+00  3.1056e+01  1.0000e+00
 4.3057e-02  5.9149e-01  4.5657e-01 -1.1758e+01 -9.9526e-01 -7.1427e-01  1.1822e+01  1.0000e+00
 4.0012e-01  3.5119e+00 -5.3202e+00  1.4184e+00  1.3990e+01 -2.2023e+01  2.6129e+01  1.0000e+00
-1.0647e+01  3.5793e+00  3.9196e+00 -6.8886e+01  2.3158e+01  2.5104e+01  7.6889e+01  1.0000e+00
-1.4153e-01  3.0460e-01  6.8631e-02 -3.7941e+00  1.3305e+01 -2.2744e+00  1.4021e+01  1.0000e+00
 1.0281e-01  1.0959e+00  3.6423e-02 -1.9123e+00  1.6976e+01  4.9061e+00  1.7774e+01  1.0000e+00
-5.6124e-01  5.6623e-01 -1.1391e-01  1.1249e+01 -6.8940e+00 -4.4152e-01  1.3201e+01  1.0000e+00
-7.0045e-01  1.4680e-01  5.2915e-01  8.2241e+00  1.3224e+01 -8.5071e+00  1.7745e+01  1.0000e+00
 7.3428e-01 -7.2882e+00  5.7818e+00  2.9895e+00 -3.1767e+01  2.5235e+01  4.0680e+01  1.0000e+00
 1.7672e+00 -3.1948e+00  1.4443e+00  2.4070e+01 -4.5256e+01  1.7696e+01  5.4227e+01  1.0000e+00
 2.7379e-01  4.7972e+00  5.6142e-01 -3.2773e+00  1.8576e+01  3.4295e+00  1.9172e+01  1.0000e+00
-4.6024e-01  2.9251e-01  8.0544e-02  6.1719e-01  5.9996e+00 -1.3533e+01  1.4816e+01  1.0000e+00
 2.2130e+00 -1.1513e+00  4.9021e-01  2.7268e+00  3.8676e-01  6.7647e-01  2.8359e+00  1.0000e+00
-1.9144e-01  8.6862e-01  6.1765e-02 -1.2616e+01  6.8960e+00  7.5727e+00  1.6250e+01  1.0000e+00
 4.1134e+00 -1.6915e+00  2.3461e+00  1.6131e+01 -4.3661e+00  8.6446e+00  1.8815e+01  1.0000e+00
-2.4714e-01  5.4452e-01  7.5531e-02  2.2292e+00 -1.1756e+01  3.5714e+01  3.7665e+01  1.0000e+00
-2.9757e-01  5.6314e-01  1.7702e-01 -1.1589e+01  9.2626e+00  1.7574e+01  2.2999e+01  1.0000e+00
-1.7406e-01  4.7628e-01  3.1482e-01  3.1959e+00 -4.2234e+00  1.6034e+01  1.6886e+01  1.0000e+00
-1.6418e+00 -1.4229e+00 -8.0051e+00 -6.5681e+00 -5.5591e+00 -3.4004e+01  3.5076e+01  1.0000e+00
-9.5876e-01 -4.2635e-01  1.9897e+00 -3.4052e+00 -2.7502e+00  1.1521e+01  1.2325e+01  1.0000e+00
 9.5349e+00 -2.7676e-01 -2.1865e+00  4.1879e+01 -7.6008e-01 -8.7502e+00  4.2790e+01  1.0000e+00
-7.8149e-02  3.0329e-01 -1.1853e-01  5.6150e+00 -1.7285e+01 -7.8340e+00  1.9790e+01  1.0000e+00
 3.2772e+00 -4.1110e-01  8.6436e+00  1.4868e+01 -2.5661e+00  3.8606e+01  4.1450e+01  1.0000e+00
-2.9301e-01  4.7633e-01  3.2605e-01 -7.7096e-01  4.9164e+00  3.9722e+01  4.0032e+01  1.0000e+00
-6.4920e-01 -2.2923e-01  7.2424e-01 -9.6951e+00  4.3022e+00 -1.3127e+01  1.6876e+01  1.0000e+00
-3.9918e+00  6.7158e-01  6.3322e+00 -1.6102e+01  2.7293e+00  2.6637e+01  3.1245e+01  1.0000e+00
-1.5671e-01  4.3908e+00  5.1944e-02 -4.4382e+00  1.1787e+01 -1.1770e+00  1.2650e+01  1.0000e+00
-1.6164e-01  4.0619e-01  1.4647e-01 -1.7251e+01 -1.5656e+01  4.3035e+00  2.3690e+01  1.0000e+00
 7.6419e-01  1.5586e+01  1.0437e+01  2.8802e-01  6.3639e+01  4.0585e+01  7.5479e+01  1.0000e+00
-2.8462e+00  2.5723e+00 -1.3705e+00 -9.4823e+00  8.0544e+00 -2.2783e+00  1.2648e+01  1.0000e+00
 1.1461e-01  6.3716e-01 -2.7982e-01 -4.4547e+00  1.8322e+01 -7.9923e+00  2.0480e+01  1.0000e+00
 4.8929e-02  2.7030e-01 -7.7002e-01  5.2458e+00  4.1941e-01 -9.5780e+00  1.0929e+01  1.0000e+00
-2.4380e-01  2.4455e-01 -3.3086e-02  6.5055e+00  9.9164e+00  2.8276e+01  3.0662e+01  1.0000e+00
-4.3468e-01  4.0898e-01  1.3441e-01  1.1509e+01  4.0194e+00 -1.6776e+01  2.0738e+01  1.0000e+00
-4.5238e-01  4.4083e-01  1.4332e-01  1.1532e+01  1.5687e+01  1.3602e+01  2.3750e+01  1.0000e+00
-2.2153e+00 -1.5420e-01  2.7661e+00 -4.5633e+00  4.8162e-01  7.5581e+00  8.8420e+00  1.0000e+00
-8.6155e-02  5.4011e-01  1.1946e-01  1.2949e+01 -3.6747e+00 -4.5454e+00  1.4207e+01  1.0000e+00
-3.4038e+00  2.8869e+00  1.2058e+00 -2.8499e+01  2.3708e+01  7.5615e+00  3.7834e+01  1.0000e+00
-2.5691e-01  5.9984e-01  4.3005e-01 -8.8573e+00  1.0104e+01 -1.7702e+01  2.2224e+01  1.0000e+00
-2.2719e-01  4.6383e-01  2.0759e-01  1.3292e+00  1.9081e+01  9.5112e+00  2.1362e+01  1.0000e+00
-6.3292e-02  5.0976e-01  1.2615e-01 -2.9828e+00 -3.9298e+00  1.8294e+01  1.8947e+01  1.0000e+00
-1.8960e-01  4.1375e-01  4.2810e-01 -9.2961e+00 -1.9158e+01 -5.6145e+00  2.2022e+01  1.0000e+00
 3.2664e+00 -5.6916e+00 -2.7543e+00  1.3546e+01 -2.2531e+01 -1.1523e+01  2.8704e+01  1.0000e+00
-1.2565e+00  4.4636e-01  5.0008e-01 -9.6286e+00  5.6790e+00  4.2925e+00  1.1974e+01  1.0000e+00
 4.0992e+00  1.0149e+00 -9.8245e+00  1.8028e+01  5.3210e+00 -3.8584e+01  4.2919e+01  1.0000e+00
-7.5398e-01  4.1159e+00 -2.9162e+00 -2.8044e+00  1.5439e+01 -9.0319e+00  1.8106e+01  1.0000e+00
-8.1804e+00 -2.9946e+00  1.9555e+00 -3.6200e+01 -1.2414e+01  8.6068e+00  3.9225e+01  1.0000e+00
 1.0105e+01 -9.9235e-01 -4.2020e+00  4.5547e+01 -4.3380e+00 -1.8526e+01  4.9362e+01  1.0000e+00
 3.8873e+00 -2.1345e+01  1.3188e+01  1.7627e+01 -9.7786e+01  6.0789e+01  1.1648e+02  1.0000e+00
-7.9568e-02  4.0613e-01  3.4901e-02 -2.3760e+01  1.3083e+01  2.0597e+01  3.4058e+01  1.0000e+00
 4.2517e-02  2.4152e-01  3.1653e-01  1.1042e+01 -1.2292e+01 -7.4084e+00  1.8108e+01  1.0000e+00
 1.6549e-01  4.2434e-01  3.2870e-01  1.5883e+01 -2.0359e+00 -1.3978e+00  1.6074e+01  1.0000e+00
 4.7898e-01  1.1095e-01 -1.3017e-01 -8.0770e+00  1.0453e+01 -1.6315e+00  1.3310e+01  1.0000e+00
-5.2004e+00 -2.8386e+00 -2.6499e+00 -2.1783e+01 -1.0100e+01 -1.1270e+01  2.6524e+01  1.0000e+00
-8.4358e-02  4.4103e-02  5.4869e-01  7.7180e+00  2.4294e+00  8.6751e+00  1.1863e+01  1.0000e+00
 6.1124e-01  7.8792e-01  1.4479e-01 -3.3171e+00  4.1085e+00  1.2805e+01  1.3851e+01  1.0000e+00
-1.9240e-01  4.1459e-01  6.7100e-02 -1.8029e+01 -5.0633e+00  5.3835e+00  1.9485e+01  1.0000e+00
-2.8982e-01  4.5044e-01  2.3410e-01  1.7515e+01  4.9940e+00 -1.3041e+01  2.2401e+01  1.0000e+00
 1.6896e+00 -1.9981e+00 -2.3075e+00  5.3791e+00 -4.1992e+00 -4.9505e+00  8.4307e+00  1.0000e+00
-3.9412e-01  3.7795e-01  1.1184e-01  7.4568e+00  1.0667e+01 -9.6994e+00  1.6232e+01  1.0000e+00
-2.7762e-01  3.5470e-01  6.7003e-02  6.1765e+00  1.5825e+01  1.6231e+01  2.3495e+01  1.0000e+00
 3.5637e+00 -4.1581e+00 -5.3158e+00  1.4665e+01 -1.7874e+01 -2.1570e+01  3.1620e+01  1.0000e+00
-8.9586e-02  4.5259e-01  2.9141e-01 -2.2278e+01 -6.6789e+00  2.3807e+01  3.3282e+01  1.0000e+00
-4.5162e-01  4.1387e-01  2.4114e-01 -1.4550e+01  1.8484e+00  1.1830e+01  1.8843e+01  1.0000e+00
-1.7117e-01  4.9879e-01  2.2592e-01  3.0675e+01 -7.7555e+00 -1.6430e+01  3.5652e+01  1.0000e+00
-4.9018e-01  1.3254e+00  1.1400e+00 -3.8785e+00 -1.7672e+00  8.7504e+00  9.7332e+00  1.0000e+00
-4.2861e-01  5.8500e-01  2.9419e-01 -1.2289e+01  1.4453e+01  5.2304e+00  1.9679e+01  1.0000e+00
-2.0018e-01  5.2234e-01  3.3930e-01 -1.7046e+01 -1.6464e+01  1.1548e-01  2.3699e+01  1.0000e+00
 1.0692e+00 -7.2307e-01 -8.2402e-02 -2.8661e+00  6.6014e+00  2.7188e+00  7.6932e+00  1.0000e+00
-7.0735e+00  1.7342e+00  3.4453e+00 -6.0736e+01  1.4549e+01  2.9979e+01  6.9277e+01  1.0000e+00
-7.3531e-02  4.6306e-01  3.1891e-01  1.6203e+01 -4.1380e+00 -4.3098e+00  1.7270e+01  1.0000e+00
 5.0526e+00  3.3682e+00 -5.8176e-01  1.9162e+01  1.4221e+01 -1.2352e+00  2.3895e+01  1.0000e+00
 2.2077e-02  5.2116e-01  1.4946e-01 -2.8685e+00  1.1460e+01 -3.2014e+00  1.2240e+01  1.0000e+00
 5.6303e-02  3.3524e-01  2.2472e-02  1.6024e+01  1.0214e+01  7.9033e+00  2.0581e+01  1.0000e+00
-2.8852e-02  3.9972e-01  1.2002e-01 -1.2221e+01  1.2098e+01 -1.5154e+01  2.2921e+01  1.0000e+00
 7.4672e-01  4.9614e+00  9.4610e-02  4.6462e+00  1.7631e+01 -1.6160e+00  1.8304e+01  1.0000e+00
-9.9913e+01  1.2368e+02 -8.2220e+01 -3.7964e+02  4.7214e+02 -3.1702e+02  6.8377e+02  1.0000e+00
-9.6724e-01  5.6667e-01  8.5972e-02  9.4593e+00 -1.3740e+01 -3.4589e+00  1.7036e+01  1.0000e+00
-2.9110e-01  4.7337e-01  4.0064e-01  1.6943e+00 -1.2792e+01  6.1053e+00  1.4275e+01  1.0000e+00
-6.8076e-01  1.0734e+00 -1.4234e-02  1.1738e+01 -1.0271e+01  4.8694e+00  1.6339e+01  1.0000e+00
-9.7867e-02  3.1872e-01  2.5290e-01 -2.8814e+01  1.0266e+01 -2.3768e+00  3.0680e+01  1.0000e+00
-4.4717e-01  4.3465e-01  2.2178e-01  1.0779e+01  1.4057e+01  2.8766e+01  3.3783e+01  1.0000e+00
 3.3507e+00 -4.9620e+00 -4.7606e+00  1.4506e+01 -2.2474e+01 -1.6597e+01  3.1479e+01  1.0000e+00
 1.3018e+00 -3.7719e-01 -8.2926e-02  1.2475e+01 -2.6597e+00  8.8174e-01  1.2786e+01  1.0000e+00
-1.3244e+00  1.1682e-01  8.2829e-01 -9.5180e+00 -2.3084e+00  1.1752e+01  1.5298e+01  1.0000e+00
-1.2476e-01  4.9956e-01  5.2458e-01  9.0205e+00  2.3169e+00  2.0188e+01  2.2233e+01  1.0000e+00
-7.1499e+00  2.9507e-01  6.0267e+00 -3.1158e+01  2.2991e+00  2.6957e+01  4.1265e+01  1.0000e+00
 1.4482e-01  2.8261e-01  1.3588e-01  2.8100e+00  1.2465e+01  2.2532e+01  2.5903e+01  1.0000e+00
-3.4710e-01  3.6773e-01  2.2610e-01 -1.2322e+01 -1.0274e+01  1.3460e+01  2.0942e+01  1.0000e+00
-4.8260e+00  4.2967e+00 -7.7575e+00 -2.1069e+01  1.9435e+01 -3.4042e+01  4.4503e+01  1.0000e+00
 8.1432e+00 -5.6202e+00  2.2161e+00  3.5648e+01 -2.4143e+01  9.9637e+00  4.4192e+01  1.0000e+00
 4.5948e+00 -2.8093e+00  4.9900e+00  1.8525e+01 -1.1430e+01  2.1135e+01  3.0340e+01  1.0000e+00
-2.3944e-02  3.6828e-01  6.0553e-02 -7.9904e-01  1.0455e+01  2.1652e+01  2.4057e+01  1.0000e+00
-5.1247e-03  4.6359e-01  2.3208e-01  8.9157e+00  6.5331e+00 -9.2770e+00  1.4430e+01  1.0000e+00
-5.5749e-01  4.8456e-01  2.3605e-01 -4.8896e+00  7.5376e+00  2.6827e-01  8.9886e+00  1.0000e+00
-4.0351e+00  8.5602e-01  1.4972e+00 -1.4122e+01  1.2936e+00  4.1043e+00  1.4763e+01  1.0000e+00
-2.2356e-01  2.2947e-01  1.6727e-01 -3.5403e+00 -2.5613e+01  6.9203e+00  2.6767e+01  1.0000e+00
-4.1811e-01  3.9963e-01 -2.3811e-01  5.3609e+00 -8.2666e+00 -1.4482e+00  9.9586e+00  1.0000e+00
 2.5516e-02  4.4623e-02  3.5597e-01  2.4842e+00  1.0753e+01 -1.9015e+00  1.1199e+01  1.0000e+00
-2.7088e-01  7.1433e-01  7.5160e-02  9.8246e-01  1.3564e+01 -1.1880e+01  1.8058e+01  1.0000e+00
-3.5201e+00  2.9801e+00 -2.9445e+00 -1.3238e+01  1.4285e+01 -1.1139e+01  2.2436e+01  1.0000e+00
-3.0601e-01  9.0982e-01  1.0982e-01 -1.5410e+01 -5.2536e+00 -7.1317e+00  1.7774e+01  1.0000e+00
-2.5389e+00  1.6355e+00 -6.3323e+00 -1.0712e+01  6.7345e+00 -2.5862e+01  2.8791e+01  1.0000e+00
-2.4939e-01  4.5321e+00  2.2458e+00 -5.9876e+00  1.5727e+01  5.5247e+00  1.7712e+01  1.0000e+00
-7.6456e+00 -1.8442e+00 -2.3840e+00 -3.4307e+01 -7.0363e+00 -8.9357e+00  3.6143e+01  1.0000e+00
-2.2110e-02 -2.3479e-01  2.7614e-01  8.8395e+00  1.9979e+01 -1.9276e+00  2.1932e+01  1.0000e+00
-7.0071e-02  1.7696e-01 -8.7106e-01  3.2939e-01 -4.8755e+00 -1.9071e+01  1.9687e+01  1.0000e+00
-4.4949e-02  4.2445e-01  1.0957e-01  5.4824e+00  2.0849e+01  2.9611e+01  3.6627e+01  1.0000e+00
-1.8228e-01  5.4330e-02 -1.5439e-01  1.1511e+01 -9.6173e+00 -4.0730e+00  1.5543e+01  1.0000e+00
-1.3776e-01 -1.1116e-01  3.0276e-01 -1.7449e+00 -8.5530e+00  1.2247e+01  1.5040e+01  1.0000e+00
-4.2965e-01  6.0021e-01  3.0642e-01 -9.2026e+00 -1.4115e+01  9.0403e+00  1.9122e+01  1.0000e+00
-9.0944e-01 -5.1791e-01  3.1932e-01 -4.5888e+00 -1.5894e+00  5.2483e+00  7.1505e+00  1.0000e+00
 1.9085e+00 -1.2195e+00  1.5229e+00  6.8592e+00 -2.9306e+00 -3.2273e+00  8.1273e+00  1.0000e+00
-1.6486e-01  3.4838e-01  7.5525e-04 -2.4813e+01  3.3844e-01  2.9553e+00  2.4990e+01  1.0000e+00
 2.3413e-01  3.1101e-01  2.3457e-01 -4.0255e+00 -3.9240e+00  1.9070e+00  5.9362e+00  1.0000e+00
-1.0419e+01  1.2219e+01 -7.5452e+00 -4.2084e+01  4.4374e+01 -2.6739e+01  6.6747e+01  1.0000e+00
-1.4837e-01  2.6672e-01 -2.9794e-01  2.0890e+00 -4.3280e+00 -2.7406e+01  2.7824e+01  1.0000e+00
 2.2636e+00  6.8357e-01 -6.8731e-01  3.5859e+00  7.4724e+00 -2.3106e+00  8.6043e+00  1.0000e+00
-2.8161e-01  4.9342e-01  1.1292e-01 -1.0396e+01  3.8456e+00 -3.9864e+00  1.1779e+01  1.0000e+00
-1.1915e-01  5.0412e-01  4.6855e-01 -1.5880e+00 -1.2512e+01 -4.2040e+00  1.3295e+01  1.0000e+00
-2.2008e-01 -5.8423e+00 -3.0357e+00 -6.8320e-01 -2.2990e+01 -1.2970e+01  2.6405e+01  1.0000e+00
 3.9440e-02  7.0598e-01 -5.6090e-02  4.8037e+00  3.4656e+00 -1.2274e+01  1.3629e+01  1.0000e+00
 3.3164e+00 -5.0051e+00 -4.7526e+00  1.3695e+01 -1.8612e+01 -2.2476e+01  3.2235e+01  1.0000e+00
-2.2890e-01  4.2408e-01  2.4910e-01  3.1714e+01  4.0168e+00 -1.7164e+00  3.2013e+01  1.0000e+00
-1.7700e-01  4.4103e-01  2.0249e-01  7.0596e+00  1.1067e+01 -2.8141e+00  1.3425e+01  1.0000e+00
 1.3595e-02  4.1050e+00  1.9442e+00  2.9512e+00  1.5001e+01  5.5483e+00  1.6264e+01  1.0000e+00
 1.6167e+00 -3.5160e+00  5.4877e+00  7.0630e+00 -1.4348e+01  2.2369e+01  2.7498e+01  1.0000e+00
-3.1786e-01  3.8781e-01  2.0733e-01 -3.8192e+00 -1.4705e+01 -7.8887e-01  1.5213e+01  1.0000e+00
-4.3006e-01  6.3586e-01 -1.4738e-01  3.3729e+00 -1.3542e+00  7.9874e+00  8.7754e+00  1.0000e+00
-1.9344e-01  3.6753e-01  2.6033e-01 -2.5852e+00 -2.0112e+01 -7.7089e-01  2.0292e+01  1.0000e+00
-4.1545e-01  4.2509e-01 -1.4174e-02  1.9826e+01  2.7470e+00  2.0121e+01  2.8381e+01  1.0000e+00
-4.3246e+00 -1.4773e+00  2.9189e+00 -1.7254e+01 -5.1731e+00  9.5234e+00  2.0376e+01  1.0000e+00
-3.7319e-01  2.7213e-01  8.0565e-01  3.9248e+00 -7.9109e-01 -7.5959e+00  8.5864e+00  1.0000e+00
 4.2181e-02  4.4259e-01  1.9810e-01 -5.8143e+00  6.3364e+00  1.0950e+01  1.3923e+01  1.0000e+00
 6.0793e+00 -7.9524e+00 -5.9854e-01  2.7276e+01 -3.4654e+01 -2.8278e+00  4.4191e+01  1.0000e+00
-1.8206e-01  5.0917e-01  1.8693e-01 -9.6645e+00 -1.5386e+00  3.7004e+01  3.8276e+01  1.0000e+00
-2.1265e+00  2.8533e-01  1.3957e+00  2.1970e-01  5.1206e+00 -2.8408e+00  5.8599e+00  1.0000e+00
-1.6923e-01  2.0322e-01  2.6048e-01  2.1071e+01 -1.2706e+01  6.6345e+00  2.5484e+01  1.0000e+00
-1.9025e-01  4.6926e-01  2.3681e-01 -1.7358e+01 -2.2273e+01  6.1901e+00  2.8908e+01  1.0000e+00
 1.9106e+00 -1.1227e+00  3.2362e-01  1.3977e+00 -2.5942e+00 -4.2263e-01  2.9770e+00  1.0000e+00
-1.6731e-01  4.6642e-01 -1.2550e-02  2.0289e+01  3.7753e+00 -9.2376e+00  2.2611e+01  1.0000e+00
 1.7628e-01  5.7466e-01  3.2031e-02  1.7965e+01 -4.0986e+00  1.0435e+01  2.1177e+01  1.0000e+00
-2.0545e+00 -8.7875e-01 -6.0564e-01 -1.2602e+01 -5.0009e+00 -2.6926e+00  1.3823e+01  1.0000e+00
-2.0542e-01  5.3954e-01  1.6522e-01  4.8447e+00  1.9272e+00 -6.8098e+00  8.5766e+00  1.0000e+00
-1.5358e-01  3.7086e-01  1.1556e-01 -1.6826e+01 -5.1023e+00 -2.1908e+01  2.8092e+01  1.0000e+00
-2.2307e-01  2.6803e-01  2.2821e-01  1.4815e+01 -1.0749e+01 -1.1131e+01  2.1423e+01  1.0000e+00
 7.1781e-02  5.6832e-01  2.9022e-01  5.2456e+00  2.9182e+00 -9.9789e-01  6.0850e+00  1.0000e+00
-3.0294e-01  2.6364e-01 -4.3370e-02 -1.5129e+01 -4.8218e+00 -6.4338e+00  1.7132e+01  1.0000e+00
-3.8353e-01  5.3103e-01  6.6166e-03 -2.4387e+01  1.5619e+01  9.6497e+00  3.0525e+01  1.0000e+00
-4.9395e-02  5.2948e-01  3.2518e-01  5.0729e+00 -1.2402e+01  9.9967e+00  1.6718e+01  1.0000e+00
-3.1776e-01  1.2297e-01  2.9639e-01  6.3775e+00 -3.8396e+00 -8.2512e+00  1.1113e+01  1.0000e+00
-2.2450e-01  3.2205e-01 -5.2973e-02  1.7953e+01  4.7860e+00 -3.7197e-01  1.8584e+01  1.0000e+00
 9.2741e-01 -6.0123e-02  1.0252e-01  6.9237e+00  5.8285e+00 -8.4763e+00  1.2400e+01  1.0000e+00
-1.3941e-01  4.3475e-01  7.5789e-02 -1.4439e+01  1.5897e+01  2.2313e+01  3.0969e+01  1.0000e+00
-1.3630e+01  7.8680e-01  1.1982e+01 -2.4185e+02  7.3688e+00  2.1775e+02  3.2552e+02  1.0000e+00
-2.6086e-01  6.2421e-01  2.5369e-01 -1.3864e+01 -6.8172e+00  8.6754e+00  1.7718e+01  1.0000e+00
 4.2281e-01  1.9447e+00 -1.3899e-01 -9.8848e-01  1.2129e+00 -2.3226e+00  2.8005e+00  1.0000e+00
 1.4446e-02  5.6567e-01 -2.5341e-01 -8.7732e+00  1.2640e+01  8.3621e+00  1.7512e+01  1.0000e+00
-1.4747e+00  2.3157e+00  5.8409e+00 -4.5955e+00  7.1184e+00  1.7304e+01  1.9267e+01  1.0000e+00
 3.4474e+00  9.6153e-01  5.6847e-01  8.6506e+00  4.0541e+00  2.5865e+00  9.8974e+00  1.0000e+00
 3.8597e+00 -2.0714e+00 -3.3591e+00  1.4519e+01 -8.8202e+00 -1.2396e+01  2.1030e+01  1.0000e+00
-1.5941e-01  4.7406e-01  1.4964e-01 -1.8191e+01  1.7965e+01 -2.7264e+01  3.7376e+01  1.0000e+00
 4.8205e+00 -5.0067e+00 -7.4632e+00  2.1647e+01 -2.1752e+01 -3.2104e+01  4.4411e+01  1.0000e+00
 2.6538e-02  5.2721e-01  2.3707e-01 -1.6727e-01  7.8377e+00  2.5773e+00  8.2523e+00  1.0000e+00
-9.5821e-02  5.3183e-01  1.7589e-01 -1.2173e+01  1.1416e+01  2.1645e+01  2.7332e+01  1.0000e+00
-2.3288e-01  4.6572e-01  1.2712e-01  1.3950e+01  9.4720e+00 -6.5838e+00  1.8101e+01  1.0000e+00
-1.5845e-01  5.2368e-01  3.7454e-01 -3.0258e+00  1.5040e+01 -3.7857e+00  1.5802e+01  1.0000e+00
 1.4685e-01  7.5432e-01  7.1832e-03  6.9504e+00  1.3424e+01 -2.8722e+00  1.5387e+01  1.0000e+00
 2.0610e-01  5.6152e-01 -6.0413e-01  8.1730e+00  5.8755e+00  4.6242e-01  1.0076e+01  1.0000e+00
-3.1637e-01  7.7951e-01  3.7110e-01  6.4222e+00 -4.7727e+00  2.6824e+00  8.4391e+00  1.0000e+00
 3.6320e-02  3.6297e-02  2.0242e-01 -1.0399e+01 -5.5188e+00  1.3205e+01  1.7691e+01  1.0000e+00
-1.2527e+00  1.1032e+00  7.9000e-01 -8.7111e+00  3.2399e+00  8.6270e+00  1.2681e+01  1.0000e+00
-2.2129e-02  5.7646e-01  1.7565e-01 -2.3828e+01  6.6944e+00  2.7412e+00  2.4902e+01  1.0000e+00
-1.5424e+00  1.9252e+00  5.7788e+00 -4.9956e+00  7.8707e+00  2.3254e+01  2.5053e+01  1.0000e+00
-3.7817e-01  6.6669e-01 -8.7609e-01 -1.0002e+01 -7.6530e+00 -8.4233e+00  1.5151e+01  1.0000e+00
-1.2668e-01  3.7086e-01  2.0109e-01  1.2086e+01 -1.0918e+01  2.1834e+01  2.7239e+01  1.0000e+00
-2.8765e-01  4.1409e-01  1.3222e-01 -1.6105e+01  2.5358e+01 -5.6982e+00  3.0576e+01  1.0000e+00
-1.1574e+00  1.8490e+00  1.9029e+00  2.5213e+00  4.6178e+00  3.4029e+00  6.2658e+00  1.0000e+00
 3.9640e+00 -9.9168e+00  1.7123e+01  1.5639e+01 -3.9477e+01  7.1025e+01  8.2750e+01  1.0000e+00
 7.1499e+00  1.3833e+00  6.6483e+00  3.1256e+01  5.9376e+00  2.9658e+01  4.3495e+01  1.0000e+00
 1.3918e+00 -6.3918e-01 -3.8650e-01 -7.8325e-01  4.9283e+00  3.0814e+00  5.8648e+00  1.0000e+00
-2.8208e-01  1.0103e-01 -5.4809e-02 -1.5739e+01 -2.3694e+00 -6.1049e+00  1.7047e+01  1.0000e+00
-5.2371e-01  6.1886e-01  4.0048e-01 -4.8654e+00 -2.5303e+00  3.0590e+00  6.2795e+00  1.0000e+00
-1.9178e+00  1.1304e+00  7.6251e+00 -8.2902e+00  5.6800e+00  3.2666e+01  3.4177e+01  1.0000e+00
-5.1968e+00 -1.5431e+00 -5.1674e+00 -2.1181e+01 -2.7129e+00 -1.9690e+01  2.9046e+01  1.0000e+00
 4.1245e-01  1.8504e+00 -7.1138e-01 -3.7967e+00 -4.2989e-02  4.1799e+00  5.6470e+00  1.0000e+00
-2.2784e+00 -3.2872e+00 -4.6695e-01 -1.3189e+01 -2.3954e+01 -1.4920e+00  2.7386e+01  1.0000e+00
 7.5754e-01  4.8523e-01 -2.5362e-01 -9.2669e+00  6.5604e+00  1.1541e+00  1.1413e+01  1.0000e+00
-1.6700e-01  2.5870e-01  2.4283e-01  1.0340e+01  5.6779e+00  1.3761e+00  1.1876e+01  1.0000e+00
 3.0468e-01  1.3137e+00  5.2589e-01 -5.0371e+00 -9.7550e+00 -4.5715e+00  1.1892e+01  1.0000e+00
-3.9613e-01  4.9550e-01 -9.3794e-04  3.2908e+00  4.4747e+00 -7.7670e+00  9.5487e+00  1.0000e+00
-3.3091e-01  8.0917e-01  1.9676e-01 -1.3700e+01 -2.9854e+00 -5.4808e+00  1.5055e+01  1.0000e+00
-2.6496e+00  8.2064e+00 -1.1067e+00 -1.1072e+01  3.5334e+01 -4.4181e+00  3.7290e+01  1.0000e+00
 2.3067e+00 -1.2059e-01  1.4944e+00  7.4524e+00  3.9953e+00  9.4487e+00  1.2680e+01  1.0000e+00
-5.2335e+00 -3.7262e-01 -1.2910e+00 -1.9828e+01  2.3297e-01 -5.3090e+00  2.0528e+01  1.0000e+00
 2.7387e-01  3.2684e-01  1.2240e+00 -9.7919e+00  2.7236e-01 -4.8758e+00  1.0942e+01  1.0000e+00
-4.3525e+00 -1.8473e+00  2.8176e+00 -1.5290e+01 -6.5271e+00  1.1377e+01  2.0145e+01  1.0000e+00
-1.5507e-01  3.7859e-01  2.4135e-01 -4.9715e+00  5.3833e+00 -2.8221e+00  7.8524e+00  1.0000e+00
 9.5124e+00  3.3647e+00  8.2125e-01  4.1452e+01  1.5120e+01  3.4209e+00  4.4256e+01  1.0000e+00
 3.5684e+00  5.1500e+00  4.9010e-01  1.5142e+01  2.0647e+01  3.1988e+00  2.5803e+01  1.0000e+00
-7.3487e+00 -4.5617e+00 -2.7867e+00 -3.1610e+01 -1.8298e+01 -1.0863e+01  3.8105e+01  1.0000e+00
 7.7827e-02 -1.1286e+00 -1.0069e+00 -5.8795e+00 -3.2115e+00  1.4932e+00  6.8638e+00  1.0000e+00
-7.4253e+00 -3.0810e-01 -1.9186e+00 -3.1805e+01 -4.0658e-01 -8.3941e+00  3.2897e+01  1.0000e+00
 2.6643e-02  1.3810e-01 -3.7854e-01 -7.6828e+00  8.5093e+00  5.2842e+00  1.2624e+01  1.0000e+00
 2.9980e-01  1.8202e+00 -8.9568e-01 -3.9235e+00  4.6442e-01  5.2871e+00  6.6003e+00  1.0000e+00
-1.6942e+00  6.0895e+00 -2.5473e+00 -6.4162e+00  2.5521e+01 -9.2198e+00  2.7883e+01  1.0000e+00
 5.2002e+00  4.4621e+00 -3.3428e+00  4.7663e+01  3.8587e+01 -2.9789e+01  6.8177e+01  1.0000e+00
-4.8880e-01  6.9635e-01  3.8249e-01 -3.3957e+00  2.5920e+01  4.7424e+00  2.6568e+01  1.0000e+00
-1.1564e+00 -3.2340e-01 -2.3648e+00 -1.3253e+00  1.9921e+00 -5.8995e+00  6.3663e+00  1.0000e+00
-6.3465e-01  1.6355e-01  3.0045e-02  4.8993e+00  6.3964e+00 -1.4609e+00  8.1885e+00  1.0000e+00
 1.7580e+00 -1.8080e+00 -1.4668e+00  7.4895e+00 -5.9310e+00  1.7143e+00  9.7060e+00  1.0000e+00
-2.0848e-01  1.5242e+00 -6.8732e-01 -2.6555e+00  2.2913e+00  2.1697e+00  4.1242e+00  1.0000e+00
 3.3479e-01  1.1976e+00  3.6770e-01  4.7195e+00  2.1111e+00 -3.5545e+00  6.2741e+00  1.0000e+00
-5.4641e+00 -2.7050e+00 -9.4816e+00 -2.5092e+01 -1.2740e+01 -4.4334e+01  5.2511e+01  1.0000e+00
-9.9638e+00 -3.4696e+00 -2.9905e-01 -4.4393e+01 -1.4446e+01 -1.5314e+00  4.6709e+01  1.0000e+00
 1.1524e+00 -1.9486e+00 -2.2982e+00  5.7358e+00 -3.4828e+00 -7.0865e+00  9.7595e+00  1.0000e+00
 1.0181e+01  1.6192e+00 -1.0039e+00  4.4634e+01  8.0334e+00 -4.8016e+00  4.5605e+01  1.0000e+00
-2.0167e-01  6.1085e-01  3.0736e-01  6.4398e+00  1.0864e+01 -2.4316e+01  2.7400e+01  1.0000e+00
 2.9144e-02  3.2136e-01  2.1786e-02  1.6553e+01 -7.8671e+00  7.8499e+00  1.9938e+01  1.0000e+00
-2.4766e-01  5.8262e-01 -4.2753e-02 -5.3699e+00 -1.8702e+01  1.0058e+01  2.1903e+01  1.0000e+00
-5.8192e-01  1.3825e+00 -3.5363e-01 -1.5281e+00 -4.0437e+00  3.9316e+00  5.8433e+00  1.0000e+00
-1.2674e-01  4.3055e-01  3.2711e-01  9.0143e+00  2.6160e+00 -1.2822e+01  1.5891e+01  1.0000e+00
-2.4664e-01  3.9068e-01  1.9851e-02 -8.9771e-03 -1.3456e+01 -2.6855e+00  1.3721e+01  1.0000e+00
-1.3437e-01  4.1085e-01  1.2902e-01 -1.4436e+01  7.8785e+00 -1.7353e+01  2.3908e+01  1.0000e+00
-4.4980e+00  3.8928e+00 -8.5462e-01 -1.7611e+01  1.4831e+01 -2.4689e+00  2.3157e+01  1.0000e+00
-8.8428e-02  4.4297e-01  5.5045e-01  3.2831e+00  1.1515e+01 -1.7271e+01  2.1016e+01  1.0000e+00
-4.9092e+00 -1.4318e+00  4.7869e-02 -1.7489e+01 -5.4679e+00 -4.3121e-01  1.8329e+01  1.0000e+00
-5.7561e-01 -3.6218e-01  5.7323e-02 -2.0337e+00 -6.3767e+00  3.7289e+00  7.6617e+00  1.0000e+00
-5.3770e-02  2.5994e-01 -5.4890e-02  1.4899e+01 -2.1991e+01  2.2600e+00  2.6658e+01  1.0000e+00
-1.2773e-01  5.3336e-01  8.0916e-02  2.4811e+01  7.5465e-01 -1.5791e+01  2.9419e+01  1.0000e+00
-1.3493e-01  2.8954e-01  2.6002e-01  9.6283e+00 -3.4336e+00  1.2042e+00  1.0293e+01  1.0000e+00
 3.2485e+00 -8.1323e+00 -3.9052e+00  1.4284e+01 -3.4977e+01 -1.6875e+01  4.1379e+01  1.0000e+00
-7.2806e+00 -1.4341e+00  6.5617e+00 -3.2051e+01 -5.4465e+00  2.8869e+01  4.3478e+01  1.0000e+00
-4.3440e-01  4.2276e-01 -8.2414e-02 -1.4930e+01  1.8625e+01 -3.4648e+00  2.4120e+01  1.0000e+00
-1.4150e+00 -1.1040e+00 -2.6845e+00 -4.3421e+00 -1.5088e+00 -5.6583e+00  7.2902e+00  1.0000e+00
 2.0286e+00 -1.3487e+00  5.3857e-01  1.9361e+00 -1.4167e+00  3.7287e+00  4.4338e+00  1.0000e+00
-1.4731e-01  4.1390e-01  3.6146e-01  1.5026e+01  1.0208e+01  2.5746e+00  1.8347e+01  1.0000e+00
-8.1749e-01 -6.4809e+00 -4.5044e+00 -3.1043e+00 -2.8607e+01 -2.0263e+01  3.5194e+01  1.0000e+00
-1.5102e+00  2.6658e+00 -2.4093e+00 -4.7732e+00  7.9566e+00 -5.5586e+00  1.0816e+01  1.0000e+00
 6.0804e-01  3.9918e-01  3.4256e-01 -8.4595e+00  4.2737e+00 -7.4663e+00  1.2065e+01  1.0000e+00
 3.4559e-01  6.4493e-01  2.8693e-02 -2.2774e+01 -5.4196e+00  9.1258e-01  2.3428e+01  1.0000e+00
-6.9048e-01 -6.6371e-01  4.7812e-01 -4.2424e-01  7.4084e+00 -9.0256e-01  7.4752e+00  1.0000e+00
-1.4414e+00  6.4463e+00 -2.7888e+00 -5.5903e+00  2.5925e+01 -1.0866e+01  2.8661e+01  1.0000e+00
 1.3071e+00  4.9410e-01 -6.2470e-01 -7.2209e+00  2.6002e+00  1.5846e+00  7.8367e+00  1.0000e+00
-1.5311e-01  1.0246e+00  8.6402e+00  1.8552e+00  5.2566e+00  2.9374e+01  2.9898e+01  1.0000e+00
-3.0669e-01 -1.2572e+00 -2.5434e-02 -8.5481e-01  7.5622e+00  1.9387e+00  7.8535e+00  1.0000e+00
-1.7913e-01  4.2340e-01  3.8374e-01 -1.9790e+00  9.1113e+00 -1.8680e+00  9.5090e+00  1.0000e+00
-1.4079e-01  6.8701e-01  3.9578e-01  6.1376e+00  1.8055e+01  1.1773e+01  2.2411e+01  1.0000e+00
-5.3526e-01  9.6420e-01  8.5224e-02  8.9592e-02  1.4563e+01 -8.8582e+00  1.7046e+01  1.0000e+00
 2.3412e+00  4.9061e+00  2.7486e+00  9.9813e+00  2.0188e+01  1.0536e+01  2.4863e+01  1.0000e+00
-2.4693e-01  2.8892e-01  2.1563e-01  3.2098e-01  9.2065e+00  1.0946e+01  1.4306e+01  1.0000e+00
-4.2157e-01  1.9230e+00  2.4838e-01 -2.4709e+00  6.8020e+00 -1.0231e+00  7.3088e+00  1.0000e+00
-1.4732e-01  1.9809e-01  1.8544e-01  5.1032e+00  1.7876e+00 -1.2901e+01  1.3988e+01  1.0000e+00
-3.2809e-01  3.7882e-01 -1.1882e-01 -8.2801e+00  1.2173e+01 -1.7841e+01  2.3131e+01  1.0000e+00
-5.7753e-02  3.8194e-01  3.0304e-01  6.8731e+00 -1.2497e+01  5.0963e+00  1.5145e+01  1.0000e+00
-1.6543e-01  6.0158e-01  1.3361e-01 -1.1701e+01 -1.0885e+01  1.2219e+01  2.0118e+01  1.0000e+00
 4.1124e+00 -3.0862e+00 -6.2681e-01  1.5209e+01 -1.1001e+01 -1.5645e+00  1.8836e+01  1.0000e+00
-4.0561e-01  6.4852e-01  7.4838e-04  7.2961e+00  1.7551e+01  1.6606e+01  2.5240e+01  1.0000e+00
 7.6602e+00 -1.3228e+01  8.3475e+00  2.5340e+01 -5.0550e+01  3.2568e+01  6.5254e+01  1.0000e+00
 1.9498e-01 -1.0911e+00 -1.3745e+00 -8.6504e-02 -4.0999e+00  6.9220e+00  8.0455e+00  1.0000e+00
 7.2664e-01 -3.4391e+00 -9.7383e+00  2.7817e+00 -1.4793e+01 -4.2503e+01  4.5089e+01  1.0000e+00
-2.4607e+00 -3.9160e+00 -6.6831e+00 -1.1992e+01 -1.6641e+01 -2.8747e+01  3.5314e+01  1.0000e+00
-5.5013e-01 -7.1662e+00  7.8209e-01 -1.9658e+00 -3.0622e+01  3.2933e+00  3.0861e+01  1.0000e+00
-9.5417e+00 -4.9477e+00 -2.5321e+00 -4.2965e+01 -2.1414e+01 -1.1133e+01  4.9280e+01  1.0000e+00
-6.3990e-02  5.5098e-01  1.2314e-01  3.4494e+00  3.2064e+00  2.3425e+01  2.3894e+01  1.0000e+00
-7.8182e+00 -1.9443e+00 -1.5242e+00 -3.4349e+01 -8.4209e+00 -6.1619e+00  3.5899e+01  1.0000e+00
 8.0536e-01  1.8371e-01  1.1215e+00 -2.7976e+00  2.8917e+00  4.0044e+00  5.6766e+00  1.0000e+00
 5.8144e-02  3.9112e-01  5.5131e-02  5.9280e+00 -1.6225e+01 -2.3698e+01  2.9326e+01  1.0000e+00
-1.2730e+00 -1.6903e-01 -3.5184e+00 -5.7762e+00  4.4475e-01 -1.9607e+01  2.0445e+01  1.0000e+00
 1.3538e+00  3.0273e-01  6.3959e-01  8.1979e-01  6.8661e+00 -5.5858e+00  8.8891e+00  1.0000e+00
 4.4943e-02  3.8911e-01  1.6460e-01  9.9058e+00  7.1427e+00 -1.4405e+01  1.8885e+01  1.0000e+00
