# limit = 8.26071
#
# x           y           z           vx          vy          vz          s           m
 6.0726e-01 -1.9363e+00 -1.1859e+00 -2.3903e+00 -2.5251e+00  2.9916e+00  4.5868e+00  1.0000e+00
-1.5656e-01  4.0378e-01  1.6158e-01 -2.4199e+01 -7.3738e+00  1.2000e+01  2.7999e+01  1.0000e+00
 8.5859e+00  2.2692e-01  1.6752e+00  3.4978e+01  1.7821e+00  6.8893e+00  3.5695e+01  1.0000e+00
-3.0217e-01  5.6007e-01  2.6161e-01  8.6454e+00  1.3189e+01 -5.1516e+00  1.6590e+01  1.0000e+00
-7.1179e+00  2.7634e+00  4.3830e+00 -2.9967e+01  1.1143e+01  1.7730e+01  3.6559e+01  1.0000e+00
 3.0339e+00 -1.1045e+00  8.8630e+00  1.3083e+01 -3.8781e+00  3.6914e+01  3.9355e+01  1.0000e+00
 6.0886e-01 -7.2328e+00 -5.1081e+00  1.7989e+00 -3.0188e+01 -2.0578e+01  3.6579e+01  1.0000e+00
-5.4509e-01  1.7644e+00  9.4837e-01 -1.1208e-01 -6.5731e-02  7.9594e-01  8.0648e-01  1.0000e+00
-1.1728e+01  8.4850e+00  2.5790e+01 -4.5572e+01  3.3405e+01  1.0469e+02  1.1897e+02  1.0000e+00
-5.1042e-02  3.2989e-01 -2.0227e-02  1.1985e+02 -6.5479e+01  7.3459e-01  1.3657e+02  1.0000e+00
 2.1570e+00  2.4298e+00  1.7607e+00  4.4503e+00  6.7746e+00  3.8698e+00  8.9819e+00  1.0000e+00
-1.8927e-01  6.2574e-01  2.7320e-01 -7.7311e+00  1.1031e+01  8.0035e+00  1.5669e+01  1.0000e+00
 7.0823e-01  5.9987e-01  1.3438e+00 -3.6894e+00 -4.3643e+00 -5.1150e+00  7.6696e+00  1.0000e+00
 2.4662e+00  3.3590e-01 -6.8591e-01  1.2446e+01  3.2532e+00 -1.6047e+00  1.2964e+01  1.0000e+00
-2.3060e-01  3.9276e-01  1.4035e-01  2.9946e+00  1.8651e+01  1.6055e+01  2.4791e+01  1.0000e+00
-3.3654e+00 -3.6318e-01 -3.0000e+00 -1.2558e+01 -2.5987e+00 -8.4195e+00  1.5341e+01  1.0000e+00
 5.1935e+00 -5.4038e+00 -6.1111e+00  2.1478e+01 -2.2463e+01 -2.5929e+01  4.0475e+01  1.0000e+00
-2.0640e-01  4.4733e-01  1.7001e-01 -1.8199e+01  8.3426e+00  2.3528e+01  3.0893e+01  1.0000e+00
-1.3826e-01  4.8130e-01  2.8638e-01 -2.7518e+01  8.4409e+00 -6.3311e+00  2.9472e+01  1.0000e+00
 1.8051e+01  1.4991e+01 -6.6224e+00  7.3516e+01  5.8969e+01 -2.5238e+01  9.7565e+01  1.0000e+00
-3.4604e-01  4.1467e-01 -9.4616e-02 -9.1075e+00 -8.9216e+00 -1.6420e+01  2.0788e+01  1.0000e+00
 8.8313e-02  4.1308e-01  1.1159e-01  3.9989e+00 -8.4293e+00  1.3473e+01  1.6388e+01  1.0000e+00
-1.5409e-01  4.3703e-01  3.2304e-02  3.5549e+00  1.5297e+01 -5.4723e+00  1.6630e+01  1.0000e+00
-3.8336e+00  7.1133e+00 -7.3175e+00 -1.6111e+01  3.0894e+01 -3.0890e+01  4.6564e+01  1.0000e+00
-2.2099e-01  8.3078e+00 -3.7179e+00 -1.2015e+00  3.4571e+01 -1.5220e+01  3.7793e+01  1.0000e+00
-1.9229e+00  8.1579e-01 -3.7849e+00 -9.4624e+00  5.9931e+00 -1.2923e+01  1.7101e+01  1.0000e+00
 2.8893e+00 -6.5106e+00  1.3407e+00  1.0510e+01 -2.7293e+01  4.9999e+00  2.9671e+01  1.0000e+00
 1.5900e+01 -4.0904e+00 -1.5327e+01  7.5335e+01 -1.9859e+01 -7.2702e+01  1.0656e+02  1.0000e+00
 4.5813e-01 -9.8132e+00 -1.2951e+01  2.1856e+00 -4.2327e+01 -5.5814e+01  7.0083e+01  1.0000e+00
-1.3133e-01  5.6599e-01  3.8491e-01  2.6071e+00 -1.9812e+00 -2.3930e+01  2.4153e+01  1.0000e+00
-3.1968e-01  5.7375e-01  2.7253e-01 -1.2754e+01 -1.1275e+01  4.3740e+00  1.7576e+01  1.0000e+00
-2.6842e-01  3.7238e-01  2.6288e-01 -3.3575e+00  2.3332e+01  2.0110e+01  3.0985e+01  1.0000e+00
-5.7119e-02  3.7562e-01 -3.1167e-01 -2.0075e+00 -5.5719e+00  4.3913e+00  7.3729e+00  1.0000e+00
 1.3892e-01  5.2694e-01 -4.5377e-01  3.9684e+00 -6.3956e+00  2.8854e+00  8.0609e+00  1.0000e+00
-4.2757e-02  3.9336e-01  2.0392e-01  7.9477e+00 -5.4091e+00 -2.0153e+01  2.2328e+01  1.0000e+00
-2.9035e-01  2.8765e-01 -3.0169e-01 -1.0294e+01 -3.5315e+00  1.0896e+01  1.5400e+01  1.0000e+00
 5.9638e-01 -1.2561e-01  9.3958e-02 -1.7115e+01  2.1053e+00  7.2422e+00  1.8703e+01  1.0000e+00
-6.9694e+00  1.3339e+01 -1.7128e+01 -2.8575e+01  5.4765e+01 -6.8050e+01  9.1905e+01  1.0000e+00
-7.1900e-01  2.2637e-01 -7.6894e-01  5.8476e-02  1.4822e+00 -7.1488e-02  1.4850e+00  1.0000e+00
 5.3095e+00 -1.2772e+00  4.4226e+00  2.0506e+01 -4.3209e+00  1.7332e+01  2.7195e+01  1.0000e+00
 3.4253e+00  3.0584e+00  9.5638e-02  1.0940e+01  1.0285e+01  2.1179e+00  1.5164e+01  1.0000e+00
 1.4219e-02  4.2768e-01  3.7321e-01  3.3735e+01  4.2842e-01 -2.5435e+00  3.3833e+01  1.0000e+00
-4.1714e-01  3.1548e-01  1.9398e-01 -3.9850e+00  5.4294e+00 -7.6265e+00  1.0175e+01  1.0000e+00
 9.6689e-01 -3.0192e+00  9.5784e+00  4.3306e+00 -1.2233e+01  4.0288e+01  4.2326e+01  1.0000e+00
 9.1356e+00  4.4524e+00  7.0075e-01  3.9318e+01  1.9004e+01  3.1878e+00  4.3786e+01  1.0000e+00
 4.1579e-01 -6.1816e+00  8.9894e-01  3.2357e+00 -2.4920e+01  4.4678e+00  2.5523e+01  1.0000e+00
-2.2436e-01  5.4086e-01  3.1828e-01 -1.6420e+01  5.7200e+00 -1.3842e+01  2.2225e+01  1.0000e+00
 1.8152e+00 -2.0490e+00 -5.2046e-01  5.1369e+00 -1.8776e+00  7.1479e-01  5.5158e+00  1.0000e+00
 4.7201e+00 -1.7930e+00  2.0128e+00  1.6555e+01 -6.6074e+00  7.4696e+00  1.9326e+01  1.0000e+00
-9.7631e-01  5.7029e-01  3.8061e-01  6.2299e+00 -1.1243e+00  9.4036e+00  1.1336e+01  1.0000e+00
-3.2704e-01  6.0126e-01  4.5107e-01  1.0183e+01 -6.5394e+00 -2.2629e+01  2.5662e+01  1.0000e+00
-1.4504e-01  3.8294e-01  2.2479e-01 -2.1321e+01  1.8009e+01 -1.7974e+01  3.3196e+01  1.0000e+00
-1.6897e+00 -2.6192e+00  2.5634e+00 -4.6649e+00 -7.8058e+00  7.7280e+00  1.1934e+01  1.0000e+00
-5.8318e-02  1.3626e-01 -1.5340e-01 -4.0166e+00  8.7221e+00  4.7735e+00  1.0724e+01  1.0000e+00
-2.0428e-01  4.7083e-01  1.4577e-02 -1.0312e+01  1.2581e+01 -1.8036e+01  2.4288e+01  1.0000e+00
-5.6580e-01  4.1719e-01  2.8588e-01  2.2208e+00 -6.8888e+00  2.2045e+01  2.3202e+01  1.0000e+00
-2.1816e-01  2.2315e-01 -1.4242e-01 -1.0444e+01 -6.9777e+00 -1.8377e+00  1.2694e+01  1.0000e+00
-1.4268e-01  6.2774e-01  9.4122e-02  1.9794e+00  5.7110e+00 -1.1759e+01  1.3222e+01  1.0000e+00
 2.1007e-01  4.5386e-02 -1.8611e-02  1.3522e+00  3.6674e+00  5.0691e+00  6.4011e+00  1.0000e+00
 2.4796e+00 -1.1940e+00  6.9989e+00  9.3258e+00 -5.5211e+00  2.8755e+01  3.0729e+01  1.0000e+00
-1.1357e-01  3.3375e-01  2.1153e-01 -5.2976e-01 -9.1326e+00 -1.0636e+01  1.4029e+01  1.0000e+00
-1.6828e-01  9.5855e-01  9.6703e-03 -1.8028e+00  3.7384e+00  4.4014e+00  6.0497e+00  1.0000e+00
 3.7565e+00  3.0123e-01 -1.8337e+00  2.0456e+01  2.1045e+00 -9.9077e+00  2.2826e+01  1.0000e+00
-6.6883e-02  2.2361e-02  2.3741e-01 -6.5271e+00  5.1562e+00  8.4006e+00  1.1822e+01  1.0000e+00
 2.0734e+00 -6.5323e-01  6.9016e-01 -3.3912e-01 -7.1185e-01  7.3968e-01  1.0811e+00  1.0000e+00
-2.3786e-01  5.8682e-01 -2.2722e-01 -3.4536e+00  1.0756e+01 -1.3080e+01  1.7283e+01  1.0000e+00
-1.4107e-01  7.2704e-01  2.0594e-01  9.6872e+00  2.6452e+00 -1.4700e+01  1.7802e+01  1.0000e+00
-6.6441e-02  5.5953e-01  2.0336e-01  1.8615e+01 -1.2642e+01  8.7252e+00  2.4134e+01  1.0000e+00
 1.3405e-01  4.5157e-01  4.6086e-01  7.1019e+00  6.0944e+00  6.9152e+00  1.1636e+01  1.0000e+00
-3.5115e-01  8.1914e-01  1.9219e-01 -1.0920e+01  2.6285e+01  7.1298e+00  2.9343e+01  1.0000e+00
 8.2979e+00  1.0203e+00  1.5588e+00  3.4674e+01  3.7305e+00  6.1745e+00  3.5417e+01  1.0000e+00
-3.3057e-01  4.5170e-01  1.1533e-01  5.6566e-01  7.0134e+00 -5.0245e+00  8.6460e+00  1.0000e+00
-5.0249e-01  8.5212e-01  9.9066e-02  6.0977e+00 -1.3412e+01  8.3437e+00  1.6931e+01  1.0000e+00
 3.4769e-01  5.3499e-01 -1.4512e-01 -1.1626e+01  5.2624e+00  1.1735e+01  1.7337e+01  1.0000e+00
-2.4619e-01  5.7028e-01  1.0400e-01 -1.3856e+01 -1.9655e+01  1.4236e+01  2.7946e+01  1.0000e+00
-2.0270e-01  3.5628e-01  1.9110e-01  4.2960e-01 -1.3772e+01  5.1930e+00  1.4724e+01  1.0000e+00
-1.5863e-01  8.0861e-01  5.2660e-02  2.5812e+00 -6.3960e-01 -1.5449e+01  1.5676e+01  1.0000e+00
-6.2733e-01  1.5642e+00  6.5517e-02 -3.6345e+00  1.0255e+01 -4.7026e+00  1.1852e+01  1.0000e+00
 9.7764e+00 -4.8114e+00 -1.1589e+00  4.1999e+01 -1.9799e+01 -4.7921e+00  4.6678e+01  1.0000e+00
-5.9511e+00 -3.7690e+00 -2.4029e+00 -2.4243e+01 -1.4611e+01 -9.0637e+00  2.9721e+01  1.0000e+00
-1.9700e-02  2.8257e-01  1.8264e-01 -9.9694e+00 -1.4034e+01 -3.9850e+00  1.7670e+01  1.0000e+00
 3.3780e+00  1.0393e+00  2.3034e+00  3.3773e+01  7.2557e+00  2.1546e+01  4.0713e+01  1.0000e+00
 1.3793e+00 -6.5697e-01 -9.8165e-01  6.7750e-02  8.4234e-01  1.9839e+00  2.1564e+00  1.0000e+00
 2.6455e+00  1.9969e+00  3.2393e+00  7.6430e+00  7.4995e+00  1.0207e+01  1.4793e+01  1.0000e+00
-2.6362e-01  4.6956e-01  4.9926e-02  1.3266e+01  1.5456e+01  2.9965e+00  2.0588e+01  1.0000e+00
-4.5673e-02  3.0539e-01  2.9725e-01  4.8837e-01 -1.3882e+01  1.2235e+01  1.8511e+01  1.0000e+00
-6.4619e-01  8.3214e-01  5.5854e-01 -5.9708e+00  6.7094e+00  9.4702e+00  1.3052e+01  1.0000e+00
 1.8452e+00 -1.2084e+00  1.7625e+00  2.0965e-01 -2.5807e+00  3.6642e+00  4.4867e+00  1.0000e+00
 1.3699e+01  3.8485e+00 -1.3565e+01  2.2220e+02  5.5320e+01 -2.1509e+02  3.1416e+02  1.0000e+00
-4.6725e-01  3.4996e-01  2.0607e-01  9.2445e+00 -1.9946e+01 -7.2762e+00  2.3157e+01  1.0000e+00
 1.8744e+00 -1.0785e+00  1.7775e+00  4.0855e+00  5.8865e-01  1.9697e+00  4.5736e+00  1.0000e+00
 1.6752e-01  5.9952e-01  3.9289e-01 -2.3064e+00 -3.0299e+00  7.8670e+00  8.7401e+00  1.0000e+00
 6.1805e-01 -4.6579e-02 -5.6512e-02  7.5861e+00  4.1093e-02 -4.4181e+00  8.7790e+00  1.0000e+00
 4.6293e-01  1.9276e-01  3.4739e-01  9.4618e-01  7.4726e+00  8.4790e+00  1.1341e+01  1.0000e+00
 2.2415e-01  6.1515e-02  1.3703e-01  2.5750e+01 -1.5256e+01 -4.8448e+00  3.0320e+01  1.0000e+00
-2.3221e-01  4.8432e-01  1.9411e-01 -1.5352e+01 -3.5702e+00 -9.8698e+00  1.8597e+01  1.0000e+00
-1.0135e-01  5.9149e-01  9.3145e-02  6.0371e+00 -1.9091e+00 -1.1882e+01  1.3464e+01  1.0000e+00
-3.2889e+00 -4.8811e+00 -5.4476e+00 -1.3416e+01 -1.9425e+01 -2.1887e+01  3.2193e+01  1.0000e+00
 7.7749e-01 -1.6908e+00 -7.3028e+00  2.9159e+00 -5.6890e+00 -2.4427e+01  2.5250e+01  1.0000e+00
-2.1525e-02  2.7976e+00 -1.6110e+00  4.9257e+00  7.9456e+00 -3.8930e+00  1.0127e+01  1.0000e+00
-2.0287e-01  3.5926e-01  7.8808e-02  1.3605e+01  1.8214e+00  2.7510e+00  1.3999e+01  1.0000e+00
-3.6127e-02  2.8480e-01  1.3743e-01  2.4390e+01 -1.7373e+00 -9.4341e+00  2.6209e+01  1.0000e+00
 1.8502e+00 -1.0199e+00 -2.2350e-01  9.6959e-01  2.0408e+00  2.2234e-01  2.2703e+00  1.0000e+00
-4.8641e-01  5.8917e-01  2.1848e-01 -2.8525e+01  9.3354e+00  8.2420e+00  3.1125e+01  1.0000e+00
 8.2632e+00  3.0251e+00 -1.8934e-01  3.4057e+01  1.3497e+01 -9.7893e-01  3.6647e+01  1.0000e+00
-1.1613e-01  4.3657e-01  1.1151e-01 -2.1552e+01  1.4528e+01  9.3772e-02  2.5991e+01  1.0000e+00
 6.1314e+00  3.1317e-01  6.8827e+00  2.5304e+01  1.5606e+00  2.8383e+01  3.8057e+01  1.0000e+00
-2.0990e-01  6.9505e-01  4.3665e-01 -2.1618e+00 -2.3698e+00 -4.5268e+00  5.5481e+00  1.0000e+00
-6.5778e-01  2.8999e-01  3.4921e-01 -4.2229e+00  2.2418e+01 -5.6725e+00  2.3507e+01  1.0000e+00
-9.8314e+00  1.9850e+00  2.2163e+00 -4.1761e+01  9.1152e+00  9.5947e+00  4.3807e+01  1.0000e+00
-8.5179e-01  1.8113e+00  2.6783e-01  2.7959e-01 -6.5875e+00  3.2366e+00  7.3450e+00  1.0000e+00
 2.1331e+00 -3.5921e+00  6.3639e+00  8.3257e+00 -1.4467e+01  2.5353e+01  3.0354e+01  1.0000e+00
 2.5064e+00 -2.5246e+00  5.2482e+00  9.1923e+00 -9.7420e+00  2.0286e+01  2.4309e+01  1.0000e+00
 4.3427e+00 -5.1434e+00 -1.9639e+00  1.6232e+01 -2.0037e+01 -7.3017e+00  2.6801e+01  1.0000e+00
 2.5858e+00 -1.5561e+00  5.3815e-01  5.6059e+00 -1.6678e+00  1.0042e+00  5.9343e+00  1.0000e+00
-5.2846e-01  6.4464e-01 -5.1791e-02 -2.4368e+00  7.4999e+00 -1.2382e+01  1.4680e+01  1.0000e+00
-4.6027e-01  4.0402e-01  8.8557e-01  4.1897e-01  8.4784e+00  1.1539e+01  1.4325e+01  1.0000e+00
-5.5536e-02  2.6071e-01  1.2673e-01 -1.1093e+01 -4.7362e+00  7.6482e+00  1.4282e+01  1.0000e+00
 2.9415e-02  1.2148e-01  2.6082e-01 -4.9082e+00  8.2862e+00  7.0398e+00  1.1929e+01  1.0000e+00
-1.8009e-01  4.3800e-01  2.8847e-01  2.2396e+01 -1.8990e+01 -3.3408e-01  2.9365e+01  1.0000e+00
-5.3086e-01  3.5805e-01 -2.1172e-02  4.9200e+00 -6.5481e+00 -1.8858e+01  2.0560e+01  1.0000e+00
 1.3273e-02  8.7442e-01  2.6458e-01 -3.0222e+00 -2.3341e+00  1.4888e+00  4.0986e+00  1.0000e+00
-1.2830e+01  5.2654e+00  4.7520e+00 -5.5230e+01  2.3093e+01  2.1307e+01  6.3542e+01  1.0000e+00
-3.7088e-01  3.2050e-01  2.1354e-01  2.1331e+01  1.2975e+01  3.9051e+00  2.5271e+01  1.0000e+00
 1.6015e-02  2.7276e-01  1.0783e-01 -2.4471e+01  8.2238e+00  6.4231e-01  2.5824e+01  1.0000e+00
-5.0622e-01  6.1759e-01  7.0078e-02 -1.4082e+01  7.9168e+00 -1.1058e+01  1.9577e+01  1.0000e+00
 4.9195e+00 -4.3194e+00 -1.8521e+00  2.0225e+01 -1.6753e+01 -6.3810e+00  2.7026e+01  1.0000e+00
-2.4020e-01  4.6726e-01  2.1257e-01 -3.1263e+01 -3.0476e+00 -2.2486e+01  3.8630e+01  1.0000e+00
 3.3569e+00 -2.9491e+00  7.1389e+00  1.3373e+01 -1.1427e+01  3.0092e+01  3.4856e+01  1.0000e+00
-1.7973e-01  2.9758e-01  4.0859e-02  4.0254e+00  3.2908e+00  9.7106e+00  1.1015e+01  1.0000e+00
-1.1350e+00 -1.4767e+00 -6.1925e+00 -5.3880e+00 -5.1707e+00 -2.4022e+01  2.5156e+01  1.0000e+00
 1.9056e+00 -1.2204e+00  8.9850e-01  7.3401e-01 -6.9918e-01  1.0359e+00  1.4494e+00  1.0000e+00
-2.6542e-02  3.0701e-01  6.9418e-02  2.0332e+01 -2.0416e+00 -1.8406e+01  2.7502e+01  1.0000e+00
-1.6915e-01  3.2658e-01  7.2654e-03  1.7306e+01 -6.2820e-01 -1.6320e+01  2.3796e+01  1.0000e+00
-1.2725e+00  9.4422e-01  3.4320e-01  3.3788e+00 -3.4944e+00  1.2515e+00  5.0193e+00  1.0000e+00
-5.5095e-02  2.0096e-01 -2.9205e-01  1.7228e+00 -1.7580e+01  1.7372e+01  2.4776e+01  1.0000e+00
-5.5910e-02  2.5043e-01  2.1359e-01  2.3118e+01 -1.8934e+01 -1.5350e+00  2.9921e+01  1.0000e+00
-3.9046e-02  5.9593e-01 -2.2411e-01  9.1439e+00  7.6283e+00 -6.6427e+00  1.3636e+01  1.0000e+00
 2.5564e+00 -1.6308e+00  7.7175e-01  3.0477e+00 -5.0688e-01  4.1207e+00  5.1503e+00  1.0000e+00
-1.0240e+00 -2.7597e+00  6.5575e+00 -4.2377e+00 -1.1974e+01  2.6757e+01  2.9619e+01  1.0000e+00
 4.8928e-01  2.6837e-01  3.8685e-01  1.9172e+00 -2.7785e+00  5.2391e-01  3.4162e+00  1.0000e+00
-1.3590e-01  5.4432e-01  7.5752e-02 -1.7393e+01 -1.4003e+01 -1.0229e+01  2.4561e+01  1.0000e+00
-9.1978e+00  1.4182e+00 -2.7918e+00 -3.6180e+01  8.6605e+00 -9.6093e+00  3.8423e+01  1.0000e+00
 3.8464e-03  5.2891e-01  2.9284e-01  1.3653e+00 -2.5465e+00 -2.0058e+01  2.0265e+01  1.0000e+00
-2.6859e-01  4.1392e-01  3.4377e-01  9.5387e+00 -9.2526e+00 -7.6780e+00  1.5348e+01  1.0000e+00
 6.3155e-03  1.9216e-01  2.8111e-01 -1.4966e+01  9.4309e+00  2.7020e+00  1.7894e+01  1.0000e+00
-3.2812e+00 -1.2401e+01 -1.3674e+01 -1.4980e+01 -4.4860e+01 -5.2375e+01  7.0569e+01  1.0000e+00
 8.5308e+00 -7.5629e+00  2.1577e+00  3.5844e+01 -3.1572e+01  8.8480e+00  4.8578e+01  1.0000e+00
-1.6503e-01  3.5446e-01  1.1154e-01  3.8953e-01  8.8816e+00  3.6730e+01  3.7790e+01  1.0000e+00
 8.6142e-01 -3.1797e-01 -1.7638e+00  2.2582e-01  1.7695e+00  1.6586e+00  2.4358e+00  1.0000e+00
 8.5769e-02  3.1161e-01  3.4673e-01 -8.5940e+00 -1.1303e+01  1.9317e+01  2.3974e+01  1.0000e+00
 7.7028e-01 -9.0809e-01 -1.8415e+00  1.9588e+00  2.0578e+00 -6.0564e-01  2.9049e+00  1.0000e+00
-3.3278e-01  6.1797e-01 -8.0969e-02  1.7261e+01 -2.2558e+01  7.8404e+00  2.9466e+01  1.0000e+00
-1.4762e-01  4.9481e-01  2.8092e-01 -1.6542e+01  2.9479e+01  4.1579e+00  3.4058e+01  1.0000e+00
-4.7057e+00  7.2001e+00 -3.9697e+00 -1.9585e+01  3.0977e+01 -1.6199e+01  4.0070e+01  1.0000e+00
-2.8534e-01  4.2496e-01  1.3382e-01 -7.3159e+00 -1.9031e+01  1.0594e+01  2.2977e+01  1.0000e+00
-1.4254e+00  3.7042e-01 -2.9723e-01  4.0118e+00  1.4093e+00  6.9535e+00  8.1506e+00  1.0000e+00
-1.7777e-01  5.7764e-01  1.1956e-01  3.0933e+01  8.8237e+00 -2.4531e+00  3.2260e+01  1.0000e+00
-3.7794e-01  4.9204e-01 -2.7093e-02 -1.3549e+00  5.3407e+00  1.1781e+01  1.3006e+01  1.0000e+00
-2.0961e-01  7.1157e-01 -4.4483e-02 -1.1014e+01  5.4076e+00 -7.1184e+00  1.4185e+01  1.0000e+00
-3.4794e-01  4.3249e-01  3.3960e-01 -4.2587e+00 -1.0476e+01  6.7774e+00  1.3184e+01  1.0000e+00
 2.0714e-01  3.9267e-01  3.4457e-01 -1.1907e+01  1.6441e+01 -3.1883e+00  2.0548e+01  1.0000e+00
 1.3808e-01  3.8247e-01  7.4732e-02  8.3919e+00 -1.3213e+01  4.6285e+00  1.6322e+01  1.0000e+00
-3.3098e-01  3.9794e-01  8.8473e-02 -2.6158e+01  4.6771e+00 -1.4958e+00  2.6615e+01  1.0000e+00
-4.0596e-01  3.4980e-01  1.7947e-01 -1.8316e+01 -4.7299e-01 -2.5253e+01  3.1200e+01  1.0000e+00
 2.3525e+00 -3.8020e+00  6.2129e+00  8.8762e+00 -1.3671e+01  2.5924e+01  3.0622e+01  1.0000e+00
-3.9592e-01  5.3983e-01  3.9268e-02  1.7564e+00 -9.3988e+00  1.6928e+01  1.9442e+01  1.0000e+00
 1.6669e+01 -1.1462e+01 -2.3727e+01  6.9269e+01 -4.7273e+01 -9.5457e+01  1.2706e+02  1.0000e+00
-9.9654e-02  5.4436e-01  5.6475e-02  6.8975e+00 -1.6313e+01 -2.2017e+01  2.8257e+01  1.0000e+00
-1.2006e+00  1.9386e+00  2.1597e+00 -3.5652e+00  7.4280e+00  3.8476e+00  9.0934e+00  1.0000e+00
 4.4397e+00 -1.6416e+00 -1.2624e+00  1.8759e+01 -4.4683e+00 -3.3963e+00  1.9580e+01  1.0000e+00
 4.8330e-03  4.3288e-01  2.3504e-01 -1.6754e+01  5.0860e+00  2.4446e+00  1.7679e+01  1.0000e+00
-5.8642e-01  4.6413e-02  7.3795e-01 -2.3472e+00 -1.5117e+01  1.4189e+01  2.0866e+01  1.0000e+00
-3.8340e-01  5.4052e-01  4.5590e-02  1.8757e+01  1.4463e+01 -7.7708e+00  2.4928e+01  1.0000e+00
-3.0826e-01  4.2332e-01  7.8428e-02  1.6312e+01  1.4908e+01  3.3549e+00  2.2351e+01  1.0000e+00
-2.1747e-01  5.2440e-01  1.8097e-01 -2.2946e+00 -3.2946e+00 -1.3125e+01  1.3726e+01  1.0000e+00
 3.4377e-01  1.0579e-01  2.4473e-01  1.8553e+01 -7.1960e+00 -3.0710e+00  2.0135e+01  1.0000e+00
 1.8182e-01  7.9415e-01  4.3789e-02  1.2661e+01  1.5546e+01  1.3217e+00  2.0093e+01  1.0000e+00
-8.7578e-01  7.5672e-01  5.7693e-01 -7.0583e+00  1.2271e+01  1.3837e+01  1.9795e+01  1.0000e+00
 4.2395e-01 -3.4419e+00  6.1433e+00  1.6059e+00 -1.3760e+01  2.4143e+01  2.7835e+01  1.0000e+00
-5.0772e+00  4.1676e+00 -3.1429e+00 -5.8653e+01  4.4723e+01 -3.7618e+01  8.2798e+01  1.0000e+00
 1.0635e-01  9.9637e-01 -3.5842e-01 -3.6762e+00  1.6397e+00 -4.5495e+00  6.0746e+00  1.0000e+00
 1.7823e-01  2.6224e-01  4.3263e-01  1.6405e+01 -1.3082e+01  1.1623e+01  2.3986e+01  1.0000e+00
-1.0580e-01  3.9626e-01  3.0185e-01  1.9869e+01  1.2361e+01 -2.3863e+00  2.3522e+01  1.0000e+00
-4.5048e-01  1.4740e-02  3.4513e-01  1.3781e+01  1.5352e+01 -8.5441e-01  2.0648e+01  1.0000e+00
 2.5106e-01  7.0956e-01  3.8735e-01  1.6210e+01  5.5980e+00  6.8246e+00  1.8457e+01  1.0000e+00
-4.3694e-01  7.4159e-01  4.2186e-01 -2.0062e+01  8.4722e+00  1.0940e+01  2.4371e+01  1.0000e+00
-5.8514e+00  4.9097e+00 -1.6507e+00 -2.3218e+01  1.9607e+01 -6.4441e+00  3.1065e+01  1.0000e+00
 3.3327e+00 -2.5776e+00 -1.0193e+01  1.4293e+01 -1.1266e+01 -4.3735e+01  4.7370e+01  1.0000e+00
-2.2752e-01  6.8355e-01  3.9716e-01 -2.4794e+00  1.9139e+01 -4.2533e+00  1.9762e+01  1.0000e+00
-3.5862e-01 -6.8971e+00 -4.9145e+00  2.9928e-01 -2.7922e+01 -1.9692e+01  3.4169e+01  1.0000e+00
-2.4066e+00  2.2523e+00 -9.7205e+00 -1.0692e+01  1.0133e+01 -4.1180e+01  4.3735e+01  1.0000e+00
 1.2656e+00 -6.0777e+00  3.3754e-02  4.8218e+00 -2.4469e+01  2.3112e-01  2.4941e+01  1.0000e+00
 1.9508e-01  1.0941e+00  4.2652e-02  1.1730e+01  1.3055e+01 -9.0760e-01  1.7574e+01  1.0000e+00
-1.1652e+00 -1.4049e+00 -6.7465e+00 -4.7498e+00 -6.4585e+00 -2.6171e+01  2.7371e+01  1.0000e+00
 1.9033e-02  9.2398e-01  5.8663e-01  9.8790e+00  1.9311e+01  1.9410e+01  2.9108e+01  1.0000e+00
-3.7149e-02  9.9499e-02  2.1907e-01  1.2784e+00  2.3032e+00  1.3778e+01  1.4027e+01  1.0000e+00
 2.6403e+00  2.0587e+00  3.8448e+00  1.9110e+01  1.0585e+01  2.6174e+01  3.4093e+01  1.0000e+00
-4.5453e-01  5.9351e-01 -4.4657e-02  1.5588e+00 -2.7905e+00  3.5917e+00  4.8080e+00  1.0000e+00
 3.9404e+00 -5.2062e+00 -2.0822e+00  1.6846e+01 -1.9845e+01 -8.1756e+00  2.7285e+01  1.0000e+00
 5.3287e-02  7.2697e-01  1.0301e-01 -1.6032e+00  3.9930e+00  6.1923e-01  4.3472e+00  1.0000e+00
-5.5715e-01  3.8114e-01  6.1506e-02  1.2205e+01  3.2793e+00 -1.1774e+00  1.2693e+01  1.0000e+00
-6.9750e+00 -3.1700e+00 -2.2528e+00 -2.8346e+01 -1.2680e+01 -8.6935e+00  3.2247e+01  1.0000e+00
 3.8684e+00  1.8392e+00  3.4561e+00  1.4105e+01  8.2686e+00  1.4829e+01  2.2073e+01  1.0000e+00
-3.3048e-01  5.2976e-01  8.2666e-02 -6.8955e-01  7.6513e+00 -2.6349e+01  2.7446e+01  1.0000e+00
 2.6591e+00 -8.8914e+00 -6.9763e-01  1.1676e+01 -3.7597e+01 -2.9761e+00  3.9481e+01  1.0000e+00
-2.2662e-01  4.1311e-01  1.4283e-01  2.8883e+01 -5.6493e+00  1.2287e+00  2.9456e+01  1.0000e+00
-1.2005e+01 -1.0996e+00  1.7751e+01 -5.7056e+01 -5.5926e+00  8.4169e+01  1.0184e+02  1.0000e+00
 5.0587e+00 -8.8777e+00 -7.1768e+00  2.2222e+01 -3.8079e+01 -3.1014e+01  5.3904e+01  1.0000e+00
 2.5779e-01  2.5385e-01  2.1105e-02 -1.5345e+01  6.6464e+00  8.5648e-01  1.6744e+01  1.0000e+00
 4.0313e-01 -3.4969e-02  4.8615e-01  4.4780e+00 -8.1615e+00  4.0247e-01  9.3180e+00  1.0000e+00
-1.7038e-01  7.6391e-01 -6.1085e-02  1.2352e+01  1.4043e+00  8.8459e+00  1.5257e+01  1.0000e+00
-3.3934e+00 -9.7755e-01 -2.5836e+00 -1.2023e+01 -2.3693e+00 -8.7249e+00  1.5043e+01  1.0000e+00
-2.3562e-01  4.9883e-01  1.9580e-01  2.4059e+01 -5.6575e+00  7.2448e+00  2.5756e+01  1.0000e+00
-2.4335e-01  2.8507e-01  2.7075e-02 -2.1114e+01  2.8974e+00  2.5251e+00  2.1461e+01  1.0000e+00
-9.0723e-02 -6.8705e+00 -4.8666e+00 -1.1770e+00 -2.7222e+01 -1.9825e+01  3.3696e+01  1.0000e+00
-2.7376e-01  4.7330e-01  2.0020e-01 -6.5958e+00  2.2371e+01 -3.9376e+00  2.3653e+01  1.0000e+00
-2.4407e-01  4.1805e-01  4.5423e-01  7.3628e+00  8.3391e+00 -7.0358e+00  1.3163e+01  1.0000e+00
-9.9010e-02  6.1337e-01  9.6635e-02 -1.4413e+00  1.1861e+01  4.1861e+00  1.2660e+01  1.0000e+00
 2.0337e-01  3.7500e-01  1.1540e+00 -7.8643e+00  7.2207e-01 -1.1899e+01  1.4281e+01  1.0000e+00
-2.0126e-01  2.4659e-01  1.2581e-01 -1.9740e+01  3.7199e+00  4.4014e-01  2.0092e+01  1.0000e+00
-1.3618e+01 -1.5871e+01  7.2898e+00 -5.1467e+01 -6.2712e+01  2.9600e+01  8.6358e+01  1.0000e+00
-1.1744e-01  1.9212e-01  4.8065e-02  1.2024e+01 -7.7263e+00  1.1145e+01  1.8124e+01  1.0000e+00
-6.0369e-01  1.0244e+00 -4.7790e-01 -1.1980e+01  1.8770e+01 -1.1762e+01  2.5182e+01  1.0000e+00
-1.5104e-01  3.2467e-01  1.6159e-01  1.7518e+00  1.3555e+01 -2.2562e+01  2.6379e+01  1.0000e+00
 8.5263e-03  6.9451e-01  4.2931e-02  1.3600e+01 -6.1458e+00  7.8571e+00  1.6866e+01  1.0000e+00
 4.6734e-01  2.3566e-01 -8.9596e-02 -2.6683e+00  7.7985e+00  5.3461e+00  9.8244e+00  1.0000e+00
 4.2156e-01  8.9765e-01  1.9248e-02  1.3054e+01  4.1954e+00 -1.7423e+00  1.3822e+01  1.0000e+00
-5.8344e-01  6.1500e-02 -1.8394e-01 -3.4200e+00 -2.9414e+00 -1.0914e+01  1.1810e+01  1.0000e+00
-3.2013e-02 -6.0626e+00  2.9784e+00 -2.6003e-01 -2.4515e+01  1.1520e+01  2.7088e+01  1.0000e+00
-7.5573e+00 -4.6727e+00 -2.7675e+00 -3.3381e+01 -2.0170e+01 -1.3251e+01  4.1191e+01  1.0000e+00
-7.9592e-01 -1.3797e+00 -4.5341e-01 -7.5706e+00  8.8011e-01 -1.9129e+00  7.8580e+00  1.0000e+00
-4.5393e-01  7.0570e-01 -4.8759e-02  3.4590e+00 -5.4925e-02 -1.6819e+01  1.7171e+01  1.0000e+00
 9.6913e+00 -3.5095e+00 -6.2416e-01  4.1279e+01 -1.4647e+01 -2.2953e+00  4.3861e+01  1.0000e+00
 5.2606e-01  6.0056e-01 -2.5112e-01 -4.0803e+00  1.5713e+01 -9.7274e+00  1.8926e+01  1.0000e+00
 1.0260e+02 -1.2732e+02  8.3912e+01  3.8386e+02 -4.7418e+02  3.0947e+02  6.8408e+02  1.0000e+00
-7.1642e-01  2.3409e-01 -1.5499e-01 -2.5237e+00  1.2769e+01 -1.6736e+00  1.3123e+01  1.0000e+00
-2.5491e-01  5.8960e-01 -2.1412e-01 -9.5869e+00 -1.0379e+01  1.7208e+01  2.2266e+01  1.0000e+00
-1.0079e-01  4.2150e-01  2.5524e-01  2.5330e+00  5.5611e+00  3.1409e+00  6.8708e+00  1.0000e+00
 5.6348e+00  4.6125e+00  3.4369e-01  2.2383e+01  1.7925e+01  1.9363e+00  2.8741e+01  1.0000e+00
-3.7740e+00 -1.1178e+00  1.8319e+00 -2.0911e+01 -5.1105e+00  1.1521e+01  2.4416e+01  1.0000e+00
 1.4086e+00 -7.5649e+00  4.8696e-01  5.4158e+00 -3.0499e+01  1.2806e+00  3.1002e+01  1.0000e+00
-6.4725e-02  5.6612e-01  4.2114e-01 -1.7580e+01 -6.3921e+00 -9.6479e+00  2.1048e+01  1.0000e+00
 4.1055e-01  3.6149e+00 -5.4825e+00  1.4104e+00  1.3954e+01 -2.1962e+01  2.6058e+01  1.0000e+00
-1.1155e+01  3.7501e+00  4.1047e+00 -6.8865e+01  2.3150e+01  2.5096e+01  7.6865e+01  1.0000e+00
-2.0268e-01  4.5613e-01  7.9415e-02 -1.2282e+01  2.5470e+01  4.6810e+00  2.8661e+01  1.0000e+00
 8.4912e-02  1.2078e+00  7.4384e-02 -2.8412e+00  1.3531e+01  5.3171e+00  1.4813e+01  1.0000e+00
-4.5439e-01  5.0879e-01 -9.1831e-02  1.7206e+01 -8.2670e+00  7.7747e+00  2.0611e+01  1.0000e+00
-6.2804e-01  2.5052e-01  4.5783e-01  1.1540e+01  1.5007e+01 -1.1036e+01  2.1914e+01  1.0000e+00
 7.5632e-01 -7.5225e+00  5.9679e+00  2.9880e+00 -3.1737e+01  2.5214e+01  4.0644e+01  1.0000e+00
 1.9446e+00 -3.5282e+00  1.5746e+00  2.4019e+01 -4.5136e+01  1.7650e+01  5.4090e+01  1.0000e+00
 2.4959e-01  4.9337e+00  5.8662e-01 -3.2853e+00  1.8439e+01  3.4031e+00  1.9036e+01  1.0000e+00
-4.2298e-01  3.6086e-01 -4.1319e-03  9.3414e+00  1.2017e+01 -9.0281e+00  1.7697e+01  1.0000e+00
 2.2317e+00 -1.1482e+00  4.9514e-01  2.3631e+00  4.7426e-01  6.6174e-01  2.4994e+00  1.0000e+00
-2.8349e-01  8.9238e-01  1.2155e-01 -1.2209e+01 -5.1944e-01  8.4048e+00  1.4831e+01  1.0000e+00
 4.2321e+00 -1.7235e+00  2.4097e+00  1.6060e+01 -4.3284e+00  8.5867e+00  1.8718e+01  1.0000e+00
-1.9326e-01  4.3165e-01  3.4427e-01  1.0507e+01 -1.3348e+01  3.0857e+01  3.5224e+01  1.0000e+00
-3.3833e-01  5.8607e-01  3.0027e-01  1.5694e+00 -3.3144e+00  1.4161e+01  1.4628e+01  1.0000e+00
-1.5051e-01  4.2368e-01  3.8266e-01  3.2339e+00 -8.4338e+00  2.5201e+00  9.3775e+00  1.0000e+00
-1.6903e+00 -1.4639e+00 -8.2558e+00 -6.5585e+00 -5.5521e+00 -3.3958e+01  3.5029e+01  1.0000e+00
-9.8325e-01 -4.4594e-01  2.0732e+00 -3.2369e+00 -2.5633e+00  1.1118e+01  1.1860e+01  1.0000e+00
 9.8438e+00 -2.8236e-01 -2.2510e+00  4.1848e+01 -7.5884e-01 -8.7417e+00  4.2758e+01  1.0000e+00
-5.0411e-02  1.8937e-01 -1.4674e-01  2.4294e+00 -1.3770e+01 -6.6956e-01  1.3998e+01  1.0000e+00
 3.3868e+00 -4.3007e-01  8.9283e+00  1.4848e+01 -2.5774e+00  3.8568e+01  4.1407e+01  1.0000e+00
-3.0369e-01  4.9909e-01  5.7581e-01  1.9396e-01  2.1441e+00  2.8355e+01  2.8437e+01  1.0000e+00
-7.1692e-01 -1.9220e-01  6.2310e-01 -8.6170e+00  5.7499e+00 -1.4267e+01  1.7631e+01  1.0000e+00
-4.1105e+00  6.9170e-01  6.5285e+00 -1.6072e+01  2.7267e+00  2.6590e+01  3.1190e+01  1.0000e+00
-1.8941e-01  4.4772e+00  4.3307e-02 -4.4261e+00  1.1631e+01 -1.1648e+00  1.2499e+01  1.0000e+00
-2.6720e-01  3.2806e-01  1.8218e-01 -1.1474e+01 -3.5537e+00  4.8283e+00  1.2946e+01  1.0000e+00
 7.6631e-01  1.6056e+01  1.0737e+01  2.8757e-01  6.3630e+01  4.0579e+01  7.5469e+01  1.0000e+00
-2.9156e+00  2.6313e+00 -1.3870e+00 -9.3553e+00  7.9542e+00 -2.2112e+00  1.2477e+01  1.0000e+00
 7.2994e-02  7.6458e-01 -3.2491e-01 -6.6217e+00  1.6210e+01 -4.3058e+00  1.8032e+01  1.0000e+00
 8.5610e-02  2.7456e-01 -8.3347e-01  4.7151e+00  7.2807e-01 -7.6666e+00  9.0299e+00  1.0000e+00
-1.8039e-01  3.7965e-01  1.9622e-01  7.6185e+00  2.6267e+01  3.2989e+01  4.2852e+01  1.0000e+00
-2.7468e-01  4.5318e-01  4.1827e-02  3.2145e+01  9.1694e+00 -1.6237e+00  3.3466e+01  1.0000e+00
-3.1328e-01  5.4864e-01  2.3463e-01  2.6328e+01  1.2813e+01  1.1895e+01  3.1604e+01  1.0000e+00
-2.2485e+00 -1.5052e-01  2.8212e+00 -4.4324e+00  5.1735e-01  7.3857e+00  8.6292e+00  1.0000e+00
-2.4252e-02  4.8274e-01  1.2755e-01  3.0015e+00 -1.0660e+01  5.4694e+00  1.2351e+01  1.0000e+00
-3.6136e+00  3.0615e+00  1.2614e+00 -2.8390e+01  2.3623e+01  7.5247e+00  3.7692e+01  1.0000e+00
-3.0533e-01  6.4380e-01  2.6584e-01 -4.1508e+00  3.0556e-01 -2.5808e+01  2.6142e+01  1.0000e+00
-1.6733e-01  5.4237e-01  2.6706e-01  1.0267e+01  1.7439e+00  3.9384e+00  1.1134e+01  1.0000e+00
-1.2350e-01  4.5528e-01  2.6894e-01 -1.1272e+01 -1.2279e+01  1.9269e+01  2.5478e+01  1.0000e+00
-2.4795e-01  3.0197e-01  3.3239e-01 -6.2028e+00 -1.0137e+01 -1.9036e+01  2.2441e+01  1.0000e+00
 3.3663e+00 -5.8576e+00 -2.8393e+00  1.3527e+01 -2.2483e+01 -1.1500e+01  2.8648e+01  1.0000e+00
-1.3217e+00  4.8837e-01  5.2987e-01 -8.0848e+00  5.7038e+00  3.7964e+00  1.0598e+01  1.0000e+00
 4.2322e+00  1.0542e+00 -1.0109e+01  1.8017e+01  5.3173e+00 -3.8558e+01  4.2891e+01  1.0000e+00
-7.7462e-01  4.2294e+00 -2.9826e+00 -2.7929e+00  1.5352e+01 -8.9593e+00  1.7993e+01  1.0000e+00
-8.4473e+00 -3.0861e+00  2.0190e+00 -3.6165e+01 -1.2399e+01  8.5962e+00  3.9186e+01  1.0000e+00
 1.0441e+01 -1.0243e+00 -4.3386e+00  4.5522e+01 -4.3356e+00 -1.8514e+01  4.9334e+01  1.0000e+00
 4.0173e+00 -2.2066e+01  1.3636e+01  1.7626e+01 -9.7780e+01  6.0786e+01  1.1648e+02  1.0000e+00
-2.8467e-01  4.7780e-01  2.2157e-01 -2.4997e+01  5.1184e+00  2.6486e+01  3.6777e+01  1.0000e+00
 9.8572e-02  1.7110e-01  2.4473e-01  3.7387e+00 -7.1028e+00 -1.1132e+01  1.3724e+01  1.0000e+00
 2.5122e-01  4.0663e-01  3.0547e-01  7.4588e+00 -3.0282e+00 -4.2025e+00  9.0810e+00  1.0000e+00
 4.1096e-01  1.9827e-01 -1.3485e-01 -1.0300e+01  1.2996e+01  5.2089e-01  1.6591e+01  1.0000e+00
-5.3610e+00 -2.9130e+00 -2.7329e+00 -2.1742e+01 -1.0073e+01 -1.1241e+01  2.6468e+01  1.0000e+00
-2.9884e-02  7.4651e-02  5.9843e-01  6.9956e+00  5.7442e+00  4.8123e+00  1.0252e+01  1.0000e+00
 5.7750e-01  8.1377e-01  2.3869e-01 -5.8330e+00  2.8874e+00  1.2600e+01  1.4181e+01  1.0000e+00
-2.9437e-01  3.7990e-01  1.3962e-01 -7.3161e+00 -9.5212e-01  1.0513e+01  1.2843e+01  1.0000e+00
-1.2816e-01  4.9410e-01  1.3957e-01  2.1105e+01  6.8578e+00 -1.1344e+01  2.4923e+01  1.0000e+00
 1.7289e+00 -2.0286e+00 -2.3435e+00  5.2773e+00 -4.0901e+00 -4.8252e+00  8.2378e+00  1.0000e+00
-2.9911e-01  4.6777e-01  4.8514e-02  2.0384e+01  8.9692e+00 -8.0111e+00  2.3667e+01  1.0000e+00
-2.2252e-01  4.5871e-01  2.2558e-01  9.2064e+00  1.7996e+01  2.0951e+01  2.9113e+01  1.0000e+00
 3.6718e+00 -4.2899e+00 -5.4748e+00  1.4642e+01 -1.7862e+01 -2.1529e+01  3.1574e+01  1.0000e+00
-2.7852e-01  4.1012e-01  4.1060e-01 -2.4968e+01 -4.3504e+00  7.9324e+00  2.6557e+01  1.0000e+00
-5.1786e-01  4.4539e-01  3.0283e-01 -4.3698e+00  5.3198e+00  5.5007e+00  8.8121e+00  1.0000e+00
 3.4465e-02  4.4528e-01  1.1409e-01  2.2243e+01 -6.8994e+00 -1.2491e+01  2.6427e+01  1.0000e+00
-5.1787e-01  1.3098e+00  1.2013e+00 -3.6259e+00 -2.4592e+00  7.8805e+00  9.0165e+00  1.0000e+00
-4.8872e-01  6.6455e-01  3.4697e-01 -4.6145e+00  7.8667e+00  5.7183e+00  1.0765e+01  1.0000e+00
-3.0007e-01  3.8930e-01  2.9592e-01 -8.9463e+00 -1.6286e+01 -1.0846e+01  2.1515e+01  1.0000e+00
 1.0463e+00 -6.7221e-01 -6.2038e-02 -3.3482e+00  7.1880e+00  2.8025e+00  8.4102e+00  1.0000e+00
-7.5213e+00  1.8415e+00  3.6664e+00 -6.0694e+01  1.4543e+01  2.9961e+01  6.9231e+01  1.0000e+00
-1.7265e-02  4.2890e-01  2.4558e-01 -1.0516e+00 -4.2337e+00 -1.5886e+01  1.6474e+01  1.0000e+00
 5.1938e+00  3.4730e+00 -5.9082e-01  1.9097e+01  1.4183e+01 -1.2220e+00  2.3818e+01  1.0000e+00
-5.1025e-02  5.7222e-01  1.3833e-01 -1.6512e+01  1.9234e+00  1.9071e-01  1.6625e+01  1.0000e+00
 1.2717e-01  4.2950e-01  9.2983e-02  4.4001e+00  1.5005e+01  8.2684e+00  1.7689e+01  1.0000e+00
-1.5251e-01  4.9647e-01  5.1208e-02 -2.0865e+01  1.2032e+01 -2.2020e+00  2.4186e+01  1.0000e+00
 7.8086e-01  5.0910e+00  8.2735e-02  4.6080e+00  1.7503e+01 -1.6039e+00  1.8170e+01  1.0000e+00
-1.0271e+02  1.2716e+02 -8.4558e+01 -3.7964e+02  4.7214e+02 -3.1702e+02  6.8377e+02  1.0000e+00
-8.8542e-01  4.6422e-01  6.2220e-02  1.2846e+01 -1.3961e+01 -2.9615e+00  1.9201e+01  1.0000e+00
-2.5225e-01  3.9374e-01  3.8736e-01  8.9898e+00 -6.2396e+00 -8.0849e+00  1.3606e+01  1.0000e+00
-5.8523e-01  9.8781e-01  2.4884e-02  1.4430e+01 -1.2972e+01  5.7895e+00  2.0249e+01  1.0000e+00
-3.1614e-01  4.3580e-01  2.0216e-01 -2.4635e+01  2.0308e+01 -1.0831e+01  3.3713e+01  1.0000e+00
-3.3155e-01  5.3299e-01  4.0843e-01  2.0385e+01  1.2415e+01  2.0561e+01  3.1503e+01  1.0000e+00
 3.4491e+00 -5.1349e+00 -4.8854e+00  1.1801e+01 -2.4153e+01 -1.8010e+01  3.2357e+01  1.0000e+00
 1.3914e+00 -3.9569e-01 -7.6134e-02  1.1807e+01 -2.3624e+00  9.5391e-01  1.2079e+01  1.0000e+00
-1.3911e+00  1.0087e-01  9.1283e-01 -8.6057e+00 -2.0218e+00  1.1181e+01  1.4254e+01  1.0000e+00
-6.3209e-02  5.1141e-01  6.3417e-01  7.5735e+00  1.1156e+00  1.0690e+01  1.3148e+01  1.0000e+00
-7.3797e+00  3.1202e-01  6.2255e+00 -3.1130e+01  2.2979e+00  2.6932e+01  4.1228e+01  1.0000e+00
 1.3156e-01  3.8577e-01  3.0249e-01 -6.4097e+00  1.4913e+01  2.2038e+01  2.7371e+01  1.0000e+00
-3.9174e-01  3.1977e-01  2.9744e-01 -6.8166e-01 -2.9240e+00  5.6486e+00  6.3969e+00  1.0000e+00
-4.9814e+00  4.4400e+00 -8.0086e+00 -2.1054e+01  1.9422e+01 -3.4017e+01  4.4470e+01  1.0000e+00
 8.4061e+00 -5.7982e+00  2.2896e+00  3.5623e+01 -2.4127e+01  9.9558e+00  4.4162e+01  1.0000e+00
 4.7313e+00 -2.8935e+00  5.1458e+00  1.8489e+01 -1.1405e+01  2.1099e+01  3.0283e+01  1.0000e+00
-7.3762e-02  4.5804e-01  2.5027e-01 -1.2990e+01  1.3790e+01  2.8243e+01  3.4008e+01  1.0000e+00
 1.2677e-02  4.8740e-01  1.6207e-01 -5.3074e+00  3.4402e-01 -8.6699e+00  1.0171e+01  1.0000e+00
-5.5476e-01  5.3239e-01  2.2911e-01  5.1898e+00  5.3583e+00 -1.7598e+00  7.6643e+00  1.0000e+00
-4.1387e+00  8.6550e-01  1.5273e+00 -1.3980e+01  1.2748e+00  4.0553e+00  1.4612e+01  1.0000e+00
-2.3608e-01  9.2013e-02  2.1808e-01 -8.9525e-01 -1.2798e+01  6.9227e+00  1.4578e+01  1.0000e+00
-3.6555e-01  3.4390e-01 -2.2392e-01  8.7609e+00 -6.5738e+00  5.2469e+00  1.2145e+01  1.0000e+00
 3.4010e-02  1.4657e-01  3.2500e-01 -6.6140e-01  1.7163e+01 -7.1295e+00  1.8596e+01  1.0000e+00
-2.5565e-01  7.8204e-01  1.0709e-03  2.9386e+00  5.1762e+00 -8.1832e+00  1.0119e+01  1.0000e+00
-3.6175e+00  3.0853e+00 -3.0264e+00 -1.3176e+01  1.4237e+01 -1.1080e+01  2.2340e+01  1.0000e+00
-4.1148e-01  8.4650e-01  6.0795e-02 -1.3014e+01 -1.1877e+01 -5.8833e+00  1.8575e+01  1.0000e+00
-2.6178e+00  1.6851e+00 -6.5229e+00 -1.0692e+01  6.7215e+00 -2.5808e+01  2.8732e+01  1.0000e+00
-2.9351e-01  4.6476e+00  2.2863e+00 -5.9718e+00  1.5602e+01  5.4542e+00  1.7574e+01  1.0000e+00
-7.8985e+00 -1.8961e+00 -2.4498e+00 -3.4264e+01 -7.0283e+00 -8.9124e+00  3.6095e+01  1.0000e+00
 3.9177e-02 -7.0822e-02  2.5942e-01  7.5608e+00  2.4804e+01 -2.6477e+00  2.6065e+01  1.0000e+00
-6.7700e-02  1.4294e-01 -1.0053e+00  3.0468e-01 -4.3757e+00 -1.7398e+01  1.7943e+01  1.0000e+00
-4.7506e-02  5.6136e-01  3.2294e-01 -6.1665e+00  1.3889e+01  2.5737e+01  2.9889e+01  1.0000e+00
-9.6671e-02  2.0659e-03 -1.7147e-01  1.1592e+01 -4.6366e+00 -6.9941e-01  1.2505e+01  1.0000e+00
-1.4938e-01 -1.5697e-01  3.8747e-01 -1.4258e+00 -3.9955e+00  1.0678e+01  1.1490e+01  1.0000e+00
-4.6709e-01  4.8830e-01  3.2420e-01 -6.1240e-01 -1.5997e+01 -7.6538e-01  1.6027e+01  1.0000e+00
-9.3987e-01 -5.2566e-01  3.5746e-01 -3.6639e+00 -5.2571e-01  5.0880e+00  6.2919e+00  1.0000e+00
 1.9583e+00 -1.2403e+00  1.4991e+00  6.6298e+00 -2.7238e+00 -3.2406e+00  7.8661e+00  1.0000e+00
-3.0977e-01  3.3049e-01  1.4069e-01 -1.1373e+01 -1.1752e-01  2.9892e+01  3.1983e+01  1.0000e+00
 1.7348e-01  2.9169e-01  2.4462e-01 -1.2455e+01 -9.4656e-01  9.1285e-01  1.2524e+01  1.0000e+00
-1.0730e+01  1.2547e+01 -7.7424e+00 -4.2078e+01  4.4366e+01 -2.6734e+01  6.6736e+01  1.0000e+00
-1.3271e-01  2.4307e-01 -4.8138e-01  2.2108e+00 -2.4148e+00 -2.2505e+01  2.2742e+01  1.0000e+00
 2.2888e+00  7.3831e-01 -7.0388e-01  3.2592e+00  7.3701e+00 -2.1827e+00  8.3490e+00  1.0000e+00
-3.2637e-01  4.9483e-01  1.2479e-01 -1.3143e+00 -2.3474e+00  5.5534e+00  6.1707e+00  1.0000e+00
-1.4031e-01  4.1172e-01  3.8474e-01 -5.5394e+00 -1.0318e+01 -2.0696e+01  2.3780e+01  1.0000e+00
-2.2511e-01 -6.0117e+00 -3.1313e+00 -6.7901e-01 -2.2941e+01 -1.2949e+01  2.6352e+01  1.0000e+00
 6.1917e-02  7.1544e-01 -1.2929e-01  1.3290e+00 -6.8039e-01 -7.7591e+00  7.9015e+00  1.0000e+00
 3.4260e+00 -5.1350e+00 -4.9159e+00  1.6364e+01 -1.6864e+01 -2.1008e+01  3.1520e+01  1.0000e+00
-8.8026e-03  4.5689e-01  2.0815e-01  2.4023e+01  2.1443e+00 -5.1566e+00  2.4664e+01  1.0000e+00
-1.4301e-01  5.1745e-01  1.8287e-01  5.6599e-01  6.8432e+00 -3.2140e+00  7.5815e+00  1.0000e+00
 3.5315e-02  4.2152e+00  1.9849e+00  2.9374e+00  1.4878e+01  5.4862e+00  1.6127e+01  1.0000e+00
 1.6688e+00 -3.6217e+00  5.6526e+00  7.0618e+00 -1.4311e+01  2.2337e+01  2.7452e+01  1.0000e+00
-3.0221e-01  3.1287e-01  1.9126e-01  8.1908e+00 -4.0723e+00 -3.1926e+00  9.6885e+00  1.0000e+00
-3.9132e-01  6.1201e-01 -6.0529e-02  7.3039e+00 -5.3362e+00  1.5615e+01  1.8045e+01  1.0000e+00
-1.9362e-01  2.7402e-01  2.1154e-01  2.5328e+00 -4.1675e+00 -1.0327e+01  1.1421e+01  1.0000e+00
-2.3593e-01  4.4533e-01  1.6920e-01  2.9110e+01  1.8420e+00  2.7644e+01  4.0187e+01  1.0000e+00
-4.4516e+00 -1.5155e+00  2.9889e+00 -1.7182e+01 -5.1866e+00  9.4590e+00  2.0288e+01  1.0000e+00
-3.4150e-01  2.7110e-01  7.3616e-01  4.7582e+00  5.2625e-01 -1.1322e+01  1.2293e+01  1.0000e+00
-6.2384e-02  4.8188e-01  2.6465e-01 -2.2327e+01  3.0339e+00  6.1696e+00  2.3361e+01  1.0000e+00
 6.2804e+00 -8.2080e+00 -6.1939e-01  2.7256e+01 -3.4627e+01 -2.8264e+00  4.4158e+01  1.0000e+00
-2.4846e-01  4.6889e-01  4.1950e-01 -7.2863e+00 -7.9776e+00  2.4033e+01  2.6350e+01  1.0000e+00
-2.1235e+00  3.2320e-01  1.3738e+00  6.0130e-01  5.1474e+00 -3.0802e+00  6.0287e+00  1.0000e+00
-1.7746e-02  1.5604e-01  2.8879e-01  2.0190e+01 -1.5005e+00  1.3418e+00  2.0290e+01  1.0000e+00
-2.7664e-01  3.1387e-01  2.3706e-01 -5.0212e+00 -1.5079e+01 -7.1623e+00  1.7432e+01  1.0000e+00
 1.9202e+00 -1.1412e+00  3.2071e-01  1.2019e+00 -2.4119e+00 -3.6726e-01  2.7197e+00  1.0000e+00
-3.2022e-02  4.8229e-01 -3.1416e-02  1.5716e+01  1.0505e+00  3.3970e+00  1.6113e+01  1.0000e+00
 2.8349e-01  5.3748e-01  1.1629e-01  1.1153e+01 -5.8133e+00  1.1983e+01  1.7372e+01  1.0000e+00
-2.1463e+00 -9.1487e-01 -6.2506e-01 -1.2295e+01 -4.7948e+00 -2.5751e+00  1.3446e+01  1.0000e+00
-1.5705e-01  5.0916e-01  1.3488e-01  7.6846e+00 -9.8482e+00 -5.8341e-01  1.2505e+01  1.0000e+00
-2.7931e-01  3.5834e-01  1.2668e-02 -1.4322e+01  9.6045e-01 -6.8391e+00  1.5900e+01  1.0000e+00
-1.0324e-01  2.5603e-01  1.3635e-01  1.6299e+01  6.7452e+00 -1.3447e+01  2.2181e+01  1.0000e+00
 7.3638e-02  5.6715e-01  2.6784e-01 -5.0244e+00 -3.2834e+00 -4.7872e+00  7.6774e+00  1.0000e+00
-3.9291e-01  2.5367e-01 -6.4213e-02 -9.6473e+00  1.7227e+00  3.0357e-01  9.8046e+00  1.0000e+00
-5.3031e-01  6.2687e-01  9.1891e-02 -1.3472e+01  1.0352e+01  1.2880e+01  2.1320e+01  1.0000e+00
-5.2937e-02  4.1131e-01  3.5771e-01 -5.3766e+00 -1.7101e+01 -1.4091e+00  1.7981e+01  1.0000e+00
-2.5635e-01  1.2591e-01  2.2343e-01  1.0715e+01  4.4588e+00 -1.1618e+01  1.6422e+01  1.0000e+00
-1.5119e-01  3.9561e-01 -8.2588e-03 -8.9319e+01  7.0966e+01  2.6365e+01  1.1709e+02  1.0000e+00
 9.7315e-01 -1.5101e-02  4.0155e-02  5.4986e+00  6.3644e+00 -8.4090e+00  1.1893e+01  1.0000e+00
-2.5167e-01  5.3334e-01  2.6470e-01 -1.2628e+01  9.5222e+00  2.2047e+01  2.7133e+01  1.0000e+00
-1.5414e+01  8.4115e-01  1.3588e+01 -2.4184e+02  7.3684e+00  2.1775e+02  3.2551e+02  1.0000e+00
-3.3081e-01  5.3118e-01  2.8618e-01 -3.7762e+00 -1.5846e+01 -2.1439e+00  1.6430e+01  1.0000e+00
 4.1436e-01  1.9508e+00 -1.5568e-01 -1.3019e+00  4.2943e-01 -2.2004e+00  2.5925e+00  1.0000e+00
-6.0473e-02  6.4949e-01 -1.7109e-01 -1.1515e+01  9.4634e+00  1.3898e+01  2.0379e+01  1.0000e+00
-1.5086e+00  2.3679e+00  5.9682e+00 -4.5876e+00  7.0466e+00  1.7233e+01  1.9175e+01  1.0000e+00
 3.5105e+00  9.9129e-01  5.8747e-01  8.4613e+00  4.0140e+00  2.5656e+00  9.7102e+00  1.0000e+00
 3.9666e+00 -2.1364e+00 -3.4503e+00  1.4462e+01 -8.7917e+00 -1.2343e+01  2.0947e+01  1.0000e+00
-2.9624e-01  5.5217e-01  2.6673e-02 -1.7494e+01  4.9339e+00 -9.8621e+00  2.0680e+01  1.0000e+00
 4.9801e+00 -5.1671e+00 -7.6999e+00  2.1631e+01 -2.1738e+01 -3.2077e+01  4.4378e+01  1.0000e+00
-2.1169e-02  5.5075e-01  2.4216e-01 -1.3002e+01 -2.0972e+00 -5.7562e-01  1.3183e+01  1.0000e+00
-2.3288e-01  5.6965e-01  2.9735e-01 -2.0594e+01 -1.2712e+00  9.9973e+00  2.2927e+01  1.0000e+00
-1.1988e-01  5.2563e-01  1.2323e-01  1.2259e+01  5.2230e+00  5.2717e+00  1.4330e+01  1.0000e+00
-1.8887e-01  5.9181e-01  3.0120e-01 -5.2287e+00  2.5839e+00 -1.6093e+01  1.7118e+01  1.0000e+00
 1.8228e-01  8.3595e-01 -5.6665e-03  2.8663e+00  8.6879e+00 -5.0854e-01  9.1626e+00  1.0000e+00
 2.6159e-01  6.0314e-01 -5.9153e-01  6.8736e+00  5.3952e+00  2.9061e+00  9.2087e+00  1.0000e+00
-2.6031e-01  7.1367e-01  3.7428e-01  8.8030e+00 -1.3427e+01 -1.9117e+00  1.6169e+01  1.0000e+00
-5.2044e-02  2.4778e-02  2.9129e-01 -1.3111e+01  2.2273e+00  1.0238e+01  1.6783e+01  1.0000e+00
-1.3139e+00  1.1252e+00  8.5170e-01 -7.8968e+00  2.7406e+00  8.1071e+00  1.1645e+01  1.0000e+00
-2.3873e-01  5.6811e-01  1.7201e-01 -3.0589e+01 -8.9933e+00 -3.1951e+00  3.2043e+01  1.0000e+00
-1.5791e+00  1.9834e+00  5.9501e+00 -4.9695e+00  7.8945e+00  2.3189e+01  2.4995e+01  1.0000e+00
-4.5050e-01  6.0897e-01 -9.3206e-01 -9.6028e+00 -7.9697e+00 -6.7791e+00  1.4202e+01  1.0000e+00
-7.1803e-02  3.3408e-01  3.3108e-01  5.7414e+00  2.3764e-01  9.5471e+00  1.1143e+01  1.0000e+00
-3.5228e-01  5.8872e-01  1.1335e-01 -1.9152e+00  1.8690e+01 -5.3802e-01  1.8795e+01  1.0000e+00
-1.1383e+00  1.8823e+00  1.9274e+00  2.6592e+00  4.4126e+00  3.2369e+00  6.0844e+00  1.0000e+00
 4.0794e+00 -1.0208e+01  1.7647e+01  1.5638e+01 -3.9473e+01  7.1018e+01  8.2742e+01  1.0000e+00
 7.3804e+00  1.4271e+00  6.8670e+00  3.1229e+01  5.9304e+00  2.9635e+01  4.3459e+01  1.0000e+00
 1.3842e+00 -6.0159e-01 -3.6293e-01 -1.2629e+00  5.2653e+00  3.3114e+00  6.3469e+00  1.0000e+00
-3.8885e-01  1.0687e-01 -8.6723e-02 -1.3150e+01  3.6406e+00 -2.6365e+00  1.3897e+01  1.0000e+00
-5.3632e-01  5.9183e-01  4.0571e-01  1.4886e+00 -4.7366e+00 -1.6869e+00  5.2437e+00  1.0000e+00
-1.9789e+00  1.1723e+00  7.8659e+00 -8.2768e+00  5.6744e+00  3.2617e+01  3.4125e+01  1.0000e+00
-5.3529e+00 -1.5630e+00 -5.3125e+00 -2.1146e+01 -2.7019e+00 -1.9652e+01  2.8993e+01  1.0000e+00
 3.8319e-01  1.8477e+00 -6.7959e-01 -4.1373e+00 -6.7810e-01  4.4399e+00  6.1065e+00  1.0000e+00
-2.3754e+00 -3.4635e+00 -4.7790e-01 -1.3121e+01 -2.3839e+01 -1.4759e+00  2.7252e+01  1.0000e+00
 6.8144e-01  5.3292e-01 -2.4162e-01 -1.1412e+01  6.3693e+00  2.1174e+00  1.3240e+01  1.0000e+00
-9.3223e-02  3.6029e-01  2.4153e-01  7.8804e+00  1.8912e+01 -3.8629e+00  2.0850e+01  1.0000e+00
 2.6454e-01  1.2355e+00  4.8885e-01 -5.8587e+00 -1.1484e+01 -5.4996e+00  1.4016e+01  1.0000e+00
-3.4652e-01  5.2045e-01 -2.7892e-02  9.1482e+00  1.0835e+00  8.1904e-01  9.2485e+00  1.0000e+00
-4.1718e-01  7.5888e-01  1.5304e-01 -9.0925e+00 -1.0470e+01 -6.3175e+00  1.5239e+01  1.0000e+00
-2.7312e+00  8.4669e+00 -1.1393e+00 -1.1058e+01  3.5290e+01 -4.4141e+00  3.7245e+01  1.0000e+00
 2.3608e+00 -9.1029e-02  1.5635e+00  7.1984e+00  4.0183e+00  9.2887e+00  1.2419e+01  1.0000e+00
-5.3794e+00 -3.7086e-01 -1.3300e+00 -1.9740e+01  2.4192e-01 -5.2854e+00  2.0437e+01  1.0000e+00
 1.9527e-01  3.4763e-01  1.1840e+00 -1.0958e+01  5.0356e+00 -7.0798e+00  1.3984e+01  1.0000e+00
-4.4650e+00 -1.8951e+00  2.9014e+00 -1.5217e+01 -6.4406e+00  1.1342e+01  2.0042e+01  1.0000e+00
-2.0239e-01  4.3721e-01  1.9252e-01 -8.3751e+00  1.0813e+01 -9.1916e+00  1.6479e+01  1.0000e+00
 9.8180e+00  3.4762e+00  8.4647e-01  4.1417e+01  1.5112e+01  3.4165e+00  4.4220e+01  1.0000e+00
 3.6800e+00  5.3020e+00  5.1368e-01  1.5097e+01  2.0582e+01  3.1946e+00  2.5724e+01  1.0000e+00
-7.5813e+00 -4.6960e+00 -2.8650e+00 -3.1432e+01 -1.8127e+01 -1.0330e+01  3.7726e+01  1.0000e+00
 3.4379e-02 -1.1506e+00 -9.9482e-01 -5.8967e+00 -2.7460e+00  1.7877e+00  6.7459e+00  1.0000e+00
-7.6598e+00 -3.1111e-01 -1.9805e+00 -3.1756e+01 -4.0900e-01 -8.3812e+00  3.2846e+01  1.0000e+00
-3.6600e-02  2.1035e-01 -3.2483e-01 -9.9776e+00  1.1285e+01  9.9721e+00  1.8065e+01  1.0000e+00
 2.7044e-01  1.8217e+00 -8.5458e-01 -4.0347e+00 -7.9534e-02  5.8592e+00  7.1145e+00  1.0000e+00
-1.7415e+00  6.2776e+00 -2.6152e+00 -6.3861e+00  2.5481e+01 -9.2067e+00  2.7835e+01  1.0000e+00
 5.5517e+00  4.7466e+00 -3.5625e+00  4.7629e+01  3.8559e+01 -2.9764e+01  6.8126e+01  1.0000e+00
-4.9852e-01  8.7015e-01  4.0611e-01  4.2107e-01  2.1329e+01  1.8675e+00  2.1415e+01  1.0000e+00
-1.1657e+00 -3.0845e-01 -2.4074e+00 -1.2180e+00  2.0598e+00 -5.6378e+00  6.1247e+00  1.0000e+00
-5.8089e-01  2.2306e-01  2.3694e-02  9.8172e+00  9.8634e+00 -1.5783e-01  1.3917e+01  1.0000e+00
 1.8128e+00 -1.8512e+00 -1.4537e+00  7.3572e+00 -5.7793e+00  1.8273e+00  9.5325e+00  1.0000e+00
-2.2789e-01  1.5378e+00 -6.6860e-01 -2.6022e+00  1.3788e+00  2.9060e+00  4.1373e+00  1.0000e+00
 3.6476e-01  1.2067e+00  3.3994e-01  3.3828e+00  3.3235e-01 -3.9551e+00  5.2151e+00  1.0000e+00
-5.6492e+00 -2.7990e+00 -9.8085e+00 -2.5079e+01 -1.2733e+01 -4.4312e+01  5.2485e+01  1.0000e+00
-1.0291e+01 -3.5762e+00 -3.1035e-01 -4.4363e+01 -1.4435e+01 -1.5324e+00  4.6678e+01  1.0000e+00
 1.1945e+00 -1.9738e+00 -2.3499e+00  5.6986e+00 -3.3579e+00 -6.9412e+00  9.5880e+00  1.0000e+00
 1.0511e+01  1.6784e+00 -1.0393e+00  4.4603e+01  8.0284e+00 -4.7971e+00  4.5573e+01  1.0000e+00
-1.5570e-01  6.3502e-01  1.0809e-01  6.9083e+00 -5.8361e+00 -2.8412e+01  2.9817e+01  1.0000e+00
 1.2587e-01  2.9239e-01  1.0219e-01  8.9154e+00 -1.2547e+00  1.3028e+01  1.5836e+01  1.0000e+00
-2.8910e-01  4.2132e-01  7.1670e-02 -1.1155e+01 -2.2116e+01  1.8966e+01  3.1197e+01  1.0000e+00
-5.9092e-01  1.3476e+00 -3.2172e-01 -8.9761e-01 -5.4337e+00  4.7256e+00  7.2568e+00  1.0000e+00
-1.0265e-01  4.5345e-01  2.3072e-01 -1.1559e+00  1.2819e+00 -1.2965e+01  1.3080e+01  1.0000e+00
-2.4135e-01  3.5303e-01  1.0217e-03  3.7385e-01  2.8566e+00  2.0619e+00  3.5428e+00  1.0000e+00
-2.4245e-01  4.4996e-01  5.4028e-02 -1.3812e+01  3.2077e+00 -2.6132e+00  1.4418e+01  1.0000e+00
-4.6277e+00  4.0020e+00 -8.7279e-01 -1.7546e+01  1.4778e+01 -2.4584e+00  2.3072e+01  1.0000e+00
-8.0450e-02  5.2977e-01  3.7972e-01 -1.4117e+00  1.0742e+01 -2.9622e+01  3.1542e+01  1.0000e+00
-5.0379e+00 -1.4720e+00  4.4683e-02 -1.7396e+01 -5.4313e+00 -4.3235e-01  1.8229e+01  1.0000e+00
-5.8696e-01 -4.0165e-01  8.5880e-02 -1.0615e+00 -4.3587e+00  3.9971e+00  6.0085e+00  1.0000e+00
 3.9880e-02  1.2227e-01 -1.7311e-02  1.0791e+01 -1.5603e+01  7.2731e+00  2.0317e+01  1.0000e+00
 2.9684e-02  5.1158e-01  1.2085e-02  1.7160e+01 -5.4870e+00 -4.3038e+00  1.8523e+01  1.0000e+00
-1.0712e-01  3.3448e-01  2.3200e-01 -1.3263e+00  1.9064e+01 -9.4301e+00  2.1310e+01  1.0000e+00
 3.3539e+00 -8.3902e+00 -4.0297e+00  1.4272e+01 -3.4945e+01 -1.6862e+01  4.1342e+01  1.0000e+00
-7.5170e+00 -1.4743e+00  6.7746e+00 -3.2027e+01 -5.4381e+00  2.8846e+01  4.3444e+01  1.0000e+00
-5.1559e-01  5.6516e-01 -8.5569e-02 -6.4458e+00  1.9559e+01  1.4115e+00  2.0643e+01  1.0000e+00
-1.4467e+00 -1.1147e+00 -2.7256e+00 -4.2621e+00 -1.4098e+00 -5.4899e+00  7.0917e+00  1.0000e+00
 2.0422e+00 -1.3580e+00  5.6585e-01  1.7656e+00 -1.0988e+00  3.6675e+00  4.2161e+00  1.0000e+00
-6.3262e-02  4.9938e-01  3.0836e-01  7.0677e+00  9.8373e+00 -1.5493e+01  1.9666e+01  1.0000e+00
-8.4025e-01 -6.6918e+00 -4.6538e+00 -3.0665e+00 -2.8581e+01 -2.0251e+01  3.5162e+01  1.0000e+00
-1.5452e+00  2.7241e+00 -2.4498e+00 -4.7045e+00  7.8430e+00 -5.4280e+00  1.0635e+01  1.0000e+00
 5.3340e-01  4.2995e-01  2.8479e-01 -1.1874e+01  4.0428e+00 -8.1632e+00  1.4966e+01  1.0000e+00
 1.5752e-01  5.9607e-01  4.1895e-02 -2.8477e+01 -8.0937e+00  3.0003e+00  2.9757e+01  1.0000e+00
-6.9173e-01 -6.0448e-01  4.7001e-01  9.1444e-02  8.6619e+00 -1.3007e+00  8.7594e+00  1.0000e+00
-1.4826e+00  6.6373e+00 -2.8688e+00 -5.5939e+00  2.5850e+01 -1.0826e+01  2.8578e+01  1.0000e+00
 1.2511e+00  5.1301e-01 -6.1147e-01 -7.9563e+00  2.5286e+00  2.0061e+00  8.5861e+00  1.0000e+00
-1.3943e-01  1.0634e+00  8.8567e+00  1.8552e+00  5.2511e+00  2.9330e+01  2.9854e+01  1.0000e+00
-3.1273e-01 -1.1985e+00 -1.0907e-02 -7.8264e-01  8.3323e+00  2.0006e+00  8.6048e+00  1.0000e+00
-1.6950e-01  4.9020e-01  2.9587e-01  3.4838e+00  7.1165e+00 -2.0768e+01  2.2228e+01  1.0000e+00
-1.0452e-01  7.9200e-01  4.6216e-01  3.9303e+00  1.0948e+01  6.4641e+00  1.3308e+01  1.0000e+00
-5.2697e-01  1.0545e+00  1.9619e-02  1.8613e+00  1.0178e+01 -8.6270e+00  1.3471e+01  1.0000e+00
 2.4147e+00  5.0548e+00  2.8262e+00  9.9461e+00  2.0120e+01  1.0496e+01  2.4777e+01  1.0000e+00
-2.0305e-01  4.1119e-01  2.6830e-01  9.0339e+00  2.2942e+01  1.5542e+00  2.4705e+01  1.0000e+00
-4.3936e-01  1.9696e+00  2.4057e-01 -2.3512e+00  5.8160e+00 -1.0924e+00  6.3677e+00  1.0000e+00
-1.2188e-01  2.7408e-01  9.8737e-02  1.1669e+00  1.8565e+01 -8.8751e+00  2.0610e+01  1.0000e+00
-3.7612e-01  4.7330e-01 -2.1758e-01 -4.9639e+00  1.2939e+01 -9.3645e+00  1.6726e+01  1.0000e+00
-5.0916e-02  3.1985e-01  2.8947e-01 -4.9013e+00 -7.7046e+00 -1.1277e+01  1.4511e+01  1.0000e+00
-2.3774e-01  4.6657e-01  2.3744e-01 -2.2647e+00 -2.5510e+01  1.2709e+01  2.8590e+01  1.0000e+00
 4.2244e+00 -3.1671e+00 -6.3831e-01  1.5137e+01 -1.0944e+01 -1.5543e+00  1.8743e+01  1.0000e+00
-3.3607e-01  7.4950e-01  1.3519e-01  1.1312e+01  9.9387e+00  1.9447e+01  2.4595e+01  1.0000e+00
 7.8471e+00 -1.3601e+01  8.5877e+00  2.5335e+01 -5.0541e+01  3.2562e+01  6.5242e+01  1.0000e+00
 1.9412e-01 -1.1201e+00 -1.3220e+00 -1.4843e-01 -3.7677e+00  7.2992e+00  8.2156e+00  1.0000e+00
 7.4715e-01 -3.5482e+00 -1.0052e+01  2.7800e+00 -1.4783e+01 -4.2474e+01  4.5058e+01  1.0000e+00
-2.5491e+00 -4.0387e+00 -6.8951e+00 -1.1979e+01 -1.6619e+01 -2.8710e+01  3.5269e+01  1.0000e+00
-5.6459e-01 -7.3919e+00  8.0636e-01 -1.9552e+00 -3.0567e+01  3.2875e+00  3.0806e+01  1.0000e+00
-9.8585e+00 -5.1056e+00 -2.6142e+00 -4.2939e+01 -2.1399e+01 -1.1126e+01  4.9249e+01  1.0000e+00
-8.7023e-02  5.2438e-01  2.9456e-01 -7.4176e+00 -1.0320e+01  2.1167e+01  2.4690e+01  1.0000e+00
-8.0714e+00 -2.0063e+00 -1.5697e+00 -3.4302e+01 -8.4092e+00 -6.1645e+00  3.5852e+01  1.0000e+00
 7.8190e-01  2.0583e-01  1.1481e+00 -3.5602e+00  3.1040e+00  3.1998e+00  5.7051e+00  1.0000e+00
 7.4035e-02  2.7055e-01 -8.5647e-02 -7.5215e-01 -1.5199e+01 -1.5404e+01  2.1653e+01  1.0000e+00
-1.3155e+00 -1.6567e-01 -3.6624e+00 -5.7321e+00  4.6624e-01 -1.9446e+01  2.0279e+01  1.0000e+00
 1.3568e+00  3.5346e-01  5.9733e-01 -2.2273e-02  6.8845e+00 -5.8676e+00  9.0457e+00  1.0000e+00
 7.9244e-02  4.4504e-01  6.1831e-02  3.4400e+00  5.0020e+00 -1.3630e+01  1.4921e+01  1.0000e+00
