# limit = 8.7052
#
# x           y           z           vx          vy          vz          s           m
 5.7556e-01 -1.9659e+00 -1.1455e+00 -2.4982e+00 -2.0458e+00  3.2342e+00  4.5702e+00  1.0000e+00
-3.9038e-01  3.8266e-01  3.6377e-01 -9.3333e+00  1.2337e+00  1.0696e+01  1.4249e+01  1.0000e+00
 9.0389e+00  2.5013e-01  1.7644e+00  3.4905e+01  1.7983e+00  6.8731e+00  3.5620e+01  1.0000e+00
-9.7280e-02  5.1912e-01  1.4515e-01  2.0043e+01 -1.4950e+01 -1.3345e+01  2.8343e+01  1.0000e+00
-7.5061e+00  2.9076e+00  4.6126e+00 -2.9914e+01  1.1114e+01  1.7690e+01  3.6487e+01  1.0000e+00
 3.2035e+00 -1.1546e+00  9.3413e+00  1.3071e+01 -3.8548e+00  3.6852e+01  3.9292e+01  1.0000e+00
 6.3198e-01 -7.6238e+00 -5.3746e+00  1.7687e+00 -3.0120e+01 -2.0532e+01  3.6496e+01  1.0000e+00
-5.4430e-01  1.7548e+00  9.5329e-01  2.3319e-01 -1.4192e+00 -4.3243e-02  1.4389e+00  1.0000e+00
-1.2319e+01  8.9181e+00  2.7148e+01 -4.5569e+01  3.3403e+01  1.0469e+02  1.1896e+02  1.0000e+00
 1.4663e+00 -4.9355e-01  1.5540e-02  1.1585e+02 -6.2712e+01  3.0190e+00  1.3177e+02  1.0000e+00
 2.2132e+00  2.5162e+00  1.8098e+00  4.2207e+00  6.5557e+00  3.7036e+00  8.6318e+00  1.0000e+00
-2.7323e-01  5.9362e-01  3.1128e-01 -2.2478e+00 -1.2344e+01 -3.0439e+00  1.2911e+01  1.0000e+00
 6.5353e-01  5.4151e-01  1.2675e+00 -4.7685e+00 -4.6340e+00 -6.6834e+00  9.4276e+00  1.0000e+00
 2.6240e+00  3.7826e-01 -7.0554e-01  1.1900e+01  3.2772e+00 -1.4275e+00  1.2425e+01  1.0000e+00
-1.2515e-01  6.4709e-01  3.3349e-01  9.2144e+00  1.2875e+01  9.5079e+00  1.8468e+01  1.0000e+00
-3.5272e+00 -3.9678e-01 -3.1082e+00 -1.2405e+01 -2.5841e+00 -8.2636e+00  1.5127e+01  1.0000e+00
 5.4717e+00 -5.6948e+00 -6.4471e+00  2.1440e+01 -2.2431e+01 -2.5892e+01  4.0413e+01  1.0000e+00
-3.2322e-01  4.7524e-01  4.1016e-01 -2.4038e+00  2.0032e+00  8.8540e+00  9.3906e+00  1.0000e+00
-3.8304e-01  5.8266e-01  5.3411e-02 -1.7505e+00  2.0444e-01 -2.0563e+01  2.0639e+01  1.0000e+00
 1.9005e+01  1.5755e+01 -6.9496e+00  7.3511e+01  5.8964e+01 -2.5235e+01  9.7557e+01  1.0000e+00
-4.2244e-01  3.1601e-01 -2.1318e-01 -2.2573e+00 -8.5042e+00 -1.3948e+00  8.9085e+00  1.0000e+00
 2.3376e-02  3.3995e-01  2.7705e-01 -1.3265e+01 -9.7008e-01  1.0384e+01  1.6874e+01  1.0000e+00
-1.6987e-01  5.7428e-01  1.4529e-01 -2.5002e-01 -2.0310e+00  1.7317e+01  1.7438e+01  1.0000e+00
-4.0423e+00  7.5136e+00 -7.7178e+00 -1.6096e+01  3.0862e+01 -3.0855e+01  4.6514e+01  1.0000e+00
-2.3659e-01  8.7556e+00 -3.9150e+00 -1.2046e+00  3.4507e+01 -1.5190e+01  3.7721e+01  1.0000e+00
-2.0449e+00  8.9326e-01 -3.9510e+00 -9.3639e+00  5.9573e+00 -1.2710e+01  1.6873e+01  1.0000e+00
 3.0253e+00 -6.8640e+00  1.4054e+00  1.0472e+01 -2.7213e+01  4.9791e+00  2.9580e+01  1.0000e+00
 1.6877e+01 -4.3479e+00 -1.6269e+01  7.5325e+01 -1.9856e+01 -7.2693e+01  1.0655e+02  1.0000e+00
 4.8646e-01 -1.0362e+01 -1.3674e+01  2.1849e+00 -4.2313e+01 -5.5796e+01  7.0060e+01  1.0000e+00
-1.5827e-01  4.3754e-01  7.7115e-03 -6.4892e+00 -5.7185e+00 -1.8969e+01  2.0848e+01  1.0000e+00
-3.2361e-01  3.5884e-01  2.7256e-01  1.0391e+01 -1.8016e+01 -4.3291e+00  2.1244e+01  1.0000e+00
-2.5992e-01  6.7967e-01  3.7834e-01  2.4670e+00  1.8445e+01 -8.4515e-01  1.8628e+01  1.0000e+00
-1.0213e-01  3.0911e-01 -1.8431e-01 -5.1813e+00 -3.6950e+00  1.6263e+01  1.7464e+01  1.0000e+00
 1.7185e-01  4.4216e-01 -3.7933e-01  9.7387e-01 -6.5245e+00  8.7205e+00  1.0935e+01  1.0000e+00
-5.1528e-02  3.9309e-01  1.2464e-02 -7.2739e+00  4.8479e+00 -7.5510e+00  1.1551e+01  1.0000e+00
-4.0312e-01  2.7956e-01 -8.7218e-02 -6.4279e+00  3.1172e+00  2.1707e+01  2.2852e+01  1.0000e+00
 3.5248e-01 -7.4828e-02  1.8660e-01 -2.0500e+01  6.1369e+00  6.8655e+00  2.2473e+01  1.0000e+00
-7.3399e+00  1.4049e+01 -1.8010e+01 -2.8571e+01  5.4757e+01 -6.8040e+01  9.1891e+01  1.0000e+00
-7.0825e-01  2.4991e-01 -7.5347e-01  1.6001e+00  2.1542e+00  2.4637e+00  3.6429e+00  1.0000e+00
 5.5749e+00 -1.3331e+00  4.6469e+00  2.0426e+01 -4.3030e+00  1.7270e+01  2.7092e+01  1.0000e+00
 3.5659e+00  3.1908e+00  1.2314e-01  1.0762e+01  1.0144e+01  2.1240e+00  1.4941e+01  1.0000e+00
 4.1872e-01  4.4834e-01  3.7176e-01  2.7298e+01  1.8585e+00 -9.5120e-01  2.7378e+01  1.0000e+00
-3.4721e-01  4.5656e-01  9.3299e-02  1.7106e+01  1.4414e+01 -6.7794e+00  2.3374e+01  1.0000e+00
 1.0230e+00 -3.1777e+00  1.0100e+01  4.3288e+00 -1.2214e+01  4.0232e+01  4.2267e+01  1.0000e+00
 9.6451e+00  4.6985e+00  7.4206e-01  3.9273e+01  1.8969e+01  3.1838e+00  4.3730e+01  1.0000e+00
 4.5776e-01 -6.5040e+00  9.5674e-01  3.2385e+00 -2.4817e+01  4.4476e+00  2.5420e+01  1.0000e+00
-3.7017e-01  4.9728e-01  1.0070e-01  5.9848e-01 -1.5809e+01 -1.0355e+01  1.8908e+01  1.0000e+00
 1.8802e+00 -2.0710e+00 -5.1058e-01  4.8995e+00 -1.5200e+00  8.0838e-01  5.1932e+00  1.0000e+00
 4.9337e+00 -1.8783e+00  2.1095e+00  1.6395e+01 -6.5460e+00  7.4354e+00  1.9156e+01  1.0000e+00
-8.6312e-01  5.5285e-01  4.9166e-01  1.1318e+01 -1.5024e+00  7.4815e+00  1.3650e+01  1.0000e+00
-1.4718e-01  4.3522e-01  4.6005e-02  1.5277e+01 -1.4320e+01 -3.3546e+01  3.9544e+01  1.0000e+00
-4.1130e-01  6.3140e-01  2.8879e-02 -1.2846e+01  1.0568e+01 -9.2886e+00  1.9052e+01  1.0000e+00
-1.7496e+00 -2.7192e+00  2.6627e+00 -4.5712e+00 -7.6241e+00  7.5830e+00  1.1684e+01  1.0000e+00
-8.6845e-02  3.0849e-01 -4.6943e-02 -3.0529e+00  1.8303e+01  1.2871e+01  2.2583e+01  1.0000e+00
-3.7197e-01  5.7754e-01 -2.0556e-02 -1.1275e+01  3.3060e+00  9.2086e+00  1.4928e+01  1.0000e+00
-4.5090e-01  3.5289e-01  5.1654e-01  1.4098e+01 -3.0317e+00  1.2224e+01  1.8905e+01  1.0000e+00
-3.4068e-01  1.9183e-01 -1.0633e-01 -8.1711e+00  2.6527e+00  6.9768e+00  1.1067e+01  1.0000e+00
-1.9731e-01  4.9774e-01 -3.3981e-03 -3.8140e+00 -2.1863e+01  3.5289e+00  2.2472e+01  1.0000e+00
 1.8808e-01  1.3654e-01  6.9408e-02 -5.1971e+00  1.0477e+01  8.5365e+00  1.4479e+01  1.0000e+00
 2.6003e+00 -1.2655e+00  7.3712e+00  9.2994e+00 -5.5126e+00  2.8673e+01  3.0644e+01  1.0000e+00
-1.7151e-01  4.0637e-01  9.6701e-02 -4.4490e+00  2.6331e+01 -3.9064e+00  2.6989e+01  1.0000e+00
-1.9585e-01  9.4098e-01  8.2054e-02 -2.3610e+00 -6.5313e+00  6.5517e+00  9.5476e+00  1.0000e+00
 4.0203e+00  3.2846e-01 -1.9613e+00  2.0247e+01  2.0960e+00 -9.7914e+00  2.2587e+01  1.0000e+00
-1.5564e-01  1.8146e-01  3.4480e-01 -7.8362e+00  1.9450e+01  6.3611e+00  2.1913e+01  1.0000e+00
 2.0653e+00 -6.6157e-01  6.9859e-01 -9.0955e-01 -5.7418e-01  5.5887e-01  1.2122e+00  1.0000e+00
-2.8648e-01  6.9753e-01 -3.1156e-01 -3.4024e+00  6.4913e+00 -1.3503e+00  7.4523e+00  1.0000e+00
-5.2705e-02  6.3767e-01  2.1406e-02  2.8839e+00 -1.5325e+01 -1.0915e+01  1.9035e+01  1.0000e+00
 4.3480e-02  3.5533e-01  2.7811e-01 -2.0621e+00 -1.6239e+01 -9.2765e-01  1.6395e+01  1.0000e+00
 1.6884e-01  5.2437e-01  4.8284e-01 -1.6752e+00  5.1240e+00 -2.9905e+00  6.1648e+00  1.0000e+00
-4.6663e-01  1.0901e+00  2.6907e-01 -7.3859e+00  1.6846e+01  5.2872e+00  1.9139e+01  1.0000e+00
 8.7470e+00  1.0686e+00  1.6387e+00  3.4610e+01  3.7089e+00  6.1625e+00  3.5349e+01  1.0000e+00
-2.1536e-01  5.3254e-01  1.6198e-01  1.1812e+01 -2.5495e+00  1.0239e+01  1.5838e+01  1.0000e+00
-3.6319e-01  6.0106e-01  1.9961e-01  1.6492e+01 -2.7463e+01  5.2255e+00  3.2458e+01  1.0000e+00
 1.4487e-01  5.8784e-01  3.7991e-02 -2.0982e+01  1.8781e+00  1.7063e+01  2.7109e+01  1.0000e+00
-3.0334e-01  2.7576e-01  2.9252e-01  6.5121e+00 -1.5391e+01  1.2574e+01  2.0914e+01  1.0000e+00
-1.9492e-01  3.4349e-01  2.0517e-01 -3.9101e+00  1.2232e+01 -5.3230e+00  1.3901e+01  1.0000e+00
-1.3945e-01  7.0481e-01 -1.0936e-01 -2.5923e-02 -1.4269e+01 -7.5990e+00  1.6167e+01  1.0000e+00
-6.6863e-01  1.6826e+00  6.2131e-03 -2.7647e+00  8.0655e+00 -4.4189e+00  9.6033e+00  1.0000e+00
 1.0321e+01 -5.0680e+00 -1.2209e+00  4.1956e+01 -1.9773e+01 -4.7842e+00  4.6628e+01  1.0000e+00
-6.2651e+00 -3.9581e+00 -2.5202e+00 -2.4186e+01 -1.4551e+01 -9.0394e+00  2.9637e+01  1.0000e+00
-2.1813e-01  2.2972e-01  1.2435e-01 -1.7571e+01  7.1275e+00 -4.3351e+00  1.9451e+01  1.0000e+00
 3.8145e+00  1.1331e+00  2.5819e+00  3.3572e+01  7.2153e+00  2.1422e+01  4.0473e+01  1.0000e+00
 1.3764e+00 -6.4342e-01 -9.5265e-01 -5.0681e-01  1.2493e+00  2.4900e+00  2.8315e+00  1.0000e+00
 2.7438e+00  2.0936e+00  3.3707e+00  7.5183e+00  7.4131e+00  1.0067e+01  1.4588e+01  1.0000e+00
-8.6579e-02  5.2679e-01  1.5500e-01  1.0182e+01 -8.6225e+00  9.8878e+00  1.6607e+01  1.0000e+00
-9.4124e-02  2.3847e-01  3.4223e-01 -5.8857e+00  1.6134e+00 -3.6506e+00  7.1113e+00  1.0000e+00
-7.0019e-01  8.9864e-01  6.5727e-01 -2.5720e+00  3.6754e+00  5.8521e+00  7.3737e+00  1.0000e+00
 1.8476e+00 -1.2367e+00  1.8075e+00  1.6661e-01 -1.8399e+00  3.2749e+00  3.7600e+00  1.0000e+00
 1.6580e+01  4.5657e+00 -1.6354e+01  2.2219e+02  5.5318e+01 -2.1508e+02  3.1415e+02  1.0000e+00
-2.2113e-01  2.0840e-01  1.0613e-01  2.4936e+01  5.7116e-01 -5.2867e+00  2.5497e+01  1.0000e+00
 1.9246e+00 -1.0733e+00  1.8001e+00  3.6516e+00  2.7251e-01  1.5535e+00  3.9776e+00  1.0000e+00
 7.7037e-02  5.2387e-01  4.4347e-01 -1.1412e+01 -8.1064e+00 -8.9682e-01  1.4027e+01  1.0000e+00
 6.9570e-01 -3.3447e-02 -1.0427e-01  4.5034e+00  1.8953e+00 -2.9910e+00  5.7288e+00  1.0000e+00
 4.6235e-01  3.1125e-01  4.3312e-01 -1.4170e+00  9.3323e+00  3.8875e+00  1.0208e+01  1.0000e+00
 5.2565e-01 -1.0166e-01  7.9720e-02  2.1255e+01 -1.0672e+01 -3.7641e+00  2.4080e+01  1.0000e+00
-3.4043e-01  4.9129e-01  1.7697e-01  2.0360e+00  3.0116e+00  2.1660e+00  4.2316e+00  1.0000e+00
-1.3218e-01  4.8313e-01  8.4644e-02 -1.5558e+01 -1.5368e+01  1.3066e+01  2.5475e+01  1.0000e+00
-3.4626e+00 -5.1326e+00 -5.7311e+00 -1.3383e+01 -1.9376e+01 -2.1839e+01  3.2116e+01  1.0000e+00
 8.1519e-01 -1.7644e+00 -7.6189e+00  2.9006e+00 -5.6711e+00 -2.4345e+01  2.5165e+01  1.0000e+00
 4.2163e-02  2.8980e+00 -1.6595e+00  4.8969e+00  7.5526e+00 -3.5953e+00  9.6926e+00  1.0000e+00
-3.6780e-02  4.9889e-01  1.9538e-01  3.5141e+00  1.6650e+01  1.1321e+01  2.0439e+01  1.0000e+00
 1.8016e-01  3.3118e-01  3.0483e-02  1.0558e+01  8.3766e+00 -6.2934e+00  1.4874e+01  1.0000e+00
 1.8593e+00 -9.9084e-01 -2.1944e-01  4.2277e-01  2.4423e+00  4.0450e-01  2.5114e+00  1.0000e+00
-7.7460e-01  6.7373e-01  3.0580e-01 -1.7185e+01  4.7775e+00  5.4954e+00  1.8664e+01  1.0000e+00
 8.7043e+00  3.2000e+00 -2.0199e-01  3.3996e+01  1.3475e+01 -9.7188e-01  3.6582e+01  1.0000e+00
-4.0839e-01  5.5111e-01  1.5860e-01 -2.2296e+01  5.1328e+00 -2.2007e+00  2.2985e+01  1.0000e+00
 6.4592e+00  3.3340e-01  7.2503e+00  2.5261e+01  1.5593e+00  2.8334e+01  3.7992e+01  1.0000e+00
-2.4582e-01  5.6867e-01  2.5526e-01 -3.1967e+00 -1.7361e+01 -2.1902e+01  2.8130e+01  1.0000e+00
-6.4107e-01  5.9471e-01  2.5673e-01  7.1115e+00  2.3613e+01 -8.5054e+00  2.6086e+01  1.0000e+00
-1.0372e+01  2.1031e+00  2.3407e+00 -4.1708e+01  9.1056e+00  9.5849e+00  4.3753e+01  1.0000e+00
-8.4225e-01  1.7155e+00  3.0846e-01  1.2085e+00 -8.2261e+00  3.0116e+00  8.8430e+00  1.0000e+00
 2.2413e+00 -3.7798e+00  6.6918e+00  8.3717e+00 -1.4486e+01  2.5218e+01  3.0264e+01  1.0000e+00
 2.6253e+00 -2.6506e+00  5.5106e+00  9.1459e+00 -9.7014e+00  2.0203e+01  2.4206e+01  1.0000e+00
 4.5524e+00 -5.4027e+00 -2.0586e+00  1.6108e+01 -1.9971e+01 -7.2999e+00  2.6676e+01  1.0000e+00
 2.6556e+00 -1.5761e+00  5.5207e-01  5.1681e+00 -1.4225e+00  1.1359e+00  5.4793e+00  1.0000e+00
-4.9471e-01  6.8945e-01 -1.4541e-01  6.7314e+00  5.2067e-01 -2.2134e+00  7.1051e+00  1.0000e+00
-4.4344e-01  5.1475e-01  1.0033e+00  2.1009e+00  8.5284e+00  6.7665e+00  1.1088e+01  1.0000e+00
-2.0652e-01  3.6692e-01  2.4552e-01 -4.3711e+00  2.0537e+01  1.1205e+01  2.3800e+01  1.0000e+00
-7.5590e-02  3.4436e-01  3.2925e-01 -1.2630e+01  2.3482e+01 -2.5711e-01  2.6664e+01  1.0000e+00
 3.1813e-02  2.9573e-01  1.7908e-01  7.1114e+00 -5.8120e+00 -1.2584e+01  1.5579e+01  1.0000e+00
-3.9516e-01  3.0531e-01 -2.0956e-01  1.3914e+01  2.1932e-01 -1.0860e+01  1.7652e+01  1.0000e+00
-5.7008e-02  7.7442e-01  2.6462e-01 -8.0543e+00 -1.3846e+01 -1.7813e+00  1.6117e+01  1.0000e+00
-1.3546e+01  5.5648e+00  5.0282e+00 -5.5203e+01  2.3081e+01  2.1297e+01  6.3511e+01  1.0000e+00
-7.8627e-02  5.5666e-01  1.2903e-01  1.2999e+01  2.0994e+01 -7.1117e+00  2.5696e+01  1.0000e+00
-3.3042e-01  4.8160e-01  1.9067e-01 -2.0137e+01  2.4362e+01  6.8042e+00  3.2331e+01  1.0000e+00
-6.0755e-01  6.8918e-01 -4.2489e-02 -1.6830e+00  3.3230e+00 -6.4760e+00  7.4708e+00  1.0000e+00
 5.1812e+00 -4.5363e+00 -1.9346e+00  2.0140e+01 -1.6702e+01 -6.3559e+00  2.6925e+01  1.0000e+00
-4.6807e-01  4.9911e-01 -4.3429e-02 -7.1613e+00  4.3199e+00 -1.3489e+01  1.5871e+01  1.0000e+00
 3.5301e+00 -3.0971e+00  7.5287e+00  1.3334e+01 -1.1399e+01  3.0023e+01  3.4772e+01  1.0000e+00
-1.4291e-01  4.3087e-01  2.6269e-01 -1.7210e+00  1.1886e+01  1.5253e+01  1.9413e+01  1.0000e+00
-1.2048e+00 -1.5436e+00 -6.5035e+00 -5.3731e+00 -5.1398e+00 -2.3960e+01  2.5088e+01  1.0000e+00
 1.9132e+00 -1.2273e+00  9.1007e-01  4.3862e-01 -3.6399e-01  7.4946e-01  9.4158e-01  1.0000e+00
 1.7010e-01  3.2660e-01 -8.3195e-02  1.0750e+01  4.5266e+00 -6.2858e+00  1.3250e+01  1.0000e+00
 1.7790e-02  3.7603e-01 -8.7583e-02  1.0536e+01  7.1107e+00  2.0385e-01  1.2713e+01  1.0000e+00
-1.2124e+00  8.9186e-01  3.5725e-01  5.9608e+00 -4.5597e+00  9.0199e-01  7.5588e+00  1.0000e+00
-5.9251e-02  4.2209e-02 -1.4429e-02 -3.0260e+00 -5.4758e+00  2.3467e+01  2.4286e+01  1.0000e+00
 1.8878e-01  9.7906e-02  1.8463e-01  1.4763e+01 -6.2213e+00 -2.8697e+00  1.6275e+01  1.0000e+00
 5.4936e-02  6.7616e-01 -2.4433e-01  5.3572e+00  4.5754e+00  3.5296e+00  7.8798e+00  1.0000e+00
 2.5937e+00 -1.6351e+00  8.2338e-01  2.7071e+00 -1.6697e-01  3.8507e+00  4.7100e+00  1.0000e+00
-1.0787e+00 -2.9147e+00  6.9039e+00 -4.2152e+00 -1.1935e+01  2.6672e+01  2.9523e+01  1.0000e+00
 4.4870e-01  2.3272e-01  3.8578e-01 -7.7445e+00 -1.2464e+00  5.0915e-02  7.8443e+00  1.0000e+00
-3.8926e-01  3.7186e-01  6.2846e-02 -1.6172e+01 -5.5860e+00  6.5819e+00  1.8332e+01  1.0000e+00
-9.6665e+00  1.5304e+00 -2.9162e+00 -3.6122e+01  8.6494e+00 -9.5905e+00  3.8362e+01  1.0000e+00
-1.9292e-01  4.4313e-01  5.4457e-02 -2.5868e+01 -4.9109e+00 -7.0599e+00  2.7260e+01  1.0000e+00
-1.0645e-01  4.1907e-01  1.3049e-01  9.4827e+00  1.3977e+01 -2.5916e+01  3.0934e+01  1.0000e+00
-2.0653e-01  4.0266e-01  2.7175e-01 -1.6021e+01  2.3194e+01 -8.7137e+00  2.9505e+01  1.0000e+00
-3.4754e+00 -1.2983e+01 -1.4353e+01 -1.4976e+01 -4.4848e+01 -5.2361e+01  7.0550e+01  1.0000e+00
 8.9953e+00 -7.9720e+00  2.2724e+00  3.5813e+01 -3.1540e+01  8.8390e+00  4.8533e+01  1.0000e+00
-1.8589e-01  5.3304e-01  5.4533e-01 -2.1698e+00  1.3818e+01  2.4940e+01  2.8595e+01  1.0000e+00
 8.6221e-01 -2.9379e-01 -1.7379e+00 -1.0584e-01  1.9613e+00  2.3389e+00  3.0542e+00  1.0000e+00
-8.2019e-02  2.1063e-01  5.1943e-01 -1.5551e+01 -4.2432e+00  7.7441e+00  1.7883e+01  1.0000e+00
 7.9434e-01 -8.7928e-01 -1.8460e+00  1.7523e+00  2.3863e+00 -7.8041e-02  2.9616e+00  1.0000e+00
-9.0075e-02  3.3438e-01  1.6089e-01  1.5080e+01 -1.4358e+01  2.8653e+01  3.5420e+01  1.0000e+00
-3.2977e-01  7.5811e-01  2.5893e-01 -1.0470e+01  1.2583e+01 -4.5291e+00  1.6984e+01  1.0000e+00
-4.9594e+00  7.6014e+00 -4.1796e+00 -1.9552e+01  3.0927e+01 -1.6171e+01  4.0004e+01  1.0000e+00
-3.2623e-01  2.3485e-01  2.8595e-01  4.8958e+00 -6.7902e+00  8.8026e+00  1.2147e+01  1.0000e+00
-1.3596e+00  3.8980e-01 -2.0208e-01  6.1885e+00  1.5907e+00  7.7203e+00  1.0022e+01  1.0000e+00
 1.5288e-01  5.7290e-01  1.2567e-01  1.7461e+01 -6.8663e+00  4.3924e+00  1.9270e+01  1.0000e+00
-2.3898e-01  5.5051e-01  1.7603e-01  2.1653e+01 -2.2927e+00  1.3799e+01  2.5778e+01  1.0000e+00
-3.3546e-01  7.1354e-01 -6.5074e-02 -7.7734e+00 -5.5199e+00  3.6703e+00  1.0216e+01  1.0000e+00
-2.8070e-01  3.4238e-01  3.0336e-01  1.2178e+01 -1.8977e+00 -1.3252e+01  1.8097e+01  1.0000e+00
-4.8947e-02  5.8470e-01  2.5824e-01 -2.7914e+01  1.0857e+01 -1.1702e+01  3.2156e+01  1.0000e+00
 1.4340e-01  2.4383e-01  1.6645e-01 -6.5456e+00 -7.3179e+00  8.3803e+00  1.2908e+01  1.0000e+00
-5.0910e-01  4.9711e-01  1.1588e-01 -1.9881e+00  8.2091e+00  3.7542e+00  9.2432e+00  1.0000e+00
-5.2545e-01  3.8730e-01 -1.0103e-01 -1.7142e+00  5.2708e+00 -1.7500e+01  1.8357e+01  1.0000e+00
 2.4669e+00 -3.9784e+00  6.5489e+00  8.7658e+00 -1.3545e+01  2.5898e+01  3.0512e+01  1.0000e+00
-1.8141e-01  3.9889e-01  2.4996e-01  2.4590e+01 -1.1953e+01  8.7286e+00  2.8701e+01  1.0000e+00
 1.7567e+01 -1.2075e+01 -2.4964e+01  6.9264e+01 -4.7270e+01 -9.5452e+01  1.2706e+02  1.0000e+00
-8.0483e-02  3.2378e-01 -9.1755e-02 -1.3975e+00 -1.5365e+01 -2.4214e+00  1.5618e+01  1.0000e+00
-1.2449e+00  2.0325e+00  2.2057e+00 -3.2793e+00  7.0589e+00  3.2588e+00  8.4381e+00  1.0000e+00
 4.6818e+00 -1.6992e+00 -1.3061e+00  1.8598e+01 -4.4098e+00 -3.3444e+00  1.9404e+01  1.0000e+00
-3.3886e-01  3.8733e-01  1.9924e-01 -2.3353e+01 -4.6274e+00 -7.3585e+00  2.4918e+01  1.0000e+00
-6.0415e-01 -1.3479e-01  9.0164e-01 -5.7282e-01 -1.2942e+01  1.1282e+01  1.7179e+01  1.0000e+00
-1.0847e-01  5.6924e-01  1.4912e-02  1.9869e+01 -8.7203e+00  7.1732e+00  2.2854e+01  1.0000e+00
-5.6748e-02  5.9123e-01  2.0334e-01  1.4488e+01  4.1900e+00  1.1047e+01  1.8694e+01  1.0000e+00
-2.3032e-01  4.2525e-01  8.0073e-02  6.1935e-01 -7.9566e+00  2.1657e+00  8.2693e+00  1.0000e+00
 5.4670e-01  3.6000e-02  1.9882e-01  1.3105e+01 -3.9934e+00 -3.8840e+00  1.4240e+01  1.0000e+00
 3.0175e-01  9.6263e-01  5.8114e-02  6.3893e+00  1.0449e+01  1.2019e+00  1.2307e+01  1.0000e+00
-9.4560e-01  9.0595e-01  7.4136e-01 -3.9385e+00  1.0797e+01  1.1599e+01  1.6329e+01  1.0000e+00
 4.4483e-01 -3.6200e+00  6.4558e+00  1.6148e+00 -1.3708e+01  2.4061e+01  2.7739e+01  1.0000e+00
-5.8372e+00  4.7472e+00 -3.6303e+00 -5.8586e+01  4.4672e+01 -3.7571e+01  8.2701e+01  1.0000e+00
 4.7666e-02  9.9299e-01 -3.9421e-01 -5.4636e+00 -2.2407e+00 -8.5039e-01  5.9662e+00  1.0000e+00
 3.4894e-01  1.1843e-01  5.4328e-01  1.0747e+01 -9.4003e+00  6.1849e+00  1.5560e+01  1.0000e+00
-6.2885e-03  5.7787e-01  1.3079e-01 -3.1012e+00  8.3463e+00 -2.0706e+01  2.2539e+01  1.0000e+00
-2.3621e-01  2.8446e-01  3.0065e-01  1.8815e+01  2.9182e+01 -7.9115e+00  3.5612e+01  1.0000e+00
 4.2170e-01  7.5626e-01  4.5342e-01  1.0621e+01  2.1114e+00  3.5224e+00  1.1387e+01  1.0000e+00
-6.6062e-01  8.1156e-01  5.2244e-01 -1.4769e+01  3.1742e+00  5.3451e+00  1.6024e+01  1.0000e+00
-6.1520e+00  5.1635e+00 -1.7341e+00 -2.3145e+01  1.9548e+01 -6.4265e+00  3.0970e+01  1.0000e+00
 3.5179e+00 -2.7236e+00 -1.0760e+01  1.4277e+01 -1.1257e+01 -4.3692e+01  4.7323e+01  1.0000e+00
-2.5161e-01  8.1813e-01  2.7471e-01 -1.8131e-01  2.3794e+00 -1.3240e+01  1.3453e+01  1.0000e+00
-3.5368e-01 -7.2586e+00 -5.1692e+00  4.6784e-01 -2.7834e+01 -1.9605e+01  3.4049e+01  1.0000e+00
-2.5452e+00  2.3836e+00 -1.0254e+01 -1.0681e+01  1.0121e+01 -4.1129e+01  4.3682e+01  1.0000e+00
 1.3279e+00 -6.3943e+00  3.6797e-02  4.8002e+00 -2.4366e+01  2.3830e-01  2.4836e+01  1.0000e+00
 3.3018e-01  1.2353e+00  3.6368e-02  9.2548e+00  8.9512e+00 -1.0035e-01  1.2876e+01  1.0000e+00
-1.2267e+00 -1.4885e+00 -7.0850e+00 -4.7341e+00 -6.4433e+00 -2.6044e+01  2.7243e+01  1.0000e+00
 1.3663e-01  1.1494e+00  8.1418e-01  8.4247e+00  1.5882e+01  1.6062e+01  2.4108e+01  1.0000e+00
-3.9851e-02  2.3165e-01  3.7534e-01 -3.3792e+00  1.7593e+01  8.0274e+00  1.9631e+01  1.0000e+00
 2.8874e+00  2.1954e+00  4.1830e+00  1.9016e+01  1.0514e+01  2.6003e+01  3.3887e+01  1.0000e+00
-3.3365e-01  5.1930e-01  1.8960e-02  1.5474e+01 -7.8775e+00  5.7962e+00  1.8305e+01  1.0000e+00
 4.1589e+00 -5.4629e+00 -2.1879e+00  1.6860e+01 -1.9761e+01 -8.1314e+00  2.7219e+01  1.0000e+00
-3.1641e-02  6.8900e-01  1.1792e-01 -1.2734e+01 -1.0458e+01  1.2374e+00  1.6524e+01  1.0000e+00
-2.8544e-01  4.4968e-01  8.9262e-02  2.8276e+01  8.7436e+00  7.5777e+00  3.0552e+01  1.0000e+00
-7.3421e+00 -3.3341e+00 -2.3654e+00 -2.8277e+01 -1.2648e+01 -8.6750e+00  3.2168e+01  1.0000e+00
 4.0504e+00  1.9460e+00  3.6477e+00  1.3974e+01  8.2180e+00  1.4723e+01  2.1900e+01  1.0000e+00
-3.0293e-01  5.8841e-01 -1.5599e-01  4.4632e+00  1.2263e+00 -9.0617e+00  1.0175e+01  1.0000e+00
 2.8104e+00 -9.3784e+00 -7.3619e-01  1.1660e+01 -3.7535e+01 -2.9722e+00  3.9417e+01  1.0000e+00
 5.2829e-02  4.3192e-01  2.3144e-01  1.1279e+01  7.4858e+00  6.4686e+00  1.5003e+01  1.0000e+00
-1.2745e+01 -1.1721e+00  1.8843e+01 -5.7048e+01 -5.5916e+00  8.4158e+01  1.0183e+02  1.0000e+00
 5.3467e+00 -9.3713e+00 -7.5787e+00  2.2206e+01 -3.8050e+01 -3.0991e+01  5.3864e+01  1.0000e+00
-1.5957e-02  3.7424e-01  7.6992e-02 -2.7493e+01  1.3419e+01  8.6427e+00  3.1791e+01  1.0000e+00
 4.4040e-01 -1.1935e-01  4.7639e-01  1.4032e+00 -4.8987e+00 -1.7875e+00  5.4001e+00  1.0000e+00
-4.4980e-02  6.9860e-01  1.0630e-01  7.3381e+00 -1.3993e+01  1.6672e+01  2.2970e+01  1.0000e+00
-3.5482e+00 -1.0077e+00 -2.6959e+00 -1.1860e+01 -2.2838e+00 -8.6057e+00  1.4830e+01  1.0000e+00
 3.8855e-02  4.8039e-01  2.1141e-01  1.2816e+01  4.4870e+00 -5.8977e+00  1.4804e+01  1.0000e+00
-4.4476e-01  4.3743e-01  1.3592e-01 -6.7342e+00  1.8464e+01  1.1970e+01  2.3012e+01  1.0000e+00
-1.0713e-01 -7.2232e+00 -5.1236e+00 -1.3590e+00 -2.7190e+01 -1.9816e+01  3.3672e+01  1.0000e+00
-2.5108e-01  6.1010e-01  1.2558e-01  4.8742e+00 -2.7263e+00 -6.9046e+00  8.8805e+00  1.0000e+00
-1.3770e-01  5.3531e-01  1.9082e-01  7.5363e+00  7.4003e+00 -3.3977e+01  3.5581e+01  1.0000e+00
-1.7681e-01  5.7532e-01  1.6898e-01 -6.7612e+00 -1.8225e+01  4.6342e+00  1.9984e+01  1.0000e+00
 8.0634e-02  3.7980e-01  1.0114e+00 -1.1086e+01  1.4382e+00 -1.0907e+01  1.5618e+01  1.0000e+00
-3.8771e-01  4.3038e-01  1.9999e-01 -4.7887e+00  2.0727e+01  8.3993e+00  2.2871e+01  1.0000e+00
-1.4286e+01 -1.6684e+01  7.6735e+00 -5.1459e+01 -6.2704e+01  2.9596e+01  8.6346e+01  1.0000e+00
 1.3096e-02  2.0802e-01  2.3589e-01  7.1591e+00  9.4815e+00  1.5436e+01  1.9479e+01  1.0000e+00
-7.4911e-01  1.2555e+00 -6.1547e-01 -1.0545e+01  1.6994e+01 -9.6392e+00  2.2202e+01  1.0000e+00
-1.8656e-01  5.5318e-01  2.9339e-03 -9.9005e-01  1.6399e+01 -2.5027e+00  1.6618e+01  1.0000e+00
 9.6569e-02  5.4118e-01  1.7022e-01 -2.5557e+00 -1.7183e+01  9.1991e+00  1.9658e+01  1.0000e+00
 3.8694e-01  3.4495e-01 -7.1297e-03 -1.0002e+01  9.1940e+00  7.5949e+00  1.5564e+01  1.0000e+00
 5.6294e-01  9.3245e-01  3.1005e-03  8.8934e+00  1.3649e+00 -7.9923e-01  9.0330e+00  1.0000e+00
-6.0226e-01  5.0855e-02 -3.0121e-01  3.1743e-01  1.1040e+00 -7.2127e+00  7.3036e+00  1.0000e+00
-3.5349e-02 -6.3799e+00  3.1274e+00 -2.5448e-01 -2.4425e+01  1.1474e+01  2.6988e+01  1.0000e+00
-7.9916e+00 -4.9356e+00 -2.9522e+00 -3.3479e+01 -2.0199e+01 -1.6351e+01  4.2381e+01  1.0000e+00
-8.9177e-01 -1.3627e+00 -4.7631e-01 -7.2126e+00  1.7358e+00 -1.6230e+00  7.5940e+00  1.0000e+00
-3.7113e-01  6.4826e-01 -2.0396e-01  8.8388e+00 -7.8721e+00 -6.8562e+00  1.3679e+01  1.0000e+00
 1.0226e+01 -3.6994e+00 -6.5391e-01  4.1231e+01 -1.4634e+01 -2.2941e+00  4.3811e+01  1.0000e+00
 4.4979e-01  7.9447e-01 -3.5930e-01 -7.5658e+00  1.4101e+01 -6.9595e+00  1.7450e+01  1.0000e+00
 1.0758e+02 -1.3346e+02  8.7924e+01  3.8386e+02 -4.7418e+02  3.0947e+02  6.8408e+02  1.0000e+00
-7.0686e-01  4.1334e-01 -1.5110e-01  4.2312e+00  1.4602e+01  2.4498e+00  1.5399e+01  1.0000e+00
-3.3850e-01  4.3593e-01  1.1969e-01 -9.0496e-01 -1.2060e+01  3.5421e+01  3.7429e+01  1.0000e+00
-1.7870e-01  5.1158e-01  2.0316e-01 -1.2023e+01 -2.2914e-01 -5.7600e+00  1.3334e+01  1.0000e+00
 5.9245e+00  4.8445e+00  3.6876e-01  2.2303e+01  1.7859e+01  1.9314e+00  2.8637e+01  1.0000e+00
-4.0438e+00 -1.1836e+00  1.9807e+00 -2.0719e+01 -5.0299e+00  1.1435e+01  2.4194e+01  1.0000e+00
 1.4788e+00 -7.9598e+00  5.0352e-01  5.4027e+00 -3.0412e+01  1.2742e+00  3.0914e+01  1.0000e+00
-2.5682e-01  4.1358e-01  1.3200e-01 -1.7747e+01 -1.6341e+01 -2.9594e+01  3.8182e+01  1.0000e+00
 4.2875e-01  3.7955e+00 -5.7666e+00  1.3977e+00  1.3896e+01 -2.1863e+01  2.5943e+01  1.0000e+00
-1.2048e+01  4.0502e+00  4.4300e+00 -6.8832e+01  2.3140e+01  2.5083e+01  7.6828e+01  1.0000e+00
-3.3457e-01  6.4282e-01  1.8048e-01 -6.3498e+00  1.1071e+00  7.8103e+00  1.0126e+01  1.0000e+00
 4.1065e-02  1.3527e+00  1.4511e-01 -3.8477e+00  9.0224e+00  5.5274e+00  1.1259e+01  1.0000e+00
-1.6561e-01  4.2098e-01  1.2977e-01  2.3962e+01 -9.8757e-01  2.8549e+01  3.7285e+01  1.0000e+00
-4.0865e-01  4.8028e-01  2.7488e-01  2.4845e+01  1.9751e+01 -1.7372e+01  3.6182e+01  1.0000e+00
 7.9505e-01 -7.9336e+00  6.2946e+00  2.9856e+00 -3.1689e+01  2.5179e+01  4.0584e+01  1.0000e+00
 2.2555e+00 -4.1123e+00  1.8030e+00  2.3944e+01 -4.4970e+01  1.7585e+01  5.3897e+01  1.0000e+00
 2.0691e-01  5.1713e+00  6.3048e-01 -3.2968e+00  1.8213e+01  3.3635e+00  1.8812e+01  1.0000e+00
-2.2451e-01  5.6836e-01 -3.1133e-03  1.9134e+01  1.6499e+01  1.2339e+01  2.8118e+01  1.0000e+00
 2.2584e+00 -1.1410e+00  5.0360e-01  1.7515e+00  6.3783e-01  6.4468e-01  1.9723e+00  1.0000e+00
-4.2606e-01  8.0502e-01  2.3124e-01 -8.6324e+00 -1.2817e+01  7.7477e+00  1.7287e+01  1.0000e+00
 4.4396e+00 -1.7793e+00  2.5204e+00  1.5944e+01 -4.2683e+00  8.4918e+00  1.8562e+01  1.0000e+00
-4.9207e-02  2.9317e-01  5.9170e-01  9.9238e+00 -8.5961e+00  1.1445e+01  1.7418e+01  1.0000e+00
-1.8691e-01  4.4727e-01  3.3625e-01  1.4816e+01 -1.5929e+01 -7.5482e+00  2.3027e+01  1.0000e+00
-1.5531e-01  3.4143e-01  2.1380e-01 -6.0608e+00  4.8197e-01 -2.3508e+01  2.4282e+01  1.0000e+00
-1.7752e+00 -1.5358e+00 -8.6956e+00 -6.5429e+00 -5.5409e+00 -3.3884e+01  3.4952e+01  1.0000e+00
-1.0235e+00 -4.7721e-01  2.2131e+00 -2.9734e+00 -2.2661e+00  1.0475e+01  1.1122e+01  1.0000e+00
 1.0386e+01 -2.9219e-01 -2.3643e+00  4.1797e+01 -7.5682e-01 -8.7281e+00  4.2705e+01  1.0000e+00
-5.2008e-02  3.2221e-02 -1.0841e-01  7.6011e-01 -1.0630e+01  6.7815e+00  1.2632e+01  1.0000e+00
 3.5791e+00 -4.6361e-01  9.4280e+00  1.4816e+01 -2.5960e+00  3.8505e+01  4.1339e+01  1.0000e+00
-2.8625e-01  5.2057e-01  8.7564e-01  2.0163e+00  1.2867e+00  1.9272e+01  1.9420e+01  1.0000e+00
-8.1297e-01 -1.0085e-01  4.2761e-01 -6.0653e+00  8.3421e+00 -1.5786e+01  1.8857e+01  1.0000e+00
-4.3184e+00  7.2702e-01  6.8728e+00 -1.6024e+01  2.7223e+00  2.6516e+01  3.1101e+01  1.0000e+00
-2.4666e-01  4.6263e+00  2.8334e-02 -4.4059e+00  1.1370e+01 -1.1451e+00  1.2248e+01  1.0000e+00
-3.8697e-01  3.4966e-01  2.7169e-01 -2.3665e+00  6.2336e+00  9.1768e+00  1.1343e+01  1.0000e+00
 7.7002e-01  1.6881e+01  1.1263e+01  2.8685e-01  6.3617e+01  4.0571e+01  7.5453e+01  1.0000e+00
-3.0355e+00  2.7333e+00 -1.4150e+00 -9.1436e+00  7.7880e+00 -2.1009e+00  1.2193e+01  1.0000e+00
-2.6052e-02  9.5080e-01 -3.4591e-01 -8.2299e+00  1.2588e+01  6.6462e-01  1.5054e+01  1.0000e+00
 1.4138e-01  2.8706e-01 -9.1364e-01  3.8931e+00  1.1812e+00 -4.7798e+00  6.2768e+00  1.0000e+00
-1.1672e-01  7.4210e-01  4.7324e-01  1.3728e+00  2.3659e+01  1.2751e+01  2.6911e+01  1.0000e+00
 4.3653e-02  5.7706e-01  1.6325e-01  1.3585e+01  3.1269e+00  1.2349e+01  1.8624e+01  1.0000e+00
-2.5633e-02  5.4067e-01  3.4322e-01  1.5006e+01 -9.6538e+00  1.3581e+00  1.7895e+01  1.0000e+00
-2.3046e+00 -1.4342e-01  2.9151e+00 -4.2131e+00  5.7711e-01  7.0966e+00  8.2732e+00  1.0000e+00
-1.5119e-01  3.7479e-01  2.2541e-01 -2.1785e+01 -1.8970e+00  2.2385e+00  2.1982e+01  1.0000e+00
-3.9806e+00  3.3669e+00  1.3586e+00 -2.8228e+01  2.3496e+01  7.4694e+00  3.7479e+01  1.0000e+00
-2.8819e-01  4.9714e-01 -3.9748e-02  5.9556e+00 -1.9049e+01 -1.5440e+01  2.5233e+01  1.0000e+00
-1.1603e-01  4.4547e-01  1.9584e-01 -4.1527e+00 -9.8502e+00 -1.9146e+01  2.1928e+01  1.0000e+00
-2.8295e-01  3.3315e-01  3.3622e-01 -1.2173e+01 -4.3400e+00 -8.3971e+00  1.5412e+01  1.0000e+00
-3.2550e-01  3.0327e-01  5.6636e-02 -4.0489e+00  9.7391e+00 -1.4971e+01  1.8313e+01  1.0000e+00
 3.5415e+00 -6.1487e+00 -2.9881e+00  1.3498e+01 -2.2405e+01 -1.1462e+01  2.8558e+01  1.0000e+00
-1.4108e+00  5.6228e-01  5.7410e-01 -5.7188e+00  5.6889e+00  3.0428e+00  8.6213e+00  1.0000e+00
 4.4657e+00  1.1231e+00 -1.0609e+01  1.7999e+01  5.3111e+00 -3.8517e+01  4.2845e+01  1.0000e+00
-8.1071e-01  4.4275e+00 -3.0979e+00 -2.7738e+00  1.5208e+01 -8.8407e+00  1.7808e+01  1.0000e+00
-8.9158e+00 -3.2467e+00  2.1303e+00 -3.6108e+01 -1.2374e+01  8.5791e+00  3.9122e+01  1.0000e+00
 1.1031e+01 -1.0805e+00 -4.5785e+00  4.5482e+01 -4.3315e+00 -1.8493e+01  4.9289e+01  1.0000e+00
 4.2458e+00 -2.3334e+01  1.4424e+01  1.7625e+01 -9.7775e+01  6.0781e+01  1.1647e+02  1.0000e+00
-4.2491e-01  6.0227e-01  4.1557e-01 -3.9867e+00  9.2206e+00  6.0027e+00  1.1702e+01  1.0000e+00
 7.3325e-02  1.5257e-01  1.1745e-01 -5.8996e+00  4.3660e+00 -7.5637e+00  1.0539e+01  1.0000e+00
 2.6666e-01  3.7388e-01  2.3251e-01 -4.4514e+00 -1.6259e+00 -7.0233e+00  8.4726e+00  1.0000e+00
 2.4202e-01  3.8145e-01 -9.6821e-02 -1.6690e+01  1.5022e+01  5.9013e+00  2.3217e+01  1.0000e+00
-5.6423e+00 -3.0434e+00 -2.8784e+00 -2.1674e+01 -1.0030e+01 -1.1194e+01  2.6375e+01  1.0000e+00
 4.7725e-02  1.8138e-01  6.1628e-01  4.6432e+00  1.0605e+01 -2.1305e+00  1.1772e+01  1.0000e+00
 4.7282e-01  8.3579e-01  3.9591e-01 -1.0375e+01  3.6026e-01  1.1541e+01  1.5523e+01  1.0000e+00
-2.1688e-01  4.0424e-01  2.3893e-01  1.3851e+01  8.3595e+00  3.5125e+00  1.6555e+01  1.0000e+00
-7.8534e-03  5.5497e-01  8.9358e-02 -2.6153e+00 -1.8634e-02  4.7890e+00  5.4566e+00  1.0000e+00
 1.7962e+00 -2.0805e+00 -2.4047e+00  5.1040e+00 -3.9075e+00 -4.6196e+00  7.9158e+00  1.0000e+00
 6.9632e-03  5.6299e-01  1.3996e-01  1.6872e+01  5.7382e+00  1.6857e+01  2.4531e+01  1.0000e+00
-7.8119e-02  6.3677e-01  3.4671e-01  9.6985e+00  6.8547e+00 -5.9889e-01  1.1891e+01  1.0000e+00
 3.8613e+00 -4.5214e+00 -5.7535e+00  1.4603e+01 -1.7842e+01 -2.1462e+01  3.1499e+01  1.0000e+00
-5.2449e-01  3.8786e-01  3.9654e-01 -1.3238e+01  2.8104e-01 -7.2863e+00  1.5114e+01  1.0000e+00
-4.6827e-01  5.1225e-01  3.3454e-01  1.4276e+01  5.2662e+00 -1.1021e+00  1.5256e+01  1.0000e+00
 2.2319e-01  3.6443e-01 -2.1443e-03  7.0504e+00 -5.3994e+00 -5.9315e+00  1.0679e+01  1.0000e+00
-5.6197e-01  1.2707e+00  1.2937e+00 -3.1771e+00 -3.5398e+00  6.3632e+00  7.9445e+00  1.0000e+00
-4.8931e-01  7.1668e-01  3.8066e-01  4.1267e+00  1.0821e-01 -6.5717e-01  4.1801e+00  1.0000e+00
-2.8556e-01  3.6127e-01  9.3254e-02  1.0477e+01  1.1231e+01 -1.3636e+01  2.0539e+01  1.0000e+00
 9.9694e-01 -5.7201e-01 -2.4724e-02 -4.2843e+00  8.2969e+00  2.9563e+00  9.7946e+00  1.0000e+00
-8.3079e+00  2.0300e+00  4.0547e+00 -6.0629e+01  1.4534e+01  2.9934e+01  6.9161e+01  1.0000e+00
-1.5019e-01  4.8473e-01  7.2328e-02 -2.2957e+01  8.8439e+00 -9.9647e+00  2.6543e+01  1.0000e+00
 5.4406e+00  3.6564e+00 -6.0653e-01  1.8990e+01  1.4119e+01 -1.2006e+00  2.3694e+01  1.0000e+00
-3.1437e-01  4.5336e-01  1.6189e-01 -1.6104e+01 -1.8274e+01  2.8655e+00  2.4525e+01  1.0000e+00
 5.1886e-02  5.8539e-01  2.0910e-01 -1.5353e+01  7.9454e+00  6.5910e+00  1.8501e+01  1.0000e+00
-4.1091e-01  5.5589e-01  1.6800e-01 -7.7639e+00  3.2503e+00  1.1571e+01  1.4309e+01  1.0000e+00
 8.4020e-01  5.3165e+00  6.2060e-02  4.5478e+00  1.7295e+01 -1.5858e+00  1.7953e+01  1.0000e+00
-1.0764e+02  1.3328e+02 -8.8669e+01 -3.7964e+02  4.7214e+02 -3.1702e+02  6.8377e+02  1.0000e+00
-6.6976e-01  2.8986e-01  3.2016e-02  2.0936e+01 -1.2248e+01 -1.5674e+00  2.4306e+01  1.0000e+00
-1.0318e-01  3.9712e-01  1.2676e-01  1.0920e+01  6.9462e+00 -1.8577e+01  2.2641e+01  1.0000e+00
-3.6303e-01  7.6833e-01  1.1243e-01  2.0072e+01 -2.2658e+01  7.9149e+00  3.1288e+01  1.0000e+00
-4.5474e-01  6.6023e-01  5.1108e-02 -1.4037e+00  1.0986e+01 -9.8450e+00  1.4818e+01  1.0000e+00
-4.4989e-02  6.6001e-01  5.4830e-01  2.1079e+01  7.1357e+00  2.5657e+00  2.2401e+01  1.0000e+00
 3.5963e+00 -5.4272e+00 -5.1514e+00  1.2013e+01 -2.0984e+01 -2.1517e+01  3.2367e+01  1.0000e+00
 1.5373e+00 -4.2338e-01 -6.3285e-02  1.0667e+01 -1.9328e+00  1.0468e+00  1.0891e+01  1.0000e+00
-1.4938e+00  7.7537e-02  1.0520e+00 -7.2919e+00 -1.5904e+00  1.0308e+01  1.2726e+01  1.0000e+00
 1.7234e-02  5.1799e-01  7.0848e-01  4.8280e+00 -6.3832e-05  1.3540e+00  5.0143e+00  1.0000e+00
-7.7830e+00  3.4180e-01  6.5744e+00 -3.1085e+01  2.2959e+00  2.6893e+01  4.1167e+01  1.0000e+00
-7.2204e-02  5.6623e-01  4.1207e-01 -2.1097e+01  1.2235e+01 -1.6531e+00  2.4444e+01  1.0000e+00
-2.9056e-01  3.7748e-01  2.8626e-01  1.5133e+01  1.0104e+01 -7.2665e+00  1.9593e+01  1.0000e+00
-5.2542e+00  4.6917e+00 -8.4494e+00 -2.1028e+01  1.9401e+01 -3.3975e+01  4.4417e+01  1.0000e+00
 8.8677e+00 -6.1109e+00  2.4186e+00  3.5583e+01 -2.4102e+01  9.9430e+00  4.4113e+01  1.0000e+00
 4.9706e+00 -3.0412e+00  5.4189e+00  1.8429e+01 -1.1366e+01  2.1042e+01  3.0192e+01  1.0000e+00
-3.7522e-01  6.2011e-01  4.1090e-01 -2.5530e+01  8.1712e+00 -2.9809e-01  2.6808e+01  1.0000e+00
-2.0016e-01  4.7157e-01  1.1646e-01 -2.3103e+01  2.1413e+00  6.7293e-02  2.3202e+01  1.0000e+00
-3.7749e-01  5.7779e-01  1.8529e-01  2.3139e+01 -5.5963e-01 -7.4876e+00  2.4327e+01  1.0000e+00
-4.3185e+00  8.8183e-01  1.5794e+00 -1.3748e+01  1.2449e+00  3.9753e+00  1.4365e+01  1.0000e+00
-2.2710e-01  2.4188e-02  2.9351e-01  2.0249e+00  1.2828e+00  4.8296e+00  5.3917e+00  1.0000e+00
-2.3299e-01  2.8823e-01 -8.2309e-02  1.1125e+01 -8.8532e-01  1.6984e+01  2.0323e+01  1.0000e+00
-4.3070e-02  4.3094e-01  1.8481e-01 -1.1090e+01  2.8023e+01 -1.0244e+01  3.1831e+01  1.0000e+00
-2.0102e-01  7.5874e-01 -6.1779e-02  4.9042e+00 -8.7331e+00 -1.0111e+00  1.0067e+01  1.0000e+00
-3.7877e+00  3.2693e+00 -3.1695e+00 -1.3074e+01  1.4158e+01 -1.0986e+01  2.2183e+01  1.0000e+00
-5.3457e-01  6.2536e-01  1.5227e-02 -4.2759e+00 -2.1462e+01 -1.1196e+00  2.1913e+01  1.0000e+00
-2.7562e+00  1.7721e+00 -6.8570e+00 -1.0659e+01  6.7005e+00 -2.5720e+01  2.8636e+01  1.0000e+00
-3.7075e-01  4.8486e+00  2.3563e+00 -5.9424e+00  1.5399e+01  5.3417e+00  1.7348e+01  1.0000e+00
-8.3424e+00 -1.9871e+00 -2.5651e+00 -3.4195e+01 -7.0156e+00 -8.8747e+00  3.6018e+01  1.0000e+00
 1.0150e-01  3.2900e-01  2.0868e-01  6.3002e-01  3.6402e+01 -5.4313e+00  3.6810e+01  1.0000e+00
-6.4284e-02  9.0448e-02 -1.2160e+00  2.2215e-01 -3.7593e+00 -1.5230e+01  1.5689e+01  1.0000e+00
-1.9508e-01  6.4933e-01  5.5243e-01 -1.2698e+01  2.4661e+00  1.1189e+01  1.7102e+01  1.0000e+00
 4.5124e-02 -5.3392e-03 -1.4824e-01  9.7546e+00  3.4004e+00  4.2505e+00  1.1171e+01  1.0000e+00
-1.6642e-01 -1.6600e-01  5.0743e-01 -1.2533e+00  2.2940e+00  7.8260e+00  8.2510e+00  1.0000e+00
-3.6636e-01  3.0531e-01  2.5627e-01  1.8578e+01 -7.8607e+00 -9.4672e+00  2.2284e+01  1.0000e+00
-9.7707e-01 -5.2094e-01  4.2123e-01 -2.0895e+00  1.2399e+00  4.7280e+00  5.3158e+00  1.0000e+00
 2.0418e+00 -1.2735e+00  1.4563e+00  6.2564e+00 -2.4019e+00 -3.3827e+00  7.5069e+00  1.0000e+00
-3.3284e-01  4.2547e-01  4.6819e-01  1.7060e+00  1.0570e+01  1.5153e+01  1.8554e+01  1.0000e+00
-8.7310e-02  3.3880e-01  2.1950e-01 -2.7935e+01  1.1876e+01 -6.6619e+00  3.1077e+01  1.0000e+00
-1.1275e+01  1.3122e+01 -8.0890e+00 -4.2067e+01  4.4353e+01 -2.6726e+01  6.6717e+01  1.0000e+00
-1.0511e-01  2.2229e-01 -7.3778e-01  2.0471e+00 -9.5289e-01 -1.7598e+01  1.7742e+01  1.0000e+00
 2.3275e+00  8.3280e-01 -7.3075e-01  2.7108e+00  7.2066e+00 -1.9637e+00  7.9460e+00  1.0000e+00
-1.9435e-01  4.1853e-01  1.5294e-01  1.6056e+01 -1.5200e+00 -1.0171e-01  1.6129e+01  1.0000e+00
-2.4369e-01  4.3123e-01  6.5426e-02 -2.7422e+00  1.3104e+01 -2.0340e+01  2.4350e+01  1.0000e+00
-2.3386e-01 -6.3087e+00 -3.2990e+00 -6.7224e-01 -2.2860e+01 -1.2916e+01  2.6265e+01  1.0000e+00
 4.1214e-02  6.6823e-01 -1.8379e-01 -4.3714e+00 -6.4954e+00 -9.0416e-01  7.8814e+00  1.0000e+00
 3.6436e+00 -5.3738e+00 -5.1551e+00  1.6095e+01 -1.9921e+01 -1.7411e+01  3.0968e+01  1.0000e+00
 1.4799e-01  4.7086e-01  1.3935e-01  2.0541e+00  9.6937e-01 -5.8816e+00  6.3049e+00  1.0000e+00
-1.6480e-01  4.7676e-01  1.3836e-01 -2.8194e+00 -1.1307e+01 -5.0671e+00  1.2708e+01  1.0000e+00
 7.3236e-02  4.4067e+00  2.0553e+00  2.9119e+00  1.4673e+01  5.3821e+00  1.5898e+01  1.0000e+00
 1.7603e+00 -3.8069e+00  5.9419e+00  7.0598e+00 -1.4250e+01  2.2285e+01  2.7377e+01  1.0000e+00
-1.6660e-01  4.6576e-01  1.8412e-01  1.0292e+01  2.0688e+01 -2.6913e+00  2.3263e+01  1.0000e+00
-2.0874e-01  4.6817e-01  2.1770e-01  2.1913e+01 -1.1118e+01  1.9212e+01  3.1191e+01  1.0000e+00
-1.4993e-01  3.5461e-01  1.1449e-01 -2.8901e-01  9.4909e+00  7.2641e-01  9.5231e+00  1.0000e+00
 9.1494e-02  5.3144e-01  3.8386e-01  1.7960e+01  5.1481e+00  8.8789e+00  2.0686e+01  1.0000e+00
-4.6736e+00 -1.5830e+00  3.1109e+00 -1.7061e+01 -5.2124e+00  9.3573e+00  2.0144e+01  1.0000e+00
-2.6595e-01  3.0077e-01  5.3415e-01  6.8991e+00  4.8213e+00 -2.0722e+01  2.2366e+01  1.0000e+00
-3.9024e-01  4.5700e-01  2.9759e-01 -2.1105e+01 -3.3392e+00 -4.0514e+00  2.1748e+01  1.0000e+00
 6.6336e+00 -8.6567e+00 -6.5603e-01  2.7225e+01 -3.4585e+01 -2.8242e+00  4.4105e+01  1.0000e+00
-3.0737e-01  3.6159e-01  6.0340e-01 -2.7246e+00 -7.5086e+00  6.8512e+00  1.0523e+01  1.0000e+00
-2.1112e+00  3.9020e-01  1.3311e+00  1.3000e+00  5.1855e+00 -3.5059e+00  6.3930e+00  1.0000e+00
 1.7436e-01  2.1067e-01  2.4405e-01  9.0286e+00  8.9850e+00 -7.0793e+00  1.4573e+01  1.0000e+00
-2.5750e-01  3.4483e-01  9.0139e-02  6.0299e+00  1.8569e+01 -1.1927e+01  2.2878e+01  1.0000e+00
 1.9336e+00 -1.1702e+00  3.1657e-01  8.5748e-01 -2.0631e+00 -2.7329e-01  2.2508e+00  1.0000e+00
 1.1017e-01  4.7927e-01  1.0060e-01  4.4422e+00 -1.6421e+00  1.4319e+01  1.5082e+01  1.0000e+00
 3.6191e-01  4.4596e-01  2.7176e-01  1.5105e+00 -7.9441e+00  1.1000e+01  1.3652e+01  1.0000e+00
-2.3025e+00 -9.7489e-01 -6.5724e-01 -1.1807e+01 -4.4720e+00 -2.3932e+00  1.2851e+01  1.0000e+00
-1.2045e-01  3.9489e-01  2.0823e-01 -6.0171e+00 -4.8883e+00  6.8156e+00  1.0322e+01  1.0000e+00
-3.8894e-01  4.4590e-01  4.0889e-02 -1.3715e+00  1.0611e+01  1.1809e+01  1.5936e+01  1.0000e+00
 5.6421e-02  4.4939e-01  5.0612e-02  5.4399e+00  1.9255e+01 -1.1143e+00  2.0040e+01  1.0000e+00
-1.3583e-01  4.4576e-01  1.7162e-01 -2.6933e+01 -1.2090e+01 -9.0314e+00  3.0873e+01  1.0000e+00
-4.6235e-01  3.4024e-01 -2.6658e-03 -1.2702e-01  1.1686e+01  9.1482e+00  1.4841e+01  1.0000e+00
-6.1644e-01  7.1990e-01  2.5159e-01 -1.1762e+00  4.1352e+00  1.1785e+01  1.2544e+01  1.0000e+00
-1.8468e-01  2.7141e-01  2.0021e-01 -1.3879e+01  1.3175e+00 -1.9977e+01  2.4361e+01  1.0000e+00
-9.6439e-02  3.0178e-01  9.5092e-02  1.0947e+01  2.4645e+01 -4.7780e+00  2.7387e+01  1.0000e+00
-1.2596e+00  1.2819e+00  3.9470e-01 -8.2982e+01  6.6500e+01  3.1336e+01  1.1086e+02  1.0000e+00
 1.0290e+00  7.2260e-02 -6.6923e-02  3.1534e+00  7.0495e+00 -8.0688e+00  1.1169e+01  1.0000e+00
-4.7354e-01  5.9241e-01  3.8194e-01 -1.2523e+01 -2.2182e+00  2.7857e+00  1.3019e+01  1.0000e+00
-1.8549e+01  9.3669e-01  1.6412e+01 -2.4183e+02  7.3679e+00  2.1774e+02  3.2549e+02  1.0000e+00
-2.9376e-01  2.7509e-01  2.0974e-01  5.9710e+00 -1.7350e+01 -8.0293e+00  2.0028e+01  1.0000e+00
 3.9388e-01  1.9473e+00 -1.8274e-01 -1.8578e+00 -9.7013e-01 -1.9710e+00  2.8771e+00  1.0000e+00
-2.2964e-01  7.1333e-01  8.1939e-02 -1.3775e+01 -2.1450e+00  2.4283e+01  2.8000e+01  1.0000e+00
-1.5680e+00  2.4584e+00  6.1910e+00 -4.5770e+00  6.9195e+00  1.7127e+01  1.9031e+01  1.0000e+00
 3.6182e+00  1.0429e+00  6.2050e-01  8.1457e+00  3.9464e+00  2.5292e+00  9.3980e+00  1.0000e+00
 4.1534e+00 -2.2501e+00 -3.6098e+00  1.4369e+01 -8.7449e+00 -1.2255e+01  2.0812e+01  1.0000e+00
-4.0854e-01  5.3153e-01  9.4217e-02  3.8119e+00 -5.3550e+00  2.0041e+01  2.1092e+01  1.0000e+00
 5.2604e+00 -5.4488e+00 -8.1155e+00  2.1606e+01 -2.1716e+01 -3.2033e+01  4.4323e+01  1.0000e+00
-2.3161e-01  4.4013e-01  1.7303e-01 -5.7760e+00 -5.7272e+00 -1.5418e+01  1.7432e+01  1.0000e+00
-2.5040e-01  4.5774e-01  3.5614e-01  7.1007e+00 -9.3870e+00 -4.5567e+00  1.2621e+01  1.0000e+00
-8.3463e-02  4.9510e-01  2.1694e-01 -7.8913e+00 -8.1461e+00  3.4937e+00  1.1868e+01  1.0000e+00
-2.6132e-01  4.8107e-01  7.1297e-02 -1.0174e+00 -1.4873e+01 -1.6020e+01  2.1883e+01  1.0000e+00
 1.9255e-01  9.0445e-01  1.6021e-02 -1.1141e+00  2.3556e+00  3.1935e+00  4.1217e+00  1.0000e+00
 3.3607e-01  6.6707e-01 -5.2873e-01  4.6021e+00  4.4618e+00  6.7273e+00  9.2921e+00  1.0000e+00
-1.2468e-01  4.4385e-01  2.6016e-01  8.5544e+00 -2.6675e+01 -2.0919e+01  3.4962e+01  1.0000e+00
-2.1786e-01  1.4035e-01  3.6664e-01 -1.1768e+01  1.5841e+01  1.5179e+00  1.9792e+01  1.0000e+00
-1.4077e+00  1.1558e+00  9.5131e-01 -6.6048e+00  1.9962e+00  7.2692e+00  1.0022e+01  1.0000e+00
-4.8630e-01  3.5901e-01  1.1786e-01 -6.6447e+00 -1.5059e+01 -5.3301e+00  1.7302e+01  1.0000e+00
-1.6433e+00  2.0860e+00  6.2500e+00 -4.9244e+00  7.9430e+00  2.3070e+01  2.4892e+01  1.0000e+00
-5.7013e-01  5.0360e-01 -1.0031e+00 -8.8406e+00 -8.2339e+00 -4.2520e+00  1.2808e+01  1.0000e+00
-8.4440e-02  4.1260e-01  3.1281e-01 -7.3514e+00  9.1699e+00 -1.1929e+01  1.6746e+01  1.0000e+00
-3.0309e-01  7.0131e-01  1.2625e-01  7.5824e+00 -1.9484e+00  2.5178e+00  8.2237e+00  1.0000e+00
-1.1025e+00  1.9372e+00  1.9672e+00  2.8544e+00  4.0607e+00  2.8892e+00  5.7432e+00  1.0000e+00
 4.2821e+00 -1.0720e+01  1.8568e+01  1.5635e+01 -3.9465e+01  7.1007e+01  8.2728e+01  1.0000e+00
 7.7850e+00  1.5039e+00  7.2510e+00  3.1186e+01  5.9190e+00  2.9597e+01  4.3400e+01  1.0000e+00
 1.3623e+00 -5.2934e-01 -3.1719e-01 -2.1170e+00  5.8865e+00  3.7620e+00  7.2997e+00  1.0000e+00
-5.2370e-01  2.1003e-01 -8.6411e-02 -7.0614e+00  1.2044e+01  2.6102e+00  1.4203e+01  1.0000e+00
-4.4249e-01  5.0331e-01  3.2311e-01  1.1894e+01 -9.6139e+00 -1.1454e+01  1.9107e+01  1.0000e+00
-2.0861e+00  1.2458e+00  8.2884e+00 -8.2551e+00  5.6651e+00  3.2536e+01  3.4042e+01  1.0000e+00
-5.6267e+00 -1.5980e+00 -5.5669e+00 -2.1088e+01 -2.6842e+00 -1.9590e+01  2.8908e+01  1.0000e+00
 3.2550e-01  1.8313e+00 -6.1901e-01 -4.7714e+00 -1.8671e+00  4.9046e+00  7.0928e+00  1.0000e+00
-2.5448e+00 -3.7714e+00 -4.9687e-01 -1.3016e+01 -2.3660e+01 -1.4517e+00  2.7042e+01  1.0000e+00
 5.0649e-01  6.1260e-01 -2.0184e-01 -1.5669e+01  5.8099e+00  4.1398e+00  1.7217e+01  1.0000e+00
-1.4568e-01  6.2751e-01  1.6868e-01 -1.1878e+01  1.0874e+01 -1.0151e+01  1.9036e+01  1.0000e+00
 1.7701e-01  1.0635e+00  4.0577e-01 -7.7991e+00 -1.5271e+01 -7.3543e+00  1.8658e+01  1.0000e+00
-1.9325e-01  5.1510e-01  1.3728e-01  1.4206e+01 -5.8043e+00  2.3827e+01  2.8341e+01  1.0000e+00
-4.5280e-01  5.5381e-01  7.4564e-02  7.7914e+00 -2.0434e+01 -4.9858e+00  2.2430e+01  1.0000e+00
-2.8744e+00  8.9240e+00 -1.1965e+00 -1.1036e+01  3.5220e+01 -4.4075e+00  3.7171e+01  1.0000e+00
 2.4514e+00 -3.8707e-02  1.6822e+00  6.7841e+00  4.0509e+00  9.0194e+00  1.1991e+01  1.0000e+00
-5.6344e+00 -3.6763e-01 -1.3983e+00 -1.9596e+01  2.5611e-01 -5.2469e+00  2.0288e+01  1.0000e+00
 6.0984e-02  4.2075e-01  1.0383e+00 -9.7954e+00  4.8556e+00 -1.4978e+01  1.8544e+01  1.0000e+00
-4.6616e+00 -1.9777e+00  3.0480e+00 -1.5101e+01 -6.2953e+00  1.1279e+01  1.9872e+01  1.0000e+00
-3.9454e-01  5.9287e-01  8.5382e-02 -1.5912e+01  5.2687e+00 -1.2649e+01  2.0999e+01  1.0000e+00
 1.0355e+01  3.6721e+00  8.9072e-01  4.1361e+01  1.5098e+01  3.4093e+00  4.4162e+01  1.0000e+00
 3.8752e+00  5.5682e+00  5.5505e-01  1.5023e+01  2.0477e+01  3.1877e+00  2.5596e+01  1.0000e+00
-7.9867e+00 -4.9292e+00 -2.9857e+00 -3.1234e+01 -1.8017e+01 -7.1887e+00  3.6767e+01  1.0000e+00
-4.2000e-02 -1.1809e+00 -9.6843e-01 -5.8738e+00 -1.9322e+00  2.2785e+00  6.5899e+00  1.0000e+00
-8.0710e+00 -3.1644e-01 -2.0890e+00 -3.1677e+01 -4.1292e-01 -8.3604e+00  3.2764e+01  1.0000e+00
-1.7488e-01  3.7930e-01 -1.2545e-01 -1.0574e+01  1.5224e+01  2.1620e+01  2.8478e+01  1.0000e+00
 2.1702e-01  1.8140e+00 -7.7178e-01 -4.1981e+00 -1.1163e+00  6.9289e+00  8.1780e+00  1.0000e+00
-1.8239e+00  6.6076e+00 -2.7345e+00 -6.3367e+00  2.5415e+01 -9.1870e+00  2.7758e+01  1.0000e+00
 6.1689e+00  5.2463e+00 -3.9481e+00  4.7578e+01  3.8515e+01 -2.9727e+01  6.8050e+01  1.0000e+00
-4.6983e-01  1.1036e+00  4.0818e-01  3.5539e+00  1.5075e+01 -1.3104e+00  1.5544e+01  1.0000e+00
-1.1804e+00 -2.8101e-01 -2.4776e+00 -1.0382e+00  2.1714e+00 -5.1918e+00  5.7225e+00  1.0000e+00
-3.7170e-01  4.0974e-01  4.9780e-02  2.4560e+01  1.9808e+01  6.5707e+00  3.2229e+01  1.0000e+00
 1.9067e+00 -1.9245e+00 -1.4288e+00  7.1349e+00 -5.5225e+00  2.0136e+00  9.2444e+00  1.0000e+00
-2.6082e-01  1.5450e+00 -6.2251e-01 -2.4704e+00 -2.7594e-01  4.2048e+00  4.8846e+00  1.0000e+00
 3.9241e-01  1.1901e+00  2.8423e-01  8.7661e-01 -2.9028e+00 -4.6612e+00  5.5607e+00  1.0000e+00
-5.9742e+00 -2.9640e+00 -1.0383e+01 -2.5058e+01 -1.2723e+01 -4.4276e+01  5.2442e+01  1.0000e+00
-1.0866e+01 -3.7632e+00 -3.3023e-01 -4.4315e+01 -1.4417e+01 -1.5341e+00  4.6627e+01  1.0000e+00
 1.2680e+00 -2.0160e+00 -2.4383e+00  5.6376e+00 -3.1543e+00 -6.6994e+00  9.3066e+00  1.0000e+00
 1.1089e+01  1.7824e+00 -1.1014e+00  4.4552e+01  8.0204e+00 -4.7898e+00  4.5521e+01  1.0000e+00
-2.1974e-02  5.1579e-01 -8.5501e-02  6.1272e+00 -1.2935e+01 -5.0859e+00  1.5190e+01  1.0000e+00
 1.4551e-01  3.2402e-01  2.6858e-01 -5.9493e+00  5.2286e+00  1.0786e+01  1.3381e+01  1.0000e+00
-2.9920e-01  2.9970e-01  3.3594e-01  7.0752e+00  3.3415e+00  1.0838e+01  1.3367e+01  1.0000e+00
-5.9426e-01  1.2598e+00 -2.5091e-01  4.4581e-01 -8.1812e+00  6.2431e+00  1.0301e+01  1.0000e+00
-1.4418e-01  5.5735e-01  2.0037e-01 -2.6101e+00  1.1369e+01 -8.4422e+00  1.4399e+01  1.0000e+00
-2.1956e-01  4.8687e-01  1.5667e-01  4.5809e+00  1.6424e+01  1.9323e+01  2.5770e+01  1.0000e+00
-3.4577e-01  5.8564e-01  1.4434e-01 -3.2593e+00  1.0480e+01  1.7179e+01  2.0385e+01  1.0000e+00
-4.8545e+00  4.1931e+00 -9.0455e-01 -1.7441e+01  1.4692e+01 -2.4406e+00  2.2934e+01  1.0000e+00
-2.1730e-01  5.1136e-01 -3.0167e-02 -2.1698e+01 -3.5750e+00 -1.6736e+01  2.7635e+01  1.0000e+00
-5.2624e+00 -1.5420e+00  3.9067e-02 -1.7243e+01 -5.3713e+00 -4.3386e-01  1.8066e+01  1.0000e+00
-5.9088e-01 -4.3708e-01  1.3987e-01  4.1278e-01 -1.1548e+00  4.3060e+00  4.4772e+00  1.0000e+00
 1.5068e-01 -1.7498e-02  1.0254e-01  6.5675e+00 -6.2044e+00  1.0437e+01  1.3805e+01  1.0000e+00
 1.2702e-01  4.0184e-01  4.1126e-02 -1.5503e+00 -8.8414e+00  7.2100e+00  1.1513e+01  1.0000e+00
-1.9379e-01  5.9331e-01  1.2088e-03 -6.6990e+00  1.1961e+01 -1.6601e+01  2.1530e+01  1.0000e+00
 3.5388e+00 -8.8430e+00 -4.2481e+00  1.4254e+01 -3.4894e+01 -1.6840e+01  4.1284e+01  1.0000e+00
-7.9320e+00 -1.5447e+00  7.1484e+00 -3.1988e+01 -5.4247e+00  2.8809e+01  4.3389e+01  1.0000e+00
-5.2562e-01  8.0223e-01 -2.6507e-02  3.6672e+00  1.4788e+01  7.0114e+00  1.6772e+01  1.0000e+00
-1.5011e+00 -1.1319e+00 -2.7950e+00 -4.1265e+00 -1.2453e+00 -5.2074e+00  6.7598e+00  1.0000e+00
 2.0631e+00 -1.3688e+00  6.1269e-01  1.4514e+00 -5.7047e-01  3.5587e+00  3.8854e+00  1.0000e+00
-1.4901e-01  4.9560e-01  3.9220e-02 -1.6041e+01 -1.3374e+01 -1.6534e+01  2.6637e+01  1.0000e+00
-8.7959e-01 -7.0621e+00 -4.9163e+00 -3.0032e+00 -2.8537e+01 -2.0231e+01  3.5110e+01  1.0000e+00
-1.6054e+00  2.8245e+00 -2.5188e+00 -4.5892e+00  7.6529e+00 -5.2111e+00  1.0334e+01  1.0000e+00
 3.2639e-01  4.7868e-01  1.7506e-01 -2.1072e+01  3.2488e+00 -8.0481e+00  2.2790e+01  1.0000e+00
-2.9729e-01  4.4598e-01  1.6323e-01 -3.5438e+01 -1.4019e+01  1.5617e+01  4.1186e+01  1.0000e+00
-6.8407e-01 -4.7711e-01  4.4831e-01  1.1316e+00  1.1022e+01 -2.0629e+00  1.1270e+01  1.0000e+00
-1.5552e+00  6.9716e+00 -3.0087e+00 -5.6002e+00  2.5727e+01 -1.0760e+01  2.8444e+01  1.0000e+00
 1.1390e+00  5.4489e-01 -5.8021e-01 -9.3565e+00  2.3829e+00  2.8370e+00  1.0063e+01  1.0000e+00
-1.1537e-01  1.1314e+00  9.2366e+00  1.8552e+00  5.2419e+00  2.9259e+01  2.9783e+01  1.0000e+00
-3.2193e-01 -1.0812e+00  1.5792e-02 -6.2996e-01  9.7922e+00  2.1198e+00  1.0039e+01  1.0000e+00
-1.0735e-01  4.4953e-01  5.8830e-02  2.1858e+00 -6.3081e+00 -1.0996e+01  1.2864e+01  1.0000e+00
-6.9212e-02  8.7924e-01  5.0046e-01  1.6287e+00  2.8704e+00 -1.6945e-01  3.3046e+00  1.0000e+00
-4.8637e-01  1.1478e+00 -8.1288e-02  4.2529e+00  4.6354e+00 -6.9568e+00  9.3793e+00  1.0000e+00
 2.5433e+00  5.3149e+00  2.9618e+00  9.8890e+00  2.0008e+01  1.0431e+01  2.4636e+01  1.0000e+00
-6.5445e-02  6.4766e-01  1.8861e-01  6.6376e+00  5.9845e+00 -1.1517e+01  1.4578e+01  1.0000e+00
-4.6843e-01  2.0341e+00  2.2573e-01 -2.1314e+00  4.1559e+00 -1.1928e+00  4.8204e+00  1.0000e+00
-1.6639e-01  5.9955e-01  1.2869e-01 -8.2201e+00  2.3218e+01  1.6284e+01  2.9526e+01  1.0000e+00
-4.0735e-01  6.3288e-01 -2.6025e-01  5.6593e-02  1.1456e+01  2.4577e+00  1.1717e+01  1.0000e+00
-1.8234e-01  3.2923e-01  1.1895e-01 -1.4022e+01  1.3487e+01 -1.2930e+01  2.3360e+01  1.0000e+00
-1.8181e-01  2.6059e-01  2.8099e-01  6.4627e+00 -4.6896e+00 -4.2004e+00  9.0223e+00  1.0000e+00
 4.4199e+00 -3.3084e+00 -6.5835e-01  1.5019e+01 -1.0850e+01 -1.5378e+00  1.8592e+01  1.0000e+00
-1.7681e-01  7.8116e-01  3.7685e-01  1.1632e+01 -4.5373e+00  1.6416e+01  2.0625e+01  1.0000e+00
 8.1756e+00 -1.4256e+01  9.0099e+00  2.5327e+01 -5.0527e+01  3.2554e+01  6.5224e+01  1.0000e+00
 1.9134e-01 -1.1650e+00 -1.2232e+00 -2.8631e-01 -3.1549e+00  7.9417e+00  8.5502e+00  1.0000e+00
 7.8318e-01 -3.7397e+00 -1.0602e+01  2.7774e+00 -1.4766e+01 -4.2427e+01  4.5009e+01  1.0000e+00
-2.7043e+00 -4.2539e+00 -7.2669e+00 -1.1957e+01 -1.6584e+01 -2.8649e+01  3.5196e+01  1.0000e+00
-5.8983e-01 -7.7877e+00  8.4892e-01 -1.9379e+00 -3.0480e+01  3.2780e+00  3.0717e+01  1.0000e+00
-1.0415e+01 -5.3829e+00 -2.7584e+00 -4.2896e+01 -2.1375e+01 -1.1115e+01  4.9199e+01  1.0000e+00
-2.5718e-01  3.8771e-01  3.6579e-01 -1.6349e+01 -7.5706e+00 -8.1311e+00  1.9767e+01  1.0000e+00
-8.5157e+00 -2.1153e+00 -1.6496e+00 -3.4226e+01 -8.3902e+00 -6.1692e+00  3.5775e+01  1.0000e+00
 7.2719e-01  2.4853e-01  1.1801e+00 -4.8750e+00  3.4881e+00  1.7211e+00  6.2365e+00  1.0000e+00
 2.3179e-02  1.0581e-01 -2.2917e-01 -6.1888e+00 -1.0179e+01 -7.2175e+00  1.3929e+01  1.0000e+00
-1.3893e+00 -1.5940e-01 -3.9129e+00 -5.6622e+00  5.0008e-01 -1.9191e+01  2.0015e+01  1.0000e+00
 1.3466e+00  4.4264e-01  5.1828e-01 -1.5595e+00  6.8585e+00 -6.3176e+00  9.4542e+00  1.0000e+00
 5.0004e-02  5.1839e-01 -3.0527e-02 -7.7412e+00  4.7534e+00 -9.8670e-03  9.0841e+00  1.0000e+00
