# limit = 8.89566
#
# x           y           z           vx          vy          vz          s           m
 5.6154e-01 -1.9767e+00 -1.1272e+00 -2.5427e+00 -1.8406e+00  3.3350e+00  4.5799e+00  1.0000e+00
-4.2625e-01  3.9608e-01  4.0518e-01 -3.7708e+00  3.4539e+00  4.3680e+00  6.7251e+00  1.0000e+00
 9.2331e+00  2.6016e-01  1.8027e+00  3.4875e+01  1.8049e+00  6.8665e+00  3.5591e+01  1.0000e+00
-1.0589e-02  4.3615e-01  9.0287e-02  1.0110e+01 -1.4169e+01 -8.4120e+00  1.9332e+01  1.0000e+00
-7.6725e+00  2.9695e+00  4.7110e+00 -2.9894e+01  1.1103e+01  1.7674e+01  3.6460e+01  1.0000e+00
 3.2762e+00 -1.1760e+00  9.5462e+00  1.3067e+01 -3.8454e+00  3.6828e+01  3.9266e+01  1.0000e+00
 6.4179e-01 -7.7913e+00 -5.4888e+00  1.7566e+00 -3.0093e+01 -2.0514e+01  3.6462e+01  1.0000e+00
-5.4259e-01  1.7452e+00  9.5202e-01  3.8110e-01 -2.0104e+00 -4.1552e-01  2.0879e+00  1.0000e+00
-1.2573e+01  9.1040e+00  2.7730e+01 -4.5568e+01  3.3401e+01  1.0469e+02  1.1896e+02  1.0000e+00
 2.1101e+00 -8.4179e-01  3.2131e-02  1.1552e+02 -6.2500e+01  2.9822e+00  1.3138e+02  1.0000e+00
 2.2364e+00  2.5524e+00  1.8302e+00  4.1261e+00  6.4655e+00  3.6351e+00  8.4877e+00  1.0000e+00
-2.7771e-01  5.0912e-01  2.7054e-01  1.2426e+00 -1.7832e+01 -1.2165e+01  2.1622e+01  1.0000e+00
 6.2560e-01  5.1541e-01  1.2283e+00 -5.2708e+00 -4.7465e+00 -7.4274e+00  1.0270e+01  1.0000e+00
 2.6896e+00  3.9651e-01 -7.1329e-01  1.1683e+01  3.2796e+00 -1.3572e+00  1.2210e+01  1.0000e+00
-7.4037e-02  7.0172e-01  3.7168e-01  8.6904e+00  6.9151e+00  4.1946e+00  1.1872e+01  1.0000e+00
-3.5960e+00 -4.1115e-01 -3.1540e+00 -1.2343e+01 -2.5784e+00 -8.2005e+00  1.5041e+01  1.0000e+00
 5.5910e+00 -5.8196e+00 -6.5912e+00  2.1425e+01 -2.2418e+01 -2.5877e+01  4.0389e+01  1.0000e+00
-3.2907e-01  4.8255e-01  4.3981e-01  2.6685e-01  8.2160e-01  1.9540e+00  2.1364e+00  1.0000e+00
-3.9833e-01  5.7721e-01 -4.7029e-02 -2.8836e+00 -1.8985e+00 -1.4688e+01  1.5089e+01  1.0000e+00
 1.9414e+01  1.6083e+01 -7.0901e+00  7.3509e+01  5.8961e+01 -2.5234e+01  9.7554e+01  1.0000e+00
-4.2252e-01  2.7349e-01 -2.0928e-01  1.4566e+00 -6.4831e+00  2.7100e+00  7.1761e+00  1.0000e+00
-5.7546e-02  3.4644e-01  3.1742e-01 -1.7155e+01  2.9952e+00  3.7508e+00  1.7814e+01  1.0000e+00
-2.0963e-01  5.1194e-01  2.9876e-01 -1.8045e+01 -1.8874e+01  4.2645e+01  5.0004e+01  1.0000e+00
-4.1319e+00  7.6853e+00 -7.8894e+00 -1.6090e+01  3.0849e+01 -3.0842e+01  4.6494e+01  1.0000e+00
-2.4330e-01  8.9476e+00 -3.9995e+00 -1.2058e+00  3.4481e+01 -1.5177e+01  3.7693e+01  1.0000e+00
-2.0970e+00  9.2638e-01 -4.0215e+00 -9.3238e+00  5.9425e+00 -1.2625e+01  1.6782e+01  1.0000e+00
 3.0836e+00 -7.0153e+00  1.4331e+00  1.0457e+01 -2.7180e+01  4.9709e+00  2.9544e+01  1.0000e+00
 1.7296e+01 -4.4584e+00 -1.6674e+01  7.5322e+01 -1.9855e+01 -7.2691e+01  1.0654e+02  1.0000e+00
 4.9862e-01 -1.0597e+01 -1.3985e+01  2.1846e+00 -4.2308e+01 -5.5789e+01  7.0051e+01  1.0000e+00
-2.0180e-01  4.1677e-01 -5.8020e-02 -9.6724e+00 -1.9728e+00 -5.1517e+00  1.1135e+01  1.0000e+00
-2.4783e-01  2.7671e-01  2.3931e-01  1.5529e+01 -1.0468e+01 -8.6296e+00  2.0620e+01  1.0000e+00
-2.4276e-01  7.6859e-01  3.6096e-01  3.6356e+00  1.3419e+01 -5.1636e+00  1.4831e+01  1.0000e+00
-1.3273e-01  2.9746e-01 -7.3744e-02 -5.6149e+00 -2.1296e-01  2.3498e+01  2.4161e+01  1.0000e+00
 1.7280e-01  4.0650e-01 -3.2293e-01 -6.8761e-01 -6.2441e+00  1.1603e+01  1.3194e+01  1.0000e+00
-1.1339e-01  4.2846e-01 -3.1018e-03 -1.4843e+01  7.5014e+00  4.0482e+00  1.7117e+01  1.0000e+00
-4.2778e-01  3.0931e-01  4.5074e-02 -1.9838e+00  8.0015e+00  2.5741e+01  2.7029e+01  1.0000e+00
 2.3352e-01 -3.4264e-02  2.2405e-01 -2.2349e+01  8.5833e+00  6.4448e+00  2.4793e+01  1.0000e+00
-7.4989e+00  1.4354e+01 -1.8389e+01 -2.8570e+01  5.4755e+01 -6.8035e+01  9.1886e+01  1.0000e+00
-6.9747e-01  2.6273e-01 -7.3666e-01  2.2779e+00  2.4557e+00  3.5838e+00  4.9054e+00  1.0000e+00
 5.6885e+00 -1.3570e+00  4.7430e+00  2.0394e+01 -4.2958e+00  1.7245e+01  2.7051e+01  1.0000e+00
 3.6256e+00  3.2471e+00  1.3497e-01  1.0690e+01  1.0086e+01  2.1262e+00  1.4850e+01  1.0000e+00
 5.6205e-01  4.5771e-01  3.6332e-01  2.4321e+01  1.5442e+00 -1.9206e+00  2.4445e+01  1.0000e+00
-2.3119e-01  5.1774e-01  6.8702e-02  2.5362e+01  4.5809e+00 -9.1323e-01  2.5788e+01  1.0000e+00
 1.0471e+00 -3.2456e+00  1.0324e+01  4.3281e+00 -1.2207e+01  4.0210e+01  4.2244e+01  1.0000e+00
 9.8635e+00  4.8040e+00  7.5977e-01  3.9254e+01  1.8955e+01  3.1823e+00  4.3707e+01  1.0000e+00
 4.7578e-01 -6.6420e+00  9.8147e-01  3.2396e+00 -2.4776e+01  4.4394e+00  2.5378e+01  1.0000e+00
-3.4375e-01  4.1149e-01  5.2304e-02  9.1474e+00 -1.3393e+01 -6.7451e+00  1.7566e+01  1.0000e+00
 1.9072e+00 -2.0791e+00 -5.0597e-01  4.8002e+00 -1.3706e+00  8.4723e-01  5.0634e+00  1.0000e+00
 5.0248e+00 -1.9146e+00  2.1508e+00  1.6331e+01 -6.5208e+00  7.4219e+00  1.9087e+01  1.0000e+00
-7.9372e-01  5.4435e-01  5.2975e-01  1.3632e+01 -1.5433e+00  6.1505e+00  1.5035e+01  1.0000e+00
-7.4641e-02  3.6880e-01 -1.0980e-01  1.1261e+01 -1.0236e+01 -2.2997e+01  2.7576e+01  1.0000e+00
-4.6959e-01  6.7871e-01 -7.1327e-03 -7.3066e+00  7.6702e+00 -3.7846e+00  1.1249e+01  1.0000e+00
-1.7749e+00 -2.7615e+00  2.7047e+00 -4.5331e+00 -7.5503e+00  7.5241e+00  1.1583e+01  1.0000e+00
-1.1517e-01  4.3468e-01  3.9037e-02 -9.8555e+00  2.9225e+01  1.2698e+01  3.3354e+01  1.0000e+00
-4.0717e-01  5.8304e-01  5.4751e-02 -1.9483e+00 -1.2015e+00  1.5689e+01  1.5855e+01  1.0000e+00
-3.6383e-01  3.4066e-01  5.7200e-01  1.7043e+01 -1.4015e+00  7.8125e+00  1.8801e+01  1.0000e+00
-3.8088e-01  2.2008e-01 -5.7415e-02 -6.0823e+00  7.5983e+00  1.0621e+01  1.4406e+01  1.0000e+00
-2.1853e-01  3.8492e-01  5.1088e-02 -5.8931e+00 -1.5494e+01  1.5537e+01  2.2720e+01  1.0000e+00
 1.4939e-01  2.0447e-01  1.2108e-01 -8.8495e+00  1.4097e+01  9.9477e+00  1.9390e+01  1.0000e+00
 2.6521e+00 -1.2962e+00  7.5307e+00  9.2889e+00 -5.5092e+00  2.8641e+01  3.0609e+01  1.0000e+00
-2.0156e-01  5.5367e-01  1.0508e-01 -7.4368e+00  2.3248e+01  5.7607e+00  2.5079e+01  1.0000e+00
-2.0934e-01  8.9080e-01  1.2062e-01 -2.4782e+00 -1.1681e+01  7.3178e+00  1.4005e+01  1.0000e+00
 4.1328e+00  3.4011e-01 -2.0157e+00  2.0165e+01  2.0924e+00 -9.7459e+00  2.2494e+01  1.0000e+00
-2.0133e-01  3.0852e-01  3.6526e-01 -8.6912e+00  2.5962e+01  4.4459e-01  2.7382e+01  1.0000e+00
 2.0595e+00 -6.6460e-01  7.0146e-01 -1.1507e+00 -5.1456e-01  4.7303e-01  1.3463e+00  1.0000e+00
-3.0452e-01  7.2795e-01 -3.0772e-01 -3.0541e+00  4.3772e+00  2.7076e+00  5.9848e+00  1.0000e+00
-4.8561e-02  5.3481e-01 -1.9063e-02 -1.1009e+00 -2.1062e+01 -2.9985e+00  2.1303e+01  1.0000e+00
 7.1034e-03  2.7398e-01  2.6519e-01 -9.6495e+00 -1.2342e+01 -3.0042e+00  1.5952e+01  1.0000e+00
 1.4886e-01  5.5071e-01  4.5413e-01 -5.2062e+00  4.3649e+00 -7.8755e+00  1.0401e+01  1.0000e+00
-5.0492e-01  1.1772e+00  2.9815e-01 -6.3693e+00  1.4563e+01  5.1868e+00  1.6720e+01  1.0000e+00
 8.9395e+00  1.0892e+00  1.6730e+00  3.4584e+01  3.7001e+00  6.1578e+00  3.5322e+01  1.0000e+00
-1.5120e-01  5.0739e-01  2.1994e-01  1.1591e+01 -6.4250e+00  9.4440e+00  1.6274e+01  1.0000e+00
-2.6359e-01  4.3286e-01  2.0386e-01  2.0956e+01 -3.0411e+01 -2.6360e+00  3.7026e+01  1.0000e+00
 8.5151e-03  5.8602e-01  1.4207e-01 -2.8627e+01 -2.9510e+00  1.9959e+01  3.5022e+01  1.0000e+00
-2.6400e-01  2.1169e-01  3.4824e-01  6.3269e+00 -7.0351e+00  7.4545e+00  1.2045e+01  1.0000e+00
-2.0601e-01  4.2993e-01  1.8777e-01 -4.2339e+00  1.5792e+01 -7.0169e-01  1.6365e+01  1.0000e+00
-1.4351e-01  6.1435e-01 -1.3553e-01 -1.4444e+00 -1.8065e+01 -1.4945e+00  1.8184e+01  1.0000e+00
-6.8307e-01  1.7251e+00 -1.7950e-02 -2.4272e+00  7.2211e+00 -4.2631e+00  8.7298e+00  1.0000e+00
 1.0554e+01 -5.1780e+00 -1.2476e+00  4.1939e+01 -1.9763e+01 -4.7810e+00  4.6608e+01  1.0000e+00
-6.3996e+00 -4.0390e+00 -2.5705e+00 -2.4163e+01 -1.4527e+01 -9.0297e+00  2.9604e+01  1.0000e+00
-3.0575e-01  2.9541e-01  1.0658e-01 -1.3147e+01  1.7053e+01 -1.8046e+00  2.1608e+01  1.0000e+00
 4.0012e+00  1.1732e+00  2.7010e+00  3.3497e+01  7.2010e+00  2.1377e+01  4.0384e+01  1.0000e+00
 1.3729e+00 -6.3598e-01 -9.3819e-01 -7.5222e-01  1.4266e+00  2.7067e+00  3.1508e+00  1.0000e+00
 2.7855e+00  2.1348e+00  3.4266e+00  7.4684e+00  7.3777e+00  1.0007e+01  1.4503e+01  1.0000e+00
-6.1969e-02  4.6137e-01  1.9265e-01 -1.3083e+00 -1.2533e+01  4.9914e+00  1.3554e+01  1.0000e+00
-1.3464e-01  2.6603e-01  3.0896e-01 -8.6277e+00  8.7415e+00 -8.5416e+00  1.4960e+01  1.0000e+00
-7.1126e-01  9.1589e-01  6.8585e-01 -1.4295e+00  2.5345e+00  4.4296e+00  5.2999e+00  1.0000e+00
 1.8485e+00 -1.2463e+00  1.8253e+00  1.4213e-01 -1.6004e+00  3.1088e+00  3.4994e+00  1.0000e+00
 1.7816e+01  4.8736e+00 -1.7551e+01  2.2219e+02  5.5317e+01 -2.1507e+02  3.1414e+02  1.0000e+00
-8.5968e-02  2.4059e-01  8.6586e-02  2.3260e+01  1.0232e+01 -2.2453e+00  2.5510e+01  1.0000e+00
 1.9444e+00 -1.0719e+00  1.8084e+00  3.4698e+00  2.1738e-01  1.4043e+00  3.7495e+00  1.0000e+00
 5.0449e-03  4.7753e-01  4.2233e-01 -1.4544e+01 -8.5153e+00 -6.9150e+00  1.8217e+01  1.0000e+00
 7.1744e-01 -2.1030e-02 -1.1945e-01  3.3212e+00  2.5517e+00 -2.4646e+00  4.8596e+00  1.0000e+00
 4.4723e-01  3.6408e-01  4.5023e-01 -3.9995e+00  9.6817e+00  2.2622e+00  1.0717e+01  1.0000e+00
 6.4038e-01 -1.5752e-01  5.9508e-02  2.0029e+01 -9.4558e+00 -3.5241e+00  2.2428e+01  1.0000e+00
-3.1019e-01  5.0451e-01  2.0068e-01  9.8884e+00  1.8770e+00  3.7238e+00  1.0732e+01  1.0000e+00
-2.1592e-01  4.0912e-01  1.8088e-01 -1.1579e+01 -8.3716e+00  1.9683e+01  2.4322e+01  1.0000e+00
-3.5371e+00 -5.2404e+00 -5.8526e+00 -1.3370e+01 -1.9357e+01 -2.1819e+01  3.2086e+01  1.0000e+00
 8.3132e-01 -1.7960e+00 -7.7542e+00  2.8944e+00 -5.6639e+00 -2.4312e+01  2.5130e+01  1.0000e+00
 6.9375e-02  2.9396e+00 -1.6792e+00  4.8818e+00  7.3922e+00 -3.4741e+00  9.5156e+00  1.0000e+00
-4.0642e-02  5.8553e-01  2.4257e-01 -3.8038e+00  1.5186e+01  5.1313e+00  1.6475e+01  1.0000e+00
 2.2869e-01  3.8407e-01 -2.4745e-03  6.9394e+00  9.8752e+00 -5.5998e+00  1.3305e+01  1.0000e+00
 1.8610e+00 -9.7672e-01 -2.1693e-01  1.9284e-01  2.6334e+00  5.0161e-01  2.6877e+00  1.0000e+00
-8.6166e-01  6.9779e-01  3.3456e-01 -1.4235e+01  3.9218e+00  4.8774e+00  1.5550e+01  1.0000e+00
 8.8935e+00  3.2749e+00 -2.0739e-01  3.3971e+01  1.3466e+01 -9.6907e-01  3.6556e+01  1.0000e+00
-4.9477e-01  5.7203e-01  1.6981e-01 -9.8496e+00  1.0189e+00  2.5358e+00  1.0222e+01  1.0000e+00
 6.5998e+00  3.4207e-01  7.4080e+00  2.5244e+01  1.5587e+00  2.8315e+01  3.7966e+01  1.0000e+00
-2.4395e-01  4.5459e-01  1.1508e-01  4.4126e+00 -2.2292e+01 -2.6506e+01  3.4914e+01  1.0000e+00
-5.8756e-01  7.2231e-01  2.0757e-01  1.2041e+01  2.1882e+01 -8.9498e+00  2.6531e+01  1.0000e+00
-1.0605e+01  2.1538e+00  2.3940e+00 -4.1687e+01  9.1017e+00  9.5810e+00  4.3731e+01  1.0000e+00
-8.3435e-01  1.6676e+00  3.2489e-01  1.6378e+00 -8.9728e+00  2.8886e+00  9.5675e+00  1.0000e+00
 2.2880e+00 -3.8604e+00  6.8319e+00  8.3945e+00 -1.4496e+01  2.5163e+01  3.0229e+01  1.0000e+00
 2.6761e+00 -2.7045e+00  5.6229e+00  9.1274e+00 -9.6851e+00  2.0170e+01  2.4165e+01  1.0000e+00
 4.6419e+00 -5.5138e+00 -2.0992e+00  1.6057e+01 -1.9945e+01 -7.3007e+00  2.6626e+01  1.0000e+00
 2.6839e+00 -1.5837e+00  5.5852e-01  4.9848e+00 -1.3149e+00  1.1793e+00  5.2885e+00  1.0000e+00
-4.4819e-01  6.8497e-01 -1.4739e-01  9.9773e+00 -2.2056e+00  1.5596e+00  1.0337e+01  1.0000e+00
-4.2990e-01  5.6191e-01  1.0358e+00  2.7661e+00  8.4016e+00  4.9343e+00  1.0128e+01  1.0000e+00
-2.1564e-01  4.9788e-01  2.7574e-01  1.1832e+00  2.3266e+01 -5.6436e-01  2.3303e+01  1.0000e+00
-1.6331e-01  4.8693e-01  2.9483e-01 -1.8686e+01  2.9034e+01 -9.4559e+00  3.5798e+01  1.0000e+00
 5.7808e-02  2.7805e-01  1.1172e-01  2.4008e+00 -7.5502e-01 -1.1500e+01  1.1772e+01  1.0000e+00
-3.1957e-01  3.1255e-01 -2.5615e-01  1.3882e+01  2.2300e+00 -5.8746e+00  1.5238e+01  1.0000e+00
-1.0854e-01  6.7684e-01  2.4810e-01 -1.0402e+01 -2.1660e+01 -4.4913e+00  2.4444e+01  1.0000e+00
-1.3853e+01  5.6932e+00  5.1467e+00 -5.5193e+01  2.3076e+01  2.1293e+01  6.3499e+01  1.0000e+00
-2.0226e-02  6.5117e-01  1.0100e-01  6.8300e+00  1.3304e+01 -2.2124e+00  1.5118e+01  1.0000e+00
-4.1988e-01  6.0265e-01  2.0149e-01 -1.2500e+01  1.8088e+01  3.8250e-01  2.1990e+01  1.0000e+00
-6.0486e-01  7.0159e-01 -7.2712e-02  2.5702e+00  1.1372e+00 -4.3837e+00  5.2073e+00  1.0000e+00
 5.2932e+00 -4.6293e+00 -1.9700e+00  2.0105e+01 -1.6682e+01 -6.3460e+00  2.6884e+01  1.0000e+00
-4.9255e-01  5.2270e-01 -1.0371e-01 -1.8744e+00  4.0897e+00 -8.3475e+00  9.4826e+00  1.0000e+00
 3.6042e+00 -3.1605e+00  7.6956e+00  1.3319e+01 -1.1387e+01  2.9995e+01  3.4738e+01  1.0000e+00
-1.5751e-01  4.8177e-01  3.0527e-01 -3.1267e+00  3.1218e+00 -4.9332e+00  6.6226e+00  1.0000e+00
-1.2347e+00 -1.5721e+00 -6.6368e+00 -5.3669e+00 -5.1278e+00 -2.3936e+01  2.5060e+01  1.0000e+00
 1.9153e+00 -1.2289e+00  9.1390e-01  3.2017e-01 -2.2290e-01  6.2503e-01  7.3679e-01  1.0000e+00
 2.2101e-01  3.5828e-01 -1.0666e-01  7.4391e+00  6.6376e+00 -2.1238e+00  1.0194e+01  1.0000e+00
 6.4367e-02  4.2123e-01 -7.0319e-02  6.0155e+00  9.1639e+00  5.8428e+00  1.2422e+01  1.0000e+00
-1.1759e+00  8.6521e-01  3.6180e-01  7.1766e+00 -5.0252e+00  7.2666e-01  8.7912e+00  1.0000e+00
-7.7778e-02  2.4164e-02  1.1891e-01 -3.6403e+00 -8.9852e-01  2.4322e+01  2.4610e+01  1.0000e+00
 2.6294e-01  7.2271e-02  1.6749e-01  1.1930e+01 -3.2477e+00 -3.1550e+00  1.2760e+01  1.0000e+00
 7.8092e-02  6.9532e-01 -2.1280e-01  2.9276e+00  2.2429e+00  7.5560e+00  8.4080e+00  1.0000e+00
 2.6084e+00 -1.6357e+00  8.4452e-01  2.5655e+00 -3.1668e-02  3.7471e+00  4.5414e+00  1.0000e+00
-1.1022e+00 -2.9811e+00  7.0523e+00 -4.2062e+00 -1.1919e+01  2.6638e+01  2.9484e+01  1.0000e+00
 3.9873e-01  2.2965e-01  3.8356e-01 -1.0232e+01  1.3147e-01 -9.1193e-01  1.0274e+01  1.0000e+00
-4.5772e-01  3.5738e-01  1.0711e-01 -8.5056e+00 -4.9870e-02  8.8300e+00  1.2260e+01  1.0000e+00
-9.8675e+00  1.5785e+00 -2.9696e+00 -3.6099e+01  8.6448e+00 -9.5830e+00  3.8337e+01  1.0000e+00
-3.2755e-01  4.3919e-01  3.3796e-02 -1.9179e+01  1.8851e+00 -7.4511e-01  1.9286e+01  1.0000e+00
-7.8030e-02  4.8471e-01  5.9109e-03  1.6478e+00  9.5192e+00 -1.7709e+01  2.0173e+01  1.0000e+00
-2.7564e-01  5.2239e-01  1.9093e-01 -9.3506e+00  1.9456e+01 -1.8626e+01  2.8511e+01  1.0000e+00
-3.5588e+00 -1.3233e+01 -1.4645e+01 -1.4975e+01 -4.4844e+01 -5.2356e+01  7.0543e+01  1.0000e+00
 9.1946e+00 -8.1476e+00  2.3216e+00  3.5800e+01 -3.1527e+01  8.8355e+00  4.8515e+01  1.0000e+00
-1.9836e-01  6.0813e-01  6.6968e-01 -2.3258e+00  1.3142e+01  2.0012e+01  2.4055e+01  1.0000e+00
 8.6122e-01 -2.8264e-01 -1.7241e+00 -2.5091e-01  2.0459e+00  2.6317e+00  3.3428e+00  1.0000e+00
-1.7029e-01  1.9571e-01  5.5094e-01 -1.6032e+01 -1.1497e+00  3.6046e+00  1.6473e+01  1.0000e+00
 8.0385e-01 -8.6560e-01 -1.8458e+00  1.6630e+00  2.5266e+00  1.4610e-01  3.0284e+00  1.0000e+00
-2.4288e-02  2.8047e-01  3.1769e-01  9.6862e+00 -5.7401e+00  2.6700e+01  2.8977e+01  1.0000e+00
-3.8171e-01  8.1115e-01  2.2813e-01 -8.1295e+00  6.4834e+00 -6.2666e+00  1.2141e+01  1.0000e+00
-5.0682e+00  7.7735e+00 -4.2695e+00 -1.9539e+01  3.0907e+01 -1.6160e+01  3.9977e+01  1.0000e+00
-2.7931e-01  2.2671e-01  3.3033e-01  1.2569e+01  2.7688e+00  8.4111e+00  1.5375e+01  1.0000e+00
-1.3223e+00  3.9891e-01 -1.5822e-01  7.2321e+00  1.6846e+00  8.0431e+00  1.0947e+01  1.0000e+00
 2.2930e-01  5.2485e-01  1.5139e-01  1.0049e+01 -1.0554e+01  4.6612e+00  1.5300e+01  1.0000e+00
-1.1767e-01  4.9499e-01  2.1324e-01  1.5862e+01 -1.5297e+01  1.5444e+00  2.2090e+01  1.0000e+00
-3.7326e-01  6.6782e-01 -3.2086e-02 -5.8009e+00 -1.0941e+01  8.2137e+00  1.4860e+01  1.0000e+00
-2.0758e-01  3.5397e-01  2.1428e-01  1.4051e+01  7.3995e+00 -1.8789e+01  2.4601e+01  1.0000e+00
-2.1347e-01  6.2112e-01  1.7269e-01 -3.0697e+01  1.1886e+00 -1.8498e+01  3.5860e+01  1.0000e+00
 9.5357e-02  2.1452e-01  2.1311e-01 -1.0582e+01 -2.9721e+00  8.0324e+00  1.3614e+01  1.0000e+00
-4.9094e-01  5.4176e-01  1.3999e-01  8.3868e+00  7.9082e+00  5.4319e+00  1.2743e+01  1.0000e+00
-5.2337e-01  4.1961e-01 -1.8744e-01  2.2570e+00  6.2810e+00 -1.3526e+01  1.5083e+01  1.0000e+00
 2.5155e+00 -4.0537e+00  6.6930e+00  8.7174e+00 -1.3492e+01  2.5889e+01  3.0468e+01  1.0000e+00
-6.2271e-02  3.5398e-01  2.6803e-01  1.7522e+01 -3.6369e+00  1.0497e-01  1.7896e+01  1.0000e+00
 1.7953e+01 -1.2338e+01 -2.5496e+01  6.9261e+01 -4.7269e+01 -9.5450e+01  1.2705e+02  1.0000e+00
-9.6344e-02  2.5221e-01 -8.8350e-02 -4.4380e+00 -9.8336e+00  3.2007e+00  1.1253e+01  1.0000e+00
-1.2629e+00  2.0714e+00  2.2232e+00 -3.1583e+00  6.9054e+00  3.0363e+00  8.1779e+00  1.0000e+00
 4.7852e+00 -1.7236e+00 -1.3247e+00  1.8533e+01 -4.3865e+00 -3.3238e+00  1.9333e+01  1.0000e+00
-4.4075e-01  3.8621e-01  1.5690e-01 -1.3783e+01  3.2872e+00 -6.8907e+00  1.5757e+01  1.0000e+00
-6.0590e-01 -2.0466e-01  9.6181e-01 -7.2914e-02 -1.2180e+01  1.0362e+01  1.5991e+01  1.0000e+00
-1.2431e-02  5.0902e-01  7.6390e-02  1.3811e+01 -1.2213e+01  1.4188e+01  2.3264e+01  1.0000e+00
 8.8556e-03  5.9908e-01  2.4427e-01  8.0837e+00 -6.0835e-01  2.3690e+00  8.4456e+00  1.0000e+00
-2.2703e-01  4.0319e-01  9.8615e-02  7.0798e-01  1.5324e+00  3.8006e+00  4.1587e+00  1.0000e+00
 6.1462e-01  1.6423e-02  1.7684e-01  1.1360e+01 -3.0676e+00 -4.0021e+00  1.2429e+01  1.0000e+00
 3.3233e-01  1.0155e+00  6.5689e-02  4.6565e+00  8.5864e+00  1.5246e+00  9.8860e+00  1.0000e+00
-9.6468e-01  9.6445e-01  8.0359e-01 -2.9449e+00  1.0232e+01  1.0775e+01  1.5148e+01  1.0000e+00
 4.5383e-01 -3.6962e+00  6.5896e+00  1.6184e+00 -1.3687e+01  2.4028e+01  2.7701e+01  1.0000e+00
-6.1632e+00  4.9957e+00 -3.8393e+00 -5.8561e+01  4.4654e+01 -3.7555e+01  8.2667e+01  1.0000e+00
 1.4414e-02  9.7616e-01 -3.9371e-01 -6.4623e+00 -3.7379e+00  1.0344e+00  7.5368e+00  1.0000e+00
 4.0440e-01  6.9554e-02  5.7352e-01  9.2166e+00 -8.1942e+00  4.7350e+00  1.3210e+01  1.0000e+00
-4.3304e-02  5.9902e-01  3.0693e-02 -1.0043e+01  4.7630e-02 -1.4761e+01  1.7854e+01  1.0000e+00
-1.2582e-01  4.7625e-01  2.4096e-01  2.4709e+01  3.8287e+01 -6.6435e+00  4.6049e+01  1.0000e+00
 4.7534e-01  7.6655e-01  4.6925e-01  8.5427e+00  1.6486e+00  2.2196e+00  8.9790e+00  1.0000e+00
-7.3768e-01  8.2563e-01  5.4824e-01 -1.2942e+01  1.9342e+00  3.9809e+00  1.3678e+01  1.0000e+00
-6.2808e+00  5.2723e+00 -1.7699e+00 -2.3117e+01  1.9525e+01 -6.4194e+00  3.0933e+01  1.0000e+00
 3.5973e+00 -2.7863e+00 -1.1003e+01  1.4271e+01 -1.1253e+01 -4.3674e+01  4.7305e+01  1.0000e+00
-2.5164e-01  8.1312e-01  1.9663e-01  2.4549e-01 -4.3276e+00 -1.4644e+01  1.5272e+01  1.0000e+00
-3.5085e-01 -7.4134e+00 -5.2782e+00  5.4990e-01 -2.7795e+01 -1.9568e+01  3.3996e+01  1.0000e+00
-2.6046e+00  2.4399e+00 -1.0483e+01 -1.0676e+01  1.0116e+01 -4.1108e+01  4.3660e+01  1.0000e+00
 1.3546e+00 -6.5298e+00  3.8132e-02  4.7917e+00 -2.4326e+01  2.4129e-01  2.4794e+01  1.0000e+00
 3.7923e-01  1.2811e+00  3.6624e-02  8.3793e+00  7.5155e+00  1.8623e-01  1.1257e+01  1.0000e+00
-1.2530e+00 -1.5244e+00 -7.2298e+00 -4.7279e+00 -6.4367e+00 -2.5993e+01  2.7192e+01  1.0000e+00
 1.8230e-01  1.2351e+00  9.0090e-01  7.9981e+00  1.4938e+01  1.5134e+01  2.2719e+01  1.0000e+00
-6.8485e-02  3.4143e-01  4.0315e-01 -6.7027e+00  2.1594e+01  1.4693e+00  2.2658e+01  1.0000e+00
 2.9931e+00  2.2539e+00  4.3275e+00  1.8980e+01  1.0487e+01  2.5940e+01  3.3810e+01  1.0000e+00
-2.3028e-01  4.6268e-01  7.9810e-02  2.2001e+01 -1.2259e+01  1.5404e+01  2.9523e+01  1.0000e+00
 4.2528e+00 -5.5728e+00 -2.2331e+00  1.6869e+01 -1.9727e+01 -8.1122e+00  2.7194e+01  1.0000e+00
-8.4173e-02  6.4276e-01  1.4448e-01 -8.3873e+00 -1.3593e+01  6.5889e+00  1.7278e+01  1.0000e+00
-1.1509e-01  4.9223e-01  1.4478e-01  2.9249e+01  5.4942e+00  1.2012e+01  3.2094e+01  1.0000e+00
-7.4993e+00 -3.4045e+00 -2.4137e+00 -2.8249e+01 -1.2635e+01 -8.6676e+00  3.2137e+01  1.0000e+00
 4.1280e+00  1.9917e+00  3.7295e+00  1.3922e+01  8.1973e+00  1.4681e+01  2.1830e+01  1.0000e+00
-2.7593e-01  5.9069e-01 -1.8949e-01  5.0225e+00 -3.7422e-01 -3.1473e+00  5.9390e+00  1.0000e+00
 2.8753e+00 -9.5872e+00 -7.5273e-01  1.1653e+01 -3.7510e+01 -2.9706e+00  3.9391e+01  1.0000e+00
 9.4885e-02  4.7837e-01  2.5235e-01  3.8624e+00  9.0148e+00  5.6850e-01  9.8239e+00  1.0000e+00
-1.3062e+01 -1.2032e+00  1.9311e+01 -5.7046e+01 -5.5913e+00  8.4154e+01  1.0182e+02  1.0000e+00
 5.4703e+00 -9.5830e+00 -7.7512e+00  2.2200e+01 -3.8038e+01 -3.0982e+01  5.3848e+01  1.0000e+00
-1.9989e-01  4.6649e-01  1.3430e-01 -3.7361e+01  1.6831e+01  1.2260e+01  4.2772e+01  1.0000e+00
 4.4499e-01 -1.4285e-01  4.6437e-01  2.5869e-01 -3.5484e+00 -2.5132e+00  4.3559e+00  1.0000e+00
-4.7010e-02  5.5603e-01  1.9352e-01 -5.0883e+00 -2.9234e+01  1.4792e+01  3.3156e+01  1.0000e+00
-3.6140e+00 -1.0203e+00 -2.7437e+00 -1.1794e+01 -2.2488e+00 -8.5580e+00  1.4744e+01  1.0000e+00
 1.2860e-01  5.1210e-01  1.8318e-01  3.2203e+01  1.3953e+01 -2.3685e-01  3.5097e+01  1.0000e+00
-4.5090e-01  5.4663e-01  2.0121e-01  5.0558e+00  2.0879e+01  1.1111e+01  2.4186e+01  1.0000e+00
-1.1494e-01 -7.3745e+00 -5.2339e+00 -1.4471e+00 -2.7181e+01 -1.9816e+01  3.3669e+01  1.0000e+00
-2.1486e-01  5.6757e-01  9.8064e-02  8.0930e+00 -1.3395e+01 -2.0653e+00  1.5786e+01  1.0000e+00
-1.1304e-01  5.5758e-01  1.2462e-02  2.4882e+00  7.4355e-01 -2.8495e+01  2.8613e+01  1.0000e+00
-2.0391e-01  4.4118e-01  2.0744e-01 -2.8581e+00 -2.7173e+01  8.2077e+00  2.8529e+01  1.0000e+00
 1.5733e-02  3.9327e-01  9.4737e-01 -1.2176e+01  3.5097e+00 -1.2326e+01  1.7677e+01  1.0000e+00
-3.8539e-01  5.4941e-01  2.3355e-01  4.6334e+00  2.0846e+01  3.0784e+00  2.1576e+01  1.0000e+00
-1.4572e+01 -1.7033e+01  7.8382e+00 -5.1456e+01 -6.2700e+01  2.9594e+01  8.6341e+01  1.0000e+00
 4.1967e-02  2.7907e-01  3.1469e-01  2.6000e+00  1.5988e+01  1.2208e+01  2.0284e+01  1.0000e+00
-8.0646e-01  1.3484e+00 -6.6730e-01 -1.0075e+01  1.6401e+01 -9.0066e+00  2.1251e+01  1.0000e+00
-1.9992e-01  6.3758e-01  1.6624e-02 -2.4649e+00  1.2218e+01  6.4604e+00  1.4039e+01  1.0000e+00
 4.9844e-02  4.4644e-01  2.1129e-01 -1.2761e+01 -1.5056e+01  4.8297e+00  2.0319e+01  1.0000e+00
 3.1938e-01  3.9791e-01  3.8494e-02 -1.4539e+01  9.7789e+00  8.7588e+00  1.9589e+01  1.0000e+00
 6.0799e-01  9.3739e-01 -4.1161e-04  7.3144e+00  4.3147e-01 -4.6689e-01  7.3420e+00  1.0000e+00
-5.9679e-01  6.1109e-02 -3.3705e-01  1.6336e+00  2.5630e+00 -5.6683e+00  6.4317e+00  1.0000e+00
-3.6758e-02 -6.5157e+00  3.1913e+00 -2.5220e-01 -2.4390e+01  1.1456e+01  2.6947e+01  1.0000e+00
-8.1587e+00 -5.0272e+00 -3.0376e+00 -2.8887e+01 -1.5381e+01 -9.8133e+00  3.4167e+01  1.0000e+00
-9.3147e-01 -1.3521e+00 -4.8501e-01 -7.0540e+00  2.0871e+00 -1.5022e+00  7.5080e+00  1.0000e+00
-3.1805e-01  5.9920e-01 -2.2900e-01  1.0413e+01 -9.6141e+00 -1.6992e+00  1.4274e+01  1.0000e+00
 1.0456e+01 -3.7808e+00 -6.6668e-01  4.1211e+01 -1.4629e+01 -2.2937e+00  4.3791e+01  1.0000e+00
 4.0408e-01  8.7057e-01 -3.9483e-01 -8.8347e+00  1.3226e+01 -5.8102e+00  1.6934e+01  1.0000e+00
 1.0971e+02 -1.3610e+02  8.9646e+01  3.8386e+02 -4.7418e+02  3.0947e+02  6.8408e+02  1.0000e+00
-6.7356e-01  4.9537e-01 -1.3175e-01  7.8347e+00  1.4806e+01  4.5385e+00  1.7355e+01  1.0000e+00
-3.1402e-01  4.0949e-01  2.9635e-01  7.5814e+00 -1.7932e+00  2.7456e+01  2.8540e+01  1.0000e+00
-2.3744e-01  5.1830e-01  1.5109e-01 -7.9045e+00  1.9517e-01 -1.0097e+01  1.2825e+01  1.0000e+00
 6.0486e+00  4.9438e+00  3.7950e-01  2.2271e+01  1.7833e+01  1.9294e+00  2.8595e+01  1.0000e+00
-4.1589e+00 -1.2115e+00  2.0442e+00 -2.0645e+01 -4.9992e+00  1.1402e+01  2.4108e+01  1.0000e+00
 1.5088e+00 -8.1290e+00  5.1061e-01  5.3975e+00 -3.0377e+01  1.2718e+00  3.0879e+01  1.0000e+00
-3.3093e-01  3.4497e-01 -2.6753e-02 -1.1437e+01 -6.9703e+00 -2.5640e+01  2.8928e+01  1.0000e+00
 4.3652e-01  3.8728e+00 -5.8882e+00  1.3926e+00  1.3872e+01 -2.1823e+01  2.5896e+01  1.0000e+00
-1.2431e+01  4.1790e+00  4.5696e+00 -6.8819e+01  2.3136e+01  2.5079e+01  7.6813e+01  1.0000e+00
-3.5715e-01  6.1401e-01  2.1802e-01 -7.5686e-01 -1.1962e+01  8.1891e+00  1.4516e+01  1.0000e+00
 1.8738e-02  1.3983e+00  1.7585e-01 -4.1682e+00  7.3669e+00  5.5129e+00  1.0101e+01  1.0000e+00
-5.8338e-02  4.3808e-01  2.8403e-01  1.3241e+01  4.8433e+00  2.5198e+01  2.8874e+01  1.0000e+00
-2.5072e-01  5.7719e-01  1.5790e-01  3.2377e+01  1.3401e+01 -2.4625e+01  4.2828e+01  1.0000e+00
 8.1166e-01 -8.1100e+00  6.4347e+00  2.9847e+00 -3.1670e+01  2.5165e+01  4.0561e+01  1.0000e+00
 2.3887e+00 -4.3625e+00  1.9008e+00  2.3916e+01 -4.4912e+01  1.7562e+01  5.3828e+01  1.0000e+00
 1.8855e-01  5.2724e+00  6.4916e-01 -3.3009e+00  1.8122e+01  3.3486e+00  1.8722e+01  1.0000e+00
-1.1223e-01  6.3380e-01  7.3806e-02  1.9214e+01  6.8899e+00  1.6074e+01  2.5981e+01  1.0000e+00
 2.2674e+00 -1.1372e+00  5.0717e-01  1.4953e+00  7.1480e-01  6.3484e-01  1.7748e+00  1.0000e+00
-4.6370e-01  7.1951e-01  2.7078e-01 -4.7877e+00 -1.7831e+01  6.3723e+00  1.9531e+01  1.0000e+00
 4.5282e+00 -1.8030e+00  2.5675e+00  1.5897e+01 -4.2448e+00  8.4534e+00  1.8499e+01  1.0000e+00
 3.1505e-03  2.4873e-01  6.4408e-01  9.0440e+00 -7.3343e+00  7.4935e+00  1.3847e+01  1.0000e+00
-1.0903e-01  3.6691e-01  2.5606e-01  1.2753e+01 -1.0246e+01 -1.9925e+01  2.5781e+01  1.0000e+00
-1.9701e-01  3.9016e-01  8.8407e-02 -9.0477e+00  1.8925e+01 -1.9432e+01  2.8594e+01  1.0000e+00
-1.8116e+00 -1.5666e+00 -8.8840e+00 -6.5368e+00 -5.5364e+00 -3.3855e+01  3.4921e+01  1.0000e+00
-1.0397e+00 -4.8950e-01  2.2707e+00 -2.8710e+00 -2.1489e+00  1.0221e+01  1.0832e+01  1.0000e+00
 1.0619e+01 -2.9639e-01 -2.4128e+00  4.1777e+01 -7.5602e-01 -8.7227e+00  4.2684e+01  1.0000e+00
-4.8658e-02 -1.7221e-02 -6.5012e-02  4.1065e-01 -7.1243e+00  8.6720e+00  1.1231e+01  1.0000e+00
 3.6615e+00 -4.7808e-01  9.6421e+00  1.4802e+01 -2.6036e+00  3.8480e+01  4.1311e+01  1.0000e+00
-2.7427e-01  5.2725e-01  9.7636e-01  2.2642e+00  1.1295e+00  1.7003e+01  1.7190e+01  1.0000e+00
-8.4302e-01 -5.1272e-02  3.3844e-01 -4.7059e+00  9.4801e+00 -1.6236e+01  1.9381e+01  1.0000e+00
-4.4076e+00  7.4217e-01  7.0203e+00 -1.6005e+01  2.7206e+00  2.6486e+01  3.1065e+01  1.0000e+00
-2.7116e-01  4.6893e+00  2.1984e-02 -4.3976e+00  1.1263e+01 -1.1371e+00  1.2144e+01  1.0000e+00
-3.7553e-01  3.9613e-01  3.0908e-01  6.1778e+00  1.0137e+01  3.6954e+00  1.2433e+01  1.0000e+00
 7.7161e-01  1.7235e+01  1.1488e+01  2.8658e-01  6.3611e+01  4.0567e+01  7.5447e+01  1.0000e+00
-3.0862e+00  2.7765e+00 -1.4265e+00 -9.0570e+00  7.7202e+00 -2.0562e+00  1.2077e+01  1.0000e+00
-7.1793e-02  1.0162e+00 -3.3818e-01 -8.1965e+00  1.0834e+01  2.0863e+00  1.3745e+01  1.0000e+00
 1.6205e-01  2.9409e-01 -9.3711e-01  3.5328e+00  1.3432e+00 -3.6623e+00  5.2628e+00  1.0000e+00
-1.1085e-01  8.6470e-01  5.3347e-01  1.0001e+00  2.0594e+01  9.0160e+00  2.2503e+01  1.0000e+00
 8.0297e-02  5.8554e-01  2.3395e-01  5.5311e+00  5.5019e+00  1.9760e+01  2.1244e+01  1.0000e+00
 4.4081e-02  4.8229e-01  3.3274e-01  9.9252e+00 -1.1046e+01 -5.0088e+00  1.5672e+01  1.0000e+00
-2.3278e+00 -1.4014e-01  2.9543e+00 -4.1229e+00  6.0177e-01  6.9775e+00  8.1269e+00  1.0000e+00
-2.6768e-01  3.9156e-01  2.2154e-01 -1.7755e+01  7.5963e+00 -3.5673e+00  1.9639e+01  1.0000e+00
-4.1375e+00  3.4975e+00  1.4001e+00 -2.8166e+01  2.3448e+01  7.4488e+00  3.7398e+01  1.0000e+00
-2.4319e-01  3.9547e-01 -9.3982e-02  9.6909e+00 -1.6966e+01 -3.8699e+00  1.9918e+01  1.0000e+00
-1.9440e-01  3.9735e-01  1.0424e-01 -2.6963e+01 -4.2282e+00 -9.8291e+00  2.9008e+01  1.0000e+00
-3.3414e-01  3.2185e-01  2.6836e-01 -5.9538e+00  1.7570e+00 -1.4503e+01  1.5776e+01  1.0000e+00
-3.2942e-01  3.7914e-01 -9.3028e-03  4.4331e+00  1.5836e+01 -8.1556e+00  1.8356e+01  1.0000e+00
 3.6166e+00 -6.2733e+00 -3.0519e+00  1.3486e+01 -2.2373e+01 -1.1447e+01  2.8521e+01  1.0000e+00
-1.4400e+00  5.9388e-01  5.9020e-01 -4.8041e+00  5.6637e+00  2.7480e+00  7.9189e+00  1.0000e+00
 4.5658e+00  1.1526e+00 -1.0823e+01  1.7991e+01  5.3087e+00 -3.8500e+01  4.2827e+01  1.0000e+00
-8.2613e-01  4.5120e+00 -3.1470e+00 -2.7661e+00  1.5150e+01 -8.7930e+00  1.7734e+01  1.0000e+00
-9.1168e+00 -3.3156e+00  2.1780e+00 -3.6086e+01 -1.2365e+01  8.5723e+00  3.9097e+01  1.0000e+00
 1.1284e+01 -1.1046e+00 -4.6814e+00  4.5466e+01 -4.3300e+00 -1.8485e+01  4.9271e+01  1.0000e+00
 4.3439e+00 -2.3878e+01  1.4762e+01  1.7624e+01 -9.7772e+01  6.0779e+01  1.1647e+02  1.0000e+00
-4.3705e-01  6.5372e-01  4.2515e-01 -1.4794e+00  8.7698e+00 -2.0190e+00  9.1200e+00  1.0000e+00
 3.3816e-02  1.9105e-01  7.9086e-02 -8.3715e+00  9.5855e+00 -6.0672e+00  1.4099e+01  1.0000e+00
 2.2714e-01  3.6836e-01  1.9060e-01 -9.9028e+00 -2.7602e-01 -7.9880e+00  1.2726e+01  1.0000e+00
 1.3714e-01  4.6372e-01 -5.3299e-02 -2.1121e+01  1.4498e+01  9.7934e+00  2.7426e+01  1.0000e+00
-5.7628e+00 -3.0991e+00 -2.9406e+00 -2.1647e+01 -1.0012e+01 -1.1175e+01  2.6338e+01  1.0000e+00
 6.8562e-02  2.4593e-01  5.9610e-01  2.6975e+00  1.2564e+01 -5.0574e+00  1.3810e+01  1.0000e+00
 4.0980e-01  8.3304e-01  4.5863e-01 -1.2142e+01 -1.4050e+00  1.0923e+01  1.6393e+01  1.0000e+00
-1.3907e-01  4.5055e-01  2.3606e-01  8.1606e+00  1.1786e+01 -1.7188e+01  2.2381e+01  1.0000e+00
-4.4900e-02  5.5136e-01  1.3062e-01 -1.0623e+01 -1.9146e+00  8.7927e+00  1.3922e+01  1.0000e+00
 1.8244e+00 -2.1020e+00 -2.4302e+00  5.0318e+00 -3.8324e+00 -4.5364e+00  7.7836e+00  1.0000e+00
 8.8865e-02  5.7792e-01  2.2687e-01  7.3585e+00 -6.3804e+00  6.4848e+00  1.1701e+01  1.0000e+00
-3.7152e-02  6.6211e-01  3.2835e-01  5.1575e+00  2.2506e+00 -5.8293e+00  8.1022e+00  1.0000e+00
 3.9426e+00 -4.6207e+00 -5.8728e+00  1.4588e+01 -1.7834e+01 -2.1435e+01  3.1469e+01  1.0000e+00
-5.8296e-01  3.9401e-01  3.4705e-01 -7.8193e+00  1.8980e+00 -1.0344e+01  1.3105e+01  1.0000e+00
-3.6652e-01  5.3279e-01  3.0915e-01  2.1356e+01  2.2832e+00 -8.2618e+00  2.3012e+01  1.0000e+00
 2.4507e-01  3.3852e-01 -2.6701e-02  9.8986e-01 -3.2781e+00 -2.7734e+00  4.4066e+00  1.0000e+00
-5.7911e-01  1.2498e+00  1.3273e+00 -2.9815e+00 -3.9582e+00  5.7138e+00  7.5634e+00  1.0000e+00
-4.5657e-01  7.0596e-01  3.6892e-01  7.5293e+00 -4.1516e+00 -3.5661e+00  9.3082e+00  1.0000e+00
-2.1032e-01  4.8121e-01  4.7647e-02  9.0142e+00  2.6383e+01 -2.7892e+00  2.8019e+01  1.0000e+00
 9.7186e-01 -5.2447e-01 -8.0882e-03 -4.7395e+00  8.7887e+00  3.0221e+00  1.0432e+01  1.0000e+00
-8.6452e+00  2.1109e+00  4.2213e+00 -6.0604e+01  1.4530e+01  2.9924e+01  6.9133e+01  1.0000e+00
-2.7908e-01  5.0945e-01  4.3358e-02 -2.1697e+01 -4.6625e-01  5.3739e-01  2.1708e+01  1.0000e+00
 5.5462e+00  3.7350e+00 -6.1318e-01  1.8947e+01  1.4094e+01 -1.1920e+00  2.3644e+01  1.0000e+00
-3.9765e-01  3.3171e-01  2.2853e-01 -1.2837e+01 -1.9865e+01  1.4139e+01  2.7556e+01  1.0000e+00
-5.5609e-02  6.0469e-01  2.3663e-01 -2.1796e+01 -2.9162e+00  4.6217e+00  2.2471e+01  1.0000e+00
-4.3210e-01  5.5421e-01  1.9947e-01 -3.5319e-02 -2.9679e+00  4.0474e+00  5.0191e+00  1.0000e+00
 8.6545e-01  5.4126e+00  5.3254e-02  4.5242e+00  1.7211e+01 -1.5789e+00  1.7866e+01  1.0000e+00
-1.0975e+02  1.3591e+02 -9.0433e+01 -3.7964e+02  4.7214e+02 -3.1702e+02  6.8377e+02  1.0000e+00
-5.4084e-01  2.2837e-01  2.5837e-02  2.5497e+01 -9.4517e+00 -5.6980e-01  2.7199e+01  1.0000e+00
-6.9206e-02  4.5638e-01  3.9862e-02  1.5695e+00  1.1989e+01 -1.2258e+01  1.7218e+01  1.0000e+00
-2.3175e-01  6.2168e-01  1.5902e-01  2.7838e+01 -2.9163e+01  8.2581e+00  4.1153e+01  1.0000e+00
-4.4526e-01  6.9856e-01 -1.0421e-03  3.5643e+00  2.1082e+00 -9.1692e+00  1.0061e+01  1.0000e+00
 6.7168e-02  6.9404e-01  5.5130e-01  1.9196e+01  5.1223e+00 -1.3011e+00  1.9910e+01  1.0000e+00
 3.6650e+00 -5.5421e+00 -5.2710e+00  1.2623e+01 -2.0355e+01 -2.1427e+01  3.2137e+01  1.0000e+00
 1.5954e+00 -4.3400e-01 -5.7169e-02  1.0254e+01 -1.8416e+00  1.1177e+00  1.0478e+01  1.0000e+00
-1.5331e+00  6.9149e-02  1.1084e+00 -6.8135e+00 -1.4256e+00  9.9721e+00  1.2161e+01  1.0000e+00
 4.0734e-02  5.1707e-01  7.0672e-01  3.6101e+00 -3.2346e-01 -1.9474e+00  4.1146e+00  1.0000e+00
-7.9560e+00  3.5458e-01  6.7240e+00 -3.1067e+01  2.2951e+00  2.6877e+01  4.1143e+01  1.0000e+00
-1.9335e-01  6.2696e-01  3.8280e-01 -2.1994e+01  9.2101e+00 -8.8004e+00  2.5417e+01  1.0000e+00
-1.8709e-01  4.3823e-01  2.2474e-01  2.1843e+01  1.3000e+01 -1.6194e+01  3.0139e+01  1.0000e+00
-5.3712e+00  4.7996e+00 -8.6384e+00 -2.1018e+01  1.9393e+01 -3.3959e+01  4.4396e+01  1.0000e+00
 9.0657e+00 -6.2449e+00  2.4739e+00  3.5567e+01 -2.4092e+01  9.9378e+00  4.4093e+01  1.0000e+00
 5.0731e+00 -3.1044e+00  5.5360e+00  1.8405e+01 -1.1350e+01  2.1019e+01  3.0156e+01  1.0000e+00
-5.1216e-01  6.4917e-01  4.0420e-01 -2.2311e+01  3.1280e+00 -2.2871e+00  2.2645e+01  1.0000e+00
-3.0738e-01  4.7032e-01  1.1893e-01 -1.3842e+01 -1.3906e+00  3.0374e-01  1.3915e+01  1.0000e+00
-2.3338e-01  5.6020e-01  1.4538e-01  2.7895e+01 -7.2482e+00 -6.3338e+00  2.9509e+01  1.0000e+00
-4.3947e+00  8.8872e-01  1.6014e+00 -1.3654e+01  1.2332e+00  3.9432e+00  1.4265e+01  1.0000e+00
-2.1431e-01  4.5816e-02  3.1702e-01  2.5281e+00  6.4653e+00  3.5351e+00  7.7903e+00  1.0000e+00
-1.6919e-01  3.0199e-01  2.9819e-02  1.1308e+01  6.7185e+00  2.3254e+01  2.6716e+01  1.0000e+00
-1.3269e-01  5.8948e-01  1.3201e-01 -2.0170e+01  2.5863e+01 -7.3455e+00  3.3611e+01  1.0000e+00
-1.7437e-01  6.9319e-01 -5.6098e-02  4.5172e+00 -1.5051e+01  3.3424e+00  1.6065e+01  1.0000e+00
-3.8603e+00  3.3481e+00 -3.2305e+00 -1.3034e+01  1.4126e+01 -1.0948e+01  2.2120e+01  1.0000e+00
-5.3898e-01  5.0117e-01  1.6375e-02  2.7514e+00 -2.2752e+01  1.5351e+00  2.2969e+01  1.0000e+00
-2.8155e+00  1.8094e+00 -7.0000e+00 -1.0646e+01  6.6921e+00 -2.5684e+01  2.8597e+01  1.0000e+00
-4.0378e-01  4.9340e+00  2.3859e+00 -5.9297e+00  1.5318e+01  5.2974e+00  1.7258e+01  1.0000e+00
-8.5325e+00 -2.0261e+00 -2.6145e+00 -3.4167e+01 -7.0107e+00 -8.8597e+00  3.5987e+01  1.0000e+00
 5.6897e-02  5.2624e-01  1.7018e-01 -2.9601e+01  2.4972e+01 -1.1423e+01  4.0377e+01  1.0000e+00
-6.3141e-02  7.0119e-02 -1.2987e+00  1.8893e-01 -3.5503e+00 -1.4481e+01  1.4911e+01  1.0000e+00
-2.6418e-01  6.5652e-01  6.0190e-01 -1.2027e+01  1.9626e-01  6.7812e+00  1.3808e+01  1.0000e+00
 9.5210e-02  2.1643e-02 -1.1941e-01  8.2237e+00  6.2296e+00  6.0761e+00  1.1973e+01  1.0000e+00
-1.7330e-01 -1.4685e-01  5.4747e-01 -1.2162e+00  4.5629e+00  6.5516e+00  8.0760e+00  1.0000e+00
-2.4180e-01  2.8751e-01  2.0367e-01  2.5092e+01  1.7898e+00 -8.6817e+00  2.6612e+01  1.0000e+00
-9.8691e-01 -5.1200e-01  4.4701e-01 -1.4476e+00  1.9728e+00  4.5322e+00  5.1506e+00  1.0000e+00
 2.0762e+00 -1.2865e+00  1.4372e+00  6.1046e+00 -2.2729e+00 -3.4674e+00  7.3793e+00  1.0000e+00
-3.1741e-01  4.8499e-01  5.3261e-01  3.6639e+00  1.0618e+01  8.2679e+00  1.3947e+01  1.0000e+00
-2.5051e-01  4.5038e-01  1.5988e-01 -2.4098e+01  2.7966e+01 -1.7035e+01  4.0657e+01  1.0000e+00
-1.1509e+01  1.3369e+01 -8.2377e+00 -4.2063e+01  4.4348e+01 -2.6723e+01  6.6709e+01  1.0000e+00
-9.3873e-02  2.1817e-01 -8.3166e-01  1.9931e+00 -5.4355e-01 -1.6177e+01  1.6309e+01  1.0000e+00
 2.3419e+00  8.7272e-01 -7.4142e-01  2.4839e+00  7.1395e+00 -1.8718e+00  7.7876e+00  1.0000e+00
-1.0903e-01  4.3732e-01  1.5011e-01  1.0847e+01  6.0844e+00 -1.7858e+00  1.2564e+01  1.0000e+00
-2.4679e-01  4.9588e-01  1.6160e-03  1.2037e+00  8.2450e+00 -3.0867e+00  8.8858e+00  1.0000e+00
-2.3760e-01 -6.4358e+00 -3.3708e+00 -6.6953e-01 -2.2828e+01 -1.2902e+01  2.6231e+01  1.0000e+00
 1.1649e-02  6.2683e-01 -1.7988e-01 -6.3103e+00 -8.3802e+00  2.6880e+00  1.0829e+01  1.0000e+00
 3.7313e+00 -5.4864e+00 -5.2521e+00  1.5462e+01 -2.0506e+01 -1.7465e+01  3.1057e+01  1.0000e+00
 1.2977e-01  4.7784e-01  1.1066e-01 -7.8815e+00  1.4542e+00 -3.3398e+00  8.6826e+00  1.0000e+00
-2.0807e-01  3.9447e-01  1.1030e-01 -1.0823e+01 -1.5803e+01 -5.1730e+00  1.9840e+01  1.0000e+00
 8.9412e-02  4.4882e+00  2.0851e+00  2.9008e+00  1.4589e+01  5.3394e+00  1.5804e+01  1.0000e+00
 1.7996e+00 -3.8861e+00  6.0658e+00  7.0590e+00 -1.4226e+01  2.2264e+01  2.7348e+01  1.0000e+00
-1.3680e-01  5.6991e-01  1.6397e-01  1.6027e+00  1.5295e+01 -2.8381e+00  1.5638e+01  1.0000e+00
-9.1200e-02  3.9984e-01  2.9592e-01  1.8273e+01 -1.1521e+01  8.2908e+00  2.3138e+01  1.0000e+00
-1.5346e-01  4.4264e-01  1.2504e-01 -9.4400e-02  2.0404e+01 -2.9947e-01  2.0406e+01  1.0000e+00
 1.7813e-01  5.5549e-01  4.2543e-01  1.3155e+01  3.5123e+00  6.5629e+00  1.5115e+01  1.0000e+00
-4.7684e+00 -1.6120e+00  3.1629e+00 -1.7010e+01 -5.2239e+00  9.3177e+00  2.0086e+01  1.0000e+00
-2.2555e-01  3.3523e-01  4.0093e-01  7.5739e+00  7.5540e+00 -2.8057e+01  3.0027e+01  1.0000e+00
-4.8447e-01  4.4697e-01  2.6023e-01 -1.2313e+01 -7.8464e-01 -8.9060e+00  1.5217e+01  1.0000e+00
 6.7851e+00 -8.8491e+00 -6.7174e-01  2.7212e+01 -3.4568e+01 -2.8233e+00  4.4084e+01  1.0000e+00
-3.1952e-01  3.2317e-01  6.2754e-01 -1.7520e+00 -6.1976e+00  1.9161e+00  6.7195e+00  1.0000e+00
-2.1031e+00  4.1910e-01  1.3111e+00  1.6121e+00  5.1985e+00 -3.6906e+00  6.5760e+00  1.0000e+00
 2.1122e-01  2.6991e-01  2.0003e-01  4.1643e+00  1.2158e+01 -8.5086e+00  1.5413e+01  1.0000e+00
-2.1968e-01  4.4886e-01  3.9785e-02  1.1286e+01  1.7818e+01 -4.7286e+00  2.1615e+01  1.0000e+00
 1.9379e+00 -1.1812e+00  3.1514e-01  7.1077e-01 -1.8941e+00 -2.4176e-01  2.0375e+00  1.0000e+00
 1.1859e-01  4.7112e-01  1.8611e-01 -2.6085e+00 -2.3556e-01  1.5851e+01  1.6066e+01  1.0000e+00
 3.5952e-01  4.0164e-01  3.2991e-01 -2.2889e+00 -7.9028e+00  9.8591e+00  1.2841e+01  1.0000e+00
-2.3677e+00 -9.9943e-01 -6.7036e-01 -1.1615e+01 -4.3464e+00 -2.3234e+00  1.2617e+01  1.0000e+00
-1.7146e-01  3.9009e-01  2.3342e-01 -1.1299e+01  4.7613e+00  2.1191e+00  1.2443e+01  1.0000e+00
-3.6469e-01  5.0535e-01  1.2552e-01  9.4895e+00  9.8745e+00  1.7043e+01  2.1863e+01  1.0000e+00
 6.7511e-02  5.5604e-01  5.7295e-02 -1.8517e+00  1.8355e+01  3.4608e+00  1.8770e+01  1.0000e+00
-2.7341e-01  3.8611e-01  1.0764e-01 -1.9867e+01 -5.5563e+00 -1.3374e+01  2.4585e+01  1.0000e+00
-4.4343e-01  4.1427e-01  6.0364e-02  7.4691e+00  1.4538e+01  1.3582e+01  2.1251e+01  1.0000e+00
-6.1191e-01  7.3487e-01  3.1395e-01  2.8361e+00  1.2895e+00  1.0447e+01  1.0902e+01  1.0000e+00
-2.6104e-01  3.1121e-01  9.0860e-02 -1.3279e+01  1.2781e+01 -1.8645e+01  2.6217e+01  1.0000e+00
-5.6322e-02  4.6853e-01  7.9759e-02  2.6294e+00  3.3878e+01 -1.7926e+00  3.4027e+01  1.0000e+00
-1.7198e+00  1.6508e+00  5.6879e-01 -8.2464e+01  6.6109e+01  3.1234e+01  1.1021e+02  1.0000e+00
 1.0439e+00  1.1216e-01 -1.1127e-01  2.2058e+00  7.2822e+00 -7.8602e+00  1.0940e+01  1.0000e+00
-5.2668e-01  5.7592e-01  3.8711e-01 -6.7720e+00 -3.2969e+00 -8.7101e-01  7.5821e+00  1.0000e+00
-1.9895e+01  9.7769e-01  1.7623e+01 -2.4182e+02  7.3677e+00  2.1773e+02  3.2548e+02  1.0000e+00
-2.5031e-01  2.0737e-01  1.6596e-01  9.0860e+00 -6.9157e+00 -7.7231e+00  1.3785e+01  1.0000e+00
 3.8287e-01  1.9402e+00 -1.9342e-01 -2.1005e+00 -1.5837e+00 -1.8665e+00  3.2255e+00  1.0000e+00
-3.0982e-01  6.7149e-01  2.1440e-01 -1.3809e+01 -1.3114e+01  2.1710e+01  2.8879e+01  1.0000e+00
-1.5935e+00  2.4968e+00  6.2862e+00 -4.5735e+00  6.8663e+00  1.7090e+01  1.8977e+01  1.0000e+00
 3.6632e+00  1.0648e+00  6.3454e-01  8.0163e+00  3.9181e+00  2.5135e+00  9.2699e+00  1.0000e+00
 4.2333e+00 -2.2987e+00 -3.6779e+00  1.4332e+01 -8.7260e+00 -1.2220e+01  2.0758e+01  1.0000e+00
-3.6352e-01  4.9658e-01  2.1251e-01  1.2426e+01 -6.6784e+00  2.1676e+01  2.5863e+01  1.0000e+00
 5.3806e+00 -5.5696e+00 -8.2936e+00  2.1596e+01 -2.1707e+01 -3.2016e+01  4.4301e+01  1.0000e+00
-2.3755e-01  4.1733e-01  7.9161e-02  4.4911e+00 -3.4963e+00 -1.7203e+01  1.8120e+01  1.0000e+00
-2.0439e-01  4.0256e-01  2.9823e-01  9.6199e+00 -8.9803e+00 -1.6766e+01  2.1314e+01  1.0000e+00
-1.5217e-01  4.4403e-01  2.1906e-01 -1.6818e+01 -6.3869e+00  3.0016e+00  1.8238e+01  1.0000e+00
-2.3870e-01  3.8583e-01  2.3082e-02  8.2610e+00 -1.4480e+01 -2.2286e-02  1.6671e+01  1.0000e+00
 1.8138e-01  9.1062e-01  3.6168e-02 -2.9238e+00 -1.6654e-01  4.0250e+00  4.9777e+00  1.0000e+00
 3.5879e-01  6.9080e-01 -4.8686e-01  3.5455e+00  4.0700e+00  8.3128e+00  9.9115e+00  1.0000e+00
-1.1382e-01  3.0713e-01  1.2940e-01 -2.5487e+00 -1.9793e+01 -2.3858e+01  3.1104e+01  1.0000e+00
-2.8018e-01  2.4794e-01  3.6037e-01 -1.0457e+01  2.2248e+01 -5.6266e+00  2.5218e+01  1.0000e+00
-1.4431e+00  1.1661e+00  9.9081e-01 -6.0997e+00  1.7257e+00  6.9279e+00  9.3904e+00  1.0000e+00
-5.0202e-01  2.8785e-01  8.9606e-02  7.1607e-01 -1.0423e+01 -4.8209e+00  1.1506e+01  1.0000e+00
-1.6706e+00  2.1303e+00  6.3782e+00 -4.9054e+00  7.9645e+00  2.3018e+01  2.4846e+01  1.0000e+00
-6.1837e-01  4.5766e-01 -1.0241e+00 -8.4923e+00 -8.2654e+00 -3.2694e+00  1.2293e+01  1.0000e+00
-1.5323e-01  4.6020e-01  2.1896e-01 -1.7318e+01  4.1684e+00 -1.9787e+01  2.6624e+01  1.0000e+00
-2.5764e-01  6.6623e-01  1.4943e-01  8.4731e+00 -1.2758e+01  6.7283e+00  1.6728e+01  1.0000e+00
-1.0864e+00  1.9594e+00  1.9828e+00  2.9292e+00  3.9089e+00  2.7199e+00  5.5908e+00  1.0000e+00
 4.3691e+00 -1.0939e+01  1.8963e+01  1.5634e+01 -3.9463e+01  7.1003e+01  8.2723e+01  1.0000e+00
 7.9585e+00  1.5368e+00  7.4157e+00  3.1168e+01  5.9144e+00  2.9583e+01  4.3377e+01  1.0000e+00
 1.3496e+00 -4.9586e-01 -2.9569e-01 -2.4728e+00  6.1431e+00  3.9535e+00  7.7125e+00  1.0000e+00
-5.5277e-01  2.8563e-01 -6.4875e-02 -3.2381e+00  1.4976e+01  5.2759e+00  1.6205e+01  1.0000e+00
-3.6036e-01  4.4800e-01  2.4372e-01  1.8285e+01 -9.7716e+00 -1.7399e+01  2.7065e+01  1.0000e+00
-2.1320e+00  1.2774e+00  8.4694e+00 -8.2464e+00  5.6613e+00  3.2504e+01  3.4009e+01  1.0000e+00
-5.7440e+00 -1.6129e+00 -5.6758e+00 -2.1065e+01 -2.6773e+00 -1.9565e+01  2.8874e+01  1.0000e+00
 2.9814e-01  1.8195e+00 -5.9117e-01 -5.0639e+00 -2.4097e+00  5.1016e+00  7.5812e+00  1.0000e+00
-2.6171e+00 -3.9029e+00 -5.0493e-01 -1.2975e+01 -2.3590e+01 -1.4426e+00  2.6962e+01  1.0000e+00
 4.1347e-01  6.4349e-01 -1.7558e-01 -1.7811e+01  5.2408e+00  5.3410e+00  1.9319e+01  1.0000e+00
-2.2645e-01  6.4678e-01  1.1858e-01 -1.5640e+01 -2.7488e+00 -6.6756e+00  1.7226e+01  1.0000e+00
 1.3029e-01  9.7244e-01  3.6233e-01 -9.0598e+00 -1.7553e+01 -8.2720e+00  2.1415e+01  1.0000e+00
-1.2688e-01  4.7601e-01  2.6403e-01  8.1036e+00 -9.6816e+00  1.6823e+01  2.1034e+01  1.0000e+00
-3.7979e-01  4.3634e-01  6.0738e-02  1.8465e+01 -2.1394e+01  5.5639e-02  2.8260e+01  1.0000e+00
-2.9358e+00  9.1198e+00 -1.2210e+00 -1.1027e+01  3.5192e+01 -4.4049e+00  3.7141e+01  1.0000e+00
 2.4887e+00 -1.6131e-02  1.7321e+00  6.6179e+00  4.0621e+00  8.9079e+00  1.1817e+01  1.0000e+00
-5.7433e+00 -3.6619e-01 -1.4275e+00 -1.9538e+01  2.6169e-01 -5.2313e+00  2.0228e+01  1.0000e+00
 6.9159e-03  4.4317e-01  9.4772e-01 -9.7043e+00  3.1086e+00 -1.7480e+01  2.0233e+01  1.0000e+00
-4.7455e+00 -2.0125e+00  3.1107e+00 -1.5057e+01 -6.2356e+00  1.1252e+01  1.9804e+01  1.0000e+00
-4.6293e-01  6.0615e-01  1.8180e-02 -8.5522e+00  3.9108e-01 -1.1079e+01  1.4001e+01  1.0000e+00
 1.0585e+01  3.7561e+00  9.0968e-01  4.1339e+01  1.5092e+01  3.4064e+00  4.4139e+01  1.0000e+00
 3.9588e+00  5.6820e+00  5.7278e-01  1.4994e+01  2.0434e+01  3.1849e+00  2.5545e+01  1.0000e+00
-8.1796e+00 -5.0502e+00 -3.0313e+00 -3.5786e+01 -2.2802e+01 -1.3710e+01  4.4593e+01  1.0000e+00
-7.4615e-02 -1.1907e+00 -9.5518e-01 -5.8452e+00 -1.5849e+00  2.4832e+00  6.5456e+00  1.0000e+00
-8.2471e+00 -3.1874e-01 -2.1355e+00 -3.1645e+01 -4.1448e-01 -8.3521e+00  3.2732e+01  1.0000e+00
-2.3262e-01  4.6826e-01  2.9172e-02 -1.0369e+01  1.5101e+01  3.6349e+01  4.0704e+01  1.0000e+00
 1.9351e-01  1.8065e+00 -7.3186e-01 -4.2482e+00 -1.5992e+00  7.4222e+00  8.7003e+00  1.0000e+00
-1.8591e+00  6.7490e+00 -2.7856e+00 -6.3167e+00  2.5389e+01 -9.1797e+00  2.7727e+01  1.0000e+00
 6.4336e+00  5.4606e+00 -4.1135e+00  4.7558e+01  3.8499e+01 -2.9713e+01  6.8021e+01  1.0000e+00
-4.4800e-01  1.1815e+00  3.9781e-01  4.2226e+00  1.2939e+01 -2.3990e+00  1.3820e+01  1.0000e+00
-1.1859e+00 -2.6880e-01 -2.5059e+00 -9.6402e-01  2.2168e+00 -5.0052e+00  5.5584e+00  1.0000e+00
-2.1440e-01  5.3330e-01  1.0054e-01  3.0866e+01  2.2232e+01  9.2623e+00  3.9150e+01  1.0000e+00
 1.9462e+00 -1.9549e+00 -1.4174e+00  7.0433e+00 -5.4156e+00  2.0897e+00  9.1271e+00  1.0000e+00
-2.7437e-01  1.5414e+00 -5.9755e-01 -2.3979e+00 -1.0151e+00  4.7661e+00  5.4310e+00  1.0000e+00
 3.9425e-01  1.1700e+00  2.5738e-01 -2.2101e-01 -4.3162e+00 -4.9859e+00  6.5983e+00  1.0000e+00
-6.1136e+00 -3.0348e+00 -1.0629e+01 -2.5049e+01 -1.2719e+01 -4.4262e+01  5.2425e+01  1.0000e+00
-1.1113e+01 -3.8434e+00 -3.3877e-01 -4.4296e+01 -1.4410e+01 -1.5348e+00  4.6606e+01  1.0000e+00
 1.2993e+00 -2.0334e+00 -2.4753e+00  5.6130e+00 -3.0724e+00 -6.6002e+00  9.1929e+00  1.0000e+00
 1.1336e+01  1.8271e+00 -1.1281e+00  4.4531e+01  8.0173e+00 -4.7869e+00  4.5500e+01  1.0000e+00
 2.1099e-03  4.4147e-01 -9.2795e-02  2.4675e+00 -1.3449e+01  2.4606e+00  1.3893e+01  1.0000e+00
 9.5797e-02  3.5990e-01  3.1872e-01 -1.1865e+01  7.6318e+00  7.1325e+00  1.5808e+01  1.0000e+00
-2.5145e-01  3.4011e-01  3.6619e-01  9.8606e+00  9.6478e+00  1.0644e+00  1.3836e+01  1.0000e+00
-5.8970e-01  1.2105e+00 -2.1402e-01  1.2314e+00 -9.5378e+00  7.0304e+00  1.1913e+01  1.0000e+00
-1.7729e-01  5.8106e-01  1.3899e-01 -7.5566e+00 -2.1825e+00 -1.0696e+01  1.3276e+01  1.0000e+00
-1.0885e-01  5.6015e-01  1.7794e-01  3.4820e+01  7.0589e+00 -2.2121e+01  4.1852e+01  1.0000e+00
-3.5056e-01  6.2102e-01  2.3997e-01  9.7824e-01  4.3018e+00  1.2673e+01  1.3419e+01  1.0000e+00
-4.9515e+00  4.2747e+00 -9.1811e-01 -1.7398e+01  1.4657e+01 -2.4332e+00  2.2879e+01  1.0000e+00
-3.3116e-01  4.8280e-01 -9.1653e-02 -1.8670e+01 -6.2193e+00 -6.1431e+00  2.0615e+01  1.0000e+00
-5.3582e+00 -1.5719e+00  3.6651e-02 -1.7182e+01 -5.3471e+00 -4.3435e-01  1.8000e+01  1.0000e+00
-5.8699e-01 -4.3982e-01  1.6409e-01  9.8009e-01  1.6976e-01  4.3943e+00  4.5054e+00  1.0000e+00
 1.8321e-01 -4.2537e-02  1.6170e-01  5.2281e+00 -2.8746e+00  1.0828e+01  1.2363e+01  1.0000e+00
 1.0304e-01  3.5928e-01  8.8923e-02 -7.0909e+00 -6.1703e+00  9.8166e+00  1.3591e+01  1.0000e+00
-2.3013e-01  6.3238e-01 -6.3361e-02 -5.8871e+00  3.8450e+00 -7.3734e+00  1.0189e+01  1.0000e+00
 3.6181e+00 -9.0371e+00 -4.3419e+00  1.4246e+01 -3.4873e+01 -1.6831e+01  4.1260e+01  1.0000e+00
-8.1100e+00 -1.5749e+00  7.3086e+00 -3.1972e+01 -5.4194e+00  2.8794e+01  4.3367e+01  1.0000e+00
-4.9744e-01  8.7398e-01  1.6712e-02  6.3480e+00  1.1003e+01  8.4203e+00  1.5240e+01  1.0000e+00
-1.5239e+00 -1.1387e+00 -2.8236e+00 -4.0702e+00 -1.1779e+00 -5.0909e+00  6.6235e+00  1.0000e+00
 2.0708e+00 -1.3713e+00  6.3237e-01  1.3115e+00 -3.5041e-01  3.5106e+00  3.7639e+00  1.0000e+00
-2.5246e-01  4.0925e-01 -1.5606e-02 -1.8878e+01 -1.5091e+01 -2.8989e+00  2.4342e+01  1.0000e+00
-8.9623e-01 -7.2209e+00 -5.0288e+00 -2.9772e+00 -2.8520e+01 -2.0223e+01  3.5088e+01  1.0000e+00
-1.6309e+00  2.8669e+00 -2.5475e+00 -4.5418e+00  7.5748e+00 -5.1224e+00  1.0210e+01  1.0000e+00
 1.9284e-01  4.9522e-01  1.3067e-01 -2.7444e+01  3.1250e+00 -7.6481e+00  2.8661e+01  1.0000e+00
-4.6945e-01  3.8006e-01  2.0376e-01 -2.4905e+01 -1.0987e+01  4.2068e+00  2.7544e+01  1.0000e+00
-6.7628e-01 -4.1276e-01  4.3581e-01  1.6814e+00  1.2114e+01 -2.4340e+00  1.2470e+01  1.0000e+00
-1.5864e+00  7.1147e+00 -3.0685e+00 -5.6029e+00  2.5678e+01 -1.0733e+01  2.8390e+01  1.0000e+00
 1.0852e+00  5.5796e-01 -5.6333e-01 -1.0008e+01  2.3115e+00  3.2366e+00  1.0769e+01  1.0000e+00
-1.0505e-01  1.1606e+00  9.3992e+00  1.8551e+00  5.2382e+00  2.9230e+01  2.9754e+01  1.0000e+00
-3.2523e-01 -1.0248e+00  2.7741e-02 -5.5476e-01  1.0471e+01  2.1744e+00  1.0709e+01  1.0000e+00
-1.1210e-01  4.1549e-01  2.7844e-02  7.5752e-02 -6.5254e+00  4.1035e+00  7.7088e+00  1.0000e+00
-6.3225e-02  8.8537e-01  4.9286e-01  3.7005e-01 -7.6908e-01 -2.4204e+00  2.5665e+00  1.0000e+00
-4.6069e-01  1.1682e+00 -1.1811e-01  4.9347e+00  2.7111e+00 -6.2765e+00  8.4318e+00  1.0000e+00
 2.5982e+00  5.4262e+00  3.0198e+00  9.8662e+00  1.9964e+01  1.0405e+01  2.4580e+01  1.0000e+00
-3.9540e-02  6.5062e-01  1.1402e-01  2.1666e+00 -5.2941e+00 -1.4974e+01  1.6030e+01  1.0000e+00
-4.8002e-01  2.0553e+00  2.1899e-01 -2.0319e+00  3.4693e+00 -1.2284e+00  4.2040e+00  1.0000e+00
-2.0166e-01  6.9799e-01  2.1722e-01 -5.6765e+00  1.2266e+01  1.3911e+01  1.9396e+01  1.0000e+00
-3.9963e-01  6.9173e-01 -2.3274e-01  2.5718e+00  9.4650e+00  7.2329e+00  1.2187e+01  1.0000e+00
-2.5489e-01  4.4760e-01  6.4163e-02 -9.2631e+00  2.7932e+01 -5.4094e+00  2.9921e+01  1.0000e+00
-1.5021e-01  2.6175e-01  2.4863e-01  4.9318e+00  5.0545e+00 -6.9253e+00  9.8909e+00  1.0000e+00
 4.5033e+00 -3.3687e+00 -6.6689e-01  1.4972e+01 -1.0813e+01 -1.5311e+00  1.8531e+01  1.0000e+00
-1.1293e-01  7.4253e-01  4.5864e-01  1.1227e+01 -9.0304e+00  1.2767e+01  1.9250e+01  1.0000e+00
 8.3165e+00 -1.4538e+01  9.1911e+00  2.5324e+01 -5.0521e+01  3.2550e+01  6.5216e+01  1.0000e+00
 1.8956e-01 -1.1818e+00 -1.1782e+00 -3.5583e-01 -2.8799e+00  8.2039e+00  8.7019e+00  1.0000e+00
 7.9863e-01 -3.8219e+00 -1.0838e+01  2.7763e+00 -1.4760e+01 -4.2408e+01  4.4989e+01  1.0000e+00
-2.7708e+00 -4.3461e+00 -7.4263e+00 -1.1948e+01 -1.6570e+01 -2.8625e+01  3.5167e+01  1.0000e+00
-6.0059e-01 -7.9572e+00  8.6715e-01 -1.9311e+00 -3.0445e+01  3.2742e+00  3.0681e+01  1.0000e+00
-1.0654e+01 -5.5018e+00 -2.8202e+00 -4.2879e+01 -2.1365e+01 -1.1111e+01  4.9179e+01  1.0000e+00
-3.3879e-01  3.4938e-01  2.9151e-01 -1.2276e+01 -5.6696e+00 -1.7913e+01  2.2444e+01  1.0000e+00
-8.7061e+00 -2.1619e+00 -1.6840e+00 -3.4196e+01 -8.3825e+00 -6.1712e+00  3.5745e+01  1.0000e+00
 6.9849e-01  2.6845e-01  1.1879e+00 -5.4390e+00  3.6760e+00  1.0544e+00  6.6489e+00  1.0000e+00
-1.3877e-02  5.5166e-02 -2.6143e-01 -7.0474e+00 -8.0025e+00 -4.4651e+00  1.1560e+01  1.0000e+00
-1.4208e+00 -1.5658e-01 -4.0194e+00 -5.6349e+00  5.1324e-01 -1.9090e+01  1.9911e+01  1.0000e+00
 1.3360e+00  4.8073e-01  4.8263e-01 -2.2437e+00  6.8259e+00 -6.4897e+00  9.6821e+00  1.0000e+00
-9.7404e-03  5.3902e-01 -1.3112e-02 -1.4298e+01  2.5583e+00  6.6571e+00  1.5978e+01  1.0000e+00
