# limit = 9.21495
#
# x           y           z           vx          vy          vz          s           m
 5.3736e-01 -1.9924e+00 -1.0952e+00 -2.6156e+00 -1.4955e+00  3.5004e+00  4.6185e+00  1.0000e+00
-4.2332e-01  4.4209e-01  4.0385e-01  4.2545e+00  6.3991e+00 -4.6398e+00  8.9765e+00  1.0000e+00
 9.5598e+00  2.7713e-01  1.8670e+00  3.4828e+01  1.8157e+00  6.8560e+00  3.5543e+01  1.0000e+00
 3.0676e-02  3.3243e-01  4.3408e-02 -2.7477e-01 -9.3863e+00 -1.3311e+00  9.4842e+00  1.0000e+00
-7.9525e+00  3.0735e+00  4.8765e+00 -2.9861e+01  1.1086e+01  1.7650e+01  3.6416e+01  1.0000e+00
 3.3986e+00 -1.2120e+00  9.8912e+00  1.3060e+01 -3.8304e+00  3.6790e+01  3.9226e+01  1.0000e+00
 6.5817e-01 -8.0732e+00 -5.6810e+00  1.7374e+00 -3.0050e+01 -2.0484e+01  3.6409e+01  1.0000e+00
-5.3781e-01  1.7216e+00  9.4509e-01  6.4119e-01 -3.0316e+00 -1.0680e+00  3.2776e+00  1.0000e+00
-1.3000e+01  9.4170e+00  2.8711e+01 -4.5566e+01  3.3400e+01  1.0468e+02  1.1896e+02  1.0000e+00
 3.1913e+00 -1.4270e+00  6.0440e-02  1.1519e+02 -6.2370e+01  3.0495e+00  1.3103e+02  1.0000e+00
 2.2744e+00  2.6123e+00  1.8638e+00  3.9718e+00  6.3183e+00  3.5231e+00  8.2528e+00  1.0000e+00
-2.1553e-01  3.5375e-01  1.0657e-01  1.2478e+01 -1.1616e+01 -1.8497e+01  2.5155e+01  1.0000e+00
 5.7203e-01  4.6995e-01  1.1524e+00 -6.1692e+00 -4.9587e+00 -8.7785e+00  1.1820e+01  1.0000e+00
 2.7975e+00  4.2725e-01 -7.2549e-01  1.1339e+01  3.2777e+00 -1.2469e+00  1.1869e+01  1.0000e+00
-8.3022e-03  7.2834e-01  3.7637e-01  5.2533e+00 -8.2914e-01 -2.9153e+00  6.0649e+00  1.0000e+00
-3.7113e+00 -4.3527e-01 -3.2304e+00 -1.2243e+01 -2.5698e+00 -8.0988e+00  1.4903e+01  1.0000e+00
 5.7917e+00 -6.0296e+00 -6.8337e+00  2.1401e+01 -2.2398e+01 -2.5854e+01  4.0350e+01  1.0000e+00
-3.0230e-01  4.8423e-01  4.0178e-01  5.3297e+00 -1.1619e-01 -1.0510e+01  1.1784e+01  1.0000e+00
-3.9603e-01  5.4626e-01 -1.3902e-01  2.8278e+00 -4.1741e+00 -4.7694e+00  6.9403e+00  1.0000e+00
 2.0103e+01  1.6636e+01 -7.3267e+00  7.3505e+01  5.8957e+01 -2.5232e+01  9.7548e+01  1.0000e+00
-3.9031e-01  2.3644e-01 -1.5190e-01  5.3751e+00 -9.2270e-01  9.3998e+00  1.0867e+01  1.0000e+00
-2.3398e-01  4.2405e-01  2.8471e-01 -1.8361e+01  1.2968e+01 -1.0753e+01  2.4918e+01  1.0000e+00
-3.6313e-01  3.2821e-01  6.2191e-01 -1.4680e+01 -1.9118e+01  2.9521e+01  3.8111e+01  1.0000e+00
-4.2828e+00  7.9744e+00 -8.1785e+00 -1.6080e+01  3.0828e+01 -3.0820e+01  4.6463e+01  1.0000e+00
-2.5461e-01  9.2705e+00 -4.1417e+00 -1.2078e+00  3.4440e+01 -1.5158e+01  3.7648e+01  1.0000e+00
-2.1840e+00  9.8197e-01 -4.1392e+00 -9.2593e+00  5.9185e+00 -1.2489e+01  1.6635e+01  1.0000e+00
 3.1815e+00 -7.2699e+00  1.4796e+00  1.0433e+01 -2.7129e+01  4.9578e+00  2.9485e+01  1.0000e+00
 1.8002e+01 -4.6445e+00 -1.7355e+01  7.5318e+01 -1.9854e+01 -7.2687e+01  1.0654e+02  1.0000e+00
 5.1909e-01 -1.0994e+01 -1.4508e+01  2.1841e+00 -4.2299e+01 -5.5777e+01  7.0036e+01  1.0000e+00
-2.9187e-01  4.1382e-01 -2.2465e-02 -8.4323e+00  1.9067e+00  1.2060e+01  1.4839e+01  1.0000e+00
-8.7329e-02  2.6808e-01  1.3992e-01  1.7139e+01  8.4353e+00 -1.0728e+01  2.1909e+01  1.0000e+00
-2.0524e-01  8.4915e-01  2.8688e-01  4.0370e+00  3.5028e+00 -1.0244e+01  1.1555e+01  1.0000e+00
-1.9970e-01  3.5821e-01  1.8736e-01 -7.3350e+00  1.5324e+01  2.9030e+01  3.3636e+01  1.0000e+00
 1.4959e-01  3.5304e-01 -1.8825e-01 -4.5389e+00 -4.9439e+00  1.7307e+01  1.8563e+01  1.0000e+00
-2.7276e-01  5.1841e-01  1.1867e-01 -1.7321e+01  1.0030e+01  1.7497e+01  2.6585e+01  1.0000e+00
-3.9644e-01  4.2984e-01  2.8908e-01  9.4057e+00  1.7180e+01  2.3336e+01  3.0466e+01  1.0000e+00
 1.1115e-02  6.8530e-02  2.7442e-01 -2.5155e+01  1.4045e+01  4.5371e+00  2.9165e+01  1.0000e+00
-7.7667e+00  1.4867e+01 -1.9026e+01 -2.8568e+01  5.4751e+01 -6.8029e+01  9.1879e+01  1.0000e+00
-6.7056e-01  2.8817e-01 -6.9380e-01  3.4767e+00  2.9743e+00  5.5946e+00  7.2273e+00  1.0000e+00
 5.8794e+00 -1.3972e+00  4.9045e+00  2.0343e+01 -4.2842e+00  1.7205e+01  2.6985e+01  1.0000e+00
 3.7253e+00  3.3412e+00  1.5491e-01  1.0574e+01  9.9932e+00  2.1293e+00  1.4704e+01  1.0000e+00
 7.7256e-01  4.7165e-01  3.4155e-01  2.0868e+01  1.4674e+00 -2.6412e+00  2.1086e+01  1.0000e+00
-1.6699e-02  5.1169e-01  1.4436e-01  1.7379e+01 -5.8387e+00  1.1858e+01  2.1834e+01  1.0000e+00
 1.0877e+00 -3.3600e+00  1.0701e+01  4.3269e+00 -1.2195e+01  4.0174e+01  4.2207e+01  1.0000e+00
 1.0231e+01  4.9816e+00  7.8958e-01  3.9226e+01  1.8933e+01  3.1798e+00  4.3671e+01  1.0000e+00
 5.0616e-01 -6.8740e+00  1.0230e+00  3.2414e+00 -2.4710e+01  4.4263e+00  2.5312e+01  1.0000e+00
-2.1742e-01  3.3589e-01  3.9146e-02  1.6005e+01 -1.4753e+00  4.5005e+00  1.6691e+01  1.0000e+00
 1.9515e+00 -2.0908e+00 -4.9773e-01  4.6382e+00 -1.1258e+00  9.1100e-01  4.8591e+00  1.0000e+00
 5.1774e+00 -1.9756e+00  2.2203e+00  1.6228e+01 -6.4797e+00  7.4004e+00  1.8976e+01  1.0000e+00
-6.4696e-01  5.2986e-01  5.7326e-01  1.7715e+01 -1.5390e+00  2.8728e+00  1.8013e+01  1.0000e+00
 1.4380e-02  2.9232e-01 -2.7840e-01  8.0411e+00 -6.4766e+00 -1.4012e+01  1.7406e+01  1.0000e+00
-4.8527e-01  7.1971e-01 -2.5094e-02  2.6662e+00  6.4455e-01 -2.5789e-01  2.7551e+00  1.0000e+00
-1.8171e+00 -2.8317e+00  2.7748e+00 -4.4718e+00 -7.4309e+00  7.4292e+00  1.1420e+01  1.0000e+00
-2.4175e-01  6.8316e-01  1.7761e-01 -1.7418e+01  1.9719e+01  9.7785e+00  2.8069e+01  1.0000e+00
-3.6977e-01  5.4228e-01  2.2690e-01  8.2049e+00 -6.7464e+00  2.0436e+01  2.3032e+01  1.0000e+00
-1.9512e-01  3.3362e-01  6.1708e-01  1.8094e+01  1.0971e-01  1.3045e+00  1.8141e+01  1.0000e+00
-4.0786e-01  3.3706e-01  7.0052e-02  1.9579e+00  1.7991e+01  1.5318e+01  2.3709e+01  1.0000e+00
-2.5990e-01  3.7998e-01  2.2087e-01 -1.8903e-01  9.7059e+00  1.6167e+01  1.8858e+01  1.0000e+00
 2.2137e-02  3.7589e-01  2.1409e-01 -2.0091e+01  2.2753e+01  9.2474e+00  3.1731e+01  1.0000e+00
 2.7391e+00 -1.3478e+00  7.7990e+00  9.2723e+00 -5.5037e+00  2.8589e+01  3.0555e+01  1.0000e+00
-2.3644e-01  6.7179e-01  1.6908e-01  4.0690e+00  6.0624e+00  1.0140e+01  1.2495e+01  1.0000e+00
-2.3458e-01  7.2251e-01  1.9015e-01 -2.7541e+00 -2.5756e+01  6.3473e+00  2.6669e+01  1.0000e+00
 4.3212e+00  3.5970e-01 -2.1067e+00  2.0036e+01  2.0864e+00 -9.6742e+00  2.2347e+01  1.0000e+00
-3.3831e-01  5.7490e-01  2.4649e-01 -1.2704e+01  2.5363e+01 -2.1483e+01  3.5583e+01  1.0000e+00
 2.0469e+00 -6.6896e-01  7.0524e-01 -1.5416e+00 -4.1470e-01  3.3494e-01  1.6311e+00  1.0000e+00
-3.2882e-01  7.5048e-01 -2.5045e-01 -2.0244e+00  3.4189e-01  9.6187e+00  9.8354e+00  1.0000e+00
-1.1294e-01  3.5560e-01  2.8802e-02 -1.0781e+01 -1.5915e+01  1.2427e+01  2.2890e+01  1.0000e+00
-1.0927e-01  2.1736e-01  2.2099e-01 -1.4065e+01  1.2987e+00 -6.8965e+00  1.5719e+01  1.0000e+00
 8.1844e-02  5.8306e-01  3.4088e-01 -5.3948e+00  3.3640e+00 -1.6431e+01  1.7618e+01  1.0000e+00
-5.5632e-01  1.2990e+00  3.4565e-01 -4.6446e+00  1.1552e+01  4.8555e+00  1.3364e+01  1.0000e+00
 9.2634e+00  1.1238e+00  1.7307e+00  3.4543e+01  3.6858e+00  6.1504e+00  3.5279e+01  1.0000e+00
-6.2079e-02  4.0191e-01  2.3622e-01  3.6631e+00 -1.3959e+01 -5.4281e+00  1.5418e+01  1.0000e+00
-2.2411e-02  2.4801e-01  1.9917e-01  2.3790e+01 -9.9482e+00  1.8001e-01  2.5787e+01  1.0000e+00
-3.2287e-01  5.2022e-01  2.7096e-01 -3.8034e+01 -9.0785e+00  3.2218e+00  3.9235e+01  1.0000e+00
-1.9708e-01  2.2161e-01  3.7356e-01  8.6390e+00  6.7770e+00 -1.0730e+00  1.1032e+01  1.0000e+00
-2.0809e-01  5.5914e-01  1.7766e-01  3.9942e+00  7.8588e+00 -1.4021e-01  8.8166e+00  1.0000e+00
-1.6270e-01  4.3386e-01 -8.3876e-02 -2.4344e+00 -1.8682e+01  1.2761e+01  2.2755e+01  1.0000e+00
-7.0321e-01  1.7865e+00 -5.6645e-02 -1.8709e+00  5.8893e+00 -3.9918e+00  7.3566e+00  1.0000e+00
 1.0947e+01 -5.3632e+00 -1.2924e+00  4.1912e+01 -1.9747e+01 -4.7760e+00  4.6576e+01  1.0000e+00
-6.6260e+00 -4.1750e+00 -2.6551e+00 -2.4126e+01 -1.4489e+01 -9.0142e+00  2.9551e+01  1.0000e+00
-3.6437e-01  5.2100e-01  8.8118e-02  7.6422e-03  2.8220e+01 -6.1436e-01  2.8227e+01  1.0000e+00
 4.3146e+00  1.2406e+00  2.9010e+00  3.3384e+01  7.1802e+00  2.1311e+01  4.0252e+01  1.0000e+00
 1.3639e+00 -6.2118e-01 -9.1113e-01 -1.1703e+00  1.7308e+00  3.0648e+00  3.7092e+00  1.0000e+00
 2.8551e+00  2.2036e+00  3.5199e+00  7.3879e+00  7.3206e+00  9.9084e+00  1.4365e+01  1.0000e+00
-1.1801e-01  3.9978e-01  2.2940e-01 -3.5345e+00 -4.5367e+00  6.9850e-01  5.7933e+00  1.0000e+00
-2.1785e-01  4.1727e-01  1.7796e-01 -6.5169e+00  2.3530e+01 -1.8963e+01  3.0915e+01  1.0000e+00
-7.1656e-01  9.3132e-01  7.1679e-01  2.7451e-01  7.9671e-01  2.2089e+00  2.3642e+00  1.0000e+00
 1.8496e+00 -1.2596e+00  1.8531e+00  8.8340e-02 -1.2560e+00  2.8377e+00  3.1045e+00  1.0000e+00
 1.9899e+01  5.3921e+00 -1.9567e+01  2.2218e+02  5.5315e+01 -2.1507e+02  3.1413e+02  1.0000e+00
 9.9496e-02  3.8338e-01  8.3835e-02  1.4637e+01  1.8585e+01  2.2244e+00  2.3761e+01  1.0000e+00
 1.9755e+00 -1.0701e+00  1.8204e+00  3.1776e+00  1.8198e-01  1.1721e+00  3.3917e+00  1.0000e+00
-1.5349e-01  3.9731e-01  2.8275e-01 -1.7202e+01 -7.0074e+00 -2.4448e+01  3.0704e+01  1.0000e+00
 7.3987e-01  7.4846e-03 -1.3842e-01  1.4905e+00  3.5152e+00 -1.5898e+00  4.1359e+00  1.0000e+00
 3.8779e-01  4.5653e-01  4.5837e-01 -8.8198e+00  9.9390e+00 -5.2327e-01  1.3298e+01  1.0000e+00
 8.2045e-01 -2.3888e-01  2.7637e-02  1.8475e+01 -8.0221e+00 -3.2929e+00  2.0409e+01  1.0000e+00
-1.5618e-01  5.1578e-01  1.7929e-01  2.3916e+01  2.8866e+00 -1.1354e+01  2.6632e+01  1.0000e+00
-2.8376e-01  3.8413e-01  3.0876e-01 -2.8215e+00  2.9228e+00  7.4205e+00  8.4597e+00  1.0000e+00
-3.6623e+00 -5.4217e+00 -6.0570e+00 -1.3349e+01 -1.9326e+01 -2.1789e+01  3.2038e+01  1.0000e+00
 8.5840e-01 -1.8490e+00 -7.9819e+00  2.8844e+00 -5.6522e+00 -2.4259e+01  2.5075e+01  1.0000e+00
 1.1501e-01  3.0077e+00 -1.7108e+00  4.8534e+00  7.1323e+00 -3.2781e+00  9.2288e+00  1.0000e+00
-1.2353e-01  6.7166e-01  2.3703e-01 -1.1311e+01  3.0156e+00 -5.3568e+00  1.2873e+01  1.0000e+00
 2.5801e-01  4.7487e-01 -3.8381e-02 -8.0051e-01  9.3401e+00 -2.1887e+00  9.6265e+00  1.0000e+00
 1.8610e+00 -9.5068e-01 -2.1155e-01 -1.8024e-01  2.9214e+00  6.4152e-01  2.9965e+00  1.0000e+00
-9.7696e-01  7.2974e-01  3.7651e-01 -1.0587e+01  2.9892e+00  4.0950e+00  1.1738e+01  1.0000e+00
 9.2117e+00  3.4011e+00 -2.1645e-01  3.3933e+01  1.3452e+01 -9.6459e-01  3.6515e+01  1.0000e+00
-5.0826e-01  5.6014e-01  1.8841e-01  6.1271e+00 -2.7491e+00  1.7890e+00  6.9498e+00  1.0000e+00
 6.8362e+00  3.5668e-01  7.6733e+00  2.5217e+01  1.5579e+00  2.8284e+01  3.7925e+01  1.0000e+00
-1.5333e-01  2.9522e-01 -1.0256e-01  1.0320e+01 -1.3723e+01 -1.6447e+01  2.3777e+01  1.0000e+00
-4.4212e-01  8.9816e-01  1.2388e-01  1.8637e+01  1.5265e+01 -8.7839e+00  2.5643e+01  1.0000e+00
-1.0995e+01  2.2391e+00  2.4837e+00 -4.1653e+01  9.0955e+00  9.5749e+00  4.3697e+01  1.0000e+00
-8.1526e-01  1.5773e+00  3.5089e-01  2.4601e+00 -1.0340e+01  2.6523e+00  1.0954e+01  1.0000e+00
 2.3668e+00 -3.9964e+00  7.0674e+00  8.4373e+00 -1.4515e+01  2.5072e+01  3.0174e+01  1.0000e+00
 2.7616e+00 -2.7952e+00  5.8117e+00  9.0979e+00 -9.6590e+00  2.0118e+01  2.4099e+01  1.0000e+00
 4.7920e+00 -5.7006e+00 -2.1677e+00  1.5971e+01 -1.9904e+01 -7.3041e+00  2.6544e+01  1.0000e+00
 2.7292e+00 -1.5952e+00  5.6983e-01  4.6891e+00 -1.1286e+00  1.2290e+00  4.9771e+00  1.0000e+00
-3.3257e-01  6.4033e-01 -9.7123e-02  1.4356e+01 -7.4639e+00  9.9915e+00  1.9017e+01  1.0000e+00
-3.9887e-01  6.3877e-01  1.0685e+00  3.8158e+00  7.9580e+00  2.1007e+00  9.0721e+00  1.0000e+00
-1.9292e-01  6.9845e-01  9.4704e-02 -4.8892e-01  1.3436e+01 -2.6751e+01  2.9940e+01  1.0000e+00
-3.2098e-01  6.5163e-01  2.5668e-01 -1.5016e+01  1.0766e+01 -5.8167e+00  1.9371e+01  1.0000e+00
 3.6684e-02  3.1376e-01  2.7221e-02 -7.7955e+00  9.8897e+00 -5.0895e+00  1.3582e+01  1.0000e+00
-1.8460e-01  3.4815e-01 -2.7168e-01  1.4640e+01  5.2958e+00  2.6120e+00  1.5786e+01  1.0000e+00
-2.0295e-01  4.2844e-01  1.7338e-01 -9.5091e+00 -2.2136e+01 -1.0120e+01  2.6131e+01  1.0000e+00
-1.4370e+01  5.9095e+00  5.3462e+00 -5.5176e+01  2.3068e+01  2.1287e+01  6.3479e+01  1.0000e+00
-1.9873e-02  6.8967e-01  1.0354e-01 -2.0728e+00 -4.9916e+00  5.3290e+00  7.5902e+00  1.0000e+00
-4.8289e-01  7.1717e-01  2.0282e-01 -1.4785e+00  7.5462e+00 -2.3307e-01  7.6932e+00  1.0000e+00
-5.4776e-01  6.9337e-01 -9.5078e-02  9.7304e+00 -3.2391e+00 -2.9414e-02  1.0255e+01  1.0000e+00
 5.4814e+00 -4.7855e+00 -2.0294e+00  2.0051e+01 -1.6649e+01 -6.3303e+00  2.6820e+01  1.0000e+00
-4.7294e-01  5.5730e-01 -1.4504e-01  6.0036e+00  3.2587e+00 -1.7980e-01  6.8333e+00  1.0000e+00
 3.7290e+00 -3.2671e+00  7.9766e+00  1.3294e+01 -1.1370e+01  2.9950e+01  3.4685e+01  1.0000e+00
-2.0080e-01  5.1896e-01  1.5995e-01 -3.6860e+00  4.6752e+00 -1.5762e+01  1.6849e+01  1.0000e+00
-1.2849e+00 -1.6201e+00 -6.8610e+00 -5.3567e+00 -5.1091e+00 -2.3897e+01  2.5017e+01  1.0000e+00
 1.9174e+00 -1.2299e+00  9.1878e-01  1.3646e-01  5.8369e-03  4.1733e-01  4.3911e-01  1.0000e+00
 2.6188e-01  4.2754e-01 -9.6711e-02  1.1191e+00  7.9971e+00  4.0117e+00  9.0166e+00  1.0000e+00
 7.5284e-02  5.1707e-01  2.6421e-02 -4.1786e+00  1.0400e+01  1.4507e+01  1.8332e+01  1.0000e+00
-1.0977e+00  8.1412e-01  3.6694e-01  9.5988e+00 -5.9102e+00  3.5494e-01  1.1278e+01  1.0000e+00
-1.1675e-01  5.5068e-02  3.4462e-01 -4.5956e+00  7.5472e+00  2.3181e+01  2.4808e+01  1.0000e+00
 3.5428e-01  5.8822e-02  1.3945e-01  7.7348e+00  2.5673e-01 -2.8143e+00  8.2349e+00  1.0000e+00
 8.5467e-02  6.9676e-01 -1.1510e-01 -1.5056e+00 -2.0973e+00  1.3383e+01  1.3630e+01  1.0000e+00
 2.6313e+00 -1.6350e+00  8.7886e-01  2.3344e+00  1.8659e-01  3.5817e+00  4.2794e+00  1.0000e+00
-1.1416e+00 -3.0928e+00  7.3018e+00 -4.1919e+00 -1.1895e+01  2.6584e+01  2.9423e+01  1.0000e+00
 2.8123e-01  2.4376e-01  3.6528e-01 -1.4986e+01  3.1453e+00 -3.0337e+00  1.5610e+01  1.0000e+00
-4.7052e-01  3.9993e-01  1.9133e-01  5.1948e+00  8.6354e+00  7.7156e+00  1.2692e+01  1.0000e+00
-1.0206e+01  1.6595e+00 -3.0593e+00 -3.6062e+01  8.6376e+00 -9.5711e+00  3.8297e+01  1.0000e+00
-4.3136e-01  4.5440e-01  8.1306e-02 -2.3305e+00  3.1316e+00  9.3488e+00  1.0131e+01  1.0000e+00
-8.4374e-02  5.6677e-01 -7.3514e-02 -4.1000e+00  7.4647e+00 -7.1496e-02  8.5169e+00  1.0000e+00
-2.9490e-01  6.4401e-01  2.2815e-02  4.7211e+00  7.2959e+00 -1.3115e+01  1.5733e+01  1.0000e+00
-3.6991e+00 -1.3653e+01 -1.5135e+01 -1.4973e+01 -4.4836e+01 -5.2349e+01  7.0532e+01  1.0000e+00
 9.5300e+00 -8.4431e+00  2.4044e+00  3.5780e+01 -3.1507e+01  8.8298e+00  4.8486e+01  1.0000e+00
-2.2020e-01  7.2338e-01  8.2997e-01 -2.2575e+00  1.1417e+01  1.4672e+01  1.8727e+01  1.0000e+00
 8.5770e-01 -2.6278e-01 -1.6971e+00 -5.0155e-01  2.1926e+00  3.1272e+00  3.8520e+00  1.0000e+00
-3.1790e-01  2.0862e-01  5.5539e-01 -1.5068e+01  4.0110e+00 -2.3366e+00  1.5767e+01  1.0000e+00
 8.1872e-01 -8.4081e-01 -1.8427e+00  1.5099e+00  2.7626e+00  5.2119e-01  3.1911e+00  1.0000e+00
 4.5560e-02  2.6593e-01  5.2751e-01  5.5923e+00  1.4310e+00  1.8803e+01  1.9669e+01  1.0000e+00
-4.3865e-01  8.2867e-01  1.6305e-01 -4.0016e+00 -2.3126e+00 -7.6316e+00  8.9220e+00  1.0000e+00
-5.2512e+00  8.0631e+00 -4.4209e+00 -1.9519e+01  3.0876e+01 -1.6142e+01  3.9936e+01  1.0000e+00
-1.4844e-01  2.8539e-01  3.8525e-01  1.4139e+01  9.8156e+00  1.3468e+00  1.7265e+01  1.0000e+00
-1.2455e+00  4.1553e-01 -8.0299e-02  9.2108e+00  1.8668e+00  8.5811e+00  1.2726e+01  1.0000e+00
 2.6925e-01  4.2078e-01  1.9316e-01 -9.1331e-01 -1.1063e+01  3.9766e+00  1.1791e+01  1.0000e+00
-6.2892e-02  3.5426e-01  2.0421e-01 -3.6748e+00 -1.2827e+01 -2.7155e+00  1.3617e+01  1.0000e+00
-3.8083e-01  5.3162e-01  7.3168e-02  9.2238e+00 -1.7682e+01  1.2453e+01  2.3512e+01  1.0000e+00
-9.4652e-02  5.0584e-01  6.1161e-02  9.5376e+00  2.1581e+01 -9.9871e+00  2.5621e+01  1.0000e+00
-4.3556e-01  5.4141e-01  2.0532e-02 -1.7670e+01 -1.3466e+01 -7.0360e+00  2.3304e+01  1.0000e+00
-3.6027e-02  2.3236e-01  2.7468e-01 -1.7489e+01  7.5459e+00  4.2013e+00  1.9505e+01  1.0000e+00
-3.4555e-01  5.9132e-01  2.0699e-01  2.2025e+01 -1.0386e+00  7.7744e+00  2.3380e+01  1.0000e+00
-4.7766e-01  4.8386e-01 -2.8126e-01  7.2055e+00  7.2569e+00 -6.4060e+00  1.2067e+01  1.0000e+00
 2.5969e+00 -4.1797e+00  6.9356e+00  8.6337e+00 -1.3406e+01  2.5877e+01  3.0395e+01  1.0000e+00
 4.5660e-02  3.6845e-01  2.4671e-01  5.6830e+00  6.0641e+00 -6.0858e+00  1.0301e+01  1.0000e+00
 1.8602e+01 -1.2781e+01 -2.6390e+01  6.9258e+01 -4.7267e+01 -9.5446e+01  1.2705e+02  1.0000e+00
-1.6196e-01  2.0055e-01 -1.7054e-02 -1.2452e+01 -2.8140e+00  1.0237e+01  1.6363e+01  1.0000e+00
-1.2915e+00  2.1349e+00  2.2500e+00 -2.9633e+00  6.6562e+00  2.6935e+00  7.7680e+00  1.0000e+00
 4.9584e+00 -1.7646e+00 -1.3557e+00  1.8429e+01 -4.3494e+00 -3.2909e+00  1.9219e+01  1.0000e+00
-5.0527e-01  4.2075e-01  9.3017e-02  3.3327e-01  4.7384e+00 -5.7528e+00  7.4605e+00  1.0000e+00
-6.0340e-01 -3.1344e-01  1.0527e+00  5.7044e-01 -1.1057e+01  9.0742e+00  1.4315e+01  1.0000e+00
 4.6635e-02  4.0013e-01  2.2436e-01 -7.9057e-01 -1.1619e+01  1.5962e+01  1.9759e+01  1.0000e+00
 3.4862e-02  5.5063e-01  2.3509e-01 -7.1358e-01 -9.4278e+00 -3.5280e+00  1.0092e+01  1.0000e+00
-1.9617e-01  4.1998e-01  1.1718e-01  5.5517e+00  3.3515e+00  5.2266e+00  8.3289e+00  1.0000e+00
 7.0963e-01 -6.1584e-03  1.3886e-01  9.0034e+00 -1.7983e+00 -4.0864e+00  1.0050e+01  1.0000e+00
 3.6440e-01  1.0831e+00  8.2718e-02  2.2648e+00  5.9139e+00  2.1464e+00  6.6866e+00  1.0000e+00
-9.8561e-01  1.0561e+00  8.9864e-01 -1.5781e+00  9.3419e+00  9.5336e+00  1.3441e+01  1.0000e+00
 4.6903e-01 -3.8244e+00  6.8146e+00  1.6241e+00 -1.3654e+01  2.3976e+01  2.7639e+01  1.0000e+00
-6.7120e+00  5.4142e+00 -4.1913e+00 -5.8525e+01  4.4627e+01 -3.7530e+01  8.2616e+01  1.0000e+00
-5.1779e-02  9.3023e-01 -3.6918e-01 -7.5728e+00 -6.1317e+00  4.2522e+00  1.0631e+01  1.0000e+00
 4.8014e-01  8.9482e-04  6.0868e-01  7.0098e+00 -6.5146e+00  2.8601e+00  9.9878e+00  1.0000e+00
-1.6920e-01  5.4514e-01 -4.2124e-02 -1.4759e+01 -9.9624e+00  5.5794e-01  1.7816e+01  1.0000e+00
 4.0635e-02  7.7336e-01  1.1829e-01  1.2197e+01  2.4683e+01 -1.5573e+01  3.1631e+01  1.0000e+00
 5.3865e-01  7.7599e-01  4.8293e-01  5.1102e+00  3.1448e-01  7.4865e-01  5.1743e+00  1.0000e+00
-8.4545e-01  8.3600e-01  5.7665e-01 -1.0111e+01  3.6473e-01  2.1396e+00  1.0341e+01  1.0000e+00
-6.4973e+00  5.4551e+00 -1.8300e+00 -2.3071e+01  1.9489e+01 -6.4079e+00  3.0873e+01  1.0000e+00
 3.7311e+00 -2.8917e+00 -1.1412e+01  1.4262e+01 -1.1248e+01 -4.3647e+01  4.7276e+01  1.0000e+00
-2.3955e-01  7.1184e-01  6.3487e-02  1.8365e+00 -1.9376e+01 -1.1852e+01  2.2787e+01  1.0000e+00
-3.4498e-01 -7.6736e+00 -5.4614e+00  7.0650e-01 -2.7723e+01 -1.9503e+01  3.3904e+01  1.0000e+00
-2.7047e+00  2.5347e+00 -1.0868e+01 -1.0669e+01  1.0109e+01 -4.1076e+01  4.3626e+01  1.0000e+00
 1.3995e+00 -6.7575e+00  4.0417e-02  4.7781e+00 -2.4260e+01  2.4620e-01  2.4728e+01  1.0000e+00
 4.5119e-01  1.3412e+00  4.0247e-02  6.9854e+00  5.3719e+00  5.6221e-01  8.8300e+00  1.0000e+00
-1.2973e+00 -1.5846e+00 -7.4730e+00 -4.7182e+00 -6.4257e+00 -2.5911e+01  2.7110e+01  1.0000e+00
 2.5441e-01  1.3690e+00  1.0368e+00  7.4104e+00  1.3706e+01  1.3918e+01  2.0892e+01  1.0000e+00
-1.4218e-01  5.5147e-01  3.4295e-01 -8.8801e+00  2.0828e+01 -1.4232e+01  2.6744e+01  1.0000e+00
 3.1708e+00  2.3520e+00  4.5702e+00  1.8924e+01  1.0446e+01  2.5844e+01  3.3692e+01  1.0000e+00
-6.5344e-02  3.4841e-01  2.4450e-01  1.3686e+01 -8.6476e+00  1.9233e+01  2.5139e+01  1.0000e+00
 4.4110e+00 -5.7575e+00 -2.3090e+00  1.6885e+01 -1.9672e+01 -8.0792e+00  2.7155e+01  1.0000e+00
-2.0132e-01  4.5630e-01  1.9721e-01 -1.4849e+01 -1.8107e+01  4.1275e+00  2.3778e+01  1.0000e+00
 9.3032e-02  5.3841e-01  2.5639e-01  1.6416e+01  6.2311e+00  1.0025e+01  2.0219e+01  1.0000e+00
-7.7639e+00 -3.5228e+00 -2.4949e+00 -2.8205e+01 -1.2615e+01 -8.6558e+00  3.2087e+01  1.0000e+00
 4.2582e+00  2.0684e+00  3.8668e+00  1.3840e+01  8.1637e+00  1.4613e+01  2.1719e+01  1.0000e+00
-2.3019e-01  5.6587e-01 -1.7882e-01  5.2692e+00 -5.3648e+00  6.0920e+00  9.6777e+00  1.0000e+00
 2.9845e+00 -9.9386e+00 -7.8056e-01  1.1643e+01 -3.7471e+01 -2.9681e+00  3.9350e+01  1.0000e+00
 6.9947e-02  5.5169e-01  2.3868e-01 -1.0464e+01  3.3399e+00  3.4361e-02  1.0984e+01  1.0000e+00
-1.3597e+01 -1.2556e+00  2.0100e+01 -5.7042e+01 -5.5909e+00  8.4146e+01  1.0181e+02  1.0000e+00
 5.6783e+00 -9.9396e+00 -8.0416e+00  2.2189e+01 -3.8020e+01 -3.0968e+01  5.3823e+01  1.0000e+00
-5.0533e-01  6.2225e-01  2.3187e-01 -2.5658e+01  1.4518e+01  8.5235e+00  3.0688e+01  1.0000e+00
 4.3886e-01 -1.6557e-01  4.3604e-01 -1.5478e+00 -1.3048e+00 -3.4901e+00  4.0347e+00  1.0000e+00
-1.5579e-01  2.8673e-01  2.6117e-01 -1.3630e+01 -2.3297e+01 -6.8942e-01  2.7000e+01  1.0000e+00
-3.7241e+00 -1.0411e+00 -2.8235e+00 -1.1688e+01 -2.1918e+00 -8.4819e+00  1.4607e+01  1.0000e+00
 3.7955e-01  6.2248e-01  1.7637e-01  2.2711e+01  1.0276e+01 -8.8411e-01  2.4943e+01  1.0000e+00
-3.1590e-01  6.9437e-01  2.7463e-01  1.9296e+01  9.0131e+00  5.8631e+00  2.2089e+01  1.0000e+00
-1.2926e-01 -7.6293e+00 -5.4196e+00 -1.6142e+00 -2.7177e+01 -1.9821e+01  3.3676e+01  1.0000e+00
-9.3054e-02  4.3602e-01  1.6174e-01  1.1280e+01 -1.2980e+01  9.0931e+00  1.9453e+01  1.0000e+00
-1.0324e-01  5.3439e-01 -1.7886e-01 -2.6448e-01 -4.1128e+00 -1.2746e+01  1.3396e+01  1.0000e+00
-2.0218e-01  2.5471e-01  2.3205e-01  3.4623e+00 -1.1371e+01 -7.2253e-01  1.1908e+01  1.0000e+00
-1.0181e-01  4.4598e-01  8.0580e-01 -1.2361e+01  7.4881e+00 -1.9125e+01  2.3971e+01  1.0000e+00
-2.8322e-01  6.9545e-01  2.4032e-01  1.3132e+01  8.3456e+00 -4.9767e-01  1.5568e+01  1.0000e+00
-1.5054e+01 -1.7620e+01  8.1156e+00 -5.1451e+01 -6.2695e+01  2.9591e+01  8.6333e+01  1.0000e+00
 1.9143e-02  4.6396e-01  3.8522e-01 -7.2251e+00  2.2114e+01  1.8583e+00  2.3339e+01  1.0000e+00
-8.9769e-01  1.4981e+00 -7.4759e-01 -9.4140e+00  1.5560e+01 -8.1615e+00  1.9934e+01  1.0000e+00
-2.1319e-01  6.7490e-01  1.2112e-01  1.1581e+00 -3.6662e+00  1.2949e+01  1.3508e+01  1.0000e+00
-1.2999e-01  3.4297e-01  2.3280e-01 -2.3431e+01 -3.8466e+00 -2.9073e+00  2.3922e+01  1.0000e+00
 1.3777e-01  4.9026e-01  1.2926e-01 -2.4725e+01  9.4022e+00  1.0760e+01  2.8557e+01  1.0000e+00
 6.6476e-01  9.3497e-01 -2.2997e-03  4.8270e+00 -9.1048e-01  5.9527e-02  4.9124e+00  1.0000e+00
-5.7167e-01  9.5932e-02 -3.7779e-01  3.7035e+00  4.8401e+00 -2.9977e+00  6.7918e+00  1.0000e+00
-3.9105e-02 -6.7441e+00  3.2985e+00 -2.4847e-01 -2.4333e+01  1.1427e+01  2.6883e+01  1.0000e+00
-8.4413e+00 -5.1843e+00 -3.1296e+00 -3.0741e+01 -1.7409e+01 -9.9694e+00  3.6708e+01  1.0000e+00
-9.9631e-01 -1.3298e+00 -4.9815e-01 -6.7793e+00  2.6604e+00 -1.3023e+00  7.3982e+00  1.0000e+00
-2.0544e-01  5.0858e-01 -1.8487e-01  1.2724e+01 -8.8848e+00  1.1232e+01  1.9157e+01  1.0000e+00
 1.0842e+01 -3.9178e+00 -6.8818e-01  4.1181e+01 -1.4621e+01 -2.2929e+00  4.3760e+01  1.0000e+00
 3.1280e-01  9.8699e-01 -4.4017e-01 -1.0556e+01  1.1605e+01 -3.8567e+00  1.6155e+01  1.0000e+00
 1.1331e+02 -1.4055e+02  9.2546e+01  3.8386e+02 -4.7418e+02  3.0947e+02  6.8408e+02  1.0000e+00
-5.6541e-01  6.3147e-01 -7.0601e-02  1.5857e+01  1.3954e+01  8.6461e+00  2.2823e+01  1.0000e+00
-2.1554e-01  4.1004e-01  4.8802e-01  1.1929e+01  1.7664e+00  1.4192e+01  1.8623e+01  1.0000e+00
-2.7553e-01  4.7321e-01  7.7872e-02 -1.8314e+00 -7.6098e+00 -4.1490e+00  8.8588e+00  1.0000e+00
 6.2571e+00  5.1108e+00  3.9757e-01  2.2219e+01  1.7791e+01  1.9262e+00  2.8529e+01  1.0000e+00
-4.3519e+00 -1.2581e+00  2.1509e+00 -2.0528e+01 -4.9519e+00  1.1350e+01  2.3974e+01  1.0000e+00
 1.5594e+00 -8.4134e+00  5.2251e-01  5.3892e+00 -3.0321e+01  1.2680e+00  3.0823e+01  1.0000e+00
-4.0860e-01  3.1475e-01 -2.1494e-01 -6.0126e+00 -1.0498e+00 -1.5606e+01  1.6757e+01  1.0000e+00
 4.4953e-01  4.0026e+00 -6.0924e+00  1.3845e+00  1.3835e+01 -2.1759e+01  2.5823e+01  1.0000e+00
-1.3076e+01  4.3958e+00  4.8047e+00 -6.8800e+01  2.3130e+01  2.5071e+01  7.6792e+01  1.0000e+00
-3.4530e-01  4.9518e-01  2.7988e-01  3.4602e+00 -1.3090e+01  1.5707e+00  1.3630e+01  1.0000e+00
-2.2567e-02  1.4551e+00  2.2700e-01 -4.6335e+00  4.7703e+00  5.3770e+00  8.5520e+00  1.0000e+00
 2.0720e-02  4.7700e-01  4.6159e-01  5.2267e+00  3.3505e+00  1.2855e+01  1.4275e+01  1.0000e+00
 5.8257e-02  5.9818e-01 -3.2329e-02  2.9247e+01 -4.5787e+00 -1.4072e+01  3.2778e+01  1.0000e+00
 8.3963e-01 -8.4067e+00  6.6705e+00  2.9832e+00 -3.1640e+01  2.5142e+01  4.0523e+01  1.0000e+00
 2.6127e+00 -4.7830e+00  2.0653e+00  2.3876e+01 -4.4827e+01  1.7528e+01  5.3728e+01  1.0000e+00
 1.5758e-01  5.4416e+00  6.8044e-01 -3.3068e+00  1.7976e+01  3.3259e+00  1.8578e+01  1.0000e+00
 2.8554e-02  6.2476e-01  2.4165e-01  9.3114e+00 -5.9965e+00  1.7380e+01  2.0609e+01  1.0000e+00
 2.2795e+00 -1.1299e+00  5.1298e-01  1.0905e+00  8.4303e-01  6.1102e-01  1.5078e+00  1.0000e+00
-4.6312e-01  5.2291e-01  3.0777e-01  5.7580e+00 -2.2647e+01  4.5579e-01  2.3372e+01  1.0000e+00
 4.6769e+00 -1.8426e+00  2.6465e+00  1.5823e+01 -4.2078e+00  8.3916e+00  1.8398e+01  1.0000e+00
 8.1098e-02  1.9331e-01  6.8854e-01  7.4225e+00 -4.5381e+00  2.3349e+00  9.0078e+00  1.0000e+00
-3.5838e-02  3.3269e-01  6.9901e-02  2.2482e+00  2.3753e+00 -1.7707e+01  1.8007e+01  1.0000e+00
-3.1721e-01  5.5796e-01 -4.5296e-03 -1.0018e+01  1.5511e+01 -2.9064e+00  1.8692e+01  1.0000e+00
-1.8728e+00 -1.6185e+00 -9.2012e+00 -6.5271e+00 -5.5294e+00 -3.3807e+01  3.4873e+01  1.0000e+00
-1.0659e+00 -5.0876e-01  2.3646e+00 -2.7106e+00 -1.9638e+00  9.8173e+00  1.0372e+01  1.0000e+00
 1.1010e+01 -3.0347e-01 -2.4945e+00  4.1745e+01 -7.5475e-01 -8.7140e+00  4.2651e+01  1.0000e+00
-4.8946e-02 -5.6074e-02  2.6545e-02 -5.2283e-01 -1.1263e+00  1.0680e+01  1.0752e+01  1.0000e+00
 3.8002e+00 -5.0254e-01  1.0003e+01  1.4781e+01 -2.6156e+00  3.8440e+01  4.1267e+01  1.0000e+00
-2.5213e-01  5.3742e-01  1.1204e+00  2.4155e+00  1.0797e+00  1.3815e+01  1.4066e+01  1.0000e+00
-8.7489e-01  4.6822e-02  1.8402e-01 -2.0064e+00  1.1460e+01 -1.6621e+01  2.0289e+01  1.0000e+00
-4.5575e+00  7.6766e-01  7.2684e+00 -1.5974e+01  2.7178e+00  2.6438e+01  3.1009e+01  1.0000e+00
-3.1232e-01  4.7940e+00  1.1386e-02 -4.3839e+00  1.1088e+01 -1.1242e+00  1.1976e+01  1.0000e+00
-2.5731e-01  5.1015e-01  2.8525e-01  1.6902e+01  1.4294e+01 -9.9788e+00  2.4281e+01  1.0000e+00
 7.7429e-01  1.7831e+01  1.1869e+01  2.8614e-01  6.3602e+01  4.0562e+01  7.5436e+01  1.0000e+00
-3.1704e+00  2.8483e+00 -1.4455e+00 -8.9165e+00  7.6105e+00 -1.9839e+00  1.1889e+01  1.0000e+00
-1.4923e-01  1.1025e+00 -3.0765e-01 -8.3579e+00  7.6119e+00  4.4222e+00  1.2139e+01  1.0000e+00
 1.9222e-01  3.0782e-01 -9.6309e-01  2.9026e+00  1.5788e+00 -1.9063e+00  3.8146e+00  1.0000e+00
-1.0139e-01  1.0361e+00  5.9643e-01  8.1550e-01  1.6242e+01  4.9853e+00  1.7009e+01  1.0000e+00
 8.9178e-02  5.7711e-01  3.6739e-01 -8.9239e+00 -6.1859e+00  1.0363e+01  1.5010e+01  1.0000e+00
 8.3098e-02  3.8326e-01  2.4515e-01 -3.1405e+00 -9.2285e+00 -1.3006e+01  1.6254e+01  1.0000e+00
-2.3657e+00 -1.3431e-01  3.0188e+00 -3.9758e+00  6.4201e-01  6.7832e+00  7.8887e+00  1.0000e+00
-3.6220e-01  5.1359e-01  1.3594e-01 -3.1300e+00  1.4636e+01 -1.3106e+01  1.9895e+01  1.0000e+00
-4.4011e+00  3.7170e+00  1.4698e+00 -2.8073e+01  2.3374e+01  7.4172e+00  3.7275e+01  1.0000e+00
-1.5101e-01  2.7659e-01 -5.7040e-02  9.3776e+00 -7.0821e+00  9.9254e+00  1.5382e+01  1.0000e+00
-4.2555e-01  3.9049e-01  3.7291e-02 -1.8870e+01  2.5298e+00 -5.4192e+00  1.9795e+01  1.0000e+00
-3.8467e-01  3.9189e-01  1.2097e-01 -2.3242e+00  1.1152e+01 -1.8394e+01  2.1636e+01  1.0000e+00
-2.4550e-01  5.3614e-01 -3.9165e-03  1.1286e+01  1.6634e+01  9.6522e+00  2.2299e+01  1.0000e+00
 3.7429e+00 -6.4828e+00 -3.1591e+00  1.3467e+01 -2.2324e+01 -1.1423e+01  2.8464e+01  1.0000e+00
-1.4782e+00  6.4662e-01  6.1373e-01 -3.3476e+00  5.5827e+00  2.2749e+00  6.8955e+00  1.0000e+00
 4.7345e+00  1.2023e+00 -1.1184e+01  1.7980e+01  5.3048e+00 -3.8474e+01  4.2798e+01  1.0000e+00
-8.5200e-01  4.6536e+00 -3.2291e+00 -2.7535e+00  1.5056e+01 -8.7166e+00  1.7614e+01  1.0000e+00
-9.4549e+00 -3.4314e+00  2.2583e+00 -3.6050e+01 -1.2349e+01  8.5615e+00  3.9057e+01  1.0000e+00
 1.1710e+01 -1.1452e+00 -4.8546e+00  4.5441e+01 -4.3274e+00 -1.8472e+01  4.9243e+01  1.0000e+00
 4.5091e+00 -2.4795e+01  1.5332e+01  1.7623e+01 -9.7769e+01  6.0775e+01  1.1646e+02  1.0000e+00
-4.2789e-01  7.1226e-01  3.6276e-01  3.9838e+00  2.9508e+00 -1.0932e+01  1.2004e+01  1.0000e+00
-6.9389e-02  3.3638e-01  4.7091e-02 -1.3680e+01  2.1839e+01  8.1133e-01  2.5782e+01  1.0000e+00
 8.6875e-02  3.7764e-01  1.1437e-01 -2.0817e+01  2.6620e+00 -8.2090e+00  2.2535e+01  1.0000e+00
-1.1321e-01  5.8860e-01  7.6549e-02 -3.2168e+01  1.1327e+01  1.8039e+01  3.8581e+01  1.0000e+00
-5.9656e+00 -3.1929e+00 -3.0452e+00 -2.1603e+01 -9.9845e+00 -1.1145e+01  2.6279e+01  1.0000e+00
 7.6769e-02  3.7496e-01  5.2304e-01 -1.0999e+00  1.4806e+01 -1.1056e+01  1.8511e+01  1.0000e+00
 2.8276e-01  8.0792e-01  5.5139e-01 -1.5140e+01 -4.0196e+00  8.6584e+00  1.7898e+01  1.0000e+00
-6.1930e-02  5.4278e-01  3.4272e-02  9.0645e+00  9.3160e+00 -1.9386e+01  2.3340e+01  1.0000e+00
-2.2487e-01  5.0459e-01  1.9808e-01 -2.7495e+01 -1.1660e+01 -2.7694e+00  2.9993e+01  1.0000e+00
 1.8710e+00 -2.1373e+00 -2.4721e+00  4.9130e+00 -3.7098e+00 -4.4029e+00  7.5688e+00  1.0000e+00
 8.0664e-02  5.0628e-01  2.8095e-01 -8.2109e+00 -9.2869e+00  1.1501e+00  1.2449e+01  1.0000e+00
-2.1272e-02  6.3628e-01  2.3191e-01 -1.3304e+00 -7.6209e+00 -1.4800e+01  1.6700e+01  1.0000e+00
 4.0792e+00 -4.7878e+00 -6.0735e+00  1.4563e+01 -1.7822e+01 -2.1391e+01  3.1421e+01  1.0000e+00
-6.1292e-01  4.2240e-01  2.3100e-01  1.6526e+00  4.0283e+00 -1.4137e+01  1.4793e+01  1.0000e+00
-1.3852e-01  5.1629e-01  1.6111e-01  2.1535e+01 -1.1288e+01 -2.0402e+01  3.1740e+01  1.0000e+00
 2.2082e-01  3.3042e-01 -3.5142e-02 -6.0771e+00  1.1909e+00  9.2847e-01  6.2619e+00  1.0000e+00
-6.0548e-01  1.2096e+00  1.3757e+00 -2.6425e+00 -4.6098e+00  4.6162e+00  7.0386e+00  1.0000e+00
-3.5752e-01  6.3009e-01  3.0479e-01  1.4766e+01 -1.2001e+01 -1.1419e+01  2.2192e+01  1.0000e+00
-1.3513e-01  6.6063e-01  1.2011e-01  7.3132e+00  9.7193e+00  1.3715e+01  1.8332e+01  1.0000e+00
 9.2335e-01 -4.3786e-01  2.0779e-02 -5.6434e+00  9.7262e+00  3.1383e+00  1.1675e+01  1.0000e+00
-9.2131e+00  2.2471e+00  4.5016e+00 -6.0566e+01  1.4524e+01  2.9907e+01  6.9091e+01  1.0000e+00
-4.0811e-01  4.7523e-01  1.0493e-01 -5.4476e+00 -5.0339e+00  1.0110e+01  1.2539e+01  1.0000e+00
 5.7235e+00  3.8669e+00 -6.2429e-01  1.8879e+01  1.4053e+01 -1.1783e+00  2.3565e+01  1.0000e+00
-4.7184e-01  1.9051e-01  3.3973e-01 -4.5263e+00 -1.1271e+01  9.7521e+00  1.5577e+01  1.0000e+00
-2.6614e-01  4.9418e-01  2.0074e-01 -2.0927e+01 -2.0161e+01 -1.2032e+01  3.1451e+01  1.0000e+00
-3.8494e-01  5.4173e-01  2.2213e-01  1.5771e+01 -5.8520e-01 -1.6366e+00  1.5866e+01  1.0000e+00
 9.0768e-01  5.5733e+00  3.8504e-02  4.4870e+00  1.7079e+01 -1.5682e+00  1.7728e+01  1.0000e+00
-1.1331e+02  1.4033e+02 -9.3406e+01 -3.7964e+02  4.7214e+02 -3.1702e+02  6.8377e+02  1.0000e+00
-2.7189e-01  1.8465e-01  3.5653e-02  3.1107e+01  8.4212e-01  2.7384e+00  3.1239e+01  1.0000e+00
-1.0328e-01  5.8320e-01 -2.8143e-02 -7.4249e+00  1.2393e+01 -1.3079e+00  1.4506e+01  1.0000e+00
 1.4246e-02  3.2177e-01  1.9279e-01  1.9106e+01 -3.2494e+01  6.2342e-01  3.7700e+01  1.0000e+00
-3.9757e-01  6.7219e-01 -6.3007e-02  7.6628e+00 -6.8467e+00 -3.3524e+00  1.0809e+01  1.0000e+00
 2.3076e-01  7.2730e-01  5.1550e-01  1.5699e+01  2.1021e+00 -5.9868e+00  1.6933e+01  1.0000e+00
 3.7868e+00 -5.7301e+00 -5.4703e+00  1.3317e+01 -1.9818e+01 -2.1075e+01  3.1848e+01  1.0000e+00
 1.6884e+00 -4.5002e-01 -4.6485e-02  9.5922e+00 -1.5804e+00  1.1641e+00  9.7910e+00  1.0000e+00
-1.5935e+00  5.7005e-02  1.1994e+00 -6.0942e+00 -1.1694e+00  9.4477e+00  1.1303e+01  1.0000e+00
 6.4066e-02  5.1147e-01  6.6315e-01  1.2583e+00 -8.8444e-01 -7.4382e+00  7.5956e+00  1.0000e+00
-8.2470e+00  3.7609e-01  6.9759e+00 -3.1038e+01  2.2938e+00  2.6852e+01  4.1105e+01  1.0000e+00
-3.9045e-01  6.6927e-01  2.4555e-01 -1.7689e+01 -7.3966e-01 -1.9925e+01  2.6654e+01  1.0000e+00
-6.1017e-02  6.0365e-01  8.0365e-02  3.8118e+00  1.4253e+01 -1.5547e+01  2.1433e+01  1.0000e+00
-5.5682e+00  4.9814e+00 -8.9565e+00 -2.1003e+01  1.9379e+01 -3.3932e+01  4.4363e+01  1.0000e+00
 9.3990e+00 -6.4707e+00  2.5670e+00  3.5542e+01 -2.4076e+01  9.9297e+00  4.4062e+01  1.0000e+00
 5.2455e+00 -3.2107e+00  5.7329e+00  1.8367e+01 -1.1325e+01  2.0983e+01  3.0098e+01  1.0000e+00
-6.8636e-01  6.6461e-01  3.5893e-01 -1.5027e+01  5.5184e-01 -6.6167e+00  1.6429e+01  1.0000e+00
-3.6061e-01  4.7037e-01  1.3103e-01  7.6208e-01  3.1019e+00  1.5445e+00  3.5480e+00  1.0000e+00
-2.6144e-02  4.8609e-01  7.1265e-02  1.1219e+01 -8.1876e+00 -6.9181e+00  1.5516e+01  1.0000e+00
-4.5220e+00  9.0020e-01  1.6381e+00 -1.3503e+01  1.2151e+00  3.8916e+00  1.4105e+01  1.0000e+00
-1.8656e-01  1.4848e-01  3.3530e-01  3.5636e+00  1.5697e+01  6.7987e-02  1.6096e+01  1.0000e+00
-9.8347e-02  4.3656e-01  2.6244e-01  9.0934e-01  1.9305e+01  2.0551e+01  2.8211e+01  1.0000e+00
-3.2641e-01  7.2391e-01  8.3900e-02 -1.7392e+01  5.0622e+00 -3.4581e+00  1.8441e+01  1.0000e+00
-1.3483e-01  5.0093e-01  3.2019e-02  4.4804e+00 -2.3719e+01  1.6382e+01  2.9173e+01  1.0000e+00
-3.9822e+00  3.4802e+00 -3.3329e+00 -1.2968e+01  1.4075e+01 -1.0888e+01  2.2019e+01  1.0000e+00
-4.5760e-01  2.9757e-01  5.2414e-02  1.4849e+01 -1.8921e+01  6.0473e+00  2.4801e+01  1.0000e+00
-2.9152e+00  1.8721e+00 -7.2405e+00 -1.0625e+01  6.6786e+00 -2.5628e+01  2.8536e+01  1.0000e+00
-4.5927e-01  5.0770e+00  2.4352e+00 -5.9087e+00  1.5188e+01  5.2274e+00  1.7115e+01  1.0000e+00
-8.8525e+00 -2.0918e+00 -2.6974e+00 -3.4124e+01 -7.0028e+00 -8.8357e+00  3.5938e+01  1.0000e+00
-2.8665e-01  7.0274e-01  7.8269e-02 -4.0155e+01  9.8724e+00 -4.1258e+00  4.1556e+01  1.0000e+00
-6.1603e-02  3.8307e-02 -1.4291e+00  1.4105e-01 -3.2458e+00 -1.3381e+01  1.3769e+01  1.0000e+00
-3.6872e-01  6.4488e-01  6.3513e-01 -1.0128e+01 -2.5384e+00  3.5683e-01  1.0448e+01  1.0000e+00
 1.5851e-01  1.0167e-01 -4.8723e-02  5.0802e+00  1.0934e+01  8.9770e+00  1.5032e+01  1.0000e+00
-1.8416e-01 -8.7016e-02  5.9798e-01 -1.0824e+00  8.1873e+00  4.1583e+00  9.2463e+00  1.0000e+00
-2.2422e-02  3.8626e-01  1.3997e-01  1.9072e+01  1.7245e+01 -3.8547e+00  2.6000e+01  1.0000e+00
-9.9558e-01 -4.8786e-01  4.8778e-01 -4.1193e-01  3.1681e+00  4.1591e+00  5.2445e+00  1.0000e+00
 2.1322e+00 -1.3069e+00  1.4040e+00  5.8576e+00 -2.0654e+00 -3.6264e+00  7.1922e+00  1.0000e+00
-2.7287e-01  5.7908e-01  5.6601e-01  5.5707e+00  9.2593e+00 -7.8069e-01  1.0834e+01  1.0000e+00
-4.1133e-01  6.9468e-01  4.8352e-03 -1.3006e+01  2.1644e+01 -1.5618e+01  2.9691e+01  1.0000e+00
-1.1904e+01  1.3784e+01 -8.4881e+00 -4.2055e+01  4.4340e+01 -2.6718e+01  6.6697e+01  1.0000e+00
-7.5516e-02  2.1570e-01 -9.7370e-01  1.9279e+00 -9.3008e-03 -1.4197e+01  1.4327e+01  1.0000e+00
 2.3635e+00  9.3912e-01 -7.5825e-01  2.1117e+00  7.0297e+00 -1.7203e+00  7.5389e+00  1.0000e+00
-8.4213e-02  5.3202e-01  1.5082e-01 -4.5121e+00  1.0344e+01 -1.2345e+00  1.1352e+01  1.0000e+00
-2.1235e-01  5.3931e-01  7.6842e-02  4.6157e+00  3.0852e-01  1.7437e+01  1.8040e+01  1.0000e+00
-2.4385e-01 -6.6495e+00 -3.4916e+00 -6.6522e-01 -2.2777e+01 -1.2881e+01  2.6175e+01  1.0000e+00
-7.1407e-02  5.3166e-01 -1.0797e-01 -1.2325e+01 -1.1543e+01  1.3850e+01  2.1840e+01  1.0000e+00
 3.8725e+00 -5.6811e+00 -5.4171e+00  1.4731e+01 -2.0971e+01 -1.7760e+01  3.1180e+01  1.0000e+00
-9.0833e-03  5.1507e-01  1.0472e-01 -2.3562e+01  4.4344e+00  1.4799e+00  2.4021e+01  1.0000e+00
-3.1177e-01  3.6354e-01  2.0201e-02 -8.9869e+00  1.6228e+00 -7.2043e+00  1.1632e+01  1.0000e+00
 1.1652e-01  4.6243e+00  2.1349e+00  2.8824e+00  1.4453e+01  5.2701e+00  1.5651e+01  1.0000e+00
 1.8658e+00 -4.0193e+00  6.2744e+00  7.0576e+00 -1.4187e+01  2.2231e+01  2.7300e+01  1.0000e+00
-1.2843e-01  6.2965e-01  1.0500e-01 -2.4063e+00 -1.4688e+00 -8.9031e+00  9.3388e+00  1.0000e+00
 4.4896e-02  3.2253e-01  3.1816e-01  1.0605e+01 -3.9132e+00 -3.0087e+00  1.1697e+01  1.0000e+00
-1.8332e-01  6.3302e-01  1.2731e-01 -3.9611e+00  1.7333e+01  7.3535e-02  1.7780e+01  1.0000e+00
 2.6411e-01  5.7969e-01  4.6563e-01  6.0669e+00  1.8276e+00  2.0562e+00  6.6614e+00  1.0000e+00
-4.9275e+00 -1.6611e+00  3.2499e+00 -1.6926e+01 -5.2434e+00  9.2561e+00  1.9992e+01  1.0000e+00
-1.1924e-01  4.1893e-01  1.5188e-01  1.2383e+01  1.1801e+01 -2.9142e+01  3.3792e+01  1.0000e+00
-5.3897e-01  4.4577e-01  1.5684e-01  8.2999e-01  5.2553e-01 -1.2352e+01  1.2391e+01  1.0000e+00
 7.0401e+00 -9.1730e+00 -6.9821e-01  2.7192e+01 -3.4541e+01 -2.8219e+00  4.4051e+01  1.0000e+00
-3.2450e-01  2.8313e-01  6.0574e-01  8.8663e-01 -2.3137e+00 -6.0351e+00  6.5239e+00  1.0000e+00
-2.0855e+00  4.6791e-01  1.2751e+00  2.1542e+00  5.2135e+00 -4.0025e+00  6.9167e+00  1.0000e+00
 2.0420e-01  4.0865e-01  1.1685e-01 -6.2149e+00  1.6931e+01 -8.6903e+00  2.0020e+01  1.0000e+00
-1.2606e-01  6.1715e-01  9.2772e-02  9.2448e+00  1.4948e+01  1.3244e+01  2.2007e+01  1.0000e+00
 1.9435e+00 -1.1977e+00  3.1311e-01  4.8213e-01 -1.6157e+00 -1.8635e-01  1.6964e+00  1.0000e+00
 3.5545e-02  4.8721e-01  3.2137e-01 -1.4012e+01  2.7035e+00  1.0862e+01  1.7934e+01  1.0000e+00
 3.1121e-01  3.3160e-01  4.1183e-01 -7.9511e+00 -6.8705e+00  7.4222e+00  1.2865e+01  1.0000e+00
-2.4751e+00 -1.0392e+00 -6.9163e-01 -1.1312e+01 -4.1496e+00 -2.2150e+00  1.2251e+01  1.0000e+00
-3.1464e-01  4.6939e-01  1.6234e-01 -1.5666e+01  7.7213e+00 -1.2688e+01  2.1588e+01  1.0000e+00
-1.9781e-01  5.5425e-01  2.6912e-01  2.2387e+01 -6.9925e-01  1.1191e+01  2.5038e+01  1.0000e+00
-1.7385e-02  6.9071e-01  1.1492e-01 -1.8213e+01  1.1601e+01  5.1155e+00  2.2191e+01  1.0000e+00
-3.6510e-01  3.8793e-01 -2.3871e-02 -2.7800e+00  4.0693e+00 -9.7186e+00  1.0897e+01  1.0000e+00
-2.9820e-01  5.4924e-01  1.9976e-01  2.1514e+01  1.2229e+01  1.4586e+01  2.8725e+01  1.0000e+00
-5.5475e-01  7.2431e-01  3.9854e-01  9.0937e+00 -3.5610e+00  7.2298e+00  1.2151e+01  1.0000e+00
-3.5832e-01  5.0644e-01  1.7264e-02 -6.3827e+00  2.3338e+01  2.2326e+00  2.4298e+01  1.0000e+00
-8.0366e-02  7.5390e-01  9.5896e-02 -5.7745e+00  2.3829e+01  4.4544e+00  2.4920e+01  1.0000e+00
-2.4907e+00  2.2688e+00  8.6104e-01 -8.2052e+01  6.5798e+01  3.1130e+01  1.0969e+02  1.0000e+00
 1.0573e+00  1.8195e-01 -1.8301e-01  6.5932e-01  7.5926e+00 -7.4317e+00  1.0645e+01  1.0000e+00
-5.5150e-01  5.4376e-01  3.5118e-01  1.7475e+00 -3.6677e+00 -6.8459e+00  7.9607e+00  1.0000e+00
-2.2162e+01  1.0467e+00  1.9664e+01 -2.4182e+02  7.3675e+00  2.1773e+02  3.2548e+02  1.0000e+00
-1.5399e-01  2.1705e-01  1.0092e-01  1.1146e+01  9.0046e+00 -5.9153e+00  1.5502e+01  1.0000e+00
 3.6122e-01  1.9204e+00 -2.1005e-01 -2.5235e+00 -2.6479e+00 -1.6803e+00  4.0253e+00  1.0000e+00
-3.6460e-01  4.6846e-01  2.6644e-01  5.8804e+00 -2.3035e+01 -5.4075e+00  2.4381e+01  1.0000e+00
-1.6363e+00  2.5608e+00  6.4461e+00 -4.5683e+00  6.7812e+00  1.7036e+01  1.8897e+01  1.0000e+00
 3.7373e+00  1.1013e+00  6.5797e-01  7.8062e+00  3.8716e+00  2.4874e+00  9.0617e+00  1.0000e+00
 4.3674e+00 -2.3803e+00 -3.7922e+00  1.4273e+01 -8.6956e+00 -1.2164e+01  2.0671e+01  1.0000e+00
-2.0030e-01  4.3666e-01  3.6618e-01  1.8897e+01 -5.1605e+00  9.7175e+00  2.1867e+01  1.0000e+00
 5.5830e+00 -5.7729e+00 -8.5935e+00  2.1580e+01 -2.1693e+01 -3.1988e+01  4.4266e+01  1.0000e+00
-1.9009e-01  3.9783e-01  4.0442e-02  4.7758e+00 -9.0321e-02  4.6971e+00  6.6992e+00  1.0000e+00
-1.2389e-01  3.7060e-01  8.0302e-02  5.9377e+00  3.2845e+00 -2.2880e+01  2.3865e+01  1.0000e+00
-2.9263e-01  4.4651e-01  1.9566e-01 -8.5179e+00  7.3183e+00 -6.4152e+00  1.2933e+01  1.0000e+00
-1.6748e-01  3.3244e-01  1.0170e-01  6.8573e+00  1.2405e+00  1.3941e+01  1.5586e+01  1.0000e+00
 1.3790e-01  8.8665e-01  7.9804e-02 -6.5262e+00 -5.1900e+00  5.2696e+00  9.8639e+00  1.0000e+00
 3.8251e-01  7.2561e-01 -3.9687e-01  1.4393e+00  3.3111e+00  1.0858e+01  1.1442e+01  1.0000e+00
-1.4508e-01  1.9559e-01 -7.3476e-02  2.9896e-01 -2.9958e+00 -1.7272e+01  1.7533e+01  1.0000e+00
-3.3755e-01  4.9782e-01  2.5621e-01 -2.0109e+00  3.1915e+01 -1.5807e+01  3.5671e+01  1.0000e+00
-1.4965e+00  1.1803e+00  1.0532e+00 -5.3016e+00  1.3086e+00  6.3971e+00  8.4108e+00  1.0000e+00
-4.4922e-01  2.2937e-01  5.1239e-02  9.9615e+00 -1.4559e+00 -3.1829e+00  1.0559e+01  1.0000e+00
-1.7164e+00  2.2051e+00  6.5936e+00 -4.8746e+00  7.9989e+00  2.2926e+01  2.4766e+01  1.0000e+00
-6.9510e-01  3.8030e-01 -1.0474e+00 -7.8722e+00 -8.2207e+00 -1.7277e+00  1.1512e+01  1.0000e+00
-3.0274e-01  4.7965e-01  6.3940e-02 -1.0223e+01  6.7299e+00 -1.3395e+01  1.8145e+01  1.0000e+00
-1.6079e-01  4.5142e-01  1.9647e-01  5.6135e+00 -2.9497e+01  6.2547e+00  3.0671e+01  1.0000e+00
-1.0584e+00  1.9949e+00  2.0069e+00  3.0499e+00  3.6506e+00  2.4171e+00  5.3358e+00  1.0000e+00
 4.5157e+00 -1.1309e+01  1.9628e+01  1.5632e+01 -3.9459e+01  7.0995e+01  8.2715e+01  1.0000e+00
 8.2506e+00  1.5922e+00  7.6928e+00  3.1141e+01  5.9072e+00  2.9559e+01  4.3340e+01  1.0000e+00
 1.3234e+00 -4.3624e-01 -2.5731e-01 -3.1323e+00  6.5809e+00  4.2308e+00  8.4273e+00  1.0000e+00
-5.4151e-01  4.4313e-01  8.2115e-03  6.4828e+00  1.8243e+01  1.0426e+01  2.1990e+01  1.0000e+00
-1.3413e-01  3.8842e-01  8.3401e-02  2.6823e+01 -1.2280e+00 -1.4165e+01  3.0359e+01  1.0000e+00
-2.2092e+00  1.3304e+00  8.7738e+00 -8.2326e+00  5.6553e+00  3.2454e+01  3.3956e+01  1.0000e+00
-5.9413e+00 -1.6379e+00 -5.8591e+00 -2.1028e+01 -2.6663e+00 -1.9525e+01  2.8819e+01  1.0000e+00
 2.4819e-01  1.7924e+00 -5.4184e-01 -5.6065e+00 -3.3768e+00  5.4164e+00  8.4954e+00  1.0000e+00
-2.7385e+00 -4.1235e+00 -5.1839e-01 -1.2913e+01 -2.3482e+01 -1.4289e+00  2.6836e+01  1.0000e+00
 2.2628e-01  6.8468e-01 -1.1295e-01 -2.2412e+01  3.2504e+00  8.2989e+00  2.4119e+01  1.0000e+00
-3.5785e-01  5.2861e-01  8.1391e-02 -1.2867e+01 -1.9535e+01 -3.1483e+00  2.3603e+01  1.0000e+00
 3.0349e-02  7.8206e-01  2.7590e-01 -1.2746e+01 -2.3832e+01 -1.0458e+01  2.8979e+01  1.0000e+00
-9.1920e-02  3.9438e-01  3.3655e-01 -5.9418e-01 -6.5163e+00  6.3170e-01  6.5738e+00  1.0000e+00
-1.4352e-01  2.9715e-01  8.6796e-02  2.7990e+01 -3.7204e+00  5.9054e+00  2.8847e+01  1.0000e+00
-3.0392e+00  9.4495e+00 -1.2623e+00 -1.1014e+01  3.5148e+01 -4.4008e+00  3.7095e+01  1.0000e+00
 2.5494e+00  2.2023e-02  1.8147e+00  6.3527e+00  4.0779e+00  8.7264e+00  1.1539e+01  1.0000e+00
-5.9260e+00 -3.6370e-01 -1.4764e+00 -1.9445e+01  2.7052e-01 -5.2064e+00  2.0132e+01  1.0000e+00
-8.8100e-02  4.5565e-01  7.7128e-01 -1.1016e+01 -1.9781e-01 -1.9491e+01  2.2390e+01  1.0000e+00
-4.8863e+00 -2.0705e+00  3.2160e+00 -1.4987e+01 -6.1385e+00  1.1207e+01  1.9695e+01  1.0000e+00
-4.9381e-01  5.9459e-01 -6.2386e-02  1.5478e+00 -2.6419e+00 -5.9788e+00  6.7173e+00  1.0000e+00
 1.0972e+01  3.8975e+00  9.4159e-01  4.1303e+01  1.5084e+01  3.4019e+00  4.4102e+01  1.0000e+00
 4.0991e+00  5.8732e+00  6.0261e-01  1.4947e+01  2.0367e+01  3.1803e+00  2.5463e+01  1.0000e+00
-8.5029e+00 -5.2507e+00 -3.1598e+00 -3.3870e+01 -2.0722e+01 -1.3528e+01  4.1947e+01  1.0000e+00
-1.2911e-01 -1.2028e+00 -9.3029e-01 -5.7784e+00 -1.0005e+00  2.8275e+00  6.5104e+00  1.0000e+00
-8.5435e+00 -3.2264e-01 -2.2137e+00 -3.1595e+01 -4.1696e-01 -8.3389e+00  3.2680e+01  1.0000e+00
-2.9558e-01  5.9466e-01  3.7246e-01 -4.3128e+00  1.0651e+01  3.0400e+01  3.2499e+01  1.0000e+00
 1.5346e-01  1.7874e+00 -6.5812e-01 -4.2840e+00 -2.4809e+00  8.3285e+00  9.6887e+00  1.0000e+00
-1.9182e+00  6.9868e+00 -2.8716e+00 -6.2847e+00  2.5348e+01 -9.1687e+00  2.7678e+01  1.0000e+00
 6.8792e+00  5.8213e+00 -4.3919e+00  4.7529e+01  3.8474e+01 -2.9692e+01  6.7977e+01  1.0000e+00
-4.0604e-01  1.2876e+00  3.6860e-01  4.6703e+00  9.7607e+00 -3.6857e+00  1.1431e+01  1.0000e+00
-1.1944e+00 -2.4767e-01 -2.5514e+00 -8.4264e-01  2.2901e+00 -4.6970e+00  5.2930e+00  1.0000e+00
 3.8218e-03  7.0132e-01  2.1785e-01  1.8941e+01  1.0765e+01  1.2071e+01  2.4907e+01  1.0000e+00
 2.0115e+00 -2.0048e+00 -1.3972e+00  6.8946e+00 -5.2406e+00  2.2125e+00  8.9384e+00  1.0000e+00
-2.9616e-01  1.5258e+00 -5.4835e-01 -2.2422e+00 -2.3266e+00  5.7403e+00  6.5872e+00  1.0000e+00
 3.8301e-01  1.1180e+00  2.0801e-01 -2.2252e+00 -6.8213e+00 -5.5805e+00  9.0897e+00  1.0000e+00
-6.3484e+00 -3.1541e+00 -1.1044e+01 -2.5036e+01 -1.2712e+01 -4.4239e+01  5.2397e+01  1.0000e+00
-1.1528e+01 -3.9784e+00 -3.5316e-01 -4.4266e+01 -1.4399e+01 -1.5358e+00  4.6574e+01  1.0000e+00
 1.3518e+00 -2.0615e+00 -2.5365e+00  5.5738e+00 -2.9416e+00 -6.4390e+00  9.0101e+00  1.0000e+00
 1.1754e+01  1.9022e+00 -1.1729e+00  4.4499e+01  8.0121e+00 -4.7822e+00  4.5467e+01  1.0000e+00
-5.5611e-03  3.3400e-01 -1.6511e-02 -4.3080e+00 -8.9520e+00  1.3945e+01  1.7122e+01  1.0000e+00
-6.0830e-02  4.4246e-01  3.4518e-01 -2.0537e+01  9.1680e+00 -2.7239e+00  2.2655e+01  1.0000e+00
-1.0906e-01  4.6217e-01  2.7233e-01  1.6050e+01  1.2760e+01 -1.9224e+01  2.8107e+01  1.0000e+00
-5.6982e-01  1.1092e+00 -1.4131e-01  3.1103e+00 -1.2175e+01  8.4953e+00  1.5168e+01  1.0000e+00
-2.4347e-01  4.9987e-01  5.3946e-02 -4.6543e+00 -1.1765e+01 -4.5176e+00  1.3435e+01  1.0000e+00
 1.5474e-01  5.8506e-01 -1.1404e-02  2.1751e+01  2.1717e-03 -1.7574e+01  2.7964e+01  1.0000e+00
-3.4972e-01  6.2658e-01  3.8905e-01  8.8212e-01 -2.7997e+00  1.2939e+01  1.3268e+01  1.0000e+00
-5.1142e+00  4.4118e+00 -9.4086e-01 -1.7330e+01  1.4602e+01 -2.4211e+00  2.2790e+01  1.0000e+00
-4.7300e-01  4.2808e-01 -9.4157e-02 -1.1340e+01 -4.7934e+00  4.6340e+00  1.3155e+01  1.0000e+00
-5.5188e+00 -1.6218e+00  3.2577e-02 -1.7083e+01 -5.3081e+00 -4.3501e-01  1.7894e+01  1.0000e+00
-5.7348e-01 -4.2769e-01  2.0572e-01  1.8987e+00  2.4297e+00  4.4681e+00  5.4289e+00  1.0000e+00
 2.2005e-01 -4.3938e-02  2.6688e-01  2.5193e+00  2.2406e+00  1.1085e+01  1.1586e+01  1.0000e+00
-1.2319e-02  3.3181e-01  1.9121e-01 -1.6349e+01  3.2499e+00  1.2920e+01  2.1090e+01  1.0000e+00
-2.7379e-01  6.2935e-01 -7.9128e-02 -3.9126e+00 -4.2188e+00  3.9067e+00  6.9548e+00  1.0000e+00
 3.7516e+00 -9.3639e+00 -4.4995e+00  1.4234e+01 -3.4841e+01 -1.6818e+01  4.1223e+01  1.0000e+00
-8.4096e+00 -1.6256e+00  7.5784e+00 -3.1947e+01 -5.4110e+00  2.8771e+01  4.3332e+01  1.0000e+00
-4.2150e-01  9.4619e-01  1.0381e-01  9.5586e+00  3.9667e+00  1.0160e+01  1.4503e+01  1.0000e+00
-1.5616e+00 -1.1492e+00 -2.8704e+00 -3.9777e+00 -1.0684e+00 -4.9005e+00  6.4015e+00  1.0000e+00
 2.0820e+00 -1.3729e+00  6.6489e-01  1.0780e+00  7.2444e-03  3.4321e+00  3.5974e+00  1.0000e+00
-3.9689e-01  3.1996e-01  4.1830e-02 -1.2131e+01 -2.9304e+00  1.3076e+01  1.8075e+01  1.0000e+00
-9.2394e-01 -7.4882e+00 -5.2184e+00 -2.9352e+00 -2.8491e+01 -2.0209e+01  3.5054e+01  1.0000e+00
-1.6731e+00  2.9373e+00 -2.5949e+00 -4.4645e+00  7.4478e+00 -4.9786e+00  1.0009e+01  1.0000e+00
-1.2625e-01  5.0253e-01  8.0450e-02 -3.9028e+01  1.7132e+00 -8.2874e-01  3.9074e+01  1.0000e+00
-6.4696e-01  3.0378e-01  2.2867e-01 -1.4261e+01 -5.6026e+00  1.6551e+00  1.5412e+01  1.0000e+00
-6.5534e-01 -2.9000e-01  4.0971e-01  2.8436e+00  1.4120e+01 -3.1558e+00  1.4745e+01  1.0000e+00
-1.6389e+00  7.3550e+00 -3.1690e+00 -5.6076e+00  2.5600e+01 -1.0690e+01  2.8303e+01  1.0000e+00
 9.8589e-01  5.7899e-01 -5.2954e-01 -1.1194e+01  2.1721e+00  3.9918e+00  1.2082e+01  1.0000e+00
-8.7658e-02  1.2096e+00  9.6730e+00  1.8549e+00  5.2322e+00  2.9184e+01  2.9707e+01  1.0000e+00
-3.2978e-01 -9.2098e-01  4.8572e-02 -4.1166e-01  1.1713e+01  2.2714e+00  1.1939e+01  1.0000e+00
-1.5992e-01  4.0955e-01  1.2026e-01 -9.1719e+00  1.8410e+00  1.5146e+01  1.7802e+01  1.0000e+00
-6.9120e-02  8.5287e-01  4.5442e-01 -1.3946e+00 -6.2258e+00 -6.1711e+00  8.8762e+00  1.0000e+00
-4.1075e-01  1.1785e+00 -1.7097e-01  5.6951e+00 -5.4986e-01 -4.9190e+00  7.5454e+00  1.0000e+00
 2.6906e+00  5.6130e+00  3.1172e+00  9.8299e+00  1.9893e+01  1.0364e+01  2.4490e+01  1.0000e+00
-6.5116e-02  5.4650e-01  1.2788e-02 -9.1719e+00 -1.6392e+01 -4.1624e+00  1.9239e+01  1.0000e+00
-4.9824e-01  2.0825e+00  2.0722e-01 -1.8511e+00  2.3359e+00 -1.2825e+00  3.2446e+00  1.0000e+00
-2.5294e-01  7.4853e-01  3.1944e-01 -5.3463e+00 -4.9864e-01  7.4136e+00  9.1539e+00  1.0000e+00
-3.6107e-01  7.5522e-01 -1.3054e-01  5.5955e+00  3.4767e+00  1.4493e+01  1.5920e+01  1.0000e+00
-2.8520e-01  6.8248e-01  8.2848e-02 -8.6649e-01  2.0897e+01  6.8197e+00  2.1999e+01  1.0000e+00
-1.2500e-01  3.8964e-01  1.5027e-01  1.2021e+00  2.2499e+01 -1.3655e+01  2.6347e+01  1.0000e+00
 4.6433e+00 -3.4698e+00 -6.8119e-01  1.4896e+01 -1.0752e+01 -1.5204e+00  1.8434e+01  1.0000e+00
-1.5309e-02  6.3569e-01  5.4327e-01  9.4195e+00 -1.3320e+01  5.3418e+00  1.7166e+01  1.0000e+00
 8.5539e+00 -1.5011e+01  9.4962e+00  2.5318e+01 -5.0511e+01  3.2545e+01  6.5204e+01  1.0000e+00
 1.8564e-01 -1.2066e+00 -1.0993e+00 -4.8253e-01 -2.3983e+00  8.6211e+00  8.9615e+00  1.0000e+00
 8.2465e-01 -3.9602e+00 -1.1236e+01  2.7747e+00 -1.4750e+01 -4.2379e+01  4.4958e+01  1.0000e+00
-2.8828e+00 -4.5013e+00 -7.6945e+00 -1.1935e+01 -1.6547e+01 -2.8587e+01  3.5121e+01  1.0000e+00
-6.1865e-01 -8.2424e+00  8.9782e-01 -1.9202e+00 -3.0389e+01  3.2683e+00  3.0624e+01  1.0000e+00
-1.1056e+01 -5.7020e+00 -2.9243e+00 -4.2852e+01 -2.1350e+01 -1.1104e+01  4.9147e+01  1.0000e+00
-3.6577e-01  3.5214e-01  8.3768e-02  3.5838e+00  8.4125e+00 -2.2814e+01  2.4579e+01  1.0000e+00
-9.0264e+00 -2.2404e+00 -1.7418e+00 -3.4148e+01 -8.3703e+00 -6.1744e+00  3.5697e+01  1.0000e+00
 6.4294e-01  3.0465e-01  1.1922e+00 -6.4253e+00  4.0663e+00 -1.5898e-01  7.6056e+00  1.0000e+00
-8.4281e-02 -2.2813e-03 -2.8533e-01 -7.8867e+00 -4.2516e+00 -7.6421e-01  8.9922e+00  1.0000e+00
-1.4734e+00 -1.5167e-01 -4.1976e+00 -5.5918e+00  5.3371e-01 -1.8932e+01  1.9747e+01  1.0000e+00
 1.3094e+00  5.4435e-01  4.2055e-01 -3.4467e+00  6.7419e+00 -6.7501e+00  1.0144e+01  1.0000e+00
-1.9970e-01  5.3490e-01  1.0348e-01 -2.3480e+01 -2.4739e+00  1.7407e+01  2.9333e+01  1.0000e+00
