# limit = 9.59677
#
# x           y           z           vx          vy          vz          s           m
 5.0758e-01 -2.0068e+00 -1.0549e+00 -2.6999e+00 -1.0828e+00  3.6915e+00  4.6999e+00  1.0000e+00
-3.1315e-01  5.2822e-01  2.6942e-01  1.5968e+01  7.6130e+00 -2.0885e+01  2.7370e+01  1.0000e+00
 9.9497e+00  2.9754e-01  1.9438e+00  3.4776e+01  1.8279e+00  6.8442e+00  3.5490e+01  1.0000e+00
-6.5888e-02  3.0891e-01  3.7053e-02 -1.4008e+01  5.6782e+00  4.2696e+00  1.5706e+01  1.0000e+00
-8.2868e+00  3.1976e+00  5.0741e+00 -2.9824e+01  1.1068e+01  1.7625e+01  3.6368e+01  1.0000e+00
 3.5449e+00 -1.2548e+00  1.0303e+01  1.3053e+01 -3.8136e+00  3.6747e+01  3.9182e+01  1.0000e+00
 6.7751e-01 -8.4096e+00 -5.9103e+00  1.7160e+00 -3.0002e+01 -2.0452e+01  3.6350e+01  1.0000e+00
-5.2879e-01  1.6805e+00  9.2847e-01  9.7475e-01 -4.3167e+00 -1.9140e+00  4.8215e+00  1.0000e+00
-1.3510e+01  9.7911e+00  2.9884e+01 -4.5564e+01  3.3397e+01  1.0468e+02  1.1895e+02  1.0000e+00
 4.4806e+00 -2.1252e+00  9.4715e-02  1.1499e+02 -6.2273e+01  3.0631e+00  1.3081e+02  1.0000e+00
 2.3179e+00  2.6822e+00  1.9025e+00  3.7947e+00  6.1494e+00  3.3945e+00  7.9836e+00  1.0000e+00
-1.3855e-02  3.5354e-01 -4.4557e-02  1.8451e+01  8.0741e+00 -5.7050e+00  2.0933e+01  1.0000e+00
 4.9649e-01  4.1304e-01  1.0448e+00 -7.3528e+00 -5.1515e+00 -1.0441e+01  1.3770e+01  1.0000e+00
 2.9224e+00  4.6393e-01 -7.3877e-01  1.0961e+01  3.2705e+00 -1.1270e+00  1.1493e+01  1.0000e+00
 1.7372e-02  6.6928e-01  2.9966e-01 -1.9820e+00 -9.8268e+00 -1.0355e+01  1.4412e+01  1.0000e+00
-3.8478e+00 -4.6401e-01 -3.3205e+00 -1.2131e+01 -2.5610e+00 -7.9843e+00  1.4746e+01  1.0000e+00
 6.0313e+00 -6.2804e+00 -7.1232e+00  2.1375e+01 -2.2375e+01 -2.5829e+01  4.0307e+01  1.0000e+00
-2.1728e-01  4.8032e-01  1.9457e-01  9.1859e+00 -6.2844e-01 -2.3077e+01  2.4846e+01  1.0000e+00
-3.3998e-01  5.0372e-01 -1.1226e-01  7.4076e+00 -3.0222e+00  1.0686e+01  1.3349e+01  1.0000e+00
 2.0926e+01  1.7297e+01 -7.6093e+00  7.3500e+01  5.8953e+01 -2.5230e+01  9.7541e+01  1.0000e+00
-3.0398e-01  2.7394e-01 -4.0625e-04  1.0298e+01  8.6325e+00  1.8508e+01  2.2871e+01  1.0000e+00
-3.8850e-01  5.8175e-01  1.0360e-01 -7.2730e+00  1.2370e+01 -1.6791e+01  2.2087e+01  1.0000e+00
-5.1096e-01  1.2495e-01  9.1931e-01 -1.2262e+01 -1.7209e+01  2.4497e+01  3.2352e+01  1.0000e+00
-4.4628e+00  8.3196e+00 -8.5236e+00 -1.6069e+01  3.0805e+01 -3.0796e+01  4.6428e+01  1.0000e+00
-2.6815e-01  9.6561e+00 -4.3114e+00 -1.2098e+00  3.4395e+01 -1.5137e+01  3.7598e+01  1.0000e+00
-2.2874e+00  1.0481e+00 -4.2783e+00 -9.1865e+00  5.8910e+00 -1.2338e+01  1.6472e+01  1.0000e+00
 3.2982e+00 -7.5735e+00  1.5351e+00  1.0406e+01 -2.7071e+01  4.9436e+00  2.9420e+01  1.0000e+00
 1.8846e+01 -4.8669e+00 -1.8170e+01  7.5314e+01 -1.9853e+01 -7.2682e+01  1.0653e+02  1.0000e+00
 5.4356e-01 -1.1468e+01 -1.5132e+01  2.1835e+00 -4.2290e+01 -5.5764e+01  7.0020e+01  1.0000e+00
-3.5292e-01  4.7787e-01  1.8879e-01 -4.9518e-01  9.5995e+00  2.3133e+01  2.5051e+01  1.0000e+00
 4.7691e-03  4.2876e-01  3.8962e-02 -7.7739e+00  1.7668e+01 -2.6452e+00  1.9483e+01  1.0000e+00
-1.6645e-01  8.1186e-01  1.5135e-01  2.3119e+00 -1.0714e+01 -1.3311e+01  1.7243e+01  1.0000e+00
-2.7543e-01  5.7809e-01  4.1062e-01 -6.1682e+00  1.9759e+01  1.0045e+01  2.3008e+01  1.0000e+00
 5.8349e-02  3.2242e-01  5.1523e-02 -1.3058e+01  1.1589e+00  2.5106e+01  2.8323e+01  1.0000e+00
-4.0125e-01  5.7482e-01  2.9320e-01 -4.5455e+00  6.5500e-01  1.0157e+01  1.1147e+01  1.0000e+00
-2.4190e-01  6.3328e-01  4.6580e-01  1.5561e+01  1.6385e+01  9.3380e+00  2.4450e+01  1.0000e+00
-2.8224e-01  2.9697e-01  2.9835e-01 -2.5362e+01  2.7603e+01 -2.3343e+00  3.7559e+01  1.0000e+00
-8.0867e+00  1.5480e+01 -1.9789e+01 -2.8565e+01  5.4746e+01 -6.8025e+01  9.1872e+01  1.0000e+00
-6.2289e-01  3.2508e-01 -6.1594e-01  5.0762e+00  3.6243e+00  8.4040e+00  1.0466e+01  1.0000e+00
 6.1070e+00 -1.4452e+00  5.0969e+00  2.0286e+01 -4.2714e+00  1.7161e+01  2.6912e+01  1.0000e+00
 3.8430e+00  3.4526e+00  1.7879e-01  1.0444e+01  9.8885e+00  2.1322e+00  1.4540e+01  1.0000e+00
 9.9039e-01  4.8806e-01  3.0918e-01  1.8195e+01  1.4666e+00 -3.0934e+00  1.8514e+01  1.0000e+00
 8.0821e-02  4.4512e-01  2.6240e-01 -9.4547e-02 -5.5578e+00  8.3296e+00  1.0014e+01  1.0000e+00
 1.1361e+00 -3.4965e+00  1.1151e+01  4.3257e+00 -1.2182e+01  4.0135e+01  4.2165e+01  1.0000e+00
 1.0671e+01  5.1935e+00  8.2519e-01  3.9194e+01  1.8908e+01  3.1770e+00  4.3632e+01  1.0000e+00
 5.4248e-01 -7.1504e+00  1.0725e+00  3.2433e+00 -2.4638e+01  4.4117e+00  2.5239e+01  1.0000e+00
-4.3621e-02  3.4444e-01  1.5966e-01  1.3164e+01  3.4980e+00  1.3213e+01  1.8976e+01  1.0000e+00
 2.0024e+00 -2.1018e+00 -4.8712e-01  4.4481e+00 -8.4682e-01  9.8232e-01  4.6333e+00  1.0000e+00
 5.3586e+00 -2.0479e+00  2.3031e+00  1.6113e+01 -6.4330e+00  7.3761e+00  1.8853e+01  1.0000e+00
-4.1964e-01  5.1364e-01  5.7356e-01  2.2909e+01 -1.0873e+00 -3.3341e+00  2.3176e+01  1.0000e+00
 8.8549e-02  2.3576e-01 -3.9759e-01  5.3361e+00 -3.7893e+00 -7.7358e+00  1.0133e+01  1.0000e+00
-3.7906e-01  6.7387e-01  7.3801e-02  1.8011e+01 -7.7612e+00  1.7563e+01  2.6327e+01  1.0000e+00
-1.8669e+00 -2.9142e+00  2.8574e+00 -4.4026e+00 -7.2960e+00  7.3220e+00  1.1235e+01  1.0000e+00
-3.7519e-01  7.9091e-01  2.6713e-01 -8.7965e+00  1.9761e+00  4.8995e+00  1.0261e+01  1.0000e+00
-2.1030e-01  4.4928e-01  3.4001e-01  1.8264e+01 -7.6271e+00 -2.6714e-01  1.9794e+01  1.0000e+00
 3.0392e-03  3.5507e-01  5.8342e-01  1.6787e+01  3.9003e+00 -7.3096e+00  1.8721e+01  1.0000e+00
-3.2353e-01  5.9636e-01  2.2866e-01  1.1521e+01  2.2124e+01  1.1410e+01  2.7429e+01  1.0000e+00
-2.2741e-01  5.4914e-01  3.2981e-01  3.1010e+00  1.6197e+01  1.4190e+00  1.6552e+01  1.0000e+00
-2.4862e-01  6.2745e-01  2.5990e-01 -2.5220e+01  1.9164e+01 -4.3279e+00  3.1969e+01  1.0000e+00
 2.8429e+00 -1.4094e+00  8.1189e+00  9.2539e+00 -5.4977e+00  2.8532e+01  3.0495e+01  1.0000e+00
-1.9768e-01  6.7716e-01  2.7225e-01  5.8150e+00 -6.5641e+00  3.5160e+00  9.4480e+00  1.0000e+00
-3.6962e-01  3.5990e-01  3.0076e-01 -2.0688e+01 -3.3210e+01  1.5832e+01  4.2209e+01  1.0000e+00
 4.5449e+00  3.8303e-01 -2.2147e+00  1.9896e+01  2.0795e+00 -9.5961e+00  2.2187e+01  1.0000e+00
-4.1212e-01  7.7849e-01 -1.1022e-02 -1.5569e+00  1.0496e+01 -2.1491e+01  2.3967e+01  1.0000e+00
 2.0270e+00 -6.7289e-01  7.0810e-01 -2.0043e+00 -2.8543e-01  1.7570e-01  2.0322e+00  1.0000e+00
-3.4008e-01  7.1978e-01 -8.7448e-02  4.1142e-01 -6.4965e+00  2.0398e+01  2.1411e+01  1.0000e+00
-2.4218e-01  2.8977e-01  2.1061e-01 -1.2791e+01  4.7434e+00  1.5098e+01  2.0349e+01  1.0000e+00
-2.6148e-01  3.3608e-01  1.4230e-01 -1.1354e+01  1.9377e+01 -6.8998e+00  2.3495e+01  1.0000e+00
-5.6934e-02  5.6991e-01  1.3655e-01 -1.8035e+01 -1.0525e+01 -1.7054e+01  2.6961e+01  1.0000e+00
-5.9980e-01  1.4122e+00  3.9592e-01 -3.2493e+00  8.7639e+00  4.1120e+00  1.0211e+01  1.0000e+00
 9.6501e+00  1.1650e+00  1.7996e+00  3.4498e+01  3.6696e+00  6.1424e+00  3.5232e+01  1.0000e+00
-1.0578e-01  2.9072e-01  1.4408e-01 -1.0257e+01  3.3327e-01 -7.8542e+00  1.2923e+01  1.0000e+00
 2.2377e-01  1.9551e-01  1.8603e-01  1.8720e+01 -1.3888e+00 -1.8537e+00  1.8863e+01  1.0000e+00
-6.6534e-01  4.1297e-01  2.3713e-01 -2.3967e+01 -8.3952e+00 -5.8191e+00  2.6053e+01  1.0000e+00
-1.0691e-01  3.5616e-01  2.7876e-01  4.3264e+00  1.9879e+01 -1.8190e+01  2.7290e+01  1.0000e+00
-1.7404e-01  5.8720e-01  1.5577e-01  2.9955e+00 -2.2730e+00 -3.0621e+00  4.8493e+00  1.0000e+00
-1.8097e-01  2.7333e-01  1.5043e-01 -9.8954e-01 -7.1732e+00  2.6733e+01  2.7697e+01  1.0000e+00
-7.2052e-01  1.8441e+00 -9.9513e-02 -1.2227e+00  4.4107e+00 -3.6586e+00  5.8596e+00  1.0000e+00
 1.1417e+01 -5.5843e+00 -1.3459e+00  4.1882e+01 -1.9729e+01 -4.7704e+00  4.6541e+01  1.0000e+00
-6.8960e+00 -4.3371e+00 -2.7560e+00 -2.4085e+01 -1.4447e+01 -8.9970e+00  2.9492e+01  1.0000e+00
-3.1865e-01  7.2007e-01  6.2685e-02  5.4226e+00  1.0623e+01  5.9295e-01  1.1942e+01  1.0000e+00
 4.6879e+00  1.3209e+00  3.1394e+00  3.3267e+01  7.1595e+00  2.1243e+01  4.0114e+01  1.0000e+00
 1.3480e+00 -5.9970e-01 -8.7441e-01 -1.6819e+00  2.1079e+00  3.4908e+00  4.4111e+00  1.0000e+00
 2.9374e+00  2.2853e+00  3.6303e+00  7.2968e+00  7.2560e+00  9.7949e+00  1.4207e+01  1.0000e+00
-1.7263e-01  3.7821e-01  1.7196e-01 -4.2942e+00  1.6919e+00 -8.0654e+00  9.2927e+00  1.0000e+00
-2.1243e-01  6.6755e-01 -1.3123e-02  4.3834e+00  1.7109e+01 -1.1842e+01  2.1264e+01  1.0000e+00
-7.0234e-01  9.2967e-01  7.2749e-01  2.2778e+00 -1.0710e+00 -2.9929e-01  2.5347e+00  1.0000e+00
 1.8501e+00 -1.2717e+00  1.8832e+00  5.3478e-03 -9.0649e-01  2.5286e+00  2.6862e+00  1.0000e+00
 2.2388e+01  6.0118e+00 -2.1977e+01  2.2218e+02  5.5313e+01 -2.1506e+02  3.1413e+02  1.0000e+00
 1.8169e-01  6.0487e-01  1.1906e-01  2.0174e-01  1.9284e+01  2.8525e+00  1.9495e+01  1.0000e+00
 2.0093e+00 -1.0680e+00  1.8321e+00  2.8481e+00  1.9823e-01  9.1487e-01  2.9980e+00  1.0000e+00
-3.3268e-01  3.8276e-01 -2.1609e-02 -1.3274e+01  5.3263e+00 -2.3047e+01  2.7125e+01  1.0000e+00
 7.4482e-01  5.2933e-02 -1.5055e-01 -6.0461e-01  4.5878e+00 -5.7387e-01  4.6629e+00  1.0000e+00
 2.5162e-01  5.7158e-01  4.3488e-01 -1.5327e+01  1.0966e+01 -3.4202e+00  1.9154e+01  1.0000e+00
 1.0186e+00 -3.2439e-01 -7.4382e-03  1.6830e+01 -7.2858e+00 -2.9327e+00  1.8573e+01  1.0000e+00
 5.7437e-02  5.2233e-01  3.2443e-02  1.1922e+01  1.1019e-01 -9.5105e+00  1.5251e+01  1.0000e+00
-2.6921e-01  4.8388e-01  2.9430e-01  6.2123e+00  1.3938e+01 -1.0505e+01  1.8526e+01  1.0000e+00
-3.8117e+00 -5.6380e+00 -6.3009e+00 -1.3325e+01 -1.9291e+01 -2.1755e+01  3.1984e+01  1.0000e+00
 8.9065e-01 -1.9122e+00 -8.2533e+00  2.8732e+00 -5.6392e+00 -2.4200e+01  2.5014e+01  1.0000e+00
 1.6917e-01  3.0859e+00 -1.7463e+00  4.8153e+00  6.8367e+00 -3.0558e+00  8.9031e+00  1.0000e+00
-2.7205e-01  6.2394e-01  1.4412e-01 -1.1530e+01 -1.0081e+01 -9.3053e+00  1.7921e+01  1.0000e+00
 2.0039e-01  5.6661e-01 -4.7329e-02 -8.7992e+00  6.0644e+00  1.2736e+00  1.0762e+01  1.0000e+00
 1.8564e+00 -9.1600e-01 -2.0348e-01 -6.4498e-01  3.2716e+00  8.0056e-01  3.4293e+00  1.0000e+00
-1.0763e+00  7.6586e-01  4.1058e-01 -6.6425e+00  3.3513e+00  1.7527e+00  7.6437e+00  1.0000e+00
 9.5916e+00  3.5517e+00 -2.2723e-01  3.3890e+01  1.3436e+01 -9.5962e-01  3.6469e+01  1.0000e+00
-3.3912e-01  5.0106e-01  1.8459e-01  2.4094e+01 -8.4663e+00 -2.9521e+00  2.5708e+01  1.0000e+00
 7.1186e+00  3.7413e-01  7.9900e+00  2.5187e+01  1.5569e+00  2.8250e+01  3.7880e+01  1.0000e+00
-5.1499e-02  1.7570e-01 -2.2171e-01  7.4265e+00 -7.6516e+00 -6.3502e+00  1.2411e+01  1.0000e+00
-2.1748e-01  1.0318e+00  4.6599e-02  2.0509e+01  7.5322e+00 -5.5699e+00  2.2547e+01  1.0000e+00
-1.1462e+01  2.3410e+00  2.5910e+00 -4.1616e+01  9.0887e+00  9.5683e+00  4.3659e+01  1.0000e+00
-7.8086e-01  1.4509e+00  3.7865e-01  3.7684e+00 -1.2270e+01  2.2839e+00  1.3037e+01  1.0000e+00
 2.4617e+00 -4.1591e+00  7.3477e+00  8.4969e+00 -1.4541e+01  2.4968e+01  3.0117e+01  1.0000e+00
 2.8633e+00 -2.9033e+00  6.0368e+00  9.0651e+00 -9.6301e+00  2.0059e+01  2.4027e+01  1.0000e+00
 4.9703e+00 -5.9233e+00 -2.2496e+00  1.5869e+01 -1.9859e+01 -7.3118e+00  2.6452e+01  1.0000e+00
 2.7799e+00 -1.6067e+00  5.8390e-01  4.3556e+00 -9.2179e-01  1.2823e+00  4.6331e+00  1.0000e+00
-1.3815e-01  4.0161e-01 -1.4266e-02  1.7688e+01 -2.3609e+01  1.2629e+01  3.2089e+01  1.0000e+00
-3.5087e-01  7.2425e-01  1.0741e+00  4.6983e+00  7.3092e+00 -1.1028e+00  8.7587e+00  1.0000e+00
-2.1598e-01  7.5884e-01 -1.5146e-01 -2.9832e+00 -3.2719e-01 -1.6837e+01  1.7102e+01  1.0000e+00
-4.3154e-01  7.0300e-01  1.5038e-01 -3.8418e+00 -1.9247e-01 -1.2103e+01  1.2700e+01  1.0000e+00
-1.4346e-01  4.5458e-01  5.2340e-02 -2.1221e+01  1.4645e+01  6.4374e+00  2.6575e+01  1.0000e+00
-2.7905e-02  4.2483e-01 -1.8086e-01  1.2518e+01  8.3247e+00  1.3929e+01  2.0494e+01  1.0000e+00
-2.8286e-01  2.9228e-01  8.4958e-02 -3.4957e+00 -3.3359e+00 -4.3804e+00  6.5220e+00  1.0000e+00
-1.4988e+01  6.1679e+00  5.5847e+00 -5.5157e+01  2.3058e+01  2.1279e+01  6.3457e+01  1.0000e+00
-1.4317e-01  5.9730e-01  2.1601e-01 -1.7886e+01 -1.3831e+01  9.1418e+00  2.4388e+01  1.0000e+00
-4.3424e-01  7.4500e-01  1.8212e-01  1.0582e+01 -3.3693e+00 -4.3601e+00  1.1931e+01  1.0000e+00
-3.7983e-01  6.2124e-01 -3.2831e-02  2.0734e+01 -9.7472e+00  1.1754e+01  2.5750e+01  1.0000e+00
 5.7057e+00 -4.9718e+00 -2.1002e+00  1.9990e+01 -1.6613e+01 -6.3128e+00  2.6747e+01  1.0000e+00
-3.6133e-01  5.8318e-01 -7.1919e-02  1.3082e+01  5.7467e-01  1.4662e+01  1.9659e+01  1.0000e+00
 3.8778e+00 -3.3944e+00  8.3119e+00  1.3267e+01 -1.1350e+01  2.9901e+01  3.4626e+01  1.0000e+00
-2.5781e-01  5.7142e-01  1.2640e-02 -6.4699e+00  4.1293e+00 -8.0153e+00  1.1098e+01  1.0000e+00
-1.3449e+00 -1.6772e+00 -7.1285e+00 -5.3449e+00 -5.0890e+00 -2.3854e+01  2.4969e+01  1.0000e+00
 1.9178e+00 -1.2284e+00  9.2209e-01 -6.5996e-02  2.6787e-01  1.7309e-01  3.2568e-01  1.0000e+00
 2.2253e-01  5.3454e-01 -1.8572e-02 -8.7543e+00  1.1402e+01  8.9051e+00  1.6910e+01  1.0000e+00
-6.7520e-02  6.1178e-01  2.1590e-01 -2.3745e+01  9.3449e+00  1.4846e+01  2.9522e+01  1.0000e+00
-9.7038e-01  7.3457e-01  3.7458e-01  1.2713e+01 -8.1598e+00  1.1757e+00  1.5152e+01  1.0000e+00
-1.7026e-01  1.8699e-01  5.7444e-01 -4.8452e+00  1.5144e+01  1.7529e+01  2.3666e+01  1.0000e+00
 4.1646e-01  8.1201e-02  1.1049e-01  3.3915e+00  3.6255e+00 -2.3260e+00  5.4824e+00  1.0000e+00
 3.1324e-02  6.3840e-01  6.6905e-02 -9.8652e+00 -8.9978e+00  1.8403e+01  2.2736e+01  1.0000e+00
 2.6560e+00 -1.6315e+00  9.1800e-01  2.0656e+00  4.2828e-01  3.4089e+00  4.0088e+00  1.0000e+00
-1.1884e+00 -3.2259e+00  7.5993e+00 -4.1759e+00 -1.1867e+01  2.6524e+01  2.9356e+01  1.0000e+00
 7.0852e-02  3.0815e-01  3.1069e-01 -2.3580e+01  8.9201e+00 -7.5121e+00  2.6307e+01  1.0000e+00
-3.1290e-01  5.2736e-01  2.4376e-01  2.3252e+01  1.0907e+01  3.0891e+00  2.5868e+01  1.0000e+00
-1.0610e+01  1.7563e+00 -3.1664e+00 -3.6021e+01  8.6295e+00 -9.5581e+00  3.8254e+01  1.0000e+00
-3.2703e-01  4.3360e-01  1.9607e-01  1.6554e+01 -6.9416e+00  8.9691e+00  2.0067e+01  1.0000e+00
-1.6615e-01  6.1282e-01  2.6785e-02 -1.0214e+01  1.6637e+00  1.7621e+01  2.0435e+01  1.0000e+00
-2.3221e-01  6.5452e-01 -5.5282e-02  5.6673e+00 -4.6619e+00  6.8020e-01  7.3698e+00  1.0000e+00
-3.8669e+00 -1.4155e+01 -1.5722e+01 -1.4970e+01 -4.4827e+01 -5.2339e+01  7.0519e+01  1.0000e+00
 9.9308e+00 -8.7961e+00  2.5033e+00  3.5758e+01 -3.1485e+01  8.8235e+00  4.8454e+01  1.0000e+00
-2.4450e-01  8.4092e-01  9.7044e-01 -2.1130e+00  9.6338e+00  1.0678e+01  1.4536e+01  1.0000e+00
 8.5034e-01 -2.3719e-01 -1.6587e+00 -8.1297e-01  2.3763e+00  3.7270e+00  4.4942e+00  1.0000e+00
-4.6380e-01  2.8546e-01  4.9770e-01 -1.0566e+01  9.1890e+00 -8.1800e+00  1.6217e+01  1.0000e+00
 8.3459e-01 -8.0828e-01 -1.8343e+00  1.3213e+00  3.0449e+00  9.6787e-01  3.4575e+00  1.0000e+00
 8.9415e-02  3.0270e-01  7.0124e-01  2.4007e+00  4.6430e+00  1.2359e+01  1.3419e+01  1.0000e+00
-4.3835e-01  7.3673e-01  7.4644e-02  5.4431e+00 -1.5022e+01 -7.8434e+00  1.7799e+01  1.0000e+00
-5.4698e+00  8.4088e+00 -4.6016e+00 -1.9496e+01  3.0841e+01 -1.6123e+01  3.9890e+01  1.0000e+00
-1.0718e-02  4.4133e-01  3.2532e-01  8.8925e+00  1.6885e+01 -1.0746e+01  2.1901e+01  1.0000e+00
-1.1266e+00  4.3793e-01  1.9414e-02  1.2156e+01  2.1458e+00  9.2151e+00  1.5404e+01  1.0000e+00
 1.9667e-01  3.0973e-01  2.3091e-01 -1.2047e+01 -8.3763e+00  2.6478e+00  1.4910e+01  1.0000e+00
-1.1188e-01  3.2334e-01  1.7213e-01 -2.5658e+00  5.8269e+00 -3.3839e+00  7.2102e+00  1.0000e+00
-2.1995e-01  2.9719e-01  1.8411e-01  1.4818e+01 -1.7166e+01  1.0192e+01  2.4862e+01  1.0000e+00
-4.5007e-02  7.0989e-01 -6.5351e-03  1.6598e-01  1.1811e+01 -1.8669e+00  1.1959e+01  1.0000e+00
-5.3296e-01  3.8972e-01  1.5426e-03  6.1203e+00 -5.9867e+00  4.9047e+00  9.8669e+00  1.0000e+00
-2.4575e-01  3.9511e-01  2.6763e-01 -1.7484e+01  2.1168e+01 -6.5166e+00  2.8217e+01  1.0000e+00
-9.0509e-02  5.2832e-01  2.4408e-01  2.0228e+01 -7.0756e+00 -4.0424e+00  2.1807e+01  1.0000e+00
-3.7386e-01  5.6542e-01 -3.0297e-01  1.1012e+01  7.0700e+00  2.6493e+00  1.3351e+01  1.0000e+00
 2.6930e+00 -4.3294e+00  7.2254e+00  8.5288e+00 -1.3305e+01  2.5866e+01  3.0312e+01  1.0000e+00
 1.2294e-03  4.8912e-01  1.6728e-01 -1.3755e+01  1.1961e+01 -7.5926e+00  1.9746e+01  1.0000e+00
 1.9378e+01 -1.3311e+01 -2.7459e+01  6.9253e+01 -4.7265e+01 -9.5441e+01  1.2704e+02  1.0000e+00
-2.8388e-01  2.5406e-01  1.4056e-01 -8.4984e+00  1.3557e+01  1.6663e+01  2.3102e+01  1.0000e+00
-1.3235e+00  2.2079e+00  2.2781e+00 -2.7458e+00  6.3728e+00  2.3251e+00  7.3183e+00  1.0000e+00
 5.1642e+00 -1.8131e+00 -1.3923e+00  1.8313e+01 -4.3086e+00 -3.2531e+00  1.9092e+01  1.0000e+00
-4.2046e-01  4.9575e-01  5.7772e-02  1.3388e+01  7.0029e+00  1.1635e+00  1.5153e+01  1.0000e+00
-5.9372e-01 -4.3068e-01  1.1471e+00  1.1268e+00 -9.8989e+00  7.8271e+00  1.2670e+01  1.0000e+00
 2.3146e-03  2.7075e-01  3.3259e-01 -7.7964e+00 -6.8082e+00  6.0363e+00  1.1982e+01  1.0000e+00
-1.9908e-02  4.4207e-01  1.7382e-01 -9.7312e+00 -9.3890e+00 -7.7455e+00  1.5583e+01  1.0000e+00
-1.2938e-01  4.6645e-01  2.1446e-01  3.7189e+00  5.2845e+00  7.6233e+00  9.9935e+00  1.0000e+00
 7.9716e-01 -1.9173e-02  9.2894e-02  6.6816e+00 -5.6683e-01 -4.1080e+00  7.8639e+00  1.0000e+00
 3.7503e-01  1.1308e+00  1.1392e-01 -4.2149e-01  2.3881e+00  3.3032e+00  4.0978e+00  1.0000e+00
-9.9586e-01  1.1553e+00  9.9807e-01 -3.0282e-01  8.3885e+00  8.2470e+00  1.1767e+01  1.0000e+00
 4.8726e-01 -3.9771e+00  7.0829e+00  1.6304e+00 -1.3617e+01  2.3918e+01  2.7571e+01  1.0000e+00
-7.3674e+00  5.9140e+00 -4.6116e+00 -5.8489e+01  4.4600e+01 -3.7506e+01  8.2564e+01  1.0000e+00
-1.4252e-01  8.4227e-01 -2.9534e-01 -8.6166e+00 -9.7647e+00  9.3065e+00  1.6006e+01  1.0000e+00
 5.4590e-01 -6.2380e-02  6.3082e-01  4.7886e+00 -4.8137e+00  1.1656e+00  6.8892e+00  1.0000e+00
-3.2706e-01  4.3434e-01  6.1961e-02 -1.1579e+01 -8.0247e+00  1.6920e+01  2.2017e+01  1.0000e+00
 1.4900e-01  1.0035e+00 -3.9361e-02  7.7242e+00  1.7359e+01 -1.2736e+01  2.2873e+01  1.0000e+00
 5.7553e-01  7.7086e-01  4.8227e-01  1.4909e+00 -1.1875e+00 -8.6538e-01  2.0933e+00  1.0000e+00
-9.4205e-01  8.3202e-01  5.8954e-01 -7.1995e+00 -1.0203e+00  1.7235e-01  7.2735e+00  1.0000e+00
-6.7554e+00  5.6733e+00 -1.9017e+00 -2.3020e+01  1.9448e+01 -6.3947e+00  3.0807e+01  1.0000e+00
 3.8908e+00 -3.0177e+00 -1.1901e+01  1.4251e+01 -1.1241e+01 -4.3617e+01  4.7243e+01  1.0000e+00
-2.1354e-01  4.3307e-01  4.0376e-03  3.2091e+00 -2.6336e+01  2.6554e+00  2.6663e+01  1.0000e+00
-3.3583e-01 -7.9836e+00 -5.6794e+00  9.3738e-01 -2.7622e+01 -1.9420e+01  3.3779e+01  1.0000e+00
-2.8242e+00  2.6479e+00 -1.1328e+01 -1.0662e+01  1.0100e+01 -4.1040e+01  4.3589e+01  1.0000e+00
 1.4529e+00 -7.0289e+00  4.3207e-02  4.7632e+00 -2.4188e+01  2.5184e-01  2.4654e+01  1.0000e+00
 5.2046e-01  1.3889e+00  4.8288e-02  5.3913e+00  3.1853e+00  8.5107e-01  6.3195e+00  1.0000e+00
-1.3501e+00 -1.6566e+00 -7.7628e+00 -4.7077e+00 -6.4127e+00 -2.5820e+01  2.7018e+01  1.0000e+00
 3.3419e-01  1.5162e+00  1.1863e+00  6.8518e+00  1.2615e+01  1.2815e+01  1.9243e+01  1.0000e+00
-2.5412e-01  7.1812e-01  9.7950e-02 -8.8047e+00  7.9105e+00 -2.4691e+01  2.7382e+01  1.0000e+00
 3.3825e+00  2.4688e+00  4.8592e+00  1.8865e+01  1.0401e+01  2.5743e+01  3.3568e+01  1.0000e+00
 4.3528e-02  3.1421e-01  3.7966e-01  5.8349e+00  1.0124e+00  5.7157e+00  8.2305e+00  1.0000e+00
 4.6003e+00 -5.9775e+00 -2.3993e+00  1.6909e+01 -1.9611e+01 -8.0384e+00  2.7113e+01  1.0000e+00
-2.6398e-01  3.0838e-01  2.1045e-01  8.8744e+00 -5.5172e+00 -5.8908e-01  1.0466e+01  1.0000e+00
 1.8547e-01  5.8782e-01  3.4233e-01  2.3003e+00  2.7604e+00  5.6952e+00  6.7339e+00  1.0000e+00
-8.0797e+00 -3.6640e+00 -2.5918e+00 -2.8156e+01 -1.2593e+01 -8.6428e+00  3.2032e+01  1.0000e+00
 4.4127e+00  2.1597e+00  4.0301e+00  1.3750e+01  8.1255e+00  1.4537e+01  2.1596e+01  1.0000e+00
-1.6828e-01  4.8775e-01 -1.6036e-02  5.0193e+00 -8.1606e+00  2.4082e+01  2.5918e+01  1.0000e+00
 3.1148e+00 -1.0358e+01 -8.1379e-01  1.1631e+01 -3.7427e+01 -2.9654e+00  3.9305e+01  1.0000e+00
-1.3267e-01  5.3283e-01  1.9945e-01 -2.5264e+01 -3.9306e+00 -7.6345e+00  2.6684e+01  1.0000e+00
-1.4236e+01 -1.3183e+00  2.1042e+01 -5.7037e+01 -5.5903e+00  8.4137e+01  1.0180e+02  1.0000e+00
 5.9270e+00 -1.0366e+01 -8.3884e+00  2.2178e+01 -3.8000e+01 -3.0952e+01  5.3795e+01  1.0000e+00
-7.3267e-01  7.5867e-01  3.0957e-01 -1.6497e+01  1.0315e+01  5.6442e+00  2.0258e+01  1.0000e+00
 4.0970e-01 -1.6503e-01  3.9145e-01 -3.6695e+00  1.4306e+00 -4.4417e+00  5.9363e+00  1.0000e+00
-2.8115e-01  1.1522e-01  1.9512e-01 -8.6793e+00 -7.6213e+00 -8.2983e+00  1.4222e+01  1.0000e+00
-3.8543e+00 -1.0653e+00 -2.9181e+00 -1.1570e+01 -2.1267e+00 -8.3973e+00  1.4453e+01  1.0000e+00
 6.0079e-01  7.2788e-01  1.6643e-01  1.7329e+01  8.7180e+00 -8.7859e-01  1.9418e+01  1.0000e+00
-9.2485e-02  7.0887e-01  2.5902e-01  1.6560e+01 -7.7865e+00 -9.2291e+00  2.0495e+01  1.0000e+00
-1.4866e-01 -7.9339e+00 -5.6418e+00 -1.8577e+00 -2.7196e+01 -1.9839e+01  3.3714e+01  1.0000e+00
-4.4139e-02  3.0136e-01  2.3777e-01 -2.5606e+00 -8.4628e+00  3.0533e+00  9.3540e+00  1.0000e+00
-1.2533e-01  4.8063e-01 -2.4509e-01 -3.0086e+00 -5.1142e+00  3.8559e-01  5.9461e+00  1.0000e+00
-1.3800e-01  2.2628e-01  2.1918e-01  7.3761e+00  6.5552e+00 -2.6926e+00  1.0229e+01  1.0000e+00
-2.2475e-01  5.1121e-01  5.1729e-01 -9.9206e+00  2.8250e+00 -3.1517e+01  3.3162e+01  1.0000e+00
-1.3891e-01  6.6374e-01  1.8654e-01  1.2852e+01 -1.3762e+01 -7.7615e+00  2.0367e+01  1.0000e+00
-1.5631e+01 -1.8323e+01  8.4473e+00 -5.1446e+01 -6.2688e+01  2.9588e+01  8.6324e+01  1.0000e+00
-9.6671e-02  6.8245e-01  3.2609e-01 -1.3859e+01  1.5092e+01 -1.1747e+01  2.3618e+01  1.0000e+00
-9.9947e-01  1.6677e+00 -8.3447e-01 -8.7800e+00  1.4741e+01 -7.3804e+00  1.8678e+01  1.0000e+00
-1.8945e-01  5.4459e-01  2.5088e-01 -4.3821e+00 -2.4979e+01  6.1677e+00  2.6100e+01  1.0000e+00
-3.9038e-01  3.9148e-01  1.7127e-01 -2.0313e+01  9.9066e+00 -5.4695e+00  2.3253e+01  1.0000e+00
-2.1400e-01  5.7738e-01  2.5434e-01 -2.7969e+01  1.3372e+01  1.0678e+01  3.2788e+01  1.0000e+00
 7.0288e-01  9.1671e-01  1.7549e-03  1.9849e+00 -2.3364e+00  6.6287e-01  3.1366e+00  1.0000e+00
-5.1685e-01  1.6508e-01 -3.9196e-01  6.0744e+00  7.5340e+00  5.6372e-01  9.6942e+00  1.0000e+00
-4.1865e-02 -7.0163e+00  3.4263e+00 -2.4421e-01 -2.4269e+01  1.1395e+01  2.6812e+01  1.0000e+00
-8.7887e+00 -5.3826e+00 -3.2430e+00 -3.1194e+01 -1.7905e+01 -1.0252e+01  3.7400e+01  1.0000e+00
-1.0704e+00 -1.2963e+00 -5.1142e-01 -6.4382e+00  3.3187e+00 -1.0672e+00  7.3214e+00  1.0000e+00
-6.8444e-02  4.2287e-01  3.2563e-02  1.1811e+01 -5.9236e+00  2.7609e+01  3.0608e+01  1.0000e+00
 1.1303e+01 -4.0816e+00 -7.1386e-01  4.1147e+01 -1.4612e+01 -2.2921e+00  4.3725e+01  1.0000e+00
 1.8560e-01  1.1061e+00 -4.7034e-01 -1.2067e+01  9.6407e+00 -1.5383e+00  1.5522e+01  1.0000e+00
 1.1761e+02 -1.4586e+02  9.6013e+01  3.8386e+02 -4.7418e+02  3.0947e+02  6.8408e+02  1.0000e+00
-3.3716e-01  7.6014e-01 -1.4305e-02  2.2323e+01  5.4630e+00  3.7479e+00  2.3285e+01  1.0000e+00
-7.9627e-02  4.4110e-01  5.8595e-01  1.1816e+01  3.7354e+00  3.7078e+00  1.2935e+01  1.0000e+00
-2.8443e-01  3.8821e-01  8.0879e-02 -1.4517e+00 -5.9301e+00  6.9619e+00  9.2597e+00  1.0000e+00
 6.5057e+00  5.3098e+00  4.1913e-01  2.2163e+01  1.7744e+01  1.9227e+00  2.8456e+01  1.0000e+00
-4.5812e+00 -1.3133e+00  2.2777e+00 -2.0402e+01 -4.9020e+00  1.1294e+01  2.3829e+01  1.0000e+00
 1.6197e+00 -8.7529e+00  5.3669e-01  5.3801e+00 -3.0260e+01  1.2640e+00  3.0760e+01  1.0000e+00
-4.5455e-01  3.2259e-01 -3.4625e-01 -2.4718e+00  2.1189e+00 -8.3776e+00  8.9879e+00  1.0000e+00
 4.6499e-01  4.1574e+00 -6.3358e+00  1.3756e+00  1.3794e+01 -2.1689e+01  2.5741e+01  1.0000e+00
-1.3846e+01  4.6549e+00  5.0855e+00 -6.8780e+01  2.3124e+01  2.5064e+01  7.6769e+01  1.0000e+00
-2.5358e-01  3.9580e-01  2.0407e-01  1.2262e+01 -3.9435e+00 -1.1683e+01  1.7390e+01  1.0000e+00
-7.7299e-02  1.4918e+00  2.8559e-01 -5.1298e+00  1.7896e+00  5.0552e+00  7.4210e+00  1.0000e+00
 5.8252e-02  5.0644e-01  5.5914e-01  4.5873e+00 -3.0279e+00  8.0112e+00  9.7155e+00  1.0000e+00
 3.5263e-01  5.3404e-01 -1.5052e-01  2.3966e+01 -4.7043e+00 -8.9026e+00  2.5995e+01  1.0000e+00
 8.7305e-01 -8.7610e+00  6.9520e+00  2.9816e+00 -3.1607e+01  2.5118e+01  4.0482e+01  1.0000e+00
 2.8799e+00 -5.2848e+00  2.2614e+00  2.3834e+01 -4.4742e+01  1.7493e+01  5.3627e+01  1.0000e+00
 1.2050e-01  5.6420e+00  7.1756e-01 -3.3123e+00  1.7813e+01  3.3018e+00  1.8417e+01  1.0000e+00
 8.1908e-02  4.9163e-01  3.8183e-01 -1.1604e+00 -1.4320e+01  8.1965e+00  1.6541e+01  1.0000e+00
 2.2890e+00 -1.1196e+00  5.1980e-01  6.1302e-01  9.9567e-01  6.0733e-01  1.3176e+00  1.0000e+00
-3.1778e-01  3.0354e-01  2.4966e-01  1.9386e+01 -1.3986e+01 -1.0693e+01  2.6187e+01  1.0000e+00
 4.8537e+00 -1.8895e+00  2.7401e+00  1.5741e+01 -4.1677e+00  8.3218e+00  1.8287e+01  1.0000e+00
 1.5064e-01  1.6044e-01  6.8679e-01  4.9409e+00 -1.2909e+00 -2.4723e+00  5.6738e+00  1.0000e+00
-4.7796e-02  4.1785e-01 -3.3756e-02 -4.0731e+00  1.1991e+01  8.2558e-01  1.2691e+01  1.0000e+00
-3.8536e-01  6.8998e-01  4.1875e-02 -2.0979e+00  7.9004e+00  1.1739e+01  1.4305e+01  1.0000e+00
-1.9459e+00 -1.6804e+00 -9.5796e+00 -6.5163e+00 -5.5215e+00 -3.3755e+01  3.4819e+01  1.0000e+00
-1.0953e+00 -5.2961e-01  2.4720e+00 -2.5356e+00 -1.7604e+00  9.3701e+00  9.8654e+00  1.0000e+00
 1.1477e+01 -3.1192e-01 -2.5921e+00  4.1709e+01 -7.5335e-01 -8.7044e+00  4.2614e+01  1.0000e+00
-6.1949e-02 -2.5855e-02  1.5336e-01 -1.7993e+00  6.6824e+00  1.1728e+01  1.3617e+01  1.0000e+00
 3.9656e+00 -5.3192e-01  1.0433e+01  1.4758e+01 -2.6292e+00  3.8396e+01  4.1218e+01  1.0000e+00
-2.2477e-01  5.4980e-01  1.2574e+00  2.4687e+00  1.1258e+00  1.0771e+01  1.1108e+01  1.0000e+00
-8.7618e-01  1.8853e-01 -7.5577e-04  1.8859e+00  1.3808e+01 -1.6156e+01  2.1336e+01  1.0000e+00
-4.7363e+00  7.9810e-01  7.5643e+00 -1.5940e+01  2.7147e+00  2.6385e+01  3.0946e+01  1.0000e+00
-3.6134e-01  4.9171e+00 -1.1272e-03 -4.3678e+00  1.0889e+01 -1.1096e+00  1.1784e+01  1.0000e+00
-1.0379e-01  6.4670e-01  1.0572e-01  7.9417e+00  8.0949e+00 -1.6719e+01  2.0202e+01  1.0000e+00
 7.7749e-01  1.8543e+01  1.2323e+01  2.8567e-01  6.3593e+01  4.0555e+01  7.5425e+01  1.0000e+00
-3.2694e+00  2.9329e+00 -1.4672e+00 -8.7569e+00  7.4864e+00 -1.9025e+00  1.1677e+01  1.0000e+00
-2.4434e-01  1.1667e+00 -2.4273e-01 -8.6786e+00  3.7979e+00  7.1795e+00  1.1886e+01  1.0000e+00
 2.2056e-01  3.2692e-01 -9.7342e-01  2.1629e+00  1.8292e+00  4.6392e-02  2.8331e+00  1.0000e+00
-9.5335e-02  1.1969e+00  6.3632e-01  2.8007e-01  1.2644e+01  2.3059e+00  1.2856e+01  1.0000e+00
-6.3305e-02  4.8724e-01  4.1100e-01 -1.6923e+01 -9.0494e+00 -2.5414e+00  1.9358e+01  1.0000e+00
-7.7258e-02  3.3442e-01  1.0041e-01 -2.2403e+01  2.6455e-01 -1.1490e+01  2.5179e+01  1.0000e+00
-2.4093e+00 -1.2686e-01  3.0935e+00 -3.8076e+00  6.8784e-01  6.5605e+00  7.6165e+00  1.0000e+00
-3.2712e-01  6.3528e-01 -3.1717e-03  7.1444e+00  8.0720e+00 -8.3605e+00  1.3642e+01  1.0000e+00
-4.7151e+00  3.9784e+00  1.5527e+00 -2.7973e+01  2.3296e+01  7.3837e+00  3.7144e+01  1.0000e+00
-5.6143e-02  2.7523e-01  1.1829e-01  6.8308e+00  8.7566e+00  2.0363e+01  2.3195e+01  1.0000e+00
-5.5169e-01  4.6318e-01  1.5960e-02 -3.4329e+00  8.1464e+00 -2.6573e-01  8.8441e+00  1.0000e+00
-3.3959e-01  5.6199e-01 -3.1229e-02  8.7602e+00  1.7342e+01 -4.7824e+00  2.0009e+01  1.0000e+00
-1.2382e-01  6.6349e-01  1.7419e-01  8.3609e+00  3.6230e+00  2.0692e+01  2.2610e+01  1.0000e+00
 3.8936e+00 -6.7326e+00 -3.2869e+00  1.3445e+01 -2.2269e+01 -1.1397e+01  2.8400e+01  1.0000e+00
-1.5064e+00  7.0838e-01  6.3616e-01 -1.7003e+00  5.4320e+00  1.7328e+00  5.9498e+00  1.0000e+00
 4.9358e+00  1.2618e+00 -1.1615e+01  1.7967e+01  5.3004e+00 -3.8445e+01  4.2766e+01  1.0000e+00
-8.8277e-01  4.8217e+00 -3.3263e+00 -2.7393e+00  1.4951e+01 -8.6312e+00  1.7480e+01  1.0000e+00
-9.8586e+00 -3.5697e+00  2.3542e+00 -3.6011e+01 -1.2333e+01  8.5495e+00  3.9012e+01  1.0000e+00
 1.2219e+01 -1.1937e+00 -5.0615e+00  4.5413e+01 -4.3247e+00 -1.8458e+01  4.9211e+01  1.0000e+00
 4.7065e+00 -2.5890e+01  1.6013e+01  1.7622e+01 -9.7764e+01  6.0773e+01  1.1645e+02  1.0000e+00
-3.3752e-01  6.9070e-01  1.8925e-01  1.2138e+01 -7.6528e+00 -2.0307e+01  2.4865e+01  1.0000e+00
-2.5306e-01  6.2497e-01  1.2449e-01 -1.6921e+01  2.5279e+01  1.1536e+01  3.2534e+01  1.0000e+00
-2.1707e-01  4.3477e-01  3.9610e-02 -3.0550e+01  6.2781e+00 -3.6496e+00  3.1401e+01  1.0000e+00
-4.5161e-01  6.7226e-01  2.9812e-01 -2.5638e+01  3.0766e+00  1.6947e+01  3.0887e+01  1.0000e+00
-6.2073e+00 -3.3045e+00 -3.1699e+00 -2.1554e+01 -9.9538e+00 -1.1112e+01  2.6214e+01  1.0000e+00
 2.2546e-02  5.5457e-01  3.4865e-01 -9.3979e+00  1.5569e+01 -2.0655e+01  2.7520e+01  1.0000e+00
 9.3916e-02  7.4218e-01  6.2321e-01 -1.8461e+01 -7.6053e+00  3.9245e+00  2.0348e+01  1.0000e+00
-4.2879e-02  6.0420e-01 -1.1415e-01 -2.8579e+00  2.7947e+00 -6.0429e+00  7.2454e+00  1.0000e+00
-4.8574e-01  3.9264e-01  9.8297e-02 -1.1002e+01 -7.1260e-01 -7.8730e+00  1.3548e+01  1.0000e+00
 1.9253e+00 -2.1781e+00 -2.5206e+00  4.7752e+00 -3.5694e+00 -4.2539e+00  7.3238e+00  1.0000e+00
-8.6445e-02  4.1605e-01  2.3702e-01 -2.2316e+01 -6.5981e+00 -8.5967e+00  2.4808e+01  1.0000e+00
-9.1653e-02  4.9457e-01  5.9911e-02 -1.1792e+01 -1.6211e+01 -1.3277e+01  2.4045e+01  1.0000e+00
 4.2422e+00 -4.9873e+00 -6.3129e+00  1.4536e+01 -1.7808e+01 -2.1343e+01  3.1368e+01  1.0000e+00
-5.1236e-01  4.8230e-01  6.1032e-02  1.7503e+01  6.2440e+00 -1.5219e+01  2.4020e+01  1.0000e+00
 2.8983e-02  3.8057e-01 -2.9085e-02  8.7450e+00 -1.2367e+01 -1.1176e+01  1.8824e+01  1.0000e+00
 9.5105e-02  3.6685e-01  2.3804e-03 -1.8121e+01  4.9635e+00  6.1481e+00  1.9769e+01  1.0000e+00
-6.3274e-01  1.1540e+00  1.4200e+00 -2.2201e+00 -5.3057e+00  3.2863e+00  6.6241e+00  1.0000e+00
-9.6792e-03  4.4073e-01  3.1308e-02  4.5061e+01 -1.9414e+01 -3.2747e+01  5.8989e+01  1.0000e+00
-1.2519e-01  6.7307e-01  2.1786e-01 -6.9461e+00 -4.9233e+00  4.7417e+00  9.7453e+00  1.0000e+00
 8.5398e-01 -3.1968e-01  5.6056e-02 -6.6300e+00  1.1367e+01  3.1081e+00  1.3521e+01  1.0000e+00
-9.8915e+00  2.4098e+00  4.8366e+00 -6.0526e+01  1.4516e+01  2.9889e+01  6.9047e+01  1.0000e+00
-4.2919e-01  5.0854e-01  1.8604e-01  3.0377e+00  8.2692e+00  7.0671e+00  1.1294e+01  1.0000e+00
 5.9346e+00  4.0241e+00 -6.3741e-01  1.8803e+01  1.4007e+01 -1.1631e+00  2.3476e+01  1.0000e+00
-4.9345e-01  9.9657e-02  4.2870e-01  3.2755e-01 -5.2400e+00  6.2443e+00  8.1582e+00  1.0000e+00
-4.9998e-01  4.1085e-01  9.8195e-02 -2.0435e+01 -7.4520e-01 -1.1620e+01  2.3519e+01  1.0000e+00
-1.1888e-01  5.4925e-01  1.6344e-01  2.4362e+01  1.6567e+00 -1.0428e+01  2.6552e+01  1.0000e+00
 9.5772e-01  5.7638e+00  2.1001e-02  4.4460e+00  1.6931e+01 -1.5566e+00  1.7574e+01  1.0000e+00
-1.1756e+02  1.4562e+02 -9.6956e+01 -3.7964e+02  4.7214e+02 -3.1702e+02  6.8377e+02  1.0000e+00
 7.4476e-02  2.9122e-01  8.1885e-02  2.7330e+01  1.8021e+01  5.6542e+00  3.3222e+01  1.0000e+00
-2.0296e-01  6.4976e-01  3.0427e-02 -1.0633e+01 -1.0333e+00  1.0632e+01  1.5072e+01  1.0000e+00
 1.3839e-01  3.9422e-02  2.0288e-01  7.0813e+00 -1.9589e+01  7.9604e-01  2.0845e+01  1.0000e+00
-2.7620e-01  5.5629e-01 -2.2772e-02  1.2455e+01 -1.2819e+01  1.1983e+01  2.1518e+01  1.0000e+00
 3.7963e-01  7.3447e-01  4.3061e-01  1.0780e+01 -8.5543e-01 -8.9572e+00  1.4042e+01  1.0000e+00
 3.9392e+00 -5.9502e+00 -5.7039e+00  1.3856e+01 -1.9521e+01 -2.0621e+01  3.1595e+01  1.0000e+00
 1.7918e+00 -4.6615e-01 -3.3074e-02  8.8747e+00 -1.3065e+00  1.2306e+00  9.0544e+00  1.0000e+00
-1.6575e+00  4.5489e-02  1.3020e+00 -5.3410e+00 -8.9095e-01  8.8702e+00  1.0392e+01  1.0000e+00
 5.0735e-02  4.8338e-01  5.1122e-01 -4.1420e+00 -8.2068e+00 -2.2234e+01  2.4059e+01  1.0000e+00
-8.5946e+00  4.0178e-01  7.2766e+00 -3.1007e+01  2.2924e+00  2.6824e+01  4.1063e+01  1.0000e+00
-5.0150e-01  6.1161e-01  1.2210e-02 -1.4218e+00 -7.6372e+00 -1.9893e+01  2.1356e+01  1.0000e+00
-7.6119e-02  6.8329e-01 -3.4814e-02 -3.5926e+00  3.7708e-01 -2.9150e+00  4.6418e+00  1.0000e+00
-5.8034e+00  5.1984e+00 -9.3365e+00 -2.0985e+01  1.9365e+01 -3.3904e+01  4.4326e+01  1.0000e+00
 9.7970e+00 -6.7404e+00  2.6782e+00  3.5514e+01 -2.4059e+01  9.9207e+00  4.4028e+01  1.0000e+00
 5.4510e+00 -3.3374e+00  5.9678e+00  1.8325e+01 -1.1297e+01  2.0942e+01  3.0033e+01  1.0000e+00
-8.1478e-01  6.6041e-01  2.7176e-01 -8.1074e+00 -1.0091e+00 -8.6303e+00  1.1884e+01  1.0000e+00
-2.7328e-01  5.5107e-01  1.0853e-01  1.1037e+01  3.5190e+00 -2.5759e+00  1.1867e+01  1.0000e+00
 1.2345e-02  3.8975e-01  3.9582e-02  1.9533e+00 -8.2571e+00 -5.0381e+00  9.8680e+00  1.0000e+00
-4.6723e+00  9.1370e-01  1.6814e+00 -1.3332e+01  1.1960e+00  3.8340e+00  1.3924e+01  1.0000e+00
-1.2337e-01  4.0309e-01  2.9197e-01  8.4198e+00  2.7465e+01 -1.0799e+01  3.0689e+01  1.0000e+00
-1.1607e-01  6.4031e-01  4.0090e-01 -3.0187e+00  1.5356e+01  4.4009e+00  1.6257e+01  1.0000e+00
-4.8296e-01  6.6110e-01  4.3992e-02 -7.5217e+00 -1.1198e+01 -2.2708e+00  1.3680e+01  1.0000e+00
-1.0228e-01  2.6249e-01  2.5846e-01  1.7821e+00 -1.6163e+01  1.7536e+01  2.3915e+01  1.0000e+00
-4.1271e+00  3.6376e+00 -3.4545e+00 -1.2896e+01  1.4017e+01 -1.0821e+01  2.1906e+01  1.0000e+00
-2.4483e-01  1.5810e-01  1.1765e-01  2.1813e+01 -4.7640e+00  6.4743e+00  2.3247e+01  1.0000e+00
-3.0341e+00  1.9468e+00 -7.5273e+00 -1.0602e+01  6.6637e+00 -2.5566e+01  2.8468e+01  1.0000e+00
-5.2533e-01  5.2464e+00  2.4933e+00 -5.8845e+00  1.5044e+01  5.1503e+00  1.6955e+01  1.0000e+00
-9.2345e+00 -2.1702e+00 -2.7963e+00 -3.4075e+01 -6.9943e+00 -8.8092e+00  3.5884e+01  1.0000e+00
-6.4929e-01  7.8256e-01  7.6833e-02 -2.6181e+01  3.7409e+00  1.1757e+00  2.6473e+01  1.0000e+00
-6.0270e-02  3.7107e-03 -1.5726e+00  1.0004e-01 -2.9384e+00 -1.2264e+01  1.2611e+01  1.0000e+00
-4.6316e-01  6.0379e-01  5.9733e-01 -6.3344e+00 -4.7303e+00 -7.1288e+00  1.0645e+01  1.0000e+00
 1.8180e-01  2.6006e-01  7.0295e-02 -1.8361e+00  1.7482e+01  1.2247e+01  2.1424e+01  1.0000e+00
-1.9483e-01  2.9367e-02  6.2535e-01 -8.0217e-01  1.2650e+01  5.5512e-01  1.2687e+01  1.0000e+00
 1.0092e-01  5.8743e-01  1.1254e-01  3.0958e+00  1.6909e+01 -2.1952e+00  1.7330e+01  1.0000e+00
-9.9344e-01 -4.4457e-01  5.3164e-01  7.9405e-01  4.5588e+00  3.6613e+00  5.9007e+00  1.0000e+00
 2.1962e+00 -1.3287e+00  1.3623e+00  5.5698e+00 -1.8296e+00 -3.8295e+00  7.0025e+00  1.0000e+00
-2.0723e-01  6.6450e-01  4.9951e-01  5.7537e+00  5.1272e+00 -1.1449e+01  1.3801e+01  1.0000e+00
-5.2319e-01  8.7738e-01 -1.3537e-01 -7.1017e+00  1.2407e+01 -9.4186e+00  1.7120e+01  1.0000e+00
-1.2375e+01  1.4281e+01 -8.7876e+00 -4.2048e+01  4.4331e+01 -2.6713e+01  6.6684e+01  1.0000e+00
-5.4284e-02  2.1833e-01 -1.1215e+00  1.8607e+00  4.5214e-01 -1.2259e+01  1.2407e+01  1.0000e+00
 2.3847e+00  1.0172e+00 -7.7653e-01  1.6800e+00  6.9009e+00 -1.5437e+00  7.2683e+00  1.0000e+00
-1.9332e-01  5.8276e-01  1.3068e-01 -1.2939e+01  1.4304e+00  1.6722e+00  1.3125e+01  1.0000e+00
-2.0802e-01  4.9456e-01  2.9049e-01 -2.7451e+00 -4.0106e+00  1.4589e+01  1.5377e+01  1.0000e+00
-2.5128e-01 -6.9044e+00 -3.6358e+00 -6.6044e-01 -2.2720e+01 -1.2856e+01  2.6114e+01  1.0000e+00
-2.2339e-01  4.0766e-01  1.4312e-01 -1.2408e+01 -9.7015e+00  2.7841e+01  3.1987e+01  1.0000e+00
 4.0341e+00 -5.9175e+00 -5.6183e+00  1.4151e+01 -2.1189e+01 -1.8152e+01  3.1284e+01  1.0000e+00
-3.2151e-01  5.3363e-01  1.4881e-01 -2.7487e+01  6.8066e-01  4.3031e+00  2.7830e+01  1.0000e+00
-3.8367e-01  4.9928e-01  3.5435e-04 -1.4846e+00  1.9108e+01  3.2287e+00  1.9435e+01  1.0000e+00
 1.4869e-01  4.7853e+00  2.1935e+00  2.8611e+00  1.4297e+01  5.1914e+00  1.5478e+01  1.0000e+00
 1.9449e+00 -4.1781e+00  6.5233e+00  7.0558e+00 -1.4144e+01  2.2195e+01  2.7248e+01  1.0000e+00
-1.3394e-01  5.2527e-01  5.5860e-02 -4.1364e+00 -1.3222e+01 -8.4570e-01  1.3880e+01  1.0000e+00
 9.3125e-02  3.2777e-01  2.3719e-01 -1.9598e+00  4.0152e+00 -9.4864e+00  1.0486e+01  1.0000e+00
-2.3826e-01  7.2545e-01  1.6262e-01 -4.3982e+00 -3.6646e+00  3.7963e+00  6.8691e+00  1.0000e+00
 2.9732e-01  5.8818e-01  4.6298e-01 -5.4522e-01 -8.2542e-01 -2.9132e+00  3.0766e+00  1.0000e+00
-5.1166e+00 -1.7199e+00  3.3532e+00 -1.6830e+01 -5.2662e+00  9.1898e+00  1.9885e+01  1.0000e+00
-6.0709e-02  5.3605e-01 -1.0079e-01  3.7025e-01  8.8903e+00 -1.4902e+01  1.7357e+01  1.0000e+00
-4.1005e-01  4.7817e-01  1.7402e-02  2.2541e+01  7.5117e+00 -8.2396e+00  2.5148e+01  1.0000e+00
 7.3446e+00 -9.5598e+00 -7.2983e-01  2.7170e+01 -3.4511e+01 -2.8203e+00  4.4013e+01  1.0000e+00
-3.0397e-01  2.7729e-01  4.9559e-01  3.0407e+00  1.7552e+00 -1.3813e+01  1.4252e+01  1.0000e+00
-2.0576e+00  5.2635e-01  1.2281e+00  2.8333e+00  5.2177e+00 -4.3763e+00  7.3760e+00  1.0000e+00
 4.7919e-02  5.8579e-01  5.0899e-02 -2.1799e+01  1.3343e+01 -2.3143e+00  2.5663e+01  1.0000e+00
-1.1957e-01  7.0550e-01  2.6451e-01 -2.2656e-01 -2.7173e+00  1.5360e+01  1.5600e+01  1.0000e+00
 1.9473e+00 -1.2139e+00  3.1144e-01  1.9507e-01 -1.2787e+00 -1.1329e-01  1.2985e+00  1.0000e+00
-1.6038e-01  5.2168e-01  3.7340e-01 -1.9783e+01  3.3114e+00 -2.8456e+00  2.0259e+01  1.0000e+00
 1.8455e-01  2.6856e-01  4.7017e-01 -1.4540e+01 -4.0090e+00  2.8219e+00  1.5344e+01  1.0000e+00
-2.6000e+00 -1.0845e+00 -7.1578e-01 -1.0977e+01 -3.9354e+00 -2.0984e+00  1.1849e+01  1.0000e+00
-4.3373e-01  4.9712e-01  7.6417e-02 -3.8365e+00  5.7840e-01 -5.1383e+00  6.4386e+00  1.0000e+00
 2.1091e-02  5.1043e-01  3.2917e-01  1.5354e+01 -5.7603e+00  9.7865e-01  1.6428e+01  1.0000e+00
-2.4893e-01  6.8497e-01  1.5690e-01 -2.4081e+01 -8.8871e+00  5.5609e+00  2.6264e+01  1.0000e+00
-3.3848e-01  4.6953e-01 -2.9629e-02  7.0283e+00  1.0999e+01  8.6619e+00  1.5665e+01  1.0000e+00
-7.0636e-02  6.2988e-01  2.8419e-01  1.6939e+01  2.5132e+00 -4.4054e-02  1.7124e+01  1.0000e+00
-4.1409e-01  6.5721e-01  4.4303e-01  1.6071e+01 -8.3851e+00  2.3209e-01  1.8129e+01  1.0000e+00
-3.4731e-01  7.3388e-01  1.0515e-01  8.4271e+00  1.5068e+01  8.8441e+00  1.9398e+01  1.0000e+00
-1.6664e-01  9.3826e-01  1.5836e-01 -9.2852e+00  9.9939e+00  6.0650e+00  1.4929e+01  1.0000e+00
-3.4085e+00  3.0049e+00  1.2094e+00 -8.1819e+01  6.5618e+01  3.1060e+01  1.0938e+02  1.0000e+00
 1.0547e+00  2.6864e-01 -2.6288e-01 -1.1162e+00  7.8714e+00 -6.8066e+00  1.0466e+01  1.0000e+00
-4.6023e-01  4.9658e-01  2.3067e-01  1.6214e+01 -4.7977e+00 -1.5049e+01  2.2636e+01  1.0000e+00
-2.4871e+01  1.1293e+00  2.2104e+01 -2.4181e+02  7.3672e+00  2.1773e+02  3.2547e+02  1.0000e+00
-4.1990e-02  4.2217e-01  6.2079e-02  7.4414e+00  2.4859e+01 -6.6913e-01  2.5957e+01  1.0000e+00
 3.2992e-01  1.8833e+00 -2.2753e-01 -3.0734e+00 -3.9976e+00 -1.4346e+00  5.2426e+00  1.0000e+00
-2.5774e-01  3.1326e-01  1.1618e-01  1.0032e+01 -3.8918e+00 -1.9455e+01  2.2232e+01  1.0000e+00
-1.6875e+00  2.6362e+00  6.6367e+00 -4.5623e+00  6.6897e+00  1.6985e+01  1.8817e+01  1.0000e+00
 3.8234e+00  1.1444e+00  6.8567e-01  7.5672e+00  3.8183e+00  2.4565e+00  8.8247e+00  1.0000e+00
 4.5269e+00 -2.4775e+00 -3.9281e+00  1.4207e+01 -8.6614e+00 -1.2102e+01  2.0575e+01  1.0000e+00
 6.5553e-03  3.9466e-01  3.7832e-01  1.6370e+01 -1.8871e+00 -7.1268e+00  1.7954e+01  1.0000e+00
 5.8248e+00 -6.0159e+00 -8.9517e+00  2.1562e+01 -2.1678e+01 -3.1958e+01  4.4228e+01  1.0000e+00
-1.1860e-01  4.3372e-01  1.5772e-01  5.2203e+00  6.5495e+00  1.2837e+01  1.5328e+01  1.0000e+00
-5.6109e-02  4.6764e-01 -4.1420e-02  2.9185e+00  9.2424e+00 -1.1776e+00  9.7635e+00  1.0000e+00
-3.0218e-01  5.4477e-01  7.6465e-02  2.3432e+00  1.0784e+01 -7.2538e+00  1.3206e+01  1.0000e+00
-1.0075e-01  4.2430e-01  2.4869e-01  3.8350e+00  1.1399e+01  1.0100e+01  1.5705e+01  1.0000e+00
 2.7837e-02  7.8362e-01  1.4018e-01 -1.3378e+01 -1.3645e+01  5.5272e+00  1.9893e+01  1.0000e+00
 3.8174e-01  7.5530e-01 -2.5855e-01 -1.7096e+00  1.8454e+00  1.3854e+01  1.4081e+01  1.0000e+00
-1.4002e-01  2.2015e-01 -2.1846e-01  1.0858e+00  5.9838e+00 -9.1012e+00  1.0946e+01  1.0000e+00
-3.2715e-01  7.9216e-01  5.6317e-02  3.9428e+00  1.7698e+01 -1.8660e+01  2.6018e+01  1.0000e+00
-1.5508e+00  1.1924e+00  1.1215e+00 -4.4152e+00  8.6256e-01  5.7993e+00  7.3396e+00  1.0000e+00
-2.8670e-01  2.9433e-01  5.7504e-02  1.9269e+01  1.2672e+01  5.3293e+00  2.3670e+01  1.0000e+00
-1.7709e+00  2.2949e+00  6.8498e+00 -4.8401e+00  8.0336e+00  2.2814e+01  2.4667e+01  1.0000e+00
-7.7897e-01  2.8919e-01 -1.0573e+00 -7.0965e+00 -8.0208e+00 -8.6581e-02  1.0710e+01  1.0000e+00
-3.6766e-01  5.4295e-01  1.1139e-03 -8.9274e-01  3.0096e+00 -1.2726e+00  3.3874e+00  1.0000e+00
-1.0901e-01  1.9040e-01  2.2730e-01  2.2371e+00 -1.4011e+01 -3.5859e-01  1.4193e+01  1.0000e+00
-1.0234e+00  2.0340e+00  2.0319e+00  3.1915e+00  3.3369e+00  2.0376e+00  5.0469e+00  1.0000e+00
 4.6908e+00 -1.1751e+01  2.0423e+01  1.5630e+01 -3.9454e+01  7.0986e+01  8.2704e+01  1.0000e+00
 8.5992e+00  1.6583e+00  8.0238e+00  3.1110e+01  5.8992e+00  2.9533e+01  4.3299e+01  1.0000e+00
 1.2833e+00 -3.5945e-01 -2.0813e-01 -4.0428e+00  7.1339e+00  4.5523e+00  9.3787e+00  1.0000e+00
-3.7084e-01  6.3216e-01  1.5102e-01  2.3669e+01  1.3796e+01  1.3249e+01  3.0432e+01  1.0000e+00
 7.1908e-02  3.5209e-01 -3.5873e-02  1.1303e+01 -6.7084e-01 -3.6956e+00  1.1911e+01  1.0000e+00
-2.3014e+00  1.3937e+00  9.1371e+00 -8.2172e+00  5.6484e+00  3.2397e+01  3.3897e+01  1.0000e+00
-6.1767e+00 -1.6677e+00 -6.0776e+00 -2.0987e+01 -2.6542e+00 -1.9481e+01  2.8758e+01  1.0000e+00
 1.8101e-01  1.7476e+00 -4.7944e-01 -6.4388e+00 -4.6291e+00  5.6903e+00  9.7604e+00  1.0000e+00
-2.8828e+00 -4.3859e+00 -5.3431e-01 -1.2846e+01 -2.3365e+01 -1.4146e+00  2.6701e+01  1.0000e+00
-7.6347e-02  6.8331e-01  1.9594e-02 -3.3784e+01 -3.3727e+00  1.4333e+01  3.6853e+01  1.0000e+00
-3.1474e-01  4.1354e-01  2.1099e-01  2.0174e+01 -2.6083e+00  8.5049e+00  2.2049e+01  1.0000e+00
-1.5653e-01  4.5057e-01  1.3020e-01 -2.1025e+01 -3.2550e+01 -1.3448e+01  4.1017e+01  1.0000e+00
-1.2367e-01  3.5868e-01  2.6119e-01 -5.0651e+00 -9.7786e-02 -1.1389e+01  1.2465e+01  1.0000e+00
 1.3674e-01  3.6317e-01  1.5683e-01  1.8702e+01  1.1526e+01  5.9632e+00  2.2764e+01  1.0000e+00
-3.1625e+00  9.8429e+00 -1.3115e+00 -1.0998e+01  3.5098e+01 -4.3962e+00  3.7043e+01  1.0000e+00
 2.6189e+00  6.7801e-02  1.9113e+00  6.0571e+00  4.0935e+00  8.5197e+00  1.1226e+01  1.0000e+00
-6.1433e+00 -3.6061e-01 -1.5346e+00 -1.9342e+01  2.8020e-01 -5.1785e+00  2.0025e+01  1.0000e+00
-2.2749e-01  4.7357e-01  5.3558e-01 -1.2638e+01  4.9752e+00 -2.5450e+01  2.8848e+01  1.0000e+00
-5.0538e+00 -2.1387e+00  3.3412e+00 -1.4912e+01 -6.0285e+00  1.1152e+01  1.9573e+01  1.0000e+00
-4.0952e-01  5.5643e-01 -8.0122e-02  1.4516e+01 -3.7038e+00  4.2875e+00  1.5583e+01  1.0000e+00
 1.1435e+01  4.0665e+00  9.7967e-01  4.1263e+01  1.5074e+01  3.3969e+00  4.4062e+01  1.0000e+00
 4.2662e+00  6.1010e+00  6.3821e-01  1.4895e+01  2.0293e+01  3.1751e+00  2.5372e+01  1.0000e+00
-8.8790e+00 -5.4793e+00 -3.3094e+00 -3.3347e+01 -2.0170e+01 -1.3216e+01  4.1152e+01  1.0000e+00
-1.9330e-01 -1.2101e+00 -8.9629e-01 -5.6779e+00 -3.0071e-01  3.2424e+00  6.5454e+00  1.0000e+00
-8.8972e+00 -3.2732e-01 -2.3071e+00 -3.1540e+01 -4.1971e-01 -8.3242e+00  3.2622e+01  1.0000e+00
-3.3658e-01  6.8622e-01  6.4193e-01 -2.4235e+00  5.9731e+00  1.9188e+01  2.0241e+01  1.0000e+00
 1.0594e-01  1.7530e+00 -5.5780e-01 -4.1439e+00 -3.7016e+00  9.6403e+00  1.1127e+01  1.0000e+00
-1.9884e+00  7.2705e+00 -2.9743e+00 -6.2487e+00  2.5302e+01 -9.1575e+00  2.7625e+01  1.0000e+00
 7.4116e+00  6.2522e+00 -4.7244e+00  4.7499e+01  3.8448e+01 -2.9671e+01  6.7932e+01  1.0000e+00
-3.5100e-01  1.3773e+00  3.2226e-01  5.1660e+00  6.2851e+00 -4.5236e+00  9.3087e+00  1.0000e+00
-1.2030e+00 -2.2155e-01 -2.6020e+00 -7.0282e-01  2.3729e+00 -4.3375e+00  4.9938e+00  1.0000e+00
 1.6100e-01  7.6760e-01  3.3731e-01  9.9793e+00  2.0411e+00  9.0971e+00  1.3657e+01  1.0000e+00
 2.0878e+00 -2.0624e+00 -1.3716e+00  6.7237e+00 -5.0398e+00  2.3498e+00  8.7252e+00  1.0000e+00
-3.1989e-01  1.4902e+00 -4.7707e-01 -1.9780e+00 -4.0753e+00  7.0066e+00  8.3435e+00  1.0000e+00
 3.4290e-01  1.0255e+00  1.3890e-01 -4.9858e+00 -9.5348e+00 -6.6197e+00  1.2633e+01  1.0000e+00
-6.6288e+00 -3.2965e+00 -1.1540e+01 -2.5022e+01 -1.2705e+01 -4.4214e+01  5.2368e+01  1.0000e+00
-1.2024e+01 -4.1397e+00 -3.7038e-01 -4.4232e+01 -1.4387e+01 -1.5370e+00  4.6539e+01  1.0000e+00
 1.4140e+00 -2.0937e+00 -2.6076e+00  5.5298e+00 -2.7958e+00 -6.2551e+00  8.8046e+00  1.0000e+00
 1.2252e+01  1.9920e+00 -1.2265e+00  4.4464e+01  8.0063e+00 -4.7770e+00  4.5431e+01  1.0000e+00
-9.9776e-02  3.2509e-01  2.0286e-01 -1.5462e+01  6.3928e+00  1.9961e+01  2.6046e+01  1.0000e+00
-3.0309e-01  5.3948e-01  2.1838e-01 -2.0856e+01  5.9011e+00 -1.7536e+01  2.7880e+01  1.0000e+00
 2.1341e-02  5.7159e-01  2.9047e-02  6.6529e+00  7.4381e+00 -2.0714e+01  2.2993e+01  1.0000e+00
-5.1804e-01  9.4820e-01 -3.4450e-02  6.4736e+00 -1.7146e+01  1.0687e+01  2.1216e+01  1.0000e+00
-2.8367e-01  4.4172e-01  9.1812e-02  3.8413e-01  9.9587e-01  5.7542e+00  5.8523e+00  1.0000e+00
 3.3842e-01  5.6109e-01 -1.7548e-01  1.1618e+01 -5.1495e+00 -1.0706e+01  1.6617e+01  1.0000e+00
-2.9658e-01  5.6608e-01  4.6585e-01  8.5584e+00 -7.0147e+00  2.3921e-01  1.1068e+01  1.0000e+00
-5.3080e+00  4.5751e+00 -9.6791e-01 -1.7254e+01  1.4540e+01 -2.4072e+00  2.2691e+01  1.0000e+00
-5.5510e-01  4.0063e-01  2.3502e-02 -9.0464e+00 -3.7571e+00  1.5255e+01  1.8129e+01  1.0000e+00
-5.7096e+00 -1.6810e+00  2.7700e-02 -1.6973e+01 -5.2644e+00 -4.3554e-01  1.7776e+01  1.0000e+00
-5.4602e-01 -3.8473e-01  2.5545e-01  3.0136e+00  5.2735e+00  4.3698e+00  7.4824e+00  1.0000e+00
 2.3070e-01  8.3459e-03  3.8381e-01 -6.4648e-01  7.0141e+00  9.5912e+00  1.1900e+01  1.0000e+00
-2.3976e-01  4.3908e-01  2.6910e-01 -2.1495e+01  1.3505e+01 -1.5551e-01  2.5386e+01  1.0000e+00
-3.3535e-01  6.7613e-01  1.5774e-01 -4.8431e+00  4.3358e+00  2.7222e+01  2.7987e+01  1.0000e+00
 3.9110e+00 -9.7540e+00 -4.6878e+00  1.4221e+01 -3.4805e+01 -1.6802e+01  4.1182e+01  1.0000e+00
-8.7673e+00 -1.6862e+00  7.9006e+00 -3.1920e+01 -5.4017e+00  2.8745e+01  4.3294e+01  1.0000e+00
-2.9809e-01  9.1877e-01  2.0260e-01  1.2546e+01 -8.1615e+00  7.6017e+00  1.6787e+01  1.0000e+00
-1.6056e+00 -1.1605e+00 -2.9241e+00 -3.8706e+00 -9.4338e-01 -4.6819e+00  6.1475e+00  1.0000e+00
 2.0925e+00 -1.3705e+00  7.0290e-01  7.8274e-01  4.1751e-01  3.3549e+00  3.4702e+00  1.0000e+00
-4.6727e-01  3.6544e-01  2.0407e-01  5.2897e-01  1.0424e+01  1.3529e+01  1.7087e+01  1.0000e+00
-9.5656e-01 -7.8072e+00 -5.4447e+00 -2.8875e+00 -2.8459e+01 -2.0194e+01  3.5015e+01  1.0000e+00
-1.7226e+00  3.0199e+00 -2.6497e+00 -4.3761e+00  7.3026e+00 -4.8152e+00  9.7808e+00  1.0000e+00
-5.4059e-01  4.9410e-01  1.2845e-01 -3.0137e+01 -3.7421e+00  5.3618e+00  3.0838e+01  1.0000e+00
-7.6411e-01  2.6296e-01  2.3891e-01 -7.1139e+00 -1.9850e+00  2.8953e-01  7.3914e+00  1.0000e+00
-6.1314e-01 -1.1591e-01  3.6881e-01  4.8343e+00  1.7130e+01 -4.1806e+00  1.8283e+01  1.0000e+00
-1.7018e+00  7.6414e+00 -3.2884e+00 -5.6133e+00  2.5513e+01 -1.0640e+01  2.8207e+01  1.0000e+00
 8.5167e-01  6.0219e-01 -4.7891e-01 -1.2811e+01  1.9596e+00  5.0908e+00  1.3924e+01  1.0000e+00
-6.6879e-02  1.2682e+00  9.9997e+00  1.8545e+00  5.2253e+00  2.9132e+01  2.9655e+01  1.0000e+00
-3.3327e-01 -7.8046e-01  7.4725e-02 -2.0345e-01  1.3418e+01  2.4003e+00  1.3633e+01  1.0000e+00
-2.6462e-01  4.8469e-01  2.5675e-01 -6.9332e+00  1.0973e+01  9.0448e+00  1.5820e+01  1.0000e+00
-9.7647e-02  7.3700e-01  3.4786e-01 -4.1496e+00 -1.5590e+01 -1.3742e+01  2.1193e+01  1.0000e+00
-3.4086e-01  1.1495e+00 -2.1439e-01  6.9084e+00 -4.6484e+00 -2.7695e+00  8.7752e+00  1.0000e+00
 2.8005e+00  5.8354e+00  3.2330e+00  9.7895e+00  1.9814e+01  1.0318e+01  2.4390e+01  1.0000e+00
-1.8767e-01  3.7978e-01  7.2752e-02 -1.1179e+01 -9.4974e+00  1.2078e+01  1.9002e+01  1.0000e+00
-5.1766e-01  2.1012e+00  1.9252e-01 -1.6125e+00  9.9569e-01 -1.3402e+00  2.3211e+00  1.0000e+00
-2.9934e-01  6.7363e-01  3.3424e-01 -2.0193e+00 -1.2196e+01 -4.6824e+00  1.3219e+01  1.0000e+00
-2.8663e-01  7.2702e-01  8.2142e-02  6.2490e+00 -1.0316e+01  2.3449e+01  2.6369e+01  1.0000e+00
-2.8282e-01  8.3583e-01  1.6985e-01  1.4322e+00  5.5195e+00  7.9112e+00  9.7521e+00  1.0000e+00
-1.3704e-01  6.6177e-01  2.3903e-02 -4.7308e+00  2.0917e+01 -5.3598e+00  2.2105e+01  1.0000e+00
 4.8097e+00 -3.5898e+00 -6.9816e-01  1.4811e+01 -1.0682e+01 -1.5078e+00  1.8324e+01  1.0000e+00
 6.9038e-02  4.8781e-01  5.6039e-01  2.0677e+00 -3.3584e+00 -2.9966e+00  4.9532e+00  1.0000e+00
 8.8374e+00 -1.5577e+01  9.8607e+00  2.5313e+01 -5.0501e+01  3.2538e+01  6.5190e+01  1.0000e+00
 1.7936e-01 -1.2301e+00 -1.0002e+00 -6.3788e-01 -1.7916e+00  9.0780e+00  9.2750e+00  1.0000e+00
 8.5572e-01 -4.1255e+00 -1.1710e+01  2.7729e+00 -1.4738e+01 -4.2346e+01  4.4923e+01  1.0000e+00
-3.0164e+00 -4.6865e+00 -8.0145e+00 -1.1919e+01 -1.6523e+01 -2.8545e+01  3.5069e+01  1.0000e+00
-6.4009e-01 -8.5824e+00  9.3440e-01 -1.9080e+00 -3.0327e+01  3.2617e+00  3.0562e+01  1.0000e+00
-1.1536e+01 -5.9412e+00 -3.0487e+00 -4.2822e+01 -2.1333e+01 -1.1096e+01  4.9112e+01  1.0000e+00
-2.8900e-01  4.7515e-01 -1.0430e-01  7.8807e+00  1.3496e+01 -7.9175e+00  1.7519e+01  1.0000e+00
-9.4088e+00 -2.3342e+00 -1.8110e+00 -3.4095e+01 -8.3567e+00 -6.1781e+00  3.5644e+01  1.0000e+00
 5.6379e-01  3.5321e-01  1.1808e+00 -7.7198e+00  4.5744e+00 -1.9604e+00  9.1850e+00  1.0000e+00
-1.7499e-01 -2.4437e-02 -2.7216e-01 -8.1672e+00  3.1216e-01  3.0311e+00  8.7171e+00  1.0000e+00
-1.5358e+00 -1.4557e-01 -4.4087e+00 -5.5448e+00  5.5573e-01 -1.8758e+01  1.9568e+01  1.0000e+00
 1.2622e+00  6.1902e-01  3.4338e-01 -5.0098e+00  6.5704e+00 -7.0192e+00  1.0841e+01  1.0000e+00
-4.4101e-01  4.7897e-01  2.4350e-01 -1.8574e+01 -3.2239e+00  8.9017e-01  1.8873e+01  1.0000e+00
