# limit = 9.78784
#
# x           y           z           vx          vy          vz          s           m
 4.9241e-01 -2.0123e+00 -1.0340e+00 -2.7406e+00 -8.7691e-01  3.7843e+00  4.7540e+00  1.0000e+00
-1.7212e-01  5.7635e-01  1.4170e-01  2.7390e+01  5.9393e+00 -2.4264e+01  3.7070e+01  1.0000e+00
 1.0144e+01  3.0775e-01  1.9819e+00  3.4752e+01  1.8338e+00  6.8387e+00  3.5466e+01  1.0000e+00
-1.5535e-01  3.6318e-01  7.7311e-02 -1.9033e+01  1.3330e+01  1.0426e+01  2.5468e+01  1.0000e+00
-8.4530e+00  3.2593e+00  5.1724e+00 -2.9807e+01  1.1060e+01  1.7613e+01  3.6345e+01  1.0000e+00
 3.6177e+00 -1.2761e+00  1.0508e+01  1.3050e+01 -3.8056e+00  3.6727e+01  3.9162e+01  1.0000e+00
 6.8705e-01 -8.5770e+00 -6.0243e+00  1.7059e+00 -2.9980e+01 -2.0437e+01  3.6323e+01  1.0000e+00
-5.2286e-01  1.6546e+00  9.1654e-01  1.1518e+00 -4.9924e+00 -2.3700e+00  5.6452e+00  1.0000e+00
-1.3764e+01  9.9773e+00  3.0468e+01 -4.5562e+01  3.3396e+01  1.0468e+02  1.1895e+02  1.0000e+00
 5.1217e+00 -2.4724e+00  1.1180e-01  1.1493e+02 -6.2242e+01  3.0625e+00  1.3074e+02  1.0000e+00
 2.3388e+00  2.7163e+00  1.9213e+00  3.7094e+00  6.0680e+00  3.3325e+00  7.8540e+00  1.0000e+00
 8.9758e-02  4.0496e-01 -5.5047e-02  1.7523e+01  9.1695e+00  1.0295e+00  1.9804e+01  1.0000e+00
 4.5351e-01  3.8446e-01  9.8403e-01 -8.0835e+00 -5.0755e+00 -1.1374e+01  1.4848e+01  1.0000e+00
 2.9830e+00  4.8216e-01 -7.4490e-01  1.0782e+01  3.2655e+00 -1.0713e+00  1.1317e+01  1.0000e+00
-2.0300e-02  6.0173e-01  2.3667e-01 -1.3105e+01 -1.3207e+01 -1.1784e+01  2.2023e+01  1.0000e+00
-3.9153e+00 -4.7829e-01 -3.3649e+00 -1.2077e+01 -2.5571e+00 -7.9299e+00  1.4672e+01  1.0000e+00
 6.1504e+00 -6.4051e+00 -7.2672e+00  2.1362e+01 -2.2365e+01 -2.5817e+01  4.0287e+01  1.0000e+00
-1.6750e-01  4.7918e-01  6.8324e-02  8.1761e+00  3.2293e-01 -2.1645e+01  2.3140e+01  1.0000e+00
-2.9058e-01  4.9515e-01 -2.4097e-02  9.8624e+00  1.2481e+00  2.1442e+01  2.3635e+01  1.0000e+00
 2.1336e+01  1.7626e+01 -7.7501e+00  7.3498e+01  5.8951e+01 -2.5229e+01  9.7538e+01  1.0000e+00
-2.3231e-01  3.4339e-01  1.2474e-01  1.6259e+01  1.6776e+01  2.5250e+01  3.4399e+01  1.0000e+00
-4.0505e-01  6.4408e-01  1.5825e-02  2.2882e+00  9.8557e+00 -1.2987e+01  1.6463e+01  1.0000e+00
-5.7771e-01  3.0884e-02  1.0523e+00 -1.1706e+01 -1.6554e+01  2.3259e+01  3.0856e+01  1.0000e+00
-4.5524e+00  8.4913e+00 -8.6952e+00 -1.6064e+01  3.0795e+01 -3.0785e+01  4.6412e+01  1.0000e+00
-2.7490e-01  9.8478e+00 -4.3958e+00 -1.2108e+00  3.4374e+01 -1.5127e+01  3.7574e+01  1.0000e+00
-2.3385e+00  1.0809e+00 -4.3469e+00 -9.1519e+00  5.8779e+00 -1.2267e+01  1.6395e+01  1.0000e+00
 3.3562e+00 -7.7244e+00  1.5626e+00  1.0393e+01 -2.7044e+01  4.9370e+00  2.9390e+01  1.0000e+00
 1.9266e+01 -4.9777e+00 -1.8575e+01  7.5311e+01 -1.9853e+01 -7.2680e+01  1.0653e+02  1.0000e+00
 5.5573e-01 -1.1703e+01 -1.5443e+01  2.1832e+00 -4.2285e+01 -5.5759e+01  7.0013e+01  1.0000e+00
-3.2713e-01  5.3707e-01  3.0200e-01  9.4847e+00  1.0669e+01  1.6431e+01  2.1766e+01  1.0000e+00
-6.0970e-02  5.2863e-01  3.2994e-02 -1.4706e+01  1.8192e+01  1.9838e+00  2.3477e+01  1.0000e+00
-1.6098e-01  7.2879e-01  7.8465e-02 -5.9606e-01 -1.9126e+01 -1.2663e+01  2.2946e+01  1.0000e+00
-3.0324e-01  6.7950e-01  4.4934e-01 -3.9716e+00  1.6179e+01  3.5881e+00  1.7041e+01  1.0000e+00
-3.0148e-02  3.4437e-01  1.9675e-01 -1.9162e+01  7.1953e+00  2.7420e+01  3.4217e+01  1.0000e+00
-4.0661e-01  5.7385e-01  3.3284e-01  2.8232e+00 -8.8281e-01  3.9877e+00  4.9650e+00  1.0000e+00
-1.4458e-01  7.2060e-01  4.9213e-01  1.7911e+01  1.4115e+01 -6.9441e-03  2.2805e+01  1.0000e+00
-4.0985e-01  4.6630e-01  2.6629e-01 -1.9820e+01  3.2603e+01 -8.6809e+00  3.9130e+01  1.0000e+00
-8.2461e+00  1.5785e+01 -2.0168e+01 -2.8564e+01  5.4744e+01 -6.8022e+01  9.1869e+01  1.0000e+00
-5.9205e-01  3.4628e-01 -5.6449e-01  6.0072e+00  3.9816e+00  1.0087e+01  1.2397e+01  1.0000e+00
 6.2201e+00 -1.4690e+00  5.1926e+00  2.0259e+01 -4.2653e+00  1.7140e+01  2.6878e+01  1.0000e+00
 3.9011e+00  3.5076e+00  1.9068e-01  1.0382e+01  9.8388e+00  2.1333e+00  1.4461e+01  1.0000e+00
 1.0890e+00  4.9631e-01  2.9150e-01  1.7195e+01  1.5024e+00 -3.2399e+00  1.7562e+01  1.0000e+00
 6.0421e-02  4.1654e-01  3.0404e-01 -6.8501e+00 -4.6316e+00  6.7588e+00  1.0680e+01  1.0000e+00
 1.1603e+00 -3.5645e+00  1.1374e+01  4.3252e+00 -1.2175e+01  4.0116e+01  4.2146e+01  1.0000e+00
 1.0889e+01  5.2990e+00  8.4291e-01  3.9179e+01  1.8896e+01  3.1757e+00  4.3613e+01  1.0000e+00
 5.6058e-01 -7.2877e+00  1.0971e+00  3.2441e+00 -2.4604e+01  4.4047e+00  2.5205e+01  1.0000e+00
 8.6752e-03  3.7471e-01  2.2990e-01  5.3333e+00  6.9611e+00  1.1307e+01  1.4309e+01  1.0000e+00
 2.0269e+00 -2.1062e+00 -4.8155e-01  4.3541e+00 -7.1202e-01  1.0163e+00  4.5275e+00  1.0000e+00
 5.4483e+00 -2.0837e+00  2.3442e+00  1.6059e+01 -6.4107e+00  7.3644e+00  1.8794e+01  1.0000e+00
-2.8554e-01  5.0907e-01  5.4107e-01  2.5026e+01 -5.6294e-01 -8.7339e+00  2.6512e+01  1.0000e+00
 1.1528e-01  2.1765e-01 -4.3410e-01  4.2775e+00 -2.7263e+00 -5.4155e+00  7.4201e+00  1.0000e+00
-2.5645e-01  6.2285e-01  1.7660e-01  2.5698e+01 -1.0823e+01  1.8068e+01  3.3226e+01  1.0000e+00
-1.8913e+00 -2.9547e+00  2.8981e+00 -4.3697e+00 -7.2316e+00  7.2709e+00  1.1147e+01  1.0000e+00
-4.1361e-01  7.8510e-01  2.8432e-01 -4.7096e+00 -4.0419e+00  1.3251e+00  6.3461e+00  1.0000e+00
-1.1115e-01  4.1828e-01  3.1160e-01  1.6586e+01 -3.6314e+00 -9.5625e+00  1.9487e+01  1.0000e+00
 9.1821e-02  3.8257e-01  5.3093e-01  1.4809e+01  5.9525e+00 -1.1493e+01  1.9668e+01  1.0000e+00
-2.4807e-01  7.0807e-01  2.7543e-01  1.4335e+01  1.6660e+01  4.9947e+00  2.2539e+01  1.0000e+00
-2.0948e-01  6.2948e-01  3.1204e-01  3.2074e+00  1.2755e+01 -8.1503e+00  1.5473e+01  1.0000e+00
-3.8433e-01  7.1338e-01  2.2417e-01 -2.2180e+01  1.2500e+01 -7.1520e+00  2.6445e+01  1.0000e+00
 2.8944e+00 -1.4400e+00  8.2779e+00  9.2454e+00 -5.4948e+00  2.8505e+01  3.0466e+01  1.0000e+00
-1.6184e-01  6.2747e-01  2.6789e-01  6.5268e+00 -8.6076e+00 -7.3977e+00  1.3093e+01  1.0000e+00
-4.7159e-01  1.8672e-01  3.7746e-01 -1.6519e+01 -2.9140e+01  1.2364e+01  3.5706e+01  1.0000e+00
 4.6556e+00  3.9462e-01 -2.2681e+00  1.9831e+01  2.0762e+00 -9.5601e+00  2.2113e+01  1.0000e+00
-4.0972e-01  8.2266e-01 -1.1922e-01  2.0233e+00  5.8024e+00 -1.7399e+01  1.8452e+01  1.0000e+00
 2.0152e+00 -6.7430e-01  7.0886e-01 -2.2323e+00 -2.1759e-01  9.5263e-02  2.2449e+00  1.0000e+00
-3.2737e-01  6.6678e-01  4.6700e-02  4.6851e+00 -1.3347e+01  2.7106e+01  3.0575e+01  1.0000e+00
-3.0613e-01  3.4469e-01  2.6290e-01 -8.7068e+00  1.3832e+01  5.0970e+00  1.7120e+01  1.0000e+00
-3.0683e-01  4.5907e-01  1.0274e-01 -3.9697e+00  2.4722e+01 -5.9824e+00  2.5744e+01  1.0000e+00
-1.7496e-01  5.0229e-01  5.3789e-02 -2.4029e+01 -1.3914e+01 -1.1493e+01  3.0051e+01  1.0000e+00
-6.1669e-01  1.4576e+00  4.1781e-01 -2.8261e+00  7.5086e+00  3.7394e+00  8.8515e+00  1.0000e+00
 9.8424e+00  1.1854e+00  1.8338e+00  3.4476e+01  3.6618e+00  6.1387e+00  3.5210e+01  1.0000e+00
-1.6953e-01  3.2230e-01  1.0841e-01 -1.3002e+01  1.1442e+01 -5.2376e+00  1.8095e+01  1.0000e+00
 3.1803e-01  1.9531e-01  1.7534e-01  1.5246e+01  1.1023e+00 -1.9487e+00  1.5410e+01  1.0000e+00
-7.8713e-01  3.6899e-01  2.0213e-01 -1.9930e+01 -7.4214e+00 -6.5767e+00  2.2261e+01  1.0000e+00
-1.0588e-01  4.8256e-01  1.5792e-01 -3.3533e+00  2.4923e+01 -2.2244e+01  3.3574e+01  1.0000e+00
-1.7137e-01  5.6389e-01  1.3955e-01 -3.7474e+00 -4.4226e+00 -1.4304e+00  5.9706e+00  1.0000e+00
-2.0535e-01  2.6326e-01  2.5697e-01 -4.9659e+00  2.7495e+00  1.1919e+01  1.3202e+01  1.0000e+00
-7.2646e-01  1.8667e+00 -1.1944e-01 -9.0806e-01  3.7101e+00 -3.4869e+00  5.1718e+00  1.0000e+00
 1.1650e+01 -5.6943e+00 -1.3725e+00  4.1868e+01 -1.9720e+01 -4.7678e+00  4.6525e+01  1.0000e+00
-7.0303e+00 -4.4176e+00 -2.8061e+00 -2.4066e+01 -1.4427e+01 -8.9890e+00  2.9464e+01  1.0000e+00
-2.7875e-01  7.5568e-01  7.6453e-02  8.3292e+00  1.7400e+00  3.5934e+00  9.2366e+00  1.0000e+00
 4.8733e+00  1.3608e+00  3.2578e+00  3.3214e+01  7.1506e+00  2.1212e+01  4.0053e+01  1.0000e+00
 1.3379e+00 -5.8740e-01 -8.5435e-01 -1.9419e+00  2.3025e+00  3.7039e+00  4.7740e+00  1.0000e+00
 2.9779e+00  2.3257e+00  3.6848e+00  7.2532e+00  7.2252e+00  9.7403e+00  1.4131e+01  1.0000e+00
-2.0814e-01  3.8323e-01  1.2349e-01 -7.0699e+00 -2.0117e+01 -1.5843e+01  2.6565e+01  1.0000e+00
-1.9247e-01  7.4380e-01 -5.9471e-02  2.8677e+00  1.0604e+01 -4.6364e+00  1.1923e+01  1.0000e+00
-6.8674e-01  9.2115e-01  7.2223e-01  3.3219e+00 -1.9906e+00 -1.5981e+00  4.1894e+00  1.0000e+00
 1.8500e+00 -1.2763e+00  1.8969e+00 -4.2024e-02 -7.4922e-01  2.3800e+00  2.4955e+00  1.0000e+00
 2.3627e+01  6.3203e+00 -2.3176e+01  2.2218e+02  5.5313e+01 -2.1506e+02  3.1413e+02  1.0000e+00
 1.6566e-01  7.0507e-01  1.3507e-01 -5.7867e+00  1.6444e+01  2.8533e+00  1.7664e+01  1.0000e+00
 2.0247e+00 -1.0669e+00  1.8369e+00  2.6908e+00  2.2160e-01  7.9210e-01  2.8137e+00  1.0000e+00
-3.9621e-01  4.2633e-01 -1.3100e-01 -9.5865e+00  9.7543e+00 -1.6331e+01  2.1301e+01  1.0000e+00
 7.3851e-01  7.9969e-02 -1.5232e-01 -1.6632e+00  5.1076e+00 -6.1317e-02  5.3719e+00  1.0000e+00
 1.5746e-01  6.2967e-01  4.0832e-01 -1.8499e+01  9.4436e+00 -6.6011e+00  2.1794e+01  1.0000e+00
 1.1107e+00 -3.6372e-01 -2.3546e-02  1.6223e+01 -6.8234e+00 -2.8619e+00  1.7830e+01  1.0000e+00
 1.0420e-01  5.2149e-01 -1.1785e-02  5.2817e+00 -2.8208e-01 -6.3961e+00  8.2998e+00  1.0000e+00
-2.4068e-01  5.6312e-01  2.0630e-01  5.8918e+00  1.4818e+01 -1.7009e+01  2.3315e+01  1.0000e+00
-3.8860e+00 -5.7456e+00 -6.4222e+00 -1.3315e+01 -1.9275e+01 -2.1739e+01  3.1959e+01  1.0000e+00
 9.0666e-01 -1.9437e+00 -8.3882e+00  2.8679e+00 -5.6330e+00 -2.4172e+01  2.4985e+01  1.0000e+00
 1.9597e-01  3.1236e+00 -1.7631e+00  4.7949e+00  6.6951e+00 -2.9497e+00  8.7474e+00  1.0000e+00
-3.2247e-01  5.6646e-01  9.1791e-02 -5.8949e+00 -1.0808e+01 -9.4421e+00  1.5515e+01  1.0000e+00
 1.3978e-01  5.9413e-01 -2.7959e-02 -1.3276e+01  3.9141e+00  5.7067e+00  1.4971e+01  1.0000e+00
 1.8522e+00 -8.9725e-01 -1.9879e-01 -8.7723e-01  3.4507e+00  8.8105e-01  3.6679e+00  1.0000e+00
-1.1082e+00  7.8323e-01  4.1916e-01 -4.8655e+00  2.8911e+00  1.3465e+00  5.8176e+00  1.0000e+00
 9.7806e+00  3.6266e+00 -2.3258e-01  3.3870e+01  1.3428e+01 -9.5729e-01  3.6448e+01  1.0000e+00
-1.9458e-01  4.5752e-01  1.6986e-01  2.7042e+01 -6.9634e+00 -3.0931e+00  2.8095e+01  1.0000e+00
 7.2591e+00  3.8281e-01  8.1475e+00  2.5173e+01  1.5565e+00  2.8233e+01  3.7858e+01  1.0000e+00
-1.3336e-02  1.4080e-01 -2.4904e-01  6.3148e+00 -4.9607e+00 -3.5640e+00  8.7856e+00  1.0000e+00
-1.0415e-01  1.0626e+00  1.8098e-02  2.0013e+01  3.6118e+00 -4.6783e+00  2.0868e+01  1.0000e+00
-1.1694e+01  2.3917e+00  2.6443e+00 -4.1599e+01  9.0855e+00  9.5651e+00  4.3641e+01  1.0000e+00
-7.5743e-01  1.3796e+00  3.9077e-01  4.6548e+00 -1.3302e+01  2.0551e+00  1.4242e+01  1.0000e+00
 2.5092e+00 -4.2402e+00  7.4869e+00  8.5305e+00 -1.4556e+01  2.4917e+01  3.0092e+01  1.0000e+00
 2.9138e+00 -2.9569e+00  6.1486e+00  9.0498e+00 -9.6165e+00  2.0031e+01  2.3992e+01  1.0000e+00
 5.0587e+00 -6.0340e+00 -2.2904e+00  1.5820e+01 -1.9838e+01 -7.3171e+00  2.6407e+01  1.0000e+00
 2.8037e+00 -1.6115e+00  5.9112e-01  4.1921e+00 -8.2106e-01  1.3056e+00  4.4668e+00  1.0000e+00
-4.6751e-02  2.8521e-01  7.8909e-02  1.4147e+01 -1.7531e+01  1.9875e+01  3.0041e+01  1.0000e+00
-3.2365e-01  7.6425e-01  1.0634e+00  5.0576e+00  7.0454e+00 -2.7169e+00  9.0884e+00  1.0000e+00
-2.3267e-01  7.4786e-01 -2.3099e-01 -2.6979e+00 -3.2056e+00 -1.1819e+01  1.2540e+01  1.0000e+00
-4.2714e-01  6.8933e-01  8.0487e-02  5.8111e+00 -5.0929e+00 -1.2465e+01  1.4666e+01  1.0000e+00
-2.6051e-01  5.4034e-01  9.9873e-02 -2.0448e+01  1.6310e+01  1.0449e+01  2.8166e+01  1.0000e+00
 3.4020e-02  4.7416e-01 -8.4626e-02  9.4170e+00  9.2460e+00  2.0533e+01  2.4408e+01  1.0000e+00
-2.7713e-01  3.0762e-01  6.3986e-02  6.2546e+00  7.8197e+00 -1.2832e+00  1.0095e+01  1.0000e+00
-1.5296e+01  6.2965e+00  5.7034e+00 -5.5148e+01  2.3054e+01  2.1276e+01  6.3446e+01  1.0000e+00
-2.5288e-01  5.1279e-01  2.5267e-01 -2.1467e+01 -1.4373e+01  3.4504e+00  2.6064e+01  1.0000e+00
-3.5558e-01  7.0548e-01  1.4965e-01  1.7777e+01 -1.0804e+01 -6.7660e+00  2.1875e+01  1.0000e+00
-2.5134e-01  5.5646e-01  3.5531e-02  2.1744e+01 -1.0295e+01  1.2797e+01  2.7249e+01  1.0000e+00
 5.8171e+00 -5.0644e+00 -2.1354e+00  1.9961e+01 -1.6595e+01 -6.3045e+00  2.6713e+01  1.0000e+00
-2.6367e-01  5.8538e-01  5.0472e-02  2.0480e+01 -1.2774e+00  2.8353e+01  3.4999e+01  1.0000e+00
 3.9517e+00 -3.4577e+00  8.4787e+00  1.3254e+01 -1.1341e+01  2.9878e+01  3.4598e+01  1.0000e+00
-3.0257e-01  5.8616e-01 -9.2543e-03 -9.3145e+00  1.2778e+00  2.9287e+00  9.8474e+00  1.0000e+00
-1.3747e+00 -1.7056e+00 -7.2614e+00 -5.3392e+00 -5.0798e+00 -2.3833e+01  2.4947e+01  1.0000e+00
 1.9172e+00 -1.2265e+00  9.2271e-01 -1.5896e-01  3.9453e-01  5.0522e-02  4.2834e-01  1.0000e+00
 1.5640e-01  5.9783e-01  3.2706e-02 -1.5020e+01  1.0820e+01  9.4776e+00  2.0797e+01  1.0000e+00
-2.1446e-01  6.5429e-01  2.9042e-01 -2.6540e+01  3.1309e+00  1.2478e+01  2.9494e+01  1.0000e+00
-8.9391e-01  6.8791e-01  3.7942e-01  1.4814e+01 -8.5566e+00  4.6705e-01  1.7114e+01  1.0000e+00
-1.9686e-01  2.7750e-01  6.6277e-01 -4.6517e+00  1.7136e+01  1.4097e+01  2.2672e+01  1.0000e+00
 4.2941e-01  1.0561e-01  9.8424e-02  1.2526e+00  5.1222e+00 -1.9871e+00  5.6351e+00  1.0000e+00
-4.2776e-02  5.7345e-01  1.7036e-01 -1.7802e+01 -1.3817e+01  1.8602e+01  2.9221e+01  1.0000e+00
 2.6671e+00 -1.6288e+00  9.3679e-01  1.9312e+00  5.4427e-01  3.3310e+00  3.8886e+00  1.0000e+00
-1.2117e+00 -3.2920e+00  7.7471e+00 -4.1684e+00 -1.1854e+01  2.6495e+01  2.9324e+01  1.0000e+00
-7.4742e-02  3.6917e-01  2.5856e-01 -2.8282e+01  1.2985e+01 -1.2084e+01  3.3385e+01  1.0000e+00
-2.1330e-01  5.5735e-01  2.4169e-01  1.6584e+01  7.8579e-01 -5.1351e+00  1.7379e+01  1.0000e+00
-1.0810e+01  1.8044e+00 -3.2197e+00 -3.6002e+01  8.6257e+00 -9.5519e+00  3.8233e+01  1.0000e+00
-1.9493e-01  4.1665e-01  2.4240e-01  2.3522e+01  5.2002e+00  2.4981e+00  2.4219e+01  1.0000e+00
-2.3559e-01  6.1436e-01  1.3705e-01 -1.5336e+01 -2.3103e+00  2.0799e+01  2.5944e+01  1.0000e+00
-2.0425e-01  6.2014e-01 -2.5032e-02  3.6196e+00 -7.8164e+00  9.9415e+00  1.3154e+01  1.0000e+00
-3.9503e+00 -1.4405e+01 -1.6014e+01 -1.4969e+01 -4.4823e+01 -5.2335e+01  7.0513e+01  1.0000e+00
 1.0130e+01 -8.9718e+00  2.5525e+00  3.5748e+01 -3.1475e+01  8.8207e+00  4.8439e+01  1.0000e+00
-2.5628e-01  8.9234e-01  1.0257e+00 -2.1188e+00  8.7960e+00  9.1644e+00  1.2878e+01  1.0000e+00
 8.4537e-01 -2.2367e-01 -1.6370e+00 -9.7306e-01  2.4722e+00  4.0301e+00  4.8270e+00  1.0000e+00
-5.1450e-01  3.4223e-01  4.4300e-01 -7.4972e+00  1.1132e+01 -1.1454e+01  1.7644e+01  1.0000e+00
 8.4169e-01 -7.9091e-01 -1.8283e+00  1.2250e+00  3.1859e+00  1.1903e+00  3.6149e+00  1.0000e+00
 9.9448e-02  3.3114e-01  7.6174e-01  1.2385e+00  5.5069e+00  9.3932e+00  1.0959e+01  1.0000e+00
-3.8328e-01  6.3501e-01  3.9737e-02  1.3749e+01 -2.1742e+01 -5.0683e+00  2.6219e+01  1.0000e+00
-5.5785e+00  8.5807e+00 -4.6915e+00 -1.9486e+01  3.0824e+01 -1.6113e+01  3.9868e+01  1.0000e+00
 2.4649e-02  5.3664e-01  2.5384e-01  3.0283e+00  1.6705e+01 -1.4843e+01  2.2551e+01  1.0000e+00
-1.0538e+00  4.5039e-01  7.1652e-02  1.4029e+01  2.3277e+00  9.5157e+00  1.7111e+01  1.0000e+00
 1.1406e-01  2.7178e-01  2.4166e-01 -1.7459e+01 -4.8297e+00  1.2491e+00  1.8157e+01  1.0000e+00
-1.3623e-01  3.7298e-01  1.5581e-01 -7.0197e+00  1.2436e+01 -2.3650e+00  1.4475e+01  1.0000e+00
-1.2042e-01  2.2638e-01  2.7412e-01  1.8422e+01 -7.6242e+00  1.9152e+01  2.7645e+01  1.0000e+00
-5.8732e-02  7.5683e-01 -6.5624e-03 -4.8111e+00  5.1453e+00  1.8406e+00  7.2807e+00  1.0000e+00
-4.8760e-01  3.7066e-01  4.4518e-02  1.0091e+01 -7.4819e-01  9.9564e+00  1.4196e+01  1.0000e+00
-3.3308e-01  5.3410e-01  2.1659e-01 -1.3455e+01  2.7181e+01 -9.1537e+00  3.1680e+01  1.0000e+00
 1.3257e-03  4.8418e-01  2.1121e-01  1.2355e+01 -8.2145e+00 -6.9953e+00  1.6403e+01  1.0000e+00
-3.0850e-01  6.0349e-01 -2.7449e-01  1.2387e+01  6.5553e+00  7.6776e+00  1.5980e+01  1.0000e+00
 2.7404e+00 -4.4034e+00  7.3696e+00  8.4740e+00 -1.3255e+01  2.5863e+01  3.0272e+01  1.0000e+00
-9.7614e-02  5.5420e-01  1.2397e-01 -2.0763e+01  1.1680e+01 -7.2459e+00  2.4900e+01  1.0000e+00
 1.9764e+01 -1.3574e+01 -2.7992e+01  6.9252e+01 -4.7264e+01 -9.5439e+01  1.2704e+02  1.0000e+00
-3.1237e-01  3.5596e-01  2.3463e-01 -1.1854e+00  2.2268e+01  1.6962e+01  2.8017e+01  1.0000e+00
-1.3385e+00  2.2431e+00  2.2906e+00 -2.6432e+00  6.2365e+00  2.1546e+00  7.1080e+00  1.0000e+00
 5.2662e+00 -1.8371e+00 -1.4104e+00  1.8259e+01 -4.2901e+00 -3.2347e+00  1.9033e+01  1.0000e+00
-3.3226e-01  5.3918e-01  7.0044e-02  1.9574e+01  9.1592e+00  2.6942e+00  2.1778e+01  1.0000e+00
-5.8682e-01 -4.8441e-01  1.1893e+00  1.3431e+00 -9.3750e+00  7.2924e+00  1.1953e+01  1.0000e+00
-4.8688e-02  2.4860e-01  3.5357e-01 -1.0579e+01 -1.3797e+00  1.3570e+00  1.0755e+01  1.0000e+00
-9.3673e-02  3.9548e-01  1.3023e-01 -1.6493e+01 -6.8749e+00 -7.0217e+00  1.9198e+01  1.0000e+00
-1.1277e-01  4.9119e-01  2.4859e-01  2.8610e+00  3.2613e+00  3.8018e+00  5.7684e+00  1.0000e+00
 8.3147e-01 -2.0858e-02  7.0023e-02  5.6279e+00 -4.8936e-02 -4.0891e+00  6.9568e+00  1.0000e+00
 3.6893e-01  1.1392e+00  1.3251e-01 -1.7510e+00  6.6381e-01  3.3352e+00  3.8249e+00  1.0000e+00
-9.9603e-01  1.2009e+00  1.0424e+00  2.3542e-01  7.9474e+00  7.6650e+00  1.1044e+01  1.0000e+00
 4.9636e-01 -4.0530e+00  7.2162e+00  1.6334e+00 -1.3599e+01  2.3891e+01  2.7539e+01  1.0000e+00
-7.6936e+00  6.1628e+00 -4.8207e+00 -5.8472e+01  4.4588e+01 -3.7495e+01  8.2541e+01  1.0000e+00
-1.9237e-01  7.8084e-01 -2.3302e-01 -9.4464e+00 -1.2548e+01  1.3332e+01  2.0602e+01  1.0000e+00
 5.6982e-01 -8.7006e-02  6.3532e-01  3.8017e+00 -4.0211e+00  4.5750e-01  5.5526e+00  1.0000e+00
-3.6985e-01  4.0348e-01  1.6456e-01 -3.4371e+00 -2.5023e+00  1.8918e+01  1.9390e+01  1.0000e+00
 1.8819e-01  1.0942e+00 -1.0767e-01  6.3910e+00  1.5251e+01 -1.1773e+01  2.0299e+01  1.0000e+00
 5.7883e-01  7.6235e-01  4.7513e-01 -3.1261e-01 -1.8551e+00 -1.7046e+00  2.5387e+00  1.0000e+00
-9.7837e-01  8.2465e-01  5.8782e-01 -5.8231e+00 -1.6152e+00 -7.8477e-01  6.0937e+00  1.0000e+00
-6.8837e+00  5.7817e+00 -1.9373e+00 -2.2997e+01  1.9429e+01 -6.3883e+00  3.0776e+01  1.0000e+00
 3.9703e+00 -3.0803e+00 -1.2144e+01  1.4246e+01 -1.1239e+01 -4.3603e+01  4.7228e+01  1.0000e+00
-1.9726e-01  3.0065e-01  4.7769e-02  1.1421e+00 -1.9684e+01  1.2506e+01  2.3349e+01  1.0000e+00
-3.3021e-01 -8.1375e+00 -5.7876e+00  1.0790e+00 -2.7560e+01 -1.9374e+01  3.3706e+01  1.0000e+00
-2.8836e+00  2.7042e+00 -1.1557e+01 -1.0658e+01  1.0097e+01 -4.1024e+01  4.3572e+01  1.0000e+00
 1.4795e+00 -7.1637e+00  4.4619e-02  4.7562e+00 -2.4154e+01  2.5455e-01  2.4619e+01  1.0000e+00
 5.4837e-01  1.4039e+00  5.3332e-02  4.6201e+00  2.2087e+00  9.5411e-01  5.2090e+00  1.0000e+00
-1.3764e+00 -1.6923e+00 -7.9067e+00 -4.7029e+00 -6.4063e+00 -2.5777e+01  2.6975e+01  1.0000e+00
 3.7173e-01  1.5853e+00  1.2564e+00  6.6164e+00  1.2173e+01  1.2361e+01  1.8567e+01  1.0000e+00
-3.1200e-01  7.4048e-01 -2.5166e-02 -9.8587e+00  2.0795e-01 -1.9147e+01  2.1537e+01  1.0000e+00
 3.4876e+00  2.5267e+00  5.0027e+00  1.8837e+01  1.0381e+01  2.5698e+01  3.3511e+01  1.0000e+00
 6.5089e-02  3.3037e-01  3.9788e-01  1.9933e+00  4.8398e+00  1.0681e+00  5.3421e+00  1.0000e+00
 4.6946e+00 -6.0868e+00 -2.4440e+00  1.6922e+01 -1.9582e+01 -8.0174e+00  2.7094e+01  1.0000e+00
-2.0620e-01  2.8587e-01  2.1271e-01  1.1214e+01 -1.6162e+00 -5.4770e-01  1.1343e+01  1.0000e+00
 1.8595e-01  5.9934e-01  3.7063e-01 -2.1888e+00  1.5492e+00  4.6476e+00  5.3657e+00  1.0000e+00
-8.2367e+00 -3.7342e+00 -2.6400e+00 -2.8133e+01 -1.2582e+01 -8.6367e+00  3.2006e+01  1.0000e+00
 4.4893e+00  2.2049e+00  4.1111e+00  1.3709e+01  8.1073e+00  1.4501e+01  2.1539e+01  1.0000e+00
-1.4342e-01  4.5202e-01  1.3925e-01  2.5013e+00 -4.0491e+00  2.9253e+01  2.9638e+01  1.0000e+00
 3.1797e+00 -1.0567e+01 -8.3033e-01  1.1626e+01 -3.7407e+01 -2.9641e+00  3.9284e+01  1.0000e+00
-2.7900e-01  5.1009e-01  1.5369e-01 -2.5773e+01 -3.6360e+00 -8.6929e+00  2.7441e+01  1.0000e+00
-1.4554e+01 -1.3494e+00  2.1512e+01 -5.7035e+01 -5.5900e+00  8.4133e+01  1.0180e+02  1.0000e+00
 6.0507e+00 -1.0577e+01 -8.5609e+00  2.2173e+01 -3.7991e+01 -3.0944e+01  5.3782e+01  1.0000e+00
-8.1767e-01  8.1203e-01  3.3843e-01 -1.4090e+01  8.8438e+00  4.7677e+00  1.7305e+01  1.0000e+00
 3.8620e-01 -1.5303e-01  3.6549e-01 -4.7652e+00  2.8837e+00 -4.8635e+00  7.3944e+00  1.0000e+00
-3.2368e-01  9.0032e-02  1.4780e-01 -6.6030e+00 -1.6857e+00 -8.4381e+00  1.0846e+01  1.0000e+00
-3.9187e+00 -1.0771e+00 -2.9648e+00 -1.1513e+01 -2.0954e+00 -8.3577e+00  1.4381e+01  1.0000e+00
 6.9220e-01  7.7504e-01  1.6148e-01  1.5509e+01  8.2128e+00 -9.0809e-01  1.7573e+01  1.0000e+00
-2.1590e-02  6.4210e-01  2.0474e-01  8.9800e+00 -1.6273e+01 -9.4475e+00  2.0850e+01  1.0000e+00
-1.5942e-01 -8.0857e+00 -5.7525e+00 -2.0057e+00 -2.7220e+01 -1.9855e+01  3.3751e+01  1.0000e+00
-7.3345e-02  2.7383e-01  2.4484e-01 -7.5938e+00 -1.1532e+00 -6.1735e-01  7.7057e+00  1.0000e+00
-1.4378e-01  4.5394e-01 -2.2624e-01 -3.6226e+00 -4.2862e+00  6.3499e+00  8.4744e+00  1.0000e+00
-1.0230e-01  2.8808e-01  2.0037e-01  4.9278e+00  1.5503e+01 -3.5797e+00  1.6657e+01  1.0000e+00
-2.7804e-01  5.2626e-01  3.2417e-01 -6.9637e+00  5.3801e+00 -3.8762e+01  3.9749e+01  1.0000e+00
-6.5525e-02  5.8021e-01  1.5126e-01  1.1113e+01 -1.7589e+01 -5.4884e+00  2.1517e+01  1.0000e+00
-1.5918e+01 -1.8672e+01  8.6123e+00 -5.1444e+01 -6.2684e+01  2.9587e+01  8.6320e+01  1.0000e+00
-1.7283e-01  7.3742e-01  2.4323e-01 -1.3957e+01  3.7185e+00 -1.6829e+01  2.2178e+01  1.0000e+00
-1.0477e+00  1.7489e+00 -8.7471e-01 -8.5117e+00  1.4389e+01 -7.0567e+00  1.8146e+01  1.0000e+00
-2.1998e-01  4.0566e-01  2.6792e-01 -5.3676e+00 -2.4332e+01 -2.1681e+00  2.5011e+01  1.0000e+00
-4.8270e-01  4.6063e-01  1.3970e-01 -1.2599e+01  1.4378e+01 -5.7756e+00  1.9970e+01  1.0000e+00
-3.6258e-01  6.4078e-01  2.9720e-01 -2.3359e+01  9.4925e+00  4.8575e+00  2.5678e+01  1.0000e+00
 7.1001e-01  9.0171e-01  6.3307e-03  5.7080e-01 -3.0459e+00  9.8564e-01  3.2519e+00  1.0000e+00
-4.7971e-01  2.1121e-01 -3.8326e-01  7.2365e+00  9.0490e+00  2.5886e+00  1.1872e+01  1.0000e+00
-4.3221e-02 -7.1516e+00  3.4899e+00 -2.4218e-01 -2.4239e+01  1.1380e+01  2.6779e+01  1.0000e+00
-8.9630e+00 -5.4828e+00 -3.3004e+00 -3.1311e+01 -1.8035e+01 -1.0348e+01  3.7586e+01  1.0000e+00
-1.1058e+00 -1.2769e+00 -5.1705e-01 -6.2635e+00  3.6363e+00 -9.5102e-01  7.3047e+00  1.0000e+00
-1.4271e-02  4.0083e-01  1.9651e-01  5.9060e+00 -2.8143e+00  3.0572e+01  3.1264e+01  1.0000e+00
 1.1532e+01 -4.1632e+00 -7.2665e-01  4.1131e+01 -1.4608e+01 -2.2918e+00  4.3708e+01  1.0000e+00
 1.1664e-01  1.1570e+00 -4.7573e-01 -1.2643e+01  8.6302e+00 -3.9312e-01  1.5313e+01  1.0000e+00
 1.1975e+02 -1.4851e+02  9.7739e+01  3.8386e+02 -4.7418e+02  3.0947e+02  6.8408e+02  1.0000e+00
-2.1141e-01  7.6837e-01  2.3115e-02  2.2390e+01 -2.9409e+00  9.1410e+00  2.4362e+01  1.0000e+00
-1.4708e-02  4.6344e-01  5.9235e-01  1.1484e+01  4.2211e+00 -1.3640e+00  1.2311e+01  1.0000e+00
-2.7566e-01  3.7398e-01  1.3589e-01  5.7229e+00  9.9949e-01  1.1789e+01  1.3142e+01  1.0000e+00
 6.6292e+00  5.4087e+00  4.2985e-01  2.2136e+01  1.7722e+01  1.9211e+00  2.8421e+01  1.0000e+00
-4.6948e+00 -1.3406e+00  2.3406e+00 -2.0344e+01 -4.8795e+00  1.1269e+01  2.3763e+01  1.0000e+00
 1.6497e+00 -8.9216e+00  5.4374e-01  5.3759e+00 -3.0231e+01  1.2622e+00  3.0731e+01  1.0000e+00
-4.6464e-01  3.3700e-01 -3.8512e-01 -1.1789e+00  2.9810e+00 -5.6072e+00  6.4589e+00  1.0000e+00
 4.7265e-01  4.2343e+00 -6.4567e+00  1.3714e+00  1.3775e+01 -2.1656e+01  2.5702e+01  1.0000e+00
-1.4230e+01  4.7839e+00  5.2253e+00 -6.8770e+01  2.3121e+01  2.5060e+01  7.6759e+01  1.0000e+00
-1.9496e-01  4.1512e-01  1.2897e-01  1.0012e+01  2.8534e+01 -6.3125e+00  3.0891e+01  1.0000e+00
-1.0657e-01  1.4976e+00  3.1318e-01 -5.3675e+00  3.0582e-01  4.8299e+00  7.2272e+00  1.0000e+00
 8.2441e-02  4.6945e-01  5.7260e-01  2.4358e+00 -7.2920e+00 -3.1016e+00  8.2901e+00  1.0000e+00
 4.7528e-01  5.1100e-01 -1.9922e-01  2.0303e+01 -3.8801e+00 -8.3488e+00  2.2293e+01  1.0000e+00
 8.8968e-01 -8.9372e+00  7.0920e+00  2.9809e+00 -3.1591e+01  2.5106e+01  4.0462e+01  1.0000e+00
 3.0128e+00 -5.5342e+00  2.3589e+00  2.3815e+01 -4.4705e+01  1.7477e+01  5.3583e+01  1.0000e+00
 1.0202e-01  5.7412e+00  7.3595e-01 -3.3145e+00  1.7736e+01  3.2908e+00  1.8341e+01  1.0000e+00
 5.9159e-02  4.1259e-01  4.1477e-01 -7.0037e+00 -1.3648e+01  3.3203e+00  1.5696e+01  1.0000e+00
 2.2918e+00 -1.1138e+00  5.2318e-01  3.7843e-01  1.0741e+00  6.0673e-01  1.2904e+00  1.0000e+00
-1.8856e-01  2.5880e-01  1.8061e-01  2.5539e+01 -1.0949e+00 -1.2418e+01  2.8419e+01  1.0000e+00
 4.9414e+00 -1.9127e+00  2.7864e+00  1.5702e+01 -4.1494e+00  8.2886e+00  1.8234e+01  1.0000e+00
 1.7459e-01  1.5767e-01  6.6715e-01  3.6372e+00  2.8004e-01 -4.5596e+00  5.8393e+00  1.0000e+00
-7.6633e-02  4.9532e-01 -7.3920e-03 -6.0079e+00  1.5979e+01  8.2607e+00  1.8965e+01  1.0000e+00
-3.8188e-01  7.1562e-01  1.1829e-01  3.5095e+00  6.4215e-01  1.4917e+01  1.5337e+01  1.0000e+00
-1.9822e+00 -1.7112e+00 -9.7678e+00 -6.5113e+00 -5.5179e+00 -3.3731e+01  3.4794e+01  1.0000e+00
-1.1092e+00 -5.3916e-01  2.5237e+00 -2.4543e+00 -1.6654e+00  9.1595e+00  9.6277e+00  1.0000e+00
 1.1710e+01 -3.1612e-01 -2.6406e+00  4.1692e+01 -7.5270e-01 -8.6999e+00  4.2597e+01  1.0000e+00
-7.4054e-02  2.3704e-02  2.1886e-01 -2.5883e+00  1.1248e+01  1.1675e+01  1.6417e+01  1.0000e+00
 4.0479e+00 -5.4661e-01  1.0647e+01  1.4747e+01 -2.6356e+00  3.8375e+01  4.1195e+01  1.0000e+00
-2.1094e-01  5.5611e-01  1.3138e+00  2.4892e+00  1.1358e+00  9.5027e+00  9.8888e+00  1.0000e+00
-8.5975e-01  2.6852e-01 -8.8915e-02  4.0191e+00  1.4857e+01 -1.5389e+01  2.1765e+01  1.0000e+00
-4.8251e+00  8.1323e-01  7.7114e+00 -1.5924e+01  2.7133e+00  2.6360e+01  3.0916e+01  1.0000e+00
-3.8568e-01  4.9776e+00 -7.2965e-03 -4.3598e+00  1.0793e+01 -1.1027e+00  1.1692e+01  1.0000e+00
-7.4267e-02  6.7551e-01  1.9531e-02  2.8424e+00  1.7659e+00 -1.3627e+01  1.4032e+01  1.0000e+00
 7.7909e-01  1.8898e+01  1.2549e+01  2.8546e-01  6.3589e+01  4.0551e+01  7.5419e+01  1.0000e+00
-3.3180e+00  2.9745e+00 -1.4777e+00 -8.6806e+00  7.4273e+00 -1.8641e+00  1.1576e+01  1.0000e+00
-2.9436e-01  1.1808e+00 -1.9911e-01 -9.1800e+00  1.0044e+00  8.3129e+00  1.2425e+01  1.0000e+00
 2.3163e-01  3.3747e-01 -9.7051e-01  1.8102e+00  1.9540e+00  9.9649e-01  2.8439e+00  1.0000e+00
-9.4450e-02  1.2632e+00  6.4620e-01  3.9638e-02  1.1152e+01  1.2621e+00  1.1223e+01  1.0000e+00
-1.6408e-01  4.3910e-01  3.7505e-01 -1.9112e+01 -7.8461e+00 -1.0900e+01  2.3359e+01  1.0000e+00
-2.0829e-01  3.5173e-01  4.8742e-02 -2.4261e+01  5.5459e+00 -6.1915e+00  2.5645e+01  1.0000e+00
-2.4303e+00 -1.2296e-01  3.1298e+00 -3.7265e+00  7.0974e-01  6.4531e+00  7.4856e+00  1.0000e+00
-2.8409e-01  6.6017e-01 -3.0863e-02  7.4571e+00 -5.1213e-01 -8.3640e-01  7.5213e+00  1.0000e+00
-4.8710e+00  4.1082e+00  1.5938e+00 -2.7927e+01  2.3260e+01  7.3684e+00  3.7084e+01  1.0000e+00
-3.3586e-02  3.4785e-01  2.3468e-01  1.5932e+00  1.6880e+01  2.0207e+01  2.6378e+01  1.0000e+00
-5.4919e-01  5.0828e-01  2.4915e-02  4.1108e+00  8.0577e+00  3.2208e+00  9.6021e+00  1.0000e+00
-2.9682e-01  6.4429e-01 -3.0619e-02  9.0878e+00  1.2746e+01  6.4636e+00  1.6936e+01  1.0000e+00
-1.1379e-01  6.5266e-01  2.9349e-01 -3.4746e+00 -5.6977e+00  2.0189e+01  2.1263e+01  1.0000e+00
 3.9686e+00 -6.8567e+00 -3.3504e+00  1.3436e+01 -2.2243e+01 -1.1384e+01  2.8370e+01  1.0000e+00
-1.5136e+00  7.3841e-01  6.4508e-01 -9.0161e-01  5.3370e+00  1.4659e+00  5.6076e+00  1.0000e+00
 5.0359e+00  1.2913e+00 -1.1829e+01  1.7961e+01  5.2983e+00 -3.8431e+01  4.2751e+01  1.0000e+00
-8.9803e-01  4.9049e+00 -3.3743e+00 -2.7325e+00  1.4901e+01 -8.5909e+00  1.7416e+01  1.0000e+00
-1.0059e+01 -3.6384e+00  2.4019e+00 -3.5992e+01 -1.2325e+01  8.5439e+00  3.8992e+01  1.0000e+00
 1.2472e+01 -1.2178e+00 -5.1645e+00  4.5400e+01 -4.3234e+00 -1.8452e+01  4.9197e+01  1.0000e+00
 4.8047e+00 -2.6435e+01  1.6352e+01  1.7622e+01 -9.7762e+01  6.0772e+01  1.1645e+02  1.0000e+00
-2.6874e-01  6.1537e-01  7.9690e-02  1.4843e+01 -1.6967e+01 -1.6703e+01  2.8057e+01  1.0000e+00
-3.5187e-01  7.4131e-01  1.9865e-01 -1.6344e+01  1.5534e+01  1.3102e+01  2.6078e+01  1.0000e+00
-3.7920e-01  4.8085e-01  3.6000e-02 -2.6583e+01  1.1493e+01  2.2208e+00  2.9046e+01  1.0000e+00
-5.7969e-01  6.8175e-01  3.8302e-01 -2.0631e+01  6.2227e-01  1.3751e+01  2.4801e+01  1.0000e+00
-6.3275e+00 -3.3600e+00 -3.2319e+00 -2.1532e+01 -9.9394e+00 -1.1096e+01  2.6183e+01  1.0000e+00
-4.2813e-02  6.3780e-01  2.2019e-01 -1.2418e+01  1.4510e+01 -2.5225e+01  3.1639e+01  1.0000e+00
-1.3068e-02  6.9499e-01  6.3657e-01 -1.9857e+01 -9.2957e+00  7.3647e-01  2.1937e+01  1.0000e+00
-6.7767e-02  6.0959e-01 -1.3027e-01 -5.9317e+00 -1.0516e+00 -1.8062e-01  6.0269e+00  1.0000e+00
-5.4401e-01  4.0855e-01  5.3034e-02 -9.2578e+00  4.7048e+00 -7.9994e+00  1.3108e+01  1.0000e+00
 1.9517e+00 -2.1978e+00 -2.5441e+00  4.7081e+00 -3.5017e+00 -4.1836e+00  7.2063e+00  1.0000e+00
-2.1913e-01  3.9028e-01  1.8849e-01 -2.3814e+01 -2.3842e+00 -1.0013e+01  2.5943e+01  1.0000e+00
-1.7146e-01  4.0922e-01  5.7412e-03 -1.5990e+01 -1.3438e+01 -4.7877e+00  2.1429e+01  1.0000e+00
 4.3232e+00 -5.0866e+00 -6.4319e+00  1.4523e+01 -1.7802e+01 -2.1321e+01  3.1343e+01  1.0000e+00
-3.9060e-01  5.1990e-01 -1.1449e-02  2.6367e+01  7.8595e+00 -9.4052e+00  2.9077e+01  1.0000e+00
 6.2591e-02  3.2692e-01 -7.3692e-02  4.3318e+00 -6.4617e+00 -5.1428e+00  9.3255e+00  1.0000e+00
-3.0266e-02  3.9699e-01  4.1733e-02 -2.5840e+01  5.1495e+00  8.3560e+00  2.7641e+01  1.0000e+00
-6.4451e-01  1.1235e+00  1.4364e+00 -2.0009e+00 -5.6193e+00  2.6127e+00  6.5120e+00  1.0000e+00
 2.2209e-01  3.2717e-01 -1.2927e-01  3.8576e+01 -2.0118e+01 -2.6614e+01  5.1001e+01  1.0000e+00
-1.6239e-01  6.2547e-01  2.3628e-01 -6.8976e+00 -1.0857e+01  4.5542e+00  1.3645e+01  1.0000e+00
 8.1535e-01 -2.5441e-01  7.3474e-02 -7.2555e+00  1.2055e+01  3.1445e+00  1.4417e+01  1.0000e+00
-1.0229e+01  2.4908e+00  5.0032e+00 -6.0508e+01  1.4513e+01  2.9880e+01  6.9027e+01  1.0000e+00
-3.8724e-01  5.4786e-01  2.1828e-01  1.2350e+01  6.1853e+00  3.5277e+00  1.4256e+01  1.0000e+00
 6.0393e+00  4.1021e+00 -6.4388e-01  1.8768e+01  1.3985e+01 -1.1559e+00  2.3434e+01  1.0000e+00
-4.8655e-01  7.7641e-02  4.5879e-01  2.0893e+00 -2.6702e+00  4.5106e+00  5.6428e+00  1.0000e+00
-5.8683e-01  4.0459e-01  3.7510e-02 -1.1434e+01 -8.5451e-01 -9.0317e+00  1.4596e+01  1.0000e+00
-1.3157e-03  5.4984e-01  1.0698e-01  1.6864e+01 -1.3147e+00 -9.1981e+00  1.9254e+01  1.0000e+00
 9.8246e-01  5.8580e+00  1.2335e-02  4.4269e+00  1.6861e+01 -1.5512e+00  1.7502e+01  1.0000e+00
-1.1968e+02  1.4826e+02 -9.8725e+01 -3.7964e+02  4.7214e+02 -3.1702e+02  6.8377e+02  1.0000e+00
 2.1018e-01  4.0023e-01  1.1683e-01  2.1284e+01  1.9838e+01  7.3427e+00  3.0008e+01  1.0000e+00
-2.6294e-01  6.2756e-01  1.0320e-01 -1.1964e+01 -6.3929e+00  1.5362e+01  2.0494e+01  1.0000e+00
 1.7305e-01 -6.1015e-02  2.0706e-01  5.4430e+00 -1.6575e+01  7.2528e-01  1.7461e+01  1.0000e+00
-2.1019e-01  4.9142e-01  6.9289e-02  1.1525e+01 -1.0399e+01  2.0921e+01  2.6051e+01  1.0000e+00
 4.3281e-01  7.2639e-01  3.7780e-01  8.3029e+00 -1.9840e+00 -9.9210e+00  1.3088e+01  1.0000e+00
 4.0171e+00 -6.0588e+00 -5.8182e+00  1.4061e+01 -1.9439e+01 -2.0399e+01  3.1492e+01  1.0000e+00
 1.8404e+00 -4.7310e-01 -2.6118e-02  8.5413e+00 -1.1882e+00  1.2636e+00  8.7157e+00  1.0000e+00
-1.6863e+00  4.0883e-02  1.3507e+00 -4.9984e+00 -7.6185e-01  8.5975e+00  9.9740e+00  1.0000e+00
 2.1649e-02  4.3789e-01  3.7496e-01 -6.0050e+00 -8.3436e+00 -2.7190e+01  2.9068e+01  1.0000e+00
-8.7674e+00  4.1456e-01  7.4262e+00 -3.0992e+01  2.2917e+00  2.6811e+01  4.1044e+01  1.0000e+00
-4.8887e-01  5.6504e-01 -8.4888e-02  5.5473e+00 -8.9164e+00 -1.4632e+01  1.8010e+01  1.0000e+00
-1.0574e-01  6.7414e-01 -3.1495e-02 -7.0385e+00 -3.6916e+00  4.0071e+00  8.9008e+00  1.0000e+00
-5.9204e+00  5.3064e+00 -9.5256e+00 -2.0977e+01  1.9358e+01 -3.3890e+01  4.4309e+01  1.0000e+00
 9.9950e+00 -6.8745e+00  2.7335e+00  3.5501e+01 -2.4050e+01  9.9164e+00  4.4012e+01  1.0000e+00
 5.5532e+00 -3.4003e+00  6.0845e+00  1.8305e+01 -1.1284e+01  2.0923e+01  3.0003e+01  1.0000e+00
-8.5167e-01  6.5363e-01  2.2268e-01 -5.1544e+00 -1.4358e+00 -8.9060e+00  1.0390e+01  1.0000e+00
-2.1170e-01  5.7033e-01  1.0268e-01  1.0071e+01  3.0865e+00  1.1533e+00  1.0596e+01  1.0000e+00
 1.2491e-02  3.6241e-01  1.7859e-02 -1.9574e+00 -9.7076e-01 -1.9646e+00  2.9383e+00  1.0000e+00
-4.7464e+00  9.2035e-01  1.7027e+00 -1.3251e+01  1.1873e+00  3.8069e+00  1.3838e+01  1.0000e+00
-7.9408e-02  5.4688e-01  2.0322e-01  5.1572e+00  2.3425e+01 -1.8730e+01  3.0433e+01  1.0000e+00
-1.3964e-01  7.1522e-01  4.0655e-01 -5.5824e+00  1.1047e+01 -2.0841e+00  1.2552e+01  1.0000e+00
-5.0173e-01  5.8986e-01  3.6991e-02  9.4603e-01 -1.4051e+01 -1.1395e-01  1.4083e+01  1.0000e+00
-9.6852e-02  1.9291e-01  3.4095e-01  4.0750e-01 -8.9985e+00  1.2385e+01  1.5314e+01  1.0000e+00
-4.1989e+00  3.7157e+00 -3.5147e+00 -1.2862e+01  1.3990e+01 -1.0790e+01  2.1853e+01  1.0000e+00
-1.2168e-01  1.5350e-01  1.5820e-01  2.2057e+01  3.0380e+00  8.0821e+00  2.3686e+01  1.0000e+00
-3.0932e+00  1.9840e+00 -7.6698e+00 -1.0591e+01  6.6567e+00 -2.5537e+01  2.8436e+01  1.0000e+00
-5.5812e-01  5.3301e+00  2.5219e+00 -5.8728e+00  1.4977e+01  5.1143e+00  1.6880e+01  1.0000e+00
-9.4244e+00 -2.2092e+00 -2.8454e+00 -3.4052e+01 -6.9903e+00 -8.7967e+00  3.5858e+01  1.0000e+00
-7.8535e-01  7.9799e-01  8.4930e-02 -2.2831e+01  1.9333e+00  1.7240e+00  2.2978e+01  1.0000e+00
-5.9753e-02 -1.2292e-02 -1.6396e+00  8.5926e-02 -2.8017e+00 -1.1770e+01  1.2100e+01  1.0000e+00
-4.9078e-01  5.7535e-01  5.4728e-01 -3.5482e+00 -5.3694e+00 -1.0850e+01  1.2615e+01  1.0000e+00
 1.5506e-01  3.6947e-01  1.4161e-01 -7.5597e+00  2.1977e+01  1.3027e+01  2.6643e+01  1.0000e+00
-1.9878e-01  1.0646e-01  6.2235e-01 -6.0508e-01  1.5003e+01 -1.7005e+00  1.5111e+01  1.0000e+00
 1.0070e-01  6.7398e-01  1.0136e-01 -2.8418e+00  1.3921e+01 -1.5439e+00  1.4292e+01  1.0000e+00
-9.8733e-01 -4.1721e-01  5.5132e-01  1.3975e+00  5.2529e+00  3.3907e+00  6.4065e+00  1.0000e+00
 2.2269e+00 -1.3386e+00  1.3406e+00  5.4282e+00 -1.7160e+00 -3.9339e+00  6.9200e+00  1.0000e+00
-1.8615e-01  6.7743e-01  4.2536e-01  3.0353e+00  4.0051e-01 -1.5237e+01  1.5542e+01  1.0000e+00
-5.5645e-01  9.3986e-01 -1.8129e-01 -4.9082e+00  1.0065e+01 -7.1942e+00  1.3310e+01  1.0000e+00
-1.2609e+01  1.4528e+01 -8.9366e+00 -4.2044e+01  4.4326e+01 -2.6710e+01  6.6678e+01  1.0000e+00
-4.4012e-02  2.2137e-01 -1.1875e+00  1.8226e+00  6.3230e-01 -1.1421e+01  1.1583e+01  1.0000e+00
 2.3935e+00  1.0555e+00 -7.8490e-01  1.4694e+00  6.8368e+00 -1.4572e+00  7.1431e+00  1.0000e+00
-2.6415e-01  5.8137e-01  1.4414e-01 -1.1849e+01 -1.5877e+00  1.6670e+00  1.2070e+01  1.0000e+00
-2.2591e-01  4.7746e-01  3.4518e-01 -3.4125e+00 -1.5797e+00  5.0506e+00  6.2967e+00  1.0000e+00
-2.5496e-01 -7.0310e+00 -3.7075e+00 -6.5820e-01 -2.2694e+01 -1.2845e+01  2.6085e+01  1.0000e+00
-2.6751e-01  3.6126e-01  3.0001e-01 -4.8727e+00 -4.9724e+00  2.4978e+01  2.5930e+01  1.0000e+00
 4.1124e+00 -6.0358e+00 -5.7200e+00  1.3927e+01 -2.1233e+01 -1.8343e+01  3.1326e+01  1.0000e+00
-4.5046e-01  5.3539e-01  1.7692e-01 -1.7807e+01  1.8700e-01  5.0436e+00  1.8508e+01  1.0000e+00
-3.5854e-01  6.0366e-01  2.6765e-02  1.0616e+01  1.6537e+01  6.0309e+00  2.0556e+01  1.0000e+00
 1.6462e-01  4.8649e+00  2.2223e+00  2.8509e+00  1.4223e+01  5.1540e+00  1.5395e+01  1.0000e+00
 1.9842e+00 -4.2569e+00  6.6470e+00  7.0550e+00 -1.4124e+01  2.2178e+01  2.7223e+01  1.0000e+00
-1.6780e-01  4.3901e-01  6.8593e-02 -8.2160e+00 -1.5659e+01  6.8452e+00  1.8962e+01  1.0000e+00
 6.4915e-02  3.5956e-01  1.8124e-01 -8.5758e+00  7.4560e+00 -1.0236e+01  1.5294e+01  1.0000e+00
-2.7202e-01  6.6901e-01  1.7717e-01 -6.6323e+00 -1.7641e+01  2.9530e+00  1.9076e+01  1.0000e+00
 2.8259e-01  5.8182e-01  4.3987e-01 -4.6018e+00 -1.3938e+00 -5.2800e+00  7.1412e+00  1.0000e+00
-5.2103e+00 -1.7493e+00  3.4044e+00 -1.6783e+01 -5.2772e+00  9.1596e+00  1.9835e+01  1.0000e+00
-6.4945e-02  5.8574e-01 -1.6339e-01 -1.8772e+00  9.3088e+00 -7.2245e+00  1.1932e+01  1.0000e+00
-2.6243e-01  5.4015e-01 -5.4642e-03  2.8424e+01  1.3961e+01  2.3917e+00  3.1758e+01  1.0000e+00
 7.4961e+00 -9.7523e+00 -7.4557e-01  2.7160e+01 -3.4497e+01 -2.8195e+00  4.3996e+01  1.0000e+00
-2.8251e-01  2.9638e-01  4.0576e-01  4.7609e+00  5.3393e+00 -1.8626e+01  1.9953e+01  1.0000e+00
-2.0408e+00  5.5544e-01  1.2032e+00  3.1856e+00  5.2153e+00 -4.5639e+00  7.6274e+00  1.0000e+00
-9.1532e-02  6.5001e-01  4.5825e-02 -2.7937e+01  1.0062e+01  6.5183e-01  2.9701e+01  1.0000e+00
-1.1456e-01  6.6970e-01  3.4140e-01  7.0105e-01 -1.0329e+01  9.9496e+00  1.4359e+01  1.0000e+00
 1.9480e+00 -1.2206e+00  3.1091e-01  5.1790e-02 -1.1064e+00 -7.8107e-02  1.1104e+00  1.0000e+00
-2.7495e-01  5.3679e-01  3.3194e-01 -2.2312e+01 -4.0767e-01 -1.1948e+01  2.5313e+01  1.0000e+00
 9.5054e-02  2.5271e-01  4.7825e-01 -1.7477e+01 -1.4811e+00 -5.0672e-02  1.7539e+01  1.0000e+00
-2.6608e+00 -1.1062e+00 -7.2733e-01 -1.0821e+01 -3.8361e+00 -2.0447e+00  1.1662e+01  1.0000e+00
-4.2424e-01  5.0590e-01  4.4791e-02  6.6605e+00  2.8672e+00 -5.1125e+00  8.8725e+00  1.0000e+00
 8.9025e-02  4.7452e-01  3.2350e-01  8.8601e+00 -7.2804e+00 -2.9764e+00  1.1848e+01  1.0000e+00
-3.7685e-01  6.2397e-01  1.7490e-01 -1.9330e+01 -1.2311e+01  1.5187e+00  2.2968e+01  1.0000e+00
-2.9992e-01  5.4428e-01  3.3828e-02  7.3861e+00  1.5995e+01  1.2554e+01  2.1634e+01  1.0000e+00
 9.3250e-03  6.3110e-01  2.6570e-01  1.1103e+01 -3.3412e+00 -7.7625e+00  1.3954e+01  1.0000e+00
-3.1281e-01  6.0367e-01  4.2924e-01  2.0337e+01 -1.0620e+01 -5.7158e+00  2.3644e+01  1.0000e+00
-2.8870e-01  7.8886e-01  1.5251e-01  1.1856e+01  4.6681e+00  8.3974e+00  1.5260e+01  1.0000e+00
-2.2094e-01  9.7810e-01  1.9115e-01 -1.0007e+01  4.3079e+00  5.6643e+00  1.2279e+01  1.0000e+00
-3.8646e+00  3.3707e+00  1.3825e+00 -8.1747e+01  6.5561e+01  3.1035e+01  1.0929e+02  1.0000e+00
 1.0460e+00  3.1287e-01 -2.9986e-01 -1.9872e+00  7.9862e+00 -6.4504e+00  1.0456e+01  1.0000e+00
-3.4366e-01  4.7522e-01  1.4202e-01  2.5137e+01 -1.9052e+00 -1.6592e+01  3.0180e+01  1.0000e+00
-2.6220e+01  1.1704e+00  2.3318e+01 -2.4181e+02  7.3671e+00  2.1773e+02  3.2547e+02  1.0000e+00
-1.7375e-02  5.5595e-01  5.7319e-02  5.9122e-01  2.2814e+01  2.1153e-02  2.2822e+01  1.0000e+00
 3.1195e-01  1.8590e+00 -2.3516e-01 -3.3749e+00 -4.7140e+00 -1.2980e+00  5.9411e+00  1.0000e+00
-2.0611e-01  3.2663e-01  1.9880e-02  1.0983e+01  8.3520e+00 -1.2020e+01  1.8299e+01  1.0000e+00
-1.7129e+00  2.6734e+00  6.7314e+00 -4.5592e+00  6.6491e+00  1.6964e+01  1.8782e+01  1.0000e+00
 3.8653e+00  1.1656e+00  6.9933e-01  7.4524e+00  3.7928e+00  2.4412e+00  8.7111e+00  1.0000e+00
 4.6061e+00 -2.5258e+00 -3.9955e+00  1.4177e+01 -8.6452e+00 -1.2073e+01  2.0530e+01  1.0000e+00
 8.6073e-02  3.9118e-01  3.2463e-01  1.1520e+01  1.0381e+00 -1.1841e+01  1.6553e+01  1.0000e+00
 5.9450e+00 -6.1367e+00 -9.1299e+00  2.1554e+01 -2.1670e+01 -3.1943e+01  4.4210e+01  1.0000e+00
-1.0326e-01  4.7249e-01  2.3249e-01 -4.6904e-02  7.7525e+00  1.3163e+01  1.5276e+01  1.0000e+00
-5.0097e-02  5.1187e-01 -2.3955e-02 -1.5729e+00  6.6881e+00  7.7635e+00  1.0367e+01  1.0000e+00
-2.7955e-01  6.0103e-01  4.4818e-02  6.3211e+00  7.0542e+00 -5.1280e+00  1.0771e+01  1.0000e+00
-1.0527e-01  4.9457e-01  2.8131e-01 -4.6306e+00  1.3985e+01  4.6127e-01  1.4739e+01  1.0000e+00
-6.0181e-02  6.8991e-01  1.7194e-01 -1.8362e+01 -2.0575e+01  5.9841e+00  2.8219e+01  1.0000e+00
 3.6705e-01  7.6269e-01 -1.7719e-01 -3.6037e+00  7.8575e-01  1.5301e+01  1.5739e+01  1.0000e+00
-1.3387e-01  2.6049e-01 -2.5866e-01  1.0431e+00  8.4145e+00 -5.3243e+00  1.0012e+01  1.0000e+00
-2.9992e-01  8.6590e-01 -3.9923e-02  5.6895e+00  9.5048e+00 -1.5708e+01  1.9221e+01  1.0000e+00
-1.5743e+00  1.1967e+00  1.1531e+00 -3.9986e+00  6.5823e-01  5.5113e+00  6.8408e+00  1.0000e+00
-1.7629e-01  3.7839e-01  1.1645e-01  1.8319e+01  1.8575e+01  1.4442e+01  2.9820e+01  1.0000e+00
-1.7978e+00  2.3398e+00  6.9769e+00 -4.8241e+00  8.0475e+00  2.2758e+01  2.4617e+01  1.0000e+00
-8.1746e-01  2.4485e-01 -1.0557e+00 -6.7082e+00 -7.8754e+00  6.5161e-01  1.0366e+01  1.0000e+00
-3.6464e-01  5.5521e-01  1.6705e-02  3.3987e+00  3.0631e+00  7.6314e+00  8.8978e+00  1.0000e+00
-1.0204e-01  1.3757e-01  2.2109e-01  3.9191e-01 -5.5106e+00 -1.7277e+00  5.7884e+00  1.0000e+00
-1.0054e+00  2.0522e+00  2.0427e+00  3.2612e+00  3.1785e+00  1.8441e+00  4.9131e+00  1.0000e+00
 4.7779e+00 -1.1971e+01  2.0819e+01  1.5629e+01 -3.9452e+01  7.0981e+01  8.2699e+01  1.0000e+00
 8.7726e+00  1.6912e+00  8.1886e+00  3.1096e+01  5.8955e+00  2.9521e+01  4.3280e+01  1.0000e+00
 1.2593e+00 -3.1886e-01 -1.8223e-01 -4.5746e+00  7.4177e+00  4.7424e+00  9.9216e+00  1.0000e+00
-2.1871e-01  7.0012e-01  2.0307e-01  2.7841e+01  7.6453e+00  4.4080e+00  2.9206e+01  1.0000e+00
 1.1315e-01  3.6272e-01 -4.2271e-02  3.8909e+00  4.0756e+00  3.1270e-01  5.6433e+00  1.0000e+00
-2.3472e+00  1.4252e+00  9.3176e+00 -8.2100e+00  5.6451e+00  3.2371e+01  3.3869e+01  1.0000e+00
-6.2937e+00 -1.6825e+00 -6.1861e+00 -2.0968e+01 -2.6486e+00 -1.9460e+01  2.8729e+01  1.0000e+00
 1.4347e-01  1.7200e+00 -4.4764e-01 -7.0704e+00 -5.2691e+00  5.6785e+00  1.0488e+01  1.0000e+00
-2.9543e+00 -4.5160e+00 -5.4218e-01 -1.2815e+01 -2.3312e+01 -1.4081e+00  2.6639e+01  1.0000e+00
-2.7944e-01  6.4440e-01  1.0717e-01 -3.8055e+01 -1.3887e+01  1.7037e+01  4.3947e+01  1.0000e+00
-2.0809e-01  4.0531e-01  2.4356e-01  2.2955e+01 -5.3141e+00  8.2272e+00  2.4958e+01  1.0000e+00
-2.7784e-01  2.7137e-01  7.0890e-02 -2.1661e+01 -2.8245e+01 -7.7848e+00  3.6436e+01  1.0000e+00
-1.5038e-01  3.7384e-01  1.8571e-01 -6.3682e+00  5.7869e+00 -1.5990e+01  1.8158e+01  1.0000e+00
 2.2249e-01  4.2952e-01  1.8931e-01  1.2154e+01  1.2064e+01  5.4634e+00  1.7975e+01  1.0000e+00
-3.2238e+00  1.0039e+01 -1.3361e+00 -1.0991e+01  3.5075e+01 -4.3940e+00  3.7019e+01  1.0000e+00
 2.6523e+00  9.0650e-02  1.9586e+00  5.9175e+00  4.1002e+00  8.4204e+00  1.1078e+01  1.0000e+00
-6.2510e+00 -3.5904e-01 -1.5634e+00 -1.9293e+01  2.8469e-01 -5.1653e+00  1.9974e+01  1.0000e+00
-2.9308e-01  5.1240e-01  3.6916e-01 -1.0092e+01  8.8337e+00 -3.4951e+01  3.7436e+01  1.0000e+00
-5.1368e+00 -2.1722e+00  3.4033e+00 -1.4878e+01 -5.9762e+00  1.1125e+01  1.9515e+01  1.0000e+00
-3.0820e-01  5.3618e-01 -2.5662e-02  2.1509e+01 -3.3124e+00  1.6231e+01  2.7149e+01  1.0000e+00
 1.1665e+01  4.1506e+00  9.9861e-01  4.1245e+01  1.5069e+01  3.3946e+00  4.4043e+01  1.0000e+00
 4.3492e+00  6.2141e+00  6.5591e-01  1.4870e+01  2.0258e+01  3.1726e+00  2.5329e+01  1.0000e+00
-9.0646e+00 -5.5914e+00 -3.3828e+00 -3.3197e+01 -2.0014e+01 -1.3106e+01  4.0919e+01  1.0000e+00
-2.2482e-01 -1.2108e+00 -8.7763e-01 -5.6227e+00  4.8601e-02  3.4495e+00  6.5967e+00  1.0000e+00
-9.0731e+00 -3.2967e-01 -2.3535e+00 -3.1513e+01 -4.2100e-01 -8.3174e+00  3.2595e+01  1.0000e+00
-3.4751e-01  7.1562e-01  7.3900e-01 -1.5381e+00  4.6836e+00  1.5797e+01  1.6549e+01  1.0000e+00
 8.3514e-02  1.7304e+00 -5.0174e-01 -3.8516e+00 -4.4384e+00  1.0501e+01  1.2033e+01  1.0000e+00
-2.0232e+00  7.4115e+00 -3.0253e+00 -6.2317e+00  2.5281e+01 -9.1527e+00  2.7599e+01  1.0000e+00
 7.6765e+00  6.4666e+00 -4.8899e+00  4.7485e+01  3.8437e+01 -2.9661e+01  6.7911e+01  1.0000e+00
-3.2147e-01  1.4077e+00  2.9617e-01  5.4244e+00  4.6222e+00 -4.8187e+00  8.6028e+00  1.0000e+00
-1.2068e+00 -2.0820e-01 -2.6257e+00 -6.3517e-01  2.4124e+00 -4.1620e+00  4.8523e+00  1.0000e+00
 2.0797e-01  7.7089e-01  3.8352e-01  6.9349e+00 -7.9299e-01  7.4631e+00  1.0219e+01  1.0000e+00
 2.1250e+00 -2.0903e+00 -1.3583e+00  6.6409e+00 -4.9426e+00  2.4146e+00  8.6233e+00  1.0000e+00
-3.3045e-01  1.4648e+00 -4.3610e-01 -1.8005e+00 -5.0571e+00  7.6937e+00  9.3813e+00  1.0000e+00
 3.1052e-01  9.6814e-01  1.0208e-01 -6.6862e+00 -1.1094e+01 -6.5390e+00  1.4510e+01  1.0000e+00
-6.7682e+00 -3.3674e+00 -1.1786e+01 -2.5015e+01 -1.2702e+01 -4.4203e+01  5.2354e+01  1.0000e+00
-1.2270e+01 -4.2199e+00 -3.7895e-01 -4.4216e+01 -1.4382e+01 -1.5375e+00  4.6522e+01  1.0000e+00
 1.4447e+00 -2.1091e+00 -2.6422e+00  5.5090e+00 -2.7270e+00 -6.1667e+00  8.7071e+00  1.0000e+00
 1.2500e+01  2.0366e+00 -1.2531e+00  4.4447e+01  8.0037e+00 -4.7746e+00  4.5414e+01  1.0000e+00
-1.9278e-01  3.8951e-01  2.9562e-01 -1.7534e+01  1.5996e+01  1.2026e+01  2.6607e+01  1.0000e+00
-4.0292e-01  5.6352e-01  1.1783e-01 -1.4083e+01  3.2925e+00 -1.8422e+01  2.3422e+01  1.0000e+00
 4.4663e-02  6.0635e-01 -6.9640e-02  1.6731e+00  4.8786e+00 -1.5143e+01  1.5997e+01  1.0000e+00
-4.7421e-01  8.4206e-01  2.8530e-02  9.5263e+00 -2.1105e+01  1.1956e+01  2.6059e+01  1.0000e+00
-2.7218e-01  4.5064e-01  1.3181e-01  3.7045e+00  2.5220e+00  8.0972e+00  9.2546e+00  1.0000e+00
 3.9991e-01  5.2852e-01 -2.2666e-01  1.0386e+01 -6.1437e+00 -8.0213e+00  1.4490e+01  1.0000e+00
-2.4098e-01  5.2389e-01  4.4449e-01  1.0613e+01 -8.0810e+00 -8.3972e+00  1.5762e+01  1.0000e+00
-5.4041e+00  4.6561e+00 -9.8131e-01 -1.7218e+01  1.4511e+01 -2.4004e+00  2.2644e+01  1.0000e+00
-5.7729e-01  3.9138e-01  1.1067e-01  6.3447e-01  6.1652e-01  1.5067e+01  1.5093e+01  1.0000e+00
-5.8041e+00 -1.7103e+00  2.5270e-02 -1.6921e+01 -5.2437e+00 -4.3571e-01  1.7720e+01  1.0000e+00
-5.2759e-01 -3.5117e-01  2.7946e-01  3.5983e+00  6.7750e+00  4.2296e+00  8.7600e+00  1.0000e+00
 2.2246e-01  5.3634e-02  4.3417e-01 -2.3289e+00  9.2125e+00  8.4394e+00  1.2709e+01  1.0000e+00
-3.4595e-01  5.2284e-01  2.4226e-01 -1.4917e+01  1.6494e+01 -9.7729e+00  2.4292e+01  1.0000e+00
-3.2492e-01  6.8303e-01  2.8849e-01  6.6921e+00 -3.5172e+00  1.8050e+01  1.9569e+01  1.0000e+00
 3.9903e+00 -9.9479e+00 -4.7815e+00  1.4215e+01 -3.4788e+01 -1.6795e+01  4.1163e+01  1.0000e+00
-8.9453e+00 -1.7163e+00  8.0609e+00 -3.1907e+01 -5.3973e+00  2.8733e+01  4.3276e+01  1.0000e+00
-2.2646e-01  8.5322e-01  2.3879e-01  1.2534e+01 -1.5601e+01  5.0193e+00  2.0632e+01  1.0000e+00
-1.6270e+00 -1.1655e+00 -2.9499e+00 -3.8186e+00 -8.8336e-01 -4.5765e+00  6.0255e+00  1.0000e+00
 2.0964e+00 -1.3676e+00  7.2152e-01  6.2954e-01  6.1876e-01  3.3202e+00  3.4355e+00  1.0000e+00
-4.4416e-01  4.3674e-01  2.7083e-01  7.9302e+00  1.5038e+01  1.0136e+01  1.9793e+01  1.0000e+00
-9.7260e-01 -7.9658e+00 -5.5572e+00 -2.8647e+00 -2.8444e+01 -2.0186e+01  3.4996e+01  1.0000e+00
-1.7469e+00  3.0604e+00 -2.6763e+00 -4.3336e+00  7.2329e+00 -4.7369e+00  9.6712e+00  1.0000e+00
-6.8835e-01  4.7304e-01  1.5597e-01 -2.3472e+01 -3.7171e+00  4.6858e+00  2.4222e+01  1.0000e+00
-7.9552e-01  2.5635e-01  2.3904e-01 -4.1929e+00 -3.4741e-01 -2.4351e-01  4.2143e+00  1.0000e+00
-5.8237e-01 -1.4924e-02  3.4385e-01  6.2724e+00  1.9169e+01 -4.7740e+00  2.0727e+01  1.0000e+00
-1.7331e+00  7.7835e+00 -3.3477e+00 -5.6162e+00  2.5471e+01 -1.0617e+01  2.8161e+01  1.0000e+00
 7.7769e-01  6.1276e-01 -4.4870e-01 -1.3738e+01  1.8272e+00  5.7571e+00  1.5007e+01  1.0000e+00
-5.6536e-02  1.2974e+00  1.0162e+01  1.8543e+00  5.2220e+00  2.9108e+01  2.9630e+01  1.0000e+00
-3.3406e-01 -7.0296e-01  8.8312e-02 -7.9016e-02  1.4388e+01  2.4734e+00  1.4599e+01  1.0000e+00
-2.7692e-01  5.5016e-01  2.9161e-01  9.2071e-01  1.1724e+01  1.9992e+00  1.1928e+01  1.0000e+00
-1.4833e-01  6.3517e-01  2.4444e-01 -1.4149e+01 -2.0963e+01 -2.1767e+01  3.3369e+01  1.0000e+00
-2.9907e-01  1.1190e+00 -2.2622e-01  8.0180e+00 -6.0482e+00 -1.3081e+00  1.0128e+01  1.0000e+00
 2.8550e+00  5.9458e+00  3.2905e+00  9.7705e+00  1.9776e+01  1.0297e+01  2.4343e+01  1.0000e+00
-2.4549e-01  3.5115e-01  1.4244e-01 -8.2664e+00 -7.2370e-01  1.0526e+01  1.3403e+01  1.0000e+00
-5.2630e-01  2.1049e+00  1.8497e-01 -1.4852e+00  3.2941e-01 -1.3658e+00  2.0444e+00  1.0000e+00
-3.0076e-01  5.9058e-01  2.8376e-01  1.4335e+00 -1.7249e+01 -1.3819e+01  2.2148e+01  1.0000e+00
-2.5257e-01  6.5006e-01  2.1848e-01  5.7518e+00 -1.5134e+01  2.4346e+01  2.9238e+01  1.0000e+00
-2.7146e-01  8.4659e-01  2.1114e-01  2.9335e+00 -1.6793e+00  7.0101e+00  7.7825e+00  1.0000e+00
-1.6982e-01  7.5783e-01  9.7198e-03 -7.4725e+00  1.3497e+01 -2.1837e-01  1.5429e+01  1.0000e+00
 4.8922e+00 -3.6493e+00 -7.0655e-01  1.4772e+01 -1.0649e+01 -1.5012e+00  1.8272e+01  1.0000e+00
 6.6795e-02  4.8590e-01  5.4766e-01 -1.1458e+00 -2.3551e-01 -1.1821e+00  1.6630e+00  1.0000e+00
 8.9785e+00 -1.5858e+01  1.0042e+01  2.5310e+01 -5.0496e+01  3.2534e+01  6.5184e+01  1.0000e+00
 1.7559e-01 -1.2392e+00 -9.4893e-01 -7.1285e-01 -1.4772e+00  9.2890e+00  9.4327e+00  1.0000e+00
 8.7119e-01 -4.2077e+00 -1.1946e+01  2.7720e+00 -1.4733e+01 -4.2331e+01  4.4907e+01  1.0000e+00
-3.0828e+00 -4.7786e+00 -8.1735e+00 -1.1912e+01 -1.6511e+01 -2.8525e+01  3.5045e+01  1.0000e+00
-6.5072e-01 -8.7515e+00  9.5259e-01 -1.9024e+00 -3.0298e+01  3.2586e+00  3.0532e+01  1.0000e+00
-1.1775e+01 -6.0602e+00 -3.1105e+00 -4.2809e+01 -2.1325e+01 -1.1093e+01  4.9096e+01  1.0000e+00
-2.4684e-01  5.5507e-01 -1.2165e-01  7.4478e+00  1.4706e+01  1.7818e+00  1.6581e+01  1.0000e+00
-9.5988e+00 -2.3807e+00 -1.8455e+00 -3.4070e+01 -8.3502e+00 -6.1800e+00  3.5619e+01  1.0000e+00
 5.1893e-01  3.7915e-01  1.1670e+00 -8.3628e+00  4.7131e+00 -2.9724e+00  1.0049e+01  1.0000e+00
-2.2019e-01 -1.6324e-02 -2.5041e-01 -8.0114e+00  2.5978e+00  4.7555e+00  9.6719e+00  1.0000e+00
-1.5666e+00 -1.4244e-01 -4.5131e+00 -5.5229e+00  5.6580e-01 -1.8677e+01  1.9485e+01  1.0000e+00
 1.2319e+00  6.5528e-01  3.0389e-01 -5.8737e+00  6.4180e+00 -7.1383e+00  1.1254e+01  1.0000e+00
-5.2087e-01  4.6887e-01  2.3081e-01 -1.0082e+01 -1.1832e+00 -4.0790e+00  1.0940e+01  1.0000e+00
