# limit = 9.91601
#
# x           y           z           vx          vy          vz          s           m
 4.8217e-01 -2.0153e+00 -1.0198e+00 -2.7671e+00 -7.3948e-01  3.8453e+00  4.7948e+00  1.0000e+00
-8.0833e-02  5.8027e-01  5.9819e-02  2.0964e+01 -1.6409e+00 -2.0122e+01  2.9105e+01  1.0000e+00
 1.0273e+01  3.1458e-01  2.0073e+00  3.4736e+01  1.8377e+00  6.8351e+00  3.5449e+01  1.0000e+00
-2.2754e-01  4.2185e-01  1.2482e-01 -1.7601e+01  1.7551e+01  1.3672e+01  2.8368e+01  1.0000e+00
-8.5638e+00  3.3004e+00  5.2379e+00 -2.9796e+01  1.1055e+01  1.7605e+01  3.6331e+01  1.0000e+00
 3.6663e+00 -1.2902e+00  1.0644e+01  1.3048e+01 -3.8005e+00  3.6715e+01  3.9149e+01  1.0000e+00
 6.9338e-01 -8.6884e+00 -6.1004e+00  1.6994e+00 -2.9965e+01 -2.0427e+01  3.6305e+01  1.0000e+00
-5.1835e-01  1.6352e+00  9.0713e-01  1.2747e+00 -5.4594e+00 -2.6892e+00  6.2179e+00  1.0000e+00
-1.3934e+01  1.0102e+01  3.0857e+01 -4.5562e+01  3.3395e+01  1.0468e+02  1.1895e+02  1.0000e+00
 5.5491e+00 -2.7038e+00  1.2319e-01  1.1490e+02 -6.2225e+01  3.0615e+00  1.3070e+02  1.0000e+00
 2.3525e+00  2.7387e+00  1.9336e+00  3.6534e+00  6.0146e+00  3.2918e+00  7.7691e+00  1.0000e+00
 1.4902e-01  4.3912e-01 -4.5951e-02  1.4158e+01  9.3155e+00  3.7574e+00  1.7359e+01  1.0000e+00
 4.2241e-01  3.6578e-01  9.4041e-01 -8.6535e+00 -4.9587e+00 -1.2098e+01  1.5679e+01  1.0000e+00
 3.0229e+00  4.9430e-01 -7.4882e-01  1.0667e+01  3.2617e+00 -1.0355e+00  1.1203e+01  1.0000e+00
-7.9432e-02  5.4944e-01  1.8568e-01 -1.9017e+01 -1.5031e+01 -1.5034e+01  2.8523e+01  1.0000e+00
-3.9601e+00 -4.8779e-01 -3.3943e+00 -1.2042e+01 -2.5548e+00 -7.8945e+00  1.4624e+01  1.0000e+00
 6.2299e+00 -6.4883e+00 -7.3633e+00  2.1354e+01 -2.2358e+01 -2.5809e+01  4.0274e+01  1.0000e+00
-1.4625e-01  4.8475e-01 -1.2966e-03  4.0686e+00  2.8556e+00 -1.5244e+01  1.6034e+01  1.0000e+00
-2.4980e-01  5.1178e-01  6.8100e-02  1.2825e+01  7.3839e+00  2.7510e+01  3.1238e+01  1.0000e+00
 2.1609e+01  1.7845e+01 -7.8439e+00  7.3497e+01  5.8949e+01 -2.5228e+01  9.7536e+01  1.0000e+00
-1.7072e-01  4.2085e-01  2.1767e-01  1.6827e+01  2.7614e+01  2.3847e+01  4.0179e+01  1.0000e+00
-3.8528e-01  6.7319e-01 -2.2660e-02  7.7322e+00  6.0326e+00 -7.8125e+00  1.2538e+01  1.0000e+00
-6.2070e-01 -3.0011e-02  1.1376e+00 -1.1420e+01 -1.6203e+01  2.2623e+01  3.0080e+01  1.0000e+00
-4.6121e+00  8.6057e+00 -8.8097e+00 -1.6061e+01  3.0788e+01 -3.0777e+01  4.6401e+01  1.0000e+00
-2.7941e-01  9.9755e+00 -4.4521e+00 -1.2114e+00  3.4360e+01 -1.5120e+01  3.7559e+01  1.0000e+00
-2.3725e+00  1.1028e+00 -4.3924e+00 -9.1293e+00  5.8693e+00 -1.2221e+01  1.6345e+01  1.0000e+00
 3.3948e+00 -7.8249e+00  1.5810e+00  1.0385e+01 -2.7026e+01  4.9328e+00  2.9370e+01  1.0000e+00
 1.9546e+01 -5.0515e+00 -1.8845e+01  7.5310e+01 -1.9852e+01 -7.2678e+01  1.0653e+02  1.0000e+00
 5.6385e-01 -1.1861e+01 -1.5651e+01  2.1830e+00 -4.2282e+01 -5.5755e+01  7.0008e+01  1.0000e+00
-2.7843e-01  5.7101e-01  3.4785e-01  1.5066e+01  8.0354e+00  7.9120e+00  1.8819e+01  1.0000e+00
-1.2286e-01  5.9287e-01  4.7448e-02 -1.8637e+01  1.5711e+01  6.6217e+00  2.5259e+01  1.0000e+00
-1.7350e-01  6.3875e-01  4.4220e-02 -9.1401e+00 -3.0645e+01 -1.8311e+00  3.2031e+01  1.0000e+00
-3.1520e-01  7.3479e-01  4.5475e-01 -2.5084e+00  1.3588e+01 -5.6770e-01  1.3829e+01  1.0000e+00
-1.0649e-01  3.8151e-01  2.9903e-01 -2.1563e+01  1.2964e+01  2.5821e+01  3.6052e+01  1.0000e+00
-3.8630e-01  5.6899e-01  3.3833e-01  7.9606e+00 -1.7376e+00 -1.2279e+00  8.2400e+00  1.0000e+00
-7.9786e-02  7.6863e-01  4.8515e-01  1.6874e+01  1.1720e+01 -3.5251e+00  2.0845e+01  1.0000e+00
-4.7302e-01  5.8872e-01  2.2851e-01 -1.3792e+01  3.2780e+01 -1.1754e+01  3.7455e+01  1.0000e+00
-8.3523e+00  1.5989e+01 -2.0421e+01 -2.8563e+01  5.4742e+01 -6.8021e+01  9.1866e+01  1.0000e+00
-5.6840e-01  3.6157e-01 -5.2462e-01  6.7261e+00  4.2440e+00  1.1390e+01  1.3892e+01  1.0000e+00
 6.2954e+00 -1.4848e+00  5.2563e+00  2.0242e+01 -4.2614e+00  1.7127e+01  2.6856e+01  1.0000e+00
 3.9396e+00  3.5441e+00  1.9862e-01  1.0341e+01  9.8065e+00  2.1340e+00  1.4411e+01  1.0000e+00
 1.1518e+00  5.0201e-01  2.7929e-01  1.6602e+01  1.5723e+00 -3.3222e+00  1.7004e+01  1.0000e+00
 2.7434e-02  4.0127e-01  3.2445e-01 -1.1733e+01 -3.4657e+00  3.1671e+00  1.2637e+01  1.0000e+00
 1.1764e+00 -3.6098e+00  1.1524e+01  4.3248e+00 -1.2171e+01  4.0105e+01  4.2133e+01  1.0000e+00
 1.1035e+01  5.3693e+00  8.5472e-01  3.9169e+01  1.8889e+01  3.1749e+00  4.3601e+01  1.0000e+00
 5.7264e-01 -7.3792e+00  1.1135e+00  3.2447e+00 -2.4582e+01  4.4003e+00  2.5182e+01  1.0000e+00
 1.1254e-02  4.0724e-01  2.7084e-01 -5.3330e+00  1.0493e+01  1.2571e+01  1.7222e+01  1.0000e+00
 2.0430e+00 -2.1086e+00 -4.7772e-01  4.2919e+00 -6.2342e-01  1.0385e+00  4.4595e+00  1.0000e+00
 5.5079e+00 -2.1075e+00  2.3715e+00  1.6024e+01 -6.3962e+00  7.3568e+00  1.8756e+01  1.0000e+00
-1.9117e-01  5.0753e-01  4.9991e-01  2.5557e+01 -2.9263e-01 -1.3553e+01  2.8929e+01  1.0000e+00
 1.3002e-01  2.0874e-01 -4.5164e-01  3.6579e+00 -2.0736e+00 -4.0371e+00  5.8291e+00  1.0000e+00
-1.5947e-01  5.7302e-01  2.3746e-01  2.6976e+01 -1.4562e+01  1.4905e+01  3.4086e+01  1.0000e+00
-1.9075e+00 -2.9815e+00  2.9251e+00 -4.3483e+00 -7.1897e+00  7.2377e+00  1.1090e+01  1.0000e+00
-4.2496e-01  7.6259e-01  2.8425e-01 -1.3370e+00 -7.9692e+00 -1.5729e+00  8.2322e+00  1.0000e+00
-5.3958e-02  4.0814e-01  2.6534e-01  1.4393e+01 -1.9544e+00 -1.4454e+01  2.0492e+01  1.0000e+00
 1.4256e-01  4.0688e-01  4.8348e-01  1.2310e+01  7.0258e+00 -1.3943e+01  1.9882e+01  1.0000e+00
-1.9373e-01  7.5830e-01  2.8675e-01  1.4606e+01  1.0756e+01  1.1229e+00  1.8174e+01  1.0000e+00
-2.0083e-01  6.7120e-01  2.6943e-01  1.7535e+00  8.6851e+00 -1.3924e+01  1.6504e+01  1.0000e+00
-4.5665e-01  7.5336e-01  1.9443e-01 -1.6922e+01  8.9527e+00 -8.3331e+00  2.0880e+01  1.0000e+00
 2.9288e+00 -1.4605e+00  8.3840e+00  9.2398e+00 -5.4930e+00  2.8487e+01  3.0448e+01  1.0000e+00
-1.5221e-01  5.8660e-01  2.2201e-01 -3.0030e+00 -1.5008e+01 -1.4969e+01  2.1409e+01  1.0000e+00
-5.3014e-01  8.1475e-02  4.2155e-01 -1.4995e+01 -2.7591e+01  1.1446e+01  3.3423e+01  1.0000e+00
 4.7293e+00  4.0234e-01 -2.3036e+00  1.9790e+01  2.0741e+00 -9.5370e+00  2.2066e+01  1.0000e+00
-3.9906e-01  8.4000e-01 -1.7944e-01  3.6559e+00  3.5904e+00 -1.5022e+01  1.5872e+01  1.0000e+00
 2.0066e+00 -6.7502e-01  7.0911e-01 -2.3833e+00 -1.7094e-01  4.0991e-02  2.3898e+00  1.0000e+00
-3.0285e-01  6.0261e-01  1.5281e-01  8.3448e+00 -2.3086e+01  3.0554e+01  3.9193e+01  1.0000e+00
-3.2914e-01  4.1177e-01  2.7204e-01 -3.4196e+00  2.2018e+01  7.6302e-01  2.2295e+01  1.0000e+00
-3.1319e-01  5.5902e-01  8.7636e-02  5.6022e-01  2.8664e+01 -3.2201e+00  2.8850e+01  1.0000e+00
-2.6449e-01  4.5298e-01  2.5527e-02 -2.3543e+01 -1.1097e+01 -3.9654e+00  2.6328e+01  1.0000e+00
-6.2668e-01  1.4839e+00  4.3127e-01 -2.5376e+00  6.6639e+00  3.5012e+00  7.9439e+00  1.0000e+00
 9.9705e+00  1.1991e+00  1.8566e+00  3.4463e+01  3.6567e+00  6.1363e+00  3.5195e+01  1.0000e+00
-2.2217e-01  3.8231e-01  9.3988e-02 -1.3965e+01  2.0603e+01 -1.9791e+00  2.4968e+01  1.0000e+00
 3.7126e-01  2.0154e-01  1.6802e-01  1.3435e+01  2.1872e+00 -1.9982e+00  1.3758e+01  1.0000e+00
-8.5715e-01  3.4244e-01  1.7747e-01 -1.7776e+01 -6.8475e+00 -6.6441e+00  2.0174e+01  1.0000e+00
-1.2808e-01  5.7732e-01  7.7392e-02 -8.6125e+00  2.6000e+01 -2.1053e+01  3.4546e+01  1.0000e+00
-1.8827e-01  5.5419e-01  1.3052e-01 -5.8998e+00 -1.3284e+00 -3.5311e+00  7.0029e+00  1.0000e+00
-2.2116e-01  2.8474e-01  2.9479e-01 -3.6380e+00  8.8208e+00  8.6013e+00  1.2846e+01  1.0000e+00
-7.2945e-01  1.8797e+00 -1.3219e-01 -7.0165e-01  3.2533e+00 -3.3697e+00  4.7362e+00  1.0000e+00
 1.1806e+01 -5.7676e+00 -1.3902e+00  4.1859e+01 -1.9715e+01 -4.7661e+00  4.6514e+01  1.0000e+00
-7.1197e+00 -4.4712e+00 -2.8395e+00 -2.4054e+01 -1.4414e+01 -8.9838e+00  2.9446e+01  1.0000e+00
-2.4591e-01  7.5029e-01  9.2816e-02  9.3479e+00 -4.7367e+00  5.1389e+00  1.1672e+01  1.0000e+00
 4.9968e+00  1.3874e+00  3.3367e+00  3.3181e+01  7.1450e+00  2.1194e+01  4.0015e+01  1.0000e+00
 1.3303e+00 -5.7859e-01 -8.4031e-01 -2.1175e+00  2.4353e+00  3.8468e+00  5.0212e+00  1.0000e+00
 3.0049e+00  2.3525e+00  3.7209e+00  7.2249e+00  7.2052e+00  9.7048e+00  1.4082e+01  1.0000e+00
-2.2755e-01  3.1958e-01  7.1720e-02 -4.1100e+00 -1.2640e+01 -1.2295e+01  1.8106e+01  1.0000e+00
-1.8297e-01  7.7588e-01 -6.8293e-02  2.2557e+00  6.5836e+00 -2.7485e-01  6.9647e+00  1.0000e+00
-6.7305e-01  9.1257e-01  7.1460e-01  4.0443e+00 -2.6234e+00 -2.5161e+00  5.4377e+00  1.0000e+00
 1.8498e+00 -1.2789e+00  1.9055e+00 -7.5386e-02 -6.4900e-01  2.2825e+00  2.3741e+00  1.0000e+00
 2.4454e+01  6.5260e+00 -2.3976e+01  2.2218e+02  5.5313e+01 -2.1506e+02  3.1413e+02  1.0000e+00
 1.3755e-01  7.6164e-01  1.4537e-01 -9.2605e+00  1.3901e+01  2.6478e+00  1.6912e+01  1.0000e+00
 2.0345e+00 -1.0660e+00  1.8397e+00  2.5880e+00  2.4129e-01  7.1169e-01  2.6949e+00  1.0000e+00
-4.2802e-01  4.6544e-01 -1.8465e-01 -7.5966e+00  1.1167e+01 -1.2612e+01  1.8479e+01  1.0000e+00
 7.3098e-01  9.9617e-02 -1.5191e-01 -2.3920e+00  5.4603e+00  2.8188e-01  5.9679e+00  1.0000e+00
 8.5038e-02  6.6130e-01  3.7937e-01 -2.0562e+01  7.5441e+00 -8.9087e+00  2.3645e+01  1.0000e+00
 1.1704e+00 -3.8854e-01 -3.4196e-02  1.5911e+01 -6.5205e+00 -2.8727e+00  1.7434e+01  1.0000e+00
 1.1621e-01  5.2073e-01 -3.1465e-02  1.0125e+00 -2.1364e-01 -4.0243e+00  4.1552e+00  1.0000e+00
-2.1883e-01  6.1698e-01  1.3940e-01  5.7723e+00  1.1964e+01 -1.8703e+01  2.2941e+01  1.0000e+00
-3.9355e+00 -5.8172e+00 -6.5030e+00 -1.3308e+01 -1.9264e+01 -2.1728e+01  3.1943e+01  1.0000e+00
 9.1732e-01 -1.9646e+00 -8.4780e+00  2.8645e+00 -5.6289e+00 -2.4154e+01  2.4966e+01  1.0000e+00
 2.1378e-01  3.1484e+00 -1.7739e+00  4.7809e+00  6.6025e+00 -2.8805e+00  8.6457e+00  1.0000e+00
-3.2681e-01  5.2535e-01  5.5785e-02  2.8106e+00 -9.2052e+00 -8.0720e+00  1.2562e+01  1.0000e+00
 8.3343e-02  6.0591e-01 -1.6214e-03 -1.7149e+01  2.3839e+00  8.4643e+00  1.9272e+01  1.0000e+00
 1.8486e+00 -8.8420e-01 -1.9541e-01 -1.0321e+00  3.5722e+00  9.3535e-01  3.8342e+00  1.0000e+00
-1.1243e+00  7.9346e-01  4.2373e-01 -3.7791e+00  2.6140e+00  1.1143e+00  4.7283e+00  1.0000e+00
 9.9065e+00  3.6766e+00 -2.3614e-01  3.3857e+01  1.3423e+01 -9.5579e-01  3.6434e+01  1.0000e+00
-9.8509e-02  4.2846e-01  1.5720e-01  2.0310e+01 -8.2470e+00 -2.1639e+00  2.2027e+01  1.0000e+00
 7.3527e+00  3.8859e-01  8.2524e+00  2.5164e+01  1.5562e+00  2.8223e+01  3.7844e+01  1.0000e+00
 8.9670e-03  1.2525e-01 -2.5935e-01  5.6864e+00 -3.4250e+00 -2.0134e+00  6.9368e+00  1.0000e+00
-3.0789e-02  1.0718e+00  1.6765e-03  1.9417e+01  1.3770e+00 -4.1563e+00  1.9904e+01  1.0000e+00
-1.1848e+01  2.4255e+00  2.6799e+00 -4.1588e+01  9.0835e+00  9.5632e+00  4.3629e+01  1.0000e+00
-7.3899e-01  1.3289e+00  3.9808e-01  5.2576e+00 -1.4001e+01  1.8684e+00  1.5072e+01  1.0000e+00
 2.5409e+00 -4.2944e+00  7.5795e+00  8.5546e+00 -1.4566e+01  2.4884e+01  3.0076e+01  1.0000e+00
 2.9475e+00 -2.9927e+00  6.2231e+00  9.0398e+00 -9.6077e+00  2.0014e+01  2.3970e+01  1.0000e+00
 5.1175e+00 -6.1078e+00 -2.3176e+00  1.5786e+01 -1.9825e+01 -7.3212e+00  2.6379e+01  1.0000e+00
 2.8191e+00 -1.6144e+00  5.9600e-01  4.0846e+00 -7.5456e-01  1.3197e+00  4.3583e+00  1.0000e+00
 2.5039e-04  2.2847e-01  1.5646e-01  1.1128e+01 -1.3169e+01  2.1634e+01  2.7664e+01  1.0000e+00
-3.0445e-01  7.9018e-01  1.0514e+00  5.2599e+00  6.9027e+00 -3.7835e+00  9.4672e+00  1.0000e+00
-2.4080e-01  7.3400e-01 -2.6757e-01 -1.9099e+00 -4.4247e+00 -7.8160e+00  9.1824e+00  1.0000e+00
-3.9426e-01  6.6218e-01  3.7083e-02  1.1735e+01 -9.5119e+00 -1.0659e+01  1.8488e+01  1.0000e+00
-3.2921e-01  6.0397e-01  1.4083e-01 -1.3516e+01  1.7026e+01  1.2883e+01  2.5270e+01  1.0000e+00
 6.3995e-02  5.0981e-01 -1.3597e-03  6.6574e+00  1.0029e+01  2.4011e+01  2.6859e+01  1.0000e+00
-2.4565e-01  3.4806e-01  6.6017e-02  1.0912e+01  1.4266e+01  2.6499e+00  1.8155e+01  1.0000e+00
-1.5501e+01  6.3823e+00  5.7826e+00 -5.5141e+01  2.3051e+01  2.1274e+01  6.3439e+01  1.0000e+00
-3.2900e-01  4.6658e-01  2.6027e-01 -1.8788e+01 -1.0450e+01  5.0281e-01  2.1505e+01  1.0000e+00
-2.8437e-01  6.5325e-01  1.2349e-01  2.0418e+01 -1.8345e+01 -6.9101e+00  2.8305e+01  1.0000e+00
-1.7575e-01  5.2195e-01  9.3112e-02  1.9520e+01 -8.1963e+00  1.8345e+01  2.8013e+01  1.0000e+00
 5.8913e+00 -5.1261e+00 -2.1588e+00  1.9943e+01 -1.6584e+01 -6.2992e+00  2.6692e+01  1.0000e+00
-1.9197e-01  5.7863e-01  1.5845e-01  1.9284e+01 -3.6322e+00  2.8683e+01  3.4753e+01  1.0000e+00
 4.0010e+00 -3.4998e+00  8.5897e+00  1.3246e+01 -1.1335e+01  2.9864e+01  3.4580e+01  1.0000e+00
-3.3189e-01  5.8619e-01  1.9113e-02 -6.1481e+00 -1.9150e+00  1.2661e+01  1.4205e+01  1.0000e+00
-1.3945e+00 -1.7245e+00 -7.3500e+00 -5.3354e+00 -5.0739e+00 -2.3820e+01  2.4932e+01  1.0000e+00
 1.9165e+00 -1.2249e+00  9.2275e-01 -2.1775e-01  4.7759e-01 -3.1803e-02  5.2585e-01  1.0000e+00
 9.2424e-02  6.3537e-01  6.9150e-02 -1.9490e+01  9.2281e+00  1.0208e+01  2.3858e+01  1.0000e+00
-3.0985e-01  6.5636e-01  3.2821e-01 -2.4784e+01 -8.9726e-01  9.2524e+00  2.6470e+01  1.0000e+00
-8.3583e-01  6.5569e-01  3.7989e-01  1.6448e+01 -8.7788e+00 -2.3312e-01  1.8645e+01  1.0000e+00
-2.1374e-01  3.4288e-01  7.1082e-01 -4.4137e+00  1.7971e+01  1.1745e+01  2.1917e+01  1.0000e+00
 4.3140e-01  1.2653e-01  9.1552e-02 -1.8740e-01  6.1352e+00 -1.6941e+00  6.3675e+00  1.0000e+00
-1.2324e-01  5.2335e-01  2.3513e-01 -2.4234e+01 -1.3594e+01  1.6907e+01  3.2525e+01  1.0000e+00
 2.6742e+00 -1.6266e+00  9.4909e-01  1.8414e+00  6.2052e-01  3.2813e+00  3.8135e+00  1.0000e+00
-1.2272e+00 -3.3361e+00  7.8456e+00 -4.1636e+00 -1.1846e+01  2.6477e+01  2.9304e+01  1.0000e+00
-1.8432e-01  4.2474e-01  2.0766e-01 -2.9159e+01  1.4061e+01 -1.5103e+01  3.5722e+01  1.0000e+00
-1.5507e-01  5.6379e-01  2.1442e-01  1.4216e+01  3.9755e+00 -8.3687e+00  1.6969e+01  1.0000e+00
-1.0944e+01  1.8364e+00 -3.2553e+00 -3.5989e+01  8.6232e+00 -9.5479e+00  3.8220e+01  1.0000e+00
-1.1574e-01  4.3038e-01  2.4534e-01  1.9168e+01  3.5333e+00 -1.8135e+00  1.9575e+01  1.0000e+00
-2.9549e-01  5.9811e-01  2.0934e-01 -1.6663e+01 -6.0093e+00  1.4728e+01  2.3037e+01  1.0000e+00
-1.9444e-01  5.8356e-01  2.4935e-02  3.0480e+00 -1.2512e+01  1.7293e+01  2.1561e+01  1.0000e+00
-4.0060e+00 -1.4572e+01 -1.6208e+01 -1.4968e+01 -4.4821e+01 -5.2332e+01  7.0509e+01  1.0000e+00
 1.0263e+01 -9.0889e+00  2.5853e+00  3.5741e+01 -3.1468e+01  8.8188e+00  4.8429e+01  1.0000e+00
-2.6418e-01  9.2395e-01  1.0580e+00 -2.1302e+00  8.2026e+00  8.2273e+00  1.1811e+01  1.0000e+00
 8.4155e-01 -2.1436e-01 -1.6217e+00 -1.0817e+00  2.5381e+00  4.2343e+00  5.0539e+00  1.0000e+00
-5.3792e-01  3.8606e-01  3.9640e-01 -5.0208e+00  1.2458e+01 -1.3602e+01  1.9116e+01  1.0000e+00
 8.4612e-01 -7.7888e-01 -1.8236e+00  1.1599e+00  3.2802e+00  1.3388e+00  3.7279e+00  1.0000e+00
 1.0278e-01  3.5246e-01  7.9329e-01  5.6301e-01  5.9429e+00  7.5953e+00  9.6605e+00  1.0000e+00
-3.1634e-01  5.4783e-01  2.8228e-02  2.0512e+01 -2.4111e+01  7.3336e-01  3.1665e+01  1.0000e+00
-5.6509e+00  8.6954e+00 -4.7514e+00 -1.9479e+01  3.0814e+01 -1.6108e+01  3.9855e+01  1.0000e+00
 2.4364e-02  5.9742e-01  1.9446e-01 -3.3324e+00  1.5814e+01 -1.6861e+01  2.3355e+01  1.0000e+00
-9.9886e-01  4.5932e-01  1.0741e-01  1.5537e+01  2.4770e+00  9.7154e+00  1.8491e+01  1.0000e+00
 4.2713e-02  2.6004e-01  2.4520e-01 -2.0918e+01 -1.3868e+00  6.6454e-01  2.0975e+01  1.0000e+00
-1.7718e-01  4.2374e-01  1.4520e-01 -1.3221e+01  1.3863e+01 -5.2789e+00  1.9871e+01  1.0000e+00
-5.3413e-02  2.0696e-01  3.4209e-01  1.7243e+01 -2.9167e+00  1.7609e+01  2.4818e+01  1.0000e+00
-8.2302e-02  7.6735e-01  4.7401e-03 -7.8739e+00  4.1440e-01  4.2739e+00  8.9686e+00  1.0000e+00
-4.4412e-01  3.7435e-01  8.4652e-02  1.3485e+01  2.7690e+00  1.1553e+01  1.7972e+01  1.0000e+00
-3.7700e-01  6.2867e-01  1.8310e-01 -9.3536e+00  2.2134e+01 -9.4943e+00  2.5837e+01  1.0000e+00
 3.6822e-02  4.5431e-01  1.8474e-01  6.7735e+00 -7.8074e+00 -7.0438e+00  1.2508e+01  1.0000e+00
-2.6095e-01  6.2720e-01 -2.3891e-01  1.3162e+01  6.2162e+00  1.1543e+01  1.8577e+01  1.0000e+00
 2.7719e+00 -4.4527e+00  7.4658e+00  8.4363e+00 -1.3223e+01  2.5862e+01  3.0246e+01  1.0000e+00
-1.8479e-01  5.9620e-01  9.8795e-02 -2.6229e+01  8.6100e+00 -5.5357e+00  2.8155e+01  1.0000e+00
 2.0021e+01 -1.3750e+01 -2.8346e+01  6.9252e+01 -4.7263e+01 -9.5438e+01  1.2704e+02  1.0000e+00
-3.0937e-01  4.3996e-01  2.9627e-01  2.2741e+00  2.3105e+01  1.4553e+01  2.7401e+01  1.0000e+00
-1.3482e+00  2.2661e+00  2.2984e+00 -2.5768e+00  6.1473e+00  2.0446e+00  6.9720e+00  1.0000e+00
 5.3340e+00 -1.8530e+00 -1.4224e+00  1.8224e+01 -4.2783e+00 -3.2230e+00  1.8995e+01  1.0000e+00
-2.5419e-01  5.8301e-01  8.5679e-02  2.1190e+01  1.4344e+01  5.2808e+00  2.6127e+01  1.0000e+00
-5.8159e-01 -5.1865e-01  1.2158e+00  1.4693e+00 -9.0405e+00  6.9619e+00  1.1505e+01  1.0000e+00
-9.1174e-02  2.4874e-01  3.5194e-01 -1.1926e+01  1.2927e+00 -2.2712e+00  1.2209e+01  1.0000e+00
-1.6899e-01  3.7982e-01  1.1173e-01 -2.3734e+01  3.7055e-02 -2.5697e+00  2.3873e+01  1.0000e+00
-1.0900e-01  4.9621e-01  2.8217e-01 -2.9040e+00  4.5630e+00  1.2032e+01  1.3192e+01  1.0000e+00
 8.5111e-01 -2.0461e-02  5.4870e-02  4.9349e+00  2.5826e-01 -4.0563e+00  6.3932e+00  1.0000e+00
 3.6081e-01  1.1397e+00  1.4486e-01 -2.6140e+00 -4.0526e-01  3.3008e+00  4.2299e+00  1.0000e+00
-9.9453e-01  1.2299e+00  1.0702e+00  5.6767e-01  7.6613e+00  7.2927e+00  1.0593e+01  1.0000e+00
 5.0244e-01 -4.1036e+00  7.3050e+00  1.6353e+00 -1.3588e+01  2.3874e+01  2.7519e+01  1.0000e+00
-7.9110e+00  6.3286e+00 -4.9601e+00 -5.8462e+01  4.4581e+01 -3.7489e+01  8.2527e+01  1.0000e+00
-2.2947e-01  7.2930e-01 -1.7836e-01 -1.0190e+01 -1.5022e+01  1.6201e+01  2.4331e+01  1.0000e+00
 5.8280e-01 -1.0100e-01  6.3620e-01  3.1801e+00 -3.5039e+00  2.1956e-02  4.7319e+00  1.0000e+00
-3.7221e-01  4.0217e-01  2.3371e-01  2.2462e+00  1.8390e+00  1.8169e+01  1.8400e+01  1.0000e+00
 2.1056e-01  1.1487e+00 -1.5034e-01  5.6536e+00  1.4078e+01 -1.1180e+01  1.8845e+01  1.0000e+00
 5.7541e-01  7.5465e-01  4.6770e-01 -1.5277e+00 -2.2850e+00 -2.2978e+00  3.5825e+00  1.0000e+00
-9.9832e-01  8.1796e-01  5.8373e-01 -4.9066e+00 -1.9767e+00 -1.4123e+00  5.4751e+00  1.0000e+00
-6.9692e+00  5.8539e+00 -1.9611e+00 -2.2981e+01  1.9417e+01 -6.3841e+00  3.0756e+01  1.0000e+00
 4.0232e+00 -3.1221e+00 -1.2306e+01  1.4243e+01 -1.1237e+01 -4.3594e+01  4.7218e+01  1.0000e+00
-1.9350e-01  2.4185e-01  1.0051e-01  1.0355e+00 -1.2332e+01  1.5462e+01  1.9804e+01  1.0000e+00
-3.2600e-01 -8.2399e+00 -5.8596e+00  1.1877e+00 -2.7511e+01 -1.9340e+01  3.3650e+01  1.0000e+00
-2.9232e+00  2.7418e+00 -1.1710e+01 -1.0656e+01  1.0094e+01 -4.1013e+01  4.3560e+01  1.0000e+00
 1.4972e+00 -7.2535e+00  4.5569e-02  4.7518e+00 -2.4132e+01  2.5633e-01  2.4597e+01  1.0000e+00
 5.6460e-01  1.4109e+00  5.6990e-02  4.1112e+00  1.5857e+00  1.0121e+00  4.5211e+00  1.0000e+00
-1.3938e+00 -1.7161e+00 -8.0025e+00 -4.6998e+00 -6.4020e+00 -2.5750e+01  2.6947e+01  1.0000e+00
 3.9607e-01  1.6301e+00  1.3019e+00  6.4724e+00  1.1906e+01  1.2085e+01  1.8157e+01  1.0000e+00
-3.4465e-01  7.3299e-01 -8.8912e-02 -7.6823e+00 -3.8991e+00 -1.5148e+01  1.7427e+01  1.0000e+00
 3.5576e+00  2.5653e+00  5.0982e+00  1.8820e+01  1.0369e+01  2.5669e+01  3.3475e+01  1.0000e+00
 6.7090e-02  3.5372e-01  3.9695e-01 -1.2791e+00  7.7333e+00 -1.4608e+00  7.9733e+00  1.0000e+00
 4.7576e+00 -6.1596e+00 -2.4738e+00  1.6932e+01 -1.9563e+01 -8.0032e+00  2.7082e+01  1.0000e+00
-1.6232e-01  2.9162e-01  2.0770e-01  1.2120e+01  4.9064e+00 -1.9077e+00  1.3214e+01  1.0000e+00
 1.7181e-01  6.0401e-01  3.8568e-01 -5.2922e+00  8.5794e-01  3.2860e+00  6.2882e+00  1.0000e+00
-8.3413e+00 -3.7810e+00 -2.6721e+00 -2.8119e+01 -1.2576e+01 -8.6327e+00  3.1989e+01  1.0000e+00
 4.5402e+00  2.2351e+00  4.1649e+00  1.3682e+01  8.0955e+00  1.4478e+01  2.1502e+01  1.0000e+00
-1.4389e-01  4.3721e-01  2.4359e-01 -1.2679e+00 -4.3952e+00  2.6527e+01  2.6919e+01  1.0000e+00
 3.2230e+00 -1.0706e+01 -8.4136e-01  1.1622e+01 -3.7394e+01 -2.9632e+00  3.9270e+01  1.0000e+00
-3.6584e-01  5.0097e-01  1.1718e-01 -2.0120e+01 -5.2588e-01 -1.0311e+01  2.2614e+01  1.0000e+00
-1.4766e+01 -1.3702e+00  2.1824e+01 -5.7033e+01 -5.5898e+00  8.4132e+01  1.0179e+02  1.0000e+00
 6.1332e+00 -1.0719e+01 -8.6759e+00  2.2170e+01 -3.7985e+01 -3.0939e+01  5.3773e+01  1.0000e+00
-8.6747e-01  8.4320e-01  3.5534e-01 -1.2704e+01  7.9382e+00  4.3375e+00  1.5595e+01  1.0000e+00
 3.6707e-01 -1.4044e-01  3.4689e-01 -5.5247e+00  3.8939e+00 -5.1406e+00  8.4918e+00  1.0000e+00
-3.4591e-01  9.0039e-02  1.1695e-01 -5.3702e+00  1.6589e+00 -8.1414e+00  9.8931e+00  1.0000e+00
-3.9615e+00 -1.0849e+00 -2.9959e+00 -1.1477e+01 -2.0748e+00 -8.3320e+00  1.4333e+01  1.0000e+00
 7.4788e-01  8.0503e-01  1.5800e-01  1.4445e+01  7.9184e+00 -9.7488e-01  1.6502e+01  1.0000e+00
-2.0611e-03  5.7381e-01  1.7045e-01  2.2422e+00 -1.9884e+01 -9.1026e+00  2.1983e+01  1.0000e+00
-1.6709e-01 -8.1869e+00 -5.8263e+00 -2.1186e+00 -2.7244e+01 -1.9869e+01  3.3786e+01  1.0000e+00
-1.0618e-01  2.7998e-01  2.3861e-01 -9.8589e+00  4.5185e+00 -2.5957e+00  1.1151e+01  1.0000e+00
-1.5807e-01  4.3988e-01 -1.9519e-01 -4.0607e+00 -3.2079e+00  1.0378e+01  1.1597e+01  1.0000e+00
-8.9067e-02  3.5632e-01  1.8761e-01  1.7797e+00  2.1207e+01 -3.2381e+00  2.1527e+01  1.0000e+00
-3.0291e-01  5.5935e-01  1.8363e-01 -5.9203e+00  1.1149e+01 -3.6970e+01  3.9065e+01  1.0000e+00
-3.4983e-02  5.1257e-01  1.3692e-01  5.0040e+00 -1.7934e+01 -2.8879e+00  1.8842e+01  1.0000e+00
-1.6109e+01 -1.8905e+01  8.7224e+00 -5.1442e+01 -6.2682e+01  2.9586e+01  8.6317e+01  1.0000e+00
-2.2738e-01  7.3748e-01  1.7740e-01 -1.4911e+01 -3.2442e+00 -1.8230e+01  2.3773e+01  1.0000e+00
-1.0790e+00  1.8020e+00 -9.0058e-01 -8.3470e+00  1.4170e+01 -6.8599e+00  1.7819e+01  1.0000e+00
-2.3331e-01  3.2466e-01  2.5103e-01 -2.4556e+00 -1.9005e+01 -6.2210e+00  2.0148e+01  1.0000e+00
-5.1950e-01  5.1716e-01  1.1861e-01 -7.0789e+00  1.5879e+01 -5.5337e+00  1.8245e+01  1.0000e+00
-4.4027e-01  6.7038e-01  3.0802e-01 -1.8582e+01  6.5092e+00  1.0930e+00  1.9719e+01  1.0000e+00
 7.1039e-01  8.8948e-01  1.0451e-02 -3.6355e-01 -3.5289e+00  1.2354e+00  3.7566e+00  1.0000e+00
-4.5143e-01  2.4699e-01 -3.7096e-01  7.9583e+00  1.0209e+01  4.0342e+00  1.3559e+01  1.0000e+00
-4.4119e-02 -7.2417e+00  3.5322e+00 -2.4086e-01 -2.4220e+01  1.1371e+01  2.6758e+01  1.0000e+00
-9.0796e+00 -5.5500e+00 -3.3390e+00 -3.1371e+01 -1.8102e+01 -1.0403e+01  3.7683e+01  1.0000e+00
-1.1289e+00 -1.2630e+00 -5.2044e-01 -6.1452e+00  3.8447e+00 -8.7368e-01  7.3013e+00  1.0000e+00
 2.6819e-03  3.9122e-01  3.0993e-01  3.2290e+00 -2.6497e-01  2.8719e+01  2.8901e+01  1.0000e+00
 1.1685e+01 -4.2175e+00 -7.3517e-01  4.1121e+01 -1.4606e+01 -2.2915e+00  4.3698e+01  1.0000e+00
 6.9006e-02  1.1878e+00 -4.7576e-01 -1.2963e+01  7.9386e+00  3.7497e-01  1.5206e+01  1.0000e+00
 1.2118e+02 -1.5027e+02  9.8890e+01  3.8386e+02 -4.7418e+02  3.0947e+02  6.8408e+02  1.0000e+00
-1.2808e-01  7.4731e-01  5.6880e-02  2.1526e+01 -8.5104e+00  9.3388e+00  2.4960e+01  1.0000e+00
 2.7924e-02  4.7938e-01  5.8078e-01  1.1507e+01  4.2729e+00 -5.0065e+00  1.3257e+01  1.0000e+00
-2.4381e-01  3.8517e-01  1.8394e-01  8.7580e+00  4.8570e+00  1.2854e+01  1.6295e+01  1.0000e+00
 6.7115e+00  5.4746e+00  4.3700e-01  2.2118e+01  1.7708e+01  1.9200e+00  2.8399e+01  1.0000e+00
-4.7704e+00 -1.3587e+00  2.3825e+00 -2.0307e+01 -4.8653e+00  1.1253e+01  2.3720e+01  1.0000e+00
 1.6697e+00 -9.0339e+00  5.4843e-01  5.3732e+00 -3.0212e+01  1.2611e+00  3.0712e+01  1.0000e+00
-4.6756e-01  3.4882e-01 -4.0270e-01 -3.9873e-01  3.3549e+00 -3.8485e+00  5.1211e+00  1.0000e+00
 4.7775e-01  4.2855e+00 -6.5372e+00  1.3688e+00  1.3762e+01 -2.1635e+01  2.5677e+01  1.0000e+00
-1.4486e+01  4.8699e+00  5.3184e+00 -6.8764e+01  2.3120e+01  2.5058e+01  7.6753e+01  1.0000e+00
-1.6314e-01  5.2169e-01  1.0735e-01  5.4178e+00  2.9073e+01 -5.3943e+00  3.0061e+01  1.0000e+00
-1.2683e-01  1.4969e+00  3.3081e-01 -5.5293e+00 -6.9419e-01  4.6479e+00  7.2566e+00  1.0000e+00
 8.5663e-02  4.4502e-01  5.5293e-01 -6.4651e-01 -5.7613e+00 -7.1644e+00  9.2162e+00  1.0000e+00
 5.4763e-01  4.9673e-01 -2.2909e-01  1.8684e+01 -3.8083e+00 -7.7182e+00  2.0571e+01  1.0000e+00
 9.0076e-01 -9.0547e+00  7.1854e+00  2.9804e+00 -3.1581e+01  2.5099e+01  4.0450e+01  1.0000e+00
 3.1013e+00 -5.7005e+00  2.4239e+00  2.3804e+01 -4.4682e+01  1.7468e+01  5.3556e+01  1.0000e+00
 8.9692e-02  5.8070e+00  7.4817e-01 -3.3158e+00  1.7686e+01  3.2838e+00  1.8291e+01  1.0000e+00
 2.9184e-02  3.6293e-01  4.1958e-01 -8.7375e+00 -1.3011e+01 -8.4706e-01  1.5695e+01  1.0000e+00
 2.2929e+00 -1.1097e+00  5.2543e-01  2.2324e-01  1.1273e+00  6.0648e-01  1.2994e+00  1.0000e+00
-9.4869e-02  2.6814e-01  1.3638e-01  2.4482e+01  5.6955e+00 -1.1174e+01  2.7507e+01  1.0000e+00
 4.9997e+00 -1.9281e+00  2.8172e+00  1.5678e+01 -4.1377e+00  8.2672e+00  1.8200e+01  1.0000e+00
 1.8642e-01  1.6059e-01  6.4763e-01  2.7198e+00  1.2922e+00 -5.9381e+00  6.6579e+00  1.0000e+00
-1.0161e-01  5.5847e-01  3.2769e-02 -8.1967e+00  1.7841e+01  1.3802e+01  2.3999e+01  1.0000e+00
-3.5899e-01  7.0676e-01  1.7488e-01  8.3720e+00 -5.4254e+00  1.5126e+01  1.8120e+01  1.0000e+00
-2.0064e+00 -1.7317e+00 -9.8933e+00 -6.5081e+00 -5.5155e+00 -3.3715e+01  3.4778e+01  1.0000e+00
-1.1182e+00 -5.4524e-01  2.5575e+00 -2.4021e+00 -1.6040e+00  9.0230e+00  9.4740e+00  1.0000e+00
 1.1865e+01 -3.1892e-01 -2.6730e+00  4.1682e+01 -7.5228e-01 -8.6971e+00  4.2586e+01  1.0000e+00
-8.4861e-02  7.2447e-02  2.6153e-01 -3.2173e+00  1.5095e+01  1.1158e+01  1.9045e+01  1.0000e+00
 4.1027e+00 -5.5641e-01  1.0790e+01  1.4739e+01 -2.6397e+00  3.8361e+01  4.1180e+01  1.0000e+00
-2.0166e-01  5.6034e-01  1.3477e+00  2.4969e+00  1.1389e+00  8.7194e+00  9.1411e+00  1.0000e+00
-8.4211e-01  3.2492e-01 -1.4483e-01  5.4700e+00  1.5454e+01 -1.4651e+01  2.1986e+01  1.0000e+00
-4.8843e+00  8.2332e-01  7.8094e+00 -1.5914e+01  2.7124e+00  2.6344e+01  3.0897e+01  1.0000e+00
-4.0188e-01  5.0176e+00 -1.1389e-02 -4.3544e+00  1.0730e+01 -1.0982e+00  1.1632e+01  1.0000e+00
-7.2549e-02  6.7503e-01 -2.5033e-02 -1.8011e+00 -1.9645e+00 -1.0034e+01  1.0382e+01  1.0000e+00
 7.8015e-01  1.9134e+01  1.2700e+01  2.8532e-01  6.3586e+01  4.0549e+01  7.5415e+01  1.0000e+00
-3.3502e+00  3.0020e+00 -1.4846e+00 -8.6309e+00  7.3887e+00 -1.8392e+00  1.1509e+01  1.0000e+00
-3.2792e-01  1.1810e+00 -1.6727e-01 -8.8296e+00 -8.2556e-01  8.8321e+00  1.2516e+01  1.0000e+00
 2.3794e-01  3.4489e-01 -9.6562e-01  1.5795e+00  2.0386e+00  1.6311e+00  3.0514e+00  1.0000e+00
-9.4587e-02  1.3030e+00  6.4971e-01 -1.1174e-01  1.0226e+01  6.3277e-01  1.0246e+01  1.0000e+00
-2.3755e-01  4.1469e-01  3.2138e-01 -2.0399e+01 -4.4841e+00 -1.7841e+01  2.7468e+01  1.0000e+00
-2.9239e-01  3.7944e-01  3.6260e-02 -2.0440e+01  9.5027e+00 -5.3701e-01  2.2547e+01  1.0000e+00
-2.4441e+00 -1.2029e-01  3.1537e+00 -3.6733e+00  7.2403e-01  6.3827e+00  7.3998e+00  1.0000e+00
-2.7027e-01  6.5504e-01 -4.9303e-03  4.3689e+00 -4.0301e-01  1.2602e+01  1.3344e+01  1.0000e+00
-4.9748e+00  4.1947e+00  1.6212e+00 -2.7897e+01  2.3236e+01  7.3587e+00  3.7045e+01  1.0000e+00
-3.2708e-02  4.1792e-01  3.0051e-01 -3.7517e-01  2.0125e+01  1.5001e+01  2.5104e+01  1.0000e+00
-5.2365e-01  5.3883e-01  4.0868e-02  1.0325e+01  8.3964e+00  5.4880e+00  1.4395e+01  1.0000e+00
-2.4510e-01  6.7765e-01 -1.1566e-02  1.4523e+01  3.0916e+00  5.8062e+00  1.5943e+01  1.0000e+00
-1.3106e-01  6.2650e-01  3.6454e-01 -2.1290e+00 -8.0911e+00  1.9442e+01  2.1166e+01  1.0000e+00
 4.0185e+00 -6.9394e+00 -3.3928e+00  1.3429e+01 -2.2226e+01 -1.1376e+01  2.8351e+01  1.0000e+00
-1.5160e+00  7.5813e-01  6.5020e-01 -3.7222e-01  5.2660e+00  1.2867e+00  5.4337e+00  1.0000e+00
 5.1027e+00  1.3110e+00 -1.1972e+01  1.7957e+01  5.2970e+00 -3.8422e+01  4.2741e+01  1.0000e+00
-9.0818e-01  4.9603e+00 -3.4062e+00 -2.7281e+00  1.4869e+01 -8.5647e+00  1.7375e+01  1.0000e+00
-1.0193e+01 -3.6843e+00  2.4336e+00 -3.5980e+01 -1.2320e+01  8.5403e+00  3.8978e+01  1.0000e+00
 1.2641e+01 -1.2339e+00 -5.2331e+00  4.5392e+01 -4.3225e+00 -1.8447e+01  4.9187e+01  1.0000e+00
 4.8703e+00 -2.6799e+01  1.6578e+01  1.7621e+01 -9.7760e+01  6.0771e+01  1.1645e+02  1.0000e+00
-2.1561e-01  5.4156e-01  2.6037e-02  1.3561e+01 -2.1078e+01 -1.0918e+01  2.7338e+01  1.0000e+00
-4.0834e-01  7.8797e-01  2.4465e-01 -1.4097e+01  9.8275e+00  1.1770e+01  2.0829e+01  1.0000e+00
-4.6590e-01  5.3966e-01  4.8796e-02 -2.0011e+01  1.8504e+01  4.5045e+00  2.7625e+01  1.0000e+00
-6.5183e-01  6.8220e-01  4.3115e-01 -1.8267e+01 -3.2257e-01  1.2177e+01  2.1956e+01  1.0000e+00
-6.4075e+00 -3.3970e+00 -3.2731e+00 -2.1517e+01 -9.9301e+00 -1.1086e+01  2.6163e+01  1.0000e+00
-9.7061e-02  6.8058e-01  1.2356e-01 -1.7119e+01  8.1780e+00 -2.6059e+01  3.2233e+01  1.0000e+00
-8.8287e-02  6.5853e-01  6.3456e-01 -2.0539e+01 -1.0283e+01 -1.8850e+00  2.3047e+01  1.0000e+00
-9.2690e-02  6.0277e-01 -1.2523e-01 -7.4797e+00 -2.2614e+00  3.1833e+00  8.4376e+00  1.0000e+00
-5.7329e-01  4.2883e-01  2.5837e-02 -6.4502e+00  6.1513e+00 -6.6155e+00  1.1100e+01  1.0000e+00
 1.9692e+00 -2.2108e+00 -2.5596e+00  4.6639e+00 -3.4572e+00 -4.1381e+00  7.1294e+00  1.0000e+00
-2.9730e-01  3.8212e-01  1.4340e-01 -1.6618e+01 -1.9128e+00 -1.2804e+01  2.1066e+01  1.0000e+00
-2.3160e-01  3.6458e-01  1.7122e-03 -1.5809e+01 -1.0271e+01  2.4368e+00  1.9009e+01  1.0000e+00
 4.3772e+00 -5.1528e+00 -6.5112e+00  1.4515e+01 -1.7798e+01 -2.1306e+01  3.1327e+01  1.0000e+00
-2.8389e-01  5.5331e-01 -3.1502e-02  3.0350e+01  9.9125e+00 -9.5908e-01  3.1942e+01  1.0000e+00
 7.5369e-02  3.0788e-01 -8.7363e-02  2.5102e+00 -3.8932e+00 -2.3268e+00  5.1838e+00  1.0000e+00
-1.3444e-01  4.2153e-01  8.0212e-02 -3.0563e+01  8.3356e+00  1.2902e+01  3.4206e+01  1.0000e+00
-6.5168e-01  1.1023e+00  1.4453e+00 -1.8508e+00 -5.8162e+00  2.1582e+00  6.4739e+00  1.0000e+00
 3.6225e-01  2.5408e-01 -2.2563e-01  3.6968e+01 -1.9257e+01 -2.5330e+01  4.8776e+01  1.0000e+00
-1.7455e-01  5.8310e-01  2.4174e-01 -8.1392e-01 -1.4790e+01 -4.1817e+00  1.5392e+01  1.0000e+00
 7.8747e-01 -2.0863e-01  8.5224e-02 -7.7435e+00  1.2572e+01  3.1724e+00  1.5102e+01  1.0000e+00
-1.0454e+01  2.5447e+00  5.1143e+00 -6.0497e+01  1.4511e+01  2.9875e+01  6.9014e+01  1.0000e+00
-3.3365e-01  5.5848e-01  2.2836e-01  1.6743e+01  4.5190e+00  3.2888e+00  1.7652e+01  1.0000e+00
 6.1091e+00  4.1541e+00 -6.4817e-01  1.8745e+01  1.3971e+01 -1.1513e+00  2.3407e+01  1.0000e+00
-4.7703e-01  7.1040e-02  4.7296e-01  2.9318e+00 -8.7452e-01  3.0314e+00  4.3069e+00  1.0000e+00
-6.2000e-01  4.0478e-01  7.9771e-03 -6.6478e+00  9.7509e-01 -6.9552e+00  9.6705e+00  1.0000e+00
 4.9856e-02  5.4443e-01  7.5288e-02  1.0906e+01 -1.5146e+00 -7.7269e+00  1.3451e+01  1.0000e+00
 9.9890e-01  5.9206e+00  6.5726e-03  4.4146e+00  1.6816e+01 -1.5477e+00  1.7455e+01  1.0000e+00
-1.2109e+02  1.5001e+02 -9.9904e+01 -3.7964e+02  4.7214e+02 -3.1702e+02  6.8377e+02  1.0000e+00
 2.8207e-01  4.7525e-01  1.4626e-01  1.7483e+01  2.0410e+01  8.4580e+00  2.8174e+01  1.0000e+00
-3.0702e-01  5.9071e-01  1.6121e-01 -1.0804e+01 -1.3140e+01  1.4012e+01  2.2039e+01  1.0000e+00
 1.9174e-01 -1.1958e-01  2.0974e-01  4.6428e+00 -1.4964e+01  7.2301e-01  1.5684e+01  1.0000e+00
-1.6152e-01  4.5577e-01  1.5281e-01  1.4221e+01 -8.7408e+00  2.3551e+01  2.8867e+01  1.0000e+00
 4.6068e-01  7.1787e-01  3.4001e-01  6.6873e+00 -2.5803e+00 -1.0380e+01  1.2615e+01  1.0000e+00
 4.0696e+00 -6.1311e+00 -5.8938e+00  1.4182e+01 -1.9401e+01 -2.0254e+01  3.1428e+01  1.0000e+00
 1.8717e+00 -4.7738e-01 -2.1379e-02  8.3252e+00 -1.1154e+00  1.2848e+00  8.4973e+00  1.0000e+00
-1.7045e+00  3.8204e-02  1.3823e+00 -4.7794e+00 -6.7908e-01  8.4202e+00  9.7059e+00  1.0000e+00
-4.3446e-03  4.0553e-01  2.6537e-01 -7.5233e+00 -9.9934e+00 -3.1463e+01  3.3859e+01  1.0000e+00
-8.8826e+00  4.2309e-01  7.5259e+00 -3.0983e+01  2.2912e+00  2.6802e+01  4.1031e+01  1.0000e+00
-4.6179e-01  5.3150e-01 -1.3224e-01  8.8597e+00 -9.0584e+00 -1.0893e+01  1.6709e+01  1.0000e+00
-1.3560e-01  6.5476e-01 -6.3612e-03 -9.1894e+00 -6.9696e+00  9.6714e+00  1.5052e+01  1.0000e+00
-5.9984e+00  5.3784e+00 -9.6517e+00 -2.0972e+01  1.9353e+01 -3.3881e+01  4.4298e+01  1.0000e+00
 1.0127e+01 -6.9640e+00  2.7704e+00  3.5493e+01 -2.4045e+01  9.9137e+00  4.4002e+01  1.0000e+00
 5.6212e+00 -3.4423e+00  6.1623e+00  1.8292e+01 -1.1276e+01  2.0911e+01  2.9984e+01  1.0000e+00
-8.6724e-01  6.4767e-01  1.8947e-01 -3.2169e+00 -1.7741e+00 -8.9436e+00  9.6688e+00  1.0000e+00
-1.7942e-01  5.7744e-01  1.1280e-01  7.6806e+00  9.2051e-01  4.2272e+00  8.8152e+00  1.0000e+00
-9.0678e-04  3.6428e-01  1.5825e-02 -5.1426e+00  1.9663e+00  8.9347e-01  5.5777e+00  1.0000e+00
-4.7956e+00  9.2475e-01  1.7169e+00 -1.3199e+01  1.1817e+00  3.7893e+00  1.3783e+01  1.0000e+00
-6.3292e-02  6.2776e-01  1.3160e-01  2.1144e+00  1.9675e+01 -1.9119e+01  2.7516e+01  1.0000e+00
-1.6319e-01  7.4839e-01  3.9172e-01 -6.9218e+00  6.7776e+00 -5.9526e+00  1.1370e+01  1.0000e+00
-4.8772e-01  5.3492e-01  4.0668e-02  6.7738e+00 -1.5324e+01  2.4739e+00  1.6936e+01  1.0000e+00
-9.5972e-02  1.6786e-01  3.8132e-01  1.7148e-01 -4.5346e+00  9.3589e+00  1.0401e+01  1.0000e+00
-4.2467e+00  3.7677e+00 -3.5548e+00 -1.2840e+01  1.3972e+01 -1.0770e+01  2.1819e+01  1.0000e+00
-4.1776e-02  1.7310e-01  1.9071e-01  2.0658e+01  7.4202e+00  9.1911e+00  2.3797e+01  1.0000e+00
-3.1326e+00  2.0087e+00 -7.7647e+00 -1.0584e+01  6.6522e+00 -2.5518e+01  2.8415e+01  1.0000e+00
-5.7994e-01  5.3857e+00  2.5409e+00 -5.8651e+00  1.4933e+01  5.0912e+00  1.6832e+01  1.0000e+00
-9.5511e+00 -2.2352e+00 -2.8781e+00 -3.4038e+01 -6.9878e+00 -8.7887e+00  3.5842e+01  1.0000e+00
-8.6701e-01  8.0349e-01  9.2007e-02 -2.1127e+01  1.0475e+00  2.0781e+00  2.1255e+01  1.0000e+00
-5.9447e-02 -2.2549e-02 -1.6828e+00  7.8471e-02 -2.7152e+00 -1.1461e+01  1.1778e+01  1.0000e+00
-5.0033e-01  5.5498e-01  5.0200e-01 -1.5505e+00 -5.5596e+00 -1.3534e+01  1.4714e+01  1.0000e+00
 1.1924e-01  4.5389e-01  1.9101e-01 -1.2002e+01  2.3230e+01  1.3521e+01  2.9437e+01  1.0000e+00
-2.0071e-01  1.6518e-01  6.1277e-01 -4.2091e-01  1.6576e+01 -3.5039e+00  1.6947e+01  1.0000e+00
 8.3883e-02  7.2074e-01  9.7016e-02 -6.1929e+00  1.1096e+01 -8.0142e-01  1.2732e+01  1.0000e+00
-9.8138e-01 -3.9680e-01  5.6357e-01  1.8041e+00  5.7212e+00  3.1999e+00  6.7990e+00  1.0000e+00
 2.2469e+00 -1.3448e+00  1.3258e+00  5.3344e+00 -1.6415e+00 -4.0045e+00  6.8692e+00  1.0000e+00
-1.7484e-01  6.7447e-01  3.5901e-01  2.9569e+00 -2.3836e+00 -2.0490e+01  2.0839e+01  1.0000e+00
-5.7239e-01  9.7477e-01 -2.0590e-01 -3.6892e+00  8.7408e+00 -6.0734e+00  1.1265e+01  1.0000e+00
-1.2766e+01  1.4693e+01 -9.0360e+00 -4.2042e+01  4.4323e+01 -2.6708e+01  6.6674e+01  1.0000e+00
-3.7284e-02  2.2392e-01 -1.2290e+00  1.7956e+00  7.3879e-01 -1.0902e+01  1.1073e+01  1.0000e+00
 2.3987e+00  1.0808e+00 -7.9022e-01  1.3303e+00  6.7937e+00 -1.4000e+00  7.0629e+00  1.0000e+00
-3.0331e-01  5.7815e-01  1.4508e-01 -9.9734e+00  2.0697e+00 -5.9411e-02  1.0186e+01  1.0000e+00
-2.3778e-01  4.7347e-01  3.5173e-01 -2.9043e+00 -9.6439e-01 -1.7763e+00  3.5384e+00  1.0000e+00
-2.5740e-01 -7.1154e+00 -3.7553e+00 -6.5676e-01 -2.2677e+01 -1.2837e+01  2.6066e+01  1.0000e+00
-2.8086e-01  3.4969e-01  3.8293e-01 -2.2952e+00 -1.6471e+00  1.9591e+01  1.9793e+01  1.0000e+00
 4.1640e+00 -6.1148e+00 -5.7885e+00  1.3794e+01 -2.1248e+01 -1.8470e+01  3.1351e+01  1.0000e+00
-5.0453e-01  5.3578e-01  1.9383e-01 -1.1323e+01  1.8194e-01  4.0461e+00  1.2026e+01  1.0000e+00
-3.1388e-01  6.5568e-01  5.7798e-02  1.3991e+01  1.0653e+01  1.0350e+01  2.0405e+01  1.0000e+00
 1.7521e-01  4.9177e+00  2.2414e+00  2.8442e+00  1.4175e+01  5.1296e+00  1.5341e+01  1.0000e+00
 2.0104e+00 -4.3094e+00  6.7295e+00  7.0544e+00 -1.4111e+01  2.2167e+01  2.7207e+01  1.0000e+00
-2.0250e-01  3.8534e-01  1.0754e-01 -1.0649e+01 -1.2914e+01  1.4166e+01  2.1928e+01  1.0000e+00
 2.3973e-02  3.9240e-01  1.4548e-01 -1.3376e+01  1.0318e+01 -8.8406e+00  1.9067e+01  1.0000e+00
-2.8966e-01  5.8704e-01  1.8447e-01 -3.0704e+00 -2.6570e+01  1.5826e+00  2.6793e+01  1.0000e+00
 2.6058e-01  5.7598e-01  4.1744e-01 -7.2790e+00 -1.7581e+00 -6.7932e+00  1.0110e+01  1.0000e+00
-5.2727e+00 -1.7690e+00  3.4384e+00 -1.6752e+01 -5.2843e+00  9.1404e+00  1.9802e+01  1.0000e+00
-7.5406e-02  6.2002e-01 -1.7896e-01 -3.7649e+00  8.8419e+00 -1.3235e+00  9.7007e+00  1.0000e+00
-1.6236e-01  5.9441e-01  1.9750e-02  2.4168e+01  1.5281e+01  1.1019e+01  3.0643e+01  1.0000e+00
 7.5970e+00 -9.8807e+00 -7.5606e-01  2.7153e+01 -3.4488e+01 -2.8190e+00  4.3985e+01  1.0000e+00
-2.6174e-01  3.2391e-01  3.2867e-01  6.4614e+00  9.9940e+00 -2.2744e+01  2.5669e+01  1.0000e+00
-2.0285e+00  5.7484e-01  1.1860e+00  3.4265e+00  5.2125e+00 -4.6901e+00  7.8044e+00  1.0000e+00
-1.9389e-01  6.8890e-01  4.2226e-02 -2.3718e+01  1.1143e+01 -5.7639e+00  2.6831e+01  1.0000e+00
-1.2010e-01  6.2447e-01  3.6407e-01 -7.1309e+00 -1.3694e+01  7.0102e-01  1.5456e+01  1.0000e+00
 1.9480e+00 -1.2245e+00  3.1066e-01 -4.3607e-02 -9.9007e-01 -5.5128e-02  9.9256e-01  1.0000e+00
-3.4140e-01  5.2192e-01  2.6382e-01 -1.2239e+01 -4.8566e+00 -2.4011e+01  2.7384e+01  1.0000e+00
 2.7103e-02  2.5126e-01  4.7365e-01 -1.9012e+01  7.4248e-01 -2.5105e+00  1.9191e+01  1.0000e+00
-2.7008e+00 -1.1203e+00 -7.3487e-01 -1.0721e+01 -3.7722e+00 -2.0104e+00  1.1542e+01  1.0000e+00
-3.8953e-01  5.1176e-01  3.3160e-02  1.1270e+01  1.7873e+00 -6.6104e-01  1.1430e+01  1.0000e+00
 1.1308e-01  4.4527e-01  3.0811e-01  4.0606e+00 -8.3793e+00 -5.3498e+00  1.0739e+01  1.0000e+00
-4.3500e-01  5.7302e-01  1.7843e-01 -1.1187e+01 -1.4507e+01  5.2957e-01  1.8327e+01  1.0000e+00
-2.6841e-01  6.0086e-01  9.2799e-02  9.9510e+00  1.1402e+01  1.8615e+01  2.3991e+01  1.0000e+00
 4.0373e-02  6.1187e-01  2.3031e-01  5.6354e+00 -7.0552e+00 -1.1243e+01  1.4420e+01  1.0000e+00
-2.3413e-01  5.6173e-01  3.9685e-01  2.1704e+01 -1.1912e+01 -1.2012e+01  2.7518e+01  1.0000e+00
-2.4275e-01  7.9489e-01  1.8398e-01  1.2838e+01 -1.4749e+00  8.5433e+00  1.5492e+01  1.0000e+00
-2.5805e-01  9.8737e-01  2.1151e-01 -9.8853e+00  7.1894e-01  5.2653e+00  1.1223e+01  1.0000e+00
-4.1686e+00  3.6145e+00  1.4979e+00 -8.1709e+01  6.5531e+01  3.1022e+01  1.0924e+02  1.0000e+00
 1.0376e+00  3.4270e-01 -3.2338e-01 -2.5706e+00  8.0542e+00 -6.1943e+00  1.0481e+01  1.0000e+00
-2.3951e-01  4.7807e-01  8.0313e-02  2.9902e+01  3.5666e+00 -1.5783e+01  3.3999e+01  1.0000e+00
-2.7119e+01  1.1978e+00  2.4128e+01 -2.4181e+02  7.3671e+00  2.1773e+02  3.2547e+02  1.0000e+00
-2.4951e-02  6.3616e-01  6.3133e-02 -4.7706e+00  2.0038e+01  2.9341e+00  2.0806e+01  1.0000e+00
 2.9901e-01  1.8405e+00 -2.3980e-01 -3.5891e+00 -5.2127e+00 -1.1986e+00  6.4413e+00  1.0000e+00
-1.6708e-01  3.6845e-01 -1.1525e-02  9.5016e+00  1.3947e+01 -5.2818e+00  1.7684e+01  1.0000e+00
-1.7298e+00  2.6981e+00  6.7944e+00 -4.5570e+00  6.6238e+00  1.6950e+01  1.8761e+01  1.0000e+00
 3.8929e+00  1.1797e+00  7.0839e-01  7.3774e+00  3.7761e+00  2.4311e+00  8.6368e+00  1.0000e+00
 4.6588e+00 -2.5579e+00 -4.0404e+00  1.4157e+01 -8.6347e+00 -1.2054e+01  2.0500e+01  1.0000e+00
 1.1823e-01  3.9970e-01  2.7716e-01  5.8991e+00  3.4478e+00 -1.3363e+01  1.5009e+01  1.0000e+00
 6.0251e+00 -6.2173e+00 -9.2488e+00  2.1549e+01 -2.1666e+01 -3.1934e+01  4.4199e+01  1.0000e+00
-1.1052e-01  5.1380e-01  2.5212e-01 -2.6998e+00  1.0015e+01 -2.4658e+00  1.0662e+01  1.0000e+00
-6.7137e-02  5.3743e-01  1.7254e-02 -7.8423e+00  7.5938e+00  1.4308e+01  1.7997e+01  1.0000e+00
-2.5228e-01  6.1443e-01  3.9873e-02  7.8077e+00  4.7858e-01  1.9766e+00  8.0682e+00  1.0000e+00
-1.2749e-01  5.4117e-01  2.6586e-01 -7.0210e+00  1.0546e+01 -8.7473e+00  1.5396e+01  1.0000e+00
-1.3260e-01  6.0145e-01  1.9412e-01 -2.1282e+01 -2.6898e+01  5.4939e+00  3.4736e+01  1.0000e+00
 3.5100e-01  7.6423e-01 -1.1858e-01 -5.0625e+00  3.3577e-02  1.6217e+01  1.6989e+01  1.0000e+00
-1.3038e-01  2.9451e-01 -2.7379e-01  8.1094e-01  9.8670e+00 -2.8020e+00  1.0289e+01  1.0000e+00
-2.7744e-01  8.9427e-01 -9.4705e-02  6.3597e+00  5.8890e+00 -1.3776e+01  1.6276e+01  1.0000e+00
-1.5887e+00  1.1989e+00  1.1732e+00 -3.7288e+00  5.2719e-01  5.3218e+00  6.5195e+00  1.0000e+00
-1.1307e-01  4.5144e-01  1.7715e-01  1.6851e+01  2.0688e+01  1.6575e+01  3.1411e+01  1.0000e+00
-1.8157e+00  2.3697e+00  7.0615e+00 -4.8139e+00  8.0554e+00  2.2722e+01  2.4583e+01  1.0000e+00
-8.4193e-01  2.1576e-01 -1.0524e+00 -6.4505e+00 -7.7647e+00  1.1189e+00  1.0156e+01  1.0000e+00
-3.3762e-01  5.6959e-01  5.3239e-02  1.2184e+01  4.3353e+00  1.1068e+01  1.7022e+01  1.0000e+00
-1.0153e-01  1.2594e-01  2.1304e-01  9.3330e-02 -8.6422e-01 -2.3822e+00  2.5359e+00  1.0000e+00
-9.9320e-01  2.0638e+00  2.0493e+00  3.3072e+00  3.0720e+00  1.7139e+00  4.8283e+00  1.0000e+00
 4.8360e+00 -1.2118e+01  2.1083e+01  1.5629e+01 -3.9451e+01  7.0978e+01  8.2696e+01  1.0000e+00
 8.8882e+00  1.7131e+00  8.2985e+00  3.1087e+01  5.8931e+00  2.9513e+01  4.3268e+01  1.0000e+00
 1.2416e+00 -2.9096e-01 -1.6430e-01 -4.9632e+00  7.5815e+00  4.9057e+00  1.0304e+01  1.0000e+00
-1.1912e-01  7.1776e-01  2.1835e-01  2.5274e+01  1.8616e+00  3.4155e+00  2.5572e+01  1.0000e+00
 1.2099e-01  3.8290e-01 -3.7987e-02  5.8373e-01  6.7097e+00  2.0634e+00  7.0440e+00  1.0000e+00
-2.3777e+00  1.4462e+00  9.4380e+00 -8.2054e+00  5.6430e+00  3.2354e+01  3.3852e+01  1.0000e+00
-6.3716e+00 -1.6924e+00 -6.2585e+00 -2.0955e+01 -2.6450e+00 -1.9447e+01  2.8710e+01  1.0000e+00
 1.1599e-01  1.6997e+00 -4.2680e-01 -7.7708e+00 -5.6326e+00  5.4928e+00  1.1058e+01  1.0000e+00
-3.0020e+00 -4.6027e+00 -5.4741e-01 -1.2795e+01 -2.3277e+01 -1.4041e+00  2.6600e+01  1.0000e+00
-4.0767e-01  5.8185e-01  1.7006e-01 -3.0712e+01 -1.8329e+01  1.7562e+01  3.9845e+01  1.0000e+00
-1.1807e-01  4.0069e-01  2.6418e-01  2.4505e+01  2.4352e+00  2.0098e+00  2.4708e+01  1.0000e+00
-3.5343e-01  1.7691e-01  4.5582e-02 -1.9290e+01 -2.3285e+01 -5.9722e+00  3.0822e+01  1.0000e+00
-1.6859e-01  4.1621e-01  1.1857e-01 -4.1981e+00  1.7254e+01 -1.6505e+01  2.4244e+01  1.0000e+00
 2.6043e-01  4.7461e-01  2.0811e-01  8.3797e+00  1.2200e+01  4.6073e+00  1.5501e+01  1.0000e+00
-3.2647e+00  1.0169e+01 -1.3524e+00 -1.0987e+01  3.5060e+01 -4.3926e+00  3.7003e+01  1.0000e+00
 2.6742e+00  1.0591e-01  1.9898e+00  5.8271e+00  4.1042e+00  8.3554e+00  1.0982e+01  1.0000e+00
-6.3227e+00 -3.5797e-01 -1.5826e+00 -1.9261e+01  2.8758e-01 -5.1568e+00  1.9941e+01  1.0000e+00
-3.3586e-01  5.6548e-01  2.2654e-01 -1.3158e+01  1.3484e+01 -4.2292e+01  4.6299e+01  1.0000e+00
-5.1921e+00 -2.1943e+00  3.4447e+00 -1.4856e+01 -5.9421e+00  1.1107e+01  1.9478e+01  1.0000e+00
-2.2448e-01  5.2578e-01  5.2186e-02  2.2775e+01 -1.9790e+00  2.5327e+01  3.4118e+01  1.0000e+00
 1.1818e+01  4.2067e+00  1.0112e+00  4.1233e+01  1.5067e+01  3.3931e+00  4.4030e+01  1.0000e+00
 4.4045e+00  6.2894e+00  6.6771e-01  1.4854e+01  2.0235e+01  3.1710e+00  2.5302e+01  1.0000e+00
-9.1879e+00 -5.6656e+00 -3.4314e+00 -3.3116e+01 -1.9930e+01 -1.3042e+01  4.0792e+01  1.0000e+00
-2.4566e-01 -1.2102e+00 -8.6454e-01 -5.5844e+00  2.8199e-01  3.5871e+00  6.6432e+00  1.0000e+00
-9.1902e+00 -3.3123e-01 -2.3844e+00 -3.1497e+01 -4.2183e-01 -8.3129e+00  3.2578e+01  1.0000e+00
-3.5234e-01  7.3191e-01  7.9436e-01 -1.0729e+00  4.0962e+00  1.4020e+01  1.4646e+01  1.0000e+00
 6.9956e-02  1.7128e+00 -4.6133e-01 -3.3719e+00 -5.0626e+00  1.1274e+01  1.2810e+01  1.0000e+00
-2.0464e+00  7.5055e+00 -3.0594e+00 -6.2206e+00  2.5267e+01 -9.1497e+00  2.7583e+01  1.0000e+00
 7.8531e+00  6.6096e+00 -5.0003e+00  4.7476e+01  3.8429e+01 -2.9655e+01  6.7898e+01  1.0000e+00
-3.0097e-01  1.4228e+00  2.7796e-01  5.6017e+00  3.5360e+00 -4.9673e+00  8.2799e+00  1.0000e+00
-1.2091e+00 -1.9918e-01 -2.6410e+00 -5.9073e-01  2.4381e+00 -4.0461e+00  4.7608e+00  1.0000e+00
 2.3018e-01  7.6481e-01  4.0912e-01  5.0140e+00 -2.4349e+00  6.2910e+00  8.4051e+00  1.0000e+00
 2.1496e+00 -2.1085e+00 -1.3493e+00  6.5864e+00 -4.8788e+00  2.4567e+00  8.5568e+00  1.0000e+00
-3.3689e-01  1.4447e+00 -4.0660e-01 -1.6598e+00 -5.7647e+00  8.1732e+00  1.0138e+01  1.0000e+00
 2.8317e-01  9.2457e-01  7.8075e-02 -8.0602e+00 -1.2374e+01 -6.3525e+00  1.6076e+01  1.0000e+00
-6.8612e+00 -3.4146e+00 -1.1951e+01 -2.5011e+01 -1.2700e+01 -4.4195e+01  5.2345e+01  1.0000e+00
-1.2435e+01 -4.2734e+00 -3.8467e-01 -4.4206e+01 -1.4378e+01 -1.5378e+00  4.6511e+01  1.0000e+00
 1.4652e+00 -2.1191e+00 -2.6650e+00  5.4954e+00 -2.6825e+00 -6.1089e+00  8.6437e+00  1.0000e+00
 1.2666e+01  2.0664e+00 -1.2709e+00  4.4436e+01  8.0020e+00 -4.7731e+00  4.5403e+01  1.0000e+00
-2.5656e-01  4.5484e-01  3.2856e-01 -1.5912e+01  1.8708e+01  6.5986e+00  2.5431e+01  1.0000e+00
-4.4197e-01  5.7385e-01  5.0399e-02 -7.3197e+00  1.7918e+00 -1.7389e+01  1.8952e+01  1.0000e+00
 4.5414e-02  6.2169e-01 -1.1942e-01 -1.2414e+00  3.4661e+00 -1.1588e+01  1.2159e+01  1.0000e+00
-4.3321e-01  7.5713e-01  7.5099e-02  1.2722e+01 -2.4785e+01  1.3157e+01  3.0810e+01  1.0000e+00
-2.5322e-01  4.6656e-01  1.6085e-01  6.7674e+00  5.8669e+00  7.2237e+00  1.1507e+01  1.0000e+00
 4.3671e-01  5.0550e-01 -2.5434e-01  9.3965e+00 -6.2173e+00 -6.9023e+00  1.3213e+01  1.0000e+00
-2.0156e-01  4.9445e-01  4.0191e-01  1.0434e+01 -7.6554e+00 -1.4680e+01  1.9570e+01  1.0000e+00
-5.4681e+00  4.7100e+00 -9.9023e-01 -1.7194e+01  1.4492e+01 -2.3960e+00  2.2614e+01  1.0000e+00
-5.6739e-01  3.9781e-01  1.6582e-01  4.6504e+00  2.8855e+00  1.4690e+01  1.5676e+01  1.0000e+00
-5.8670e+00 -1.7298e+00  2.3649e-02 -1.6887e+01 -5.2303e+00 -4.3580e-01  1.7684e+01  1.0000e+00
-5.1347e-01 -3.2404e-01  2.9496e-01  4.0001e+00  7.8209e+00  4.1033e+00  9.6956e+00  1.0000e+00
 2.1158e-01  9.0592e-02  4.6398e-01 -3.5382e+00  1.0665e+01  7.5778e+00  1.3553e+01  1.0000e+00
-3.8089e-01  6.0156e-01  1.9452e-01 -3.2742e+00  2.3778e+01 -1.5258e+01  2.8442e+01  1.0000e+00
-2.9361e-01  6.6039e-01  3.4587e-01  1.0092e+01 -9.2292e+00  1.1137e+01  1.7637e+01  1.0000e+00
 4.0432e+00 -1.0077e+01 -4.8440e+00  1.4211e+01 -3.4777e+01 -1.6791e+01  4.1150e+01  1.0000e+00
-9.0639e+00 -1.7364e+00  8.1677e+00 -3.1899e+01 -5.3945e+00  2.8725e+01  4.3264e+01  1.0000e+00
-1.8224e-01  7.8489e-01  2.5366e-01  1.1166e+01 -2.1412e+01  3.0615e+00  2.4342e+01  1.0000e+00
-1.6412e+00 -1.1688e+00 -2.9668e+00 -3.7844e+00 -8.4410e-01 -4.5073e+00  5.9456e+00  1.0000e+00
 2.0985e+00 -1.3651e+00  7.3382e-01  5.2518e-01  7.5228e-01  3.2981e+00  3.4233e+00  1.0000e+00
-4.0473e-01  4.9853e-01  3.0184e-01  1.3348e+01  1.7821e+01  6.3677e+00  2.3158e+01  1.0000e+00
-9.8322e-01 -8.0716e+00 -5.6323e+00 -2.8499e+00 -2.8434e+01 -2.0181e+01  3.4984e+01  1.0000e+00
-1.7629e+00  3.0873e+00 -2.6939e+00 -4.3057e+00  7.1872e+00 -4.6859e+00  9.5996e+00  1.0000e+00
-7.7001e-01  4.5962e-01  1.7318e-01 -2.0597e+01 -3.4841e+00  4.5835e+00  2.1387e+01  1.0000e+00
-8.0780e-01  2.5728e-01  2.3741e-01 -2.4444e+00  8.4698e-01 -6.4165e-01  2.6654e+00  1.0000e+00
-5.5677e-01  5.9442e-02  3.2542e-01  7.5474e+00  2.0872e+01 -5.0929e+00  2.2771e+01  1.0000e+00
-1.7540e+00  7.8782e+00 -3.3872e+00 -5.6181e+00  2.5445e+01 -1.0601e+01  2.8132e+01  1.0000e+00
 7.2534e-01  6.1936e-01 -4.2636e-01 -1.4426e+01  1.7166e+00  6.2696e+00  1.5823e+01  1.0000e+00
-4.9641e-02  1.3168e+00  1.0270e+01  1.8541e+00  5.2199e+00  2.9092e+01  2.9615e+01  1.0000e+00
-3.3418e-01 -6.4816e-01  9.7609e-02  1.3994e-02  1.5091e+01  2.5268e+00  1.5301e+01  1.0000e+00
-2.7583e-01  5.8647e-01  2.8937e-01  5.7933e-01  8.2824e+00 -3.7055e+00  9.0920e+00  1.0000e+00
-2.1936e-01  5.4738e-01  1.7347e-01 -2.0191e+01 -2.3847e+01 -1.8759e+01  3.6445e+01  1.0000e+00
-2.6899e-01  1.0946e+00 -2.2873e-01  8.1248e+00 -7.1712e+00 -6.4952e-02  1.0837e+01  1.0000e+00
 2.8913e+00  6.0193e+00  3.3288e+00  9.7583e+00  1.9752e+01  1.0283e+01  2.4313e+01  1.0000e+00
-2.6577e-01  3.7064e-01  1.7822e-01 -2.6471e+00  1.2010e+01  8.9999e+00  1.5239e+01  1.0000e+00
-5.3166e-01  2.1053e+00  1.7986e-01 -1.3973e+00 -1.1540e-01 -1.3815e+00  1.9683e+00  1.0000e+00
-2.8781e-01  5.1739e-01  2.2439e-01  4.5452e+00 -2.0115e+01 -1.9116e+01  2.8119e+01  1.0000e+00
-2.2871e-01  5.8515e-01  3.0053e-01  6.5261e+00 -1.9271e+01  1.9318e+01  2.8056e+01  1.0000e+00
-2.5799e-01  8.2965e-01  2.3508e-01  4.2464e+00 -7.5376e+00  5.6428e+00  1.0329e+01  1.0000e+00
-2.0140e-01  7.9646e-01  1.7410e-02 -8.6839e+00  7.2109e+00  3.7297e+00  1.1888e+01  1.0000e+00
 4.9471e+00 -3.6889e+00 -7.1212e-01  1.4747e+01 -1.0627e+01 -1.4966e+00  1.8238e+01  1.0000e+00
 6.1419e-02  4.8126e-01  5.4111e-01 -1.9348e+00 -2.1939e+00 -2.5360e+00  3.8714e+00  1.0000e+00
 9.0725e+00 -1.6046e+01  1.0163e+01  2.5308e+01 -5.0493e+01  3.2532e+01  6.5180e+01  1.0000e+00
 1.7285e-01 -1.2443e+00 -9.1413e-01 -7.6128e-01 -1.2630e+00  9.4241e+00  9.5387e+00  1.0000e+00
 8.8150e-01 -4.2625e+00 -1.2103e+01  2.7715e+00 -1.4730e+01 -4.2321e+01  4.4896e+01  1.0000e+00
-3.1271e+00 -4.8400e+00 -8.2796e+00 -1.1907e+01 -1.6504e+01 -2.8512e+01  3.5030e+01  1.0000e+00
-6.5778e-01 -8.8642e+00  9.6470e-01 -1.8987e+00 -3.0280e+01  3.2566e+00  3.0513e+01  1.0000e+00
-1.1934e+01 -6.1395e+00 -3.1518e+00 -4.2800e+01 -2.1321e+01 -1.1090e+01  4.9085e+01  1.0000e+00
-2.1882e-01  6.0937e-01 -1.0295e-01  7.6358e+00  1.4336e+01  8.2905e+00  1.8236e+01  1.0000e+00
-9.7255e+00 -2.4118e+00 -1.8685e+00 -3.4054e+01 -8.3460e+00 -6.1812e+00  3.5603e+01  1.0000e+00
 4.8705e-01  3.9679e-01  1.1547e+00 -8.7831e+00  4.7730e+00 -3.6542e+00  1.0643e+01  1.0000e+00
-2.4966e-01 -3.8089e-03 -2.3063e-01 -7.8271e+00  4.1375e+00  5.8818e+00  1.0629e+01  1.0000e+00
-1.5871e+00 -1.4033e-01 -4.5825e+00 -5.5089e+00  5.7222e-01 -1.8626e+01  1.9432e+01  1.0000e+00
 1.2089e+00  6.7887e-01  2.7721e-01 -6.4756e+00  6.2585e+00 -7.2087e+00  1.1535e+01  1.0000e+00
-5.4876e-01  4.6682e-01  2.1249e-01 -5.0125e+00  1.6750e-01 -5.7479e+00  7.6283e+00  1.0000e+00
