# limit = 10.3009
#
# x           y           z           vx          vy          vz          s           m
 4.5092e-01 -2.0212e+00 -9.7600e-01 -2.8434e+00 -3.2693e-01  4.0242e+00  4.9382e+00  1.0000e+00
 6.1081e-02  5.4989e-01 -9.2030e-02  7.4256e+00 -3.3114e+00 -6.9748e+00  1.0712e+01  1.0000e+00
 1.0659e+01  3.3511e-01  2.0834e+00  3.4691e+01  1.8488e+00  6.8247e+00  3.5404e+01  1.0000e+00
-3.3618e-01  6.1781e-01  2.4621e-01 -2.7051e+00  1.7375e+01  4.9347e+00  1.8264e+01  1.0000e+00
-8.8956e+00  3.4235e+00  5.4338e+00 -2.9763e+01  1.1040e+01  1.7583e+01  3.6289e+01  1.0000e+00
 3.8116e+00 -1.3325e+00  1.1053e+01  1.3042e+01 -3.7857e+00  3.6679e+01  3.9112e+01  1.0000e+00
 7.1221e-01 -9.0219e+00 -6.3277e+00  1.6809e+00 -2.9923e+01 -2.0399e+01  3.6254e+01  1.0000e+00
-5.0197e-01  1.5662e+00  8.7150e-01  1.6753e+00 -6.9516e+00 -3.7338e+00  8.0668e+00  1.0000e+00
-1.4441e+01  1.0473e+01  3.2023e+01 -4.5559e+01  3.3393e+01  1.0467e+02  1.1894e+02  1.0000e+00
 6.8284e+00 -3.3967e+00  1.5727e-01  1.1482e+02 -6.2186e+01  3.0588e+00  1.3061e+02  1.0000e+00
 2.3923e+00  2.8048e+00  1.9696e+00  3.4902e+00  5.8584e+00  3.1728e+00  7.5212e+00  1.0000e+00
 2.4420e-01  5.5077e-01  2.7243e-02  3.1509e+00  1.0211e+01  8.8967e+00  1.3905e+01  1.0000e+00
 3.1448e-01  3.1394e-01  7.9108e-01 -1.0867e+01 -4.2348e+00 -1.4886e+01  1.8911e+01  1.0000e+00
 3.1398e+00  5.3056e-01 -7.5978e-01  1.0337e+01  3.2489e+00 -9.3415e-01  1.0876e+01  1.0000e+00
-3.3160e-01  4.1649e-01  2.7730e-02 -2.0693e+01 -5.3015e+00 -9.2768e+00  2.3289e+01  1.0000e+00
-4.0937e+00 -5.1621e-01 -3.4816e+00 -1.1942e+01 -2.5487e+00 -7.7924e+00  1.4486e+01  1.0000e+00
 6.4676e+00 -6.7373e+00 -7.6506e+00  2.1332e+01 -2.2339e+01 -2.5787e+01  4.0237e+01  1.0000e+00
-1.4010e-01  5.5067e-01 -4.8675e-02 -2.3020e+00  8.3614e+00  6.4342e+00  1.0799e+01  1.0000e+00
-6.2323e-02  6.0356e-01  3.3402e-01  1.4444e+01  6.7391e+00  1.6244e+01  2.2758e+01  1.0000e+00
 2.2428e+01  1.8502e+01 -8.1249e+00  7.3492e+01  5.8944e+01 -2.5226e+01  9.7529e+01  1.0000e+00
-2.6838e-02  7.2265e-01  4.1045e-01  8.5453e+00  2.1965e+01  9.7246e+00  2.5496e+01  1.0000e+00
-2.4546e-01  6.7781e-01 -3.0275e-02  1.5652e+01 -5.1533e+00  5.8384e+00  1.7482e+01  1.0000e+00
-7.4416e-01 -2.0580e-01  1.3813e+00 -1.0791e+01 -1.5414e+01  2.1242e+01  2.8377e+01  1.0000e+00
-4.7908e+00  8.9484e+00 -9.1523e+00 -1.6052e+01  3.0768e+01 -3.0757e+01  4.6372e+01  1.0000e+00
-2.9291e-01  1.0358e+01 -4.6204e+00 -1.2132e+00  3.4321e+01 -1.5102e+01  3.7516e+01  1.0000e+00
-2.4738e+00  1.1680e+00 -4.5278e+00 -9.0645e+00  5.8444e+00 -1.2090e+01  1.6201e+01  1.0000e+00
 3.5104e+00 -8.1256e+00  1.6359e+00  1.0362e+01 -2.6976e+01  4.9211e+00  2.9314e+01  1.0000e+00
 2.0385e+01 -5.2725e+00 -1.9655e+01  7.5305e+01 -1.9851e+01 -7.2674e+01  1.0652e+02  1.0000e+00
 5.8816e-01 -1.2332e+01 -1.6272e+01  2.1825e+00 -4.2273e+01 -5.5743e+01  6.9994e+01  1.0000e+00
-9.7994e-02  6.0910e-01  3.3036e-01  1.5864e+01 -2.2757e+00 -1.0087e+01  1.8936e+01  1.0000e+00
-2.7156e-01  6.2499e-01  1.5764e-01 -7.7760e+00 -6.8910e+00  1.5186e+01  1.8400e+01  1.0000e+00
-2.6465e-01  3.4669e-01  1.5775e-01 -7.0625e+00 -1.3212e+01  1.7598e+01  2.3112e+01  1.0000e+00
-3.2379e-01  8.4139e-01  3.9547e-01  8.7134e-01  5.3208e+00 -9.4357e+00  1.0867e+01  1.0000e+00
-3.3632e-01  5.8077e-01  4.6840e-01 -1.7733e+01  1.9189e+01  6.0084e+00  2.6810e+01  1.0000e+00
-1.9654e-01  5.6550e-01  1.8860e-01  2.4124e+01  1.9167e+00 -1.9691e+01  3.1199e+01  1.0000e+00
 8.7110e-02  8.6053e-01  4.0602e-01  1.2852e+01  4.7901e+00 -1.0076e+01  1.7019e+01  1.0000e+00
-5.7196e-01  9.1416e-01  7.7815e-02 -7.3938e+00  2.4804e+01 -1.3889e+01  2.9373e+01  1.0000e+00
-8.6704e+00  1.6599e+01 -2.1178e+01 -2.8561e+01  5.4738e+01 -6.8016e+01  9.1860e+01  1.0000e+00
-4.7276e-01  4.1175e-01 -3.7050e-01  1.1438e+01  4.3098e+00  1.5813e+01  1.9986e+01  1.0000e+00
 6.5206e+00 -1.5322e+00  5.4469e+00  2.0193e+01 -4.2502e+00  1.7089e+01  2.6793e+01  1.0000e+00
 4.0542e+00  3.6528e+00  2.2239e-01  1.0225e+01  9.7132e+00  2.1354e+00  1.4264e+01  1.0000e+00
 1.3271e+00  5.2077e-01  2.4107e-01  1.4897e+01  1.7482e+00 -3.5258e+00  1.5408e+01  1.0000e+00
-1.7877e-01  4.1157e-01  3.1688e-01 -2.0925e+01  7.8113e+00 -5.8357e+00  2.3085e+01  1.0000e+00
 1.2246e+00 -3.7452e+00  1.1970e+01  4.3236e+00 -1.2160e+01  4.0071e+01  4.2098e+01  1.0000e+00
 1.1471e+01  5.5795e+00  8.9007e-01  3.9142e+01  1.8868e+01  3.1725e+00  4.3567e+01  1.0000e+00
 6.0879e-01 -7.6526e+00  1.1624e+00  3.2461e+00 -2.4519e+01  4.3874e+00  2.5119e+01  1.0000e+00
-1.3809e-01  5.4671e-01  3.4890e-01 -1.7518e+01  1.4724e+01 -7.9118e-01  2.2898e+01  1.0000e+00
 2.0898e+00 -2.1141e+00 -4.6580e-01  4.1075e+00 -3.6376e-01  1.1029e+00  4.2685e+00  1.0000e+00
 5.6859e+00 -2.1785e+00  2.4534e+00  1.5925e+01 -6.3543e+00  7.3358e+00  1.8649e+01  1.0000e+00
 5.6504e-02  5.0667e-01  2.5177e-01  1.5541e+01 -1.2368e-01 -2.9270e+01  3.3140e+01  1.0000e+00
 1.6145e-01  1.9579e-01 -4.7600e-01  2.0161e+00 -2.7499e-01 -4.3208e-01  2.0801e+00  1.0000e+00
-9.5866e-03  3.7080e-01  3.1802e-01  5.3995e+00 -1.3883e+01  3.5644e+00  1.5317e+01  1.0000e+00
-1.9556e+00 -3.0609e+00  3.0052e+00 -4.2865e+00 -7.0685e+00  7.1418e+00  1.0924e+01  1.0000e+00
-3.7825e-01  6.1950e-01  2.2108e-01  1.1890e+01 -1.7207e+01 -9.0121e+00  2.2774e+01  1.0000e+00
 2.6015e-02  4.1259e-01  9.1395e-02  5.5366e-01 -1.2031e-01 -9.9935e+00  1.0010e+01  1.0000e+00
 2.2595e-01  4.9672e-01  2.9646e-01  2.1625e+00  9.0996e+00 -1.9000e+01  2.1177e+01  1.0000e+00
-5.3934e-02  7.8378e-01  2.4148e-01  9.4929e+00 -6.1590e+00 -7.5846e+00  1.3623e+01  1.0000e+00
-1.8174e-01  6.4468e-01  6.6524e-02  2.6414e+00 -1.4187e+01 -1.7058e+01  2.2344e+01  1.0000e+00
-5.6117e-01  7.9523e-01  1.0943e-01 -1.7269e+00  2.9186e-01 -6.7859e+00  7.0083e+00  1.0000e+00
 3.0316e+00 -1.5216e+00  8.7009e+00  9.2241e+00 -5.4877e+00  2.8438e+01  3.0396e+01  1.0000e+00
-2.8338e-01  4.4745e-01  2.5282e-02 -1.1126e+01 -6.4907e+00 -1.4627e+01  1.9490e+01  1.0000e+00
-6.7904e-01 -2.0351e-01  5.3749e-01 -1.2274e+01 -2.4045e+01  9.6005e+00  2.8653e+01  1.0000e+00
 4.9491e+00  4.2541e-01 -2.4095e+00  1.9672e+01  2.0682e+00 -9.4719e+00  2.1932e+01  1.0000e+00
-3.3907e-01  8.5108e-01 -3.0973e-01  6.7124e+00 -1.2775e+00 -8.4001e+00  1.0828e+01  1.0000e+00
 1.9776e+00 -6.7611e-01  7.0865e-01 -2.8303e+00 -2.3807e-02 -1.2496e-01  2.8332e+00  1.0000e+00
-2.0998e-01  3.1376e-01  4.0818e-01  1.3111e+01 -2.0156e+01  1.5103e+01  2.8395e+01  1.0000e+00
-2.9524e-01  6.8293e-01  2.1331e-01  1.0352e+01  1.9135e+01 -8.7851e+00  2.3463e+01  1.0000e+00
-2.7380e-01  8.0585e-01  7.8419e-02 -1.6528e+00  1.5225e+01  1.2902e+00  1.5369e+01  1.0000e+00
-4.6845e-01  4.0429e-01  9.3099e-02 -1.0651e+01  2.6856e+00  1.2169e+01  1.6393e+01  1.0000e+00
-6.4951e-01  1.5452e+00  4.6664e-01 -1.5542e+00  4.3950e+00  2.8635e+00  5.4709e+00  1.0000e+00
 1.0354e+01  1.2397e+00  1.9249e+00  3.4424e+01  3.6420e+00  6.1297e+00  3.5154e+01  1.0000e+00
-2.8749e-01  6.4365e-01  1.4278e-01  2.8780e+00  1.9038e+01  7.9328e+00  2.0824e+01  1.0000e+00
 4.9383e-01  2.3745e-01  1.4244e-01  8.5071e+00  4.1213e+00 -2.6114e+00  9.8069e+00  1.0000e+00
-1.0258e+00  2.7812e-01  1.0573e-01 -1.2846e+01 -4.7883e+00 -6.1648e+00  1.5032e+01  1.0000e+00
-3.0458e-01  8.0489e-01 -7.2161e-02 -1.4747e+01  1.2205e+01 -5.9076e+00  2.0034e+01  1.0000e+00
-2.0515e-01  5.4654e-01  9.6924e-02  9.7568e+00  2.5799e+00 -9.6799e-01  1.0138e+01  1.0000e+00
-2.4679e-01  4.7899e-01  3.2905e-01 -1.6809e+00  2.5471e+01  3.9698e-01  2.5529e+01  1.0000e+00
-7.3389e-01  1.9084e+00 -1.6770e-01 -9.9103e-02  1.9191e+00 -3.0011e+00  3.5636e+00  1.0000e+00
 1.2272e+01 -5.9872e+00 -1.4432e+00  4.1833e+01 -1.9699e+01 -4.7613e+00  4.6484e+01  1.0000e+00
-7.3875e+00 -4.6316e+00 -2.9395e+00 -2.4019e+01 -1.4378e+01 -8.9689e+00  2.9395e+01  1.0000e+00
-1.6346e-01  5.5350e-01  1.7287e-01  8.4360e+00 -2.6057e+01  1.1199e+01  2.9590e+01  1.0000e+00
 5.3658e+00  1.4669e+00  3.5724e+00  3.3089e+01  7.1298e+00  2.1142e+01  3.9908e+01  1.0000e+00
 1.3037e+00 -5.4918e-01 -7.9505e-01 -2.6558e+00  2.8509e+00  4.2806e+00  5.7883e+00  1.0000e+00
 3.0849e+00  2.4324e+00  3.8285e+00  7.1427e+00  7.1475e+00  9.6016e+00  1.3939e+01  1.0000e+00
-2.6579e-01  2.8336e-01 -1.4930e-02 -2.7037e+00  3.8468e+00 -3.4764e+00  5.8475e+00  1.0000e+00
-1.6865e-01  7.7123e-01 -8.3583e-03  5.0006e-01 -7.9478e+00  1.1052e+01  1.3622e+01  1.0000e+00
-6.1529e-01  8.7212e-01  6.6981e-01  6.3848e+00 -4.6886e+00 -5.6331e+00  9.7201e+00  1.0000e+00
 1.8484e+00 -1.2845e+00  1.9294e+00 -1.8204e-01 -3.6632e-01  1.9975e+00  2.0390e+00  1.0000e+00
 2.6928e+01  7.1421e+00 -2.6372e+01  2.2218e+02  5.5313e+01 -2.1506e+02  3.1413e+02  1.0000e+00
-1.5533e-02  8.6229e-01  1.6858e-01 -1.7760e+01  3.2991e+00  1.6364e+00  1.8138e+01  1.0000e+00
 2.0617e+00 -1.0629e+00  1.8463e+00  2.2891e+00  3.1514e-01  4.7650e-01  2.3593e+00  1.0000e+00
-4.8169e-01  5.9788e-01 -2.6808e-01 -2.1088e+00  1.1917e+01 -3.1473e+00  1.2505e+01  1.0000e+00
 6.9144e-01  1.6659e-01 -1.4334e-01 -4.7314e+00  6.5758e+00  1.2487e+00  8.1967e+00  1.0000e+00
-1.8935e-01  6.9303e-01  2.2606e-01 -2.6949e+01 -4.9584e+00 -2.0783e+01  3.4392e+01  1.0000e+00
 1.3425e+00 -4.5604e-01 -6.6375e-02  1.4996e+01 -5.6613e+00 -2.8619e+00  1.6283e+01  1.0000e+00
 6.5881e-02  5.1773e-01 -2.2385e-02 -1.0083e+01 -1.6074e-01  6.1671e+00  1.1820e+01  1.0000e+00
-1.4693e-01  6.0473e-01  6.4487e-03  5.6530e+00 -6.7931e+00 -1.4280e+00  8.9522e+00  1.0000e+00
-4.0836e+00 -6.0316e+00 -6.7449e+00 -1.3287e+01 -1.9235e+01 -2.1699e+01  3.1896e+01  1.0000e+00
 9.4917e-01 -2.0272e+00 -8.7468e+00  2.8546e+00 -5.6173e+00 -2.4102e+01  2.4912e+01  1.0000e+00
 2.6679e-01  3.2204e+00 -1.8049e+00  4.7372e+00  6.3338e+00 -2.6802e+00  8.3511e+00  1.0000e+00
-2.2832e-01  4.7979e-01  7.1886e-02  1.2640e+01 -1.9450e-01  1.1517e+01  1.7101e+01  1.0000e+00
-1.9511e-01  6.0921e-01  1.5589e-01 -3.1829e+01 -2.2743e+00  2.3062e+01  3.9372e+01  1.0000e+00
 1.8346e+00 -8.4234e-01 -1.8407e-01 -1.4963e+00  3.9460e+00  1.1006e+00  4.3613e+00  1.0000e+00
-1.1486e+00  8.1821e-01  4.3255e-01 -5.7421e-01  1.8437e+00  4.8194e-01  1.9903e+00  1.0000e+00
 1.0283e+01  3.8260e+00 -2.4676e-01  3.3821e+01  1.3409e+01 -9.5150e-01  3.6394e+01  1.0000e+00
 5.6401e-02  4.2977e-01  1.4990e-01  7.2420e+00  8.5894e+00 -3.6652e+00  1.1818e+01  1.0000e+00
 7.6328e+00  4.0592e-01  8.5665e+00  2.5138e+01  1.5553e+00  2.8194e+01  3.7805e+01  1.0000e+00
 6.2339e-02  1.1015e-01 -2.5931e-01  3.8937e+00  6.3468e-01  1.9055e+00  4.3812e+00  1.0000e+00
 1.7252e-01  1.0550e+00 -3.5586e-02  1.6911e+01 -4.0795e+00 -2.4860e+00  1.7572e+01  1.0000e+00
-1.2312e+01  2.5266e+00  2.7864e+00 -4.1557e+01  9.0776e+00  9.5576e+00  4.3597e+01  1.0000e+00
-6.7010e-01  1.1590e+00  4.1444e-01  7.1945e+00 -1.6668e+01  9.6287e-01  1.8180e+01  1.0000e+00
 2.6367e+00 -4.4568e+00  7.8561e+00  8.6356e+00 -1.4600e+01  2.4785e+01  3.0034e+01  1.0000e+00
 3.0480e+00 -3.0996e+00  6.4457e+00  9.0115e+00 -9.5825e+00  1.9963e+01  2.3907e+01  1.0000e+00
 5.2928e+00 -6.3284e+00 -2.3992e+00  1.5688e+01 -1.9787e+01 -7.3365e+00  2.6296e+01  1.0000e+00
 2.8628e+00 -1.6217e+00  6.1090e-01  3.7701e+00 -5.5879e-01  1.3550e+00  4.0450e+00  1.0000e+00
 4.7400e-02  1.6150e-01  3.8895e-01  6.4085e-01 -2.9229e-01  1.9433e+01  1.9445e+01  1.0000e+00
-2.4430e-01  8.6323e-01  9.9167e-01  5.4200e+00  6.0382e+00 -6.9582e+00  1.0689e+01  1.0000e+00
-2.5796e-01  6.6509e-01 -2.9717e-01 -1.2899e+00 -7.4162e+00  2.3484e+00  7.8854e+00  1.0000e+00
-1.9606e-01  5.2866e-01  1.5080e-02  2.1155e+01 -1.0959e+01  8.9661e+00  2.5456e+01  1.0000e+00
-3.9629e-01  7.0587e-01  2.6625e-01 -1.3598e-01  1.5996e+00  8.4225e+00  8.5741e+00  1.0000e+00
 1.1767e-02  6.5596e-01  2.5927e-01 -1.4101e+01  1.1568e+01  2.2262e+01  2.8779e+01  1.0000e+00
-1.5939e-01  6.3435e-01  1.7420e-01 -9.5146e-01  3.4606e+01  1.5099e+01  3.7769e+01  1.0000e+00
-1.6115e+01  6.6390e+00  6.0196e+00 -5.5125e+01  2.3042e+01  2.1267e+01  6.3419e+01  1.0000e+00
-4.3216e-01  3.9962e-01  2.3193e-01 -2.2505e+00 -1.0956e-01 -5.6582e+00  6.0903e+00  1.0000e+00
-5.5855e-02  3.7352e-01  1.1522e-01  1.6004e+01 -2.3846e+01  5.1929e+00  2.9184e+01  1.0000e+00
-6.8008e-02  5.3481e-01  3.4592e-01  4.5200e+00  5.6944e+00  2.2906e+01  2.4032e+01  1.0000e+00
 6.1131e+00 -5.3107e+00 -2.2289e+00  1.9891e+01 -1.6553e+01 -6.2838e+00  2.6629e+01  1.0000e+00
-9.7252e-03  4.4442e-01  4.2794e-01  1.1228e+01 -1.4227e+01  1.6136e+01  2.4266e+01  1.0000e+00
 4.1484e+00 -3.6260e+00  8.9221e+00  1.3223e+01 -1.1318e+01  2.9821e+01  3.4529e+01  1.0000e+00
-1.3249e-01  6.0243e-01  4.0008e-01  4.9552e+01  8.0468e+00  5.7702e+01  7.6483e+01  1.0000e+00
-1.4539e+00 -1.7809e+00 -7.6152e+00 -5.3245e+00 -5.0576e+00 -2.3783e+01  2.4891e+01  1.0000e+00
 1.9131e+00 -1.2182e+00  9.2101e-01 -3.7732e-01  7.1956e-01 -2.8101e-01  8.5971e-01  1.0000e+00
-1.8836e-01  6.3700e-01  1.5183e-01 -2.8827e+01 -1.4492e+01  6.1499e+00  3.2846e+01  1.0000e+00
-5.2315e-01  6.0117e-01  3.6447e-01 -1.4104e+01 -7.3781e+00 -1.9287e+00  1.6034e+01  1.0000e+00
-6.1738e-01  5.5390e-01  3.6215e-01  2.3472e+01 -9.4343e+00 -3.5464e+00  2.5544e+01  1.0000e+00
-2.5832e-01  5.5008e-01  8.0365e-01 -3.6080e+00  1.8878e+01  5.0533e+00  1.9873e+01  1.0000e+00
 4.0648e-01  2.1324e-01  8.0939e-02 -4.1447e+00  9.4098e+00 -1.3384e-01  1.0283e+01  1.0000e+00
-3.6783e-01  4.3291e-01  3.5056e-01 -1.7971e+01 -2.0972e+00  3.6814e+00  1.8463e+01  1.0000e+00
 2.6932e+00 -1.6185e+00  9.8485e-01  1.5708e+00  8.4524e-01  3.1421e+00  3.6131e+00  1.0000e+00
-1.2735e+00 -3.4679e+00  8.1403e+00 -4.1498e+00 -1.1822e+01  2.6425e+01  2.9245e+01  1.0000e+00
-4.6836e-01  6.3912e-01  6.4345e-02 -1.7165e+01  1.9162e+01 -9.2004e+00  2.7322e+01  1.0000e+00
-1.8582e-01  5.5815e-01  1.2499e-01  2.2986e+01 -1.6854e+01  2.2386e+01  3.6243e+01  1.0000e+00
-1.1345e+01  1.9325e+00 -3.3615e+00 -3.5954e+01  8.6160e+00 -9.5367e+00  3.8182e+01  1.0000e+00
 2.2411e-02  4.9566e-01  2.0581e-01  5.6144e+00  7.4128e+00 -4.3324e+00  1.0259e+01  1.0000e+00
-3.7244e-01  4.7039e-01  2.8035e-01  2.3872e+00 -1.1224e+01  5.7805e-01  1.1490e+01  1.0000e+00
-2.0293e-01  5.0346e-01  2.7969e-01 -3.2191e+00  1.3113e+00  2.1842e+01  2.2117e+01  1.0000e+00
-4.1727e+00 -1.5071e+01 -1.6791e+01 -1.4965e+01 -4.4814e+01 -5.2324e+01  7.0499e+01  1.0000e+00
 1.0661e+01 -9.4395e+00  2.6835e+00  3.5722e+01 -3.1449e+01  8.8134e+00  4.8402e+01  1.0000e+00
-2.8740e-01  1.0060e+00  1.1345e+00 -2.0043e+00  6.6176e+00  5.5484e+00  8.8654e+00  1.0000e+00
 8.2765e-01 -1.8495e-01 -1.5711e+00 -1.4164e+00  2.7458e+00  4.8594e+00  5.7584e+00  1.0000e+00
-5.2914e-01  5.3997e-01  2.0082e-01  1.3125e+01  9.1038e+00 -2.1772e+01  2.7003e+01  1.0000e+00
 8.5794e-01 -7.4077e-01 -1.8062e+00  9.6035e-01  3.5640e+00  1.7857e+00  4.1004e+00  1.0000e+00
 9.9021e-02  4.2390e-01  8.5028e-01 -1.1779e+00  6.7839e+00  2.7170e+00  7.4021e+00  1.0000e+00
-7.6957e-02  3.6655e-01  1.5288e-01  2.1370e+01 -5.9477e+00  1.5314e+01  2.6955e+01  1.0000e+00
-5.8678e+00  9.0386e+00 -4.9307e+00 -1.9460e+01  3.0784e+01 -1.6091e+01  3.9815e+01  1.0000e+00
-1.3623e-01  7.3859e-01  2.6597e-02 -2.4524e+01  6.9370e+00 -9.4540e+00  2.7183e+01  1.0000e+00
-7.9395e-01  4.8607e-01  2.2078e-01  2.1338e+01  2.2650e+00  1.0453e+01  2.3869e+01  1.0000e+00
-2.2820e-01  3.1548e-01  2.3934e-01 -2.6246e+01  1.3121e+01 -3.8454e-01  2.9346e+01  1.0000e+00
-3.6868e-01  6.3906e-01  1.1072e-01 -1.3870e+01  2.2414e+01  3.5661e+00  2.6598e+01  1.0000e+00
 1.0837e-01  2.2559e-01  5.0661e-01  1.2561e+01  5.1326e+00  1.2201e+01  1.8248e+01  1.0000e+00
-2.0199e-01  6.5993e-01  1.0900e-01 -1.0051e+01 -2.1662e+01  1.5547e+01  2.8495e+01  1.0000e+00
-2.0135e-01  4.7965e-01  2.1628e-01  2.7864e+01  1.5337e+01  1.2492e+01  3.4171e+01  1.0000e+00
-3.3635e-01  7.6311e-01  3.4647e-02  1.1139e+01  7.8913e+00 -1.4114e+01  1.9636e+01  1.0000e+00
-7.9612e-03  4.0818e-01  1.2290e-01 -1.4689e+01  2.7175e+00 -4.5556e+00  1.5618e+01  1.0000e+00
-1.1103e-01  6.8054e-01 -2.9246e-02  1.2294e+01  1.6801e+00  2.6477e+01  2.9240e+01  1.0000e+00
 2.8652e+00 -4.5994e+00  7.7539e+00  8.3162e+00 -1.3124e+01  2.5861e+01  3.0169e+01  1.0000e+00
-4.0699e-01  5.4445e-01  1.6550e-01 -1.0982e+01 -1.0627e+01  8.5616e+00  1.7517e+01  1.0000e+00
 2.0792e+01 -1.4277e+01 -2.9410e+01  6.9252e+01 -4.7260e+01 -9.5433e+01  1.2703e+02  1.0000e+00
-2.9482e-01  6.9583e-01  3.9791e-01  2.6653e+00  1.9644e+01  7.0208e-01  1.9836e+01  1.0000e+00
-1.3759e+00  2.3331e+00  2.3194e+00 -2.3861e+00  5.8864e+00  1.7307e+00  6.5832e+00  1.0000e+00
 5.5365e+00 -1.9005e+00 -1.4581e+00  1.8125e+01 -4.2445e+00 -3.1910e+00  1.8887e+01  1.0000e+00
-1.1432e-01  7.0073e-01  7.6532e-02  1.7551e+00  1.0889e+00  3.9686e-01  2.1033e+00  1.0000e+00
-5.6344e-01 -6.1403e-01  1.2883e+00  1.7726e+00 -8.1006e+00  6.0809e+00  1.0283e+01  1.0000e+00
-2.2346e-01  3.3166e-01  2.8034e-01 -1.2066e+01  1.4413e+01 -1.1762e+01  2.2173e+01  1.0000e+00
-4.3081e-01  4.9600e-01  1.1962e-01 -1.7790e+01  1.5538e+01  8.4652e-01  2.3636e+01  1.0000e+00
-1.7872e-01  5.3999e-01  2.8588e-01 -8.0075e+00  3.0975e+00 -9.8853e+00  1.3093e+01  1.0000e+00
 8.9436e-01 -1.2600e-02  1.0798e-02  2.8475e+00  1.1800e+00 -3.8367e+00  4.9215e+00  1.0000e+00
 3.1688e-01  1.1170e+00  1.8065e-01 -5.3258e+00 -3.7293e+00  3.1033e+00  7.2043e+00  1.0000e+00
-9.8311e-01  1.3106e+00  1.1455e+00  1.4598e+00  6.8322e+00  6.2374e+00  9.3656e+00  1.0000e+00
 5.2068e-01 -4.2548e+00  7.5706e+00  1.6408e+00 -1.3556e+01  2.3824e+01  2.7460e+01  1.0000e+00
-8.5620e+00  6.8252e+00 -5.3776e+00 -5.8435e+01  4.4561e+01 -3.7471e+01  8.2489e+01  1.0000e+00
-3.1952e-01  5.3413e-01  9.0453e-02 -3.4897e+00 -1.8127e+01  3.2236e+01  3.7147e+01  1.0000e+00
 6.0846e-01 -1.3155e-01  6.2974e-01  1.4579e+00 -1.9895e+00 -1.1549e+00  2.7235e+00  1.0000e+00
-2.5748e-01  4.9799e-01  3.6287e-01  1.8088e+01  1.0826e+01  1.7688e+00  2.1154e+01  1.0000e+00
 2.6312e-01  1.2893e+00 -2.6587e-01  3.8818e+00  1.1336e+01 -9.6153e+00  1.5363e+01  1.0000e+00
 5.3745e-01  7.2215e-01  4.3171e-01 -5.3821e+00 -3.5507e+00 -4.1961e+00  7.6930e+00  1.0000e+00
-1.0377e+00  7.9079e-01  5.5750e-01 -2.1726e+00 -2.8422e+00 -3.3007e+00  4.8675e+00  1.0000e+00
-7.2250e+00  6.0700e+00 -2.0321e+00 -2.2938e+01  1.9382e+01 -6.3719e+00  3.0698e+01  1.0000e+00
 4.1817e+00 -3.2471e+00 -1.2792e+01  1.4234e+01 -1.1231e+01 -4.3569e+01  4.7191e+01  1.0000e+00
-1.7774e-01  1.9454e-01  2.8545e-01  1.6957e+00  3.3160e+00  1.6248e+01  1.6669e+01  1.0000e+00
-3.1054e-01 -8.5453e+00 -6.0744e+00  1.6242e+00 -2.7299e+01 -1.9214e+01  3.3422e+01  1.0000e+00
-3.0419e+00  2.8541e+00 -1.2166e+01 -1.0649e+01  1.0087e+01 -4.0982e+01  4.3528e+01  1.0000e+00
 1.5500e+00 -7.5219e+00  4.8453e-02  4.7390e+00 -2.4070e+01  2.6145e-01  2.4533e+01  1.0000e+00
 6.0196e-01  1.4186e+00  6.9086e-02  2.5976e+00 -1.9107e-01  1.1544e+00  2.8490e+00  1.0000e+00
-1.4461e+00 -1.7874e+00 -8.2889e+00 -4.6911e+00 -6.3895e+00 -2.5670e+01  2.6866e+01  1.0000e+00
 4.6598e-01  1.7587e+00  1.4323e+00  6.0923e+00  1.1207e+01  1.1361e+01  1.7082e+01  1.0000e+00
-3.9220e-01  6.5322e-01 -1.9316e-01 -6.1133e-01 -9.2178e+00 -3.5780e+00  9.9067e+00  1.0000e+00
 3.7670e+00  2.6806e+00  5.3836e+00  1.8772e+01  1.0333e+01  2.5588e+01  3.3375e+01  1.0000e+00
-2.3760e-02  4.7429e-01  3.3503e-01 -1.5421e+01  1.4047e+01 -9.7647e+00  2.3032e+01  1.0000e+00
 4.9464e+00 -6.3772e+00 -2.5627e+00  1.6965e+01 -1.9509e+01 -7.9589e+00  2.7050e+01  1.0000e+00
-5.2146e-02  4.3814e-01  1.9847e-01  6.1162e+00  2.1241e+01 -1.9650e+00  2.2191e+01  1.0000e+00
 6.7327e-02  5.9160e-01  3.8679e-01 -1.4066e+01 -3.3701e+00 -3.9535e+00  1.4994e+01  1.0000e+00
-8.6542e+00 -3.9210e+00 -2.7682e+00 -2.8076e+01 -1.2556e+01 -8.6215e+00  3.1942e+01  1.0000e+00
 4.6921e+00  2.3250e+00  4.3258e+00  1.3608e+01  8.0619e+00  1.4413e+01  2.1399e+01  1.0000e+00
-1.8051e-01  4.5576e-01  4.3908e-01 -5.4741e+00  4.8828e+00  8.1503e+00  1.0965e+01  1.0000e+00
 3.3523e+00 -1.1122e+01 -8.7434e-01  1.1612e+01 -3.7356e+01 -2.9608e+00  3.9232e+01  1.0000e+00
-4.8923e-01  5.2088e-01  3.1004e-02 -1.9039e+00  2.2870e+00 -4.0262e+00  5.0066e+00  1.0000e+00
-1.5401e+01 -1.4325e+00  2.2761e+01 -5.7029e+01 -5.5892e+00  8.4127e+01  1.0179e+02  1.0000e+00
 6.3802e+00 -1.1142e+01 -9.0203e+00  2.2160e+01 -3.7968e+01 -3.0926e+01  5.3750e+01  1.0000e+00
-9.8916e-01  9.1942e-01  3.9799e-01 -9.3431e+00  5.8412e+00  3.3974e+00  1.1531e+01  1.0000e+00
 2.9207e-01 -7.9570e-02  2.8505e-01 -7.9603e+00  7.0929e+00 -5.9208e+00  1.2196e+01  1.0000e+00
-3.8908e-01  1.5931e-01  3.2637e-02 -2.1964e+00  1.0605e+01 -6.5097e+00  1.2636e+01  1.0000e+00
-4.0887e+00 -1.1076e+00 -3.0883e+00 -1.1372e+01 -2.0150e+00 -8.2589e+00  1.4199e+01  1.0000e+00
 8.9272e-01  8.8819e-01  1.4584e-01  1.1680e+01  6.9892e+00 -1.1644e+00  1.3661e+01  1.0000e+00
-7.3355e-02  3.4742e-01  9.5617e-02 -1.3078e+01 -1.6147e+01 -3.9577e-01  2.0783e+01  1.0000e+00
-1.9299e-01 -8.4911e+00 -6.0480e+00 -2.5677e+00 -2.7387e+01 -1.9939e+01  3.3974e+01  1.0000e+00
-2.2884e-01  4.3976e-01  1.7751e-01 -1.1244e+01  2.4196e+01 -5.7079e+00  2.7285e+01  1.0000e+00
-2.0638e-01  4.3737e-01  8.8939e-04 -3.7891e+00  3.8564e+00  2.5956e+01  2.6513e+01  1.0000e+00
-1.3998e-01  6.6586e-01  1.6189e-01 -1.0760e+01  2.8732e+01 -2.2802e+00  3.0765e+01  1.0000e+00
-3.1765e-01  7.1573e-01 -1.5003e-01  3.4637e+00  9.7472e+00 -2.3243e+01  2.5441e+01  1.0000e+00
-6.5690e-02  3.5133e-01  1.2797e-01 -8.4023e+00 -5.0448e+00 -9.0293e-01  9.8419e+00  1.0000e+00
-1.6683e+01 -1.9603e+01  9.0519e+00 -5.1438e+01 -6.2677e+01  2.9584e+01  8.6311e+01  1.0000e+00
-3.2009e-01  5.7658e-01 -9.2574e-03 -5.7276e-01 -2.1596e+01 -1.0840e+01  2.4170e+01  1.0000e+00
-1.1695e+00  1.9564e+00 -9.7403e-01 -7.9101e+00  1.3580e+01 -6.3443e+00  1.6948e+01  1.0000e+00
-2.3141e-01  2.1040e-01  1.6980e-01  2.2505e+00 -2.5387e+00 -7.1787e+00  7.9400e+00  1.0000e+00
-5.1371e-01  6.9567e-01  5.7257e-02  6.3134e+00  1.4426e+01 -4.0894e+00  1.6270e+01  1.0000e+00
-5.8142e-01  7.0951e-01  2.7822e-01 -7.4159e+00  7.9491e-01 -5.1796e+00  9.0805e+00  1.0000e+00
 6.9105e-01  8.4261e-01  2.8574e-02 -3.1442e+00 -4.8492e+00  1.9926e+00  6.1132e+00  1.0000e+00
-3.5319e-01  3.8081e-01 -2.9837e-01  9.6190e+00  1.3801e+01  9.5071e+00  1.9323e+01  1.0000e+00
-4.6781e-02 -7.5112e+00  3.6586e+00 -2.3707e-01 -2.4165e+01  1.1343e+01  2.6696e+01  1.0000e+00
-9.4297e+00 -5.7525e+00 -3.4557e+00 -3.1501e+01 -1.8248e+01 -1.0535e+01  3.7898e+01  1.0000e+00
-1.1953e+00 -1.2167e+00 -5.2888e-01 -5.7828e+00  4.4546e+00 -6.4203e-01  7.3278e+00  1.0000e+00
 2.6985e-02  4.3882e-01  5.2975e-01  6.5722e-01  7.6250e+00  1.2259e+01  1.4452e+01  1.0000e+00
 1.2143e+01 -4.3803e+00 -7.6069e-01  4.1092e+01 -1.4598e+01 -2.2908e+00  4.3668e+01  1.0000e+00
-7.9364e-02  1.2643e+00 -4.5877e-01 -1.3597e+01  5.7738e+00  2.6685e+00  1.5011e+01  1.0000e+00
 1.2546e+02 -1.5555e+02  1.0234e+02  3.8386e+02 -4.7418e+02  3.0947e+02  6.8408e+02  1.0000e+00
 4.8028e-02  5.5999e-01  1.4839e-01  8.0996e+00 -2.0931e+01  8.4413e+00  2.3978e+01  1.0000e+00
 1.2575e-01  5.0513e-01  4.4707e-01  4.2482e+00  1.0885e+00 -1.7339e+01  1.7885e+01  1.0000e+00
-1.8171e-01  5.4497e-01  2.5908e-01  1.0971e+00  2.0494e+01 -2.1511e-01  2.0525e+01  1.0000e+00
 6.9576e+00  5.6716e+00  4.5836e-01  2.2069e+01  1.7668e+01  1.9169e+00  2.8335e+01  1.0000e+00
-4.9960e+00 -1.4127e+00  2.5076e+00 -2.0202e+01 -4.8262e+00  1.1208e+01  2.3602e+01  1.0000e+00
 1.7295e+00 -9.3702e+00  5.6246e-01  5.3654e+00 -3.0159e+01  1.2579e+00  3.0658e+01  1.0000e+00
-4.6497e-01  3.9549e-01 -4.1574e-01  3.3302e-02  5.7970e+00  2.3785e+00  6.2661e+00  1.0000e+00
 4.9295e-01  4.4386e+00 -6.7778e+00  1.3611e+00  1.3726e+01 -2.1574e+01  2.5606e+01  1.0000e+00
-1.5252e+01  5.1274e+00  5.5974e+00 -6.8747e+01  2.3116e+01  2.5052e+01  7.6734e+01  1.0000e+00
-1.5291e-01  7.9129e-01  1.0582e-01  1.4507e+00  1.2746e+01  4.8533e+00  1.3716e+01  1.0000e+00
-1.9095e-01  1.4722e+00  3.7836e-01 -5.9267e+00 -3.7578e+00  3.8111e+00  7.9857e+00  1.0000e+00
 2.6669e-02  4.1586e-01  4.2528e-01 -1.0799e+01  9.1468e-01 -1.5336e+01  1.8780e+01  1.0000e+00
 7.3647e-01  4.5528e-01 -3.0628e-01  1.5475e+01 -3.6225e+00 -6.2157e+00  1.7066e+01  1.0000e+00
 9.3396e-01 -9.4065e+00  7.4649e+00  2.9791e+00 -3.1552e+01  2.5078e+01  4.0414e+01  1.0000e+00
 3.3663e+00 -6.1978e+00  2.6183e+00  2.3772e+01 -4.4620e+01  1.7441e+01  5.3482e+01  1.0000e+00
 5.2741e-02  6.0032e+00  7.8464e-01 -3.3189e+00  1.7543e+01  3.2643e+00  1.8151e+01  1.0000e+00
-9.6179e-02  2.6535e-01  3.5261e-01 -1.4709e+01 -3.4238e+00 -9.8925e+00  1.8053e+01  1.0000e+00
 2.2929e+00 -1.0963e+00  5.3218e-01 -2.3599e-01  1.2903e+00  6.0570e-01  1.4448e+00  1.0000e+00
 1.2971e-01  4.0682e-01  4.6864e-02  1.4622e+01  1.7945e+01 -4.8408e+00  2.3649e+01  1.0000e+00
 5.1739e+00 -1.9740e+00  2.9090e+00  1.5607e+01 -4.1049e+00  8.2059e+00  1.8104e+01  1.0000e+00
 1.9844e-01  1.9276e-01  5.5569e-01 -1.1199e+00  4.8432e+00 -1.0928e+01  1.2006e+01  1.0000e+00
-2.7724e-01  7.4405e-01  1.9792e-01 -1.3063e+01  9.3444e+00  1.3983e+01  2.1295e+01  1.0000e+00
-2.1077e-01  5.4208e-01  2.7999e-01  1.9916e+01 -2.1688e+01 -1.2867e-01  2.9446e+01  1.0000e+00
-2.0788e+00 -1.7931e+00 -1.0268e+01 -6.4990e+00 -5.5088e+00 -3.3670e+01  3.4732e+01  1.0000e+00
-1.1441e+00 -5.6212e-01  2.6558e+00 -2.2539e+00 -1.4289e+00  8.6311e+00  9.0342e+00  1.0000e+00
 1.2329e+01 -3.2729e-01 -2.7698e+00  4.1651e+01 -7.5112e-01 -8.6888e+00  4.2554e+01  1.0000e+00
-1.2790e-01  3.0998e-01  3.6566e-01 -4.4655e+00  2.7649e+01  7.0017e+00  2.8869e+01  1.0000e+00
 4.2668e+00 -5.8588e-01  1.1217e+01  1.4718e+01 -2.6516e+00  3.8323e+01  4.1138e+01  1.0000e+00
-1.7386e-01  5.7305e-01  1.4327e+00  2.4873e+00  1.1429e+00  6.5805e+00  7.1272e+00  1.0000e+00
-7.5690e-01  5.0386e-01 -2.9212e-01  9.8131e+00  1.6472e+01 -1.1615e+01  2.2418e+01  1.0000e+00
-5.0614e+00  8.5352e-01  8.1025e+00 -1.5885e+01  2.7098e+00  2.6298e+01  3.0843e+01  1.0000e+00
-4.5029e-01  5.1361e+00 -2.3548e-02 -4.3381e+00  1.0549e+01 -1.0851e+00  1.1458e+01  1.0000e+00
-1.5066e-01  6.0718e-01 -4.6077e-02 -1.1226e+01 -8.8334e+00  7.2318e+00  1.6011e+01  1.0000e+00
 7.8332e-01  1.9843e+01  1.3152e+01  2.8494e-01  6.3576e+01  4.0544e+01  7.5405e+01  1.0000e+00
-3.4456e+00  3.0837e+00 -1.5047e+00 -8.4866e+00  7.2771e+00 -1.7680e+00  1.1318e+01  1.0000e+00
-4.1871e-01  1.1451e+00 -5.9104e-02 -7.3841e+00 -5.6640e+00  1.0560e+01  1.4075e+01  1.0000e+00
 2.5173e-01  3.6903e-01 -9.3676e-01  8.9673e-01  2.2972e+00  3.5594e+00  4.3302e+00  1.0000e+00
-9.8176e-02  1.4024e+00  6.4722e-01 -5.2605e-01  7.6644e+00 -1.0376e+00  7.7522e+00  1.0000e+00
-4.0268e-01  4.5812e-01  6.2083e-02 -7.2577e+00  1.2490e+01 -2.6178e+01  2.9899e+01  1.0000e+00
-4.2066e-01  5.4678e-01  8.6771e-02 -1.5962e+00  1.8151e+01  7.4132e+00  1.9671e+01  1.0000e+00
-2.4841e+00 -1.1199e-01  3.2236e+00 -3.5183e+00  7.6536e-01  6.1769e+00  7.1497e+00  1.0000e+00
-1.2940e-01  5.9605e-01  2.2168e-01  2.0511e+01 -2.8870e-01  1.8289e+01  2.7482e+01  1.0000e+00
-5.2849e+00  4.4531e+00  1.7031e+00 -2.7784e+01  2.3153e+01  7.3418e+00  3.6904e+01  1.0000e+00
-9.6226e-02  6.1977e-01  3.6850e-01 -1.1131e+01  1.4757e+01 -4.1538e+00  1.8945e+01  1.0000e+00
-2.9543e-01  6.2876e-01  1.4618e-01  3.1786e+01  4.1570e+00  1.1550e+01  3.4074e+01  1.0000e+00
-1.0347e-01  6.2016e-01  1.6410e-01  1.9582e+00 -1.1852e+01  2.6372e+01  2.8979e+01  1.0000e+00
-1.5373e-01  4.7225e-01  4.0442e-01 -4.2218e+00 -1.5260e+01 -7.6266e+00  1.7574e+01  1.0000e+00
 4.1680e+00 -7.1867e+00 -3.5193e+00  1.3411e+01 -2.2179e+01 -1.1353e+01  2.8295e+01  1.0000e+00
-1.5113e+00  8.1544e-01  6.6149e-01  1.2093e+00  5.0153e+00  7.3500e-01  5.2112e+00  1.0000e+00
 5.3026e+00  1.3700e+00 -1.2399e+01  1.7946e+01  5.2932e+00 -3.8397e+01  4.2713e+01  1.0000e+00
-9.3849e-01  5.1254e+00 -3.5012e+00 -2.7153e+00  1.4776e+01 -8.4899e+00  1.7256e+01  1.0000e+00
-1.0594e+01 -3.8214e+00  2.5287e+00 -3.5947e+01 -1.2305e+01  8.5300e+00  3.8940e+01  1.0000e+00
 1.3146e+01 -1.2820e+00 -5.4384e+00  4.5368e+01 -4.3202e+00 -1.8435e+01  4.9160e+01  1.0000e+00
 5.0664e+00 -2.7888e+01  1.7255e+01  1.7620e+01 -9.7756e+01  6.0769e+01  1.1645e+02  1.0000e+00
-8.0209e-02  3.6259e-01  3.2613e-02  8.1779e+00 -1.1423e+01  8.9212e+00  1.6642e+01  1.0000e+00
-5.2603e-01  8.3066e-01  3.5241e-01 -7.3209e+00 -3.6918e-01  7.4040e+00  1.0419e+01  1.0000e+00
-5.9997e-01  6.7994e-01  1.2318e-01 -4.0567e+00  9.4143e+00  8.2456e+00  1.3156e+01  1.0000e+00
-8.2680e-01  6.6893e-01  5.4436e-01 -1.3472e+01 -1.7646e+00  8.4483e+00  1.6000e+01  1.0000e+00
-6.6469e+00 -3.5074e+00 -3.3964e+00 -2.1474e+01 -9.9036e+00 -1.1057e+01  2.6105e+01  1.0000e+00
-3.2943e-01  6.7107e-01 -1.2448e-01 -2.1963e+01 -4.8853e+00 -1.6003e+01  2.7610e+01  1.0000e+00
-3.1751e-01  5.3110e-01  5.5982e-01 -1.9725e+01 -1.2239e+01 -1.2152e+01  2.6202e+01  1.0000e+00
-1.9946e-01  5.7623e-01  8.1111e-03 -1.0090e+01 -2.7240e+00  2.2278e+01  2.4608e+01  1.0000e+00
-5.9479e-01  5.0914e-01 -2.2173e-02  2.7905e+00  7.6879e+00 -1.8564e+00  8.3868e+00  1.0000e+00
 2.0204e+00 -2.2486e+00 -2.6050e+00  4.5338e+00 -3.3272e+00 -4.0081e+00  6.9058e+00  1.0000e+00
-4.0321e-01  4.5979e-01  3.2955e-02 -3.4337e+00  1.4114e+01 -4.3262e+00  1.5156e+01  1.0000e+00
-3.7698e-01  3.3985e-01  1.0220e-01 -9.4497e+00  6.2295e+00  1.2380e+01  1.6774e+01  1.0000e+00
 4.5388e+00 -5.3510e+00 -6.7483e+00  1.4491e+01 -1.7786e+01 -2.1265e+01  3.1281e+01  1.0000e+00
 3.5615e-02  6.6066e-01  8.2224e-02  2.2630e+01  7.3526e+00  1.7302e+01  2.9420e+01  1.0000e+00
 7.2012e-02  3.0010e-01 -7.4992e-02 -3.1166e+00  2.5144e+00  4.4833e+00  6.0112e+00  1.0000e+00
-4.3140e-01  6.5278e-01  2.8716e-01 -1.7187e+01  2.1827e+01  1.6454e+01  3.2288e+01  1.0000e+00
-6.6968e-01  1.0344e+00  1.4617e+00 -1.3749e+00 -6.3473e+00  7.6916e-01  6.5399e+00  1.0000e+00
 7.6026e-01  4.8213e-02 -4.9570e-01  3.4831e+01 -1.7894e+01 -2.3415e+01  4.5625e+01  1.0000e+00
-1.5891e-01  4.1427e-01  1.0062e-01 -2.6753e-01 -8.5765e+00 -1.3641e+01  1.6116e+01  1.0000e+00
 6.9225e-01 -5.9253e-02  1.2063e-01 -9.4319e+00  1.4259e+01  3.1701e+00  1.7388e+01  1.0000e+00
-1.1128e+01  2.7064e+00  5.4470e+00 -6.0466e+01  1.4504e+01  2.9859e+01  6.8979e+01  1.0000e+00
-1.3935e-01  6.2059e-01  1.5475e-01  8.3715e+00  7.1935e+00 -1.0229e+01  1.5049e+01  1.0000e+00
 6.3175e+00  4.3095e+00 -6.6092e-01  1.8679e+01  1.3931e+01 -1.1383e+00  2.3329e+01  1.0000e+00
-4.3218e-01  8.6942e-02  4.8577e-01  5.3412e+00  3.8444e+00 -5.7860e-01  6.6063e+00  1.0000e+00
-6.3523e-01  4.4324e-01 -4.1847e-02  3.4333e+00  5.6726e+00 -2.0786e+00  6.9489e+00  1.0000e+00
 1.2587e-01  4.8697e-01  4.9463e-02  1.2638e-01 -5.9790e+00  1.0391e+00  6.0699e+00  1.0000e+00
 1.0479e+00  6.1072e+00 -1.0611e-02  4.3796e+00  1.6687e+01 -1.5379e+00  1.7321e+01  1.0000e+00
-1.2532e+02  1.5527e+02 -1.0344e+02 -3.7964e+02  4.7214e+02 -3.1702e+02  6.8377e+02  1.0000e+00
 4.2493e-01  6.9772e-01  2.4807e-01  9.2233e+00  1.9205e+01  9.1517e+00  2.3187e+01  1.0000e+00
-2.7356e-01  4.4305e-01  2.4964e-01  1.2290e+01 -8.9594e+00  2.4748e+00  1.5409e+01  1.0000e+00
 2.3409e-01 -2.6380e-01  2.1818e-01  3.0909e+00 -1.1102e+01  7.8125e-01  1.1550e+01  1.0000e+00
-3.7950e-02  4.3476e-01  3.8454e-01  8.4439e+00  4.7898e+00  1.5874e+01  1.8608e+01  1.0000e+00
 5.0690e-01  6.8033e-01  2.1923e-01  1.2940e+00 -4.1088e+00 -1.1143e+01  1.1946e+01  1.0000e+00
 4.2294e+00 -6.3468e+00 -6.1170e+00  1.4492e+01 -1.9345e+01 -1.9819e+01  3.1257e+01  1.0000e+00
 1.9609e+00 -4.8870e-01 -6.7395e-03  7.6970e+00 -9.2225e-01  1.3422e+00  7.8674e+00  1.0000e+00
-1.7542e+00  3.1953e-02  1.4732e+00 -4.1629e+00 -4.4742e-01  7.9104e+00  8.9501e+00  1.0000e+00
-1.4270e-01  4.0957e-01 -4.3263e-02 -1.6128e+01  1.2634e+01 -1.8109e+01  2.7344e+01  1.0000e+00
-9.2275e+00  4.4861e-01  7.8243e+00 -3.0956e+01  2.2899e+00  2.6779e+01  4.0995e+01  1.0000e+00
-3.2980e-01  4.3986e-01 -2.0247e-01  1.3928e+01 -6.7201e+00 -1.4684e+00  1.5534e+01  1.0000e+00
-2.6963e-01  5.7548e-01  2.0853e-01 -6.0134e+00 -4.4452e+00  2.1125e+01  2.2410e+01  1.0000e+00
-6.2320e+00  5.5940e+00 -1.0029e+01 -2.0957e+01  1.9341e+01 -3.3856e+01  4.4266e+01  1.0000e+00
 1.0522e+01 -7.2318e+00  2.8808e+00  3.5468e+01 -2.4030e+01  9.9059e+00  4.3972e+01  1.0000e+00
 5.8248e+00 -3.5678e+00  6.3950e+00  1.8256e+01 -1.1252e+01  2.0876e+01  2.9928e+01  1.0000e+00
-8.7132e-01  6.2120e-01  9.1696e-02  2.5009e+00 -2.9567e+00 -8.4188e+00  9.2667e+00  1.0000e+00
-1.6811e-01  5.7933e-01  1.5153e-01 -2.6853e+00  1.0666e+01  3.4911e+00  1.1540e+01  1.0000e+00
-1.1262e-01  4.4173e-01  9.1143e-02 -1.5030e+01  1.1446e+01  1.3665e+01  2.3316e+01  1.0000e+00
-4.9418e+00  9.3782e-01  1.7588e+00 -1.3048e+01  1.1657e+00  3.7391e+00  1.3624e+01  1.0000e+00
-9.4554e-02  7.8689e-01 -3.4663e-02 -7.4063e+00  7.7472e+00 -8.7355e+00  1.3827e+01  1.0000e+00
-2.4243e-01  7.5065e-01  2.5886e-01 -6.0649e+00 -7.9233e+00 -1.7703e+01  2.0321e+01  1.0000e+00
-3.1775e-01  4.3184e-01  1.2363e-01  2.1933e+01 -3.5868e+00  1.0956e+01  2.4778e+01  1.0000e+00
-9.5822e-02  1.7655e-01  4.4712e-01 -4.4221e-01  5.7856e+00  2.6525e+00  6.3800e+00  1.0000e+00
-4.3894e+00  3.9231e+00 -3.6745e+00 -1.2777e+01  1.3921e+01 -1.0712e+01  2.1721e+01  1.0000e+00
 1.8495e-01  2.9839e-01  3.0382e-01  1.7145e+01  1.4515e+01  1.0089e+01  2.4626e+01  1.0000e+00
-3.2503e+00  2.0827e+00 -8.0487e+00 -1.0564e+01  6.6392e+00 -2.5464e+01  2.8356e+01  1.0000e+00
-6.4515e-01  5.5513e+00  2.5973e+00 -5.8427e+00  1.4807e+01  5.0253e+00  1.6693e+01  1.0000e+00
-9.9300e+00 -2.3130e+00 -2.9758e+00 -3.3996e+01 -6.9807e+00 -8.7658e+00  3.5795e+01  1.0000e+00
-1.0783e+00  8.0411e-01  1.1964e-01 -1.7006e+01 -7.0897e-01  2.7896e+00  1.7248e+01  1.0000e+00
-5.8667e-02 -5.1433e-02 -1.8056e+00  6.3019e-02 -2.4756e+00 -1.0612e+01  1.0897e+01  1.0000e+00
-4.7207e-01  4.9402e-01  2.9917e-01  8.2885e+00 -5.7570e+00 -2.3383e+01  2.5468e+01  1.0000e+00
-1.0821e-01  6.8567e-01  3.1962e-01 -2.7296e+01  1.4140e+01  7.9456e+00  3.1751e+01  1.0000e+00
-2.0057e-01  3.7743e-01  5.3156e-01  3.4156e-01  2.1689e+01 -1.2314e+01  2.4943e+01  1.0000e+00
-4.7307e-02  7.8168e-01  1.0359e-01 -1.7453e+01 -1.0023e+00  2.2076e+00  1.7620e+01  1.0000e+00
-9.5430e-01 -3.2507e-01  5.9575e-01  3.0799e+00  7.1748e+00  2.5561e+00  8.2157e+00  1.0000e+00
 2.3048e+00 -1.3619e+00  1.2801e+00  5.0566e+00 -1.4244e+00 -4.2187e+00  6.7377e+00  1.0000e+00
-1.5768e-01  5.2159e-01  8.6124e-02 -1.9969e+00 -3.0193e+01 -1.7282e+01  3.4847e+01  1.0000e+00
-5.9633e-01  1.0530e+00 -2.5743e-01 -7.4304e-01  5.4151e+00 -3.2460e+00  6.3570e+00  1.0000e+00
-1.3234e+01  1.5186e+01 -9.3335e+00 -4.2035e+01  4.4315e+01 -2.6703e+01  6.6662e+01  1.0000e+00
-1.7749e-02  2.3370e-01 -1.3425e+00  1.7112e+00  1.0070e+00 -9.5016e+00  9.7068e+00  1.0000e+00
 2.4112e+00  1.1558e+00 -8.0486e-01  9.1987e-01  6.6631e+00 -1.2305e+00  6.8379e+00  1.0000e+00
-4.6376e-01  4.9751e-01  2.0825e-02 -3.3142e+01 -1.7884e+01 -3.2026e+01  4.9436e+01  1.0000e+00
-2.4473e-01  4.8569e-01  2.1721e-01  3.8479e+00  3.2549e+00 -1.9999e+01  2.0624e+01  1.0000e+00
-2.6470e-01 -7.3677e+00 -3.8981e+00 -6.5266e-01 -2.2627e+01 -1.2816e+01  2.6013e+01  1.0000e+00
-2.7707e-01  3.7543e-01  5.2971e-01  2.8821e+00  5.3672e+00  7.4148e+00  9.5966e+00  1.0000e+00
 4.3156e+00 -6.3515e+00 -5.9963e+00  1.3449e+01 -2.1235e+01 -1.8851e+01  3.1419e+01  1.0000e+00
-5.3752e-01  5.2830e-01  2.2459e-01 -1.0905e+00  3.4161e+00  2.4330e+00  4.3334e+00  1.0000e+00
-1.1837e-01  6.1225e-01  1.7223e-01  5.4904e+00 -2.2547e+01  7.1835e+00  2.4292e+01  1.0000e+00
 2.0678e-01  5.0748e+00  2.2982e+00  2.8250e+00  1.4036e+01  5.0594e+00  1.5185e+01  1.0000e+00
 2.0890e+00 -4.4663e+00  6.9762e+00  7.0527e+00 -1.4074e+01  2.2136e+01  2.7162e+01  1.0000e+00
-2.8892e-01  3.8703e-01  2.5318e-01 -3.6563e+00  1.0581e+01  1.1393e+01  1.5972e+01  1.0000e+00
-2.0923e-01  5.7278e-01  1.1318e-01 -5.8529e+01  3.2157e+01 -2.1578e+01  7.0181e+01  1.0000e+00
-2.9037e-01  3.8800e-01  1.7158e-01  3.6683e+00 -8.1684e+00 -2.2082e-01  8.9570e+00  1.0000e+00
 1.2520e-01  5.4813e-01  3.1660e-01 -1.7843e+01 -3.3983e+00 -1.1395e+01  2.1442e+01  1.0000e+00
-5.4588e+00 -1.8279e+00  3.5399e+00 -1.6662e+01 -5.3047e+00  9.0867e+00  1.9706e+01  1.0000e+00
-1.4690e-01  6.9518e-01 -1.0889e-01 -8.8227e+00  3.9966e+00  1.4417e+01  1.7368e+01  1.0000e+00
-1.2253e-02  7.1134e-01  2.5305e-01  4.1010e+00  5.3781e+00  2.3920e+01  2.4858e+01  1.0000e+00
 7.8994e+00 -1.0265e+01 -7.8743e-01  2.7134e+01 -3.4463e+01 -2.8175e+00  4.3953e+01  1.0000e+00
-1.6516e-01  5.3628e-01  4.3697e-02  8.4110e+00  2.8192e+01 -2.2104e+01  3.6798e+01  1.0000e+00
-1.9862e+00  6.3283e-01  1.1316e+00  4.1795e+00  5.1987e+00 -5.0756e+00  8.3819e+00  1.0000e+00
-4.1842e-01  6.9950e-01  3.9968e-02 -1.4321e+01 -5.7200e+00  4.9008e+00  1.6181e+01  1.0000e+00
-2.5370e-01  4.7143e-01  3.3718e-01 -9.8032e+00 -1.3472e+01 -1.3110e+01  2.1201e+01  1.0000e+00
 1.9460e+00 -1.2335e+00  3.1042e-01 -3.2809e-01 -6.3529e-01  1.1338e-02  7.1510e-01  1.0000e+00
-3.6552e-01  4.9787e-01 -1.4396e-02  4.7796e+00 -4.6926e-01 -1.9832e+01  2.0405e+01  1.0000e+00
-1.9705e-01  3.0405e-01  3.9043e-01 -2.0522e+01  1.0087e+01 -1.2655e+01  2.6136e+01  1.0000e+00
-2.8186e+00 -1.1613e+00 -7.5672e-01 -1.0434e+01 -3.5912e+00 -1.9136e+00  1.1200e+01  1.0000e+00
-1.7581e-01  5.5801e-01  1.3515e-01  2.0866e+01  1.2224e+01  1.8954e+01  3.0726e+01  1.0000e+00
 8.2044e-02  3.7095e-01  2.1237e-01 -9.5345e+00 -2.8721e+00 -1.0679e+01  1.4601e+01  1.0000e+00
-4.4339e-01  4.4030e-01  2.1927e-01  6.7534e+00 -9.9310e+00  2.9407e+00  1.2365e+01  1.0000e+00
-1.3096e-01  6.3473e-01  1.9669e-01  8.0376e+00 -1.0743e+01 -2.6119e+00  1.3669e+01  1.0000e+00
 1.0668e-02  5.0917e-01  8.4110e-02 -1.0329e+01 -9.7335e+00 -1.1760e+01  1.8432e+01  1.0000e+00
-1.9620e-02  4.4350e-01  1.5378e-01  1.3971e+01 -7.1589e+00 -2.6045e+01  3.0410e+01  1.0000e+00
-1.1363e-01  6.6807e-01  2.6059e-01  7.4147e+00 -2.2269e+01  3.6673e+00  2.3756e+01  1.0000e+00
-3.5877e-01  9.4024e-01  2.6060e-01 -7.8231e+00 -9.1078e+00  3.3470e+00  1.2464e+01  1.0000e+00
-5.0783e+00  4.3440e+00  1.8433e+00 -8.1653e+01  6.5480e+01  3.0980e+01  1.0915e+02  1.0000e+00
 9.9901e-01  4.3328e-01 -3.8769e-01 -4.3699e+00  8.1889e+00 -5.3274e+00  1.0702e+01  1.0000e+00
 4.3713e-02  5.6932e-01 -4.3370e-03  1.9548e+01  8.9431e+00 -1.1696e+00  2.1528e+01  1.0000e+00
-2.9813e+01  1.2798e+00  2.6553e+01 -2.4181e+02  7.3671e+00  2.1773e+02  3.2547e+02  1.0000e+00
-1.8072e-01  7.5187e-01  1.2982e-01 -1.9395e+01 -9.9376e-01  5.4207e+00  2.0163e+01  1.0000e+00
 2.5514e-01  1.7736e+00 -2.5122e-01 -4.3092e+00 -6.8308e+00 -8.2931e-01  8.1189e+00  1.0000e+00
-1.0420e-01  5.8641e-01  2.9117e-02  7.2595e-02  2.2580e+01  1.2170e+01  2.5651e+01  1.0000e+00
-1.7806e+00  2.7715e+00  6.9830e+00 -4.5499e+00  6.5564e+00  1.6914e+01  1.8702e+01  1.0000e+00
 3.9738e+00  1.2214e+00  7.3530e-01  7.1589e+00  3.7274e+00  2.4010e+00  8.4207e+00  1.0000e+00
 4.8161e+00 -2.6539e+00 -4.1743e+00  1.4100e+01 -8.6046e+00 -1.1999e+01  2.0416e+01  1.0000e+00
 9.6126e-02  4.6726e-01  1.3161e-01 -1.0479e+01  7.7207e+00 -1.2520e+01  1.8060e+01  1.0000e+00
 6.2650e+00 -6.4586e+00 -9.6045e+00  2.1534e+01 -2.1652e+01 -3.1908e+01  4.4166e+01  1.0000e+00
-2.4880e-01  6.3102e-01  1.3932e-01 -1.9115e+01  5.6716e+00 -1.6971e+01  2.6183e+01  1.0000e+00
-2.1944e-01  6.1764e-01  2.2362e-01 -6.1062e+00 -3.0248e-01  1.2588e+01  1.3994e+01  1.0000e+00
-1.7192e-01  6.4786e-01  2.0680e-01 -2.2596e+00  7.3216e+00  1.8875e+01  2.0371e+01  1.0000e+00
-1.7954e-01  5.7769e-01  7.6646e-02 -4.9432e+00 -1.3271e+00 -7.5707e+00  9.1385e+00  1.0000e+00
-2.3481e-01  3.1342e-01  2.7054e-01 -3.1268e+00 -1.8400e+01  4.6494e+00  1.9234e+01  1.0000e+00
 2.6289e-01  7.5041e-01  7.7014e-02 -1.1376e+01 -2.7626e+00  1.8737e+01  2.2093e+01  1.0000e+00
-1.2771e-01  4.2597e-01 -2.5983e-01 -4.7049e-01  1.3541e+01  5.6058e+00  1.4663e+01  1.0000e+00
-2.0140e-01  9.1513e-01 -2.1604e-01  6.9952e+00 -1.2988e+00 -7.9691e+00  1.0683e+01  1.0000e+00
-1.6258e+00  1.2026e+00  1.2294e+00 -2.9555e+00  1.5636e-01  4.7629e+00  5.6075e+00  1.0000e+00
-2.9906e-02  6.7091e-01  3.3326e-01 -8.9832e-01  1.7093e+01  8.7616e+00  1.9229e+01  1.0000e+00
-1.8692e+00  2.4595e+00  7.3140e+00 -4.7855e+00  8.0730e+00  2.2614e+01  2.4484e+01  1.0000e+00
-9.0952e-01  1.3136e-01 -1.0326e+00 -5.6876e+00 -7.3761e+00  2.4186e+00  9.6232e+00  1.0000e+00
-1.2311e-01  6.0040e-01  1.9726e-01  2.0339e+01 -8.2797e+00  5.0942e+00  2.2543e+01  1.0000e+00
-1.0847e-01  1.8670e-01  1.9362e-01 -1.9933e+00  1.1913e+01 -1.1283e+00  1.2131e+01  1.0000e+00
-9.5560e-01  2.0962e+00  2.0662e+00  3.4429e+00  2.7499e+00  1.3199e+00  4.5998e+00  1.0000e+00
 5.0102e+00 -1.2557e+01  2.1874e+01  1.5627e+01 -3.9446e+01  7.0969e+01  8.2685e+01  1.0000e+00
 9.2343e+00  1.7787e+00  8.6268e+00  3.1061e+01  5.8863e+00  2.9490e+01  4.3233e+01  1.0000e+00
 1.1802e+00 -2.0427e-01 -1.0714e-01 -6.0587e+00  8.0300e+00  5.3056e+00  1.1373e+01  1.0000e+00
 9.6066e-02  6.6323e-01  2.2526e-01  1.2213e+01 -1.0307e+01 -1.4335e+00  1.6045e+01  1.0000e+00
 7.6133e-02  4.9072e-01  2.4371e-02 -9.1569e+00  1.2571e+01  9.7563e+00  1.8359e+01  1.0000e+00
-2.4690e+00  1.5090e+00  9.7981e+00 -8.1921e+00  5.6369e+00  3.2305e+01  3.3801e+01  1.0000e+00
-6.6048e+00 -1.7218e+00 -6.4749e+00 -2.0919e+01 -2.6348e+00 -1.9408e+01  2.8657e+01  1.0000e+00
 2.4328e-02  1.6562e+00 -3.2596e-01 -5.2698e+00 -4.8160e+00  1.2981e+01  1.4814e+01  1.0000e+00
-3.1442e+00 -4.8614e+00 -5.6299e-01 -1.2741e+01 -2.3181e+01 -1.3929e+00  2.6489e+01  1.0000e+00
-6.8495e-01  3.7370e-01  2.8678e-01 -1.9039e+01 -1.6832e+01  7.9006e+00  2.6612e+01  1.0000e+00
 7.8326e-02  5.0330e-01  2.2409e-01  8.1638e+00  1.2154e+01 -6.6698e+00  1.6089e+01  1.0000e+00
-5.4432e-01 -4.0847e-02 -2.4235e-03 -1.5444e+01 -1.6609e+01 -3.2617e+00  2.2913e+01  1.0000e+00
-2.6856e-01  5.9089e-01  4.4492e-02 -9.0330e+00  1.6304e+01  4.1518e+00  1.9096e+01  1.0000e+00
 3.0458e-01  6.1231e-01  2.4917e-01 -3.2244e-01  1.2108e+01  3.0925e+00  1.2501e+01  1.0000e+00
-3.3870e+00  1.0559e+01 -1.4013e+00 -1.0974e+01  3.5018e+01 -4.3887e+00  3.6958e+01  1.0000e+00
 2.7376e+00  1.5168e-01  2.0818e+00  5.5678e+00  4.1148e+00  8.1663e+00  1.0706e+01  1.0000e+00
-6.5367e+00 -3.5472e-01 -1.6399e+00 -1.9170e+01  2.9573e-01 -5.1322e+00  1.9847e+01  1.0000e+00
-3.3047e-01  6.7898e-01 -2.0745e-01  7.1087e+00  9.0741e+00 -3.2309e+01  3.4304e+01  1.0000e+00
-5.3572e+00 -2.2600e+00  3.5681e+00 -1.4796e+01 -5.8443e+00  1.1053e+01  1.9371e+01  1.0000e+00
-4.4198e-02  4.9841e-01  3.5295e-01  6.0236e+00 -4.4372e+00  2.1034e+01  2.2325e+01  1.0000e+00
 1.2277e+01  4.3745e+00  1.0490e+00  4.1199e+01  1.5058e+01  3.3889e+00  4.3996e+01  1.0000e+00
 4.5697e+00  6.5144e+00  7.0300e-01  1.4809e+01  2.0171e+01  3.1662e+00  2.5223e+01  1.0000e+00
-9.5557e+00 -5.8865e+00 -3.5758e+00 -3.2926e+01 -1.9735e+01 -1.2885e+01  4.0493e+01  1.0000e+00
-3.0719e-01 -1.2031e+00 -8.2231e-01 -5.4639e+00  9.8452e-01  3.9950e+00  6.8398e+00  1.0000e+00
-9.5408e+00 -3.3595e-01 -2.4769e+00 -3.1449e+01 -4.2420e-01 -8.3003e+00  3.2529e+01  1.0000e+00
-3.5784e-01  7.7000e-01  9.2639e-01  6.4132e-02  2.8511e+00  9.8979e+00  1.0301e+01  1.0000e+00
 3.4022e-02  1.6190e+00 -3.6522e-01 -6.4853e+00 -9.2673e+00  5.6336e+00  1.2636e+01  1.0000e+00
-2.1155e+00  7.7867e+00 -3.1613e+00 -6.1889e+00  2.5228e+01 -9.1419e+00  2.7537e+01  1.0000e+00
 8.3819e+00  7.0376e+00 -5.3304e+00  4.7452e+01  3.8409e+01 -2.9638e+01  6.7863e+01  1.0000e+00
-2.3577e-01  1.4443e+00  2.2157e-01  6.0509e+00  3.1577e-01 -5.0709e+00  7.9011e+00  1.0000e+00
-1.2149e+00 -1.7161e-01 -2.6841e+00 -4.6069e-01  2.5126e+00 -3.7045e+00  4.4998e+00  1.0000e+00
 2.5427e-01  7.1530e-01  4.5762e-01 -7.5946e-01 -6.2269e+00  2.2682e+00  6.6705e+00  1.0000e+00
 2.2221e+00 -2.1618e+00 -1.3212e+00  6.4269e+00 -4.6915e+00  2.5777e+00  8.3642e+00  1.0000e+00
-3.5251e-01  1.3673e+00 -3.0715e-01 -1.1137e+00 -8.2156e+00  9.7090e+00  1.2767e+01  1.0000e+00
 1.6323e-01  7.6014e-01  1.5136e-02 -1.3903e+01 -1.7426e+01 -4.3788e+00  2.2719e+01  1.0000e+00
-7.1396e+00 -3.5561e+00 -1.2443e+01 -2.4998e+01 -1.2694e+01 -4.4174e+01  5.2320e+01  1.0000e+00
-1.2927e+01 -4.4336e+00 -4.0180e-01 -4.4178e+01 -1.4368e+01 -1.5388e+00  4.6481e+01  1.0000e+00
 1.5262e+00 -2.1483e+00 -2.7321e+00  5.4566e+00 -2.5549e+00 -5.9402e+00  8.4610e+00  1.0000e+00
 1.3160e+01  2.1554e+00 -1.3240e+00  4.4406e+01  7.9970e+00 -4.7686e+00  4.5371e+01  1.0000e+00
-3.0887e-01  6.7464e-01  2.3539e-01  4.5002e+00  1.6606e+01 -2.0160e+01  2.6504e+01  1.0000e+00
-4.5577e-01  5.7265e-01 -7.2594e-02  4.4915e+00 -8.7225e-01 -5.2727e+00  6.9811e+00  1.0000e+00
-1.0761e-02  6.4478e-01 -1.9007e-01 -8.2778e+00  7.8768e-01 -1.0739e+00  8.3842e+00  1.0000e+00
-2.1027e-01  4.1845e-01  2.2536e-01  2.6180e+01 -2.9559e+01  9.1957e+00  4.0543e+01  1.0000e+00
-1.5603e-01  5.6095e-01  1.8342e-01  8.1473e+00  1.3843e+01 -5.0969e+00  1.6852e+01  1.0000e+00
 5.2583e-01  4.3726e-01 -3.1644e-01  6.6888e+00 -5.9188e+00 -4.3789e+00  9.9472e+00  1.0000e+00
-9.7756e-02  4.6057e-01  1.4589e-01  7.1499e+00  2.8583e+00 -2.6597e+01  2.7689e+01  1.0000e+00
-5.6592e+00  4.8711e+00 -1.0168e+00 -1.7128e+01  1.4438e+01 -2.3830e+00  2.2528e+01  1.0000e+00
-4.4997e-01  4.7965e-01  3.1174e-01  1.5915e+01  1.1786e+01  9.9174e+00  2.2148e+01  1.0000e+00
-6.0545e+00 -1.7879e+00  1.8794e-02 -1.6790e+01 -5.1917e+00 -4.3595e-01  1.7580e+01  1.0000e+00
-4.6214e-01 -2.1812e-01  3.3790e-01  5.2144e+00  1.1286e+01  3.5589e+00  1.2931e+01  1.0000e+00
 1.4967e-01  2.3392e-01  5.3230e-01 -7.7656e+00  1.4848e+01  4.4300e+00  1.7332e+01  1.0000e+00
-3.6522e-01  7.9535e-01  4.7174e-02  6.5209e+00  6.6022e+00 -1.0429e+01  1.3960e+01  1.0000e+00
-1.5480e-01  4.9578e-01  3.5922e-01  1.4316e+01 -1.7669e+01 -8.8693e+00  2.4409e+01  1.0000e+00
 4.2014e+00 -1.0464e+01 -5.0310e+00  1.4200e+01 -3.4746e+01 -1.6777e+01  4.1115e+01  1.0000e+00
-9.4191e+00 -1.7964e+00  8.4875e+00 -3.1876e+01 -5.3866e+00  2.8703e+01  4.3231e+01  1.0000e+00
-1.1053e-01  4.5888e-01  2.5169e-01  4.3916e-01 -3.2469e+01 -3.3202e+00  3.2641e+01  1.0000e+00
-1.6827e+00 -1.1775e+00 -3.0159e+00 -3.6842e+00 -7.2985e-01 -4.3054e+00  5.7134e+00  1.0000e+00
 2.1026e+00 -1.3545e+00  7.7021e-01  2.0173e-01  1.1503e+00  3.2357e+00  3.4400e+00  1.0000e+00
-2.0272e-01  6.2914e-01  3.3179e-01  2.1392e+01  4.2467e+00 -5.4366e+00  2.2477e+01  1.0000e+00
-1.0147e+00 -8.3880e+00 -5.8570e+00 -2.8071e+00 -2.8404e+01 -2.0166e+01  3.4948e+01  1.0000e+00
-1.8104e+00  3.1666e+00 -2.7452e+00 -4.2244e+00  7.0543e+00 -4.5378e+00  9.3915e+00  1.0000e+00
-9.6620e-01  4.2899e-01  2.1878e-01 -1.4759e+01 -1.8812e+00  3.5018e+00  1.5285e+01  1.0000e+00
-8.0800e-01  2.8510e-01  2.2457e-01  2.4710e+00  4.1127e+00 -1.5484e+00  5.0416e+00  1.0000e+00
-4.4441e-01  3.2662e-01  2.5897e-01  1.3558e+01  2.8190e+01 -7.4353e+00  3.2152e+01  1.0000e+00
-1.8166e+00  8.1612e+00 -3.5050e+00 -5.6238e+00  2.5369e+01 -1.0557e+01  2.8047e+01  1.0000e+00
 5.5175e-01  6.3527e-01 -3.4603e-01 -1.6795e+01  1.0599e+00  8.2452e+00  1.8740e+01  1.0000e+00
-2.8991e-02  1.3749e+00  1.0594e+01  1.8536e+00  5.2137e+00  2.9046e+01  2.9569e+01  1.0000e+00
-3.3226e-01 -4.6690e-01  1.2675e-01  3.4689e-01  1.7561e+01  2.7113e+00  1.7772e+01  1.0000e+00
-2.3035e-01  6.0487e-01  1.6390e-01  1.0636e+01 -5.0213e+00 -1.7137e+01  2.0785e+01  1.0000e+00
-3.7264e-01  3.3750e-01  1.4188e-02 -9.0492e+00 -1.1938e+01 -7.8459e+00  1.6910e+01  1.0000e+00
-1.7826e-01  9.8683e-01 -2.0827e-01  7.9712e+00 -1.2698e+01  3.9306e+00  1.5499e+01  1.0000e+00
 2.9998e+00  6.2389e+00  3.4431e+00  9.7234e+00  1.9684e+01  1.0244e+01  2.4227e+01  1.0000e+00
-2.2508e-01  6.0919e-01  2.3238e-01  8.6330e+00  2.7535e+01 -4.6376e+00  2.9227e+01  1.0000e+00
-5.4570e-01  2.0965e+00  1.6424e-01 -1.1199e+00 -1.4580e+00 -1.4212e+00  2.3238e+00  1.0000e+00
-1.4217e-01  4.0998e-01 -3.6253e-02  1.8975e+01 -4.8006e+00 -2.2747e+01  3.0009e+01  1.0000e+00
-1.3201e-01  3.7596e-01  4.1056e-01  1.0876e+01 -1.3805e+01  1.1132e+00  1.7610e+01  1.0000e+00
-1.8515e-01  6.4511e-01  2.5131e-01  9.0503e+00 -2.5776e+01 -5.1908e+00  2.7808e+01  1.0000e+00
-2.7693e-01  7.6581e-01  8.8882e-02  2.1361e+00 -1.3387e+01  7.9253e+00  1.5703e+01  1.0000e+00
 5.1110e+00 -3.8069e+00 -7.2872e-01  1.4676e+01 -1.0566e+01 -1.4843e+00  1.8145e+01  1.0000e+00
 2.3669e-02  4.4841e-01  4.7547e-01 -5.7203e+00 -4.2708e+00 -1.1356e+01  1.3413e+01  1.0000e+00
 9.3546e+00 -1.6608e+01  1.0525e+01  2.5303e+01 -5.0484e+01  3.2526e+01  6.5168e+01  1.0000e+00
 1.6360e-01 -1.2547e+00 -8.0702e-01 -8.9797e-01 -6.0023e-01  9.8031e+00  9.8624e+00  1.0000e+00
 9.1238e-01 -4.4264e+00 -1.2575e+01  2.7699e+00 -1.4720e+01 -4.2293e+01  4.4867e+01  1.0000e+00
-3.2597e+00 -5.0237e+00 -8.5971e+00 -1.1894e+01 -1.6483e+01 -2.8475e+01  3.4986e+01  1.0000e+00
-6.7887e-01 -9.2011e+00  1.0009e+00 -1.8883e+00 -3.0227e+01  3.2510e+00  3.0459e+01  1.0000e+00
-1.2410e+01 -6.3768e+00 -3.2753e+00 -4.2774e+01 -2.1306e+01 -1.1084e+01  4.9056e+01  1.0000e+00
-1.4316e-01  7.2698e-01  1.0785e-01  5.1517e+00  3.3889e+00  2.8210e+01  2.8876e+01  1.0000e+00
-1.0105e+01 -2.5047e+00 -1.9374e+00 -3.4009e+01 -8.3342e+00 -6.1848e+00  3.5557e+01  1.0000e+00
 3.8212e-01  4.5076e-01  1.1022e+00 -1.0073e+01  4.9148e+00 -5.8140e+00  1.2626e+01  1.0000e+00
-3.3245e-01  6.9523e-02 -1.4572e-01 -6.9288e+00  9.2020e+00  9.4452e+00  1.4896e+01  1.0000e+00
-1.6483e+00 -1.3385e-01 -4.7891e+00 -5.4693e+00  5.9014e-01 -1.8479e+01  1.9280e+01  1.0000e+00
 1.1270e+00  7.4561e-01  1.9603e-01 -8.2564e+00  5.7629e+00 -7.3551e+00  1.2469e+01  1.0000e+00
-5.1928e-01  4.9345e-01  1.4655e-01  1.0340e+01  4.6083e+00 -4.8557e+00  1.2318e+01  1.0000e+00
