# limit = 10.3653
#
# x           y           z           vx          vy          vz          s           m
 4.4561e-01 -2.0218e+00 -9.6848e-01 -2.8558e+00 -2.5784e-01  4.0535e+00  4.9652e+00  1.0000e+00
 7.3598e-02  5.4365e-01 -1.0303e-01  6.0409e+00 -3.3732e+00 -4.8908e+00  8.4730e+00  1.0000e+00
 1.0724e+01  3.3855e-01  2.0961e+00  3.4683e+01  1.8506e+00  6.8230e+00  3.5397e+01  1.0000e+00
-3.3891e-01  6.4929e-01  2.5316e-01 -1.6669e-01  1.6352e+01  2.5985e+00  1.6558e+01  1.0000e+00
-8.9510e+00  3.4440e+00  5.4665e+00 -2.9758e+01  1.1038e+01  1.7580e+01  3.6283e+01  1.0000e+00
 3.8359e+00 -1.3395e+00  1.1122e+01  1.3041e+01 -3.7834e+00  3.6673e+01  3.9106e+01  1.0000e+00
 7.1533e-01 -9.0776e+00 -6.3657e+00  1.6779e+00 -2.9916e+01 -2.0395e+01  3.6245e+01  1.0000e+00
-4.9879e-01  1.5530e+00  8.6437e-01  1.7490e+00 -7.2173e+00 -3.9242e+00  8.3992e+00  1.0000e+00
-1.4526e+01  1.0535e+01  3.2218e+01 -4.5559e+01  3.3393e+01  1.0467e+02  1.1894e+02  1.0000e+00
 7.0420e+00 -3.5124e+00  1.6296e-01  1.1481e+02 -6.2181e+01  3.0585e+00  1.3060e+02  1.0000e+00
 2.3987e+00  2.8157e+00  1.9755e+00  3.4635e+00  5.8328e+00  3.1534e+00  7.4808e+00  1.0000e+00
 2.4842e-01  5.6964e-01  4.4398e-02  1.3911e+00  1.0066e+01  9.5379e+00  1.3937e+01  1.0000e+00
 2.9384e-01  3.0625e-01  7.6284e-01 -1.1328e+01 -4.0310e+00 -1.5469e+01  1.9593e+01  1.0000e+00
 3.1590e+00  5.3660e-01 -7.6150e-01  1.0284e+01  3.2466e+00 -9.1800e-01  1.0824e+01  1.0000e+00
-3.6892e-01  4.0856e-01  1.2070e-02 -1.9420e+01 -3.2756e+00 -7.6311e+00  2.1121e+01  1.0000e+00
-4.1159e+00 -5.2095e-01 -3.4961e+00 -1.1926e+01 -2.5478e+00 -7.7758e+00  1.4463e+01  1.0000e+00
 6.5073e+00 -6.7788e+00 -7.6985e+00  2.1328e+01 -2.2336e+01 -2.5784e+01  4.0231e+01  1.0000e+00
-1.4559e-01  5.6729e-01 -3.2962e-02 -3.7366e+00  9.6642e+00  1.0665e+01  1.4869e+01  1.0000e+00
-3.8398e-02  6.1534e-01  3.6195e-01  1.1609e+01  5.8477e+00  1.3663e+01  1.8859e+01  1.0000e+00
 2.2565e+01  1.8611e+01 -8.1718e+00  7.3491e+01  5.8944e+01 -2.5226e+01  9.7528e+01  1.0000e+00
-1.1881e-02  7.6195e-01  4.2673e-01  7.5652e+00  2.0306e+01  7.8444e+00  2.3046e+01  1.0000e+00
-2.1558e-01  6.6680e-01 -1.6890e-02  1.6469e+01 -6.6831e+00  8.6075e+00  1.9748e+01  1.0000e+00
-7.6416e-01 -2.3438e-01  1.4206e+00 -1.0708e+01 -1.5309e+01  2.1062e+01  2.8154e+01  1.0000e+00
-4.8207e+00  9.0056e+00 -9.2096e+00 -1.6050e+01  3.0765e+01 -3.0754e+01  4.6367e+01  1.0000e+00
-2.9517e-01  1.0422e+01 -4.6485e+00 -1.2135e+00  3.4315e+01 -1.5099e+01  3.7509e+01  1.0000e+00
-2.4907e+00  1.1789e+00 -4.5503e+00 -9.0540e+00  5.8404e+00 -1.2069e+01  1.6178e+01  1.0000e+00
 3.5297e+00 -8.1758e+00  1.6450e+00  1.0359e+01 -2.6968e+01  4.9192e+00  2.9305e+01  1.0000e+00
 2.0525e+01 -5.3095e+00 -1.9790e+01  7.5304e+01 -1.9851e+01 -7.2673e+01  1.0652e+02  1.0000e+00
 5.9222e-01 -1.2410e+01 -1.6375e+01  2.1825e+00 -4.2272e+01 -5.5741e+01  6.9992e+01  1.0000e+00
-6.9395e-02  6.0411e-01  3.1022e-01  1.4523e+01 -3.0124e+00 -1.1772e+01  1.8936e+01  1.0000e+00
-2.8279e-01  6.1390e-01  1.8232e-01 -3.4543e+00 -5.5029e+00  1.2288e+01  1.3900e+01  1.0000e+00
-2.7713e-01  3.2533e-01  1.9124e-01 -6.2701e+00 -9.7416e+00  1.8397e+01  2.1741e+01  1.0000e+00
-3.2167e-01  8.4982e-01  3.7676e-01  1.4182e+00  3.7192e+00 -1.0670e+01  1.1388e+01  1.0000e+00
-3.6833e-01  6.1601e-01  4.7773e-01 -1.6693e+01  1.8685e+01  4.0549e+00  2.5381e+01  1.0000e+00
-1.4749e-01  5.7193e-01  1.5006e-01  2.8809e+01  6.0446e+00 -1.9418e+01  3.5264e+01  1.0000e+00
 1.1023e-01  8.6835e-01  3.8657e-01  1.1989e+01  3.6169e+00 -1.0819e+01  1.6549e+01  1.0000e+00
-5.8486e-01  9.5930e-01  5.2192e-02 -6.5016e+00  2.3749e+01 -1.3655e+01  2.8156e+01  1.0000e+00
-8.7235e+00  1.6701e+01 -2.1305e+01 -2.8561e+01  5.4737e+01 -6.8015e+01  9.1858e+01  1.0000e+00
-4.5095e-01  4.1991e-01 -3.4062e-01  1.1985e+01  4.5064e+00  1.6389e+01  2.0798e+01  1.0000e+00
 6.5582e+00 -1.5401e+00  5.4787e+00  2.0185e+01 -4.2484e+00  1.7082e+01  2.6783e+01  1.0000e+00
 4.0732e+00  3.6709e+00  2.2637e-01  1.0206e+01  9.6981e+00  2.1356e+00  1.4240e+01  1.0000e+00
 1.3546e+00  5.2402e-01  2.3449e-01  1.4639e+01  1.7530e+00 -3.5502e+00  1.5165e+01  1.0000e+00
-2.1782e-01  4.2825e-01  3.0423e-01 -2.1003e+01  1.0114e+01 -7.8155e+00  2.4586e+01  1.0000e+00
 1.2326e+00 -3.7679e+00  1.2045e+01  4.3234e+00 -1.2158e+01  4.0066e+01  4.2092e+01  1.0000e+00
 1.1544e+01  5.6146e+00  8.9597e-01  3.9137e+01  1.8864e+01  3.1721e+00  4.3562e+01  1.0000e+00
 6.1483e-01 -7.6983e+00  1.1706e+00  3.2463e+00 -2.4509e+01  4.3853e+00  2.5109e+01  1.0000e+00
-1.7095e-01  5.7373e-01  3.4426e-01 -1.7743e+01  1.4276e+01 -4.3388e+00  2.3183e+01  1.0000e+00
 2.0974e+00 -2.1148e+00 -4.6373e-01  4.0770e+00 -3.2118e-01  1.1134e+00  4.2385e+00  1.0000e+00
 5.7155e+00 -2.1903e+00  2.4670e+00  1.5909e+01 -6.3474e+00  7.3325e+00  1.8632e+01  1.0000e+00
 8.5184e-02  5.0796e-01  1.9510e-01  1.5287e+01  2.4858e+00 -3.0706e+01  3.4391e+01  1.0000e+00
 1.6496e-01  1.9555e-01 -4.7628e-01  1.7538e+00  1.6614e-02  1.2904e-01  1.7586e+00  1.0000e+00
-1.0131e-03  3.4678e-01  3.2388e-01  3.8316e+00 -1.1950e+01  2.7382e+00  1.2844e+01  1.0000e+00
-1.9636e+00 -3.0740e+00  3.0184e+00 -4.2765e+00 -7.0488e+00  7.1262e+00  1.0898e+01  1.0000e+00
-3.5308e-01  5.8706e-01  2.0365e-01  1.5096e+01 -1.7580e+01 -9.7578e+00  2.5142e+01  1.0000e+00
 2.4728e-02  4.1408e-01  7.4727e-02 -1.9178e+00  1.8209e+00 -7.8757e+00  8.3078e+00  1.0000e+00
 2.2815e-01  5.1386e-01  2.6067e-01  1.9068e-01  9.3108e+00 -1.9457e+01  2.1571e+01  1.0000e+00
-3.7509e-02  7.6978e-01  2.2675e-01  8.0965e+00 -8.8525e+00 -8.1921e+00  1.4527e+01  1.0000e+00
-1.7713e-01  6.1589e-01  3.7691e-02  2.4201e+00 -1.6762e+01 -1.4135e+01  2.2060e+01  1.0000e+00
-5.6303e-01  7.9463e-01  9.6957e-02 -2.7085e-01 -9.5902e-01 -6.6108e+00  6.6854e+00  1.0000e+00
 3.0488e+00 -1.5318e+00  8.7539e+00  9.2216e+00 -5.4868e+00  2.8430e+01  3.0387e+01  1.0000e+00
-3.0338e-01  4.3683e-01  1.2758e-04 -1.0405e+01 -4.9290e+00 -1.2465e+01  1.6969e+01  1.0000e+00
-7.0165e-01 -2.4789e-01  5.5517e-01 -1.2034e+01 -2.3662e+01  9.4064e+00  2.8164e+01  1.0000e+00
 4.9857e+00  4.2926e-01 -2.4271e+00  1.9654e+01  2.0673e+00 -9.4616e+00  2.1910e+01  1.0000e+00
-3.2629e-01  8.4805e-01 -3.2432e-01  7.0116e+00 -1.9753e+00 -7.2784e+00  1.0298e+01  1.0000e+00
 1.9723e+00 -6.7614e-01  7.0839e-01 -2.9042e+00  1.8938e-03 -1.5319e-01  2.9082e+00  1.0000e+00
-1.8483e-01  2.7798e-01  4.3308e-01  1.3690e+01 -1.8217e+01  1.2225e+01  2.5860e+01  1.0000e+00
-2.7558e-01  7.1480e-01  1.9728e-01  1.0465e+01  1.4928e+01 -8.6628e+00  2.0184e+01  1.0000e+00
-2.7631e-01  8.3099e-01  8.1471e-02 -1.0405e+00  1.1947e+01  1.9421e+00  1.2148e+01  1.0000e+00
-4.8618e-01  4.1088e-01  1.1620e-01 -8.4320e+00  4.3650e+00  1.2666e+01  1.5830e+01  1.0000e+00
-6.5225e-01  1.5530e+00  4.7188e-01 -1.3897e+00  4.0445e+00  2.7624e+00  5.0912e+00  1.0000e+00
 1.0418e+01  1.2465e+00  1.9363e+00  3.4418e+01  3.6396e+00  6.1287e+00  3.5148e+01  1.0000e+00
-2.7810e-01  6.7279e-01  1.5925e-01  6.9919e+00  1.3547e+01  9.4257e+00  1.7923e+01  1.0000e+00
 5.0890e-01  2.4540e-01  1.3755e-01  7.6921e+00  4.4295e+00 -2.6395e+00  9.2604e+00  1.0000e+00
-1.0491e+00  2.6946e-01  9.4352e-02 -1.2217e+01 -4.5243e+00 -6.0687e+00  1.4372e+01  1.0000e+00
-3.3144e-01  8.2598e-01 -8.1800e-02 -1.4111e+01  1.0504e+01 -4.4669e+00  1.8150e+01  1.0000e+00
-1.8561e-01  5.5369e-01  9.7541e-02  1.0851e+01  4.8679e+00  1.2522e+00  1.1959e+01  1.0000e+00
-2.4925e-01  5.2500e-01  3.2884e-01 -6.6648e-02  2.4565e+01 -1.1960e+00  2.4594e+01  1.0000e+00
-7.3398e-01  1.9118e+00 -1.7322e-01 -4.7348e-04  1.6991e+00 -2.9364e+00  3.3925e+00  1.0000e+00
 1.2349e+01 -6.0239e+00 -1.4521e+00  4.1829e+01 -1.9697e+01 -4.7605e+00  4.6479e+01  1.0000e+00
-7.4322e+00 -4.6583e+00 -2.9562e+00 -2.4013e+01 -1.4372e+01 -8.9666e+00  2.9387e+01  1.0000e+00
-1.4890e-01  5.1117e-01  1.9315e-01  7.1920e+00 -2.0394e+01  1.0237e+01  2.3926e+01  1.0000e+00
 5.4274e+00  1.4802e+00  3.6118e+00  3.3074e+01  7.1274e+00  2.1134e+01  3.9892e+01  1.0000e+00
 1.2987e+00 -5.4381e-01 -7.8702e-01 -2.7480e+00  2.9236e+00  4.3541e+00  5.9209e+00  1.0000e+00
 3.0982e+00  2.4457e+00  3.8463e+00  7.1294e+00  7.1381e+00  9.5849e+00  1.3916e+01  1.0000e+00
-2.7054e-01  2.9236e-01 -2.0118e-02 -2.4029e+00  5.8068e+00 -2.1043e+00  6.6273e+00  1.0000e+00
-1.6792e-01  7.5239e-01  1.5010e-02 -1.6217e+00 -1.3858e+01  1.4250e+01  1.9943e+01  1.0000e+00
-6.0301e-01  8.6304e-01  6.5878e-01  6.8237e+00 -5.0634e+00 -6.2319e+00  1.0537e+01  1.0000e+00
 1.8480e+00 -1.2852e+00  1.9330e+00 -2.0068e-01 -3.2122e-01  1.9508e+00  1.9873e+00  1.0000e+00
 2.7342e+01  7.2450e+00 -2.6772e+01  2.2218e+02  5.5313e+01 -2.1506e+02  3.1413e+02  1.0000e+00
-4.9611e-02  8.6629e-01  1.7157e-01 -1.8852e+01  9.6504e-01  1.5718e+00  1.8942e+01  1.0000e+00
 2.0659e+00 -1.0623e+00  1.8471e+00  2.2403e+00  3.2922e-01  4.3792e-01  2.3064e+00  1.0000e+00
-4.8478e-01  6.1995e-01 -2.7271e-01 -1.2038e+00  1.1794e+01 -1.8383e+00  1.1996e+01  1.0000e+00
 6.8226e-01  1.7901e-01 -1.4086e-01 -5.1387e+00  6.7719e+00  1.4229e+00  8.6192e+00  1.0000e+00
-2.3884e-01  6.7920e-01  1.8581e-01 -2.6250e+01 -9.6592e+00 -2.2231e+01  3.5730e+01  1.0000e+00
 1.3703e+00 -4.6648e-01 -7.1682e-02  1.4858e+01 -5.5558e+00 -2.8432e+00  1.6116e+01  1.0000e+00
 4.5642e-02  5.1775e-01 -8.6740e-03 -1.1611e+01  1.6654e-01  8.6189e+00  1.4462e+01  1.0000e+00
-1.3813e-01  5.9069e-01  6.8439e-03  2.4707e+00 -8.7442e+00  1.9246e+00  9.2882e+00  1.0000e+00
-4.1083e+00 -6.0674e+00 -6.7853e+00 -1.3284e+01 -1.9230e+01 -2.1694e+01  3.1889e+01  1.0000e+00
 9.5448e-01 -2.0377e+00 -8.7916e+00  2.8530e+00 -5.6155e+00 -2.4093e+01  2.4903e+01  1.0000e+00
 2.7560e-01  3.2321e+00 -1.8098e+00  4.7296e+00  6.2901e+00 -2.6477e+00  8.3033e+00  1.0000e+00
-2.0360e-01  4.8164e-01  9.4903e-02  1.3959e+01  2.0868e+00  1.3112e+01  1.9265e+01  1.0000e+00
-2.5305e-01  6.0510e-01  1.9635e-01 -2.9887e+01 -1.6624e+00  1.9931e+01  3.5961e+01  1.0000e+00
 1.8317e+00 -8.3494e-01 -1.8200e-01 -1.5743e+00  4.0098e+00  1.1284e+00  4.4531e+00  1.0000e+00
-1.1491e+00  8.2153e-01  4.3335e-01 -3.2228e-02  1.7228e+00  3.8381e-01  1.7653e+00  1.0000e+00
 1.0346e+01  3.8510e+00 -2.4853e-01  3.3815e+01  1.3407e+01 -9.5081e-01  3.6388e+01  1.0000e+00
 6.7416e-02  4.4730e-01  1.4294e-01  4.6009e+00  1.0315e+01 -3.8546e+00  1.1935e+01  1.0000e+00
 7.6796e+00  4.0882e-01  8.6190e+00  2.5134e+01  1.5552e+00  2.8189e+01  3.7799e+01  1.0000e+00
 6.9295e-02  1.1193e-01 -2.5520e-01  3.5826e+00  1.2847e+00  2.5122e+00  4.5603e+00  1.0000e+00
 2.0352e-01  1.0468e+00 -3.9929e-02  1.6402e+01 -4.8059e+00 -2.1822e+00  1.7231e+01  1.0000e+00
-1.2389e+01  2.5434e+00  2.8042e+00 -4.1552e+01  9.0767e+00  9.5567e+00  4.3592e+01  1.0000e+00
-6.5635e-01  1.1275e+00  4.1602e-01  7.5896e+00 -1.7222e+01  7.3482e-01  1.8834e+01  1.0000e+00
 2.6527e+00 -4.4840e+00  7.9022e+00  8.6507e+00 -1.4606e+01  2.4769e+01  3.0028e+01  1.0000e+00
 3.0647e+00 -3.1174e+00  6.4829e+00  9.0070e+00 -9.5785e+00  1.9955e+01  2.3897e+01  1.0000e+00
 5.3220e+00 -6.3652e+00 -2.4129e+00  1.5671e+01 -1.9781e+01 -7.3395e+00  2.6282e+01  1.0000e+00
 2.8698e+00 -1.6228e+00  6.1343e-01  3.7186e+00 -5.2659e-01  1.3601e+00  3.9944e+00  1.0000e+00
 4.7970e-02  1.6221e-01  4.2463e-01 -1.5414e-02  1.0446e+00  1.8911e+01  1.8940e+01  1.0000e+00
-2.3425e-01  8.7424e-01  9.7822e-01  5.3866e+00  5.7903e+00 -7.5029e+00  1.0901e+01  1.0000e+00
-2.6046e-01  6.5109e-01 -2.9115e-01 -1.4227e+00 -7.6013e+00  4.1242e+00  8.7643e+00  1.0000e+00
-1.5637e-01  5.1027e-01  3.5422e-02  2.1147e+01 -9.0438e+00  1.2739e+01  2.6292e+01  1.0000e+00
-3.9479e-01  7.0698e-01  2.8077e-01  1.7309e+00 -3.0796e-01  7.1716e+00  7.3839e+00  1.0000e+00
-1.6972e-02  6.7653e-01  2.9998e-01 -1.6722e+01  1.0576e+01  2.1482e+01  2.9206e+01  1.0000e+00
-1.6191e-01  6.9478e-01  2.0199e-01 -2.0378e+00  3.0418e+01  1.4510e+01  3.3763e+01  1.0000e+00
-1.6218e+01  6.6818e+00  6.0592e+00 -5.5123e+01  2.3040e+01  2.1266e+01  6.3416e+01  1.0000e+00
-4.3457e-01  4.0205e-01  2.2089e-01 -5.1807e-02  3.1222e+00 -5.9367e+00  6.7078e+00  1.0000e+00
-2.9291e-02  3.3071e-01  1.2641e-01  1.2808e+01 -2.1609e+01  6.5327e+00  2.5955e+01  1.0000e+00
-6.0843e-02  5.4507e-01  3.8627e-01  3.2765e+00  5.3123e+00  2.0353e+01  2.1289e+01  1.0000e+00
 6.1501e+00 -5.3415e+00 -2.2406e+00  1.9882e+01 -1.6547e+01 -6.2813e+00  2.6619e+01  1.0000e+00
 1.0917e-02  4.1892e-01  4.5593e-01  1.0969e+01 -1.2109e+01  1.3981e+01  2.1504e+01  1.0000e+00
 4.1730e+00 -3.6470e+00  8.9776e+00  1.3219e+01 -1.1315e+01  2.9815e+01  3.4521e+01  1.0000e+00
-4.0604e-02  6.1655e-01  5.0421e-01  4.9098e+01  7.1902e+00  5.4561e+01  7.3751e+01  1.0000e+00
-1.4638e+00 -1.7903e+00 -7.6594e+00 -5.3227e+00 -5.0550e+00 -2.3777e+01  2.4884e+01  1.0000e+00
 1.9124e+00 -1.2168e+00  9.2045e-01 -4.0144e-01  7.5896e-01 -3.2289e-01  9.1730e-01  1.0000e+00
-2.4190e-01  6.0552e-01  1.6461e-01 -2.8292e+01 -1.7736e+01  7.2793e+00  3.4176e+01  1.0000e+00
-5.4800e-01  5.8702e-01  3.5963e-01 -1.2638e+01 -7.8740e+00 -3.2470e+00  1.5241e+01  1.0000e+00
-5.7208e-01  5.3647e-01  3.5463e-01  2.5284e+01 -9.2081e+00 -4.5562e+00  2.7291e+01  1.0000e+00
-2.6492e-01  5.8517e-01  8.1212e-01 -3.4810e+00  1.8840e+01  4.0534e+00  1.9583e+01  1.0000e+00
 3.9816e-01  2.3121e-01  8.0902e-02 -4.8148e+00  9.9073e+00  8.9475e-02  1.1016e+01  1.0000e+00
-3.9971e-01  4.3016e-01  3.5534e-01 -1.6296e+01 -8.6549e-01  1.4599e+00  1.6384e+01  1.0000e+00
 2.6960e+00 -1.6168e+00  9.9067e-01  1.5252e+00  8.8244e-01  3.1201e+00  3.5833e+00  1.0000e+00
-1.2812e+00 -3.4899e+00  8.1895e+00 -4.1476e+00 -1.1818e+01  2.6417e+01  2.9236e+01  1.0000e+00
-4.9828e-01  6.7435e-01  4.7963e-02 -1.4961e+01  1.8833e+01 -8.3861e+00  2.5473e+01  1.0000e+00
-1.4128e-01  5.3259e-01  1.7171e-01  2.3558e+01 -1.1101e+01  2.6684e+01  3.7286e+01  1.0000e+00
-1.1412e+01  1.9485e+00 -3.3793e+00 -3.5948e+01  8.6149e+00 -9.5349e+00  3.8176e+01  1.0000e+00
 3.1454e-02  5.0981e-01  1.9742e-01  4.2443e+00  7.8138e+00 -4.8265e+00  1.0118e+01  1.0000e+00
-3.6634e-01  4.5022e-01  2.8019e-01  4.1628e+00 -1.0424e+01 -7.5934e-01  1.1250e+01  1.0000e+00
-2.0796e-01  5.0862e-01  3.1747e-01 -2.2463e+00  3.6944e+00  1.8742e+01  1.9234e+01  1.0000e+00
-4.2006e+00 -1.5154e+01 -1.6888e+01 -1.4965e+01 -4.4813e+01 -5.2323e+01  7.0497e+01  1.0000e+00
 1.0728e+01 -9.4980e+00  2.6999e+00  3.5719e+01 -3.1445e+01  8.8126e+00  4.8398e+01  1.0000e+00
-2.9110e-01  1.0181e+00  1.1444e+00 -1.9714e+00  6.3988e+00  5.1374e+00  8.4394e+00  1.0000e+00
 8.2496e-01 -1.7980e-01 -1.5619e+00 -1.4737e+00  2.7821e+00  4.9662e+00  5.8800e+00  1.0000e+00
-5.0265e-01  5.5617e-01  1.6068e-01  1.5509e+01  8.3254e+00 -2.1620e+01  2.7879e+01  1.0000e+00
 8.5969e-01 -7.3409e-01 -1.8028e+00  9.2633e-01  3.6116e+00  1.8608e+00  4.1671e+00  1.0000e+00
 9.6582e-02  4.3661e-01  8.5459e-01 -1.4431e+00  6.8731e+00  1.9243e+00  7.2818e+00  1.0000e+00
-3.7927e-02  3.5762e-01  1.7942e-01  2.0333e+01 -3.6275e+00  1.3525e+01  2.4688e+01  1.0000e+00
-5.9040e+00  9.0959e+00 -4.9607e+00 -1.9457e+01  3.0779e+01 -1.6088e+01  3.9809e+01  1.0000e+00
-1.8227e-01  7.5082e-01  9.7979e-03 -2.3005e+01  7.8024e+00 -8.8288e+00  2.5847e+01  1.0000e+00
-7.5313e-01  4.9038e-01  2.4010e-01  2.2566e+01  2.3770e+00  1.0295e+01  2.4918e+01  1.0000e+00
-2.7610e-01  3.4275e-01  2.3973e-01 -2.4923e+01  1.6261e+01  3.5635e-01  2.9761e+01  1.0000e+00
-3.9207e-01  6.7942e-01  1.1805e-01 -1.1341e+01  2.0935e+01  4.2112e+00  2.4179e+01  1.0000e+00
 1.3201e-01  2.3642e-01  5.2919e-01  1.2869e+01  6.8881e+00  1.2214e+01  1.9033e+01  1.0000e+00
-2.2039e-01  6.1580e-01  1.4124e-01 -9.7505e+00 -2.5798e+01  1.9330e+01  3.3678e+01  1.0000e+00
-1.5010e-01  5.1066e-01  2.3882e-01  2.7086e+01  1.8053e+01  1.1568e+01  3.4545e+01  1.0000e+00
-3.1481e-01  7.7642e-01  9.9173e-03  1.1944e+01  6.4028e+00 -1.2446e+01  1.8400e+01  1.0000e+00
-3.6681e-02  4.1549e-01  1.1550e-01 -1.5852e+01  5.1208e+00 -3.4896e+00  1.7020e+01  1.0000e+00
-8.9831e-02  6.8219e-01  2.2375e-02  1.0381e+01  1.6000e-02  2.8993e+01  3.0795e+01  1.0000e+00
 2.8806e+00 -4.6238e+00  7.8020e+00  8.2949e+00 -1.3108e+01  2.5861e+01  3.0157e+01  1.0000e+00
-4.2539e-01  5.2469e-01  1.8090e-01 -8.8759e+00 -1.0563e+01  7.9855e+00  1.5941e+01  1.0000e+00
 2.0921e+01 -1.4365e+01 -2.9587e+01  6.9252e+01 -4.7260e+01 -9.5432e+01  1.2703e+02  1.0000e+00
-2.8907e-01  7.3104e-01  3.9720e-01  3.4914e+00  1.8193e+01 -1.4351e+00  1.8580e+01  1.0000e+00
-1.3803e+00  2.3440e+00  2.3226e+00 -2.3553e+00  5.8437e+00  1.6802e+00  6.5207e+00  1.0000e+00
 5.5702e+00 -1.9084e+00 -1.4641e+00  1.8109e+01 -4.2391e+00 -3.1861e+00  1.8870e+01  1.0000e+00
-1.1315e-01  7.0062e-01  7.8971e-02 -3.7566e-01 -1.2631e+00  2.1247e+00  2.5002e+00  1.0000e+00
-5.6010e-01 -6.2896e-01  1.2994e+00  1.8139e+00 -7.9532e+00  5.9478e+00  1.0096e+01  1.0000e+00
-2.4618e-01  3.5949e-01  2.5648e-01 -1.2291e+01  1.5911e+01 -1.3679e+01  2.4318e+01  1.0000e+00
-4.6179e-01  5.2563e-01  1.2149e-01 -1.5626e+01  1.6181e+01  1.3201e+00  2.2533e+01  1.0000e+00
-1.9542e-01  5.4523e-01  2.6340e-01 -8.8026e+00  2.7638e+00 -1.3614e+01  1.6445e+01  1.0000e+00
 8.9936e-01 -1.0248e-02  3.6993e-03  2.5213e+00  1.3481e+00 -3.7940e+00  4.7507e+00  1.0000e+00
 3.0652e-01  1.1095e+00  1.8638e-01 -5.8112e+00 -4.3377e+00  3.0583e+00  7.8701e+00  1.0000e+00
-9.8026e-01  1.3232e+00  1.1570e+00  1.5963e+00  6.6970e+00  6.0679e+00  9.1770e+00  1.0000e+00
 5.2374e-01 -4.2800e+00  7.6150e+00  1.6417e+00 -1.3551e+01  2.3816e+01  2.7450e+01  1.0000e+00
-8.6708e+00  6.9081e+00 -5.4473e+00 -5.8431e+01  4.4558e+01 -3.7469e+01  8.2483e+01  1.0000e+00
-3.2388e-01  5.0118e-01  1.5136e-01 -1.1633e+00 -1.7226e+01  3.3128e+01  3.7358e+01  1.0000e+00
 6.1092e-01 -1.3502e-01  6.2742e-01  1.1852e+00 -1.7394e+00 -1.3372e+00  2.4936e+00  1.0000e+00
-2.2243e-01  5.1764e-01  3.6173e-01  1.9381e+01  1.0505e+01 -2.9766e+00  2.2245e+01  1.0000e+00
 2.7011e-01  1.3101e+00 -2.8354e-01  3.6372e+00  1.0968e+01 -9.3808e+00  1.4884e+01  1.0000e+00
 5.2677e-01  7.1535e-01  4.2358e-01 -6.1086e+00 -3.7571e+00 -4.5464e+00  8.4912e+00  1.0000e+00
-1.0414e+00  7.8540e-01  5.5107e-01 -1.7140e+00 -2.9522e+00 -3.6122e+00  4.9701e+00  1.0000e+00
-7.2676e+00  6.1061e+00 -2.0440e+00 -2.2931e+01  1.9376e+01 -6.3699e+00  3.0689e+01  1.0000e+00
 4.2082e+00 -3.2680e+00 -1.2873e+01  1.4232e+01 -1.1231e+01 -4.3564e+01  4.7186e+01  1.0000e+00
-1.7452e-01  2.0296e-01  3.1519e-01  1.7791e+00  5.7477e+00  1.5701e+01  1.6814e+01  1.0000e+00
-3.0742e-01 -8.5961e+00 -6.1101e+00  1.7226e+00 -2.7245e+01 -1.9187e+01  3.3368e+01  1.0000e+00
-3.0617e+00  2.8729e+00 -1.2243e+01 -1.0648e+01  1.0086e+01 -4.0977e+01  4.3523e+01  1.0000e+00
 1.5588e+00 -7.5667e+00  4.8940e-02  4.7370e+00 -2.4060e+01  2.6228e-01  2.4523e+01  1.0000e+00
 6.0656e-01  1.4180e+00  7.1254e-02  2.3453e+00 -4.7883e-01  1.1761e+00  2.6670e+00  1.0000e+00
-1.4549e+00 -1.7992e+00 -8.3367e+00 -4.6897e+00 -6.3874e+00 -2.5658e+01  2.6853e+01  1.0000e+00
 4.7726e-01  1.7794e+00  1.4534e+00  6.0351e+00  1.1103e+01  1.1252e+01  1.6921e+01  1.0000e+00
-3.9222e-01  6.3592e-01 -1.9823e-01  5.4324e-01 -9.3514e+00 -1.8272e+00  9.5437e+00  1.0000e+00
 3.8019e+00  2.6998e+00  5.4312e+00  1.8764e+01  1.0328e+01  2.5575e+01  3.3359e+01  1.0000e+00
-5.4609e-02  5.0162e-01  3.1651e-01 -1.7588e+01  1.5180e+01 -1.0347e+01  2.5433e+01  1.0000e+00
 4.9779e+00 -6.4135e+00 -2.5775e+00  1.6970e+01 -1.9500e+01 -7.9512e+00  2.7045e+01  1.0000e+00
-4.2398e-02  4.7898e-01  1.9397e-01  4.2959e+00  2.2614e+01 -2.7634e+00  2.3183e+01  1.0000e+00
 3.9313e-02  5.8467e-01  3.7781e-01 -1.6106e+01 -4.0565e+00 -5.7231e+00  1.7568e+01  1.0000e+00
-8.7065e+00 -3.9444e+00 -2.7842e+00 -2.8070e+01 -1.2553e+01 -8.6196e+00  3.1934e+01  1.0000e+00
 4.7175e+00  2.3400e+00  4.3526e+00  1.3596e+01  8.0565e+00  1.4403e+01  2.1382e+01  1.0000e+00
-1.9013e-01  4.6538e-01  4.5106e-01 -4.9218e+00  5.3584e+00  4.8652e+00  8.7525e+00  1.0000e+00
 3.3739e+00 -1.1192e+01 -8.7985e-01  1.1611e+01 -3.7350e+01 -2.9604e+00  3.9225e+01  1.0000e+00
-4.9028e-01  5.2464e-01  2.4303e-02  5.9186e-01  1.9211e+00 -3.0991e+00  3.6939e+00  1.0000e+00
-1.5508e+01 -1.4429e+00  2.2918e+01 -5.7028e+01 -5.5891e+00  8.4126e+01  1.0179e+02  1.0000e+00
 6.4214e+00 -1.1213e+01 -9.0778e+00  2.2159e+01 -3.7965e+01 -3.0924e+01  5.3746e+01  1.0000e+00
-1.0061e+00  9.2999e-01  4.0420e-01 -8.8786e+00  5.5233e+00  3.2757e+00  1.0957e+01  1.0000e+00
 2.7688e-01 -6.5822e-02  2.7395e-01 -8.3709e+00  7.6906e+00 -6.0101e+00  1.2858e+01  1.0000e+00
-3.9253e-01  1.8046e-01  2.1000e-02 -1.5015e+00  1.2130e+01 -5.9927e+00  1.3612e+01  1.0000e+00
-4.1098e+00 -1.1114e+00 -3.1036e+00 -1.1356e+01 -2.0052e+00 -8.2473e+00  1.4177e+01  1.0000e+00
 9.1409e-01  9.0104e-01  1.4367e-01  1.1296e+01  6.8246e+00 -1.1687e+00  1.3249e+01  1.0000e+00
-9.7424e-02  3.2100e-01  9.7356e-02 -1.2764e+01 -1.2354e+01  1.9385e+00  1.7868e+01  1.0000e+00
-1.9786e-01 -8.5421e+00 -6.0851e+00 -2.6682e+00 -2.7430e+01 -1.9958e+01  3.4027e+01  1.0000e+00
-2.4870e-01  4.8750e-01  1.6802e-01 -9.5538e+00  2.7385e+01 -4.0236e+00  2.9281e+01  1.0000e+00
-2.1302e-01  4.4664e-01  5.1617e-02 -3.1800e+00  6.2053e+00  2.8592e+01  2.9430e+01  1.0000e+00
-1.6195e-01  7.1450e-01  1.5861e-01 -1.2324e+01  2.4263e+01 -1.3611e+00  2.7247e+01  1.0000e+00
-3.1093e-01  7.3259e-01 -1.9175e-01  3.7516e+00  8.4661e+00 -2.1674e+01  2.3569e+01  1.0000e+00
-8.1049e-02  3.4572e-01  1.2582e-01 -8.1623e+00 -1.6758e+00 -1.2878e+00  8.4315e+00  1.0000e+00
-1.6778e+01 -1.9720e+01  9.1069e+00 -5.1437e+01 -6.2677e+01  2.9584e+01  8.6309e+01  1.0000e+00
-3.1986e-01  5.3620e-01 -2.7006e-02  6.7715e-01 -2.1786e+01 -8.3186e+00  2.3330e+01  1.0000e+00
-1.1841e+00  1.9816e+00 -9.8576e-01 -7.8441e+00  1.3490e+01 -6.2672e+00  1.6816e+01  1.0000e+00
-2.2689e-01  2.0795e-01  1.5676e-01  2.5987e+00 -1.0574e-01 -6.8206e+00  7.2997e+00  1.0000e+00
-4.9996e-01  7.2117e-01  5.0347e-02  8.4709e+00  1.2827e+01 -3.3387e+00  1.5730e+01  1.0000e+00
-5.9371e-01  7.1023e-01  2.6806e-01 -5.7888e+00 -9.4820e-03 -5.7428e+00  8.1542e+00  1.0000e+00
 6.8473e-01  8.3340e-01  3.2388e-02 -3.6497e+00 -5.0572e+00  2.1072e+00  6.5830e+00  1.0000e+00
-3.3503e-01  4.0707e-01 -2.7943e-01  9.9116e+00  1.4434e+01  1.0898e+01  2.0624e+01  1.0000e+00
-4.7221e-02 -7.5562e+00  3.6797e+00 -2.3646e-01 -2.4157e+01  1.1339e+01  2.6686e+01  1.0000e+00
-9.4884e+00 -5.7865e+00 -3.4753e+00 -3.1517e+01 -1.8267e+01 -1.0554e+01  3.7926e+01  1.0000e+00
-1.2060e+00 -1.2084e+00 -5.3004e-01 -5.7210e+00  4.5546e+00 -6.0324e-01  7.3374e+00  1.0000e+00
 2.7335e-02  4.5331e-01  5.5032e-01 -2.6922e-01  7.9154e+00  9.9402e+00  1.2710e+01  1.0000e+00
 1.2220e+01 -4.4075e+00 -7.6495e-01  4.1087e+01 -1.4597e+01 -2.2907e+00  4.3663e+01  1.0000e+00
-1.0472e-01  1.2747e+00 -4.5345e-01 -1.3657e+01  5.3994e+00  3.0441e+00  1.4998e+01  1.0000e+00
 1.2617e+02 -1.5644e+02  1.0291e+02  3.8386e+02 -4.7418e+02  3.0947e+02  6.8408e+02  1.0000e+00
 6.0739e-02  5.2013e-01  1.6470e-01  5.6240e+00 -2.1952e+01  9.2659e+00  2.4482e+01  1.0000e+00
 1.3197e-01  5.0718e-01  4.1349e-01  2.4169e+00  1.1294e+00 -1.8729e+01  1.8918e+01  1.0000e+00
-1.8037e-01  5.8204e-01  2.5814e-01  6.9883e-01  1.9527e+01 -1.6969e+00  1.9613e+01  1.0000e+00
 6.9986e+00  5.7044e+00  4.6193e-01  2.2061e+01  1.7661e+01  1.9165e+00  2.8325e+01  1.0000e+00
-5.0336e+00 -1.4216e+00  2.5284e+00 -2.0185e+01 -4.8201e+00  1.1201e+01  2.3583e+01  1.0000e+00
 1.7395e+00 -9.4262e+00  5.6480e-01  5.3642e+00 -3.0150e+01  1.2574e+00  3.0650e+01  1.0000e+00
-4.6454e-01  4.0671e-01 -4.0987e-01  4.5927e-01  6.2307e+00  3.8618e+00  7.3448e+00  1.0000e+00
 4.9548e-01  4.4641e+00 -6.8180e+00  1.3599e+00  1.3721e+01 -2.1564e+01  2.5595e+01  1.0000e+00
-1.5380e+01  5.1704e+00  5.6440e+00 -6.8744e+01  2.3115e+01  2.5051e+01  7.6731e+01  1.0000e+00
-1.5082e-01  8.1141e-01  1.1538e-01  8.4191e-01  9.0078e+00  5.4014e+00  1.0537e+01  1.0000e+00
-2.0199e-01  1.4647e+00  3.8529e-01 -5.9450e+00 -4.2734e+00  3.6426e+00  8.1776e+00  1.0000e+00
 4.1802e-03  4.1941e-01  3.9601e-01 -1.3328e+01  2.9052e+00 -1.5966e+01  2.1000e+01  1.0000e+00
 7.6488e-01  4.4856e-01 -3.1764e-01  1.5068e+01 -3.6003e+00 -5.9941e+00  1.6611e+01  1.0000e+00
 9.3950e-01 -9.4652e+00  7.5115e+00  2.9789e+00 -3.1547e+01  2.5074e+01  4.0408e+01  1.0000e+00
 3.4105e+00 -6.2808e+00  2.6508e+00  2.3767e+01 -4.4611e+01  1.7437e+01  5.3471e+01  1.0000e+00
 4.6565e-02  6.0358e+00  7.9071e-01 -3.3193e+00  1.7520e+01  3.2612e+00  1.8128e+01  1.0000e+00
-1.2433e-01  2.6120e-01  3.3345e-01 -1.5499e+01 -1.0871e+00 -1.0713e+01  1.8872e+01  1.0000e+00
 2.2923e+00 -1.0938e+00  5.3330e-01 -3.1196e-01  1.3180e+00  6.0548e-01  1.4836e+00  1.0000e+00
 1.5480e-01  4.4154e-01  3.8881e-02  1.2260e+01  1.9374e+01 -3.7095e+00  2.3225e+01  1.0000e+00
 5.2030e+00 -1.9816e+00  2.9242e+00  1.5595e+01 -4.0997e+00  8.1961e+00  1.8089e+01  1.0000e+00
 1.9535e-01  2.0264e-01  5.3461e-01 -2.2269e+00  5.7867e+00 -1.1704e+01  1.3245e+01  1.0000e+00
-2.9992e-01  7.5760e-01  2.2336e-01 -1.1141e+01  5.1361e+00  1.3162e+01  1.7993e+01  1.0000e+00
-1.7115e-01  5.0331e-01  2.7738e-01  2.1417e+01 -1.9493e+01 -2.5566e+00  2.9072e+01  1.0000e+00
-2.0909e+00 -1.8033e+00 -1.0331e+01 -6.4975e+00 -5.5077e+00 -3.3663e+01  3.4724e+01  1.0000e+00
-1.1483e+00 -5.6475e-01  2.6718e+00 -2.2302e+00 -1.4009e+00  8.5679e+00  8.9636e+00  1.0000e+00
 1.2407e+01 -3.2869e-01 -2.7859e+00  4.1646e+01 -7.5094e-01 -8.6875e+00  4.2549e+01  1.0000e+00
-1.3671e-01  3.6329e-01  3.7765e-01 -4.8547e+00  2.9650e+01  5.9858e+00  3.0635e+01  1.0000e+00
 4.2942e+00 -5.9082e-01  1.1288e+01  1.4715e+01 -2.6535e+00  3.8317e+01  4.1131e+01  1.0000e+00
-1.6924e-01  5.7518e-01  1.4446e+00  2.4813e+00  1.1443e+00  6.2461e+00  6.8176e+00  1.0000e+00
-7.3798e-01  5.3456e-01 -3.1317e-01  1.0522e+01  1.6523e+01 -1.1004e+01  2.2468e+01  1.0000e+00
-5.0910e+00  8.5856e-01  8.1515e+00 -1.5880e+01  2.7093e+00  2.6291e+01  3.0834e+01  1.0000e+00
-4.5836e-01  5.1557e+00 -2.5565e-02 -4.3353e+00  1.0520e+01 -1.0830e+00  1.1429e+01  1.0000e+00
-1.7170e-01  5.8970e-01 -2.8635e-02 -1.1019e+01 -1.0022e+01  1.1665e+01  1.8919e+01  1.0000e+00
 7.8385e-01  1.9961e+01  1.3227e+01  2.8488e-01  6.3575e+01  4.0544e+01  7.5403e+01  1.0000e+00
-3.4613e+00  3.0972e+00 -1.5080e+00 -8.4631e+00  7.2590e+00 -1.7565e+00  1.1287e+01  1.0000e+00
-4.3217e-01  1.1338e+00 -3.9207e-02 -7.0798e+00 -6.5360e+00  1.0827e+01  1.4494e+01  1.0000e+00
 2.5329e-01  3.7334e-01 -9.2983e-01  7.8064e-01  2.3412e+00  3.8876e+00  4.6048e+00  1.0000e+00
-9.9217e-02  1.4163e+00  6.4505e-01 -5.9339e-01  7.2523e+00 -1.2943e+00  7.3908e+00  1.0000e+00
-4.0652e-01  4.8924e-01  1.3263e-02  4.6522e+00  2.1700e+01 -2.0488e+01  3.0204e+01  1.0000e+00
-4.2165e-01  5.7995e-01  1.0150e-01  4.9446e-01  1.7512e+01  8.3960e+00  1.9427e+01  1.0000e+00
-2.4906e+00 -1.1056e-01  3.2351e+00 -3.4929e+00  7.7206e-01  6.1433e+00  7.1089e+00  1.0000e+00
-9.4023e-02  5.9578e-01  2.5104e-01  1.7381e+01 -9.0503e-02  1.3792e+01  2.2188e+01  1.0000e+00
-5.3366e+00  4.4962e+00  1.7167e+00 -2.7751e+01  2.3134e+01  7.3609e+00  3.6871e+01  1.0000e+00
-1.1743e-01  6.4542e-01  3.5731e-01 -1.1649e+01  1.2876e+01 -7.7770e+00  1.9026e+01  1.0000e+00
-2.3148e-01  6.3564e-01  1.6928e-01  3.5767e+01  1.9220e+00  1.2830e+01  3.8048e+01  1.0000e+00
-1.0837e-01  5.9261e-01  2.1466e-01 -4.6778e+00 -1.7897e+01  2.6281e+01  3.2139e+01  1.0000e+00
-1.6188e-01  4.4477e-01  3.8747e-01 -4.4426e+00 -1.4195e+01 -1.0562e+01  1.8243e+01  1.0000e+00
 4.1929e+00 -7.2279e+00 -3.5405e+00  1.3408e+01 -2.2171e+01 -1.1349e+01  2.8287e+01  1.0000e+00
-1.5089e+00  8.2473e-01  6.6277e-01  1.4737e+00  4.9677e+00  6.3990e-01  5.2210e+00  1.0000e+00
 5.3360e+00  1.3798e+00 -1.2471e+01  1.7944e+01  5.2926e+00 -3.8393e+01  4.2708e+01  1.0000e+00
-9.4354e-01  5.1529e+00 -3.5169e+00 -2.7132e+00  1.4761e+01 -8.4779e+00  1.7237e+01  1.0000e+00
-1.0661e+01 -3.8443e+00  2.5446e+00 -3.5941e+01 -1.2303e+01  8.5284e+00  3.8934e+01  1.0000e+00
 1.3231e+01 -1.2900e+00 -5.4727e+00  4.5364e+01 -4.3198e+00 -1.8433e+01  4.9156e+01  1.0000e+00
 5.0992e+00 -2.8070e+01  1.7368e+01  1.7620e+01 -9.7755e+01  6.0769e+01  1.1644e+02  1.0000e+00
-6.5849e-02  3.4341e-01  5.1540e-02  7.2337e+00 -9.1975e+00  1.1412e+01  1.6345e+01  1.0000e+00
-5.3869e-01  8.2899e-01  3.6549e-01 -6.2957e+00 -1.4035e+00  6.6590e+00  9.2708e+00  1.0000e+00
-6.0572e-01  6.9687e-01  1.3860e-01 -2.1408e+00  8.7816e+00  8.3182e+00  1.2284e+01  1.0000e+00
-8.5128e-01  6.6556e-01  5.5965e-01 -1.2849e+01 -1.8524e+00  7.9936e+00  1.5246e+01  1.0000e+00
-6.6869e+00 -3.5259e+00 -3.4170e+00 -2.1467e+01 -9.8993e+00 -1.1052e+01  2.6096e+01  1.0000e+00
-3.6951e-01  6.6164e-01 -1.5298e-01 -2.1157e+01 -5.3345e+00 -1.4674e+01  2.6295e+01  1.0000e+00
-3.5352e-01  5.0834e-01  5.3540e-01 -1.8955e+01 -1.2194e+01 -1.4071e+01  2.6570e+01  1.0000e+00
-2.1669e-01  5.7086e-01  5.3306e-02 -8.0858e+00 -2.7738e+00  2.6280e+01  2.7635e+01  1.0000e+00
-5.8793e-01  5.2343e-01 -2.4789e-02  4.6132e+00  7.6376e+00 -9.5895e-01  8.9741e+00  1.0000e+00
 2.0288e+00 -2.2547e+00 -2.6124e+00  4.5124e+00 -3.3059e+00 -3.9873e+00  6.8694e+00  1.0000e+00
-4.1597e-01  4.8030e-01  2.7520e-02 -1.1828e+01  6.9817e+00 -7.3325e+00  1.5570e+01  1.0000e+00
-3.9314e-01  3.5358e-01  1.2568e-01 -7.9126e+00  8.4833e+00  1.2880e+01  1.7334e+01  1.0000e+00
 4.5657e+00 -5.3841e+00 -6.7879e+00  1.4488e+01 -1.7784e+01 -2.1258e+01  3.1274e+01  1.0000e+00
 7.5673e-02  6.7309e-01  1.1518e-01  2.0475e+01  6.0141e+00  1.8059e+01  2.7956e+01  1.0000e+00
 6.5309e-02  3.0585e-01 -6.5564e-02 -4.0960e+00  3.6780e+00  5.6596e+00  7.8953e+00  1.0000e+00
-4.6137e-01  6.9254e-01  3.1640e-01 -1.5110e+01  2.0889e+01  1.5012e+01  2.9833e+01  1.0000e+00
-6.7216e-01  1.0225e+00  1.4629e+00 -1.2905e+00 -6.4272e+00  5.3251e-01  6.5771e+00  1.0000e+00
 8.2486e-01  1.5052e-02 -5.3908e-01  3.4612e+01 -1.7755e+01 -2.3218e+01  4.5302e+01  1.0000e+00
-1.5920e-01  4.0118e-01  7.6554e-02 -1.3797e-01 -5.4825e+00 -1.2170e+01  1.3349e+01  1.0000e+00
 6.7439e-01 -3.2453e-02  1.2653e-01 -9.7781e+00  1.4551e+01  3.1681e+00  1.7815e+01  1.0000e+00
-1.1241e+01  2.7334e+00  5.5025e+00 -6.0461e+01  1.4503e+01  2.9857e+01  6.8973e+01  1.0000e+00
-1.2639e-01  6.3132e-01  1.3948e-01  5.4460e+00  4.1373e+00 -6.6221e+00  9.5199e+00  1.0000e+00
 6.3523e+00  4.3354e+00 -6.6303e-01  1.8668e+01  1.3925e+01 -1.1362e+00  2.3317e+01  1.0000e+00
-4.2180e-01  9.4897e-02  4.8415e-01  5.8109e+00  4.7104e+00 -1.1713e+00  7.5715e+00  1.0000e+00
-6.2735e-01  4.5443e-01 -4.4944e-02  5.0647e+00  6.3526e+00 -1.2468e+00  8.2196e+00  1.0000e+00
 1.2352e-01  4.7599e-01  5.2322e-02 -2.5551e+00 -5.8401e+00  2.0752e+00  6.7039e+00  1.0000e+00
 1.0560e+00  6.1382e+00 -1.3471e-02  4.3740e+00  1.6666e+01 -1.5363e+00  1.7299e+01  1.0000e+00
-1.2603e+02  1.5615e+02 -1.0403e+02 -3.7964e+02  4.7214e+02 -3.1702e+02  6.8377e+02  1.0000e+00
 4.4129e-01  7.3307e-01  2.6491e-01  8.3655e+00  1.8784e+01  8.9472e+00  2.2425e+01  1.0000e+00
-2.4914e-01  4.2785e-01  2.5327e-01  1.3702e+01 -7.4023e+00  1.6231e+00  1.5658e+01  1.0000e+00
 2.3964e-01 -2.8394e-01  2.1962e-01  2.8778e+00 -1.0553e+01  7.7377e-01  1.0966e+01  1.0000e+00
-2.2827e-02  4.4483e-01  4.1262e-01  7.9596e+00  5.8443e+00  1.4278e+01  1.7360e+01  1.0000e+00
 5.0833e-01  6.7257e-01  1.9855e-01  2.5535e-01 -4.2250e+00 -1.1078e+01  1.1859e+01  1.0000e+00
 4.2564e+00 -6.3828e+00 -6.1538e+00  1.4537e+01 -1.9343e+01 -1.9746e+01  3.1231e+01  1.0000e+00
 1.9752e+00 -4.9039e-01 -4.2341e-03  7.5939e+00 -8.9287e-01  1.3509e+00  7.7646e+00  1.0000e+00
-1.7619e+00  3.1154e-02  1.4879e+00 -4.0651e+00 -4.1109e-01  7.8283e+00  8.8304e+00  1.0000e+00
-1.6723e-01  4.3227e-01 -6.8315e-02 -1.2481e+01  1.2524e+01 -1.2003e+01  2.1371e+01  1.0000e+00
-9.2851e+00  4.5287e-01  7.8741e+00 -3.0952e+01  2.2897e+00  2.6775e+01  4.0990e+01  1.0000e+00
-3.0353e-01  4.2792e-01 -2.0374e-01  1.4283e+01 -6.1119e+00  8.2870e-02  1.5536e+01  1.0000e+00
-2.7770e-01  5.6796e-01  2.4605e-01 -2.8025e+00 -3.7206e+00  1.9103e+01  1.9663e+01  1.0000e+00
-6.2710e+00  5.6300e+00 -1.0092e+01 -2.0954e+01  1.9339e+01 -3.3852e+01  4.4261e+01  1.0000e+00
 1.0588e+01 -7.2766e+00  2.8992e+00  3.5464e+01 -2.4028e+01  9.9047e+00  4.3968e+01  1.0000e+00
 5.8587e+00 -3.5887e+00  6.4338e+00  1.8250e+01 -1.1248e+01  2.0870e+01  2.9919e+01  1.0000e+00
-8.6576e-01  6.1557e-01  7.6194e-02  3.4872e+00 -3.0894e+00 -8.2436e+00  9.4690e+00  1.0000e+00
-1.7326e-01  5.9555e-01  1.5992e-01 -1.7818e+00  6.6662e+00  5.6834e+00  8.9395e+00  1.0000e+00
-1.4144e-01  4.6493e-01  1.1819e-01 -1.5844e+01  1.3613e+01  1.5099e+01  2.5774e+01  1.0000e+00
-4.9660e+00  9.3999e-01  1.7657e+00 -1.3024e+01  1.1631e+00  3.7310e+00  1.3598e+01  1.0000e+00
-1.0943e-01  7.9933e-01 -4.9252e-02 -8.5285e+00  5.6537e+00 -6.9657e+00  1.2378e+01  1.0000e+00
-2.5334e-01  7.3246e-01  2.2384e-01 -5.8078e+00 -1.1744e+01 -2.0044e+01  2.3947e+01  1.0000e+00
-2.7530e-01  4.2690e-01  1.4488e-01  2.3661e+01 -1.6563e+00  1.1972e+01  2.6569e+01  1.0000e+00
-9.6860e-02  1.8878e-01  4.5104e-01 -6.8170e-01  7.3690e+00  1.5486e+00  7.5607e+00  1.0000e+00
-4.4131e+00  3.9489e+00 -3.6944e+00 -1.2767e+01  1.3913e+01 -1.0703e+01  2.1705e+01  1.0000e+00
 2.1554e-01  3.2628e-01  3.2223e-01  1.5738e+01  1.5432e+01  9.6933e+00  2.4078e+01  1.0000e+00
-3.2700e+00  2.0951e+00 -8.0961e+00 -1.0560e+01  6.6372e+00 -2.5455e+01  2.8347e+01  1.0000e+00
-6.5601e-01  5.5789e+00  2.6066e+00 -5.8391e+00  1.4787e+01  5.0148e+00  1.6671e+01  1.0000e+00
-9.9932e+00 -2.3260e+00 -2.9921e+00 -3.3989e+01 -6.9795e+00 -8.7621e+00  3.5788e+01  1.0000e+00
-1.1094e+00  8.0262e-01  1.2490e-01 -1.6432e+01 -8.8457e-01  2.8666e+00  1.6704e+01  1.0000e+00
-5.8552e-02 -5.6004e-02 -1.8253e+00  6.1142e-02 -2.4380e+00 -1.0480e+01  1.0760e+01  1.0000e+00
-4.5388e-01  4.8337e-01  2.5499e-01  1.1068e+01 -5.5750e+00 -2.4249e+01  2.7232e+01  1.0000e+00
-1.5944e-01  7.0910e-01  3.3203e-01 -2.7659e+01  1.1060e+01  5.4042e+00  3.0274e+01  1.0000e+00
-1.9989e-01  4.1852e-01  5.0653e-01  4.2732e-01  2.2458e+01 -1.4642e+01  2.6813e+01  1.0000e+00
-8.1542e-02  7.7744e-01  1.0831e-01 -1.9360e+01 -3.6087e+00  2.8945e+00  1.9905e+01  1.0000e+00
-9.4835e-01 -3.1149e-01  6.0039e-01  3.3135e+00  7.4269e+00  2.4340e+00  8.4890e+00  1.0000e+00
 2.3141e+00 -1.3645e+00  1.2722e+00  5.0107e+00 -1.3891e+00 -4.2548e+00  6.7187e+00  1.0000e+00
-1.6281e-01  4.6767e-01  5.5989e-02 -3.3073e+00 -2.7874e+01 -1.5029e+01  3.1840e+01  1.0000e+00
-5.9731e-01  1.0626e+00 -2.6306e-01 -3.1518e-01  4.9003e+00 -2.7976e+00  5.6515e+00  1.0000e+00
-1.3312e+01  1.5269e+01 -9.3832e+00 -4.2034e+01  4.4314e+01 -2.6703e+01  6.6660e+01  1.0000e+00
-1.4579e-02  2.3561e-01 -1.3600e+00  1.6967e+00  1.0458e+00 -9.2869e+00  9.4984e+00  1.0000e+00
 2.4129e+00  1.1681e+00 -8.0713e-01  8.5221e-01  6.6410e+00 -1.2024e+00  6.8025e+00  1.0000e+00
-5.2363e-01  4.6538e-01 -3.6926e-02 -3.1251e+01 -1.6761e+01 -3.0217e+01  4.6590e+01  1.0000e+00
-2.3567e-01  4.9282e-01  1.7919e-01  5.2652e+00  4.0996e+00 -2.1413e+01  2.2428e+01  1.0000e+00
-2.6591e-01 -7.4098e+00 -3.9220e+00 -6.5201e-01 -2.2620e+01 -1.2813e+01  2.6004e+01  1.0000e+00
-2.7086e-01  3.8620e-01  5.4171e-01  3.7556e+00  6.2083e+00  5.4653e+00  9.0839e+00  1.0000e+00
 4.3406e+00 -6.3910e+00 -6.0315e+00  1.3398e+01 -2.1226e+01 -1.8915e+01  3.1430e+01  1.0000e+00
-5.3690e-01  5.3501e-01  2.2769e-01  1.6646e+00  3.6756e+00  1.1451e+00  4.1944e+00  1.0000e+00
-1.1046e-01  5.7332e-01  1.8859e-01  2.5483e+00 -1.9161e+01  1.0537e+01  2.2015e+01  1.0000e+00
 2.1203e-01  5.1009e+00  2.3076e+00  2.8219e+00  1.4013e+01  5.0480e+00  1.5160e+01  1.0000e+00
 2.1021e+00 -4.4925e+00  7.0174e+00  7.0524e+00 -1.4068e+01  2.2131e+01  2.7155e+01  1.0000e+00
-2.9368e-01  4.0902e-01  2.7317e-01 -1.3812e+00  1.2947e+01  1.0044e+01  1.6444e+01  1.0000e+00
-3.1525e-01  6.3250e-01  7.5639e-02 -5.5383e+01  3.1919e+01 -1.9046e+01  6.6700e+01  1.0000e+00
-2.8201e-01  3.7485e-01  1.7150e-01  5.2304e+00 -5.9596e+00  2.5108e-01  7.9333e+00  1.0000e+00
 8.9797e-02  5.4159e-01  2.9441e-01 -2.0229e+01 -3.6129e+00 -1.2508e+01  2.4056e+01  1.0000e+00
-5.4898e+00 -1.8378e+00  3.5568e+00 -1.6647e+01 -5.3080e+00  9.0783e+00  1.9691e+01  1.0000e+00
-1.6376e-01  7.0152e-01 -7.9571e-02 -9.2980e+00  2.8041e+00  1.7115e+01  1.9678e+01  1.0000e+00
-6.5827e-03  7.1886e-01  2.9691e-01  1.9691e+00  2.6141e+00  2.3220e+01  2.3449e+01  1.0000e+00
 7.9499e+00 -1.0329e+01 -7.9267e-01  2.7131e+01 -3.4459e+01 -2.8173e+00  4.3948e+01  1.0000e+00
-1.5095e-01  5.8975e-01  5.3834e-03  8.1433e+00  2.9665e+01 -1.9386e+01  3.6362e+01  1.0000e+00
-1.9783e+00  6.4249e-01  1.1221e+00  4.3103e+00  5.1956e+00 -5.1413e+00  8.4857e+00  1.0000e+00
-4.4362e-01  6.8748e-01  5.0218e-02 -1.2878e+01 -7.1480e+00  6.1014e+00  1.5943e+01  1.0000e+00
-2.6885e-01  4.5019e-01  3.0971e-01 -7.0177e+00 -1.0441e+01 -1.6042e+01  2.0387e+01  1.0000e+00
 1.9453e+00 -1.2346e+00  3.1045e-01 -3.7540e-01 -5.7520e-01  2.2089e-02  6.8722e-01  1.0000e+00
-3.5545e-01  4.9752e-01 -4.8852e-02  6.0276e+00  1.5603e-01 -1.7221e+01  1.8246e+01  1.0000e+00
-2.3473e-01  3.2482e-01  3.6671e-01 -1.9798e+01  1.2133e+01 -1.3398e+01  2.6808e+01  1.0000e+00
-2.8380e+00 -1.1680e+00 -7.6026e-01 -1.0389e+01 -3.5623e+00 -1.8983e+00  1.1145e+01  1.0000e+00
-1.4282e-01  5.8303e-01  1.7360e-01  1.1393e+01  2.2598e+01  2.2995e+01  3.4194e+01  1.0000e+00
 6.2293e-02  3.6738e-01  1.9208e-01 -1.1700e+01 -9.3907e-01 -1.1123e+01  1.6170e+01  1.0000e+00
-4.2870e-01  4.2172e-01  2.2458e-01  8.8784e+00 -1.0610e+01  2.7102e+00  1.4097e+01  1.0000e+00
-1.1810e-01  6.0964e-01  1.8976e-01  6.1264e+00 -1.6522e+01 -3.9245e+00  1.8053e+01  1.0000e+00
-1.0189e-02  4.9103e-01  6.3710e-02 -1.2008e+01 -9.7339e+00 -1.0080e+01  1.8454e+01  1.0000e+00
 4.3163e-03  4.3037e-01  1.0526e-01  1.1667e+01 -6.8643e+00 -2.5964e+01  2.9281e+01  1.0000e+00
-1.0191e-01  6.2383e-01  2.6522e-01  5.1733e+00 -2.5361e+01  1.1801e+00  2.5910e+01  1.0000e+00
-3.7277e-01  9.2172e-01  2.6642e-01 -7.2057e+00 -1.0806e+01  2.9093e+00  1.3310e+01  1.0000e+00
-5.2302e+00  4.4659e+00  1.9009e+00 -8.1662e+01  6.5479e+01  3.0952e+01  1.0915e+02  1.0000e+00
 9.9059e-01  4.4853e-01 -3.9745e-01 -4.6829e+00  8.1970e+00 -5.1650e+00  1.0761e+01  1.0000e+00
 7.8452e-02  5.8492e-01 -5.0690e-03  1.7733e+01  7.8379e+00  3.8828e-01  1.9391e+01  1.0000e+00
-3.0263e+01  1.2936e+00  2.6958e+01 -2.4181e+02  7.3671e+00  2.1773e+02  3.2547e+02  1.0000e+00
-2.1635e-01  7.4641e-01  1.4015e-01 -1.8973e+01 -4.8983e+00  5.8302e+00  2.0444e+01  1.0000e+00
 2.4700e-01  1.7607e+00 -2.5269e-01 -4.4412e+00 -7.1217e+00 -7.5141e-01  8.4266e+00  1.0000e+00
-1.0705e-01  6.2775e-01  5.3747e-02 -3.0523e+00  2.1684e+01  1.4218e+01  2.6109e+01  1.0000e+00
-1.7890e+00  2.7837e+00  7.0145e+00 -4.5486e+00  6.5463e+00  1.6909e+01  1.8693e+01  1.0000e+00
 3.9871e+00  1.2284e+00  7.3976e-01  7.1233e+00  3.7194e+00  2.3960e+00  8.3855e+00  1.0000e+00
 4.8423e+00 -2.6699e+00 -4.1966e+00  1.4091e+01 -8.5997e+00 -1.1991e+01  2.0403e+01  1.0000e+00
 7.3749e-02  4.8185e-01  1.0891e-01 -1.3510e+01  7.9254e+00 -1.1749e+01  1.9580e+01  1.0000e+00
 6.3050e+00 -6.4989e+00 -9.6638e+00  2.1531e+01 -2.1650e+01 -3.1904e+01  4.4161e+01  1.0000e+00
-2.8270e-01  6.3932e-01  1.1131e-01 -1.6952e+01  3.4580e+00 -1.3552e+01  2.1977e+01  1.0000e+00
-2.2728e-01  6.3507e-01  2.5939e-01 -2.1924e+00  1.1603e+01  1.7874e+01  2.1422e+01  1.0000e+00
-1.7655e-01  6.5750e-01  2.3920e-01 -2.8887e+00  3.1611e+00  1.5917e+01  1.6483e+01  1.0000e+00
-1.8947e-01  5.7449e-01  6.5551e-02 -5.6857e+00 -1.9597e+00 -4.6563e+00  7.6059e+00  1.0000e+00
-2.3970e-01  2.8343e-01  2.7780e-01 -2.3459e+00 -1.4308e+01  3.3163e+00  1.4874e+01  1.0000e+00
 2.4046e-01  7.4458e-01  1.1212e-01 -1.2737e+01 -3.5286e+00  1.8993e+01  2.3139e+01  1.0000e+00
-1.2888e-01  4.5162e-01 -2.4789e-01 -7.9594e-01  1.4022e+01  7.2497e+00  1.5805e+01  1.0000e+00
-1.8837e-01  9.1208e-01 -2.2986e-01  7.0135e+00 -1.9592e+00 -6.8643e+00  1.0007e+01  1.0000e+00
-1.6312e+00  1.2029e+00  1.2381e+00 -2.8308e+00  9.7357e-02  4.6705e+00  5.4623e+00  1.0000e+00
-3.3339e-02  7.0078e-01  3.4760e-01 -2.6234e+00  1.4981e+01  6.5573e+00  1.6563e+01  1.0000e+00
-1.8781e+00  2.4746e+00  7.3560e+00 -4.7811e+00  8.0751e+00  2.2597e+01  2.4468e+01  1.0000e+00
-9.1999e-01  1.1771e-01 -1.0279e+00 -5.5611e+00 -7.3036e+00  2.6228e+00  9.5472e+00  1.0000e+00
-9.1054e-02  5.8801e-01  2.0290e-01  1.2455e+01 -4.6501e+00  1.4860e+00  1.3378e+01  1.0000e+00
-1.1267e-01  2.1099e-01  1.9166e-01 -2.5227e+00  1.4230e+01 -9.9129e-01  1.4486e+01  1.0000e+00
-9.4918e-01  2.1013e+00  2.0686e+00  3.4653e+00  2.6956e+00  1.2535e+00  4.5657e+00  1.0000e+00
 5.0393e+00 -1.2631e+01  2.2006e+01  1.5627e+01 -3.9445e+01  7.0968e+01  8.2683e+01  1.0000e+00
 9.2921e+00  1.7897e+00  8.6817e+00  3.1056e+01  5.8852e+00  2.9486e+01  4.3227e+01  1.0000e+00
 1.1687e+00 -1.8923e-01 -9.7224e-02 -6.2544e+00  8.1362e+00  5.3492e+00  1.1573e+01  1.0000e+00
 1.1659e-01  6.4295e-01  2.2236e-01  9.8784e+00 -1.1484e+01 -1.6939e+00  1.5242e+01  1.0000e+00
 5.7346e-02  5.1446e-01  4.3773e-02 -1.1100e+01  1.2799e+01  1.1080e+01  2.0244e+01  1.0000e+00
-2.4842e+00  1.5195e+00  9.8582e+00 -8.1900e+00  5.6359e+00  3.2298e+01  3.3793e+01  1.0000e+00
-6.6437e+00 -1.7267e+00 -6.5110e+00 -2.0913e+01 -2.6332e+00 -1.9402e+01  2.8649e+01  1.0000e+00
 1.4559e-02  1.6466e+00 -3.0203e-01 -5.2425e+00 -5.4586e+00  1.2769e+01  1.4843e+01  1.0000e+00
-3.1679e+00 -4.9045e+00 -5.6558e-01 -1.2732e+01 -2.3166e+01 -1.3912e+00  2.6471e+01  1.0000e+00
-7.1932e-01  3.4292e-01  3.0110e-01 -1.7941e+01 -1.6263e+01  7.4831e+00  2.5345e+01  1.0000e+00
 8.8132e-02  5.2464e-01  2.1211e-01  2.1844e+00  9.8160e+00 -7.1756e+00  1.2354e+01  1.0000e+00
-5.7267e-01 -7.1073e-02 -8.2925e-03 -1.5028e+01 -1.5896e+01 -3.0510e+00  2.2086e+01  1.0000e+00
-2.8325e-01  6.2055e-01  5.5209e-02 -6.9371e+00  1.5631e+01  7.6090e+00  1.8717e+01  1.0000e+00
 3.0263e-01  6.3456e-01  2.5472e-01 -1.7736e+00  1.1799e+01  2.8663e+00  1.2271e+01  1.0000e+00
-3.4074e+00  1.0624e+01 -1.4094e+00 -1.0971e+01  3.5011e+01 -4.3880e+00  3.6951e+01  1.0000e+00
 2.7479e+00  1.5934e-01  2.0970e+00  5.5260e+00  4.1163e+00  8.1354e+00  1.0661e+01  1.0000e+00
-6.5724e+00 -3.5417e-01 -1.6494e+00 -1.9156e+01  2.9702e-01 -5.1283e+00  1.9832e+01  1.0000e+00
-3.1692e-01  6.9539e-01 -2.6564e-01  7.4773e+00  8.5592e+00 -3.0333e+01  3.2392e+01  1.0000e+00
-5.3848e+00 -2.2708e+00  3.5886e+00 -1.4786e+01 -5.8285e+00  1.1044e+01  1.9354e+01  1.0000e+00
-3.4508e-02  4.9040e-01  3.8960e-01  4.4045e+00 -4.1642e+00  1.8538e+01  1.9503e+01  1.0000e+00
 1.2354e+01  4.4026e+00  1.0553e+00  4.1194e+01  1.5057e+01  3.3882e+00  4.3990e+01  1.0000e+00
 4.5973e+00  6.5519e+00  7.0889e-01  1.4802e+01  2.0161e+01  3.1655e+00  2.5210e+01  1.0000e+00
-9.6169e+00 -5.9232e+00 -3.5997e+00 -3.2900e+01 -1.9709e+01 -1.2863e+01  4.0451e+01  1.0000e+00
-3.1734e-01 -1.2012e+00 -8.1481e-01 -5.4429e+00  1.1026e+00  4.0624e+00  6.8807e+00  1.0000e+00
-9.5993e+00 -3.3674e-01 -2.4924e+00 -3.1441e+01 -4.2458e-01 -8.2983e+00  3.2521e+01  1.0000e+00
-3.5755e-01  7.7517e-01  9.4424e-01  2.5439e-01  2.6993e+00  9.2880e+00  9.6757e+00  1.0000e+00
 2.1832e-02  1.6018e+00 -3.5422e-01 -6.6072e+00 -9.2647e+00  6.1613e+00  1.2940e+01  1.0000e+00
-2.1270e+00  7.8336e+00 -3.1783e+00 -6.1838e+00  2.5221e+01 -9.1408e+00  2.7530e+01  1.0000e+00
 8.4702e+00  7.1091e+00 -5.3855e+00  4.7448e+01  3.8406e+01 -2.9635e+01  6.7857e+01  1.0000e+00
-2.2448e-01  1.4444e+00  2.1215e-01  6.0769e+00 -2.4085e-01 -5.0538e+00  7.9075e+00  1.0000e+00
-1.2157e+00 -1.6692e-01 -2.6910e+00 -4.3939e-01  2.5247e+00 -3.6481e+00  4.4582e+00  1.0000e+00
 2.5190e-01  7.0324e-01  4.6113e-01 -1.7829e+00 -6.7274e+00  1.4935e+00  7.1181e+00  1.0000e+00
 2.2340e+00 -2.1705e+00 -1.3164e+00  6.4008e+00 -4.6608e+00  2.5972e+00  8.3330e+00  1.0000e+00
-3.5448e-01  1.3516e+00 -2.8883e-01 -1.0042e+00 -8.6876e+00  9.9798e+00  1.3270e+01  1.0000e+00
 1.3613e-01  7.2681e-01  7.7167e-03 -1.5257e+01 -1.8417e+01 -3.5632e+00  2.4179e+01  1.0000e+00
-7.1861e+00 -3.5797e+00 -1.2525e+01 -2.4996e+01 -1.2693e+01 -4.4170e+01  5.2316e+01  1.0000e+00
-1.3009e+01 -4.4604e+00 -4.0467e-01 -4.4173e+01 -1.4366e+01 -1.5389e+00  4.6476e+01  1.0000e+00
 1.5363e+00 -2.1530e+00 -2.7431e+00  5.4503e+00 -2.5344e+00 -5.9127e+00  8.4315e+00  1.0000e+00
 1.3243e+01  2.1703e+00 -1.3329e+00  4.4401e+01  7.9962e+00 -4.7679e+00  4.5366e+01  1.0000e+00
-2.9623e-01  7.0418e-01  1.9486e-01  9.5731e+00  1.5270e+01 -2.2838e+01  2.9093e+01  1.0000e+00
-4.4599e-01  5.7083e-01 -8.0708e-02  6.0055e+00 -1.0889e+00 -3.4625e+00  7.0172e+00  1.0000e+00
-2.6952e-02  6.4585e-01 -1.9043e-01 -9.1153e+00  3.5940e-01  6.8252e-01  9.1479e+00  1.0000e+00
-1.6195e-01  3.6611e-01  2.4208e-01  2.5722e+01 -2.6755e+01  8.8126e+00  3.8146e+01  1.0000e+00
-1.4518e-01  5.8492e-01  1.6899e-01  7.2367e+00  3.0322e+00 -1.0733e+01  1.3295e+01  1.0000e+00
 5.3788e-01  4.2634e-01 -3.2424e-01  6.2679e+00 -5.8168e+00 -4.0084e+00  9.4440e+00  1.0000e+00
-8.6216e-02  4.6707e-01  9.6892e-02  5.1550e+00  4.1225e+00 -2.5794e+01  2.6625e+01  1.0000e+00
-5.6911e+00  4.8980e+00 -1.0213e+00 -1.7117e+01  1.4429e+01 -2.3808e+00  2.2514e+01  1.0000e+00
-4.1907e-01  5.0208e-01  3.2789e-01  1.7524e+01  1.2109e+01  7.5946e+00  2.2614e+01  1.0000e+00
-6.0858e+00 -1.7975e+00  1.7983e-02 -1.6774e+01 -5.1855e+00 -4.3596e-01  1.7563e+01  1.0000e+00
-4.5225e-01 -1.9654e-01  3.4441e-01  5.4252e+00  1.1917e+01  3.4281e+00  1.3535e+01  1.0000e+00
 1.3393e-01  2.6144e-01  5.3916e-01 -9.1633e+00  1.4321e+01  2.7550e+00  1.7223e+01  1.0000e+00
-3.5127e-01  8.0518e-01  2.8387e-02  8.4272e+00  4.0239e+00 -9.7429e+00  1.3496e+01  1.0000e+00
-1.2882e-01  4.6383e-01  3.4056e-01  1.3482e+01 -1.6615e+01 -1.1104e+01  2.4107e+01  1.0000e+00
 4.2278e+00 -1.0529e+01 -5.0622e+00  1.4198e+01 -3.4741e+01 -1.6775e+01  4.1109e+01  1.0000e+00
-9.4784e+00 -1.8064e+00  8.5409e+00 -3.1872e+01 -5.3853e+00  2.8699e+01  4.3225e+01  1.0000e+00
-1.1105e-01  4.0045e-01  2.4451e-01 -9.7915e-01 -3.0287e+01 -4.3291e+00  3.0610e+01  1.0000e+00
-1.6896e+00 -1.1789e+00 -3.0239e+00 -3.6678e+00 -7.1123e-01 -4.2724e+00  5.6756e+00  1.0000e+00
 2.1029e+00 -1.3523e+00  7.7622e-01  1.4603e-01  1.2167e+00  3.2255e+00  3.4505e+00  1.0000e+00
-1.6214e-01  6.3526e-01  3.1832e-01  2.2118e+01  2.3095e+00 -9.0015e+00  2.3991e+01  1.0000e+00
-1.0199e+00 -8.4408e+00 -5.8945e+00 -2.8002e+00 -2.8400e+01 -2.0164e+01  3.4942e+01  1.0000e+00
-1.8183e+00  3.1797e+00 -2.7536e+00 -4.2112e+00  7.0326e+00 -4.5138e+00  9.3577e+00  1.0000e+00
-9.9290e-01  4.2562e-01  2.2522e-01 -1.3955e+01 -1.7528e+00  3.4237e+00  1.4475e+01  1.0000e+00
-8.0256e-01  2.9326e-01  2.2163e-01  3.3879e+00  4.6591e+00 -1.6103e+00  5.9815e+00  1.0000e+00
-4.1757e-01  3.8130e-01  2.4425e-01  1.5232e+01  3.0838e+01 -8.5787e+00  3.5448e+01  1.0000e+00
-1.8271e+00  8.2084e+00 -3.5246e+00 -5.6247e+00  2.5357e+01 -1.0550e+01  2.8034e+01  1.0000e+00
 5.2010e-01  6.3712e-01 -3.3035e-01 -1.7233e+01  9.3037e-01  8.6224e+00  1.9292e+01  1.0000e+00
-2.5542e-02  1.3846e+00  1.0648e+01  1.8535e+00  5.2127e+00  2.9039e+01  2.9561e+01  1.0000e+00
-3.3155e-01 -4.3378e-01  1.3182e-01  4.1190e-01  1.8042e+01  2.7451e+00  1.8255e+01  1.0000e+00
-2.0701e-01  5.9728e-01  1.3416e-01  1.3312e+01 -2.7666e+00 -1.4266e+01  1.9707e+01  1.0000e+00
-3.8834e-01  3.1718e-01  8.7962e-04 -7.8475e+00 -9.9660e+00 -6.5199e+00  1.4262e+01  1.0000e+00
-1.6366e-01  9.6199e-01 -2.0029e-01  7.7055e+00 -1.4021e+01  4.6193e+00  1.6652e+01  1.0000e+00
 3.0179e+00  6.2755e+00  3.4621e+00  9.7178e+00  1.9673e+01  1.0237e+01  2.4213e+01  1.0000e+00
-2.0802e-01  6.3957e-01  2.0534e-01  9.0406e+00  1.2194e+01 -1.6364e+01  2.2321e+01  1.0000e+00
-5.4774e-01  2.0936e+00  1.6159e-01 -1.0715e+00 -1.6852e+00 -1.4266e+00  2.4542e+00  1.0000e+00
-1.1331e-01  4.0476e-01 -8.2490e-02  1.4354e+01 -1.6969e+00 -2.3866e+01  2.7902e+01  1.0000e+00
-1.1237e-01  3.5156e-01  4.1034e-01  1.0113e+01 -1.2360e+01 -1.4728e+00  1.6038e+01  1.0000e+00
-1.6870e-01  5.9523e-01  2.3750e-01  8.5476e+00 -2.7624e+01 -9.0348e+00  3.0295e+01  1.0000e+00
-2.7185e-01  7.3862e-01  1.0438e-01  3.3905e+00 -1.6009e+01  8.9017e+00  1.8629e+01  1.0000e+00
 5.1382e+00 -3.8266e+00 -7.3148e-01  1.4665e+01 -1.0557e+01 -1.4825e+00  1.8130e+01  1.0000e+00
 1.1145e-02  4.4006e-01  4.5146e-01 -7.9992e+00 -5.4970e+00 -1.4615e+01  1.7544e+01  1.0000e+00
 9.4017e+00 -1.6702e+01  1.0586e+01  2.5302e+01 -5.0482e+01  3.2525e+01  6.5166e+01  1.0000e+00
 1.6191e-01 -1.2557e+00 -7.8872e-01 -9.1963e-01 -4.8633e-01  9.8629e+00  9.9176e+00  1.0000e+00
 9.1753e-01 -4.4538e+00 -1.2653e+01  2.7697e+00 -1.4719e+01 -4.2288e+01  4.4862e+01  1.0000e+00
-3.2818e+00 -5.0544e+00 -8.6500e+00 -1.1892e+01 -1.6479e+01 -2.8470e+01  3.4979e+01  1.0000e+00
-6.8239e-01 -9.2574e+00  1.0070e+00 -1.8867e+00 -3.0218e+01  3.2501e+00  3.0451e+01  1.0000e+00
-1.2490e+01 -6.4165e+00 -3.2959e+00 -4.2770e+01 -2.1304e+01 -1.1083e+01  4.9051e+01  1.0000e+00
-1.3514e-01  7.2982e-01  1.6104e-01  3.1668e+00 -6.1108e-01  2.8899e+01  2.9078e+01  1.0000e+00
-1.0168e+01 -2.5202e+00 -1.9489e+00 -3.4001e+01 -8.3323e+00 -6.1854e+00  3.5550e+01  1.0000e+00
 3.6317e-01  4.5993e-01  1.0910e+00 -1.0301e+01  4.9381e+00 -6.2093e+00  1.3002e+01  1.0000e+00
-3.4512e-01  8.7554e-02 -1.2754e-01 -6.6854e+00  1.0192e+01  1.0099e+01  1.5829e+01  1.0000e+00
-1.6584e+00 -1.3275e-01 -4.8235e+00 -5.4630e+00  5.9296e-01 -1.8456e+01  1.9256e+01  1.0000e+00
 1.1113e+00  7.5628e-01  1.8233e-01 -8.5810e+00  5.7017e+00 -7.3730e+00  1.2669e+01  1.0000e+00
-4.9746e-01  5.0278e-01  1.3779e-01  1.3203e+01  5.5033e+00 -4.5859e+00  1.5021e+01  1.0000e+00
