# limit = 10.8829
#
# x           y           z           vx          vy          vz          s           m
 4.0241e-01 -2.0215e+00 -9.0644e-01 -2.9498e+00  2.9693e-01  4.2829e+00  5.2088e+00  1.0000e+00
 9.2761e-02  5.0204e-01 -7.5838e-02 -3.0959e+00 -1.3605e+00  7.6484e+00  8.3626e+00  1.0000e+00
 1.1240e+01  3.6619e-01  2.1975e+00  3.4629e+01  1.8645e+00  6.8103e+00  3.5341e+01  1.0000e+00
-2.3270e-01  7.9745e-01  2.1501e-01  1.1947e+01  2.7651e+00 -8.0789e+00  1.4685e+01  1.0000e+00
-9.3934e+00  3.6081e+00  5.7279e+00 -2.9718e+01  1.1021e+01  1.7553e+01  3.6232e+01  1.0000e+00
 4.0300e+00 -1.3957e+00  1.1667e+01  1.3035e+01 -3.7653e+00  3.6630e+01  3.9062e+01  1.0000e+00
 7.4013e-01 -9.5223e+00 -6.6689e+00  1.6552e+00 -2.9865e+01 -2.0361e+01  3.6183e+01  1.0000e+00
-4.6782e-01  1.4286e+00  7.9348e-01  2.4512e+00 -9.5874e+00 -5.6832e+00  1.1412e+01  1.0000e+00
-1.5204e+01  1.1033e+01  3.3777e+01 -4.5556e+01  3.3390e+01  1.0466e+02  1.1893e+02  1.0000e+00
 8.7501e+00 -4.4374e+00  2.0846e-01  1.1474e+02 -6.2147e+01  3.0566e+00  1.3052e+02  1.0000e+00
 2.4487e+00  2.9010e+00  2.0213e+00  3.2557e+00  5.6333e+00  3.0021e+00  7.1656e+00  1.0000e+00
 1.5674e-01  6.8883e-01  2.0887e-01 -1.3360e+01  5.3382e+00  1.1197e+01  1.8231e+01  1.0000e+00
 9.0757e-02  2.7547e-01  4.8199e-01 -1.6550e+01  1.1715e+00 -2.2323e+01  2.7813e+01  1.0000e+00
 3.3090e+00  5.8477e-01 -7.7424e-01  9.8804e+00  3.2261e+00 -7.9620e-01  1.0424e+01  1.0000e+00
-5.6989e-01  4.3602e-01 -3.9373e-02 -7.4033e+00  5.7105e+00 -1.6822e-01  9.3513e+00  1.0000e+00
-4.2925e+00 -5.5882e-01 -3.6109e+00 -1.1802e+01 -2.5421e+00 -7.6487e+00  1.4292e+01  1.0000e+00
 6.8245e+00 -7.1110e+00 -8.0821e+00  2.1301e+01 -2.2312e+01 -2.5757e+01  4.0187e+01  1.0000e+00
-2.1038e-01  6.3728e-01  3.2305e-01 -2.5779e+00 -4.8162e+00  2.3573e+01  2.4198e+01  1.0000e+00
 4.0110e-02  6.4847e-01  4.4018e-01 -5.9654e-01 -1.0317e+00 -1.3372e+00  1.7912e+00  1.0000e+00
 2.3659e+01  1.9488e+01 -8.5470e+00  7.3485e+01  5.8938e+01 -2.5225e+01  9.7519e+01  1.0000e+00
 5.8958e-02  9.8887e-01  4.7483e-01  2.4550e+00  1.1107e+01  3.0390e-02  1.1375e+01  1.0000e+00
-3.2800e-02  4.8422e-01  2.6106e-01  3.2928e+00 -1.4310e+01  2.1734e+01  2.6229e+01  1.0000e+00
-9.1933e-01 -4.5685e-01  1.7252e+00 -1.0183e+01 -1.4630e+01  1.9949e+01  2.6752e+01  1.0000e+00
-5.0593e+00  9.4631e+00 -9.6671e+00 -1.6039e+01  3.0742e+01 -3.0729e+01  4.6331e+01  1.0000e+00
-3.1324e-01  1.0932e+01 -4.8731e+00 -1.2155e+00  3.4268e+01 -1.5076e+01  3.7457e+01  1.0000e+00
-2.6248e+00  1.2656e+00 -4.7287e+00 -8.9737e+00  5.8091e+00 -1.1909e+01  1.6003e+01  1.0000e+00
 3.6836e+00 -8.5767e+00  1.7181e+00  1.0331e+01 -2.6906e+01  4.9057e+00  2.9236e+01  1.0000e+00
 2.1646e+01 -5.6050e+00 -2.0871e+01  7.5298e+01 -1.9849e+01 -7.2667e+01  1.0651e+02  1.0000e+00
 6.2467e-01 -1.3040e+01 -1.7205e+01  2.1819e+00 -4.2263e+01 -5.5729e+01  6.9976e+01  1.0000e+00
-7.7514e-02  5.2769e-01  7.4147e-02 -8.4579e+00 -3.1462e+00 -1.3822e+01  1.6507e+01  1.0000e+00
-1.8299e-01  5.0903e-01  3.2685e-01  1.2692e+01 -3.2016e+00  3.3412e+00  1.3509e+01  1.0000e+00
-3.0640e-01  3.3399e-01  4.2724e-01  2.2564e+00  7.4090e+00  1.0362e+01  1.2937e+01  1.0000e+00
-2.4328e-01  7.7473e-01  1.4722e-01  1.1768e+01 -1.3198e+01 -1.9372e+01  2.6229e+01  1.0000e+00
-5.6503e-01  8.6319e-01  4.4935e-01 -9.8646e+00  1.4155e+01 -6.9946e+00  1.8617e+01  1.0000e+00
 1.5059e-01  6.3126e-01  1.0783e-02  1.7232e+01  4.3863e+00 -1.5499e+00  1.7849e+01  1.0000e+00
 2.3389e-01  8.5760e-01  1.9981e-01  4.5184e+00 -4.7573e+00 -1.3351e+01  1.4876e+01  1.0000e+00
-6.4435e-01  1.2671e+00 -1.3747e-01 -2.1587e+00  1.8148e+01 -1.1889e+01  2.1803e+01  1.0000e+00
-9.1483e+00  1.7515e+01 -2.2317e+01 -2.8558e+01  5.4731e+01 -6.8009e+01  9.1849e+01  1.0000e+00
-2.3303e-01  5.2565e-01 -9.7228e-03  1.7406e+01  1.0164e+01  2.9941e+01  3.6093e+01  1.0000e+00
 6.8581e+00 -1.6032e+00  5.7325e+00  2.0126e+01 -4.2347e+00  1.7036e+01  2.6706e+01  1.0000e+00
 4.2240e+00  3.8143e+00  2.5815e-01  1.0062e+01  9.5824e+00  2.1365e+00  1.4058e+01  1.0000e+00
 1.5587e+00  5.4998e-01  1.8065e-01  1.2876e+01  1.7252e+00 -3.6650e+00  1.3498e+01  1.0000e+00
-4.8901e-01  5.8022e-01  1.1968e-01 -1.0437e+01  1.0781e+01 -1.2843e+01  1.9751e+01  1.0000e+00
 1.2969e+00 -3.9487e+00  1.2641e+01  4.3222e+00 -1.2144e+01  4.0025e+01  4.2049e+01  1.0000e+00
 1.2126e+01  5.8952e+00  9.4315e-01  3.9105e+01  1.8839e+01  3.1692e+00  4.3521e+01  1.0000e+00
 6.6315e-01 -8.0624e+00  1.2357e+00  3.2479e+00 -2.4433e+01  4.3696e+00  2.5033e+01  1.0000e+00
-2.5645e-01  6.5336e-01  1.7479e-01  4.2024e-01  3.1166e+00 -1.2098e+01  1.2500e+01  1.0000e+00
 2.1562e+00 -2.1170e+00 -4.4655e-01  3.8358e+00  1.2001e-02  1.1947e+00  4.0175e+00  1.0000e+00
 5.9513e+00 -2.2844e+00  2.5759e+00  1.5787e+01 -6.2944e+00  7.3083e+00  1.8501e+01  1.0000e+00
 1.5481e-01  5.5294e-01 -2.0439e-01 -1.5815e+00  3.3998e+00 -2.2012e+01  2.2330e+01  1.0000e+00
 1.7520e-01  2.1362e-01 -4.4136e-01 -4.2075e-01  2.4738e+00  4.5791e+00  5.2216e+00  1.0000e+00
 1.7650e-02  2.4033e-01  3.3060e-01  9.2750e+00 -7.7434e+00 -6.5972e-01  1.2100e+01  1.0000e+00
-2.0266e+00 -3.1778e+00  3.1236e+00 -4.1997e+00 -6.8976e+00  7.0068e+00  1.0692e+01  1.0000e+00
-2.0609e-02  4.1984e-01  1.0659e-01  2.0854e+01 -3.9256e+00 -2.4399e+00  2.1360e+01  1.0000e+00
 1.3157e-01  6.6125e-01  1.5954e-02 -6.7006e-01  1.7233e+01 -3.6583e+00  1.7630e+01  1.0000e+00
 1.0738e-01  6.5356e-01 -2.5461e-02 -1.5931e+01  6.3721e+00 -1.3769e+01  2.2000e+01  1.0000e+00
-4.1212e-02  5.0069e-01  1.0963e-01 -8.0821e+00 -2.1922e+01 -7.8100e+00  2.4636e+01  1.0000e+00
-1.4471e-01  3.9147e-01  6.2004e-04 -2.4980e+00 -9.7250e+00  8.2532e+00  1.2997e+01  1.0000e+00
-4.7445e-01  7.1061e-01  1.1141e-02  1.2476e+01 -9.7456e+00 -3.5570e+00  1.6226e+01  1.0000e+00
 3.1859e+00 -1.6134e+00  9.1765e+00  9.2026e+00 -5.4804e+00  2.8369e+01  3.0324e+01  1.0000e+00
-3.8628e-01  4.4667e-01 -9.6843e-02 -1.4471e-01  5.0742e+00  4.3856e-02  5.0764e+00  1.0000e+00
-8.7122e-01 -5.8113e-01  6.8676e-01 -1.0851e+01 -2.1321e+01  8.3920e+00  2.5352e+01  1.0000e+00
 5.2771e+00  4.5997e-01 -2.5673e+00  1.9513e+01  2.0602e+00 -9.3843e+00  2.1750e+01  1.0000e+00
-2.3195e-01  7.6285e-01 -3.7546e-01  4.1881e+00 -8.6821e+00 -1.1524e+00  9.7081e+00  1.0000e+00
 1.9247e+00 -6.7452e-01  7.0441e-01 -3.4858e+00  2.1928e-01 -3.8299e-01  3.5137e+00  1.0000e+00
 3.2219e-02  9.4476e-02  5.3175e-01  1.4221e+01 -7.4695e+00  2.9725e+00  1.6336e+01  1.0000e+00
-1.1321e-01  6.8223e-01  5.8575e-02  9.0971e+00 -1.2641e+01 -5.5362e+00  1.6529e+01  1.0000e+00
-2.6264e-01  8.4623e-01  1.5498e-01  2.1716e+00 -1.0703e+01  1.0401e+01  1.5081e+01  1.0000e+00
-4.5921e-01  5.4474e-01  3.1574e-01  1.1107e+01  1.2191e+01  1.1823e+01  2.0292e+01  1.0000e+00
-6.6326e-01  1.5929e+00  5.0699e-01 -9.5512e-02  1.3297e+00  1.9521e+00  2.3639e+00  1.0000e+00
 1.0930e+01  1.3005e+00  2.0275e+00  3.4370e+01  3.6212e+00  6.1209e+00  3.5098e+01  1.0000e+00
-1.6095e-01  7.8786e-01  2.1137e-01  1.8901e+00  8.7706e-01 -2.0699e+00  2.9370e+00  1.0000e+00
 5.8013e-01  3.2713e-01  9.9749e-02  2.0176e+00  6.3497e+00 -2.3535e+00  7.0660e+00  1.0000e+00
-1.1999e+00  2.1506e-01  9.4973e-03 -8.3184e+00 -2.9019e+00 -5.3503e+00  1.0307e+01  1.0000e+00
-4.9888e-01  9.0394e-01 -8.2426e-02 -8.4329e+00  6.9119e-01  3.5865e+00  9.1899e+00  1.0000e+00
-1.0985e-01  6.4574e-01  1.3813e-01 -1.3158e+00 -2.1472e+00  3.3915e+00  4.2242e+00  1.0000e+00
-3.0652e-01  8.8651e-01  1.6420e-01 -7.3310e+00  1.3214e+01 -1.5385e+01  2.1566e+01  1.0000e+00
-7.2821e-01  1.9240e+00 -2.1286e-01  7.7171e-01 -6.3717e-02 -2.3790e+00  2.5018e+00  1.0000e+00
 1.2972e+01 -6.3167e+00 -1.5229e+00  4.1798e+01 -1.9678e+01 -4.7546e+00  4.6442e+01  1.0000e+00
-7.7892e+00 -4.8719e+00 -3.0895e+00 -2.3970e+01 -1.4328e+01 -8.9485e+00  2.9325e+01  1.0000e+00
-1.0152e-01  4.0276e-01  2.8003e-01 -4.3448e+00 -7.0614e-01 -4.5297e+00  6.3161e+00  1.0000e+00
 5.9188e+00  1.5861e+00  3.9258e+00  3.2969e+01  7.1098e+00  2.1075e+01  3.9770e+01  1.0000e+00
 1.2522e+00 -4.9558e-01 -7.1784e-01 -3.5090e+00  3.5910e+00  4.9308e+00  7.0371e+00  1.0000e+00
 3.2035e+00  2.5514e+00  3.9880e+00  7.0266e+00  7.0662e+00  9.4559e+00  1.3737e+01  1.0000e+00
-2.7286e-01  4.8602e-01  2.2497e-02  4.6566e+00  1.9675e+01  7.4555e+00  2.1550e+01  1.0000e+00
-1.9297e-01  4.5362e-01  2.8831e-01  6.1924e+00 -2.5129e+01  1.2737e+01  2.8845e+01  1.0000e+00
-4.6981e-01  7.6317e-01  5.1715e-01  1.1362e+01 -8.3681e+00 -1.3962e+01  1.9850e+01  1.0000e+00
 1.8439e+00 -1.2873e+00  1.9593e+00 -3.5631e-01  2.3164e-02  1.5857e+00  1.6254e+00  1.0000e+00
 3.0648e+01  8.0682e+00 -2.9972e+01  2.2218e+02  5.5313e+01 -2.1506e+02  3.1413e+02  1.0000e+00
-3.5240e-01  7.0683e-01  1.7942e-01 -1.6336e+01 -2.0824e+01  1.2127e+00  2.6495e+01  1.0000e+00
 2.0964e+00 -1.0565e+00  1.8514e+00  1.8602e+00  4.5492e-01  1.3529e-01  1.9198e+00  1.0000e+00
-4.5337e-01  7.7103e-01 -2.2395e-01  5.0584e+00  8.1113e+00  8.0265e+00  1.2482e+01  1.0000e+00
 5.7916e-01  2.9217e-01 -1.0792e-01 -8.8767e+00  8.4675e+00  3.0958e+00  1.2652e+01  1.0000e+00
-5.2843e-01  5.1958e-01 -9.9439e-02 -1.3190e+01 -1.0673e+01 -1.2952e+01  2.1346e+01  1.0000e+00
 1.5843e+00 -5.4409e-01 -1.1289e-01  1.3967e+01 -4.9316e+00 -2.6977e+00  1.5056e+01  1.0000e+00
-1.8391e-01  5.7874e-01  2.3740e-01 -1.9380e+01  7.5178e+00  1.8499e+01  2.7827e+01  1.0000e+00
-9.8393e-02  7.3529e-01  4.3085e-01  1.9951e+01  3.8996e+01  6.8996e+01  8.1726e+01  1.0000e+00
-4.3058e+00 -6.3533e+00 -7.1078e+00 -1.3260e+01 -1.9194e+01 -2.1659e+01  3.1833e+01  1.0000e+00
 9.9685e-01 -2.1211e+00 -9.1497e+00  2.8408e+00 -5.6012e+00 -2.4030e+01  2.4837e+01  1.0000e+00
 3.4552e-01  3.3232e+00 -1.8473e+00  4.6668e+00  5.9516e+00 -2.3973e+00  7.9339e+00  1.0000e+00
 7.1755e-03  5.7835e-01  3.1489e-01  1.0665e+01  4.6740e+00  1.1806e+01  1.6582e+01  1.0000e+00
-5.5068e-01  5.4566e-01  3.5762e-01 -1.1773e+01 -5.5868e+00  4.6780e+00  1.3846e+01  1.0000e+00
 1.8035e+00 -7.7136e-01 -1.6355e-01 -2.2217e+00  4.5449e+00  1.3503e+00  5.2360e+00  1.0000e+00
-1.1173e+00  8.4022e-01  4.3361e-01  4.2692e+00  7.7373e-01 -3.3793e-01  4.3519e+00  1.0000e+00
 1.0849e+01  4.0504e+00 -2.6264e-01  3.3771e+01  1.3390e+01 -9.4561e-01  3.6341e+01  1.0000e+00
-5.8203e-02  6.4664e-01  1.3684e-01 -2.2866e+01  7.0307e+00  2.6948e+00  2.4073e+01  1.0000e+00
 8.0533e+00  4.3196e-01  9.0384e+00  2.5103e+01  1.5542e+00  2.8153e+01  3.7751e+01  1.0000e+00
 1.0163e-01  1.7075e-01 -1.8191e-01  5.4347e-01  6.7273e+00  7.3674e+00  9.9916e+00  1.0000e+00
 4.1527e-01  9.3970e-01 -5.4325e-02  1.1935e+01 -9.2689e+00  2.0551e-01  1.5113e+01  1.0000e+00
-1.3007e+01  2.6784e+00  2.9464e+00 -4.1514e+01  9.0696e+00  9.5499e+00  4.3553e+01  1.0000e+00
-5.1169e-01  8.2492e-01  4.0708e-01  1.2142e+01 -2.4541e+01 -2.0647e+00  2.7458e+01  1.0000e+00
 2.7825e+00 -4.7018e+00  8.2698e+00  8.7903e+00 -1.4661e+01  2.4640e+01  2.9989e+01  1.0000e+00
 3.1985e+00 -3.2597e+00  6.7793e+00  8.9725e+00 -9.5477e+00  1.9893e+01  2.3820e+01  1.0000e+00
 5.5542e+00 -6.6592e+00 -2.5223e+00  1.5538e+01 -1.9737e+01 -7.3688e+00  2.6178e+01  1.0000e+00
 2.9221e+00 -1.6287e+00  6.3393e-01  3.3168e+00 -2.7398e-01  1.3932e+00  3.6080e+00  1.0000e+00
 1.9545e-02  2.4379e-01  6.5782e-01 -3.2238e+00  9.0431e+00  1.1736e+01  1.5163e+01  1.0000e+00
-1.5655e-01  9.4219e-01  8.3280e-01  4.9854e+00  3.1343e+00 -1.2205e+01  1.3551e+01  1.0000e+00
-2.8012e-01  5.2718e-01 -1.1745e-01  1.3443e-02 -9.0797e+00  2.1051e+01  2.2926e+01  1.0000e+00
 6.1993e-02  4.4349e-01  3.0482e-01  6.1653e+00 -3.5704e-01  1.8427e+01  1.9434e+01  1.0000e+00
-2.5565e-01  6.4000e-01  2.7547e-01  1.4408e+01 -6.1163e+00 -1.0055e+01  1.8604e+01  1.0000e+00
-2.9141e-01  7.5932e-01  5.0788e-01 -1.7936e+01  5.1384e-01  5.8441e+00  1.8871e+01  1.0000e+00
-2.1613e-01  9.6865e-01  3.4158e-01 -4.8666e+00  8.8384e+00  5.5516e+00  1.1516e+01  1.0000e+00
-1.7038e+01  7.0246e+00  6.3756e+00 -5.5102e+01  2.3028e+01  2.1258e+01  6.3392e+01  1.0000e+00
-2.6280e-01  5.5793e-01  2.0151e-01  1.8482e+01  1.5034e+01 -7.4321e-01  2.3836e+01  1.0000e+00
 8.3902e-02  1.3984e-01  2.4406e-01  3.9144e+00 -6.0085e+00  8.6353e+00  1.1225e+01  1.0000e+00
-5.1851e-02  5.9882e-01  5.4259e-01 -1.4932e+00  2.0186e+00  2.1969e+00  3.3362e+00  1.0000e+00
 6.4455e+00 -5.5874e+00 -2.3339e+00  1.9819e+01 -1.6509e+01 -6.2628e+00  2.6544e+01  1.0000e+00
 1.0518e-01  3.0845e-01  5.8799e-01  2.9799e+00 -4.3901e+00  5.2782e+00  7.4841e+00  1.0000e+00
 4.3695e+00 -3.8153e+00  9.4208e+00  1.3191e+01 -1.1295e+01  2.9763e+01  3.4459e+01  1.0000e+00
 6.6090e-01  7.0708e-01  1.2579e+00  4.5917e+01  5.6656e+00  4.8852e+01  6.7283e+01  1.0000e+00
-1.5429e+00 -1.8654e+00 -8.0129e+00 -5.3087e+00 -5.0359e+00 -2.3732e+01  2.4835e+01  1.0000e+00
 1.9051e+00 -1.2032e+00  9.1316e-01 -5.6623e-01  1.0635e+00 -6.5557e-01  1.3716e+00  1.0000e+00
-4.8662e-01  3.4564e-01  2.7950e-01 -8.1651e+00 -1.1248e+01  8.5449e+00  1.6316e+01  1.0000e+00
-6.2781e-01  4.5775e-01  2.5175e-01  2.0705e+00 -7.9620e+00 -9.8049e+00  1.2799e+01  1.0000e+00
-9.7124e-02  4.3452e-01  1.8932e-01  3.4101e+01 -2.8045e+00 -1.7559e+01  3.8458e+01  1.0000e+00
-3.0869e-01  8.5785e-01  8.2118e-01 -2.3312e+00  1.7480e+01 -2.5142e+00  1.7813e+01  1.0000e+00
 2.7426e-01  4.0847e-01  9.5326e-02 -1.2643e+01  1.3920e+01  2.0122e+00  1.8912e+01  1.0000e+00
-5.3205e-01  4.7810e-01  2.8503e-01 -1.6002e+00  6.7453e+00 -9.2073e+00  1.1525e+01  1.0000e+00
 2.7160e+00 -1.6015e+00  1.0359e+00  1.1521e+00  1.1804e+00  2.9556e+00  3.3847e+00  1.0000e+00
-1.3428e+00 -3.6655e+00  8.5821e+00 -4.1308e+00 -1.1789e+01  2.6354e+01  2.9165e+01  1.0000e+00
-6.0663e-01  9.2662e-01 -3.6614e-02 -2.1856e+00  1.4027e+01 -3.5573e+00  1.4635e+01  1.0000e+00
 7.3687e-02  4.8682e-01  4.7891e-01  7.2692e+00 -2.8717e-01  1.4348e+01  1.6087e+01  1.0000e+00
-1.1946e+01  2.0766e+00 -3.5211e+00 -3.5905e+01  8.6061e+00 -9.5214e+00  3.8130e+01  1.0000e+00
-2.7946e-02  6.1887e-01  1.0140e-01 -1.0962e+01  5.3075e+00  3.5563e+00  1.2688e+01  1.0000e+00
-1.9560e-01  3.9696e-01  2.1983e-01  2.2207e+01  5.6223e+00 -9.2720e-01  2.2926e+01  1.0000e+00
-2.0836e-01  5.9068e-01  4.2903e-01  1.7280e+00  5.7652e+00 -4.9041e+00  7.7637e+00  1.0000e+00
-4.4232e+00 -1.5821e+01 -1.7667e+01 -1.4962e+01 -4.4803e+01 -5.2314e+01  7.0484e+01  1.0000e+00
 1.1259e+01 -9.9655e+00  2.8311e+00  3.5696e+01 -3.1422e+01  8.8061e+00  4.8364e+01  1.0000e+00
-3.1846e-01  1.1013e+00  1.1981e+00 -1.7050e+00  4.8193e+00  2.1570e+00  5.5485e+00  1.0000e+00
 7.9956e-01 -1.3615e-01 -1.4815e+00 -1.9429e+00  3.0896e+00  5.8495e+00  6.8947e+00  1.0000e+00
-1.7974e-01  6.2948e-01 -9.4324e-02  2.6378e+01  1.3721e+00 -7.8659e+00  2.7560e+01  1.0000e+00
 8.7142e-01 -6.7750e-01 -1.7706e+00  6.4753e-01  3.9952e+00  2.4678e+00  4.7403e+00  1.0000e+00
 6.0212e-02  5.4301e-01  8.3474e-01 -3.4383e+00  7.3050e+00 -4.6950e+00  9.3396e+00  1.0000e+00
 1.5333e-01  4.0408e-01  3.3648e-01  4.7966e+00  7.1067e+00  7.6852e+00  1.1514e+01  1.0000e+00
-6.1934e+00  9.5534e+00 -5.1999e+00 -1.9434e+01  3.0743e+01 -1.6068e+01  3.9762e+01  1.0000e+00
-4.7113e-01  7.8808e-01 -2.3316e-02 -1.5363e+01 -2.1064e+00  2.9269e+00  1.5780e+01  1.0000e+00
-3.2356e-01  5.4719e-01  3.5567e-01  3.5151e+01  6.0987e+00  1.7247e+00  3.5718e+01  1.0000e+00
-4.8738e-01  6.7546e-01  1.9851e-01 -1.9649e+00  2.3433e+01 -5.4235e+00  2.4133e+01  1.0000e+00
-4.5959e-01  8.8846e-01  1.8258e-01  1.0598e+00  7.5123e+00  4.4496e+00  8.7953e+00  1.0000e+00
 2.6927e-01  3.8221e-01  6.6383e-01  5.8097e+00  1.0889e+01  6.1026e+00  1.3769e+01  1.0000e+00
-3.0170e-01  2.8973e-01  3.8463e-01 -2.1656e+00 -1.5874e+01  1.1916e+01  1.9967e+01  1.0000e+00
-6.4507e-02  7.9916e-01  2.9444e-01 -4.6338e+00  1.2838e+01  7.1598e-02  1.3649e+01  1.0000e+00
-1.4578e-01  7.7154e-01 -6.8368e-02  7.3207e+00 -7.8846e+00  1.2327e+00  1.0830e+01  1.0000e+00
-2.9215e-01  6.0510e-01  1.3088e-01 -1.4182e+01  1.6392e+01  5.3637e+00  2.2329e+01  1.0000e+00
-7.7591e-02  5.6507e-01  4.7714e-01 -4.8309e+00 -1.1952e+01  2.5369e+01  2.8457e+01  1.0000e+00
 3.0027e+00 -4.8179e+00  8.1869e+00  8.1080e+00 -1.2976e+01  2.5869e+01  3.0055e+01  1.0000e+00
-3.8817e-01  3.8705e-01  2.5184e-01  1.1255e+01 -5.8697e+00  3.6740e-01  1.2699e+01  1.0000e+00
 2.1952e+01 -1.5068e+01 -3.1007e+01  6.9252e+01 -4.7257e+01 -9.5426e+01  1.2702e+02  1.0000e+00
-2.1184e-01  8.9174e-01  2.6565e-01  5.8481e+00  2.0746e+00 -1.4619e+01  1.5882e+01  1.0000e+00
-1.4135e+00  2.4285e+00  2.3447e+00 -2.1184e+00  5.5098e+00  1.2928e+00  6.0430e+00  1.0000e+00
 5.8388e+00 -1.9711e+00 -1.5112e+00  1.7988e+01 -4.1972e+00 -3.1495e+00  1.8738e+01  1.0000e+00
-2.0946e-01  5.1454e-01  2.2972e-01 -8.0213e+00 -1.6530e+01  1.1850e+01  2.1864e+01  1.0000e+00
-5.3099e-01 -7.3910e-01  1.3806e+00  2.0826e+00 -6.8785e+00  4.9934e+00  8.7513e+00  1.0000e+00
-3.6820e-01  6.9188e-01  8.9951e-02 -1.0591e+00  2.3210e+01 -7.7248e+00  2.4485e+01  1.0000e+00
-5.4480e-01  7.5989e-01  1.5734e-01  2.2886e+00  1.2712e+01  3.0889e+00  1.3280e+01  1.0000e+00
-2.8488e-01  5.8460e-01  5.5719e-02 -4.8926e-01  3.2371e+00 -8.1242e+00  8.7590e+00  1.0000e+00
 9.1934e-01  1.9392e-02 -5.0014e-02  2.7200e-01  2.5866e+00 -3.3942e+00  4.2761e+00  1.0000e+00
 1.8873e-01  1.0030e+00  2.2923e-01 -1.0232e+01 -1.0440e+01  2.6676e+00  1.4860e+01  1.0000e+00
-9.4894e-01  1.4149e+00  1.2374e+00  2.5845e+00  5.6423e+00  4.7568e+00  7.8194e+00  1.0000e+00
 5.4822e-01 -4.4814e+00  7.9689e+00  1.6483e+00 -1.3512e+01  2.3755e+01  2.7379e+01  1.0000e+00
-9.5401e+00  7.5711e+00 -6.0047e+00 -5.8401e+01  4.4535e+01 -3.7449e+01  8.2441e+01  1.0000e+00
-2.5217e-01  3.0535e-01  5.6076e-01  8.0540e+00 -8.9656e+00  2.0286e+01  2.3596e+01  1.0000e+00
 6.1270e-01 -1.4601e-01  5.9727e-01 -9.3622e-01  2.6705e-01 -2.6841e+00  2.8553e+00  1.0000e+00
 2.8523e-02  6.3348e-01  1.4597e-01  9.8924e+00  3.4432e+00 -2.0590e+01  2.3101e+01  1.0000e+00
 3.1132e-01  1.4546e+00 -4.0997e-01  1.9759e+00  8.5721e+00 -7.6360e+00  1.1649e+01  1.0000e+00
 3.8558e-01  6.4914e-01  3.3481e-01 -1.3436e+01 -5.2007e+00 -7.1910e+00  1.6102e+01  1.0000e+00
-1.0394e+00  7.3667e-01  4.8076e-01  1.9828e+00 -3.4764e+00 -5.6909e+00  6.9573e+00  1.0000e+00
-7.6085e+00  6.3941e+00 -2.1386e+00 -2.2878e+01  1.9333e+01 -6.3547e+00  3.0620e+01  1.0000e+00
 4.4198e+00 -3.4350e+00 -1.3521e+01  1.4221e+01 -1.1224e+01 -4.3533e+01  4.7153e+01  1.0000e+00
-1.2540e-01  4.0009e-01  4.7277e-01  4.7077e+00  1.8153e+01  2.2517e+00  1.8888e+01  1.0000e+00
-2.7232e-01 -8.9946e+00 -6.3930e+00  3.4157e+00 -2.5702e+01 -1.8688e+01  3.1961e+01  1.0000e+00
-3.2201e+00  3.0229e+00 -1.2852e+01 -1.0640e+01  1.0077e+01 -4.0940e+01  4.3484e+01  1.0000e+00
 1.6292e+00 -7.9242e+00  5.2891e-02  4.7215e+00 -2.3985e+01  2.6863e-01  2.4446e+01  1.0000e+00
 6.2635e-01  1.3939e+00  9.0055e-02  3.0166e-01 -2.7499e+00  1.3520e+00  3.0791e+00  1.0000e+00
-1.5246e+00 -1.8942e+00 -8.7177e+00 -4.6794e+00 -6.3710e+00 -2.5561e+01  2.6755e+01  1.0000e+00
 5.6394e-01  1.9389e+00  1.6149e+00  5.6276e+00  1.0362e+01  1.0481e+01  1.5776e+01  1.0000e+00
-3.3936e-01  5.0366e-01 -1.1308e-01  8.0822e+00 -8.0266e+00  1.3736e+01  1.7844e+01  1.0000e+00
 4.0807e+00  2.8532e+00  5.8111e+00  1.8707e+01  1.0286e+01  2.5482e+01  3.3243e+01  1.0000e+00
-3.4898e-01  7.3319e-01  6.7590e-02 -1.6319e+01  1.2244e+01 -1.4003e+01  2.4745e+01  1.0000e+00
 5.2308e+00 -6.7031e+00 -2.6954e+00  1.7023e+01 -1.9432e+01 -7.8865e+00  2.7011e+01  1.0000e+00
-1.3080e-01  7.7478e-01  1.7902e-01 -1.4782e+01  1.2108e+01  1.9964e-01  1.9109e+01  1.0000e+00
-2.8862e-01  5.2127e-01  1.5308e-01 -2.1106e+01 -3.7091e+00 -2.0969e+01  2.9982e+01  1.0000e+00
-9.1237e+00 -4.1309e+00 -2.9124e+00 -2.8018e+01 -1.2530e+01 -8.6060e+00  3.1876e+01  1.0000e+00
 4.9191e+00  2.4596e+00  4.5664e+00  1.3507e+01  8.0160e+00  1.4325e+01  2.1258e+01  1.0000e+00
-1.2342e-01  6.3138e-01  3.6831e-01  3.9115e+00  1.2707e+01 -1.5687e+01  2.0564e+01  1.0000e+00
 3.5466e+00 -1.1747e+01 -9.2388e-01  1.1599e+01 -3.7305e+01 -2.9575e+00  3.9178e+01  1.0000e+00
-3.7070e-01  5.7282e-01 -1.2175e-03  1.2894e+01  6.0246e+00  9.5807e-01  1.4265e+01  1.0000e+00
-1.6356e+01 -1.5260e+00  2.4170e+01 -5.7022e+01 -5.5886e+00  8.4120e+01  1.0178e+02  1.0000e+00
 6.7512e+00 -1.1778e+01 -9.5376e+00  2.2147e+01 -3.7944e+01 -3.0907e+01  5.3717e+01  1.0000e+00
-1.1130e+00  9.9327e-01  4.4597e-01 -5.5590e+00  3.0046e+00  2.3265e+00  6.7337e+00  1.0000e+00
 1.2388e-01  9.3636e-02  1.8226e-01 -1.2680e+01  1.4637e+01 -5.8902e+00  2.0241e+01  1.0000e+00
-3.7558e-01  4.5487e-01 -3.7970e-02  5.3963e+00  2.4061e+01 -1.0960e+00  2.4683e+01  1.0000e+00
-4.2779e+00 -1.1406e+00 -3.2257e+00 -1.1227e+01 -1.9291e+00 -8.1587e+00  1.4012e+01  1.0000e+00
 1.0623e+00  9.9181e-01  1.2630e-01  8.6717e+00  5.3623e+00 -1.1865e+00  1.0265e+01  1.0000e+00
-2.7363e-01  2.9388e-01  1.7278e-01 -9.6002e+00  7.9563e+00  5.8853e+00  1.3788e+01  1.0000e+00
-2.4716e-01 -8.9565e+00 -6.3842e+00 -4.3778e+00 -2.8890e+01 -2.0390e+01  3.5631e+01  1.0000e+00
-2.4168e-01  8.4183e-01  1.6838e-01  4.0387e+00  1.4043e+01  4.4803e+00  1.5284e+01  1.0000e+00
-2.2901e-01  6.5918e-01  4.6206e-01  1.4564e-01  1.5020e+01  1.7560e+01  2.3108e+01  1.0000e+00
-3.2589e-01  8.7793e-01  1.5459e-01 -5.2622e+00 -8.5427e-01  1.6608e+00  5.5838e+00  1.0000e+00
-2.2403e-01  8.3582e-01 -4.3741e-01  8.7170e+00  5.9766e+00 -1.0340e+01  1.4786e+01  1.0000e+00
-2.1369e-01  4.5169e-01  1.5840e-01 -6.2674e+00  1.5087e+01  7.0763e+00  1.7804e+01  1.0000e+00
-1.7544e+01 -2.0653e+01  9.5469e+00 -5.1431e+01 -6.2671e+01  2.9581e+01  8.6300e+01  1.0000e+00
-2.9468e-01  2.6274e-01 -5.2209e-02  3.2543e+00 -1.2303e+01  4.0250e+00  1.3347e+01  1.0000e+00
-1.2973e+00  2.1773e+00 -1.0748e+00 -7.3727e+00  1.2832e+01 -5.7237e+00  1.5868e+01  1.0000e+00
-1.6853e-01  3.6229e-01  1.0178e-01  3.7748e+00  2.1647e+01  1.0828e+00  2.2000e+01  1.0000e+00
-2.9987e-01  8.0485e-01  4.6081e-02  1.7553e+01 -1.1895e+00  3.6501e+00  1.7968e+01  1.0000e+00
-5.7376e-01  6.8360e-01  1.5136e-01  9.6016e+00 -2.8414e+00 -8.8366e+00  1.3355e+01  1.0000e+00
 5.9643e-01  7.4572e-01  7.0674e-02 -8.4713e+00 -6.7137e+00  3.0113e+00  1.1221e+01  1.0000e+00
-1.8499e-01  6.4367e-01 -6.0128e-04  9.7260e+00  1.6314e+01  2.5803e+01  3.2039e+01  1.0000e+00
-5.0705e-02 -7.9151e+00  3.8482e+00 -2.3181e-01 -2.4090e+01  1.1305e+01  2.6612e+01  1.0000e+00
-9.9582e+00 -6.0593e+00 -3.6333e+00 -3.1620e+01 -1.8385e+01 -1.0680e+01  3.8104e+01  1.0000e+00
-1.2874e+00 -1.1347e+00 -5.3670e-01 -5.2108e+00  5.3395e+00 -2.9073e-01  7.4664e+00  1.0000e+00
-1.7332e-02  5.7266e-01  5.8722e-01 -5.6314e+00  7.7141e+00 -5.3352e+00  1.0940e+01  1.0000e+00
 1.2831e+01 -4.6248e+00 -7.9903e-01  4.1052e+01 -1.4588e+01 -2.2898e+00  4.3627e+01  1.0000e+00
-3.0907e-01  1.3318e+00 -3.8613e-01 -1.3648e+01  2.1921e+00  5.9815e+00  1.5061e+01  1.0000e+00
 1.3188e+02 -1.6349e+02  1.0752e+02  3.8386e+02 -4.7418e+02  3.0947e+02  6.8408e+02  1.0000e+00
 8.2765e-03  2.6518e-01  2.8985e-01 -1.2018e+01 -1.1363e+01  6.8402e+00  1.7898e+01  1.0000e+00
 4.3870e-02  5.3928e-01  7.7844e-02 -1.5026e+01  4.1385e+00 -2.3502e+01  2.8200e+01  1.0000e+00
-1.7916e-01  7.7180e-01  1.5684e-01 -4.1265e+00  5.9056e+00 -5.6355e+00  9.1467e+00  1.0000e+00
 7.3265e+00  5.9669e+00  4.9042e-01  2.2001e+01  1.7612e+01  1.9127e+00  2.8247e+01  1.0000e+00
-5.3330e+00 -1.4930e+00  2.6947e+00 -2.0061e+01 -4.7760e+00  1.1150e+01  2.3443e+01  1.0000e+00
 1.8192e+00 -9.8744e+00  5.8349e-01  5.3549e+00 -3.0086e+01  1.2538e+00  3.0584e+01  1.0000e+00
-4.2861e-01  5.1889e-01 -2.8286e-01  4.5105e+00  8.7681e+00  1.3451e+01  1.6678e+01  1.0000e+00
 5.1565e-01  4.6679e+00 -7.1383e+00  1.3507e+00  1.3677e+01 -2.1490e+01  2.5509e+01  1.0000e+00
-1.6402e+01  5.5143e+00  6.0169e+00 -6.8726e+01  2.3112e+01  2.5044e+01  7.6712e+01  1.0000e+00
-2.0597e-01  7.4666e-01  2.4353e-01 -8.6825e+00 -1.6869e+01  1.0934e+01  2.1898e+01  1.0000e+00
-2.8933e-01  1.3695e+00  4.2974e-01 -5.7000e+00 -8.6286e+00  2.3032e+00  1.0595e+01  1.0000e+00
-2.8171e-01  5.0978e-01  8.4382e-02 -2.0055e+01  9.2765e+00 -2.2236e+01  3.1348e+01  1.0000e+00
 9.6980e-01  3.9810e-01 -3.9655e-01  1.2557e+01 -3.0662e+00 -4.7261e+00  1.3763e+01  1.0000e+00
 9.8382e-01 -9.9342e+00  7.8844e+00  2.9773e+00 -3.1513e+01  2.5049e+01  4.0365e+01  1.0000e+00
 3.7639e+00 -6.9442e+00  2.9101e+00  2.3732e+01 -4.4544e+01  1.7407e+01  5.3389e+01  1.0000e+00
-2.8483e-03  6.2953e+00  8.3907e-01 -3.3214e+00  1.7346e+01  3.2382e+00  1.7955e+01  1.0000e+00
-3.4155e-01  3.8051e-01  1.4033e-01 -1.0082e+01  1.7413e+01 -1.3888e+01  2.4449e+01  1.0000e+00
 2.2832e+00 -1.0726e+00  5.4229e-01 -9.1286e-01  1.5447e+00  6.0175e-01  1.8925e+00  1.0000e+00
 1.6493e-01  6.9240e-01  7.4999e-02 -1.0518e+01  7.9013e+00  8.6029e+00  1.5718e+01  1.0000e+00
 5.4344e+00 -2.0423e+00  3.0456e+00  1.5509e+01 -4.0610e+00  8.1216e+00  1.7972e+01  1.0000e+00
 9.7049e-02  3.4555e-01  3.2881e-01 -1.1549e+01  1.3587e+01 -1.6670e+01  2.4411e+01  1.0000e+00
-3.7028e-01  6.9589e-01  3.4409e-01  2.1763e+00 -9.4742e+00  1.1916e+00  9.7937e+00  1.0000e+00
 6.1278e-02  3.1562e-01  1.9073e-01  7.8609e+00 -7.9951e+00 -5.7441e+00  1.2598e+01  1.0000e+00
-2.1876e+00 -1.8852e+00 -1.0832e+01 -6.4865e+00 -5.4996e+00 -3.3609e+01  3.4668e+01  1.0000e+00
-1.1801e+00 -5.8399e-01  2.7957e+00 -2.0510e+00 -1.1878e+00  8.0832e+00  8.4235e+00  1.0000e+00
 1.3026e+01 -3.3985e-01 -2.9152e+00  4.1609e+01 -7.4960e-01 -8.6774e+00  4.2511e+01  1.0000e+00
-2.4885e-01  8.1359e-01  2.9409e-01 -9.2632e+00  2.3101e+01 -1.7855e+01  3.0631e+01  1.0000e+00
 4.5130e+00 -6.3042e-01  1.1858e+01  1.4690e+01 -2.6681e+00  3.8269e+01  4.1079e+01  1.0000e+00
-1.3281e-01  5.9239e-01  1.5185e+00  2.4074e+00  1.1736e+00  3.7294e+00  4.5914e+00  1.0000e+00
-5.4282e-01  7.7673e-01 -4.3479e-01  1.5327e+01  1.5651e+01 -5.1211e+00  2.2497e+01  1.0000e+00
-5.3270e+00  8.9885e-01  8.5423e+00 -1.5845e+01  2.7062e+00  2.6236e+01  3.0768e+01  1.0000e+00
-5.2271e-01  5.3106e+00 -4.1558e-02 -4.3132e+00  1.0291e+01 -1.0666e+00  1.1210e+01  1.0000e+00
-2.0596e-01  5.2009e-01  2.8835e-01  5.2169e+00  3.1822e-02  2.2285e+01  2.2887e+01  1.0000e+00
 7.8810e-01  2.0906e+01  1.3831e+01  2.8442e-01  6.3566e+01  4.0538e+01  7.5392e+01  1.0000e+00
-3.5859e+00  3.2042e+00 -1.5335e+00 -8.2817e+00  7.1191e+00 -1.6692e+00  1.1048e+01  1.0000e+00
-5.1347e-01  9.7711e-01  1.3456e-01 -3.0800e+00 -1.5049e+01  1.2315e+01  1.9688e+01  1.0000e+00
 2.5759e-01  4.1093e-01 -8.5183e-01 -2.3492e-01  2.7207e+00  6.6434e+00  7.1828e+00  1.0000e+00
-1.1215e-01  1.4996e+00  6.1153e-01 -1.1473e+00  3.9245e+00 -3.1504e+00  5.1617e+00  1.0000e+00
-2.9503e-01  7.7651e-01 -1.8716e-01  9.9128e+00  1.5819e+01 -6.8845e+00  1.9898e+01  1.0000e+00
-2.7019e-01  7.6937e-01  2.4400e-01  2.0704e+01  4.6524e+00  1.0697e+01  2.3764e+01  1.0000e+00
-2.5411e+00 -9.8687e-02  3.3245e+00 -3.2958e+00  8.2364e-01  5.8813e+00  6.7919e+00  1.0000e+00
-7.0376e-03  5.5018e-01  3.1181e-01 -2.1947e+00 -2.4598e+00 -5.0330e+00  6.0166e+00  1.0000e+00
-5.7489e+00  4.8401e+00  1.8271e+00 -2.7673e+01  2.3091e+01  7.4178e+00  3.6797e+01  1.0000e+00
-3.0793e-01  6.9569e-01  1.0519e-01 -1.1491e+01 -4.6486e+00 -1.8279e+01  2.2085e+01  1.0000e+00
 1.6520e-01  5.6617e-01  3.6852e-01  1.6394e+01 -8.1826e+00  1.0631e+01  2.1183e+01  1.0000e+00
-1.4911e-01  3.6655e-01  4.3724e-01 -1.2836e+00 -1.1604e+01  5.3977e+00  1.2862e+01  1.0000e+00
-2.0057e-01  3.6240e-01  1.2318e-01 -7.3207e-01  6.5789e+00 -2.0959e+01  2.1980e+01  1.0000e+00
 4.3924e+00 -7.5575e+00 -3.7091e+00  1.3386e+01 -2.2113e+01 -1.1321e+01  2.8220e+01  1.0000e+00
-1.4711e+00  8.9547e-01  6.6640e-01  3.6092e+00  4.5193e+00 -1.6623e-01  5.7860e+00  1.0000e+00
 5.6028e+00  1.4586e+00 -1.3042e+01  1.7930e+01  5.2879e+00 -3.8362e+01  4.2674e+01  1.0000e+00
-9.8380e-01  5.3717e+00 -3.6424e+00 -2.6973e+00  1.4646e+01 -8.3861e+00  1.7091e+01  1.0000e+00
-1.1195e+01 -4.0273e+00  2.6714e+00 -3.5900e+01 -1.2285e+01  8.5159e+00  3.8888e+01  1.0000e+00
 1.3906e+01 -1.3543e+00 -5.7468e+00  4.5335e+01 -4.3170e+00 -1.8419e+01  4.9124e+01  1.0000e+00
 5.3615e+00 -2.9524e+01  1.8272e+01  1.7618e+01 -9.7749e+01  6.0765e+01  1.1644e+02  1.0000e+00
-2.4324e-02  3.5177e-01  2.8658e-01 -9.8702e-01  9.3189e+00  1.6587e+01  1.9051e+01  1.0000e+00
-5.4246e-01  7.6962e-01  4.2293e-01  5.6663e+00 -4.9792e+00  1.2461e+00  7.6454e+00  1.0000e+00
-5.3716e-01  7.7341e-01  2.5932e-01  1.1533e+01  7.4839e-01  7.1570e+00  1.3594e+01  1.0000e+00
-1.0115e+00  6.3663e-01  6.5478e-01 -8.9032e+00 -1.9079e+00  4.9138e+00  1.0347e+01  1.0000e+00
-7.0059e+00 -3.6729e+00 -3.5812e+00 -2.1416e+01 -9.8671e+00 -1.1017e+01  2.6026e+01  1.0000e+00
-6.2494e-01  5.5496e-01 -3.0694e-01 -1.3582e+01 -7.3263e+00 -6.3518e+00  1.6688e+01  1.0000e+00
-5.6481e-01  3.6476e-01  2.2659e-01 -8.3636e+00 -5.1809e+00 -2.5144e+01  2.7000e+01  1.0000e+00
-2.3244e-01  5.4508e-01  4.3823e-01 -5.8725e-01  5.3552e-01  1.6178e+01  1.6197e+01  1.0000e+00
-4.2469e-01  5.9211e-01  3.0169e-02  1.4472e+01  4.2259e-01  8.4858e+00  1.6782e+01  1.0000e+00
 2.0947e+00 -2.3027e+00 -2.6705e+00  4.3448e+00 -3.1394e+00 -3.8286e+00  6.5872e+00  1.0000e+00
-4.5515e-01  6.5963e-01 -1.9193e-03  1.0930e+01  1.4034e+01  2.2568e+00  1.7930e+01  1.0000e+00
-3.8333e-01  6.0943e-01  3.2281e-01  8.3193e+00  2.1447e+01  8.6138e+00  2.4564e+01  1.0000e+00
 4.7811e+00 -5.6487e+00 -7.1038e+00  1.4459e+01 -1.7770e+01 -2.1207e+01  3.1219e+01  1.0000e+00
 2.7905e-01  7.2372e-01  3.7928e-01  8.1120e+00  1.9183e+00  1.5565e+01  1.7656e+01  1.0000e+00
-7.2226e-02  4.4538e-01  9.9875e-02 -1.4654e+01  1.5626e+01  1.8236e+01  2.8133e+01  1.0000e+00
-6.3564e-01  9.4516e-01  4.8345e-01 -8.6255e+00  1.3146e+01  8.0957e+00  1.7685e+01  1.0000e+00
-6.8603e-01  9.2265e-01  1.4564e+00 -5.5539e-01 -6.9686e+00 -1.4169e+00  7.1328e+00  1.0000e+00
 1.3303e+00 -2.4368e-01 -8.7629e-01  3.3451e+01 -1.7141e+01 -2.2223e+01  4.3665e+01  1.0000e+00
-1.6917e-01  4.5498e-01 -1.2608e-02 -1.1314e+00  1.0957e+01  2.2946e+00  1.1252e+01  1.0000e+00
 5.0276e-01  2.0418e-01  1.7345e-01 -1.3641e+01  1.7445e+01  3.0978e+00  2.2361e+01  1.0000e+00
-1.2140e+01  2.9492e+00  5.9467e+00 -6.0426e+01  1.4495e+01  2.9839e+01  6.8933e+01  1.0000e+00
-1.1816e-01  5.6507e-01  1.8178e-01 -5.2178e-01 -8.7368e+00  1.0531e+01  1.3693e+01  1.0000e+00
 6.6295e+00  4.5422e+00 -6.7982e-01  1.8588e+01  1.3875e+01 -1.1204e+00  2.3222e+01  1.0000e+00
-3.0532e-01  2.2363e-01  4.2537e-01  1.0034e+01  1.3396e+01 -7.2249e+00  1.8230e+01  1.0000e+00
-4.3850e-01  5.8530e-01 -1.2364e-02  2.1674e+01  1.1650e+01  6.8535e+00  2.5543e+01  1.0000e+00
-5.3635e-02  4.5838e-01  1.4456e-01 -2.0979e+01  3.5847e+00  9.1265e+00  2.3158e+01  1.0000e+00
 1.1208e+00  6.3851e+00 -3.6242e-02  4.3317e+00  1.6508e+01 -1.5242e+00  1.7135e+01  1.0000e+00
-1.3167e+02  1.6318e+02 -1.0874e+02 -3.7964e+02  4.7214e+02 -3.1702e+02  6.8377e+02  1.0000e+00
 5.2007e-01  9.8724e-01  3.8774e-01  2.7015e+00  1.5502e+01  7.5074e+00  1.7435e+01  1.0000e+00
-4.7979e-02  4.7002e-01  2.4422e-01  9.9686e+00  1.2725e+01 -2.0209e+00  1.6291e+01  1.0000e+00
 2.7106e-01 -4.1251e-01  2.3021e-01  1.4149e+00 -6.8989e+00  6.4480e-01  7.0719e+00  1.0000e+00
-1.2307e-02  5.2029e-01  5.0816e-01 -4.5214e+00  3.5739e+00 -3.6250e-02  5.7635e+00  1.0000e+00
 4.5686e-01  6.0304e-01  3.9250e-02 -7.1647e+00 -5.0072e+00 -1.0104e+01  1.3360e+01  1.0000e+00
 4.4752e+00 -6.6709e+00 -6.4432e+00  1.4857e+01 -1.9402e+01 -1.9134e+01  3.1037e+01  1.0000e+00
 2.0821e+00 -5.0203e-01  1.6335e-02  6.7815e+00 -6.7621e-01  1.4111e+00  6.9597e+00  1.0000e+00
-1.8168e+00  2.7081e-02  1.5996e+00 -3.3320e+00 -1.4260e-01  7.2019e+00  7.9366e+00  1.0000e+00
-3.4683e-01  6.3660e-01 -1.2977e-01 -9.7006e+00  1.1889e+01  3.2274e+00  1.5680e+01  1.0000e+00
-9.7457e+00  4.8692e-01  8.2723e+00 -3.0920e+01  2.2881e+00  2.6746e+01  4.0946e+01  1.0000e+00
-9.5426e-02  3.9448e-01 -1.0401e-01  1.2447e+01  1.8936e+00  1.4050e+01  1.8866e+01  1.0000e+00
-1.9312e-01  5.5436e-01  3.8021e-01  1.4124e+01  4.8813e+00  1.0836e+00  1.4983e+01  1.0000e+00
-6.5827e+00  5.9177e+00 -1.0595e+01 -2.0936e+01  1.9323e+01 -3.3822e+01  4.4223e+01  1.0000e+00
 1.1116e+01 -7.6339e+00  3.0466e+00  3.5435e+01 -2.4009e+01  9.8951e+00  4.3932e+01  1.0000e+00
 6.1300e+00 -3.7559e+00  6.7441e+00  1.8206e+01 -1.1219e+01  2.0828e+01  2.9852e+01  1.0000e+00
-7.5252e-01  5.6676e-01 -3.2751e-02  1.1927e+01 -3.2327e+00 -6.0961e+00  1.3779e+01  1.0000e+00
-2.0388e-01  6.4866e-01  2.3100e-01 -7.9025e+00  9.2008e+00  3.7812e+00  1.2704e+01  1.0000e+00
-3.5444e-01  7.3501e-01  3.4689e-01 -8.2283e+00  1.6041e+01  1.2524e+01  2.1951e+01  1.0000e+00
-5.1585e+00  9.5715e-01  1.8208e+00 -1.2838e+01  1.1434e+00  3.6694e+00  1.3401e+01  1.0000e+00
-2.6301e-01  7.6874e-01 -4.8599e-02 -9.1751e+00 -1.0474e+01  7.7700e+00  1.5945e+01  1.0000e+00
-2.1592e-01  4.5703e-01 -6.5163e-02  6.8789e+00 -1.9896e+01 -1.0645e+01  2.3590e+01  1.0000e+00
 6.2315e-02  5.2320e-01  3.3301e-01  1.6099e+01  1.0658e+01  9.3252e+00  2.1441e+01  1.0000e+00
-1.4334e-01  3.9216e-01  4.0621e-01 -6.1140e+00  2.1041e+01 -5.8834e+00  2.2687e+01  1.0000e+00
-4.6025e+00  4.1555e+00 -3.8531e+00 -1.2691e+01  1.3851e+01 -1.0633e+01  2.1586e+01  1.0000e+00
 3.7259e-01  5.8239e-01  4.3826e-01  5.8802e+00  1.7980e+01  5.7585e+00  1.9774e+01  1.0000e+00
-3.4269e+00  2.1937e+00 -8.4744e+00 -1.0536e+01  6.6214e+00 -2.5390e+01  2.8275e+01  1.0000e+00
-7.4269e-01  5.7978e+00  2.6806e+00 -5.8106e+00  1.4634e+01  4.9352e+00  1.6501e+01  1.0000e+00
-1.0499e+01 -2.4298e+00 -3.1223e+00 -3.3939e+01 -6.9711e+00 -8.7342e+00  3.5731e+01  1.0000e+00
-1.3241e+00  7.8226e-01  1.7121e-01 -1.2619e+01 -1.7233e+00  3.3031e+00  1.3157e+01  1.0000e+00
-5.7735e-02 -9.0159e-02 -1.9738e+00  4.9358e-02 -2.1580e+00 -9.5096e+00  9.7515e+00  1.0000e+00
-1.8193e-01  4.5829e-01 -5.6387e-02  2.0765e+01  2.9339e+00 -1.2688e+01  2.4510e+01  1.0000e+00
-5.1308e-01  7.5413e-01  2.7354e-01 -1.7438e+01 -2.7872e+00 -1.1263e+01  2.0946e+01  1.0000e+00
-2.6702e-01  7.0290e-01  1.1783e-01 -1.2211e+00  1.4120e+01 -3.2249e+01  3.5226e+01  1.0000e+00
-3.8577e-01  5.9948e-01  2.1280e-01 -1.4183e+01 -1.5930e+01  9.9643e+00  2.3542e+01  1.0000e+00
-8.8411e-01 -1.8671e-01  6.2856e-01  5.2815e+00  9.3563e+00  1.3073e+00  1.0823e+01  1.0000e+00
 2.3860e+00 -1.3831e+00  1.2067e+00  4.6510e+00 -1.1169e+00 -4.5430e+00  6.5968e+00  1.0000e+00
-2.0152e-01  1.7200e-01 -3.2635e-02 -2.4089e+00 -1.2409e+01 -9.2491e-01  1.2675e+01  1.0000e+00
-5.7854e-01  1.1055e+00 -2.7751e-01  2.7505e+00  9.0655e-01  8.8988e-01  3.0297e+00  1.0000e+00
-1.3938e+01  1.5928e+01 -9.7805e+00 -4.2025e+01  4.4305e+01 -2.6697e+01  6.6646e+01  1.0000e+00
 9.7956e-03  2.5325e-01 -1.4862e+00  1.5788e+00  1.3138e+00 -7.7179e+00  7.9865e+00  1.0000e+00
 2.4216e+00  1.2656e+00 -8.2336e-01  3.2046e-01  6.4599e+00 -9.8063e-01  6.5418e+00  1.0000e+00
-9.3293e-01  2.4787e-01 -4.3761e-01 -2.5192e+01 -1.3462e+01 -2.5041e+01  3.7985e+01  1.0000e+00
-1.4539e-01  6.4895e-01 -1.6877e-02  4.4602e+00  1.0618e+01 -3.7939e+00  1.2126e+01  1.0000e+00
-2.7557e-01 -7.7460e+00 -4.1124e+00 -6.4708e-01 -2.2560e+01 -1.2787e+01  2.5940e+01  1.0000e+00
-1.8590e-01  5.1605e-01  5.0741e-01  7.3874e+00  1.1006e+01 -1.0657e+01  1.7008e+01  1.0000e+00
 4.5372e+00 -6.7060e+00 -6.3169e+00  1.3036e+01 -2.1083e+01 -1.9462e+01  3.1514e+01  1.0000e+00
-3.7190e-01  5.4929e-01  2.1980e-01  2.0565e+01 -8.9105e+00  2.9419e+00  2.2604e+01  1.0000e+00
-7.2957e-02  3.8274e-01  2.8439e-01  7.3890e+00 -1.9397e+00  4.3819e-01  7.6520e+00  1.0000e+00
 2.5385e-01  5.3081e+00  2.3821e+00  2.7982e+00  1.3840e+01  4.9613e+00  1.4966e+01  1.0000e+00
 2.2069e+00 -4.7016e+00  7.3464e+00  7.0501e+00 -1.4022e+01  2.2093e+01  2.7100e+01  1.0000e+00
-1.8101e-01  6.7694e-01  2.4567e-01  1.0951e+01  1.9139e+01 -1.0438e+01  2.4396e+01  1.0000e+00
-1.0641e+00  1.0488e+00 -1.2553e-01 -4.7209e+01  2.5843e+01 -1.1359e+01  5.5005e+01  1.0000e+00
-1.5259e-01  4.4137e-01  2.1402e-01  1.1795e+01  1.3804e+01  1.5585e+00  1.8223e+01  1.0000e+00
-3.3396e-01  5.3633e-01  8.4988e-02 -2.8376e+01  4.7937e+00 -1.1763e+01  3.1089e+01  1.0000e+00
-5.7366e+00 -1.9170e+00  3.6914e+00 -1.6532e+01 -5.3321e+00  9.0161e+00  1.9571e+01  1.0000e+00
-2.8955e-01  6.4838e-01  3.1844e-01 -3.4711e+00 -1.0530e+01  2.9430e+01  3.1449e+01  1.0000e+00
-8.6766e-02  6.6203e-01  5.5266e-01 -8.6849e+00 -8.4761e+00  9.7696e+00  1.5579e+01  1.0000e+00
 8.3534e+00 -1.0841e+01 -8.3457e-01  2.7108e+01 -3.4428e+01 -2.8154e+00  4.3909e+01  1.0000e+00
-7.7860e-02  9.3175e-01 -1.4144e-01  1.7823e+00  1.7683e+01 -5.1229e+00  1.8496e+01  1.0000e+00
-1.9061e+00  7.1958e-01  1.0416e+00  5.4178e+00  5.1614e+00 -5.6839e+00  9.3968e+00  1.0000e+00
-5.2027e-01  5.5239e-01  1.8287e-01  3.9982e+00 -9.0550e+00  1.0360e+01  1.4328e+01  1.0000e+00
-3.2964e-01  4.1838e-01  6.2741e-02  1.3719e+00  5.8857e+00 -1.3999e+01  1.5248e+01  1.0000e+00
 1.9369e+00 -1.2396e+00  3.1140e-01 -7.5114e-01 -8.7461e-02  1.0458e-01  7.6341e-01  1.0000e+00
-2.2099e-01  5.3811e-01 -1.6874e-01  9.2019e+00  5.7475e+00  1.2316e+00  1.0919e+01  1.0000e+00
-4.4909e-01  6.2894e-01  5.9040e-02 -7.5778e+00  2.4995e+01 -2.2000e+01  3.4149e+01  1.0000e+00
-2.9900e+00 -1.2193e+00 -7.8764e-01 -1.0041e+01 -3.3442e+00 -1.7832e+00  1.0732e+01  1.0000e+00
-6.0126e-02  7.4775e-01  3.5082e-01  1.0913e+00  2.8804e+00  4.9247e+00  5.8086e+00  1.0000e+00
-2.1697e-01  4.6593e-01  7.2052e-02 -2.2289e+01  1.3451e+01 -2.4851e+00  2.6151e+01  1.0000e+00
-2.0601e-01  4.2022e-01  1.7995e-01  1.7639e+01  1.0354e+01 -1.2800e+01  2.4128e+01  1.0000e+00
-1.6774e-01  3.8639e-01  1.9587e-01 -1.0414e+01 -4.3701e+00  4.0842e+00  1.2009e+01  1.0000e+00
-2.5696e-01  4.2884e-01  2.0182e-02 -1.7057e+01  2.9869e+00  2.1418e+00  1.7449e+01  1.0000e+00
-1.4246e-01  2.7392e-01 -1.6085e-01 -1.4236e+01 -5.7827e+00 -1.1654e+01  1.9285e+01  1.0000e+00
 4.8709e-02  2.0348e-01  2.0548e-01  4.6801e+00 -2.1402e+01 -5.3972e+00  2.2563e+01  1.0000e+00
-4.0470e-01  6.5669e-01  2.8083e-01  5.1011e+00 -2.3204e+01 -1.2888e+00  2.3793e+01  1.0000e+00
-6.4448e+00  5.4395e+00  2.3602e+00 -8.1575e+01  6.5390e+01  3.0836e+01  1.0900e+02  1.0000e+00
 9.0153e-01  5.6862e-01 -4.6259e-01 -7.1926e+00  7.8106e+00 -3.5239e+00  1.1187e+01  1.0000e+00
 2.7374e-01  7.0131e-01  4.7179e-02  9.4948e+00  1.1481e+01  3.4038e+00  1.5283e+01  1.0000e+00
-3.3861e+01  1.4032e+00  3.0198e+01 -2.4181e+02  7.3671e+00  2.1773e+02  3.2547e+02  1.0000e+00
-4.2410e-01  5.4842e-01  2.1268e-01 -8.3064e+00 -6.8514e+00 -2.6603e+00  1.1091e+01  1.0000e+00
 1.7280e-01  1.6362e+00 -2.5804e-01 -5.5242e+00 -9.6798e+00  9.5571e-02  1.1146e+01  1.0000e+00
-2.2057e-01  8.2234e-01  2.5076e-01 -9.4984e+00 -9.4035e-02  9.2913e+00  1.3288e+01  1.0000e+00
-1.8566e+00  2.8805e+00  7.2658e+00 -4.5373e+00  6.4757e+00  1.6865e+01  1.8626e+01  1.0000e+00
 4.0910e+00  1.2833e+00  7.7512e-01  6.8472e+00  3.6576e+00  2.3565e+00  8.1127e+00  1.0000e+00
 5.0515e+00 -2.7976e+00 -4.3746e+00  1.4021e+01 -8.5626e+00 -1.1925e+01  2.0300e+01  1.0000e+00
-2.7495e-01  5.9929e-01  5.0956e-02 -2.8898e+01  6.4820e+00  5.6971e+00  3.0159e+01  1.0000e+00
 6.6253e+00 -6.8211e+00 -1.0138e+01  2.1513e+01 -2.1634e+01 -3.1872e+01  4.4121e+01  1.0000e+00
-4.0602e-01  6.3161e-01  1.1499e-02 -2.9969e+00 -5.2349e+00 -7.4835e-01  6.0783e+00  1.0000e+00
-1.8291e-01  6.7927e-01  3.6175e-01  5.6951e+00 -3.6710e+00 -1.6053e+00  6.9633e+00  1.0000e+00
-2.2592e-01  5.9186e-01  3.4403e-01 -2.0147e+00 -8.4242e+00 -1.3942e+00  8.7732e+00  1.0000e+00
-3.4683e-01  2.9031e-01 -1.4416e-01 -2.7992e+01 -4.7233e+01 -4.3839e+01  7.0259e+01  1.0000e+00
-2.3572e-01  2.1893e-01  2.8502e-01  2.2449e+00  4.2581e+00 -1.9764e+00  5.2035e+00  1.0000e+00
-4.0263e-02  6.0329e-01  3.8239e-01 -2.5295e+01 -1.4831e+01  1.4718e+01  3.2809e+01  1.0000e+00
-1.7266e-01  6.7265e-01 -3.4160e-02 -6.4726e+00  1.3055e+01  2.0814e+01  2.5407e+01  1.0000e+00
-9.2696e-02  8.3538e-01 -2.6002e-01  5.2471e+00 -8.3583e+00  2.5129e+00  1.0184e+01  1.0000e+00
-1.6661e+00  1.2010e+00  1.3022e+00 -1.8706e+00 -3.4682e-01  3.9360e+00  4.3717e+00  1.0000e+00
-1.2569e-01  7.7536e-01  3.3542e-01 -9.3196e+00 -3.9822e+00 -7.1954e+00  1.2429e+01  1.0000e+00
-1.9490e+00  2.5948e+00  7.6913e+00 -4.7487e+00  8.0846e+00  2.2464e+01  2.4342e+01  1.0000e+00
-9.9525e-01  1.3691e-02 -9.7732e-01 -4.5565e+00 -6.6569e+00  4.1450e+00  9.0696e+00  1.0000e+00
-9.6756e-02  4.9228e-01  2.1132e-01 -7.3483e+00 -4.9577e+00 -1.6756e+00  9.0213e+00  1.0000e+00
-1.6281e-01  5.7266e-01  1.8808e-01 -4.0641e+00  3.1221e+01  6.6185e-01  3.1491e+01  1.0000e+00
-8.9630e-01  2.1381e+00  2.0833e+00  3.6403e+00  2.2567e+00  7.1821e-01  4.3428e+00  1.0000e+00
 5.2719e+00 -1.3218e+01  2.3062e+01  1.5624e+01 -3.9439e+01  7.0960e+01  8.2673e+01  1.0000e+00
 9.7542e+00  1.8772e+00  9.1201e+00  3.1025e+01  5.8770e+00  2.9459e+01  4.3185e+01  1.0000e+00
 1.0624e+00 -6.0678e-02 -1.5355e-02 -8.1570e+00  9.2046e+00  5.6287e+00  1.3526e+01  1.0000e+00
 1.2076e-01  4.4908e-01  1.7493e-01 -9.4619e+00 -1.1855e+01 -3.6117e+00  1.5592e+01  1.0000e+00
-2.4087e-01  6.2223e-01  2.5339e-01 -2.3948e+01 -6.4902e+00  1.3652e+01  2.8320e+01  1.0000e+00
-2.6060e+00  1.6033e+00  1.0338e+01 -8.1739e+00  5.6285e+00  3.2239e+01  3.3732e+01  1.0000e+00
-6.9546e+00 -1.7658e+00 -6.7994e+00 -2.0869e+01 -2.6210e+00 -1.9355e+01  2.8584e+01  1.0000e+00
-6.5656e-02  1.5365e+00 -1.1357e-01 -5.6117e+00 -9.2822e+00  1.2801e+01  1.6778e+01  1.0000e+00
-3.3568e+00 -5.2484e+00 -5.8619e-01 -1.2668e+01 -2.3053e+01 -1.3785e+00  2.6341e+01  1.0000e+00
-9.4021e-01  1.2849e-01  3.9252e-01 -1.2439e+01 -1.2884e+01  5.2749e+00  1.8669e+01  1.0000e+00
-2.1057e-02  6.2647e-01  1.0803e-01 -1.5074e+01  7.3288e+00 -9.9815e+00  1.9508e+01  1.0000e+00
-7.7652e-01 -2.7573e-01 -4.4319e-02 -1.2580e+01 -1.2020e+01 -1.9279e+00  1.7505e+01  1.0000e+00
-3.0823e-01  7.4909e-01  2.6583e-01  5.3086e+00  3.1003e+00  1.1042e+01  1.2638e+01  1.0000e+00
 1.8397e-01  7.7318e-01  2.8058e-01 -1.3793e+01  5.7534e+00  8.9863e-01  1.4972e+01  1.0000e+00
-3.5706e+00  1.1145e+01 -1.4747e+00 -1.0956e+01  3.4960e+01 -4.3832e+00  3.6897e+01  1.0000e+00
 2.8278e+00  2.2068e-01  2.2162e+00  5.2069e+00  4.1269e+00  7.8964e+00  1.0320e+01  1.0000e+00
-6.8566e+00 -3.4968e-01 -1.7255e+00 -1.9044e+01  3.0670e-01 -5.0982e+00  1.9717e+01  1.0000e+00
-1.9833e-01  8.0477e-01 -6.3668e-01  8.0168e+00  6.5626e+00 -2.0978e+01  2.3397e+01  1.0000e+00
-5.6043e+00 -2.3566e+00  3.7525e+00 -1.4716e+01 -5.7085e+00  1.0972e+01  1.9223e+01  1.0000e+00
 3.2782e-02  4.4352e-01  5.4538e-01  2.2419e+00 -7.2914e-01  1.7826e+00  2.9556e+00  1.0000e+00
 1.2966e+01  4.6265e+00  1.1057e+00  4.1153e+01  1.5047e+01  3.3831e+00  4.3948e+01  1.0000e+00
 4.8171e+00  6.8514e+00  7.5595e-01  1.4746e+01  2.0082e+01  3.1596e+00  2.5114e+01  1.0000e+00
-1.0105e+01 -6.2151e+00 -3.7899e+00 -3.2725e+01 -1.9532e+01 -1.2706e+01  4.0173e+01  1.0000e+00
-3.9704e-01 -1.1777e+00 -7.5040e-01 -5.2651e+00  2.0592e+00  4.5920e+00  7.2834e+00  1.0000e+00
-1.0067e+01 -3.4308e-01 -2.6157e+00 -3.1383e+01 -4.2746e-01 -8.2829e+00  3.2461e+01  1.0000e+00
-3.4391e-01  8.0725e-01  1.0464e+00  1.4675e+00  1.6671e+00  4.5109e+00  5.0281e+00  1.0000e+00
-8.0204e-02  1.4499e+00 -2.4219e-01 -7.0879e+00 -1.1533e+01  8.6830e+00  1.6082e+01  1.0000e+00
-2.2187e+00  8.2087e+00 -3.3142e+00 -6.1446e+00  2.5174e+01 -9.1330e+00  2.7475e+01  1.0000e+00
 9.1764e+00  7.6806e+00 -5.8263e+00  4.7421e+01  3.8383e+01 -2.9616e+01  6.7816e+01  1.0000e+00
-1.3493e-01  1.4063e+00  1.3754e-01  5.8556e+00 -4.9723e+00 -4.9887e+00  9.1596e+00  1.0000e+00
-1.2210e+00 -1.2865e-01 -2.7419e+00 -2.7284e-01  2.6180e+00 -3.2038e+00  4.1464e+00  1.0000e+00
 1.5847e-01  5.8006e-01  4.3169e-01 -1.1460e+01 -9.5477e+00 -5.9770e+00  1.6069e+01  1.0000e+00
 2.3278e+00 -2.2381e+00 -1.2766e+00  6.1965e+00 -4.4202e+00  2.7464e+00  8.0918e+00  1.0000e+00
-3.6237e-01  1.1892e+00 -1.2322e-01 -2.7996e-02 -1.3508e+01  1.2360e+01  1.8310e+01  1.0000e+00
-1.8388e-01  4.1069e-01  5.3524e-02 -2.7363e+01 -1.9729e+01  1.0623e+01  3.5367e+01  1.0000e+00
-7.5579e+00 -3.7686e+00 -1.3182e+01 -2.4982e+01 -1.2686e+01 -4.4145e+01  5.2286e+01  1.0000e+00
-1.3666e+01 -4.6740e+00 -4.2758e-01 -4.4138e+01 -1.4354e+01 -1.5401e+00  4.6439e+01  1.0000e+00
 1.6171e+00 -2.1896e+00 -2.8295e+00  5.4023e+00 -2.3782e+00 -5.6982e+00  8.2043e+00  1.0000e+00
 1.3903e+01  2.2893e+00 -1.4038e+00  4.4364e+01  7.9901e+00 -4.7624e+00  4.5328e+01  1.0000e+00
-5.0242e-02  7.4208e-01 -1.2497e-02  1.3720e+01 -6.5955e+00 -7.3463e+00  1.6903e+01  1.0000e+00
-2.7150e-01  5.5621e-01 -2.4197e-02  1.6935e+01 -1.0135e+00  1.0751e+01  2.0085e+01  1.0000e+00
-2.0649e-01  6.1418e-01 -5.9153e-02 -1.4850e+01 -3.8705e+00  1.9466e+01  2.4788e+01  1.0000e+00
 1.7378e-01  1.1183e-01  3.3189e-01  1.9033e+01 -1.0606e+01  4.1179e+00  2.2174e+01  1.0000e+00
-1.2429e-01  6.1125e-01  1.2546e-01 -6.7767e+00  7.6575e-01  1.8864e+00  7.0759e+00  1.0000e+00
 6.0726e-01  3.4560e-01 -3.6291e-01  3.1263e+00 -5.0178e+00 -1.2583e+00  6.0445e+00  1.0000e+00
-7.0490e-02  5.6592e-01 -1.3450e-01 -3.2687e+00  7.8456e+00 -6.3209e+00  1.0592e+01  1.0000e+00
-5.9452e+00  5.1122e+00 -1.0566e+00 -1.7036e+01  1.4364e+01 -2.3649e+00  2.2409e+01  1.0000e+00
-7.2149e-02  6.4547e-01  2.8189e-01  2.1820e+01  6.3517e+00 -1.2583e+01  2.5977e+01  1.0000e+00
-6.3345e+00 -1.8743e+00  1.1495e-02 -1.6655e+01 -5.1380e+00 -4.3594e-01  1.7435e+01  1.0000e+00
-3.5650e-01  2.4216e-02  3.8385e-01  7.6378e+00  1.8217e+01  1.5819e+00  1.9817e+01  1.0000e+00
-2.8701e-02  4.9184e-01  4.8573e-01 -1.2512e+01  1.9495e+01 -9.2851e+00  2.4956e+01  1.0000e+00
-1.5423e-01  7.4428e-01 -6.3729e-02  1.6450e+01 -8.4925e+00 -2.5531e+00  1.8688e+01  1.0000e+00
 1.4059e-02  3.7801e-01  1.1458e-01  4.6689e+00  3.6746e+00 -1.4038e+01  1.5243e+01  1.0000e+00
 4.4390e+00 -1.1046e+01 -5.3117e+00  1.4185e+01 -3.4704e+01 -1.6759e+01  4.1066e+01  1.0000e+00
-9.9527e+00 -1.8865e+00  8.9680e+00 -3.1844e+01 -5.3757e+00  2.8672e+01  4.3186e+01  1.0000e+00
-1.5767e-01  7.4773e-02  1.6676e-01 -3.7636e+00 -1.3957e+01 -5.4053e+00  1.5434e+01  1.0000e+00
-1.7432e+00 -1.1884e+00 -3.0855e+00 -3.5391e+00 -5.6663e-01 -4.0154e+00  5.3824e+00  1.0000e+00
 2.1017e+00 -1.3302e+00  8.2360e-01 -3.1800e-01  1.7470e+00  3.1397e+00  3.6070e+00  1.0000e+00
 8.4201e-02  5.7442e-01  6.1085e-02  5.8714e+00 -8.3982e+00 -2.0060e+01  2.2526e+01  1.0000e+00
-1.0612e+00 -8.8632e+00 -6.1946e+00 -2.7470e+00 -2.8363e+01 -2.0146e+01  3.4898e+01  1.0000e+00
-1.8802e+00  3.2831e+00 -2.8194e+00 -4.1082e+00  6.8644e+00 -4.3278e+00  9.0954e+00  1.0000e+00
-1.1619e+00  4.0653e-01  2.7225e-01 -9.1207e+00 -8.2742e-01  2.9351e+00  9.6170e+00  1.0000e+00
-6.9363e-01  3.9177e-01  1.9778e-01  1.1780e+01  8.7158e+00 -1.6908e+00  1.4751e+01  1.0000e+00
-1.6079e-01  8.7939e-01  1.2440e-01  1.6784e+01  2.8160e+01 -4.0893e+00  3.3036e+01  1.0000e+00
-1.9108e+00  8.5850e+00 -3.6812e+00 -5.6323e+00  2.5264e+01 -1.0494e+01  2.7930e+01  1.0000e+00
 2.3018e-01  6.4322e-01 -1.7235e-01 -2.2441e+01 -2.7218e-01  1.3291e+01  2.6083e+01  1.0000e+00
 2.0347e-03  1.4621e+00  1.1080e+01  1.8528e+00  5.2051e+00  2.8983e+01  2.9505e+01  1.0000e+00
-3.2021e-01 -1.3082e-01  1.7472e-01  1.2601e+00  2.3130e+01  3.0144e+00  2.3360e+01  1.0000e+00
-2.6547e-02  5.3576e-01  1.0638e-01  5.4408e+00 -4.0558e+00  1.0213e+01  1.2262e+01  1.0000e+00
-4.2534e-01  2.4940e-01 -3.1147e-02  2.7035e+00  8.1057e-01  1.9838e+00  3.4498e+00  1.0000e+00
-7.9329e-02  6.8613e-01 -7.1572e-02  2.2780e+00 -2.2456e+01  1.5157e+01  2.7189e+01  1.0000e+00
 3.1622e+00  6.5677e+00  3.6141e+00  9.6753e+00  1.9589e+01  1.0189e+01  2.4108e+01  1.0000e+00
-8.3823e-02  6.3757e-01  6.7933e-03  3.9056e+00 -7.2184e+00 -5.7871e+00  1.0042e+01  1.0000e+00
-5.6068e-01  2.0547e+00  1.4013e-01 -6.6110e-01 -3.5570e+00 -1.4534e+00  3.8989e+00  1.0000e+00
 6.2790e-02  4.2725e-01 -3.3869e-01  9.6875e+00  3.3779e+00 -1.2067e+01  1.5839e+01  1.0000e+00
-3.7419e-02  3.0278e-01  2.7424e-01 -8.2410e+00  1.1895e+01 -1.7182e+01  2.2463e+01  1.0000e+00
-5.1136e-02  2.8978e-01  1.1686e-01  4.7867e+00 -1.0912e+01 -4.7999e+00  1.2846e+01  1.0000e+00
-1.9323e-01  4.7320e-01  2.8139e-01 -1.2578e-01 -6.5491e+00  1.0085e+01  1.2026e+01  1.0000e+00
 5.3558e+00 -3.9831e+00 -7.5345e-01  1.4577e+01 -1.0484e+01 -1.4698e+00  1.8016e+01  1.0000e+00
-1.9524e-01  4.2747e-01  1.1163e-01 -1.7108e+01  2.1473e+00 -2.6913e+01  3.1963e+01  1.0000e+00
 9.7784e+00 -1.7453e+01  1.1070e+01  2.5296e+01 -5.0470e+01  3.2519e+01  6.5151e+01  1.0000e+00
 1.4698e-01 -1.2560e+00 -6.3857e-01 -1.0835e+00  4.5864e-01  1.0307e+01  1.0374e+01  1.0000e+00
 9.5874e-01 -4.6726e+00 -1.3282e+01  2.7678e+00 -1.4707e+01 -4.2254e+01  4.4826e+01  1.0000e+00
-3.4587e+00 -5.2994e+00 -9.0733e+00 -1.1876e+01 -1.6454e+01 -2.8425e+01  3.4925e+01  1.0000e+00
-7.1037e-01 -9.7066e+00  1.0553e+00 -1.8741e+00 -3.0154e+01  3.2433e+00  3.0385e+01  1.0000e+00
-1.3126e+01 -6.7333e+00 -3.4608e+00 -4.2739e+01 -2.1287e+01 -1.1075e+01  4.9015e+01  1.0000e+00
-1.7590e-01  5.7035e-01  4.9155e-01 -5.4855e+00 -1.5805e+01  1.1639e+01  2.0381e+01  1.0000e+00
-1.0673e+01 -2.6441e+00 -2.0409e+00 -3.3946e+01 -8.3176e+00 -6.1900e+00  3.5494e+01  1.0000e+00
 1.9534e-01  5.3525e-01  9.7116e-01 -1.2316e+01  5.1823e+00 -1.0171e+01  1.6792e+01  1.0000e+00
-4.1916e-01  3.1911e-01  5.9339e-02 -2.0464e+00  2.1766e+01  1.4097e+01  2.6013e+01  1.0000e+00
-1.7394e+00 -1.2377e-01 -5.0968e+00 -5.4157e+00  6.1384e-01 -1.8280e+01  1.9075e+01  1.0000e+00
 9.6272e-01  8.3892e-01  7.2532e-02 -1.1383e+01  5.4234e+00 -7.2955e+00  1.4567e+01  1.0000e+00
-1.7135e-01  6.1470e-01  1.1062e-01  2.7073e+01  4.6804e+00  2.3366e+00  2.7574e+01  1.0000e+00
