# limit = 10.9486
#
# x           y           z           vx          vy          vz          s           m
 3.9691e-01 -2.0209e+00 -8.9844e-01 -2.9610e+00  3.6661e-01  4.3109e+00  5.2427e+00  1.0000e+00
 8.5776e-02  5.0002e-01 -6.0361e-02 -4.4303e+00 -7.9750e-01  8.9964e+00  1.0060e+01  1.0000e+00
 1.1304e+01  3.6967e-01  2.2102e+00  3.4622e+01  1.8661e+00  6.8087e+00  3.5335e+01  1.0000e+00
-2.1034e-01  8.0075e-01  2.0005e-01  1.2084e+01  7.8076e-01 -8.1002e+00  1.4568e+01  1.0000e+00
-9.4487e+00  3.6286e+00  5.7606e+00 -2.9713e+01  1.1019e+01  1.7550e+01  3.6226e+01  1.0000e+00
 4.0542e+00 -1.4027e+00  1.1735e+01  1.3034e+01 -3.7632e+00  3.6625e+01  3.9057e+01  1.0000e+00
 7.4321e-01 -9.5779e+00 -6.7068e+00  1.6525e+00 -2.9859e+01 -2.0357e+01  3.6176e+01  1.0000e+00
-4.6316e-01  1.4104e+00  7.8266e-01  2.5581e+00 -9.9256e+00 -5.9418e+00  1.1848e+01  1.0000e+00
-1.5289e+01  1.1095e+01  3.3971e+01 -4.5556e+01  3.3390e+01  1.0466e+02  1.1893e+02  1.0000e+00
 8.9637e+00 -4.5531e+00  2.1415e-01  1.1473e+02 -6.2144e+01  3.0564e+00  1.3052e+02  1.0000e+00
 2.4548e+00  2.9115e+00  2.0269e+00  3.2303e+00  5.6089e+00  2.9837e+00  7.1272e+00  1.0000e+00
 1.3040e-01  6.9815e-01  2.2954e-01 -1.4929e+01  4.6693e+00  1.0998e+01  1.9121e+01  1.0000e+00
 5.9201e-02  2.7860e-01  4.3959e-01 -1.7355e+01  2.2121e+00 -2.3259e+01  2.9105e+01  1.0000e+00
 3.3274e+00  5.9077e-01 -7.7571e-01  9.8322e+00  3.2234e+00 -7.8184e-01  1.0377e+01  1.0000e+00
-5.8230e-01  4.4734e-01 -3.9087e-02 -5.9414e+00  6.4419e+00  4.6568e-01  8.7759e+00  1.0000e+00
-4.3144e+00 -5.6355e-01 -3.6251e+00 -1.1787e+01 -2.5416e+00 -7.6333e+00  1.4271e+01  1.0000e+00
 6.8642e+00 -7.1525e+00 -8.1301e+00  2.1298e+01 -2.2309e+01 -2.5754e+01  4.0181e+01  1.0000e+00
-2.1515e-01  6.2719e-01  3.6518e-01 -2.4488e+00 -6.0628e+00  2.1653e+01  2.2619e+01  1.0000e+00
 3.7687e-02  6.4568e-01  4.3647e-01 -1.9913e+00 -1.9674e+00 -2.6311e+00  3.8416e+00  1.0000e+00
 2.3795e+01  1.9598e+01 -8.5939e+00  7.3484e+01  5.8938e+01 -2.5225e+01  9.7519e+01  1.0000e+00
 6.3072e-02  1.0087e+00  4.7434e-01  1.9675e+00  1.0224e+01 -5.4880e-01  1.0426e+01  1.0000e+00
-2.8945e-02  4.5793e-01  2.9932e-01  1.1497e+00 -1.3726e+01  1.9682e+01  2.4023e+01  1.0000e+00
-9.3823e-01 -4.8402e-01  1.7622e+00 -1.0131e+01 -1.4560e+01  1.9840e+01  2.6614e+01  1.0000e+00
-5.0892e+00  9.5204e+00 -9.7243e+00 -1.6038e+01  3.0739e+01 -3.0726e+01  4.6327e+01  1.0000e+00
-3.1550e-01  1.0996e+01 -4.9011e+00 -1.2158e+00  3.4262e+01 -1.5074e+01  3.7451e+01  1.0000e+00
-2.6415e+00  1.2764e+00 -4.7508e+00 -8.9641e+00  5.8054e+00 -1.1890e+01  1.5982e+01  1.0000e+00
 3.7028e+00 -8.6267e+00  1.7272e+00  1.0328e+01 -2.6899e+01  4.9042e+00  2.9228e+01  1.0000e+00
 2.1786e+01 -5.6419e+00 -2.1007e+01  7.5298e+01 -1.9849e+01 -7.2666e+01  1.0651e+02  1.0000e+00
 6.2873e-01 -1.3118e+01 -1.7309e+01  2.1818e+00 -4.2262e+01 -5.5727e+01  6.9974e+01  1.0000e+00
-9.4103e-02  5.2211e-01  5.0301e-02 -9.4515e+00 -2.7791e+00 -1.1863e+01  1.5420e+01  1.0000e+00
-1.6030e-01  5.0402e-01  3.3059e-01  1.1482e+01 -2.1273e+00  8.8305e-01  1.1710e+01  1.0000e+00
-3.0136e-01  3.4852e-01  4.4517e-01  3.1562e+00  8.2226e+00  8.9233e+00  1.2538e+01  1.0000e+00
-2.2098e-01  7.4865e-01  1.1222e-01  1.2127e+01 -1.4803e+01 -1.8254e+01  2.6447e+01  1.0000e+00
-5.8248e-01  8.8872e-01  4.3562e-01 -8.9137e+00  1.3304e+01 -7.7161e+00  1.7776e+01  1.0000e+00
 1.8049e-01  6.3988e-01  8.6923e-03  1.5019e+01  4.7043e+00 -7.3492e-01  1.5756e+01  1.0000e+00
 2.4131e-01  8.4793e-01  1.7499e-01  3.4479e+00 -5.6200e+00 -1.3317e+01  1.4860e+01  1.0000e+00
-6.4806e-01  1.3004e+00 -1.5942e-01 -1.8311e+00  1.7638e+01 -1.1689e+01  2.1239e+01  1.0000e+00
-9.2014e+00  1.7617e+01 -2.2444e+01 -2.8557e+01  5.4730e+01 -6.8009e+01  9.1848e+01  1.0000e+00
-2.0141e-01  5.4487e-01  4.7551e-02  1.6474e+01  1.0434e+01  3.1414e+01  3.6975e+01  1.0000e+00
 6.8956e+00 -1.6111e+00  5.7642e+00  2.0119e+01 -4.2331e+00  1.7030e+01  2.6697e+01  1.0000e+00
 4.2427e+00  3.8322e+00  2.6213e-01  1.0045e+01  9.5685e+00  2.1365e+00  1.4036e+01  1.0000e+00
 1.5825e+00  5.5319e-01  1.7382e-01  1.2686e+01  1.7190e+00 -3.6718e+00  1.3318e+01  1.0000e+00
-5.0627e-01  6.0060e-01  9.6031e-02 -8.0927e+00  1.1092e+01 -1.2561e+01  1.8609e+01  1.0000e+00
 1.3050e+00 -3.9713e+00  1.2715e+01  4.3221e+00 -1.2143e+01  4.0020e+01  4.2044e+01  1.0000e+00
 1.2199e+01  5.9303e+00  9.4905e-01  3.9101e+01  1.8836e+01  3.1689e+00  4.3517e+01  1.0000e+00
 6.6919e-01 -8.1079e+00  1.2439e+00  3.2481e+00 -2.4425e+01  4.3677e+00  2.5024e+01  1.0000e+00
-2.5506e-01  6.5823e-01  1.5244e-01  1.0553e+00  2.1045e+00 -1.1897e+01  1.2128e+01  1.0000e+00
 2.1634e+00 -2.1170e+00 -4.4432e-01  3.8059e+00  5.2784e-02  1.2046e+00  3.9924e+00  1.0000e+00
 5.9807e+00 -2.2961e+00  2.5896e+00  1.5773e+01 -6.2880e+00  7.3055e+00  1.8485e+01  1.0000e+00
 1.5111e-01  5.5938e-01 -2.4432e-01 -2.3812e+00  3.5077e+00 -2.0892e+01  2.1318e+01  1.0000e+00
 1.7415e-01  2.1855e-01 -4.3231e-01 -7.1862e-01  2.8201e+00  5.1492e+00  5.9146e+00  1.0000e+00
 3.3955e-02  2.2774e-01  3.2815e-01  8.1935e+00 -5.8625e+00 -1.8537e+00  1.0244e+01  1.0000e+00
-2.0344e+00 -3.1906e+00  3.1366e+00 -4.1905e+00 -6.8793e+00  6.9924e+00  1.0667e+01  1.0000e+00
 1.6571e-02  4.1353e-01  1.0306e-01  1.9164e+01 -3.2113e+00 -1.5285e+00  1.9492e+01  1.0000e+00
 1.2918e-01  6.9202e-01  9.6819e-03 -1.9514e+00  1.5948e+01 -2.9981e+00  1.6344e+01  1.0000e+00
 7.6836e-02  6.6488e-01 -4.9426e-02 -1.6971e+01  5.8003e+00 -1.2080e+01  2.1624e+01  1.0000e+00
-5.8238e-02  4.6067e-01  9.6452e-02 -1.0217e+01 -2.1010e+01 -6.1674e+00  2.4162e+01  1.0000e+00
-1.5025e-01  3.7545e-01  1.7653e-02 -3.3976e+00 -7.4948e+00  1.0020e+01  1.2966e+01  1.0000e+00
-4.4877e-01  6.9031e-01  5.4972e-03  1.5823e+01 -1.2825e+01 -2.3142e+00  2.0499e+01  1.0000e+00
 3.2030e+00 -1.6236e+00  9.2293e+00  9.2003e+00 -5.4796e+00  2.8362e+01  3.0317e+01  1.0000e+00
-3.8512e-01  4.5737e-01 -9.4873e-02  1.4155e+00  6.4349e+00  2.0741e+00  6.9075e+00  1.0000e+00
-8.9131e-01 -6.2063e-01  7.0230e-01 -1.0734e+01 -2.1112e+01  8.3050e+00  2.5098e+01  1.0000e+00
 5.3134e+00  4.6380e-01 -2.5847e+00  1.9497e+01  2.0593e+00 -9.3752e+00  2.1732e+01  1.0000e+00
-2.2412e-01  7.4649e-01 -3.7661e-01  4.2273e+00 -8.8973e+00 -6.5502e-02  9.8507e+00  1.0000e+00
 1.9181e+00 -6.7408e-01  7.0367e-01 -3.5574e+00  2.4795e-01 -4.1202e-01  3.5897e+00  1.0000e+00
 5.8424e-02  8.1440e-02  5.3670e-01  1.3926e+01 -6.5479e+00  2.3559e+00  1.5568e+01  1.0000e+00
-9.7378e-02  6.5699e-01  4.9237e-02  7.8584e+00 -1.4394e+01 -4.4295e+00  1.6987e+01  1.0000e+00
-2.5626e-01  8.2466e-01  1.7584e-01  4.3973e+00 -1.2312e+01  1.1685e+01  1.7534e+01  1.0000e+00
-4.3688e-01  5.6796e-01  3.3642e-01  1.2909e+01  1.2752e+01  1.0351e+01  2.0890e+01  1.0000e+00
-6.6329e-01  1.5951e+00  5.1053e-01  6.5289e-02  9.9258e-01  1.8473e+00  2.0981e+00  1.0000e+00
 1.0994e+01  1.3072e+00  2.0389e+00  3.4365e+01  3.6189e+00  6.1199e+00  3.5093e+01  1.0000e+00
-1.5867e-01  7.8736e-01  2.0608e-01  4.5574e-01 -1.2332e+00 -3.9728e+00  4.1847e+00  1.0000e+00
 5.8324e-01  3.3912e-01  9.5424e-02  1.3179e+00  6.5292e+00 -2.2938e+00  7.0448e+00  1.0000e+00
-1.2150e+00  2.0981e-01 -3.8503e-04 -7.9247e+00 -2.7395e+00 -5.2666e+00  9.9017e+00  1.0000e+00
-5.1391e-01  9.0429e-01 -7.5013e-02 -7.7056e+00 -3.0362e-01  4.3724e+00  8.8649e+00  1.0000e+00
-1.1297e-01  6.3986e-01  1.4393e-01 -1.7782e+00 -3.6399e+00  2.4889e+00  4.7545e+00  1.0000e+00
-3.2113e-01  9.0701e-01  1.3570e-01 -7.9194e+00  9.0594e+00 -1.4843e+01  1.9108e+01  1.0000e+00
-7.2668e-01  1.9237e+00 -2.1722e-01  8.6674e-01 -2.8717e-01 -2.3039e+00  2.4783e+00  1.0000e+00
 1.3049e+01 -6.3534e+00 -1.5318e+00  4.1794e+01 -1.9675e+01 -4.7538e+00  4.6437e+01  1.0000e+00
-7.8338e+00 -4.8985e+00 -3.1062e+00 -2.3965e+01 -1.4323e+01 -8.9463e+00  2.9317e+01  1.0000e+00
-1.0944e-01  4.0283e-01  2.7048e-01 -4.3158e+00  9.0167e-01 -5.6861e+00  7.1952e+00  1.0000e+00
 5.9802e+00  1.5993e+00  3.9650e+00  3.2957e+01  7.1078e+00  2.1068e+01  3.9756e+01  1.0000e+00
 1.2456e+00 -4.8881e-01 -7.0860e-01 -3.5985e+00  3.6822e+00  4.9939e+00  7.1726e+00  1.0000e+00
 3.2166e+00  2.5645e+00  4.0056e+00  7.0142e+00  7.0576e+00  9.4403e+00  1.3716e+01  1.0000e+00
-2.6329e-01  5.2369e-01  3.8085e-02  5.4504e+00  2.0708e+01  9.2869e+00  2.3341e+01  1.0000e+00
-1.8098e-01  4.1060e-01  3.0986e-01  6.7098e+00 -2.1573e+01  1.0645e+01  2.4975e+01  1.0000e+00
-4.4794e-01  7.4716e-01  4.8982e-01  1.2157e+01 -8.8309e+00 -1.5429e+01  2.1537e+01  1.0000e+00
 1.8432e+00 -1.2873e+00  1.9622e+00 -3.7648e-01  6.4564e-02  1.5409e+00  1.5876e+00  1.0000e+00
 3.1062e+01  8.1712e+00 -3.0373e+01  2.2218e+02  5.5313e+01 -2.1506e+02  3.1413e+02  1.0000e+00
-3.8108e-01  6.6695e-01  1.8132e-01 -1.4481e+01 -2.1958e+01  8.1679e-01  2.6316e+01  1.0000e+00
 2.0998e+00 -1.0557e+00  1.8516e+00  1.8137e+00  4.7200e-01  9.8109e-02  1.8767e+00  1.0000e+00
-4.4328e-01  7.8559e-01 -2.0789e-01  5.7816e+00  7.5141e+00  9.2397e+00  1.3239e+01  1.0000e+00
 5.6213e-01  3.0814e-01 -1.0192e-01 -9.4180e+00  8.6928e+00  3.3531e+00  1.3248e+01  1.0000e+00
-5.5168e-01  4.9998e-01 -1.2244e-01 -1.1827e+01 -1.0370e+01 -1.1767e+01  1.9644e+01  1.0000e+00
 1.6103e+00 -5.5322e-01 -1.1789e-01  1.3881e+01 -4.8775e+00 -2.6809e+00  1.4955e+01  1.0000e+00
-2.2045e-01  5.9293e-01  2.7090e-01 -1.9843e+01  7.9382e+00  1.7473e+01  2.7606e+01  1.0000e+00
-6.1800e-02  8.0664e-01  5.5777e-01  1.9403e+01  3.7741e+01  6.7464e+01  7.9701e+01  1.0000e+00
-4.3305e+00 -6.3890e+00 -7.1481e+00 -1.3257e+01 -1.9189e+01 -2.1655e+01  3.1826e+01  1.0000e+00
 1.0021e+00 -2.1316e+00 -9.1944e+00  2.8393e+00 -5.5994e+00 -2.4022e+01  2.4829e+01  1.0000e+00
 3.5420e-01  3.3343e+00 -1.8518e+00  4.6586e+00  5.9105e+00 -2.3671e+00  7.8893e+00  1.0000e+00
 2.4913e-02  5.8568e-01  3.3586e-01  8.5331e+00  3.4039e+00  1.0732e+01  1.4127e+01  1.0000e+00
-5.7106e-01  5.3546e-01  3.6525e-01 -1.0145e+01 -5.3599e+00  3.5442e+00  1.2009e+01  1.0000e+00
 1.7993e+00 -7.6283e-01 -1.6101e-01 -2.3097e+00  4.6190e+00  1.3781e+00  5.3449e+00  1.0000e+00
-1.1089e+00  8.4153e-01  4.3290e-01  4.7749e+00  6.3492e-01 -4.3188e-01  4.8362e+00  1.0000e+00
 1.0912e+01  4.0753e+00 -2.6440e-01  3.3765e+01  1.3388e+01 -9.4499e-01  3.6335e+01  1.0000e+00
-1.0323e-01  6.5756e-01  1.4145e-01 -2.6026e+01  4.0711e+00  2.3244e+00  2.6445e+01  1.0000e+00
 8.1001e+00  4.3485e-01  9.0908e+00  2.5099e+01  1.5541e+00  2.8149e+01  3.7746e+01  1.0000e+00
 1.0219e-01  1.8395e-01 -1.6761e-01  5.4267e-02  7.4626e+00  8.0049e+00  1.0944e+01  1.0000e+00
 4.3692e-01  9.2203e-01 -5.3683e-02  1.1320e+01 -9.7068e+00  4.8434e-01  1.4920e+01  1.0000e+00
-1.3084e+01  2.6953e+00  2.9642e+00 -4.1509e+01  9.0688e+00  9.5492e+00  4.3548e+01  1.0000e+00
-4.8845e-01  7.7814e-01  4.0258e-01  1.2818e+01 -2.5714e+01 -2.7788e+00  2.8866e+01  1.0000e+00
 2.7988e+00 -4.7291e+00  8.3157e+00  8.8106e+00 -1.4668e+01  2.4624e+01  2.9986e+01  1.0000e+00
 3.2152e+00 -3.2775e+00  6.8164e+00  8.9684e+00 -9.5441e+00  1.9885e+01  2.3811e+01  1.0000e+00
 5.5831e+00 -6.6960e+00 -2.5360e+00  1.5522e+01 -1.9732e+01 -7.3732e+00  2.6166e+01  1.0000e+00
 2.9282e+00 -1.6292e+00  6.3653e-01  3.2677e+00 -2.4298e-01  1.3966e+00  3.5620e+00  1.0000e+00
 1.3349e-02  2.6126e-01  6.7870e-01 -3.4324e+00  9.7165e+00  1.0699e+01  1.4855e+01  1.0000e+00
-1.4736e-01  9.4763e-01  8.0946e-01  4.8868e+00  2.7010e+00 -1.2878e+01  1.4036e+01  1.0000e+00
-2.7988e-01  5.1055e-01 -7.5909e-02  1.6337e-01 -8.7653e+00  2.3594e+01  2.5170e+01  1.0000e+00
 7.1844e-02  4.4348e-01  3.3844e-01  4.4498e+00  3.0729e-01  1.7647e+01  1.8202e+01  1.0000e+00
-2.2815e-01  6.2617e-01  2.5467e-01  1.4961e+01 -8.2565e+00 -1.1851e+01  2.0796e+01  1.0000e+00
-3.2433e-01  7.5940e-01  5.1719e-01 -1.7420e+01 -4.1920e-01  4.1702e+00  1.7917e+01  1.0000e+00
-2.2520e-01  9.8346e-01  3.5114e-01 -4.8656e+00  7.0962e+00  4.7240e+00  9.8156e+00  1.0000e+00
-1.7141e+01  7.0675e+00  6.4152e+00 -5.5100e+01  2.3026e+01  2.1258e+01  6.3389e+01  1.0000e+00
-2.2727e-01  5.8641e-01  2.0003e-01  1.9579e+01  1.5582e+01 -7.2493e-01  2.5033e+01  1.0000e+00
 9.0523e-02  1.2999e-01  2.5981e-01  3.1856e+00 -4.5767e+00  8.2374e+00  9.9473e+00  1.0000e+00
-5.5106e-02  6.0191e-01  5.4503e-01 -1.9816e+00  1.2147e+00  5.2242e-01  2.3822e+00  1.0000e+00
 6.4824e+00 -5.6182e+00 -2.3456e+00  1.9812e+01 -1.6504e+01 -6.2607e+00  2.6535e+01  1.0000e+00
 1.1006e-01  3.0086e-01  5.9687e-01  2.2676e+00 -3.7559e+00  4.2815e+00  6.1303e+00  1.0000e+00
 4.3940e+00 -3.8363e+00  9.4762e+00  1.3188e+01 -1.1292e+01  2.9757e+01  3.4452e+01  1.0000e+00
 7.4623e-01  7.1760e-01  1.3486e+00  4.5756e+01  5.6365e+00  4.8643e+01  6.7019e+01  1.0000e+00
-1.5528e+00 -1.8748e+00 -8.0571e+00 -5.3070e+00 -5.0337e+00 -2.3727e+01  2.4829e+01  1.0000e+00
 1.9041e+00 -1.2012e+00  9.1190e-01 -5.8317e-01  1.1002e+00 -6.9621e-01  1.4266e+00  1.0000e+00
-5.0071e-01  3.2587e-01  2.9480e-01 -6.9795e+00 -1.0015e+01  7.8983e+00  1.4539e+01  1.0000e+00
-6.2244e-01  4.4332e-01  2.3314e-01  3.6622e+00 -7.5470e+00 -1.0206e+01  1.3211e+01  1.0000e+00
-3.5100e-02  4.3159e-01  1.5637e-01  3.2290e+01 -3.7357e-01 -1.7821e+01  3.6883e+01  1.0000e+00
-3.1286e-01  8.9009e-01  8.1582e-01 -2.1416e+00  1.7154e+01 -3.2403e+00  1.7588e+01  1.0000e+00
 2.4945e-01  4.3483e-01  9.9370e-02 -1.4028e+01  1.4391e+01  2.3330e+00  2.0232e+01  1.0000e+00
-5.3351e-01  4.9137e-01  2.6722e-01  4.0287e-02  7.5000e+00 -9.9437e+00  1.2455e+01  1.0000e+00
 2.7181e+00 -1.5993e+00  1.0413e+00  1.1039e+00  1.2181e+00  2.9362e+00  3.3650e+00  1.0000e+00
-1.3505e+00 -3.6875e+00  8.6311e+00 -4.1288e+00 -1.1786e+01  2.6347e+01  2.9157e+01  1.0000e+00
-6.0977e-01  9.5198e-01 -4.2850e-02 -1.1970e+00  1.3218e+01 -3.1462e+00  1.3640e+01  1.0000e+00
 8.5802e-02  4.8661e-01  5.0448e-01  5.7663e+00  4.8216e-02  1.3108e+01  1.4321e+01  1.0000e+00
-1.2013e+01  2.0926e+00 -3.5388e+00 -3.5900e+01  8.6050e+00 -9.5198e+00  3.8124e+01  1.0000e+00
-4.7346e-02  6.3989e-01  9.9699e-02 -1.4569e+01  1.0323e+01 -7.2789e+00  1.9282e+01  1.0000e+00
-1.5336e-01  4.0924e-01  2.1592e-01  2.2688e+01  7.4811e+00 -2.9366e+00  2.4070e+01  1.0000e+00
-2.0479e-01  6.0072e-01  4.1760e-01  2.1090e+00  5.0356e+00 -7.4579e+00  9.2425e+00  1.0000e+00
-4.4511e+00 -1.5905e+01 -1.7764e+01 -1.4962e+01 -4.4802e+01 -5.2313e+01  7.0482e+01  1.0000e+00
 1.1326e+01 -1.0024e+01  2.8475e+00  3.5694e+01 -3.1419e+01  8.8053e+00  4.8360e+01  1.0000e+00
-3.2160e-01  1.1101e+00  1.2018e+00 -1.6708e+00  4.6309e+00  1.8085e+00  5.2448e+00  1.0000e+00
 7.9589e-01 -1.3036e-01 -1.4705e+00 -2.0031e+00  3.1303e+00  5.9632e+00  7.0265e+00  1.0000e+00
-1.3107e-01  6.3170e-01 -1.0622e-01  2.5955e+01  1.0397e+00 -5.0284e+00  2.6458e+01  1.0000e+00
 8.7259e-01 -6.7002e-01 -1.7659e+00  6.1191e-01  4.0434e+00  2.5446e+00  4.8165e+00  1.0000e+00
 5.3568e-02  5.5661e-01  8.2517e-01 -3.7007e+00  7.3007e+00 -5.5977e+00  9.9161e+00  1.0000e+00
 1.6047e-01  4.1790e-01  3.5019e-01  2.8902e+00  7.7597e+00  7.0425e+00  1.0870e+01  1.0000e+00
-6.2296e+00  9.6106e+00 -5.2298e+00 -1.9432e+01  3.0738e+01 -1.6066e+01  3.9756e+01  1.0000e+00
-4.9845e-01  7.8294e-01 -1.6889e-02 -1.3943e+01 -3.3962e+00  3.9641e+00  1.4888e+01  1.0000e+00
-2.5643e-01  5.5945e-01  3.5703e-01  3.7112e+01  7.1531e+00 -3.2286e-01  3.7796e+01  1.0000e+00
-4.8936e-01  7.1854e-01  1.8815e-01 -2.2142e-01  2.2835e+01 -5.6900e+00  2.3534e+01  1.0000e+00
-4.5659e-01  9.0105e-01  1.9073e-01  2.1302e+00  6.0234e+00  4.2796e+00  7.6899e+00  1.0000e+00
 2.7943e-01  4.0270e-01  6.7452e-01  5.1090e+00  1.1124e+01  5.3881e+00  1.3374e+01  1.0000e+00
-3.0488e-01  2.6115e-01  4.0640e-01 -8.6476e-01 -1.5216e+01  1.1608e+01  1.9158e+01  1.0000e+00
-7.4537e-02  8.2114e-01  2.9402e-01 -6.1078e+00  1.0787e+01 -5.6209e-01  1.2409e+01  1.0000e+00
-1.3280e-01  7.5294e-01 -6.4295e-02  6.8807e+00 -1.2189e+01  3.0760e+00  1.4331e+01  1.0000e+00
-3.1725e-01  6.3536e-01  1.4093e-01 -1.2757e+01  1.6108e+01  5.3511e+00  2.1233e+01  1.0000e+00
-8.6762e-02  5.4274e-01  5.2275e-01 -4.9291e+00 -1.1963e+01  2.3495e+01  2.6822e+01  1.0000e+00
 3.0178e+00 -4.8420e+00  8.2351e+00  8.0820e+00 -1.2959e+01  2.5870e+01  3.0042e+01  1.0000e+00
-3.6594e-01  3.7751e-01  2.5185e-01  1.2620e+01 -4.3636e+00 -3.5584e-01  1.3358e+01  1.0000e+00
 2.2081e+01 -1.5156e+01 -3.1185e+01  6.9252e+01 -4.7257e+01 -9.5425e+01  1.2702e+02  1.0000e+00
-2.0136e-01  8.9283e-01  2.3767e-01  5.3488e+00 -9.2638e-01 -1.5417e+01  1.6345e+01  1.0000e+00
-1.4175e+00  2.4387e+00  2.3470e+00 -2.0898e+00  5.4690e+00  1.2462e+00  5.9858e+00  1.0000e+00
 5.8722e+00 -1.9789e+00 -1.5171e+00  1.7974e+01 -4.1922e+00 -3.1452e+00  1.8722e+01  1.0000e+00
-2.2341e-01  4.8464e-01  2.5143e-01 -6.8616e+00 -1.5553e+01  1.1408e+01  2.0472e+01  1.0000e+00
-5.2709e-01 -7.5179e-01  1.3898e+00  2.1107e+00 -6.7558e+00  4.8850e+00  8.6000e+00  1.0000e+00
-3.6820e-01  7.3421e-01  7.5758e-02  9.0808e-01  2.2153e+01 -7.7119e+00  2.3475e+01  1.0000e+00
-5.3886e-01  7.8244e-01  1.6333e-01  4.0993e+00  1.1505e+01  3.3404e+00  1.2662e+01  1.0000e+00
-2.8563e-01  5.9422e-01  4.1918e-02 -7.5160e-01  5.6131e+00 -6.5797e+00  8.6813e+00  1.0000e+00
 9.1963e-01  2.4329e-02 -5.6264e-02  4.0093e-02  2.7169e+00 -3.3179e+00  4.2886e+00  1.0000e+00
 1.6905e-01  9.8265e-01  2.3410e-01 -1.0913e+01 -1.1419e+01  2.5664e+00  1.6002e+01  1.0000e+00
-9.4403e-01  1.4253e+00  1.2461e+00  2.6968e+00  5.5133e+00  4.5971e+00  7.6683e+00  1.0000e+00
 5.5129e-01 -4.5065e+00  8.0131e+00  1.6491e+00 -1.3507e+01  2.3748e+01  2.7370e+01  1.0000e+00
-9.6488e+00  7.6541e+00 -6.0744e+00 -5.8397e+01  4.4533e+01 -3.7447e+01  8.2436e+01  1.0000e+00
-2.3685e-01  2.8948e-01  5.9726e-01  8.3941e+00 -8.1019e+00  1.8954e+01  2.2257e+01  1.0000e+00
 6.1071e-01 -1.4527e-01  5.9213e-01 -1.2009e+00  5.2077e-01 -2.8410e+00  3.1281e+00  1.0000e+00
 4.4537e-02  6.3898e-01  1.0747e-01  7.3991e+00  2.5175e+00 -2.0658e+01  2.2087e+01  1.0000e+00
 3.1483e-01  1.4703e+00 -4.2399e-01  1.7968e+00  8.3107e+00 -7.4266e+00  1.1289e+01  1.0000e+00
 3.5947e-01  6.3929e-01  3.2127e-01 -1.4621e+01 -5.3715e+00 -7.3476e+00  1.7222e+01  1.0000e+00
-1.0352e+00  7.3019e-01  4.6997e-01  2.4507e+00 -3.4850e+00 -5.8934e+00  7.2721e+00  1.0000e+00
-7.6511e+00  6.4301e+00 -2.1505e+00 -2.2872e+01  1.9328e+01 -6.3528e+00  3.0611e+01  1.0000e+00
 4.4463e+00 -3.4559e+00 -1.3602e+01  1.4220e+01 -1.1223e+01 -4.3530e+01  4.7149e+01  1.0000e+00
-1.1695e-01  4.3478e-01  4.7493e-01  4.3900e+00  1.9185e+01  1.2806e-01  1.9681e+01  1.0000e+00
-2.6549e-01 -9.0416e+00 -6.4276e+00  3.9344e+00 -2.4614e+01 -1.8469e+01  3.1023e+01  1.0000e+00
-3.2399e+00  3.0417e+00 -1.2928e+01 -1.0639e+01  1.0076e+01 -4.0936e+01  4.3480e+01  1.0000e+00
 1.6380e+00 -7.9688e+00  5.3392e-02  4.7197e+00 -2.3976e+01  2.6939e-01  2.4437e+01  1.0000e+00
 6.2666e-01  1.3885e+00  9.2593e-02  3.7532e-02 -3.0346e+00  1.3750e+00  3.3318e+00  1.0000e+00
-1.5333e+00 -1.9060e+00 -8.7653e+00 -4.6782e+00 -6.3690e+00 -2.5549e+01  2.6743e+01  1.0000e+00
 5.7437e-01  1.9581e+00  1.6343e+00  5.5822e+00  1.0279e+01  1.0395e+01  1.5648e+01  1.0000e+00
-3.2325e-01  4.8934e-01 -8.5272e-02  9.1957e+00 -7.2591e+00  1.6216e+01  2.0005e+01  1.0000e+00
 4.1155e+00  2.8723e+00  5.8586e+00  1.8701e+01  1.0282e+01  2.5471e+01  3.3229e+01  1.0000e+00
-3.7812e-01  7.5368e-01  4.3055e-02 -1.4951e+01  9.7094e+00 -1.2290e+01  2.1653e+01  1.0000e+00
 5.2626e+00 -6.7393e+00 -2.7100e+00  1.7030e+01 -1.9424e+01 -7.8780e+00  2.7007e+01  1.0000e+00
-1.6090e-01  7.9547e-01  1.8038e-01 -1.7495e+01  9.9004e+00  1.5783e+00  2.0164e+01  1.0000e+00
-3.2646e-01  5.1538e-01  1.1365e-01 -1.9537e+01 -2.6159e+00 -2.1451e+01  2.9132e+01  1.0000e+00
-9.1759e+00 -4.1543e+00 -2.9284e+00 -2.8012e+01 -1.2527e+01 -8.6044e+00  3.1869e+01  1.0000e+00
 4.9442e+00  2.4745e+00  4.5930e+00  1.3497e+01  8.0113e+00  1.4316e+01  2.1243e+01  1.0000e+00
-1.1731e-01  6.5425e-01  3.3759e-01  2.5513e+00  1.1817e+01 -1.7230e+01  2.1049e+01  1.0000e+00
 3.5682e+00 -1.1817e+01 -9.2939e-01  1.1597e+01 -3.7300e+01 -2.9571e+00  3.9173e+01  1.0000e+00
-3.4578e-01  5.8442e-01  2.4724e-03  1.3842e+01  6.3673e+00  3.1421e+00  1.5557e+01  1.0000e+00
-1.6463e+01 -1.5365e+00  2.4327e+01 -5.7021e+01 -5.5885e+00  8.4119e+01  1.0178e+02  1.0000e+00
 6.7925e+00 -1.1848e+01 -9.5951e+00  2.2146e+01 -3.7942e+01 -3.0905e+01  5.3714e+01  1.0000e+00
-1.1230e+00  9.9860e-01  4.5019e-01 -5.1570e+00  2.7181e+00  2.2030e+00  6.2319e+00  1.0000e+00
 9.9512e-02  1.2215e-01  1.7166e-01 -1.3523e+01  1.6023e+01 -5.4579e+00  2.1665e+01  1.0000e+00
-3.6401e-01  5.0076e-01 -3.8933e-02  7.1060e+00  2.5190e+01  1.6165e-01  2.6174e+01  1.0000e+00
-4.2988e+00 -1.1442e+00 -3.2408e+00 -1.1211e+01 -1.9198e+00 -8.1482e+00  1.3992e+01  1.0000e+00
 1.0782e+00  1.0016e+00  1.2409e-01  8.3557e+00  5.2163e+00 -1.1930e+00  9.9222e+00  1.0000e+00
-2.9065e-01  3.1085e-01  1.8362e-01 -8.6765e+00  1.0239e+01  5.7427e+00  1.4598e+01  1.0000e+00
-2.5579e-01 -9.0112e+00 -6.4224e+00 -4.8986e+00 -2.9969e+01 -2.0601e+01  3.6695e+01  1.0000e+00
-2.3592e-01  8.6460e-01  1.7638e-01  2.6281e+00  1.0282e+01  4.4057e+00  1.1491e+01  1.0000e+00
-2.2823e-01  6.8617e-01  4.9260e-01  6.3512e-01  1.3990e+01  1.5304e+01  2.0744e+01  1.0000e+00
-3.3250e-01  8.7581e-01  1.5807e-01 -2.3972e+00 -1.5350e+00  1.7304e+00  3.3313e+00  1.0000e+00
-2.0781e-01  8.4649e-01 -4.5575e-01  8.7038e+00  5.5012e+00 -9.3784e+00  1.3927e+01  1.0000e+00
-2.2406e-01  4.8016e-01  1.7176e-01 -4.8993e+00  1.5660e+01  7.1733e+00  1.7908e+01  1.0000e+00
-1.7640e+01 -2.0769e+01  9.6019e+00 -5.1430e+01 -6.2670e+01  2.9580e+01  8.6299e+01  1.0000e+00
-2.8823e-01  2.4128e-01 -4.3848e-02  3.6749e+00 -1.0759e+01  4.9501e+00  1.2400e+01  1.0000e+00
-1.3109e+00  2.2012e+00 -1.0854e+00 -7.3198e+00  1.2757e+01 -5.6635e+00  1.5761e+01  1.0000e+00
-1.6311e-01  4.0509e-01  1.0471e-01  2.1443e+00  2.4133e+01  1.9241e+00  2.4305e+01  1.0000e+00
-2.6671e-01  8.0055e-01  5.4168e-02  1.8032e+01 -3.4901e+00  5.0293e+00  1.9043e+01  1.0000e+00
-5.5378e-01  6.7804e-01  1.3509e-01  1.1869e+01 -3.1415e+00 -8.6434e+00  1.5015e+01  1.0000e+00
 5.8000e-01  7.3305e-01  7.6365e-02 -9.1948e+00 -6.9051e+00  3.1008e+00  1.1910e+01  1.0000e+00
-1.6650e-01  6.7350e-01  4.7855e-02  9.9529e+00  1.5601e+01  2.6301e+01  3.2159e+01  1.0000e+00
-5.1136e-02 -7.9600e+00  3.8693e+00 -2.3126e-01 -2.4082e+01  1.1301e+01  2.6603e+01  1.0000e+00
-1.0017e+01 -6.0935e+00 -3.6532e+00 -3.1630e+01 -1.8397e+01 -1.0694e+01  3.8121e+01  1.0000e+00
-1.2970e+00 -1.1247e+00 -5.3720e-01 -5.1449e+00  5.4362e+00 -2.5125e-01  7.4890e+00  1.0000e+00
-2.8799e-02  5.8696e-01  5.7497e-01 -6.7842e+00  7.6573e+00 -7.8979e+00  1.2924e+01  1.0000e+00
 1.2907e+01 -4.6520e+00 -8.0329e-01  4.1048e+01 -1.4587e+01 -2.2896e+00  4.3623e+01  1.0000e+00
-3.3441e-01  1.3355e+00 -3.7466e-01 -1.3578e+01  1.7571e+00  6.3352e+00  1.5086e+01  1.0000e+00
 1.3260e+02 -1.6437e+02  1.0809e+02  3.8386e+02 -4.7418e+02  3.0947e+02  6.8408e+02  1.0000e+00
-1.4602e-02  2.4558e-01  3.0243e-01 -1.2422e+01 -9.6976e+00  6.6306e+00  1.7097e+01  1.0000e+00
 1.4039e-02  5.4746e-01  3.5164e-02 -1.6963e+01  4.5912e+00 -2.2285e+01  2.8380e+01  1.0000e+00
-1.8754e-01  7.8118e-01  1.4770e-01 -4.8321e+00  4.1555e+00 -4.1400e+00  7.5998e+00  1.0000e+00
 7.3674e+00  5.9997e+00  4.9398e-01  2.1994e+01  1.7606e+01  1.9123e+00  2.8238e+01  1.0000e+00
-5.3704e+00 -1.5019e+00  2.7155e+00 -2.0047e+01 -4.7710e+00  1.1144e+01  2.3427e+01  1.0000e+00
 1.8292e+00 -9.9304e+00  5.8582e-01  5.3538e+00 -3.0078e+01  1.2534e+00  3.0576e+01  1.0000e+00
-4.1963e-01  5.3542e-01 -2.5649e-01  5.1412e+00  8.9873e+00  1.4899e+01  1.8144e+01  1.0000e+00
 5.1817e-01  4.6934e+00 -7.1783e+00  1.3496e+00  1.3672e+01 -2.1481e+01  2.5498e+01  1.0000e+00
-1.6530e+01  5.5574e+00  6.0635e+00 -6.8724e+01  2.3112e+01  2.5044e+01  7.6709e+01  1.0000e+00
-2.2237e-01  7.1405e-01  2.6271e-01 -8.7624e+00 -1.8208e+01  9.6222e+00  2.2380e+01  1.0000e+00
-2.9988e-01  1.3528e+00  4.3385e-01 -5.6294e+00 -9.2326e+00  2.1070e+00  1.1017e+01  1.0000e+00
-3.1776e-01  5.2798e-01  4.3392e-02 -1.8511e+01  1.0280e+01 -2.1695e+01  3.0315e+01  1.0000e+00
 9.9290e-01  3.9245e-01 -4.0521e-01  1.2260e+01 -3.0027e+00 -4.5839e+00  1.3429e+01  1.0000e+00
 9.8937e-01 -9.9928e+00  7.9310e+00  2.9771e+00 -3.1508e+01  2.5046e+01  4.0360e+01  1.0000e+00
 3.8081e+00 -7.0271e+00  2.9425e+00  2.3728e+01 -4.4536e+01  1.7404e+01  5.3380e+01  1.0000e+00
-9.0318e-03  6.3275e+00  8.4509e-01 -3.3216e+00  1.7325e+01  3.2355e+00  1.7935e+01  1.0000e+00
-3.5878e-01  4.1467e-01  1.1436e-01 -8.4180e+00  1.9269e+01 -1.4018e+01  2.5272e+01  1.0000e+00
 2.2814e+00 -1.0697e+00  5.4341e-01 -9.8720e-01  1.5735e+00  6.0096e-01  1.9524e+00  1.0000e+00
 1.4382e-01  7.0619e-01  9.1028e-02 -1.2144e+01  6.9279e+00  8.6230e+00  1.6426e+01  1.0000e+00
 5.4632e+00 -2.0499e+00  3.0607e+00  1.5499e+01 -4.0565e+00  8.1127e+00  1.7958e+01  1.0000e+00
 7.4088e-02  3.7200e-01  2.9718e-01 -1.3159e+01  1.4845e+01 -1.7252e+01  2.6290e+01  1.0000e+00
-3.6468e-01  6.7752e-01  3.4464e-01  3.7832e+00 -1.0617e+01 -6.2202e-01  1.1288e+01  1.0000e+00
 7.4459e-02  3.0204e-01  1.8032e-01  6.3271e+00 -6.5936e+00 -5.4569e+00  1.0644e+01  1.0000e+00
-2.1996e+00 -1.8955e+00 -1.0894e+01 -6.4852e+00 -5.4986e+00 -3.3603e+01  3.4662e+01  1.0000e+00
-1.1839e+00 -5.8617e-01  2.8106e+00 -2.0297e+00 -1.1625e+00  8.0249e+00  8.3588e+00  1.0000e+00
 1.3103e+01 -3.4125e-01 -2.9313e+00  4.1604e+01 -7.4945e-01 -8.6763e+00  4.2506e+01  1.0000e+00
-2.6484e-01  8.5404e-01  2.5861e-01 -7.7394e+00  2.0150e+01 -1.9990e+01  2.9419e+01  1.0000e+00
 4.5404e+00 -6.3539e-01  1.1929e+01  1.4687e+01 -2.6698e+00  3.8264e+01  4.1072e+01  1.0000e+00
-1.2834e-01  5.9458e-01  1.5252e+00  2.3942e+00  1.1786e+00  3.4300e+00  4.3458e+00  1.0000e+00
-5.1390e-01  8.0565e-01 -4.4361e-01  1.5737e+01  1.5413e+01 -4.3488e+00  2.2453e+01  1.0000e+00
-5.3565e+00  9.0389e-01  8.5911e+00 -1.5841e+01  2.7058e+00  2.6229e+01  3.0760e+01  1.0000e+00
-5.3074e-01  5.3297e+00 -4.3542e-02 -4.3104e+00  1.0264e+01 -1.0646e+00  1.1183e+01  1.0000e+00
-1.9517e-01  5.2028e-01  3.2867e-01  6.4069e+00  2.6492e-01  2.1032e+01  2.1988e+01  1.0000e+00
 7.8863e-01  2.1025e+01  1.3906e+01  2.8437e-01  6.3565e+01  4.0537e+01  7.5391e+01  1.0000e+00
-3.6013e+00  3.2174e+00 -1.5366e+00 -8.2597e+00  7.1022e+00 -1.6587e+00  1.1019e+01  1.0000e+00
-5.1830e-01  9.4782e-01  1.5760e-01 -2.0613e+00 -1.6426e+01  1.2428e+01  2.0701e+01  1.0000e+00
 2.5702e-01  4.1605e-01 -8.3912e-01 -3.7788e-01  2.7739e+00  7.0126e+00  7.5507e+00  1.0000e+00
-1.1435e-01  1.5065e+00  6.0547e-01 -1.2142e+00  3.4958e+00 -3.3577e+00  4.9969e+00  1.0000e+00
-2.7632e-01  8.0510e-01 -1.9858e-01  1.0172e+01  1.4893e+01 -5.4080e+00  1.8829e+01  1.0000e+00
-2.3058e-01  7.7673e-01  2.6295e-01  2.1675e+01  3.3324e+00  9.5386e+00  2.3915e+01  1.0000e+00
-2.5473e+00 -9.7148e-02  3.3354e+00 -3.2718e+00  8.2984e-01  5.8493e+00  6.7534e+00  1.0000e+00
-1.2154e-02  5.4613e-01  3.0181e-01 -3.4272e+00 -2.1130e+00 -5.7209e+00  6.9956e+00  1.0000e+00
-5.8004e+00  4.8831e+00  1.8409e+00 -2.7664e+01  2.3084e+01  7.4151e+00  3.6785e+01  1.0000e+00
-3.2825e-01  6.8609e-01  7.1903e-02 -1.0413e+01 -5.6599e+00 -1.7523e+01  2.1155e+01  1.0000e+00
 1.9395e-01  5.5088e-01  3.8802e-01  1.4449e+01 -8.2262e+00  1.0282e+01  1.9549e+01  1.0000e+00
-1.5129e-01  3.4690e-01  4.4567e-01 -1.1199e+00 -9.6353e+00  3.7311e+00  1.0393e+01  1.0000e+00
-2.0079e-01  3.7798e-01  8.4179e-02  3.3063e-02  1.0191e+01 -2.0945e+01  2.3293e+01  1.0000e+00
 4.4173e+00 -7.5986e+00 -3.7302e+00  1.3383e+01 -2.2106e+01 -1.1318e+01  2.8212e+01  1.0000e+00
-1.4641e+00  9.0383e-01  6.6599e-01  3.8794e+00  4.4543e+00 -2.7357e-01  5.9132e+00  1.0000e+00
 5.6362e+00  1.4684e+00 -1.3113e+01  1.7928e+01  5.2873e+00 -3.8358e+01  4.2670e+01  1.0000e+00
-9.8882e-01  5.3989e+00 -3.6580e+00 -2.6953e+00  1.4633e+01 -8.3752e+00  1.7074e+01  1.0000e+00
-1.1262e+01 -4.0502e+00  2.6872e+00 -3.5895e+01 -1.2283e+01  8.5144e+00  3.8882e+01  1.0000e+00
 1.3990e+01 -1.3623e+00 -5.7811e+00  4.5331e+01 -4.3166e+00 -1.8417e+01  4.9120e+01  1.0000e+00
 5.3943e+00 -2.9706e+01  1.8386e+01  1.7618e+01 -9.7748e+01  6.0765e+01  1.1644e+02  1.0000e+00
-2.7733e-02  3.7057e-01  3.1626e-01 -2.6775e+00  1.0971e+01  1.5170e+01  1.8912e+01  1.0000e+00
-5.3048e-01  7.6027e-01  4.2423e-01  7.2924e+00 -5.0889e+00  1.0693e-01  8.8931e+00  1.0000e+00
-5.1368e-01  7.7165e-01  2.7227e-01  1.3129e+01 -2.4259e+00  6.3996e+00  1.4806e+01  1.0000e+00
-1.0277e+00  6.3310e-01  6.6361e-01 -8.4786e+00 -1.8852e+00  4.5851e+00  9.8216e+00  1.0000e+00
-7.0458e+00 -3.6913e+00 -3.6017e+00 -2.1409e+01 -9.8633e+00 -1.1013e+01  2.6018e+01  1.0000e+00
-6.4955e-01  5.4140e-01 -3.1801e-01 -1.2863e+01 -7.2366e+00 -5.5530e+00  1.5769e+01  1.0000e+00
-5.7914e-01  3.5614e-01  1.7973e-01 -7.0630e+00 -4.0741e+00 -2.5168e+01  2.6456e+01  1.0000e+00
-2.3217e-01  5.4689e-01  4.6617e-01  9.0942e-01  1.2975e+00  1.3881e+01  1.3971e+01  1.0000e+00
-3.9582e-01  5.9392e-01  4.5628e-02  1.6626e+01  1.4083e+00  8.0157e+00  1.8511e+01  1.0000e+00
 2.1028e+00 -2.3085e+00 -2.6776e+00  4.3243e+00 -3.1190e+00 -3.8097e+00  6.5530e+00  1.0000e+00
-4.3345e-01  6.8520e-01  4.4160e-03  1.1262e+01  1.3749e+01  4.7835e+00  1.8405e+01  1.0000e+00
-3.6622e-01  6.4963e-01  3.3709e-01  1.0081e+01  2.1834e+01  6.8375e+00  2.5002e+01  1.0000e+00
 4.8080e+00 -5.6818e+00 -7.1433e+00  1.4455e+01 -1.7769e+01 -2.1201e+01  3.1212e+01  1.0000e+00
 2.9316e-01  7.2678e-01  4.0774e-01  7.0581e+00  1.3663e+00  1.5006e+01  1.6639e+01  1.0000e+00
-9.9820e-02  4.7602e-01  1.3577e-01 -1.4901e+01  1.6965e+01  2.0453e+01  3.0466e+01  1.0000e+00
-6.5100e-01  9.6898e-01  4.9800e-01 -7.8905e+00  1.2464e+01  7.5415e+00  1.6568e+01  1.0000e+00
-6.8697e-01  9.0963e-01  1.4536e+00 -4.5572e-01 -7.0239e+00 -1.6686e+00  7.2338e+00  1.0000e+00
 1.3925e+00 -2.7555e-01 -9.1758e-01  3.3345e+01 -1.7101e+01 -2.2134e+01  4.3523e+01  1.0000e+00
-1.7218e-01  4.7628e-01 -6.9841e-03 -2.0215e+00  1.1952e+01  3.8645e+00  1.2722e+01  1.0000e+00
 4.7676e-01  2.3705e-01  1.7919e-01 -1.4296e+01  1.7865e+01  3.0694e+00  2.3086e+01  1.0000e+00
-1.2253e+01  2.9761e+00  6.0023e+00 -6.0421e+01  1.4495e+01  2.9837e+01  6.8928e+01  1.0000e+00
-1.2056e-01  5.4887e-01  2.0107e-01 -1.9043e+00 -8.7575e+00  1.0134e+01  1.3528e+01  1.0000e+00
 6.6641e+00  4.5681e+00 -6.8191e-01  1.8578e+01  1.3869e+01 -1.1185e+00  2.3211e+01  1.0000e+00
-2.8625e-01  2.5045e-01  4.1077e-01  1.0056e+01  1.5775e+01 -8.6239e+00  2.0600e+01  1.0000e+00
-3.9583e-01  6.0814e-01  3.2211e-03  2.3764e+01  1.3256e+01  1.0255e+01  2.9079e+01  1.0000e+00
-9.4343e-02  4.6583e-01  1.6134e-01 -2.2664e+01  4.5028e+00  8.6969e+00  2.4690e+01  1.0000e+00
 1.1288e+00  6.4158e+00 -3.9078e-02  4.3266e+00  1.6489e+01 -1.5228e+00  1.7115e+01  1.0000e+00
-1.3238e+02  1.6406e+02 -1.0933e+02 -3.7964e+02  4.7214e+02 -3.1702e+02  6.8377e+02  1.0000e+00
 5.2461e-01  1.0158e+00  4.0155e-01  2.1812e+00  1.5146e+01  7.3213e+00  1.6963e+01  1.0000e+00
-3.0740e-02  4.9442e-01  2.4094e-01  8.3036e+00  1.3232e+01 -1.7802e+00  1.5722e+01  1.0000e+00
 2.7355e-01 -4.2498e-01  2.3140e-01  1.2598e+00 -6.5024e+00  6.2899e-01  6.6531e+00  1.0000e+00
-2.2213e-02  5.2687e-01  5.0592e-01 -6.1744e+00  3.6636e+00 -2.3292e+00  7.5478e+00  1.0000e+00
 4.4265e-01  5.9369e-01  2.0668e-02 -8.1073e+00 -5.0264e+00 -9.8519e+00  1.3713e+01  1.0000e+00
 4.5029e+00 -6.7070e+00 -6.4787e+00  1.4892e+01 -1.9420e+01 -1.9052e+01  3.1014e+01  1.0000e+00
 2.0946e+00 -5.0327e-01  1.8969e-02  6.6817e+00 -6.5076e-01  1.4177e+00  6.8613e+00  1.0000e+00
-1.8229e+00  2.6845e-02  1.6130e+00 -3.2460e+00 -1.1154e-01  7.1271e+00  7.8323e+00  1.0000e+00
-3.6409e-01  6.5822e-01 -1.2179e-01 -8.8491e+00  1.1334e+01  5.3590e+00  1.5345e+01  1.0000e+00
-9.8033e+00  4.9118e-01  8.3220e+00 -3.0916e+01  2.2879e+00  2.6743e+01  4.0941e+01  1.0000e+00
-7.3158e-02  3.9914e-01 -7.6163e-02  1.1451e+01  3.1387e+00  1.5843e+01  1.9798e+01  1.0000e+00
-1.6723e-01  5.6400e-01  3.8026e-01  1.3576e+01  5.3855e+00 -1.0217e+00  1.4641e+01  1.0000e+00
-6.6216e+00  5.9536e+00 -1.0658e+01 -2.0934e+01  1.9322e+01 -3.3819e+01  4.4219e+01  1.0000e+00
 1.1182e+01 -7.6786e+00  3.0650e+00  3.5432e+01 -2.4007e+01  9.8940e+00  4.3927e+01  1.0000e+00
 6.1639e+00 -3.7767e+00  6.7828e+00  1.8201e+01 -1.1215e+01  2.0823e+01  2.9844e+01  1.0000e+00
-7.2921e-01  5.6080e-01 -4.3710e-02  1.3122e+01 -3.1736e+00 -5.6700e+00  1.4642e+01  1.0000e+00
-2.1873e-01  6.6484e-01  2.3798e-01 -8.0141e+00  8.0216e+00  3.6566e+00  1.1914e+01  1.0000e+00
-3.6870e-01  7.6311e-01  3.6859e-01 -7.0833e+00  1.4276e+01  1.0859e+01  1.9285e+01  1.0000e+00
-5.1823e+00  9.5928e-01  1.8276e+00 -1.2816e+01  1.1411e+00  3.6620e+00  1.3378e+01  1.0000e+00
-2.7965e-01  7.4772e-01 -3.2473e-02 -8.7017e+00 -1.2106e+01  9.6255e+00  1.7746e+01  1.0000e+00
-2.0234e-01  4.2151e-01 -8.2482e-02  7.4966e+00 -1.8240e+01 -8.0846e+00  2.1314e+01  1.0000e+00
 9.0375e-02  5.4310e-01  3.4956e-01  1.4097e+01  1.0694e+01  8.5156e+00  1.9637e+01  1.0000e+00
-1.5470e-01  4.3237e-01  3.9417e-01 -6.0799e+00  2.2271e+01 -7.2508e+00  2.4198e+01  1.0000e+00
-4.6261e+00  4.1813e+00 -3.8729e+00 -1.2682e+01  1.3843e+01 -1.0625e+01  2.1572e+01  1.0000e+00
 3.8256e-01  6.1586e-01  4.4845e-01  4.8221e+00  1.7965e+01  5.1810e+00  1.9309e+01  1.0000e+00
-3.4466e+00  2.2061e+00 -8.5217e+00 -1.0533e+01  6.6196e+00 -2.5382e+01  2.8267e+01  1.0000e+00
-7.5351e-01  5.8250e+00  2.6898e+00 -5.8071e+00  1.4615e+01  4.9257e+00  1.6480e+01  1.0000e+00
-1.0562e+01 -2.4428e+00 -3.1386e+00 -3.3933e+01 -6.9701e+00 -8.7309e+00  3.5724e+01  1.0000e+00
-1.3472e+00  7.7899e-01  1.7739e-01 -1.2216e+01 -1.7841e+00  3.3346e+00  1.2788e+01  1.0000e+00
-5.7644e-02 -9.4146e-02 -1.9914e+00  4.8043e-02 -2.1252e+00 -9.3975e+00  9.6349e+00  1.0000e+00
-1.4456e-01  4.6451e-01 -7.7499e-02  1.9526e+01  3.7386e+00 -1.0078e+01  2.2289e+01  1.0000e+00
-5.4446e-01  7.5036e-01  2.5171e-01 -1.5694e+01 -1.4545e+00 -1.1856e+01  1.9722e+01  1.0000e+00
-2.6937e-01  7.2769e-01  5.8744e-02 -1.1735e+00  1.2518e+01 -3.1149e+01  3.3590e+01  1.0000e+00
-4.1040e-01  5.6947e-01  2.3091e-01 -1.2325e+01 -1.6175e+01  9.4219e+00  2.2413e+01  1.0000e+00
-8.7406e-01 -1.6904e-01  6.3084e-01  5.5170e+00  9.6241e+00  1.1408e+00  1.1152e+01  1.0000e+00
 2.3946e+00 -1.3852e+00  1.1982e+00  4.6072e+00 -1.0844e+00 -4.5785e+00  6.5852e+00  1.0000e+00
-2.0601e-01  1.5033e-01 -3.3726e-02 -2.4101e+00 -1.0893e+01 -2.5892e-01  1.1160e+01  1.0000e+00
-5.7309e-01  1.1068e+00 -2.7542e-01  3.1142e+00  4.1669e-01  1.3583e+00  3.4230e+00  1.0000e+00
-1.4016e+01  1.6011e+01 -9.8302e+00 -4.2024e+01  4.4303e+01 -2.6696e+01  6.6644e+01  1.0000e+00
 1.2721e-02  2.5572e-01 -1.5004e+00  1.5640e+00  1.3432e+00 -7.5369e+00  7.8138e+00  1.0000e+00
 2.4221e+00  1.2776e+00 -8.2516e-01  2.5514e-01  6.4368e+00 -9.5324e-01  6.5120e+00  1.0000e+00
-9.7952e-01  2.2296e-01 -4.8396e-01 -2.4867e+01 -1.3304e+01 -2.4762e+01  3.7530e+01  1.0000e+00
-1.3856e-01  6.6840e-01 -2.2037e-02  3.1830e+00  1.0165e+01 -1.6626e+00  1.0780e+01  1.0000e+00
-2.7678e-01 -7.7880e+00 -4.1362e+00 -6.4649e-01 -2.2553e+01 -1.2783e+01  2.5932e+01  1.0000e+00
-1.7199e-01  5.3828e-01  4.8555e-01  7.2015e+00  1.3013e+01 -1.2265e+01  1.9278e+01  1.0000e+00
 4.5614e+00 -6.7452e+00 -6.3532e+00  1.2996e+01 -2.1055e+01 -1.9536e+01  3.1525e+01  1.0000e+00
-3.3236e-01  5.3387e-01  2.2455e-01  2.1958e+01 -7.7147e+00  2.1685e+00  2.3375e+01  1.0000e+00
-6.0282e-02  3.8100e-01  2.8413e-01  6.3570e+00 -3.0893e-02 -5.9801e-01  6.3851e+00  1.0000e+00
 2.5906e-01  5.3338e+00  2.3913e+00  2.7954e+00  1.3819e+01  4.9509e+00  1.4943e+01  1.0000e+00
 2.2200e+00 -4.7276e+00  7.3876e+00  7.0498e+00 -1.4017e+01  2.2089e+01  2.7094e+01  1.0000e+00
-1.6212e-01  7.1103e-01  2.2550e-01  9.3914e+00  1.7595e+01 -1.1142e+01  2.2845e+01  1.0000e+00
-1.1516e+00  1.0967e+00 -1.4654e-01 -4.6832e+01  2.5642e+01 -1.1217e+01  5.4559e+01  1.0000e+00
-1.3098e-01  4.6818e-01  2.1627e-01  1.1699e+01  1.5143e+01  7.4272e-01  1.9150e+01  1.0000e+00
-3.8452e-01  5.4607e-01  6.3391e-02 -2.5945e+01  5.7970e+00 -1.1518e+01  2.8973e+01  1.0000e+00
-5.7674e+00 -1.9269e+00  3.7082e+00 -1.6518e+01 -5.3349e+00  9.0089e+00  1.9557e+01  1.0000e+00
-2.9457e-01  6.2806e-01  3.7124e-01 -1.9522e+00 -1.1267e+01  2.7269e+01  2.9569e+01  1.0000e+00
-1.0303e-01  6.4524e-01  5.6897e-01 -8.7409e+00 -9.5534e+00  7.7361e+00  1.5084e+01  1.0000e+00
 8.4038e+00 -1.0905e+01 -8.3981e-01  2.7105e+01 -3.4424e+01 -2.8152e+00  4.3905e+01  1.0000e+00
-7.4921e-02  9.6362e-01 -1.5023e-01  1.3853e+00  1.6575e+01 -4.3343e+00  1.7188e+01  1.0000e+00
-1.8958e+00  7.2919e-01  1.0309e+00  5.5648e+00  5.1553e+00 -5.7543e+00  9.5214e+00  1.0000e+00
-5.1071e-01  5.3601e-01  2.0198e-01  6.2648e+00 -8.5613e+00  1.0198e+01  1.4716e+01  1.0000e+00
-3.2530e-01  4.3120e-01  3.7413e-02  3.4014e+00  7.9396e+00 -1.3190e+01  1.5767e+01  1.0000e+00
 1.9355e+00 -1.2397e+00  3.1160e-01 -7.9771e-01 -2.5704e-02  1.1449e-01  8.0629e-01  1.0000e+00
-2.0398e-01  5.4901e-01 -1.6407e-01  9.1008e+00  5.9591e+00  3.7581e+00  1.1509e+01  1.0000e+00
-4.6056e-01  6.7516e-01  1.7773e-02 -4.4007e+00  2.5069e+01 -2.2530e+01  3.3992e+01  1.0000e+00
-3.0086e+00 -1.2255e+00 -7.9095e-01 -9.9993e+00 -3.3184e+00 -1.7697e+00  1.0683e+01  1.0000e+00
-5.9502e-02  7.5181e-01  3.5872e-01 -3.7934e-01  1.4693e+00  3.5515e+00  3.8621e+00  1.0000e+00
-2.5831e-01  4.9178e-01  6.8073e-02 -2.2097e+01  1.4488e+01 -2.0075e+00  2.6499e+01  1.0000e+00
-1.7254e-01  4.4137e-01  1.5625e-01  1.8155e+01  1.2223e+01 -1.2539e+01  2.5224e+01  1.0000e+00
-1.8739e-01  3.8223e-01  2.0406e-01 -1.0141e+01 -1.8157e-01  4.5895e+00  1.1133e+01  1.0000e+00
-2.8784e-01  4.3654e-01  2.5865e-02 -1.6220e+01  5.2223e+00  4.0067e+00  1.7505e+01  1.0000e+00
-1.6914e-01  2.6420e-01 -1.8136e-01 -1.4414e+01 -4.6788e+00 -1.0393e+01  1.8376e+01  1.0000e+00
 5.6816e-02  1.6491e-01  1.9574e-01  4.0958e+00 -2.0094e+01 -5.0842e+00  2.1128e+01  1.0000e+00
-3.9321e-01  6.1292e-01  2.7771e-01  7.2022e+00 -2.3714e+01 -2.0933e+00  2.4872e+01  1.0000e+00
-6.5967e+00  5.5613e+00  2.4177e+00 -8.1566e+01  6.5383e+01  3.0833e+01  1.0899e+02  1.0000e+00
 8.8789e-01  5.8311e-01 -4.6896e-01 -7.4617e+00  7.7570e+00 -3.3208e+00  1.1264e+01  1.0000e+00
 2.9010e-01  7.2223e-01  5.3852e-02  8.1042e+00  1.0994e+01  3.7532e+00  1.4164e+01  1.0000e+00
-3.4311e+01  1.4169e+00  3.0603e+01 -2.4181e+02  7.3671e+00  2.1773e+02  3.2547e+02  1.0000e+00
-4.3730e-01  5.3670e-01  2.0742e-01 -5.9473e+00 -5.6985e+00 -2.9416e+00  8.7462e+00  1.0000e+00
 1.6240e-01  1.6178e+00 -2.5775e-01 -5.6535e+00 -1.0029e+01  2.2657e-01  1.1515e+01  1.0000e+00
-2.3897e-01  8.1965e-01  2.6684e-01 -1.0189e+01 -2.6228e+00  7.8900e+00  1.3151e+01  1.0000e+00
-1.8651e+00  2.8926e+00  7.2972e+00 -4.5358e+00  6.4680e+00  1.6859e+01  1.8619e+01  1.0000e+00
 4.1038e+00  1.2901e+00  7.7950e-01  6.8137e+00  3.6501e+00  2.3517e+00  8.0796e+00  1.0000e+00
 5.0776e+00 -2.8136e+00 -4.3968e+00  1.4013e+01 -8.5581e+00 -1.1917e+01  2.0288e+01  1.0000e+00
-3.2760e-01  6.0652e-01  6.2407e-02 -2.7253e+01  2.7358e+00  6.2614e+00  2.8097e+01  1.0000e+00
 6.6654e+00 -6.8614e+00 -1.0197e+01  2.1511e+01 -2.1632e+01 -3.1868e+01  4.4116e+01  1.0000e+00
-4.1069e-01  6.2027e-01  1.1487e-02 -1.3964e+00 -7.3456e+00  4.2853e-01  7.4894e+00  1.0000e+00
-1.7265e-01  6.7071e-01  3.5676e-01  5.2966e+00 -5.5303e+00 -3.7040e+00  8.5064e+00  1.0000e+00
-2.2883e-01  5.7653e-01  3.3968e-01 -1.2290e+00 -8.0940e+00 -3.1315e+00  8.7653e+00  1.0000e+00
-3.9845e-01  2.0333e-01 -2.2469e-01 -2.7487e+01 -4.6264e+01 -4.2762e+01  6.8735e+01  1.0000e+00
-2.3120e-01  2.2861e-01  2.8093e-01  2.6081e+00  6.1431e+00 -2.4021e+00  7.0930e+00  1.0000e+00
-8.8482e-02  5.7525e-01  4.0833e-01 -2.6481e+01 -1.5260e+01  1.3164e+01  3.3277e+01  1.0000e+00
-1.8417e-01  6.9483e-01  6.7491e-03 -5.8990e+00  1.0863e+01  2.3028e+01  2.6136e+01  1.0000e+00
-8.3292e-02  8.1917e-01 -2.5425e-01  4.8517e+00 -9.0555e+00  3.6948e+00  1.0918e+01  1.0000e+00
-1.6695e+00  1.2003e+00  1.3094e+00 -1.7545e+00 -3.9904e-01  3.8444e+00  4.2446e+00  1.0000e+00
-1.4361e-01  7.6619e-01  3.2060e-01 -9.9780e+00 -5.8482e+00 -8.7493e+00  1.4502e+01  1.0000e+00
-1.9578e+00  2.6099e+00  7.7331e+00 -4.7450e+00  8.0850e+00  2.2448e+01  2.4327e+01  1.0000e+00
-1.0036e+00  1.3800e-03 -9.6943e-01 -4.4318e+00 -6.5681e+00  4.3247e+00  9.0268e+00  1.0000e+00
-1.1157e-01  4.8308e-01  2.0767e-01 -8.7936e+00 -5.0524e+00 -2.2441e+00  1.0387e+01  1.0000e+00
-1.7061e-01  6.3049e-01  1.8924e-01 -4.3878e+00  3.0840e+01  4.6161e-01  3.1154e+01  1.0000e+00
-8.8950e-01  2.1423e+00  2.0846e+00  3.6617e+00  2.2012e+00  6.5070e-01  4.3216e+00  1.0000e+00
 5.3010e+00 -1.3291e+01  2.3194e+01  1.5624e+01 -3.9438e+01  7.0959e+01  8.2672e+01  1.0000e+00
 9.8119e+00  1.8881e+00  9.1750e+00  3.1021e+01  5.8760e+00  2.9456e+01  4.3180e+01  1.0000e+00
 1.0469e+00 -4.3392e-02 -4.8634e-03 -8.4553e+00  9.3669e+00  5.6400e+00  1.3822e+01  1.0000e+00
 1.0120e-01  4.2758e-01  1.6838e-01 -1.1551e+01 -1.1231e+01 -3.4199e+00  1.6470e+01  1.0000e+00
-2.8348e-01  6.1173e-01  2.7882e-01 -2.1581e+01 -5.3011e+00  1.3227e+01  2.5860e+01  1.0000e+00
-2.6212e+00  1.6138e+00  1.0398e+01 -8.1720e+00  5.6276e+00  3.2232e+01  3.3725e+01  1.0000e+00
-6.9935e+00 -1.7706e+00 -6.8354e+00 -2.0864e+01 -2.6196e+00 -1.9350e+01  2.8576e+01  1.0000e+00
-7.6168e-02  1.5187e+00 -8.9666e-02 -5.6827e+00 -9.7885e+00  1.2876e+01  1.7144e+01  1.0000e+00
-3.3804e+00 -5.2913e+00 -5.8875e-01 -1.2661e+01 -2.3040e+01 -1.3770e+00  2.6325e+01  1.0000e+00
-9.6295e-01  1.0479e-01  4.0221e-01 -1.1993e+01 -1.2585e+01  5.1324e+00  1.8126e+01  1.0000e+00
-5.4419e-02  6.2752e-01  9.9602e-02 -1.6225e+01  7.5474e-01  2.6498e+00  1.6457e+01  1.0000e+00
-7.9972e-01 -2.9778e-01 -4.7821e-02 -1.2349e+01 -1.1673e+01 -1.8363e+00  1.7092e+01  1.0000e+00
-2.9662e-01  7.5358e-01  2.8516e-01  7.0843e+00  1.6943e+00  9.7336e+00  1.2157e+01  1.0000e+00
 1.5718e-01  7.8302e-01  2.8185e-01 -1.4994e+01  4.7953e+00  4.5436e-01  1.5749e+01  1.0000e+00
-3.5909e+00  1.1210e+01 -1.4829e+00 -1.0954e+01  3.4954e+01 -4.3827e+00  3.6891e+01  1.0000e+00
 2.8374e+00  2.2836e-01  2.2309e+00  5.1687e+00  4.1280e+00  7.8675e+00  1.0279e+01  1.0000e+00
-6.8920e+00 -3.4911e-01 -1.7350e+00 -1.9031e+01  3.0783e-01 -5.0946e+00  1.9703e+01  1.0000e+00
-1.8342e-01  8.1684e-01 -6.7510e-01  7.9978e+00  6.4040e+00 -2.0305e+01  2.2744e+01  1.0000e+00
-5.6317e+00 -2.3673e+00  3.7729e+00 -1.4708e+01 -5.6941e+00  1.0963e+01  1.9208e+01  1.0000e+00
 3.6168e-02  4.4293e-01  5.4709e-01  1.4156e+00  9.2000e-02  7.5711e-02  1.4206e+00  1.0000e+00
 1.3043e+01  4.6545e+00  1.1120e+00  4.1148e+01  1.5046e+01  3.3825e+00  4.3943e+01  1.0000e+00
 4.8446e+00  6.8887e+00  7.6183e-01  1.4740e+01  2.0073e+01  3.1589e+00  2.5103e+01  1.0000e+00
-1.0166e+01 -6.2514e+00 -3.8136e+00 -3.2707e+01 -1.9513e+01 -1.2688e+01  4.0144e+01  1.0000e+00
-4.0682e-01 -1.1737e+00 -7.4179e-01 -5.2415e+00  2.1808e+00  4.6570e+00  7.3429e+00  1.0000e+00
-1.0125e+01 -3.4387e-01 -2.6312e+00 -3.1377e+01 -4.2780e-01 -8.2811e+00  3.2454e+01  1.0000e+00
-3.4107e-01  8.1025e-01  1.0543e+00  1.5784e+00  1.5591e+00  3.9524e+00  4.5325e+00  1.0000e+00
-9.3459e-02  1.4280e+00 -2.2577e-01 -7.1519e+00 -1.1956e+01  8.9582e+00  1.6563e+01  1.0000e+00
-2.2302e+00  8.2555e+00 -3.3312e+00 -6.1399e+00  2.5168e+01 -9.1322e+00  2.7469e+01  1.0000e+00
 9.2647e+00  7.7520e+00 -5.8814e+00  4.7418e+01  3.8380e+01 -2.9614e+01  6.7812e+01  1.0000e+00
-1.2409e-01  1.3964e+00  1.2826e-01  5.7867e+00 -5.6045e+00 -4.9847e+00  9.4733e+00  1.0000e+00
-1.2215e+00 -1.2376e-01 -2.7478e+00 -2.5245e-01  2.6292e+00 -3.1489e+00  4.1100e+00  1.0000e+00
 1.3580e-01  5.6196e-01  4.1929e-01 -1.2862e+01 -9.8899e+00 -7.3317e+00  1.7804e+01  1.0000e+00
 2.3393e+00 -2.2463e+00 -1.2715e+00  6.1715e+00 -4.3907e+00  2.7642e+00  8.0627e+00  1.0000e+00
-3.6228e-01  1.1633e+00 -9.9892e-02  1.3279e-01 -1.4308e+01  1.2709e+01  1.9138e+01  1.0000e+00
-2.3454e-01  3.7629e-01  7.5243e-02 -2.6578e+01 -1.7075e+01  1.2662e+01  3.4033e+01  1.0000e+00
-7.6044e+00 -3.7923e+00 -1.3265e+01 -2.4980e+01 -1.2685e+01 -4.4142e+01  5.2282e+01  1.0000e+00
-1.3749e+01 -4.7007e+00 -4.3044e-01 -4.4134e+01 -1.4352e+01 -1.5402e+00  4.6434e+01  1.0000e+00
 1.6271e+00 -2.1940e+00 -2.8401e+00  5.3966e+00 -2.3596e+00 -5.6720e+00  8.1769e+00  1.0000e+00
 1.3986e+01  2.3042e+00 -1.4127e+00  4.4359e+01  7.9894e+00 -4.7618e+00  4.5324e+01  1.0000e+00
-2.6167e-02  7.2819e-01 -2.5079e-02  1.2138e+01 -8.3024e+00 -6.1432e+00  1.5938e+01  1.0000e+00
-2.3927e-01  5.5416e-01 -1.7752e-03  1.7470e+01 -1.0918e+00  1.3371e+01  2.2027e+01  1.0000e+00
-2.3383e-01  6.0667e-01 -2.0678e-02 -1.4623e+01 -4.3728e+00  2.1934e+01  2.6721e+01  1.0000e+00
 2.0847e-01  9.2984e-02  3.3923e-01  1.8238e+01 -9.6590e+00  3.7790e+00  2.0981e+01  1.0000e+00
-1.3813e-01  6.1384e-01  1.2847e-01 -7.2920e+00  2.7497e+00  3.7575e-01  7.8023e+00  1.0000e+00
 6.1273e-01  3.3637e-01 -3.6496e-01  2.7563e+00 -4.8988e+00 -9.4578e-01  5.7000e+00  1.0000e+00
-7.7510e-02  5.8069e-01 -1.4429e-01 -4.2666e+00  8.0286e+00 -4.1606e+00  9.9986e+00  1.0000e+00
-5.9769e+00  5.1390e+00 -1.0610e+00 -1.7027e+01  1.4356e+01 -2.3630e+00  2.2396e+01  1.0000e+00
-3.3151e-02  6.5625e-01  2.5777e-01  2.0040e+01  5.2274e+00 -1.3304e+01  2.4616e+01  1.0000e+00
-6.3655e+00 -1.8839e+00  1.0684e-02 -1.6641e+01 -5.1324e+00 -4.3593e-01  1.7420e+01  1.0000e+00
-3.4193e-01  5.9082e-02  3.8644e-01  8.0126e+00  1.9254e+01  1.1917e+00  2.0888e+01  1.0000e+00
-5.2351e-02  5.2927e-01  4.6773e-01 -1.2988e+01  2.0533e+01 -1.0029e+01  2.6285e+01  1.0000e+00
-1.2387e-01  7.2888e-01 -6.6798e-02  1.5861e+01 -7.9350e+00 -5.9687e-01  1.7745e+01  1.0000e+00
 2.0694e-02  3.8701e-01  8.9368e-02  2.4630e+00  6.2284e+00 -1.2869e+01  1.4508e+01  1.0000e+00
 4.4654e+00 -1.1111e+01 -5.3429e+00  1.4183e+01 -3.4699e+01 -1.6757e+01  4.1061e+01  1.0000e+00
-1.0012e+01 -1.8965e+00  9.0214e+00 -3.1840e+01 -5.3746e+00  2.8669e+01  4.3181e+01  1.0000e+00
-1.6466e-01  5.0111e-02  1.5678e-01 -3.7448e+00 -1.2560e+01 -5.3151e+00  1.4143e+01  1.0000e+00
-1.7498e+00 -1.1894e+00 -3.0930e+00 -3.5233e+00 -5.4905e-01 -3.9841e+00  5.3468e+00  1.0000e+00
 2.1010e+00 -1.3269e+00  8.2943e-01 -3.7848e-01  1.8133e+00  3.1274e+00  3.6348e+00  1.0000e+00
 9.3038e-02  5.5883e-01  2.4584e-02  3.6796e+00 -8.2933e+00 -1.9164e+01  2.1203e+01  1.0000e+00
-1.0663e+00 -8.9161e+00 -6.2321e+00 -2.7406e+00 -2.8359e+01 -2.0143e+01  3.4893e+01  1.0000e+00
-1.8878e+00  3.2958e+00 -2.8275e+00 -4.0956e+00  6.8439e+00 -4.3052e+00  9.0636e+00  1.0000e+00
-1.1785e+00  4.0509e-01  2.7767e-01 -8.6377e+00 -7.1848e-01  2.8861e+00  9.1354e+00  1.0000e+00
-6.7030e-01  4.0860e-01  1.9466e-01  1.3335e+01  9.3714e+00 -1.6439e+00  1.6381e+01  1.0000e+00
-1.3033e-01  9.2960e-01  1.1741e-01  1.5967e+01  2.5858e+01 -3.4691e+00  3.0588e+01  1.0000e+00
-1.9213e+00  8.6320e+00 -3.7007e+00 -5.6332e+00  2.5253e+01 -1.0487e+01  2.7918e+01  1.0000e+00
 1.8743e-01  6.4245e-01 -1.4675e-01 -2.3503e+01 -5.4591e-01  1.4239e+01  2.7485e+01  1.0000e+00
 5.4839e-03  1.4718e+00  1.1134e+01  1.8527e+00  5.2041e+00  2.8977e+01  2.9499e+01  1.0000e+00
-3.1768e-01 -8.6946e-02  1.8035e-01  1.4657e+00  2.4019e+01  3.0346e+00  2.4255e+01  1.0000e+00
-1.8705e-02  5.2794e-01  1.2585e-01  3.0110e+00 -4.2316e+00  1.0646e+01  1.1845e+01  1.0000e+00
-4.1941e-01  2.5219e-01 -2.6822e-02  3.6573e+00  2.1674e+00  2.6582e+00  5.0140e+00  1.0000e+00
-7.6572e-02  6.4358e-01 -4.1163e-02  6.4528e-01 -2.3217e+01  1.7596e+01  2.9139e+01  1.0000e+00
 3.1802e+00  6.6041e+00  3.6331e+00  9.6702e+00  1.9580e+01  1.0184e+01  2.4095e+01  1.0000e+00
-7.8241e-02  6.2401e-01 -2.3952e-03  2.1310e+00 -7.2251e+00 -4.1297e+00  8.5906e+00  1.0000e+00
-5.6186e-01  2.0479e+00  1.3742e-01 -6.0638e-01 -3.8002e+00 -1.4547e+00  4.1140e+00  1.0000e+00
 8.0429e-02  4.3380e-01 -3.6023e-01  9.2667e+00  3.6549e+00 -1.1084e+01  1.4903e+01  1.0000e+00
-5.3176e-02  3.2712e-01  2.4217e-01 -8.7853e+00  1.4278e+01 -1.7229e+01  2.4039e+01  1.0000e+00
-4.2893e-02  2.7144e-01  1.0858e-01  4.0893e+00 -8.8297e+00 -4.1034e+00  1.0561e+01  1.0000e+00
-1.9277e-01  4.6123e-01  2.9938e-01  6.5603e-01 -5.8493e+00  9.0856e+00  1.0826e+01  1.0000e+00
 5.3830e+00 -4.0026e+00 -7.5618e-01  1.4567e+01 -1.0476e+01 -1.4683e+00  1.8002e+01  1.0000e+00
-2.2690e-01  4.3262e-01  6.2098e-02 -1.6881e+01  3.3401e+00 -2.6205e+01  3.1350e+01  1.0000e+00
 9.8255e+00 -1.7548e+01  1.1131e+01  2.5295e+01 -5.0469e+01  3.2518e+01  6.5149e+01  1.0000e+00
 1.4495e-01 -1.2550e+00 -6.1933e-01 -1.1032e+00  5.8121e-01  1.0359e+01  1.0434e+01  1.0000e+00
 9.6389e-01 -4.7000e+00 -1.3361e+01  2.7676e+00 -1.4706e+01 -4.2250e+01  4.4821e+01  1.0000e+00
-3.4808e+00 -5.3301e+00 -9.1262e+00 -1.1874e+01 -1.6451e+01 -2.8420e+01  3.4919e+01  1.0000e+00
-7.1385e-01 -9.7627e+00  1.0613e+00 -1.8726e+00 -3.0146e+01  3.2424e+00  3.0378e+01  1.0000e+00
-1.3206e+01 -6.7729e+00 -3.4814e+00 -4.2736e+01 -2.1284e+01 -1.1074e+01  4.9010e+01  1.0000e+00
-1.8580e-01  5.3987e-01  5.1048e-01 -4.7969e+00 -1.7044e+01  8.1448e+00  1.9489e+01  1.0000e+00
-1.0737e+01 -2.6596e+00 -2.0525e+00 -3.3940e+01 -8.3159e+00 -6.1906e+00  3.5488e+01  1.0000e+00
 1.7214e-01  5.4491e-01  9.5163e-01 -1.2616e+01  5.1954e+00 -1.0816e+01  1.7411e+01  1.0000e+00
-4.2163e-01  3.6111e-01  8.5969e-02 -5.5152e-01  2.3383e+01  1.4512e+01  2.7526e+01  1.0000e+00
-1.7495e+00 -1.2262e-01 -5.1308e+00 -5.4101e+00  6.1627e-01 -1.8259e+01  1.9054e+01  1.0000e+00
 9.4120e-01  8.4895e-01  5.8990e-02 -1.1732e+01  5.3497e+00 -7.2527e+00  1.4794e+01  1.0000e+00
-1.1986e-01  6.2230e-01  1.1763e-01  2.7609e+01  3.0943e+00  6.2898e+00  2.8484e+01  1.0000e+00
