# limit = 11.4141
#
# x           y           z           vx          vy          vz          s           m
 3.5766e-01 -2.0128e+00 -8.4077e-01 -3.0372e+00  8.5796e-01  4.5036e+00  5.4994e+00  1.0000e+00
-4.6525e-02  5.2110e-01  1.1268e-01 -1.7933e+01  4.2734e+00  1.5504e+01  2.4088e+01  1.0000e+00
 1.1757e+01  3.9416e-01  2.2993e+00  3.4578e+01  1.8776e+00  6.7984e+00  3.5290e+01  1.0000e+00
-7.3449e-02  7.7660e-01  1.1745e-01  5.4064e+00 -7.8745e+00 -2.7826e+00  9.9489e+00  1.0000e+00
-9.8374e+00  3.7727e+00  5.9900e+00 -2.9681e+01  1.1006e+01  1.7529e+01  3.6185e+01  1.0000e+00
 4.2247e+00 -1.4518e+00  1.2214e+01  1.3029e+01 -3.7487e+00  3.6591e+01  3.9022e+01  1.0000e+00
 7.6471e-01 -9.9682e+00 -6.9730e+00  1.6343e+00 -2.9818e+01 -2.0330e+01  3.6126e+01  1.0000e+00
-4.2388e-01  1.2630e+00  6.9134e-01  3.5174e+00 -1.2797e+01 -8.1537e+00  1.5576e+01  1.0000e+00
-1.5885e+01  1.1532e+01  3.5341e+01 -4.5553e+01  3.3390e+01  1.0466e+02  1.1893e+02  1.0000e+00
 1.0465e+01 -5.3660e+00  2.5414e-01  1.1469e+02 -6.2123e+01  3.0552e+00  1.3047e+02  1.0000e+00
 2.4959e+00  2.9838e+00  2.0650e+00  3.0558e+00  5.4405e+00  2.8573e+00  6.8630e+00  1.0000e+00
-1.4292e-01  7.0382e-01  3.5056e-01 -2.3587e+01 -1.1014e+01  6.8093e+00  2.6907e+01  1.0000e+00
-2.0446e-01  3.8216e-01  1.0509e-01 -2.1943e+01  1.5555e+01 -2.4502e+01  3.6384e+01  1.0000e+00
 3.4539e+00  6.3281e-01 -7.8530e-01  9.5068e+00  3.2034e+00 -6.8592e-01  1.0055e+01  1.0000e+00
-5.9372e-01  5.6171e-01 -8.1963e-03  4.7160e+00  1.0925e+01  3.9828e+00  1.2548e+01  1.0000e+00
-4.4680e+00 -5.9679e-01 -3.7243e+00 -1.1686e+01 -2.5389e+00 -7.5290e+00  1.4131e+01  1.0000e+00
 7.1427e+00 -7.4443e+00 -8.4669e+00  2.1276e+01 -2.2291e+01 -2.5733e+01  4.0146e+01  1.0000e+00
-1.8327e-01  5.1430e-01  5.6130e-01  3.5582e+00 -7.0256e+00  1.0485e+01  1.3113e+01  1.0000e+00
-5.4638e-02  5.8244e-01  3.3202e-01 -1.3275e+01 -5.6724e+00 -1.3984e+01  2.0098e+01  1.0000e+00
 2.4756e+01  2.0369e+01 -8.9239e+00  7.3479e+01  5.8935e+01 -2.5223e+01  9.7513e+01  1.0000e+00
 6.8103e-02  1.1043e+00  4.4457e-01 -1.1511e+00  4.4472e+00 -3.8346e+00  5.9839e+00  1.0000e+00
-1.2730e-01  3.3502e-01  4.9535e-01 -1.1745e+01 -4.4417e+00  1.0104e+01  1.6117e+01  1.0000e+00
-1.0687e+00 -6.7161e-01  2.0174e+00 -9.8262e+00 -1.4134e+01  1.9207e+01  2.5792e+01  1.0000e+00
-5.2989e+00  9.9224e+00 -1.0126e+01 -1.6029e+01  3.0720e+01 -3.0706e+01  4.6298e+01  1.0000e+00
-3.3142e-01  1.1444e+01 -5.0982e+00 -1.2174e+00  3.4225e+01 -1.5056e+01  3.7410e+01  1.0000e+00
-2.7584e+00  1.3522e+00 -4.9055e+00 -8.8987e+00  5.7796e+00 -1.1761e+01  1.5841e+01  1.0000e+00
 3.8378e+00 -8.9783e+00  1.7913e+00  1.0307e+01 -2.6850e+01  4.8942e+00  2.9173e+01  1.0000e+00
 2.2771e+01 -5.9016e+00 -2.1957e+01  7.5292e+01 -1.9848e+01 -7.2661e+01  1.0650e+02  1.0000e+00
 6.5727e-01 -1.3671e+01 -1.8038e+01  2.1813e+00 -4.2254e+01 -5.5717e+01  6.9961e+01  1.0000e+00
-2.5626e-01  5.4837e-01 -2.2113e-02 -1.2392e+01  8.4772e+00  9.3915e-01  1.5043e+01  1.0000e+00
-6.6790e-02  5.2704e-01  2.8303e-01  1.4173e+00  4.8633e+00 -1.0421e+01  1.1587e+01  1.0000e+00
-2.1894e-01  5.0664e-01  4.9447e-01  9.2219e+00  1.5805e+01 -1.2533e+00  1.8341e+01  1.0000e+00
-8.8638e-02  5.3051e-01 -6.7579e-02  8.3639e+00 -1.4934e+01 -6.7160e+00  1.8387e+01  1.0000e+00
-6.6186e-01  1.0312e+00  3.1397e-01 -3.3768e+00  8.5911e+00 -1.0439e+01  1.3935e+01  1.0000e+00
 3.0906e-01  6.9262e-01  2.4636e-02  5.1479e+00  3.3673e+00  2.8845e+00  6.7941e+00  1.0000e+00
 2.3871e-01  7.3742e-01  6.1495e-03 -3.8340e+00 -1.1104e+01 -1.1792e+01  1.6645e+01  1.0000e+00
-6.5963e-01  1.5114e+00 -3.0344e-01 -6.2753e-02  1.4777e+01 -1.0345e+01  1.8039e+01  1.0000e+00
-9.5750e+00  1.8333e+01 -2.3334e+01 -2.8555e+01  5.4725e+01 -6.8003e+01  9.1840e+01  1.0000e+00
-4.3204e-02  6.8231e-01  4.5194e-01  4.7744e+00  8.0976e+00  2.6307e+01  2.7936e+01  1.0000e+00
 7.1585e+00 -1.6664e+00  5.9868e+00  2.0071e+01 -4.2220e+00  1.6993e+01  2.6635e+01  1.0000e+00
 4.3733e+00  3.9567e+00  2.9009e-01  9.9270e+00  9.4742e+00  2.1366e+00  1.3888e+01  1.0000e+00
 1.7404e+00  5.7539e-01  1.2561e-01  1.1489e+01  1.6742e+00 -3.6902e+00  1.2183e+01  1.0000e+00
-5.0991e-01  7.3800e-01 -3.6650e-02  6.1055e+00  8.9555e+00 -7.0207e+00  1.2914e+01  1.0000e+00
 1.3615e+00 -4.1301e+00  1.3238e+01  4.3211e+00 -1.2132e+01  3.9987e+01  4.2010e+01  1.0000e+00
 1.2710e+01  6.1765e+00  9.9049e-01  3.9074e+01  1.8815e+01  3.1666e+00  4.3484e+01  1.0000e+00
 7.1170e-01 -8.4270e+00  1.3009e+00  3.2491e+00 -2.4364e+01  4.3549e+00  2.4963e+01  1.0000e+00
-1.9449e-01  6.4307e-01  6.3415e-02  8.9459e+00 -3.8114e+00  3.6072e+00  1.0371e+01  1.0000e+00
 2.2118e+00 -2.1144e+00 -4.2812e-01  3.5986e+00  3.3399e-01  1.2720e+00  3.8314e+00  1.0000e+00
 6.1864e+00 -2.3781e+00  2.6850e+00  1.5675e+01 -6.2439e+00  7.2867e+00  1.8379e+01  1.0000e+00
 9.2697e-02  6.0421e-01 -4.7386e-01 -5.8892e+00  3.1845e+00 -1.4528e+01  1.5997e+01  1.0000e+00
 1.5025e-01  2.7340e-01 -3.3804e-01 -2.9901e+00  5.6991e+00  9.3416e+00  1.1344e+01  1.0000e+00
 1.0019e-01  2.0766e-01  2.8219e-01  2.2632e+00  2.0626e+00 -4.5528e+00  5.4868e+00  1.0000e+00
-2.0889e+00 -3.2798e+00  3.2275e+00 -4.1277e+00 -6.7552e+00  6.8946e+00  1.0498e+01  1.0000e+00
 1.7268e-01  4.3499e-01  9.5110e-02  6.1635e+00  5.6531e+00  4.0828e-01  8.3733e+00  1.0000e+00
 4.0309e-02  8.4955e-01  5.7061e-03 -1.1117e+01  7.7286e+00  2.4583e+00  1.3761e+01  1.0000e+00
-1.9871e-01  6.9227e-01 -1.1691e-01 -2.2716e+01 -3.3247e+00  2.8429e+00  2.3134e+01  1.0000e+00
-2.3058e-01  2.7287e-01  7.1246e-02 -1.3704e+01 -7.5194e+00  1.8594e+00  1.5742e+01  1.0000e+00
-1.9489e-01  3.8277e-01  1.9469e-01 -1.6578e+00  8.5546e+00  1.6535e+01  1.8691e+01  1.0000e+00
-1.3367e-01  5.6632e-01  7.3351e-02  2.6367e+01 -4.4397e+00  1.4471e+01  3.0403e+01  1.0000e+00
 3.3233e+00 -1.6953e+00  9.6001e+00  9.1853e+00 -5.4744e+00  2.8314e+01  3.0266e+01  1.0000e+00
-3.0833e-01  5.9642e-01  2.9736e-02  8.7902e+00  1.7400e+01  1.5108e+01  2.4664e+01  1.0000e+00
-1.0272e+00 -8.8880e-01  8.0762e-01 -1.0081e+01 -1.9956e+01  7.8290e+00  2.3689e+01  1.0000e+00
 5.5677e+00  4.9071e-01 -2.7070e+00  1.9387e+01  2.0537e+00 -9.3147e+00  2.1606e+01  1.0000e+00
-1.6753e-01  6.2264e-01 -3.2098e-01  4.3383e+00 -9.7164e+00  8.9470e+00  1.3902e+01  1.0000e+00
 1.8684e+00 -6.6948e-01  6.9694e-01 -4.0514e+00  4.5877e-01 -6.1535e-01  4.1234e+00  1.0000e+00
 2.2490e-01  3.0236e-02  5.4444e-01  1.1467e+01 -1.6449e+00 -8.9368e-01  1.1619e+01  1.0000e+00
-6.4177e-02  4.4472e-01  6.2428e-02 -1.5961e+00 -1.2062e+01  6.3281e+00  1.3714e+01  1.0000e+00
-1.6578e-01  5.6976e-01  2.8716e-01  5.4791e+00 -2.5222e+01  2.6234e+00  2.5943e+01  1.0000e+00
-2.0435e-01  7.3006e-01  3.6193e-01  1.9090e+01  9.9600e+00 -9.5573e+00  2.3558e+01  1.0000e+00
-6.5502e-01  1.5924e+00  5.2967e-01  1.2013e+00 -1.4066e+00  1.0624e+00  2.1331e+00  1.0000e+00
 1.1443e+01  1.3545e+00  2.1189e+00  3.4328e+01  3.6038e+00  6.1140e+00  3.5053e+01  1.0000e+00
-2.2561e-01  7.0092e-01  1.1813e-01 -5.6890e+00 -1.1801e+01 -5.7847e+00  1.4321e+01  1.0000e+00
 5.6752e-01  4.3332e-01  6.7631e-02 -3.7976e+00  7.8812e+00 -1.9539e+00  8.9640e+00  1.0000e+00
-1.3022e+00  1.8072e-01 -6.5568e-02 -5.4993e+00 -1.7446e+00 -4.7027e+00  7.4432e+00  1.0000e+00
-5.6880e-01  8.5645e-01  1.2786e-02  1.3803e-01 -7.0419e+00  8.5955e+00  1.1113e+01  1.0000e+00
-2.1115e-01  6.1830e-01  1.2321e-01 -7.9896e+00  5.7984e+00 -3.2690e+00  1.0399e+01  1.0000e+00
-3.9141e-01  9.3214e-01 -2.4796e-02 -1.7464e+00 -3.6664e+00 -9.3647e+00  1.0207e+01  1.0000e+00
-7.1098e-01  1.9095e+00 -2.4376e-01  1.5366e+00 -1.9026e+00 -1.7428e+00  3.0031e+00  1.0000e+00
 1.3596e+01 -6.6106e+00 -1.5939e+00  4.1769e+01 -1.9660e+01 -4.7488e+00  4.6408e+01  1.0000e+00
-8.1472e+00 -5.0857e+00 -3.2231e+00 -2.3931e+01 -1.4288e+01 -8.9319e+00  2.9268e+01  1.0000e+00
-1.8340e-01  5.2879e-01  1.7264e-01 -6.4033e+00  1.7575e+01 -5.1947e+00  1.9413e+01  1.0000e+00
 6.4108e+00  1.6922e+00  4.2403e+00  3.2879e+01  7.0940e+00  2.1023e+01  3.9665e+01  1.0000e+00
 1.1942e+00 -4.3678e-01 -6.4019e-01 -4.2667e+00  4.2706e+00  5.4754e+00  8.1500e+00  1.0000e+00
 3.3078e+00  2.6565e+00  4.1284e+00  6.9295e+00  6.9985e+00  9.3343e+00  1.3569e+01  1.0000e+00
-1.7987e-01  7.9495e-01  1.6184e-01  8.3830e+00  1.2674e+01  1.1263e+01  1.8914e+01  1.0000e+00
-9.3456e-02  2.2077e-01  4.0034e-01  5.1281e+00 -8.7033e+00  4.1229e+00  1.0911e+01  1.0000e+00
-2.2789e-01  5.9770e-01  2.1529e-01  2.2676e+01 -1.2511e+01 -2.5493e+01  3.6340e+01  1.0000e+00
 1.8373e+00 -1.2846e+00  1.9804e+00 -5.2151e-01  3.4753e-01  1.2318e+00  1.3821e+00  1.0000e+00
 3.3968e+01  8.8949e+00 -3.3186e+01  2.2218e+02  5.5313e+01 -2.1506e+02  3.1413e+02  1.0000e+00
-4.7612e-01  4.0293e-01  2.2995e-01 -4.4129e-01 -1.4076e+01  7.7357e+00  1.6067e+01  1.0000e+00
 2.1214e+00 -1.0487e+00  1.8512e+00  1.4927e+00  5.9853e-01 -1.5914e-01  1.6161e+00  1.0000e+00
-3.4186e-01  8.4422e-01 -2.2002e-02  9.4271e+00  9.5859e-01  1.9225e+01  2.1433e+01  1.0000e+00
 4.1003e-01  4.3351e-01 -4.4282e-02 -1.4312e+01  1.0616e+01  5.5618e+00  1.8667e+01  1.0000e+00
-6.6193e-01  3.8418e-01 -2.3133e-01 -5.6388e+00 -7.3441e+00 -5.4854e+00  1.0762e+01  1.0000e+00
 1.7887e+00 -6.1637e-01 -1.5220e-01  1.3392e+01 -5.0500e+00 -2.5393e+00  1.4536e+01  1.0000e+00
-4.2873e-01  7.1393e-01  4.2306e-01 -1.0957e+01  9.1134e+00  4.1419e+00  1.4841e+01  1.0000e+00
 1.8020e-01  1.2800e+00  1.4096e+00  1.8006e+01  3.5393e+01  6.3784e+01  7.5135e+01  1.0000e+00
-4.5039e+00 -6.6399e+00 -7.4313e+00 -1.3238e+01 -1.9161e+01 -2.1626e+01  3.1781e+01  1.0000e+00
 1.0392e+00 -2.2048e+00 -9.5084e+00  2.8295e+00 -5.5878e+00 -2.3970e+01  2.4775e+01  1.0000e+00
 4.1477e-01  3.4097e+00 -1.8814e+00  4.6000e+00  5.6293e+00 -2.1606e+00  7.5840e+00  1.0000e+00
 5.7312e-02  6.0958e-01  4.3149e-01 -3.7319e+00  7.8086e-01  2.7879e+00  4.7233e+00  1.0000e+00
-6.3888e-01  4.7909e-01  3.7308e-01 -5.0088e-01 -3.1886e+00 -1.7691e+00  3.6807e+00  1.0000e+00
 1.7646e+00 -6.9752e-01 -1.4170e-01 -2.9728e+00  5.6209e+00  1.5517e+00  6.5452e+00  1.0000e+00
-1.0237e+00  8.4243e-01  4.2198e-01  8.2668e+00 -5.3583e-01 -1.3087e+00  8.3869e+00  1.0000e+00
 1.1353e+01  4.2504e+00 -2.7673e-01  3.3730e+01  1.3375e+01 -9.4083e-01  3.6297e+01  1.0000e+00
-4.0592e-01  6.2225e-01  1.5595e-01 -1.6381e+01 -5.0304e+00  2.1486e-01  1.7137e+01  1.0000e+00
 8.4283e+00  4.5518e-01  9.4589e+00  2.5074e+01  1.5533e+00  2.8120e+01  3.7708e+01  1.0000e+00
 7.5872e-02  3.2025e-01 -2.9911e-02 -4.4815e+00  1.3805e+01  1.3287e+01  1.9677e+01  1.0000e+00
 5.5511e-01  7.7838e-01 -3.5037e-02  6.6620e+00 -1.1998e+01  2.3009e+00  1.3915e+01  1.0000e+00
-1.3627e+01  2.8139e+00  3.0891e+00 -4.1479e+01  9.0633e+00  9.5438e+00  4.3517e+01  1.0000e+00
-2.4610e-01  4.4275e-01  3.0453e-01  2.4151e+01 -2.0064e+01 -1.4669e+01  3.4656e+01  1.0000e+00
 2.9152e+00 -4.9213e+00  8.6371e+00  8.9781e+00 -1.4726e+01  2.4511e+01  2.9971e+01  1.0000e+00
 3.3324e+00 -3.4022e+00  7.0762e+00  8.9409e+00 -9.5194e+00  1.9836e+01  2.3749e+01  1.0000e+00
 5.7854e+00 -6.9539e+00 -2.6327e+00  1.5402e+01 -1.9699e+01 -7.4092e+00  2.6080e+01  1.0000e+00
 2.9688e+00 -1.6310e+00  6.5494e-01  2.9289e+00 -2.8570e-02  1.4163e+00  3.2535e+00  1.0000e+00
-4.2632e-02  4.1337e-01  7.7145e-01 -5.2772e+00  1.3216e+01  3.3877e+00  1.4628e+01  1.0000e+00
-8.8156e-02  9.5866e-01  6.0753e-01  3.9339e+00 -1.3957e+00 -1.8209e+01  1.8682e+01  1.0000e+00
-2.6762e-01  4.4246e-01  2.6592e-01  5.4510e+00  2.1409e+00  2.7949e+01  2.8556e+01  1.0000e+00
 6.2817e-02  4.8450e-01  5.2256e-01 -6.1311e+00  5.6072e+00  1.0071e+01  1.3056e+01  1.0000e+00
-4.6730e-02  5.1006e-01  8.0106e-02  1.0314e+01 -8.4649e+00 -9.0402e+00  1.6117e+01  1.0000e+00
-5.1746e-01  7.2280e-01  4.9936e-01 -1.1230e+01 -4.4878e+00 -6.1499e+00  1.3567e+01  1.0000e+00
-2.8471e-01  1.0089e+00  3.8007e-01 -4.0117e+00 -2.9659e+00 -1.8858e-01  4.9926e+00  1.0000e+00
-1.7862e+01  7.3686e+00  6.6933e+00 -5.5084e+01  2.3016e+01  2.1251e+01  6.3369e+01  1.0000e+00
-1.7037e-02  7.6507e-01  1.8504e-01  7.8554e+00  1.1184e+01  9.0169e-01  1.3697e+01  1.0000e+00
 1.0032e-01  1.2808e-01  3.5165e-01 -1.4006e+00  3.9523e+00  5.8447e+00  7.1932e+00  1.0000e+00
-1.0040e-01  6.6605e-01  3.9812e-01 -6.5157e+00  4.7502e+00 -2.3535e+01  2.4878e+01  1.0000e+00
 6.7413e+00 -5.8338e+00 -2.4274e+00  1.9761e+01 -1.6474e+01 -6.2464e+00  2.6475e+01  1.0000e+00
 1.1072e-01  2.8229e-01  6.1419e-01 -2.0189e+00  9.1143e-01 -1.4512e+00  2.6482e+00  1.0000e+00
 4.5665e+00 -3.9839e+00  9.8652e+00  1.3166e+01 -1.1276e+01  2.9716e+01  3.4402e+01  1.0000e+00
 1.3397e+00  7.9049e-01  1.9785e+00  4.5067e+01  5.5240e+00  4.7775e+01  6.5909e+01  1.0000e+00
-1.6221e+00 -1.9405e+00 -8.3673e+00 -5.2954e+00 -5.0192e+00 -2.3691e+01  2.4789e+01  1.0000e+00
 1.8958e+00 -1.1852e+00  9.0099e-01 -6.7840e-01  1.3514e+00 -9.6656e-01  1.7947e+00  1.0000e+00
-5.4448e-01  2.4210e-01  3.7346e-01 -1.6307e-02 -3.0900e+00  4.2313e+00  5.2395e+00  1.0000e+00
-5.2167e-01  4.0338e-01  8.2067e-02  1.2833e+01  1.2451e+00 -1.1017e+01  1.6959e+01  1.0000e+00
 3.1205e-01  4.3973e-01 -5.3683e-02  2.1656e+01  2.1438e+00 -1.3867e+01  2.5805e+01  1.0000e+00
-3.3256e-01  1.0960e+00  7.4278e-01 -9.7143e-01  1.4207e+01 -7.7596e+00  1.6217e+01  1.0000e+00
-2.0343e-02  6.3485e-01  1.4368e-01 -2.8895e+01  1.5222e+01  5.1801e+00  3.3068e+01  1.0000e+00
-4.1610e-01  6.0096e-01  1.1104e-01  1.7679e+01  8.3636e+00 -1.2226e+01  2.3065e+01  1.0000e+00
 2.7302e+00 -1.5816e+00  1.0789e+00  7.4903e-01  1.4908e+00  2.8024e+00  3.2615e+00  1.0000e+00
-1.4044e+00 -3.8415e+00  8.9754e+00 -4.1154e+00 -1.1763e+01  2.6297e+01  2.9100e+01  1.0000e+00
-5.8756e-01  1.0873e+00 -6.6782e-02  4.2329e+00  7.6035e+00 -6.2217e-01  8.7246e+00  1.0000e+00
 1.0464e-01  4.9516e-01  6.1503e-01 -2.0733e+00  1.3417e+00  3.8741e+00  4.5943e+00  1.0000e+00
-1.2483e+01  2.2052e+00 -3.6633e+00 -3.5865e+01  8.5978e+00 -9.5090e+00  3.8088e+01  1.0000e+00
-3.3047e-01  6.4502e-01  1.0115e-01 -1.9632e+01 -4.5659e+00  5.8173e+00  2.0978e+01  1.0000e+00
 7.4462e-02  5.8600e-01  1.4495e-01  8.7977e+00  1.6760e+01 -7.1248e+00  2.0225e+01  1.0000e+00
-1.9170e-01  6.4105e-01  1.9301e-01  8.8608e-01  3.3792e+00 -2.4841e+01  2.5085e+01  1.0000e+00
-4.6468e+00 -1.6490e+01 -1.8449e+01 -1.4959e+01 -4.4794e+01 -5.2305e+01  7.0470e+01  1.0000e+00
 1.1793e+01 -1.0435e+01  2.9627e+00  3.5675e+01 -3.1401e+01  8.8000e+00  4.8333e+01  1.0000e+00
-3.4165e-01  1.1621e+00  1.2098e+00 -1.3806e+00  3.3257e+00 -5.6242e-01  3.6445e+00  1.0000e+00
 7.6682e-01 -8.7450e-02 -1.3872e+00 -2.4467e+00  3.4358e+00  6.7806e+00  7.9855e+00  1.0000e+00
 1.5548e-01  6.3380e-01 -6.7016e-02  1.5893e+01 -6.0296e-01  9.6861e+00  1.8622e+01  1.0000e+00
 8.7894e-01 -6.1490e-01 -1.7291e+00  3.5632e-01  4.3822e+00  3.0871e+00  5.3722e+00  1.0000e+00
-7.6647e-03  6.4762e-01  7.0868e-01 -5.7554e+00  6.1359e+00 -1.2201e+01  1.4820e+01  1.0000e+00
 1.1820e-01  5.4952e-01  4.1648e-01 -9.0936e+00  1.1899e+01  2.6611e+00  1.5210e+01  1.0000e+00
-6.4838e+00  1.0013e+01 -5.4399e+00 -1.9413e+01  3.0710e+01 -1.6050e+01  3.9719e+01  1.0000e+00
-5.9765e-01  6.9720e-01  6.6142e-02 -1.3352e+00 -8.8765e+00  7.8664e+00  1.1935e+01  1.0000e+00
 1.8425e-01  6.4530e-01  3.0509e-01  2.6849e+01  5.0294e+00 -6.0579e+00  2.7980e+01  1.0000e+00
-4.4676e-01  9.7189e-01  1.3131e-01  7.1261e+00  1.4323e+01 -2.8391e+00  1.6248e+01  1.0000e+00
-3.9049e-01  9.0142e-01  2.2819e-01  7.9749e+00 -6.7739e+00  4.0782e-01  1.0471e+01  1.0000e+00
 3.1549e-01  5.5544e-01  7.1377e-01  4.7485e-01  1.2013e+01  6.4437e-01  1.2039e+01  1.0000e+00
-2.7024e-01  1.2253e-01  5.1168e-01  4.0935e+00 -6.5362e+00  5.1977e+00  9.3002e+00  1.0000e+00
-1.9998e-01  8.6069e-01  2.4033e-01 -1.1034e+01 -4.5755e+00 -1.0483e+01  1.5893e+01  1.0000e+00
-3.0068e-02  5.2844e-01  5.0094e-02  5.3819e+00 -1.5767e+01  1.4466e+01  2.2065e+01  1.0000e+00
-4.0662e-01  7.9909e-01  1.9548e-01  4.4503e-02  8.3058e+00  3.5718e+00  9.0414e+00  1.0000e+00
-1.5723e-01  4.1132e-01  7.3731e-01 -5.5497e+00 -8.4596e+00  1.0982e+01  1.4932e+01  1.0000e+00
 3.1222e+00 -5.0108e+00  8.5737e+00  7.8768e+00 -1.2839e+01  2.5886e+01  2.9950e+01  1.0000e+00
-1.5302e-01  4.1136e-01  2.1877e-01  1.6163e+01  1.0275e+01 -2.2184e+00  1.9281e+01  1.0000e+00
 2.2987e+01 -1.5774e+01 -3.2433e+01  6.9252e+01 -4.7254e+01 -9.5420e+01  1.2702e+02  1.0000e+00
-1.5948e-01  7.4140e-01  5.4840e-02  3.6268e+00 -2.1017e+01 -6.2228e+00  2.2216e+01  1.0000e+00
-1.4435e+00  2.5084e+00  2.3612e+00 -1.8941e+00  5.1868e+00  9.2870e-01  5.5994e+00  1.0000e+00
 6.1067e+00 -2.0336e+00 -1.5580e+00  1.7876e+01 -4.1584e+00 -3.1166e+00  1.8617e+01  1.0000e+00
-2.5049e-01  3.5745e-01  3.5467e-01  2.2559e+00 -3.2350e+00  4.0113e+00  5.6254e+00  1.0000e+00
-4.9830e-01 -8.3480e-01  1.4490e+00  2.2834e+00 -5.9483e+00  4.1748e+00  7.6174e+00  1.0000e+00
-3.2512e-01  9.4506e-01 -2.6039e-03  4.0915e+00  1.1424e+01 -2.9417e+00  1.2486e+01  1.0000e+00
-3.9490e-01  8.8021e-01  1.9596e-01  1.6952e+01  3.7419e+00  1.6920e+00  1.7442e+01  1.0000e+00
-2.5406e-01  6.2413e-01  1.5394e-01  8.2873e+00  5.2029e+00  1.6537e+01  1.9215e+01  1.0000e+00
 9.0973e-01  6.5971e-02 -9.4011e-02 -1.6371e+00  3.7019e+00 -2.3849e+00  4.6981e+00  1.0000e+00
-2.0776e-02  7.7461e-01  2.5838e-01 -2.0045e+01 -2.2075e+01  5.3047e-01  2.9822e+01  1.0000e+00
-9.0385e-01  1.4916e+00  1.2990e+00  3.4295e+00  4.6220e+00  3.4974e+00  6.7347e+00  1.0000e+00
 5.7290e-01 -4.6830e+00  8.3234e+00  1.6544e+00 -1.3476e+01  2.3699e+01  2.7313e+01  1.0000e+00
-1.0413e+01  8.2365e+00 -6.5643e+00 -5.8375e+01  4.4516e+01 -3.7433e+01  8.2405e+01  1.0000e+00
-1.1937e-01  2.1651e-01  7.9760e-01  9.1930e+00 -3.3580e+00  1.2220e+01  1.5656e+01  1.0000e+00
 5.8256e-01 -1.2653e-01  5.4792e-01 -3.1317e+00  2.3728e+00 -3.9159e+00  5.5473e+00  1.0000e+00
 4.3054e-02  6.3855e-01 -1.3924e-01 -6.3212e+00 -3.4035e+00 -1.5002e+01  1.6631e+01  1.0000e+00
 3.3086e-01  1.5674e+00 -5.1198e-01  7.0351e-01  6.5523e+00 -6.0607e+00  8.9532e+00  1.0000e+00
 1.0172e-01  5.6390e-01  2.1606e-01 -2.6319e+01 -5.4331e+00 -9.0416e+00  2.8354e+01  1.0000e+00
-9.7993e-01  6.8507e-01  3.8469e-01  6.1579e+00 -3.3942e+00 -7.0848e+00  9.9817e+00  1.0000e+00
-7.9500e+00  6.6827e+00 -2.2335e+00 -2.2829e+01  1.9295e+01 -6.3404e+00  3.0556e+01  1.0000e+00
 4.6322e+00 -3.6027e+00 -1.4171e+01  1.4211e+01 -1.1218e+01 -4.3505e+01  4.7122e+01  1.0000e+00
-8.0672e-02  7.0609e-01  4.0245e-01  4.2115e-01  1.6543e+01 -1.0294e+01  1.9489e+01  1.0000e+00
-2.9561e-01 -9.3531e+00 -6.6818e+00 -3.4399e+00 -2.6085e+01 -1.9878e+01  3.2976e+01  1.0000e+00
-3.3790e+00  3.1735e+00 -1.3463e+01 -1.0633e+01  1.0069e+01 -4.0906e+01  4.3449e+01  1.0000e+00
 1.6997e+00 -8.2821e+00  5.6951e-02  4.7073e+00 -2.3916e+01  2.7454e-01  2.4376e+01  1.0000e+00
 6.1449e-01  1.3356e+00  1.1170e-01 -1.9426e+00 -5.0789e+00  1.5494e+00  5.6542e+00  1.0000e+00
-1.5944e+00 -1.9893e+00 -9.0990e+00 -4.6702e+00 -6.3550e+00 -2.5471e+01  2.6664e+01  1.0000e+00
 6.4545e-01  2.0890e+00  1.7666e+00  5.2897e+00  9.7459e+00  9.8429e+00  1.4827e+01  1.0000e+00
-1.9312e-01  4.7719e-01  2.4810e-01  1.1563e+01  6.0874e+00  3.1638e+01  3.4230e+01  1.0000e+00
 4.3599e+00  3.0066e+00  6.1913e+00  1.8656e+01  1.0250e+01  2.5399e+01  3.3140e+01  1.0000e+00
-5.0708e-01  8.0198e-01 -6.6779e-02 -5.2337e+00 -4.7252e-01 -4.6552e+00  7.0203e+00  1.0000e+00
 5.4857e+00 -6.9931e+00 -2.8127e+00  1.7085e+01 -1.9369e+01 -7.8140e+00  2.6984e+01  1.0000e+00
-3.5669e-01  7.2628e-01  2.2015e-01 -8.9698e+00 -1.3086e+01  1.9462e+00  1.5984e+01  1.0000e+00
-4.8501e-01  5.3583e-01 -1.2318e-01 -6.5820e+00  5.2126e+00 -1.2667e+01  1.5197e+01  1.0000e+00
-9.5421e+00 -4.3180e+00 -3.0409e+00 -2.7971e+01 -1.2508e+01 -8.5935e+00  3.1823e+01  1.0000e+00
 5.1204e+00  2.5791e+00  4.7799e+00  1.3427e+01  7.9794e+00  1.4254e+01  2.1145e+01  1.0000e+00
-1.5617e-01  7.4376e-01  6.9297e-02 -8.5609e+00  1.8934e-01 -2.1518e+01  2.3159e+01  1.0000e+00
 3.7199e+00 -1.2304e+01 -9.6808e-01  1.1588e+01 -3.7264e+01 -2.9548e+00  3.9136e+01  1.0000e+00
-1.6163e-01  6.8658e-01  5.4671e-02  1.2298e+01  4.6679e+00  1.1779e+01  1.7657e+01  1.0000e+00
-1.7209e+01 -1.6096e+00  2.5427e+01 -5.7017e+01 -5.5882e+00  8.4114e+01  1.0177e+02  1.0000e+00
 7.0822e+00 -1.2345e+01 -9.9992e+00  2.2136e+01 -3.7926e+01 -3.0892e+01  5.3691e+01  1.0000e+00
-1.1724e+00  1.0229e+00  4.7361e-01 -2.4273e+00  1.1009e+00  1.4031e+00  3.0120e+00  1.0000e+00
-1.5242e-01  3.8760e-01  1.4315e-01 -3.4832e+01  2.1277e+01  6.6592e+00  4.1356e+01  1.0000e+00
-2.3137e-01  8.0949e-01  1.0283e-01  1.2235e+01  1.7178e+01  1.9216e+01  2.8531e+01  1.0000e+00
-4.4447e+00 -1.1689e+00 -3.3470e+00 -1.1107e+01 -1.8556e+00 -8.0779e+00  1.3859e+01  1.0000e+00
 1.1742e+00  1.0645e+00  1.0848e-01  6.4006e+00  4.4336e+00 -1.1796e+00  7.8750e+00  1.0000e+00
-3.3656e-01  5.3461e-01  2.6137e-01  3.5732e+00  2.2383e+01  5.3397e+00  2.3287e+01  1.0000e+00
-2.3837e-01 -9.4133e+00 -6.6790e+00  2.4613e+00 -2.8433e+01 -1.9140e+01  3.4363e+01  1.0000e+00
-1.8703e-01  8.6351e-01  2.2938e-01  3.5076e+00 -1.0673e+01  4.8115e+00  1.2221e+01  1.0000e+00
-2.1083e-01  8.2639e-01  6.1424e-01  1.8054e+00  7.9039e+00  4.1888e+00  9.1256e+00  1.0000e+00
-3.0912e-01  7.7004e-01  1.8048e-01  6.1612e+00 -1.5874e+01  2.1051e+00  1.7157e+01  1.0000e+00
-9.6515e-02  9.0248e-01 -5.4132e-01  8.1991e+00  3.2523e+00 -3.9517e+00  9.6654e+00  1.0000e+00
-2.2733e-01  7.0826e-01  2.6050e-01  3.0831e+00  1.7978e+01  5.4147e+00  1.9027e+01  1.0000e+00
-1.8313e+01 -2.1589e+01  9.9889e+00 -5.1425e+01 -6.2664e+01  2.9577e+01  8.6291e+01  1.0000e+00
-2.2423e-01  1.6304e-01  5.2700e-02  5.8652e+00 -1.3611e+00  9.3280e+00  1.1102e+01  1.0000e+00
-1.4044e+00  2.3648e+00 -1.1569e+00 -6.9798e+00  1.2269e+01 -5.2796e+00  1.5071e+01  1.0000e+00
-1.7633e-01  7.6063e-01  1.6017e-01 -9.0849e+00  2.0391e+01  2.0090e+00  2.2414e+01  1.0000e+00
-5.8798e-02  6.5203e-01  1.9577e-01  9.7512e+00 -1.6285e+01  1.5498e+01  2.4505e+01  1.0000e+00
-3.0595e-01  5.9917e-01  1.6275e-02  2.5283e+01 -1.0552e+01 -6.2185e+00  2.8093e+01  1.0000e+00
 4.2116e-01  6.3575e-01  1.1980e-01 -1.5512e+01 -7.8335e+00  3.4452e+00  1.7716e+01  1.0000e+00
-9.7981e-02  7.8856e-01  3.9706e-01  1.5409e+00  3.8159e-01  2.2906e+01  2.2961e+01  1.0000e+00
-5.4137e-02 -8.2748e+00  4.0169e+00 -2.2757e-01 -2.4029e+01  1.1274e+01  2.6544e+01  1.0000e+00
-1.0431e+01 -6.3347e+00 -3.7937e+00 -3.1688e+01 -1.8466e+01 -1.0780e+01  3.8227e+01  1.0000e+00
-1.3612e+00 -1.0491e+00 -5.3866e-01 -4.6649e+00  6.1122e+00  2.8703e-02  7.6890e+00  1.0000e+00
-1.7220e-01  5.7100e-01  4.1475e-01 -1.0417e+01 -3.7545e+00 -2.0207e+01  2.3042e+01  1.0000e+00
 1.3444e+01 -4.8428e+00 -8.3324e-01  4.1019e+01 -1.4580e+01 -2.2888e+00  4.3593e+01  1.0000e+00
-5.0717e-01  1.3376e+00 -2.7610e-01 -1.2709e+01 -1.4785e+00  8.6792e+00  1.5461e+01  1.0000e+00
 1.3762e+02 -1.7058e+02  1.1214e+02  3.8386e+02 -4.7418e+02  3.0947e+02  6.8408e+02  1.0000e+00
-1.8582e-01  2.0085e-01  3.6748e-01 -1.3363e+01  3.0795e+00  3.4802e+00  1.4148e+01  1.0000e+00
-2.5052e-01  6.6853e-01 -1.6271e-01 -1.8797e+01  1.3521e+01 -6.9526e+00  2.4176e+01  1.0000e+00
-2.1565e-01  7.2224e-01  1.6094e-01  2.8988e+00 -1.5137e+01  1.2576e+00  1.5464e+01  1.0000e+00
 7.6548e+00  6.2297e+00  5.1898e-01  2.1946e+01  1.7567e+01  1.9093e+00  2.8176e+01  1.0000e+00
-5.6320e+00 -1.5641e+00  2.8610e+00 -1.9950e+01 -4.7387e+00  1.1106e+01  2.3319e+01  1.0000e+00
 1.8992e+00 -1.0324e+01  6.0220e-01  5.3464e+00 -3.0026e+01  1.2507e+00  3.0524e+01  1.0000e+00
-3.2169e-01  6.5626e-01  3.0246e-02  1.0148e+01  7.9539e+00  3.0095e+01  3.2740e+01  1.0000e+00
 5.3578e-01  4.8721e+00 -7.4589e+00  1.3423e+00  1.3637e+01 -2.1421e+01  2.5429e+01  1.0000e+00
-1.7429e+01  5.8597e+00  6.3912e+00 -6.8708e+01  2.3110e+01  2.5038e+01  7.6693e+01  1.0000e+00
-2.8778e-01  4.6330e-01  3.2599e-01  1.3942e-01 -1.9177e+01 -3.2332e-01  1.9180e+01  1.0000e+00
-3.6848e-01  1.2014e+00  4.5042e-01 -4.7030e+00 -1.4148e+01  2.6401e-01  1.4912e+01  1.0000e+00
-4.7802e-01  6.9179e-01 -1.4909e-01 -7.2730e+00  1.2237e+01 -7.7114e+00  1.6190e+01  1.0000e+00
 1.1411e+00  3.5523e-01 -4.5902e-01  1.0475e+01 -2.7131e+00 -3.6747e+00  1.1428e+01  1.0000e+00
 1.0283e+00 -1.0405e+01  8.2586e+00  2.9759e+00 -3.1481e+01  2.5025e+01  4.0326e+01  1.0000e+00
 4.1184e+00 -7.6095e+00  3.1700e+00  2.3701e+01 -4.4488e+01  1.7381e+01  5.3320e+01  1.0000e+00
-5.2493e-02  6.5533e+00  8.8731e-01 -3.3220e+00  1.7184e+01  3.2176e+00  1.7796e+01  1.0000e+00
-3.8009e-01  7.3466e-01 -4.9099e-02  4.0196e+00  2.5128e+01 -7.5082e+00  2.6532e+01  1.0000e+00
 2.2651e+00 -1.0477e+00  5.5123e-01 -1.5041e+00  1.7789e+00  5.9248e-01  2.4037e+00  1.0000e+00
-9.5399e-02  7.2916e-01  2.0628e-01 -2.4197e+01 -8.1958e+00  6.9267e+00  2.6470e+01  1.0000e+00
 5.6656e+00 -2.1028e+00  3.1665e+00  1.5429e+01 -4.0266e+00  8.0528e+00  1.7864e+01  1.0000e+00
-1.9669e-01  6.5603e-01  1.0548e-01 -2.7530e+01  2.8206e+01 -9.6086e+00  4.0568e+01  1.0000e+00
-8.8784e-02  5.2923e-01  2.5655e-01  2.3136e+01 -1.0201e+01 -1.0228e+01  2.7275e+01  1.0000e+00
 9.6771e-02  2.7587e-01  1.1719e-01 -2.4605e+00  2.3576e+00 -4.1844e+00  5.3965e+00  1.0000e+00
-2.2844e+00 -1.9674e+00 -1.1334e+01 -6.4766e+00 -5.4921e+00 -3.3559e+01  3.4617e+01  1.0000e+00
-1.2095e+00 -6.0026e-01  2.9130e+00 -1.8865e+00 -9.9315e-01  7.6272e+00  7.9196e+00  1.0000e+00
 1.3648e+01 -3.5104e-01 -3.0448e+00  4.1575e+01 -7.4843e-01 -8.6683e+00  4.2476e+01  1.0000e+00
-3.3896e-01  1.0074e+00 -1.7667e-02 -5.6904e+00  4.3105e+00 -2.0152e+01  2.1379e+01  1.0000e+00
 4.7323e+00 -6.7039e-01  1.2429e+01  1.4666e+01 -2.6815e+00  3.8226e+01  4.1031e+01  1.0000e+00
-9.7776e-02  6.1027e-01  1.5566e+00  2.2692e+00  1.2209e+00  1.3825e+00  2.9242e+00  1.0000e+00
-2.9436e-01  9.9387e-01 -4.6603e-01  1.7502e+01  1.3196e+01  8.5491e-01  2.1936e+01  1.0000e+00
-5.5635e+00  9.3928e-01  8.9340e+00 -1.5812e+01  2.7032e+00  2.6185e+01  3.0708e+01  1.0000e+00
-5.8701e-01  5.4627e+00 -5.7382e-02 -4.2905e+00  1.0075e+01 -1.0511e+00  1.1001e+01  1.0000e+00
-9.7632e-02  5.6965e-01  5.1164e-01  6.1861e+00  6.9370e+00  6.2765e+00  1.1215e+01  1.0000e+00
 7.9234e-01  2.1856e+01  1.4436e+01  2.8402e-01  6.3557e+01  4.0531e+01  7.5381e+01  1.0000e+00
-3.7084e+00  3.3096e+00 -1.5578e+00 -8.1096e+00  6.9869e+00 -1.5881e+00  1.0821e+01  1.0000e+00
-4.7170e-01  6.7510e-01  2.9961e-01  1.0256e+01 -2.3816e+01  8.3417e+00  2.7239e+01  1.0000e+00
 2.4484e-01  4.5513e-01 -7.2922e-01 -1.5334e+00  3.2316e+00  9.8850e+00  1.0512e+01  1.0000e+00
-1.3300e-01  1.5320e+00  5.5259e-01 -1.6177e+00  3.7747e-01 -4.7026e+00  4.9873e+00  1.0000e+00
-1.4172e-01  9.5844e-01 -2.1356e-01  9.8853e+00  8.6651e+00  2.5854e+00  1.3397e+01  1.0000e+00
 1.4002e-02  7.2006e-01  3.1993e-01  1.2599e+01 -1.1323e+01 -3.2924e-01  1.6942e+01  1.0000e+00
-2.5890e+00 -8.6013e-02  3.4105e+00 -3.1069e+00  8.7188e-01  5.6300e+00  6.4892e+00  1.0000e+00
-1.3411e-01  5.1750e-01  1.7399e-01 -1.4490e+01 -2.1169e+00 -1.0854e+01  1.8228e+01  1.0000e+00
-6.1620e+00  5.1847e+00  1.9378e+00 -2.7601e+01  2.3034e+01  7.3950e+00  3.6702e+01  1.0000e+00
-4.0509e-01  5.2767e-01 -8.3121e-02 -1.6045e+00 -1.3021e+01 -5.4105e+00  1.4192e+01  1.0000e+00
 3.1372e-01  4.4930e-01  4.9216e-01  4.9381e+00 -6.8641e+00  5.8902e+00  1.0305e+01  1.0000e+00
-1.6605e-01  2.8998e-01  4.2804e-01 -1.0893e+00  9.4395e-01 -5.9663e+00  6.1380e+00  1.0000e+00
-2.0170e-01  6.0361e-01 -1.1235e-01  3.4561e-01  2.2105e+01 -6.3238e+00  2.2994e+01  1.0000e+00
 4.5923e+00 -7.8876e+00 -3.8782e+00  1.3365e+01 -2.2061e+01 -1.1295e+01  2.8158e+01  1.0000e+00
-1.4008e+00  9.5883e-01  6.5730e-01  5.8081e+00  3.9356e+00 -1.0678e+00  7.0967e+00  1.0000e+00
 5.8708e+00  1.5376e+00 -1.3615e+01  1.7918e+01  5.2836e+00 -3.8334e+01  4.2643e+01  1.0000e+00
-1.0240e+00  5.5897e+00 -3.7671e+00 -2.6823e+00  1.4539e+01 -8.3012e+00  1.6956e+01  1.0000e+00
-1.1731e+01 -4.2109e+00  2.7986e+00 -3.5863e+01 -1.2269e+01  8.5045e+00  3.8846e+01  1.0000e+00
 1.4583e+01 -1.4188e+00 -6.0220e+00  4.5308e+01 -4.3144e+00 -1.8405e+01  4.9094e+01  1.0000e+00
 5.6249e+00 -3.0985e+01  1.9180e+01  1.7617e+01 -9.7743e+01  6.0762e+01  1.1643e+02  1.0000e+00
-5.3545e-02  5.7192e-01  4.4202e-01 -4.5939e+00  1.8300e+01  3.8354e+00  1.9254e+01  1.0000e+00
-3.4913e-01  6.6515e-01  3.7129e-01  2.0812e+01 -9.1801e+00 -7.8284e+00  2.4056e+01  1.0000e+00
-2.6798e-01  6.9630e-01  3.0314e-01  2.3758e+01 -8.2692e+00 -7.8371e+00  2.6348e+01  1.0000e+00
-1.1204e+00  6.0949e-01  7.1035e-01 -5.7615e+00 -1.7220e+00  2.6560e+00  6.5738e+00  1.0000e+00
-7.3257e+00 -3.8202e+00 -3.7456e+00 -2.1368e+01 -9.8377e+00 -1.0985e+01  2.5962e+01  1.0000e+00
-7.8957e-01  4.5191e-01 -3.5993e-01 -8.7199e+00 -6.4024e+00 -1.1725e+00  1.0881e+01  1.0000e+00
-6.1808e-01  3.4850e-01 -1.3467e-01  4.8814e-01  2.3096e+00 -2.2451e+01  2.2574e+01  1.0000e+00
-1.7695e-01  5.5909e-01  5.2853e-01  5.6303e+00 -2.2965e+00 -4.0692e+00  7.3166e+00  1.0000e+00
-1.0769e-01  6.3377e-01  1.5649e-01  2.1759e+01  3.6026e+00  1.0116e+01  2.4264e+01  1.0000e+00
 2.1584e+00 -2.3484e+00 -2.7266e+00  4.1825e+00 -2.9783e+00 -3.6829e+00  6.3188e+00  1.0000e+00
-2.6317e-01  7.6719e-01  1.0332e-01  1.8829e+01  7.1382e-02  1.1107e+01  2.1861e+01  1.0000e+00
-3.3741e-01  8.4127e-01  3.9811e-01  4.6129e+00  9.0149e+00 -2.0097e-01  1.0129e+01  1.0000e+00
 4.9970e+00 -5.9141e+00 -7.4204e+00  1.4433e+01 -1.7758e+01 -2.1161e+01  3.1168e+01  1.0000e+00
 3.4951e-01  7.2496e-01  5.7763e-01  1.8343e+00 -1.0874e+00  1.0859e+01  1.1067e+01  1.0000e+00
-2.9770e-01  6.8422e-01  3.9389e-01 -1.2576e+01  1.7180e+01  1.1445e+01  2.4173e+01  1.0000e+00
-7.2846e-01  1.1086e+00  5.7594e-01 -4.2365e+00  9.1583e+00  4.6213e+00  1.1099e+01  1.0000e+00
-6.8811e-01  8.1555e-01  1.4199e+00  2.9672e-01 -7.3352e+00 -3.4970e+00  8.1315e+00  1.0000e+00
 1.8247e+00 -4.9746e-01 -1.2038e+00  3.2766e+01 -1.6833e+01 -2.1669e+01  4.2738e+01  1.0000e+00
-2.0427e-01  6.7729e-01  1.4698e-01 -1.2193e+00  1.1690e+01  2.0589e+01  2.3707e+01  1.0000e+00
 2.4878e-01  4.9023e-01  2.1736e-01 -2.1544e+01  2.0915e+01  2.5925e+00  3.0137e+01  1.0000e+00
-1.3043e+01  3.1658e+00  6.3926e+00 -6.0395e+01  1.4489e+01  2.9823e+01  6.8898e+01  1.0000e+00
-1.9000e-01  4.5858e-01  2.6042e-01 -7.3538e+00  8.5361e-01 -4.4851e-01  7.4168e+00  1.0000e+00
 6.9067e+00  4.7492e+00 -6.9646e-01  1.8514e+01  1.3830e+01 -1.1060e+00  2.3135e+01  1.0000e+00
-1.5382e-01  5.3427e-01  2.4804e-01  1.0385e+01  2.8168e+01 -1.7825e+01  3.4914e+01  1.0000e+00
-6.0168e-02  6.9656e-01  2.2951e-01  2.4761e+01  2.9136e+00  2.2540e+01  3.3610e+01  1.0000e+00
-3.4777e-01  6.1028e-01  3.0077e-01 -1.3330e+01  1.4228e+01  9.3179e+00  2.1609e+01  1.0000e+00
 1.1852e+00  6.6307e+00 -5.8937e-02  4.2928e+00  1.6362e+01 -1.5131e+00  1.6983e+01  1.0000e+00
-1.3735e+02  1.7023e+02 -1.1348e+02 -3.7964e+02  4.7214e+02 -3.1702e+02  6.8377e+02  1.0000e+00
 5.3271e-01  1.1984e+00  4.8930e-01 -7.7521e-01  1.2824e+01  6.1109e+00  1.4227e+01  1.0000e+00
-3.6088e-02  6.6130e-01  2.0189e-01 -1.0577e+01  1.1192e+01 -4.9979e+00  1.6190e+01  1.0000e+00
 2.8355e-01 -4.9298e-01  2.3896e-01  3.0392e-01 -3.9534e+00  5.3022e-01  4.0003e+00  1.0000e+00
-1.7143e-01  6.0390e-01  3.8879e-01 -1.4365e+01  7.2364e+00 -1.4454e+01  2.1625e+01  1.0000e+00
 2.9149e-01  5.2975e-01 -9.0352e-02 -1.5148e+01 -4.6806e+00 -6.5851e+00  1.7168e+01  1.0000e+00
 4.6991e+00 -6.9623e+00 -6.7240e+00  1.5102e+01 -1.9634e+01 -1.8415e+01  3.0866e+01  1.0000e+00
 2.1775e+00 -5.1065e-01  3.7791e-02  5.9960e+00 -4.8032e-01  1.4579e+00  6.1893e+00  1.0000e+00
-1.8616e+00  2.6749e-02  1.7029e+00 -2.6729e+00  9.3103e-02  6.6212e+00  7.1409e+00  1.0000e+00
-4.3453e-01  7.7298e-01  3.8025e-02 -1.5067e+00  5.3477e+00  1.6790e+01  1.7685e+01  1.0000e+00
-1.0207e+01  5.2110e-01  8.6716e+00 -3.0890e+01  2.2866e+00  2.6720e+01  4.0907e+01  1.0000e+00
 2.9744e-02  5.1299e-01  1.8972e-01  1.9995e+00  1.4584e+01  2.2573e+01  2.6949e+01  1.0000e+00
-5.9520e-02  6.3775e-01  2.8219e-01  1.9439e+00  6.2756e+00 -1.3072e+01  1.4630e+01  1.0000e+00
-6.8954e+00  6.2062e+00 -1.1101e+01 -2.0920e+01  1.9310e+01 -3.3795e+01  4.4188e+01  1.0000e+00
 1.1645e+01 -7.9926e+00  3.1944e+00  3.5408e+01 -2.3992e+01  9.8860e+00  4.3898e+01  1.0000e+00
 6.4018e+00 -3.9233e+00  7.0551e+00  1.8166e+01 -1.1192e+01  2.0789e+01  2.9790e+01  1.0000e+00
-4.9352e-01  5.2425e-01 -8.2990e-02  2.3365e+01 -1.4154e+00  3.2852e-01  2.3410e+01  1.0000e+00
-2.6324e-01  7.1801e-01  2.6085e-01  4.6970e+00  1.3539e-01 -1.2604e+00  4.8650e+00  1.0000e+00
-4.1987e-01  8.8318e-01  4.5416e-01 -6.8999e-01  4.7371e+00  2.4638e+00  5.3839e+00  1.0000e+00
-5.3490e+00  9.7410e-01  1.8752e+00 -1.2665e+01  1.1254e+00  3.6122e+00  1.3218e+01  1.0000e+00
-3.4392e-01  5.2677e-01  1.6461e-01  7.1130e-01 -1.6921e+01  1.7570e+01  2.4403e+01  1.0000e+00
-1.0814e-01  2.4478e-01 -1.1428e-01  6.7512e+00 -9.4191e+00  1.8145e+00  1.1730e+01  1.0000e+00
 1.9147e-01  6.6490e-01  4.3494e-01  2.0518e+00  7.8426e+00  3.6740e+00  8.9003e+00  1.0000e+00
-2.2222e-01  7.6064e-01  2.5770e-01 -6.3506e+00  2.0314e+01 -1.1035e+01  2.3974e+01  1.0000e+00
-4.7917e+00  4.3621e+00 -4.0116e+00 -1.2621e+01  1.3792e+01 -1.0569e+01  2.1476e+01  1.0000e+00
 3.9761e-01  8.4237e-01  4.9638e-01 -2.1008e+00  1.6142e+01  2.4766e+00  1.6466e+01  1.0000e+00
-3.5842e+00  2.2926e+00 -8.8533e+00 -1.0513e+01  6.6069e+00 -2.5330e+01  2.8210e+01  1.0000e+00
-8.2932e-01  6.0154e+00  2.7538e+00 -5.7831e+00  1.4492e+01  4.8622e+00  1.6343e+01  1.0000e+00
-1.1006e+01 -2.5339e+00 -3.2526e+00 -3.3892e+01 -6.9635e+00 -8.7087e+00  3.5679e+01  1.0000e+00
-1.4902e+00  7.5345e-01  2.2201e-01 -9.7325e+00 -2.0918e+00  3.4651e+00  1.0541e+01  1.0000e+00
-5.7080e-02 -1.2050e-01 -2.1094e+00  3.7715e-02 -1.9065e+00 -8.6585e+00  8.8660e+00  1.0000e+00
 7.6089e-02  5.5425e-01 -1.1403e-01  1.3832e+01  9.3049e+00  3.7668e+00  1.7091e+01  1.0000e+00
-6.6176e-01  7.1130e-01  8.2447e-02 -2.6576e+00 -4.4411e+00 -1.3518e+01  1.4475e+01  1.0000e+00
-2.7902e-01  8.2182e-01 -2.7465e-01 -1.9280e-01  4.0394e+00 -2.0132e+01  2.0534e+01  1.0000e+00
-4.8920e-01  4.0975e-01  2.6449e-01  1.1579e+00 -7.5224e+00 -3.1029e+00  8.2192e+00  1.0000e+00
-7.9058e-01 -2.9925e-02  6.3707e-01  7.2989e+00  1.1694e+01 -2.5714e-01  1.3787e+01  1.0000e+00
 2.4530e+00 -1.3979e+00  1.1367e+00  4.3155e+00 -8.6897e-01 -4.8148e+00  6.5239e+00  1.0000e+00
-2.3563e-01  6.8802e-02 -1.0249e-02 -1.9118e+00 -1.8987e+00  3.7542e+00  4.6210e+00  1.0000e+00
-5.1502e-01  1.0882e+00 -2.3499e-01  5.8385e+00 -3.4032e+00  4.9688e+00  8.3880e+00  1.0000e+00
-1.4565e+01  1.6590e+01 -1.0179e+01 -4.2016e+01  4.4295e+01 -2.6690e+01  6.6632e+01  1.0000e+00
 3.2506e-02  2.7456e-01 -1.5910e+00  1.4607e+00  1.5316e+00 -6.3400e+00  6.6839e+00  1.0000e+00
 2.4225e+00  1.3608e+00 -8.3639e-01 -1.9663e-01  6.2719e+00 -7.6286e-01  6.3212e+00  1.0000e+00
-1.2937e+00  5.4015e-02 -7.9856e-01 -2.3319e+01 -1.2622e+01 -2.3486e+01  3.5421e+01  1.0000e+00
-1.0869e-01  7.3308e-01  2.9278e-02 -8.4960e-01 -1.2441e+00  1.0642e+01  1.0748e+01  1.0000e+00
-2.8521e-01 -8.0828e+00 -4.3033e+00 -6.4261e-01 -2.2505e+01 -1.2762e+01  2.5880e+01  1.0000e+00
-8.9229e-02  6.8974e-01  2.1618e-01  4.7477e+00  9.0962e+00 -2.7345e+01  2.9207e+01  1.0000e+00
 4.7298e+00 -7.0190e+00 -6.6125e+00  1.2752e+01 -2.0774e+01 -2.0120e+01  3.1607e+01  1.0000e+00
-4.8538e-03  4.9157e-01  2.1561e-01  2.1464e+01  2.4929e+00 -8.9429e-01  2.1627e+01  1.0000e+00
-3.7421e-02  4.7172e-01  2.4891e-01 -5.3174e+00  1.5218e+01 -5.1214e+00  1.6914e+01  1.0000e+00
 2.9550e-01  5.5137e+00  2.4556e+00  2.7761e+00  1.3678e+01  4.8806e+00  1.4785e+01  1.0000e+00
 2.3123e+00 -4.9108e+00  7.6764e+00  7.0478e+00 -1.3980e+01  2.2059e+01  2.7051e+01  1.0000e+00
-1.7379e-01  8.0700e-01  5.9426e-02 -8.2302e+00 -7.0891e+00 -1.0849e+01  1.5352e+01  1.0000e+00
-1.7525e+00  1.4259e+00 -2.8904e-01 -4.5252e+01  2.4807e+01 -1.0658e+01  5.2694e+01  1.0000e+00
-6.6845e-02  6.5886e-01  1.3865e-01 -3.0952e+00  1.2984e+01 -4.5353e+00  1.4098e+01  1.0000e+00
-6.0574e-01  6.5649e-01 -4.8805e-02 -9.9956e+00  9.0092e+00 -5.1490e+00  1.4408e+01  1.0000e+00
-5.9829e+00 -1.9968e+00  3.8258e+00 -1.6422e+01 -5.3529e+00  8.9613e+00  1.9459e+01  1.0000e+00
-2.5350e-01  4.7982e-01  6.2857e-01  7.1937e+00 -1.0506e+01  1.2516e+01  1.7854e+01  1.0000e+00
-2.1210e-01  5.0019e-01  5.6106e-01 -7.0928e+00 -9.9417e+00 -1.0409e+01  1.6047e+01  1.0000e+00
 8.7584e+00 -1.1355e+01 -8.7662e-01  2.7087e+01 -3.4400e+01 -2.8137e+00  4.3874e+01  1.0000e+00
-7.1120e-02  1.1386e+00 -1.7660e-01 -7.0041e-01  1.0535e+01  4.3047e-02  1.0558e+01  1.0000e+00
-1.8160e+00  7.9627e-01  9.5235e-01  6.6599e+00  5.0918e+00 -6.2665e+00  1.0467e+01  1.0000e+00
-3.4644e-01  4.4984e-01  3.2933e-01  1.8438e+01 -3.2716e+00  6.8670e+00  1.9945e+01  1.0000e+00
-1.7147e-01  6.0182e-01 -2.3093e-02  1.5171e+01  1.5166e+01  3.6215e+00  2.1755e+01  1.0000e+00
 1.9229e+00 -1.2372e+00  3.1355e-01 -1.1209e+00  4.1139e-01  1.8217e-01  1.2078e+00  1.0000e+00
-9.5442e-02  5.9841e-01  6.0943e-03  5.4736e+00 -3.5306e-01  2.2681e+01  2.3334e+01  1.0000e+00
-4.1430e-01  9.6120e-01 -2.1571e-01  6.7863e+00  1.8721e+01 -1.3544e+01  2.4082e+01  1.0000e+00
-3.1376e+00 -1.2678e+00 -8.1350e-01 -9.7202e+00 -3.1451e+00 -1.6797e+00  1.0353e+01  1.0000e+00
-1.1754e-01  7.1225e-01  3.2076e-01 -1.0746e+01 -1.2241e+00 -1.1675e+01  1.5915e+01  1.0000e+00
-4.8175e-01  7.1688e-01  4.8666e-02 -9.9344e+00  1.6786e+01  5.6224e-01  1.9513e+01  1.0000e+00
-1.3911e-04  6.5941e-01  3.7425e-02  5.7724e+00  1.6687e+01 -5.3700e+00  1.8455e+01  1.0000e+00
-2.8639e-01  4.7853e-01  2.5571e-01 -3.3970e+00  1.2371e+01  2.1678e+00  1.3011e+01  1.0000e+00
-4.5913e-01  6.0176e-01  7.2116e-02 -6.6980e+00  1.7646e+01  6.0068e+00  1.9807e+01  1.0000e+00
-3.5370e-01  2.4356e-01 -2.6834e-01 -1.3380e+01  1.0480e+00 -3.4351e+00  1.3854e+01  1.0000e+00
 9.5879e-02 -3.6653e-02  1.2644e-01  1.5930e+00 -1.1762e+01 -4.9339e+00  1.2854e+01  1.0000e+00
-2.2687e-01  3.4680e-01  2.1141e-01  1.8152e+01 -1.2811e+01 -6.6099e+00  2.3179e+01  1.0000e+00
-7.6635e+00  6.4165e+00  2.8209e+00 -8.1517e+01  6.5341e+01  3.0812e+01  1.0892e+02  1.0000e+00
 7.7750e-01  6.8266e-01 -5.0286e-01 -9.4405e+00  7.4651e+00 -1.8283e+00  1.2173e+01  1.0000e+00
 3.3965e-01  8.4349e-01  1.1335e-01 -1.9695e-01  7.2392e+00  4.9324e+00  8.7620e+00  1.0000e+00
-3.7475e+01  1.5133e+00  3.3452e+01 -2.4181e+02  7.3671e+00  2.1773e+02  3.2547e+02  1.0000e+00
-4.4777e-01  4.8732e-01  1.2951e-01  3.9281e+00 -1.9560e+00 -8.0470e+00  9.1657e+00  1.0000e+00
 8.2379e-02  1.4696e+00 -2.4767e-01 -6.6069e+00 -1.2720e+01  1.4105e+00  1.4403e+01  1.0000e+00
-3.2110e-01  6.7678e-01  3.1880e-01  1.1218e+00 -1.8139e+01  4.1634e+00  1.8644e+01  1.0000e+00
-1.9243e+00  2.9769e+00  7.5175e+00 -4.5246e+00  6.4195e+00  1.6822e+01  1.8565e+01  1.0000e+00
 4.1914e+00  1.3375e+00  8.1005e-01  6.5843e+00  3.5984e+00  2.3180e+00  7.8533e+00  1.0000e+00
 5.2606e+00 -2.9253e+00 -4.5523e+00  1.3957e+01 -8.5280e+00 -1.1864e+01  2.0206e+01  1.0000e+00
-5.8659e-01  6.2123e-01  1.1432e-01 -1.2129e+01  1.2208e+00  3.5345e+00  1.2692e+01  1.0000e+00
 6.9467e+00 -7.1443e+00 -1.0614e+01  2.1496e+01 -2.1619e+01 -3.1843e+01  4.4085e+01  1.0000e+00
-3.1486e-01  5.3740e-01  7.7339e-02  1.2346e+01 -2.2226e+00  8.6938e+00  1.5263e+01  1.0000e+00
-1.3761e-01  5.4257e-01  2.4888e-01 -6.4869e-01 -1.3937e+01 -1.1222e+01  1.7906e+01  1.0000e+00
-1.8696e-01  5.0755e-01  2.5676e-01  7.7016e+00 -2.0798e+00 -1.2285e+01  1.4648e+01  1.0000e+00
-7.4714e-01 -3.8145e-01 -7.6359e-01 -2.6174e+01 -4.3785e+01 -4.0309e+01  6.5016e+01  1.0000e+00
-1.8361e-01  4.1190e-01  2.3247e-01  4.9295e+00  2.4498e+01 -6.7924e+00  2.5896e+01  1.0000e+00
-4.2108e-01  4.1026e-01  4.9887e-01 -2.1604e+01 -9.7318e+00  1.6144e+00  2.3749e+01  1.0000e+00
-2.2594e-01  7.3000e-01  3.6675e-01  3.2504e-01 -7.5797e+00  2.5384e+01  2.6493e+01  1.0000e+00
-4.2389e-02  6.6720e-01 -1.3956e-01  8.8058e-01 -1.4071e+01  1.4838e+01  2.0468e+01  1.0000e+00
-1.6872e+00  1.1927e+00  1.3555e+00 -9.5716e-01 -7.4518e-01  3.2014e+00  3.4236e+00  1.0000e+00
-2.7358e-01  6.5001e-01  1.4073e-01 -5.4448e+00 -1.3180e+01 -1.4854e+01  2.0591e+01  1.0000e+00
-2.0198e+00  2.7156e+00  8.0261e+00 -4.7208e+00  8.0841e+00  2.2344e+01  2.4225e+01  1.0000e+00
-1.0560e+00 -8.0197e-02 -9.0469e-01 -3.5891e+00 -5.8880e+00  5.5619e+00  8.8592e+00  1.0000e+00
-2.3336e-01  5.2606e-01  2.2247e-01 -5.4635e+00  8.3141e+00  2.5125e+00  1.0261e+01  1.0000e+00
-2.1532e-01  9.5431e-01  1.6665e-01 -2.6146e+00  1.6145e+01 -2.0673e+00  1.6485e+01  1.0000e+00
-8.4062e-01  2.1685e+00  2.0900e+00  3.8095e+00  1.8074e+00  1.7302e-01  4.2201e+00  1.0000e+00
 5.5053e+00 -1.3807e+01  2.4122e+01  1.5623e+01 -3.9434e+01  7.0954e+01  8.2665e+01  1.0000e+00
 1.0218e+01  1.9650e+00  9.5603e+00  3.0996e+01  5.8695e+00  2.9434e+01  4.3146e+01  1.0000e+00
 9.2147e-01  8.6641e-02  6.7317e-02 -1.0708e+01  1.0470e+01  5.3287e+00  1.5896e+01  1.0000e+00
-9.1950e-02  3.5226e-01  1.0723e-01 -6.2899e+00  6.1718e+00 -1.0339e+01  1.3585e+01  1.0000e+00
-4.7509e-01  5.6375e-01  4.0408e-01 -7.7938e+00 -1.9944e+00  5.3496e+00  9.6612e+00  1.0000e+00
-2.7280e+00  1.6874e+00  1.0820e+01 -8.1591e+00  5.6215e+00  3.2185e+01  3.3676e+01  1.0000e+00
-7.2662e+00 -1.8049e+00 -7.0883e+00 -2.0829e+01 -2.6100e+00 -1.9312e+01  2.8524e+01  1.0000e+00
-1.5313e-01  1.3623e+00  8.3641e-02 -5.9025e+00 -1.4558e+01  1.3580e+01  2.0765e+01  1.0000e+00
-3.5457e+00 -5.5922e+00 -6.0670e-01 -1.2611e+01 -2.2952e+01 -1.3675e+00  2.6224e+01  1.0000e+00
-1.1026e+00 -4.7957e-02  4.6414e-01 -9.5106e+00 -1.0844e+01  4.3918e+00  1.5078e+01  1.0000e+00
-2.9176e-01  6.4414e-01  1.7912e-01 -1.2518e+01  4.3435e-01  6.4817e+00  1.4103e+01  1.0000e+00
-9.5200e-01 -4.3686e-01 -6.8492e-02 -1.1001e+01 -9.7088e+00 -1.3637e+00  1.4735e+01  1.0000e+00
-1.7156e-01  6.9764e-01  3.2311e-01  9.3731e+00 -1.0649e+01 -5.3217e+00  1.5152e+01  1.0000e+00
-1.0383e-01  7.8059e-01  2.6329e-01 -2.4954e+01 -7.4345e+00 -3.7526e+00  2.6307e+01  1.0000e+00
-3.7342e+00  1.1667e+01 -1.5402e+00 -1.0941e+01  3.4913e+01 -4.3788e+00  3.6848e+01  1.0000e+00
 2.9033e+00  2.8242e-01  2.3325e+00  4.9090e+00  4.1350e+00  7.6692e+00  1.0001e+01  1.0000e+00
-7.1404e+00 -3.4503e-01 -1.8015e+00 -1.8941e+01  3.1537e-01 -5.0703e+00  1.9610e+01  1.0000e+00
-7.9902e-02  8.9465e-01 -9.1608e-01  7.8154e+00  5.5537e+00 -1.6817e+01  1.9358e+01  1.0000e+00
-5.8238e+00 -2.4411e+00  3.9159e+00 -1.4655e+01 -5.5979e+00  1.0901e+01  1.9103e+01  1.0000e+00
 2.3526e-02  4.7987e-01  4.7861e-01 -2.8623e+00  5.5562e+00 -1.0114e+01  1.1889e+01  1.0000e+00
 1.3581e+01  4.8512e+00  1.1562e+00  4.1115e+01  1.5038e+01  3.3785e+00  4.3909e+01  1.0000e+00
 5.0370e+00  7.1509e+00  8.0313e-01  1.4696e+01  2.0010e+01  3.1540e+00  2.5026e+01  1.0000e+00
-1.0593e+01 -6.5059e+00 -3.9788e+00 -3.2591e+01 -1.9398e+01 -1.2579e+01  3.9958e+01  1.0000e+00
-4.7428e-01 -1.1395e+00 -6.7790e-01 -5.0689e+00  3.0542e+00  5.1062e+00  7.8163e+00  1.0000e+00
-1.0535e+01 -3.4948e-01 -2.7394e+00 -3.1331e+01 -4.3011e-01 -8.2688e+00  3.2406e+01  1.0000e+00
-3.1581e-01  8.2572e-01  1.0814e+00  2.2496e+00  7.9789e-01  2.2334e-01  2.3973e+00  1.0000e+00
-1.8961e-01  1.2470e+00 -9.4637e-02 -7.4579e+00 -1.6159e+01  1.1187e+01  2.1021e+01  1.0000e+00
-2.3103e+00  8.5844e+00 -3.4506e+00 -6.1080e+00  2.5130e+01 -9.1274e+00  2.7425e+01  1.0000e+00
 9.8850e+00  8.2539e+00 -6.2687e+00  4.7397e+01  3.8362e+01 -2.9599e+01  6.7781e+01  1.0000e+00
-5.3954e-02  1.2928e+00  6.2746e-02  4.6741e+00 -1.0345e+01 -4.9532e+00  1.2385e+01  1.0000e+00
-1.2239e+00 -8.8859e-02 -2.7865e+00 -1.1191e-01  2.7059e+00 -2.7673e+00  3.8720e+00  1.0000e+00
-1.0805e-01  4.5652e-01  2.6660e-01 -2.4461e+01 -1.6814e+00 -1.7123e+01  2.9906e+01  1.0000e+00
 2.4189e+00 -2.3024e+00 -1.2346e+00  5.9994e+00 -4.1870e+00  2.8843e+00  7.8640e+00  1.0000e+00
-3.4544e-01  9.2178e-01  8.5325e-02  3.4961e+00 -2.3983e+01  1.5081e+01  2.8546e+01  1.0000e+00
-5.3593e-01  2.4670e-01  2.5471e-01 -1.9555e+01 -4.7204e+00  1.3957e+01  2.4484e+01  1.0000e+00
-7.9311e+00 -3.9582e+00 -1.3842e+01 -2.4968e+01 -1.2679e+01 -4.4121e+01  5.2258e+01  1.0000e+00
-1.4326e+01 -4.8884e+00 -4.5060e-01 -4.4106e+01 -1.4342e+01 -1.5411e+00  4.6405e+01  1.0000e+00
 1.6975e+00 -2.2240e+00 -2.9131e+00  5.3575e+00 -2.2339e+00 -5.4919e+00  7.9909e+00  1.0000e+00
 1.4566e+01  2.4087e+00 -1.4750e+00  4.4330e+01  7.9845e+00 -4.7574e+00  4.5294e+01  1.0000e+00
 6.9219e-02  5.6745e-01 -5.4823e-02  2.7330e+00 -1.3074e+01  1.5519e+00  1.3447e+01  1.0000e+00
-2.1239e-02  5.8158e-01  2.3573e-01  1.3712e+01  5.3081e+00  1.8607e+01  2.3715e+01  1.0000e+00
-4.1178e-01  5.7855e-01  2.8755e-01 -7.5462e+00  6.0151e-01  2.1875e+01  2.3148e+01  1.0000e+00
 4.1895e-01 -2.1569e-03  3.7909e-01  1.4318e+01 -5.4039e+00  2.5201e+00  1.5510e+01  1.0000e+00
-2.0632e-01  6.5967e-01  1.2864e-01 -5.6501e+00  5.0651e+00 -4.3950e+00  8.7690e+00  1.0000e+00
 6.3213e-01  2.7858e-01 -3.6401e-01  2.3217e-01 -3.8909e+00  1.0375e+00  4.0335e+00  1.0000e+00
-1.5694e-01  6.8373e-01 -8.1947e-02 -7.9717e+00  7.1907e+00  1.2765e+01  1.6680e+01  1.0000e+00
-6.1992e+00  5.3265e+00 -1.0918e+00 -1.6962e+01  1.4304e+01 -2.3506e+00  2.2312e+01  1.0000e+00
 1.3310e-01  6.8171e-01  7.6498e-02  5.1480e+00 -1.1185e+00 -1.2676e+01  1.3727e+01  1.0000e+00
-6.5826e+00 -1.9508e+00  4.9813e-03 -1.6545e+01 -5.0940e+00 -4.3579e-01  1.7317e+01  1.0000e+00
-2.1520e-01  3.7390e-01  3.7838e-01  1.1138e+01  2.9922e+01 -4.0190e+00  3.2180e+01  1.0000e+00
-2.6149e-01  7.3795e-01  2.4001e-01 -1.4954e+01  8.3882e+00 -2.5273e+01  3.0540e+01  1.0000e+00
-1.6040e-02  5.7559e-01  3.9063e-02  1.5331e+00 -1.6146e+01  1.6069e+01  2.2831e+01  1.0000e+00
-1.2337e-02  5.4753e-01  2.9180e-03 -8.9411e+00  1.7410e+01  7.0261e-02  1.9572e+01  1.0000e+00
 4.6509e+00 -1.1564e+01 -5.5620e+00  1.4172e+01 -3.4670e+01 -1.6745e+01  4.1027e+01  1.0000e+00
-1.0429e+01 -1.9668e+00  9.3963e+00 -3.1818e+01 -5.3670e+00  2.8647e+01  4.3149e+01  1.0000e+00
-2.1308e-01 -6.0059e-02  9.2327e-02 -3.5515e+00 -4.6657e+00 -4.5468e+00  7.4200e+00  1.0000e+00
-1.7952e+00 -1.1958e+00 -3.1437e+00 -3.4145e+00 -4.2842e-01 -3.7682e+00  5.1032e+00  1.0000e+00
 2.0932e+00 -1.3002e+00  8.6969e-01 -8.2008e-01  2.2774e+00  3.0191e+00  3.8696e+00  1.0000e+00
 5.9887e-02  4.6381e-01 -1.7133e-01 -7.0776e+00 -4.9420e+00 -1.0016e+01  1.3223e+01  1.0000e+00
-1.1019e+00 -9.2870e+00 -6.4955e+00 -2.6970e+00 -2.8329e+01 -2.0128e+01  3.4856e+01  1.0000e+00
-1.9408e+00  3.3844e+00 -2.8828e+00 -4.0096e+00  6.7037e+00 -4.1513e+00  8.8459e+00  1.0000e+00
-1.2712e+00  4.0047e-01  3.1331e-01 -5.6377e+00 -1.9953e-03  2.5671e+00  6.1946e+00  1.0000e+00
-3.8686e-01  5.4007e-01  1.7766e-01  3.0192e+01  1.1775e+01 -2.4934e+00  3.2502e+01  1.0000e+00
 5.4228e-02  1.2006e+00  8.4112e-02  1.2508e+01  1.7033e+01 -2.0257e+00  2.1229e+01  1.0000e+00
-1.9951e+00  8.9619e+00 -3.8376e+00 -5.6395e+00  2.5178e+01 -1.0442e+01  2.7835e+01  1.0000e+00
-1.8898e-01  6.3147e-01  9.1442e-02 -3.4600e+01 -1.1644e+00  2.2934e+01  4.1527e+01  1.0000e+00
 2.9718e-02  1.5399e+00  1.1513e+01  1.8519e+00  5.1979e+00  2.8932e+01  2.9453e+01  1.0000e+00
-2.8217e-01  2.8135e-01  2.1904e-01  4.5293e+00  3.3667e+01  2.8338e+00  3.4088e+01  1.0000e+00
-8.8169e-02  4.8719e-01  2.6389e-01 -1.4544e+01  1.1315e+00  8.0559e+00  1.6665e+01  1.0000e+00
-3.3232e-01  3.4262e-01  4.1311e-02  9.5427e+00  1.1812e+01  8.0772e+00  1.7200e+01  1.0000e+00
-1.1039e-01  5.0086e-01  2.7997e-01 -4.1818e+00 -1.7232e+00  2.5023e+01  2.5429e+01  1.0000e+00
 3.3065e+00  6.8599e+00  3.7661e+00  9.6363e+00  1.9513e+01  1.0146e+01  2.4011e+01  1.0000e+00
-1.0488e-01  4.4980e-01 -6.3895e-04 -4.0622e+00 -9.5139e+00  7.3091e+00  1.2666e+01  1.0000e+00
-5.6714e-01  1.9866e+00  1.1839e-01 -1.8972e-01 -5.5875e+00 -1.4512e+00  5.7760e+00  1.0000e+00
 1.8393e-01  4.9283e-01 -4.6573e-01  6.5431e+00  5.2836e+00 -5.3672e+00  9.9768e+00  1.0000e+00
-1.9533e-01  6.2394e-01  4.4156e-02 -1.0672e+01  2.9605e+01 -1.1108e+01  3.3373e+01  1.0000e+00
-1.2732e-02  2.3597e-01  8.6305e-02  3.7966e-01  3.1494e+00  5.2867e-01  3.2160e+00  1.0000e+00
-1.6966e-01  4.6384e-01  3.4556e-01  1.4324e+00  5.9393e+00 -3.9318e+00  7.2654e+00  1.0000e+00
 5.5731e+00 -4.1393e+00 -7.7533e-01  1.4495e+01 -1.0418e+01 -1.4586e+00  1.7910e+01  1.0000e+00
-4.4209e-01  5.8046e-01 -1.7551e-01 -1.4641e+01  1.5560e+01 -1.0167e+01  2.3661e+01  1.0000e+00
 1.0156e+01 -1.8208e+01  1.1556e+01  2.5290e+01 -5.0461e+01  3.2513e+01  6.5138e+01  1.0000e+00
 1.2962e-01 -1.2416e+00 -4.8156e-01 -1.2407e+00  1.4707e+00  1.0694e+01  1.0866e+01  1.0000e+00
 1.0001e+00 -4.8923e+00 -1.3914e+01  2.7661e+00 -1.4696e+01 -4.2223e+01  4.4793e+01  1.0000e+00
-3.6360e+00 -5.5451e+00 -9.4978e+00 -1.1861e+01 -1.6430e+01 -2.8385e+01  3.4876e+01  1.0000e+00
-7.3829e-01 -1.0157e+01  1.1037e+00 -1.8627e+00 -3.0095e+01  3.2370e+00  3.0326e+01  1.0000e+00
-1.3764e+01 -7.0513e+00 -3.6263e+00 -4.2712e+01 -2.1271e+01 -1.1068e+01  4.8982e+01  1.0000e+00
-2.2861e-01  3.6618e-01  5.0589e-01 -2.3052e+00 -8.9673e+00 -6.8992e+00  1.1547e+01  1.0000e+00
-1.1180e+01 -2.7682e+00 -2.1335e+00 -3.3896e+01 -8.3042e+00 -6.1946e+00  3.5444e+01  1.0000e+00
-8.7551e-03  6.1316e-01  7.7109e-01 -1.5089e+01  5.2337e+00 -1.7648e+01  2.3802e+01  1.0000e+00
-3.5154e-01  7.2157e-01  2.7103e-01  1.2769e+01  2.7568e+01  1.1957e+01  3.2650e+01  1.0000e+00
-1.8200e+00 -1.1445e-01 -5.3688e+00 -5.3729e+00  6.3223e-01 -1.8120e+01  1.8911e+01  1.0000e+00
 7.7009e-01  9.1378e-01 -3.3255e-02 -1.4541e+01  4.4614e+00 -6.7896e+00  1.6657e+01  1.0000e+00
 1.2709e-01  6.5161e-01  2.0233e-01  1.0911e+01  1.9158e-01  6.2013e+00  1.2552e+01  1.0000e+00
