# limit = 11.8792
#
# x           y           z           vx          vy          vz          s           m
 3.1747e-01 -1.9984e+00 -7.8067e-01 -3.1098e+00  1.3521e+00  4.6887e+00  5.7864e+00  1.0000e+00
-3.1515e-01  6.4060e-01  3.1052e-01 -1.8978e+01  1.3113e+01  7.0823e+00  2.4131e+01  1.0000e+00
 1.2209e+01  4.1878e-01  2.3881e+00  3.4538e+01  1.8886e+00  6.7888e+00  3.5249e+01  1.0000e+00
-1.4295e-01  5.8024e-01  1.6770e-01 -1.2091e+01 -1.5613e+01  1.3176e+01  2.3740e+01  1.0000e+00
-1.0225e+01  3.9166e+00  6.2191e+00 -2.9651e+01  1.0994e+01  1.7510e+01  3.6148e+01  1.0000e+00
 4.3951e+00 -1.5007e+00  1.2692e+01  1.3025e+01 -3.7352e+00  3.6560e+01  3.8990e+01  1.0000e+00
 7.8597e-01 -1.0358e+01 -7.2387e+00  1.6173e+00 -2.9779e+01 -2.0305e+01  3.6079e+01  1.0000e+00
-3.6490e-01  1.0692e+00  5.6597e-01  5.6237e+00 -1.7015e+01 -1.1452e+01  2.1267e+01  1.0000e+00
-1.6480e+01  1.1968e+01  3.6709e+01 -4.5550e+01  3.3390e+01  1.0465e+02  1.1892e+02  1.0000e+00
 1.1964e+01 -6.1783e+00  2.9407e-01  1.1466e+02 -6.2108e+01  3.0538e+00  1.3044e+02  1.0000e+00
 2.5347e+00  3.0538e+00  2.1016e+00  2.8872e+00  5.2772e+00  2.7362e+00  6.6085e+00  1.0000e+00
-4.0922e-01  5.3091e-01  2.9446e-01 -1.3785e+01 -1.2362e+01 -1.2317e+01  2.2238e+01  1.0000e+00
-4.5291e-01  6.5172e-01 -1.4205e-01 -1.5628e+01  2.3384e+01 -1.3520e+01  3.1206e+01  1.0000e+00
 3.5762e+00  6.7456e-01 -7.9369e-01  9.2034e+00  3.1825e+00 -5.9800e-01  9.7564e+00  1.0000e+00
-4.6231e-01  7.2258e-01  7.9116e-02  1.5879e+01  1.2556e+01  9.8708e+00  2.2522e+01  1.0000e+00
-4.6201e+00 -6.2997e-01 -3.8221e+00 -1.1590e+01 -2.5381e+00 -7.4299e+00  1.3999e+01  1.0000e+00
 7.4208e+00 -7.7357e+00 -8.8032e+00  2.1256e+01 -2.2273e+01 -2.5713e+01  4.0114e+01  1.0000e+00
-1.4723e-01  4.4336e-01  6.0897e-01  2.6246e+00 -3.1969e+00 -1.9471e+00  4.5716e+00  1.0000e+00
-2.6054e-01  5.5695e-01  8.6531e-02 -1.2224e+01  8.3471e+00 -1.3385e+01  1.9956e+01  1.0000e+00
 2.5718e+01  2.1140e+01 -9.2537e+00  7.3474e+01  5.8932e+01 -2.5222e+01  9.7507e+01  1.0000e+00
 3.2735e-02  1.1232e+00  3.7667e-01 -4.3375e+00 -1.7949e+00 -6.5422e+00  8.0520e+00  1.0000e+00
-2.8742e-01  3.3059e-01  5.6252e-01 -1.1521e+01  3.3620e+00  6.5595e-01  1.2019e+01  1.0000e+00
-1.1956e+00 -8.5414e-01  2.2654e+00 -9.5964e+00 -1.3797e+01  1.8739e+01  2.5172e+01  1.0000e+00
-5.5084e+00  1.0324e+01 -1.0528e+01 -1.6021e+01  3.0703e+01 -3.0688e+01  4.6272e+01  1.0000e+00
-3.4735e-01  1.1891e+01 -5.2949e+00 -1.2188e+00  3.4190e+01 -1.5040e+01  3.7372e+01  1.0000e+00
-2.8743e+00  1.4276e+00 -5.0586e+00 -8.8372e+00  5.7552e+00 -1.1642e+01  1.5708e+01  1.0000e+00
 3.9724e+00 -9.3291e+00  1.8553e+00  1.0287e+01 -2.6804e+01  4.8855e+00  2.9123e+01  1.0000e+00
 2.3755e+01 -6.1610e+00 -2.2907e+01  7.5287e+01 -1.9847e+01 -7.2655e+01  1.0649e+02  1.0000e+00
 6.8580e-01 -1.4223e+01 -1.8766e+01  2.1808e+00 -4.2246e+01 -5.5706e+01  6.9947e+01  1.0000e+00
-3.5108e-01  7.0194e-01  1.0698e-01  3.4270e-01  1.2971e+01  1.8102e+01  2.2272e+01  1.0000e+00
-1.2557e-01  6.6718e-01  1.0321e-01 -1.4418e+01  1.6341e+01 -7.3605e+00  2.3002e+01  1.0000e+00
-7.1610e-02  7.0691e-01  3.9868e-01  1.0932e+01  1.1374e+01 -1.5898e+01  2.2397e+01  1.0000e+00
-8.0992e-04  3.8171e-01 -6.9081e-02  5.1033e+00 -7.3956e+00  5.3660e+00  1.0466e+01  1.0000e+00
-6.7352e-01  1.1145e+00  1.7076e-01  1.5474e+00  4.1230e+00 -1.1238e+01  1.2070e+01  1.0000e+00
 3.1580e-01  7.1841e-01  7.6699e-02 -4.0821e+00  2.5425e-01  5.0505e+00  6.4988e+00  1.0000e+00
 1.2473e-01  5.6483e-01 -9.5080e-02 -1.3635e+01 -1.3536e+01 -2.0880e+00  1.9326e+01  1.0000e+00
-6.5310e-01  1.6906e+00 -4.3028e-01  9.6256e-01  1.2765e+01 -9.0725e+00  1.5690e+01  1.0000e+00
-9.9485e+00  1.9048e+01 -2.4223e+01 -2.8553e+01  5.4722e+01 -6.7998e+01  9.1834e+01  1.0000e+00
-2.2541e-02  7.5074e-01  7.1711e-01 -8.3761e-01  2.9834e+00  1.5057e+01  1.5373e+01  1.0000e+00
 7.4207e+00 -1.7216e+00  6.2088e+00  2.0027e+01 -4.2116e+00  1.6959e+01  2.6578e+01  1.0000e+00
 4.5024e+00  4.0800e+00  3.1802e-01  9.8162e+00  9.3854e+00  2.1363e+00  1.3748e+01  1.0000e+00
 1.8839e+00  5.9699e-01  7.7437e-02  1.0479e+01  1.6301e+00 -3.6740e+00  1.1223e+01  1.0000e+00
-3.8614e-01  8.3989e-01 -8.5243e-02  1.4186e+01  5.8187e+00 -1.3488e+00  1.5392e+01  1.0000e+00
 1.4180e+00 -4.2887e+00  1.3761e+01  4.3201e+00 -1.2122e+01  3.9958e+01  4.1979e+01  1.0000e+00
 1.3221e+01  6.4225e+00  1.0319e+00  3.9050e+01  1.8796e+01  3.1645e+00  4.3454e+01  1.0000e+00
 7.5419e-01 -8.7453e+00  1.3578e+00  3.2498e+00 -2.4308e+01  4.3430e+00  2.4906e+01  1.0000e+00
-1.2735e-01  6.3642e-01  2.3031e-01  7.8505e-01  9.8811e-01  1.8149e+01  1.8193e+01  1.0000e+00
 2.2575e+00 -2.1083e+00 -4.1106e-01  3.3956e+00  6.0592e-01  1.3362e+00  3.6990e+00  1.0000e+00
 6.3908e+00 -2.4595e+00  2.7802e+00  1.5584e+01 -6.2018e+00  7.2696e+00  1.8280e+01  1.0000e+00
 7.3787e-03  6.4445e-01 -6.3063e-01 -6.9857e+00  3.0461e+00 -9.6472e+00  1.2294e+01  1.0000e+00
 9.1712e-02  3.7269e-01 -1.8219e-01 -6.3741e+00  9.8347e+00  1.4959e+01  1.9003e+01  1.0000e+00
 8.9990e-02  2.8506e-01  2.1518e-01 -4.3012e+00  1.0252e+01 -5.8291e+00  1.2553e+01  1.0000e+00
-2.1424e+00 -3.3673e+00  3.3170e+00 -4.0683e+00 -6.6376e+00  6.8021e+00  1.0338e+01  1.0000e+00
 1.8171e-01  5.4500e-01  1.1582e-01 -5.0855e+00  1.1124e+01  3.3589e+00  1.2684e+01  1.0000e+00
-1.5210e-01  8.7562e-01  8.1697e-02 -1.7443e+01 -5.0444e+00  9.7397e+00  2.0605e+01  1.0000e+00
-4.5780e-01  6.3441e-01  1.5059e-02 -1.5296e+01 -4.1710e+00  1.6193e+01  2.2662e+01  1.0000e+00
-3.8416e-01  2.4774e-01  1.2258e-01 -9.4019e+00  3.1544e+00  5.5750e+00  1.1377e+01  1.0000e+00
-1.9843e-01  6.3768e-01  3.8110e-01  5.2037e-01  2.5643e+01  7.2201e+00  2.6645e+01  1.0000e+00
 1.2118e-01  5.4337e-01  3.1077e-01  1.0953e+01  1.5419e+00  1.7826e+01  2.0979e+01  1.0000e+00
 3.4433e+00 -1.7668e+00  9.9703e+00  9.1714e+00 -5.4696e+00  2.8270e+01  3.0219e+01  1.0000e+00
-5.7200e-02  7.1444e-01  2.4143e-01  2.0317e+01 -7.4872e+00  1.5620e+01  2.6699e+01  1.0000e+00
-1.1558e+00 -1.1441e+00  9.0771e-01 -9.6201e+00 -1.9129e+01  7.4966e+00  2.2687e+01  1.0000e+00
 5.8206e+00  5.1752e-01 -2.8284e+00  1.9286e+01  2.0485e+00 -9.2595e+00  2.1491e+01  1.0000e+00
-1.1334e-01  5.0488e-01 -1.3501e-01  3.9345e+00 -7.7234e+00  1.9799e+01  2.1614e+01  1.0000e+00
 1.8122e+00 -6.6200e-01  6.8759e-01 -4.5332e+00  6.8788e-01 -8.1509e-01  4.6569e+00  1.0000e+00
 3.5856e-01  3.1806e-02  5.1840e-01  9.0214e+00  1.7045e+00 -2.9626e+00  9.6472e+00  1.0000e+00
-1.2525e-01  3.9220e-01  1.8787e-01 -5.9264e+00  4.2100e+00  1.2133e+01  1.4144e+01  1.0000e+00
-9.6374e-02  3.3388e-01  2.5033e-01  3.5696e+00 -8.4773e+00 -5.7461e+00  1.0846e+01  1.0000e+00
-1.1278e-02  7.4550e-01  1.5645e-01  5.7068e+00 -6.8804e+00 -1.7051e+01  1.9252e+01  1.0000e+00
-6.3169e-01  1.5577e+00  5.3775e-01  2.3817e+00 -3.9467e+00  1.4724e-01  4.6120e+00  1.0000e+00
 1.1892e+01  1.4015e+00  2.1989e+00  3.4293e+01  3.5895e+00  6.1086e+00  3.5017e+01  1.0000e+00
-2.2701e-01  5.3947e-01  1.8371e-01  5.0726e+00 -9.4702e+00  1.0509e+01  1.5029e+01  1.0000e+00
 4.8067e-01  5.4513e-01  4.5670e-02 -9.5752e+00  9.2253e+00 -1.2889e+00  1.3359e+01  1.0000e+00
-1.3606e+00  1.6351e-01 -1.2346e-01 -3.4676e+00 -9.0486e-01 -4.1531e+00  5.4855e+00  1.0000e+00
-4.7974e-01  7.2535e-01  1.3518e-01  1.4252e+01 -1.2192e+01  9.9721e+00  2.1241e+01  1.0000e+00
-2.2502e-01  7.2906e-01  1.7034e-01  8.5280e+00  1.4566e+00  1.1700e+01  1.4551e+01  1.0000e+00
-3.7281e-01  8.2999e-01 -1.0023e-01  2.1070e+00 -1.1733e+01 -4.9343e-01  1.1931e+01  1.0000e+00
-6.8635e-01  1.8732e+00 -2.6267e-01  2.2390e+00 -3.6696e+00 -1.1539e+00  4.4509e+00  1.0000e+00
 1.4142e+01 -6.8676e+00 -1.6560e+00  4.1745e+01 -1.9646e+01 -4.7438e+00  4.6380e+01  1.0000e+00
-8.4598e+00 -5.2723e+00 -3.3398e+00 -2.3899e+01 -1.4256e+01 -8.9186e+00  2.9222e+01  1.0000e+00
-2.0322e-01  7.8515e-01  1.7447e-01  2.6255e+00  1.1807e+01  4.8328e+00  1.3025e+01  1.0000e+00
 6.8403e+00  1.7849e+00  4.5150e+00  3.2810e+01  7.0814e+00  2.0984e+01  3.9585e+01  1.0000e+00
 1.1336e+00 -3.7688e-01 -5.6525e-01 -5.0178e+00  4.9028e+00  5.9907e+00  9.2252e+00  1.0000e+00
 3.3978e+00  2.7476e+00  4.2498e+00  6.8491e+00  6.9424e+00  9.2338e+00  1.3430e+01  1.0000e+00
-1.4937e-01  8.1410e-01  2.8891e-01 -2.0409e+00 -8.5624e+00  4.9884e+00  1.0118e+01  1.0000e+00
-4.5398e-02  1.6948e-01  4.2675e-01  2.6440e+00  4.5388e-01  1.9310e-02  2.6827e+00  1.0000e+00
 2.6383e-02  4.7417e-01 -5.4871e-02  1.5786e+01 -5.4738e+00 -1.3605e+01  2.1547e+01  1.0000e+00
 1.8295e+00 -1.2782e+00  1.9945e+00 -6.7058e-01  6.1882e-01  9.3118e-01  1.3037e+00  1.0000e+00
 3.6874e+01  9.6180e+00 -3.5998e+01  2.2218e+02  5.5313e+01 -2.1506e+02  3.1413e+02  1.0000e+00
-4.3700e-01  3.3176e-01  3.1725e-01  7.3050e+00 -1.9766e-01  4.3607e+00  8.5098e+00  1.0000e+00
 2.1389e+00 -1.0400e+00  1.8475e+00  1.1807e+00  7.3346e-01 -4.0990e-01  1.4491e+00  1.0000e+00
-1.8402e-01  7.6355e-01  2.8813e-01  1.6785e+01 -1.2161e+01  2.5394e+01  3.2779e+01  1.0000e+00
 1.6785e-01  5.8894e-01  4.2046e-02 -2.3329e+01  1.3237e+01  8.7778e+00  2.8222e+01  1.0000e+00
-7.0149e-01  3.0612e-01 -2.7654e-01 -8.1086e-01 -4.5552e+00 -1.9463e+00  5.0195e+00  1.0000e+00
 1.9545e+00 -6.8469e-01 -1.8242e-01  1.2161e+01 -5.0985e+00 -2.1434e+00  1.3359e+01  1.0000e+00
-5.0949e-01  8.0431e-01  4.2166e-01 -1.3637e+00  4.7676e+00 -3.9041e+00  6.3112e+00  1.0000e+00
 4.1338e-01  1.7389e+00  2.2364e+00  1.7714e+01  3.4879e+01  6.2830e+01  7.4014e+01  1.0000e+00
-4.6769e+00 -6.8902e+00 -7.7138e+00 -1.3219e+01 -1.9134e+01 -2.1600e+01  3.1740e+01  1.0000e+00
 1.0761e+00 -2.2777e+00 -9.8215e+00  2.8203e+00 -5.5770e+00 -2.3922e+01  2.4725e+01  1.0000e+00
 4.7452e-01  3.4816e+00 -1.9083e+00  4.5392e+00  5.3599e+00 -1.9638e+00  7.2931e+00  1.0000e+00
-3.6686e-02  6.3209e-01  3.7841e-01 -1.1430e+01  4.7847e+00 -1.1396e+01  1.6835e+01  1.0000e+00
-5.8625e-01  4.5635e-01  3.2889e-01  8.6023e+00  6.7516e-02 -4.7923e+00  9.8473e+00  1.0000e+00
 1.7280e+00 -6.1680e-01 -1.2225e-01 -2.8178e+00  6.4148e+00  1.4884e+00  7.1628e+00  1.0000e+00
-8.8969e-01  8.2703e-01  3.9674e-01  1.2447e+01 -1.8525e+00 -2.6385e+00  1.2858e+01  1.0000e+00
 1.1794e+01  4.4251e+00 -2.8901e-01  3.3698e+01  1.3362e+01 -9.3698e-01  3.6262e+01  1.0000e+00
-4.9931e-01  5.7992e-01  1.5699e-01  1.4636e+00 -3.2601e-01  1.8626e+00  2.3912e+00  1.0000e+00
 8.7561e+00  4.7548e-01  9.8263e+00  2.5051e+01  1.5525e+00  2.8094e+01  3.7673e+01  1.0000e+00
-4.2773e-02  5.6329e-01  1.8427e-01 -1.5715e+01  2.4141e+01  1.8092e+01  3.4016e+01  1.0000e+00
 6.0988e-01  6.1485e-01  3.8857e-03  1.6369e+00 -1.2838e+01  3.5945e+00  1.3432e+01  1.0000e+00
-1.4169e+01  2.9324e+00  3.2139e+00 -4.1452e+01  9.0580e+00  9.5387e+00  4.3489e+01  1.0000e+00
 4.5893e-02  3.1270e-01  7.1588e-02  1.7558e+01 -2.3086e+00 -1.8113e+01  2.5332e+01  1.0000e+00
 3.0340e+00 -5.1143e+00  8.9569e+00  9.2068e+00 -1.4792e+01  2.4399e+01  2.9981e+01  1.0000e+00
 3.4491e+00 -3.5265e+00  7.3352e+00  8.9153e+00 -9.4965e+00  1.9790e+01  2.3692e+01  1.0000e+00
 5.9860e+00 -7.2112e+00 -2.7299e+00  1.5279e+01 -1.9669e+01 -7.4555e+00  2.5999e+01  1.0000e+00
 3.0049e+00 -1.6300e+00  6.7355e-01  2.5995e+00  1.8039e-01  1.4302e+00  2.9724e+00  1.0000e+00
-1.2313e-01  5.9629e-01  7.6200e-01 -6.6915e+00  1.4400e+01 -5.1134e+00  1.6682e+01  1.0000e+00
-5.6657e-02  8.9064e-01  3.2603e-01 -4.9001e-01 -1.0559e+01 -2.5130e+01  2.7263e+01  1.0000e+00
-1.5722e-01  5.3369e-01  5.4628e-01  9.5157e+00  1.1805e+01  1.4030e+01  2.0658e+01  1.0000e+00
-5.8023e-02  5.8058e-01  5.8991e-01 -1.1786e+01  8.7811e+00 -2.6298e-01  1.4700e+01  1.0000e+00
 5.1528e-02  4.9690e-01  7.8334e-02  5.1787e-01  2.4883e+00  4.9539e+00  5.5678e+00  1.0000e+00
-6.0384e-01  6.5292e-01  3.7414e-01 -1.5514e+00 -5.8810e+00 -1.2447e+01  1.3853e+01  1.0000e+00
-3.1864e-01  8.9577e-01  3.4152e-01  7.1199e-02 -1.4899e+01 -6.1139e+00  1.6105e+01  1.0000e+00
-1.8582e+01  7.6696e+00  6.9711e+00 -5.5070e+01  2.3005e+01  2.1245e+01  6.3351e+01  1.0000e+00
-1.4469e-02  8.0898e-01  1.9791e-01 -7.8692e+00 -5.1108e+00  7.0156e-01  9.4094e+00  1.0000e+00
 5.4860e-02  2.2672e-01  4.0958e-01 -5.7869e+00  1.1117e+01  2.8474e+00  1.2853e+01  1.0000e+00
-2.5733e-01  6.7312e-01  1.1601e-02 -1.3353e+01 -2.1185e+00 -2.5272e+01  2.8661e+01  1.0000e+00
 6.9993e+00 -6.0491e+00 -2.5090e+00  1.9715e+01 -1.6445e+01 -6.2335e+00  2.6419e+01  1.0000e+00
 5.7971e-02  3.2522e-01  5.5992e-01 -6.1198e+00  5.7651e+00 -6.9897e+00  1.0934e+01  1.0000e+00
 4.7385e+00 -4.1312e+00  1.0253e+01  1.3145e+01 -1.1261e+01  2.9678e+01  3.4357e+01  1.0000e+00
 1.9266e+00  8.6232e-01  2.6002e+00  4.4729e+01  5.4676e+00  4.7354e+01  6.5368e+01  1.0000e+00
-1.6913e+00 -2.0061e+00 -8.6769e+00 -5.2843e+00 -5.0062e+00 -2.3658e+01  2.4752e+01  1.0000e+00
 1.8865e+00 -1.1659e+00  8.8680e-01 -7.3825e-01  1.5959e+00 -1.1934e+00  2.1251e+00  1.0000e+00
-5.1090e-01  2.4309e-01  4.0591e-01  5.0553e+00  3.3060e+00  9.3055e-01  6.1116e+00  1.0000e+00
-2.9259e-01  4.7837e-01 -2.5485e-02  2.1454e+01  1.0743e+01 -3.8246e+00  2.4297e+01  1.0000e+00
 5.5996e-01  4.8446e-01 -2.0772e-01  1.6629e+01  4.1366e+00 -1.0266e+01  1.9976e+01  1.0000e+00
-3.4346e-01  1.2583e+00  6.1343e-01 -6.5608e-01  1.0237e+01 -1.1852e+01  1.5674e+01  1.0000e+00
-4.2182e-01  7.8237e-01  2.4331e-01 -2.5202e+01  6.6939e+00  8.2152e+00  2.7339e+01  1.0000e+00
-9.2363e-02  7.2223e-01  5.3177e-02  2.6191e+01  7.7014e+00  5.2677e+00  2.7803e+01  1.0000e+00
 2.7375e+00 -1.5602e+00  1.1146e+00  3.5642e-01  1.7842e+00  2.6524e+00  3.2164e+00  1.0000e+00
-1.4582e+00 -3.9952e+00  9.3189e+00 -4.1030e+00 -1.1742e+01  2.6251e+01  2.9048e+01  1.0000e+00
-5.0346e-01  1.1516e+00 -6.1726e-02  8.4902e+00  2.0752e+00  1.4281e+00  8.8560e+00  1.0000e+00
 3.5068e-02  5.2801e-01  6.0767e-01 -8.6357e+00  3.9194e+00 -5.0533e+00  1.0746e+01  1.0000e+00
-1.2951e+01  2.3176e+00 -3.7876e+00 -3.5833e+01  8.5911e+00 -9.4990e+00  3.8054e+01  1.0000e+00
-4.8079e-01  5.8567e-01  2.0049e-01 -4.9399e+00 -3.4686e+00  7.7107e+00  9.7923e+00  1.0000e+00
 9.0414e-02  7.8353e-01  7.9408e-02 -5.5622e+00  1.2252e+01 -2.6530e+00  1.3714e+01  1.0000e+00
-2.2801e-01  6.9004e-01 -5.8493e-02 -4.2884e+00  2.7719e+00 -9.1405e+00  1.0470e+01  1.0000e+00
-4.8423e+00 -1.7076e+01 -1.9133e+01 -1.4957e+01 -4.4788e+01 -5.2297e+01  7.0460e+01  1.0000e+00
 1.2259e+01 -1.0845e+01  3.0776e+00  3.5659e+01 -3.1383e+01  8.7953e+00  4.8309e+01  1.0000e+00
-3.5770e-01  1.1972e+00  1.1875e+00 -1.0678e+00  2.0208e+00 -2.8480e+00  3.6517e+00  1.0000e+00
 7.3170e-01 -4.0300e-02 -1.2929e+00 -2.9329e+00  3.7838e+00  7.6453e+00  9.0205e+00  1.0000e+00
 2.9648e-01  6.2421e-01  9.1656e-02  5.4560e+00 -8.4162e-01  1.3611e+01  1.4688e+01  1.0000e+00
 8.8185e-01 -5.5539e-01 -1.6852e+00  8.6120e-02  4.7195e+00  3.6326e+00  5.9562e+00  1.0000e+00
-1.0876e-01  7.0657e-01  4.8651e-01 -9.4651e+00  2.4591e+00 -2.3535e+01  2.5486e+01  1.0000e+00
-9.6894e-02  6.9231e-01  3.9492e-01 -2.0995e+01  1.0032e+01 -5.9548e+00  2.4019e+01  1.0000e+00
-6.7375e+00  1.0414e+01 -5.6496e+00 -1.9397e+01  3.0684e+01 -1.6035e+01  3.9684e+01  1.0000e+00
-5.4581e-01  5.7480e-01  1.7823e-01  1.0713e+01 -8.4320e+00  9.0007e+00  1.6336e+01  1.0000e+00
 4.6610e-01  6.9909e-01  2.0856e-01  1.7269e+01  3.4429e+00 -8.2050e+00  1.9427e+01  1.0000e+00
-3.1577e-01  1.0912e+00  9.7728e-02  1.2493e+01  3.8588e+00 -2.2069e+00  1.3261e+01  1.0000e+00
-1.9461e-01  7.1561e-01  1.7027e-01  2.3284e+01 -2.3004e+01 -7.3585e+00  3.3548e+01  1.0000e+00
 2.9629e-01  7.1469e-01  6.8949e-01 -2.3631e+00  1.2276e+01 -4.5617e+00  1.3308e+01  1.0000e+00
-2.0823e-01  8.2290e-02  5.5232e-01  5.1624e+00  1.6703e-01  1.1691e+00  5.2958e+00  1.0000e+00
-2.7152e-01  6.7600e-01  1.1944e-01  2.0916e+00 -1.9906e+01 -3.2660e+00  2.0280e+01  1.0000e+00
-8.1103e-02  4.0032e-01  2.5390e-01 -9.7897e+00 -2.4069e+00  1.9685e+01  2.2116e+01  1.0000e+00
-3.0551e-01  8.3798e-01  2.2221e-01  1.4364e+01 -3.5123e+00  2.6084e-01  1.4790e+01  1.0000e+00
-2.2463e-01  3.2183e-01  8.3022e-01 -4.6982e+00 -5.2741e+00  3.6009e+00  7.9281e+00  1.0000e+00
 3.2236e+00 -5.1779e+00  8.9125e+00  7.6131e+00 -1.2716e+01  2.5909e+01  2.9848e+01  1.0000e+00
-5.1834e-02  6.9355e-01  1.9117e-01 -2.1876e+00  2.8354e+01 -3.1293e+00  2.8610e+01  1.0000e+00
 2.3893e+01 -1.6392e+01 -3.3681e+01  6.9252e+01 -4.7253e+01 -9.5417e+01  1.2702e+02  1.0000e+00
-1.4988e-01  4.9689e-01  1.4603e-01 -1.0481e+00 -1.3935e+01  1.7079e+01  2.2068e+01  1.0000e+00
-1.4670e+00  2.5744e+00  2.3714e+00 -1.7061e+00  4.9129e+00  6.2742e-01  5.2384e+00  1.0000e+00
 6.3399e+00 -2.0877e+00 -1.5986e+00  1.7786e+01 -4.1271e+00 -3.0906e+00  1.8518e+01  1.0000e+00
-1.9409e-01  4.1173e-01  3.5100e-01  4.1025e+00  9.4072e+00 -5.1075e+00  1.1464e+01  1.0000e+00
-4.6751e-01 -9.0772e-01  1.4994e+00  2.4211e+00 -5.2165e+00  3.5390e+00  6.7526e+00  1.0000e+00
-2.6711e-01  1.0294e+00 -1.0702e-02  4.8553e+00  1.4874e+00  2.2864e+00  5.5690e+00  1.0000e+00
-1.4784e-01  8.0293e-01  2.2620e-01  1.7445e+01 -1.7673e+01  2.9650e+00  2.5010e+01  1.0000e+00
-1.3090e-01  7.2165e-01  2.7647e-01  6.8879e+00  5.7066e+00 -8.7577e-01  8.9876e+00  1.0000e+00
 8.7477e-01  1.2186e-01 -1.1996e-01 -3.7407e+00  4.8438e+00 -1.6277e+00  6.3328e+00  1.0000e+00
-3.4419e-01  4.7009e-01  2.0640e-01 -2.1634e+01 -1.6595e+01 -6.9616e+00  2.8141e+01  1.0000e+00
-8.5470e-01  1.5463e+00  1.3377e+00  4.0736e+00  3.7525e+00  2.4248e+00  6.0461e+00  1.0000e+00
 5.9456e-01 -4.8590e+00  8.6332e+00  1.6593e+00 -1.3447e+01  2.3655e+01  2.7260e+01  1.0000e+00
-1.1176e+01  8.8183e+00 -7.0536e+00 -5.8356e+01  4.4502e+01 -3.7421e+01  8.2379e+01  1.0000e+00
-3.3663e-03  1.9411e-01  9.2592e-01  8.4285e+00 -3.1912e-01  7.6551e+00  1.1390e+01  1.0000e+00
 5.2765e-01 -8.1280e-02  4.8818e-01 -5.2181e+00  4.6834e+00 -5.4001e+00  8.8501e+00  1.0000e+00
-7.1959e-02  5.8576e-01 -2.6164e-01 -1.0429e+01 -4.2848e+00 -4.1823e+00  1.2026e+01  1.0000e+00
 3.3427e-01  1.6425e+00 -5.8336e-01 -1.5421e-01  4.9648e+00 -4.8777e+00  6.9617e+00  1.0000e+00
-3.4182e-01  5.9260e-01  1.4326e-01 -3.1253e+01  1.8546e+01 -2.1542e+00  3.6406e+01  1.0000e+00
-8.6807e-01  6.4148e-01  2.8575e-01  1.1295e+01 -3.2450e+00 -8.0090e+00  1.4222e+01  1.0000e+00
-8.2485e+00  6.9348e+00 -2.3163e+00 -2.2790e+01  1.9263e+01 -6.3289e+00  3.0505e+01  1.0000e+00
 4.8180e+00 -3.7493e+00 -1.4740e+01  1.4203e+01 -1.1213e+01 -4.3483e+01  4.7098e+01  1.0000e+00
-1.4909e-01  8.2733e-01  1.7657e-01 -1.1765e+01 -4.8779e-01 -1.9711e+01  2.2960e+01  1.0000e+00
-3.3464e-01 -9.6993e+00 -6.9411e+00 -2.6543e+00 -2.6720e+01 -1.9794e+01  3.3359e+01  1.0000e+00
-3.5181e+00  3.3051e+00 -1.3998e+01 -1.0627e+01  1.0063e+01 -4.0880e+01  4.3421e+01  1.0000e+00
 1.7612e+00 -8.5946e+00  6.0572e-02  4.6957e+00 -2.3860e+01  2.7933e-01  2.4320e+01  1.0000e+00
 5.7411e-01  1.2550e+00  1.3314e-01 -4.3288e+00 -7.2699e+00  1.7266e+00  8.6355e+00  1.0000e+00
-1.6554e+00 -2.0722e+00 -9.4316e+00 -4.6630e+00 -6.3415e+00 -2.5399e+01  2.6591e+01  1.0000e+00
 7.1288e-01  2.2134e+00  1.8921e+00  5.0293e+00  9.2765e+00  9.3723e+00  1.4113e+01  1.0000e+00
-8.9115e-02  5.3488e-01  4.6249e-01  2.8418e+00  6.8280e+00  5.4394e+00  9.1807e+00  1.0000e+00
 4.6036e+00  3.1405e+00  6.5230e+00  1.8616e+01  1.0222e+01  2.5334e+01  3.3059e+01  1.0000e+00
-5.0900e-01  7.5655e-01 -7.5072e-02  4.7018e+00 -5.1325e+00  2.6140e+00  7.4353e+00  1.0000e+00
 5.7095e+00 -7.2460e+00 -2.9144e+00  1.7148e+01 -1.9317e+01 -7.7419e+00  2.6966e+01  1.0000e+00
-3.2515e-01  5.3956e-01  2.2480e-01  1.3484e+01 -1.0452e+01 -1.8793e+00  1.7164e+01  1.0000e+00
-5.2452e-01  6.2413e-01 -2.3093e-01 -1.6515e-01  7.9968e+00 -4.3603e+00  9.1098e+00  1.0000e+00
-9.9076e+00 -4.4814e+00 -3.1532e+00 -2.7933e+01 -1.2491e+01 -8.5834e+00  3.1780e+01  1.0000e+00
 5.2955e+00  2.6833e+00  4.9659e+00  1.3362e+01  7.9503e+00  1.4198e+01  2.1055e+01  1.0000e+00
-2.7339e-01  6.0537e-01 -8.6513e-02 -8.3255e+00 -1.2525e+01 -1.0481e+00  1.5076e+01  1.0000e+00
 3.8714e+00 -1.2792e+01 -1.0067e+00  1.1579e+01 -3.7231e+01 -2.9526e+00  3.9102e+01  1.0000e+00
-7.4132e-02  7.1004e-01  2.4022e-01 -4.8831e-01  2.6401e+00  1.3216e+01  1.3486e+01  1.0000e+00
-1.7954e+01 -1.6826e+00  2.6527e+01 -5.7015e+01 -5.5878e+00  8.4109e+01  1.0177e+02  1.0000e+00
 7.3716e+00 -1.2841e+01 -1.0403e+01  2.2128e+01 -3.7910e+01 -3.0880e+01  5.3669e+01  1.0000e+00
-1.1877e+00  1.0292e+00  4.8769e-01  4.3567e-02 -1.0134e-01  7.8533e-01  7.9304e-01  1.0000e+00
-5.2733e-01  7.4973e-01  2.6696e-01 -2.0223e+01  2.9720e+01  9.0432e+00  3.7068e+01  1.0000e+00
-9.4603e-02  8.5772e-01  3.6675e-01  7.5086e+00 -6.7875e+00  1.6652e+01  1.9487e+01  1.0000e+00
-4.5893e+00 -1.1928e+00 -3.4522e+00 -1.1009e+01 -1.7935e+00 -8.0132e+00  1.3734e+01  1.0000e+00
 1.2469e+00  1.1182e+00  9.3418e-02  4.7462e+00  3.7992e+00 -1.1198e+00  6.1818e+00  1.0000e+00
-1.7662e-01  8.0296e-01  2.4702e-01  1.8667e+01  1.2058e+01 -1.1505e+01  2.5024e+01  1.0000e+00
-2.1223e-01 -9.7796e+00 -6.9295e+00  1.6614e+00 -2.7739e+01 -1.9176e+01  3.3763e+01  1.0000e+00
-1.9578e-01  5.8171e-01  2.7475e-01  2.3931e+00 -2.6387e+01  7.1579e+00  2.7445e+01  1.0000e+00
-1.8242e-01  8.9653e-01  6.1146e-01  2.4390e+00  2.6288e+00 -4.5211e+00  5.7706e+00  1.0000e+00
-8.5454e-02  5.6510e-01  2.1131e-01  1.7710e+01 -1.1977e+01  2.0489e+00  2.1477e+01  1.0000e+00
 4.4354e-03  9.3423e-01 -5.6301e-01  7.1846e+00  1.6483e+00  5.2279e-01  7.3897e+00  1.0000e+00
-1.7281e-01  8.2312e-01  2.2390e-01  7.5208e+00 -3.1496e+00 -1.1347e+01  1.3972e+01  1.0000e+00
-1.8985e+01 -2.2409e+01  1.0376e+01 -5.1419e+01 -6.2659e+01  2.9575e+01  8.6283e+01  1.0000e+00
-1.4374e-01  2.1472e-01  1.8895e-01  6.3509e+00  9.6895e+00  1.1170e+01  1.6093e+01  1.0000e+00
-1.4937e+00  2.5224e+00 -1.2238e+00 -6.6861e+00  1.1840e+01 -4.9535e+00  1.4472e+01  1.0000e+00
-3.1605e-01  8.9220e-01  2.1907e-01 -9.8394e+00 -1.4774e+00  4.9613e+00  1.1118e+01  1.0000e+00
-3.3154e-02  4.8077e-01  3.5251e-01 -6.4164e+00 -9.3996e+00  5.5424e+00  1.2659e+01  1.0000e+00
 3.1673e-02  5.1272e-01  7.7127e-02  2.4637e+01 -3.8615e+00  1.4157e+01  2.8676e+01  1.0000e+00
 1.5483e-01  5.3610e-01  1.6335e-01 -2.6383e+01 -6.6501e+00  2.8164e+00  2.7354e+01  1.0000e+00
-1.0037e-01  7.2557e-01  6.1700e-01 -1.1424e+00 -8.6234e+00  1.0855e+01  1.3910e+01  1.0000e+00
-5.7090e-02 -8.5886e+00  4.1642e+00 -2.2418e-01 -2.3980e+01  1.1250e+01  2.6489e+01  1.0000e+00
-1.0846e+01 -6.5765e+00 -3.9352e+00 -3.1732e+01 -1.8520e+01 -1.0853e+01  3.8311e+01  1.0000e+00
-1.4189e+00 -9.6481e-01 -5.3648e-01 -4.1510e+00  6.7826e+00  3.0486e-01  7.9578e+00  1.0000e+00
-2.3215e-01  5.6276e-01  7.0687e-02  1.5253e+00  5.0823e-01 -2.3889e+01  2.3943e+01  1.0000e+00
 1.3980e+01 -5.0333e+00 -8.6315e-01  4.0992e+01 -1.4574e+01 -2.2876e+00  4.3566e+01  1.0000e+00
-6.6145e-01  1.2956e+00 -1.4946e-01 -1.0662e+01 -4.9690e+00  1.0629e+01  1.5854e+01  1.0000e+00
 1.4264e+02 -1.7678e+02  1.1619e+02  3.8386e+02 -4.7418e+02  3.0947e+02  6.8408e+02  1.0000e+00
-3.4011e-01  3.2268e-01  3.8841e-01 -9.0669e+00  1.5386e+01 -9.2040e-01  1.7882e+01  1.0000e+00
-4.7272e-01  8.3044e-01 -1.6758e-01 -1.5400e+01  1.1142e+01  5.0677e+00  1.9672e+01  1.0000e+00
-1.5051e-01  4.8243e-01  1.7229e-01  7.8616e+00 -1.1590e+01 -1.0715e+00  1.4045e+01  1.0000e+00
 7.9415e+00  6.4592e+00  5.4394e-01  2.1901e+01  1.7531e+01  1.9066e+00  2.8118e+01  1.0000e+00
-5.8923e+00 -1.6259e+00  3.0060e+00 -1.9862e+01 -4.7110e+00  1.1072e+01  2.3222e+01  1.0000e+00
 1.9690e+00 -1.0716e+01  6.1854e-01  5.3396e+00 -2.9979e+01  1.2483e+00  3.0476e+01  1.0000e+00
-1.3359e-01  6.7926e-01  4.3564e-01  1.5986e+01 -2.4287e+00  2.3694e+01  2.8685e+01  1.0000e+00
 5.5328e-01  5.0502e+00 -7.7387e+00  1.3356e+00  1.3605e+01 -2.1366e+01  2.5365e+01  1.0000e+00
-1.8328e+01  6.1620e+00  6.7185e+00 -6.8692e+01  2.3110e+01  2.5034e+01  7.6677e+01  1.0000e+00
-2.1897e-01  3.2133e-01  2.8506e-01  8.4566e+00 -2.4916e+00 -3.3994e+00  9.4487e+00  1.0000e+00
-4.1398e-01  9.7379e-01  4.3325e-01 -1.5690e+00 -2.1279e+01 -3.4023e+00  2.1606e+01  1.0000e+00
-5.3105e-01  8.3443e-01 -1.8888e-01 -7.2469e-01  9.1771e+00  1.0548e+00  9.2659e+00  1.0000e+00
 1.2685e+00  3.2122e-01 -5.0214e-01  9.0509e+00 -2.4923e+00 -2.9456e+00  9.8390e+00  1.0000e+00
 1.0672e+00 -1.0816e+01  8.5857e+00  2.9747e+00 -3.1455e+01  2.5006e+01  4.0294e+01  1.0000e+00
 4.4281e+00 -8.1909e+00  3.3971e+00  2.3677e+01 -4.4445e+01  1.7360e+01  5.3267e+01  1.0000e+00
-9.5929e-02  6.7771e+00  9.2927e-01 -3.3215e+00  1.7053e+01  3.2012e+00  1.7666e+01  1.0000e+00
-3.0570e-01  1.0219e+00 -8.1955e-02  6.5447e+00  1.8213e+01  1.6593e+00  1.9424e+01  1.0000e+00
 2.2421e+00 -1.0231e+00  5.5888e-01 -2.0114e+00  1.9875e+00  5.7755e-01  2.8860e+00  1.0000e+00
-3.3902e-01  6.0975e-01  2.3788e-01 -3.9530e+00 -3.7867e+00 -6.7505e+00  8.6910e+00  1.0000e+00
 5.8669e+00 -2.1552e+00  3.2714e+00  1.5364e+01 -3.9995e+00  7.9971e+00  1.7776e+01  1.0000e+00
-4.9005e-01  9.1839e-01  1.0441e-01 -1.7429e+01  1.3966e+01  3.2201e+00  2.2565e+01  1.0000e+00
 4.2819e-02  4.3718e-01  1.2869e-01  1.4503e+00 -1.5286e+00 -1.0421e+01  1.0632e+01  1.0000e+00
 7.9480e-03  3.6767e-01  8.0706e-02 -1.1738e+01  1.1334e+01  2.0589e-01  1.6318e+01  1.0000e+00
-2.3690e+00 -2.0391e+00 -1.1772e+01 -6.4686e+00 -5.4862e+00 -3.3519e+01  3.4576e+01  1.0000e+00
-1.2333e+00 -6.1222e-01  3.0102e+00 -1.7543e+00 -8.3945e-01  7.2483e+00  7.5047e+00  1.0000e+00
 1.4191e+01 -3.6083e-01 -3.1581e+00  4.1548e+01 -7.4752e-01 -8.6609e+00  4.2448e+01  1.0000e+00
-3.9879e-01  1.0050e+00 -2.4139e-01 -3.7762e+00 -3.1818e+00 -1.3644e+01  1.4510e+01  1.0000e+00
 4.9241e+00 -7.0553e-01  1.2929e+01  1.4647e+01 -2.6924e+00  3.8191e+01  4.0992e+01  1.0000e+00
-6.9203e-02  6.2646e-01  1.5617e+00  2.0933e+00  1.2530e+00 -5.9591e-01  2.5114e+00  1.0000e+00
-6.4862e-02  1.1472e+00 -4.2426e-01  1.7297e+01  1.0224e+01  5.3502e+00  2.0793e+01  1.0000e+00
-5.7701e+00  9.7462e-01  9.2761e+00 -1.5786e+01  2.7008e+00  2.6144e+01  3.0659e+01  1.0000e+00
-6.4297e-01  5.5933e+00 -7.1041e-02 -4.2703e+00  9.8957e+00 -1.0382e+00  1.0828e+01  1.0000e+00
-5.0408e-02  6.6115e-01  4.9971e-01  3.9611e-01  7.2784e+00 -7.9835e+00  1.0811e+01  1.0000e+00
 7.9605e-01  2.2687e+01  1.4966e+01  2.8370e-01  6.3549e+01  4.0526e+01  7.5372e+01  1.0000e+00
-3.8135e+00  3.4002e+00 -1.5781e+00 -7.9665e+00  6.8771e+00 -1.5220e+00  1.0634e+01  1.0000e+00
-2.1989e-01  3.9198e-01  3.7850e-01  3.2704e+01 -7.1756e+00  9.4281e+00  3.4784e+01  1.0000e+00
 2.1512e-01  5.0224e-01 -5.7650e-01 -3.0499e+00  4.1250e+00  1.3709e+01  1.4638e+01  1.0000e+00
-1.5627e-01  1.5149e+00  4.8269e-01 -1.9293e+00 -3.0819e+00 -5.9825e+00  7.0008e+00  1.0000e+00
-2.6800e-02  1.0367e+00 -1.4065e-01  7.4258e+00  3.3550e+00  8.3714e+00  1.1682e+01  1.0000e+00
 5.9050e-02  5.4165e-01  2.6591e-01 -4.5463e+00 -1.3525e+01 -6.9698e+00  1.5880e+01  1.0000e+00
-2.6286e+00 -7.4353e-02  3.4828e+00 -2.9485e+00  9.1118e-01  5.4191e+00  6.2362e+00  1.0000e+00
-2.9632e-01  5.9736e-01  1.4039e-01 -5.0205e+00  1.2012e+01  6.4291e+00  1.4520e+01  1.0000e+00
-6.5225e+00  5.4856e+00  2.0343e+00 -2.7543e+01  2.2987e+01  7.3759e+00  3.6626e+01  1.0000e+00
-3.9478e-01  4.1215e-01 -8.5660e-02  3.8520e+00 -5.0771e+00  4.4655e+00  7.7818e+00  1.0000e+00
 3.3884e-01  3.7451e-01  5.4691e-01 -8.0613e-01 -4.5591e+00  2.5250e+00  5.2736e+00  1.0000e+00
-1.9815e-01  3.8981e-01  3.0968e-01 -4.4922e+00  1.5489e+01 -1.0915e+01  1.9474e+01  1.0000e+00
-2.0470e-01  8.8433e-01 -8.8878e-02 -9.1310e-01  1.8853e+01  8.4881e+00  2.0696e+01  1.0000e+00
 4.7670e+00 -8.1757e+00 -4.0257e+00  1.3349e+01 -2.2018e+01 -1.1275e+01  2.8109e+01  1.0000e+00
-1.3116e+00  1.0063e+00  6.3756e-01  7.8765e+00  3.2994e+00 -1.9868e+00  8.7677e+00  1.0000e+00
 6.1050e+00  1.6066e+00 -1.4117e+01  1.7907e+01  5.2802e+00 -3.8311e+01  4.2618e+01  1.0000e+00
-1.0590e+00  5.7793e+00 -3.8752e+00 -2.6699e+00  1.4452e+01 -8.2322e+00  1.6845e+01  1.0000e+00
-1.2200e+01 -4.3712e+00  2.9097e+00 -3.5833e+01 -1.2257e+01  8.4954e+00  3.8812e+01  1.0000e+00
 1.5175e+01 -1.4752e+00 -6.2626e+00  4.5287e+01 -4.3124e+00 -1.8394e+01  4.9070e+01  1.0000e+00
 5.8552e+00 -3.2263e+01  1.9974e+01  1.7616e+01 -9.7737e+01  6.0760e+01  1.1642e+02  1.0000e+00
-1.5005e-01  7.8555e-01  4.0641e-01 -8.6768e+00  1.1814e+01 -9.5067e+00  1.7471e+01  1.0000e+00
-5.4780e-02  5.6924e-01  1.2948e-01  1.5996e+01 -4.1180e-01 -2.3078e+01  2.8082e+01  1.0000e+00
-3.1773e-03  5.6601e-01  1.4219e-01  7.9271e+00 -1.0954e+01 -1.2032e+01  1.8100e+01  1.0000e+00
-1.1798e+00  5.8821e-01  7.3481e-01 -3.3597e+00 -1.5245e+00  1.1250e+00  3.8571e+00  1.0000e+00
-7.6048e+00 -3.9486e+00 -3.8890e+00 -2.1329e+01 -9.8139e+00 -1.0958e+01  2.5910e+01  1.0000e+00
-8.8024e-01  3.7463e-01 -3.5502e-01 -5.2235e+00 -5.3848e+00  1.7319e+00  7.6994e+00  1.0000e+00
-5.9111e-01  3.9968e-01 -4.0397e-01  3.3784e+00  4.9681e+00 -1.8357e+01  1.9315e+01  1.0000e+00
-1.2251e-01  5.3934e-01  3.6683e-01  3.0609e+00  6.3355e-01 -1.9831e+01  2.0076e+01  1.0000e+00
 6.7322e-02  6.8035e-01  2.7372e-01  4.0892e+00  1.7944e+00  5.0307e+00  6.7268e+00  1.0000e+00
 2.2122e+00 -2.3864e+00 -2.7740e+00  4.0454e+00 -2.8417e+00 -3.5657e+00  6.0955e+00  1.0000e+00
-3.7609e-02  6.3808e-01  2.6314e-01  9.7753e+00 -1.5748e+01  7.4186e+00  1.9965e+01  1.0000e+00
-2.4579e-01  8.9237e-01  3.3065e-01  8.7373e+00 -1.4068e+00 -1.0045e+01  1.3388e+01  1.0000e+00
 5.1855e+00 -6.1464e+00 -7.6968e+00  1.4411e+01 -1.7749e+01 -2.1123e+01  3.1127e+01  1.0000e+00
 3.3810e-01  7.0019e-01  6.9607e-01 -4.4912e+00 -2.6980e+00  7.4597e+00  9.1158e+00  1.0000e+00
-4.1397e-01  8.7005e-01  4.5235e-01 -5.4156e+00  1.2308e+01 -1.0360e+00  1.3486e+01  1.0000e+00
-7.6550e-01  1.2116e+00  6.2239e-01 -1.5218e+00  6.6430e+00  2.5445e+00  7.2746e+00  1.0000e+00
-6.7887e-01  7.1834e-01  1.3615e+00  1.1319e+00 -7.5099e+00 -5.4624e+00  9.3550e+00  1.0000e+00
 2.2505e+00 -7.1627e-01 -1.4851e+00  3.2390e+01 -1.6646e+01 -2.1371e+01  4.2225e+01  1.0000e+00
-2.3024e-01  7.0980e-01  3.1822e-01  5.2367e-01 -5.8979e+00  3.4986e+00  6.8775e+00  1.0000e+00
-1.4045e-01  7.6028e-01  2.5106e-01 -3.9267e+01  1.6086e+01  1.5024e-01  4.2434e+01  1.0000e+00
-1.3833e+01  3.3552e+00  6.7825e+00 -6.0372e+01  1.4483e+01  2.9811e+01  6.8871e+01  1.0000e+00
-2.2256e-01  6.1459e-01  2.0409e-01  1.0750e+00  2.2292e+01 -9.0580e+00  2.4086e+01  1.0000e+00
 7.1484e+00  4.9298e+00 -7.1084e-01  1.8454e+01  1.3793e+01 -1.0944e+00  2.3065e+01  1.0000e+00
-8.2432e-02  8.6179e-01  4.8186e-02 -1.8044e+00  1.8821e+01 -1.0148e+01  2.1458e+01  1.0000e+00
 1.6496e-01  6.6569e-01  4.6525e-01  1.1163e+01 -4.7860e+00  1.4070e+01  1.8587e+01  1.0000e+00
-4.2519e-01  7.7545e-01  3.5905e-01  7.5985e-02  1.0192e+01 -2.1897e-01  1.0195e+01  1.0000e+00
 1.2412e+00  6.8438e+00 -7.8661e-02  4.2614e+00  1.6243e+01 -1.5039e+00  1.6860e+01  1.0000e+00
-1.4231e+02  1.7640e+02 -1.1763e+02 -3.7964e+02  4.7214e+02 -3.1702e+02  6.8377e+02  1.0000e+00
 5.0743e-01  1.3518e+00  5.6154e-01 -3.0053e+00  1.0648e+01  4.9426e+00  1.2118e+01  1.0000e+00
-2.7988e-01  7.0303e-01  1.4274e-01 -2.0297e+01 -2.0236e+00  5.6010e-01  2.0406e+01  1.0000e+00
 2.8218e-01 -5.2959e-01  2.4529e-01 -4.9425e-01 -1.6775e+00  4.3680e-01  1.8025e+00  1.0000e+00
-3.4836e-01  6.5816e-01  9.5383e-02 -9.7200e+00  7.1841e-01 -2.5253e+01  2.7068e+01  1.0000e+00
 4.7656e-02  4.8334e-01 -1.3239e-01 -2.1970e+01 -2.0520e+00  1.0578e+00  2.2091e+01  1.0000e+00
 4.8974e+00 -7.2218e+00 -6.9597e+00  1.5194e+01 -2.0130e+01 -1.7591e+01  3.0749e+01  1.0000e+00
 2.2516e+00 -5.1591e-01  5.7054e-02  5.3464e+00 -3.2780e-01  1.4866e+00  5.5589e+00  1.0000e+00
-1.8931e+00  2.9192e-02  1.7863e+00 -2.1489e+00  2.7782e-01  6.1442e+00  6.5151e+00  1.0000e+00
-3.7208e-01  7.8497e-01  2.6813e-01  1.1742e+01 -4.7391e+00  1.5348e+01  1.9897e+01  1.0000e+00
-1.0611e+01  5.5098e-01  9.0211e+00 -3.0866e+01  2.2852e+00  2.6699e+01  4.0875e+01  1.0000e+00
-4.0326e-02  7.1936e-01  4.5672e-01 -1.1499e+01  1.2950e+01  1.6326e+01  2.3801e+01  1.0000e+00
-1.5037e-01  6.7359e-01  8.1890e-02 -1.4646e+01 -1.7736e+00 -8.8268e+00  1.7192e+01  1.0000e+00
-7.1689e+00  6.4586e+00 -1.1542e+01 -2.0906e+01  1.9299e+01 -3.3774e+01  4.4161e+01  1.0000e+00
 1.2108e+01 -8.3064e+00  3.3236e+00  3.5386e+01 -2.3979e+01  9.8786e+00  4.3872e+01  1.0000e+00
 6.6391e+00 -4.0696e+00  7.3267e+00  1.8133e+01 -1.1171e+01  2.0758e+01  2.9740e+01  1.0000e+00
-1.4493e-01  5.3008e-01 -1.7282e-02  2.7673e+01  3.4504e+00  1.2311e+01  3.0484e+01  1.0000e+00
-1.4054e-01  6.5858e-01  1.5047e-01  4.6867e+00 -1.2609e+01 -1.3523e+01  1.9074e+01  1.0000e+00
-3.8778e-01  8.9683e-01  4.3699e-01  5.1822e+00 -3.3670e+00 -5.0072e+00  7.9539e+00  1.0000e+00
-5.5137e+00  9.8872e-01  1.9221e+00 -1.2523e+01  1.1110e+00  3.5655e+00  1.3068e+01  1.0000e+00
-2.5637e-01  3.9125e-01  3.7611e-01  5.9525e+00 -1.0223e+01  5.2352e+00  1.2937e+01  1.0000e+00
-2.8768e-02  1.7064e-01 -5.1777e-02  5.2769e+00 -1.8594e+00  7.3556e+00  9.2416e+00  1.0000e+00
 1.5564e-01  7.4587e-01  4.4302e-01 -7.6904e+00  3.9580e+00 -2.5384e+00  9.0140e+00  1.0000e+00
-2.3330e-01  8.9802e-01  8.4308e-02  2.3149e+00  1.7439e+00 -1.0815e+01  1.1197e+01  1.0000e+00
-4.9564e+00  4.5421e+00 -4.1494e+00 -1.2564e+01  1.3745e+01 -1.0517e+01  2.1387e+01  1.0000e+00
 3.3992e-01  1.0348e+00  5.1264e-01 -6.5368e+00  1.3212e+01  7.3585e-03  1.4741e+01  1.0000e+00
-3.7216e+00  2.3789e+00 -9.1842e+00 -1.0495e+01  6.5952e+00 -2.5281e+01  2.8156e+01  1.0000e+00
-9.0479e-01  6.2041e+00  2.8170e+00 -5.7599e+00  1.4376e+01  4.8033e+00  1.6215e+01  1.0000e+00
-1.1449e+01 -2.6250e+00 -3.3664e+00 -3.3855e+01 -6.9576e+00 -8.6881e+00  3.5638e+01  1.0000e+00
-1.6036e+00  7.2484e-01  2.6762e-01 -7.6626e+00 -2.2680e+00  3.4988e+00  8.7236e+00  1.0000e+00
-5.6673e-02 -1.4410e-01 -2.2182e+00  2.4054e-02 -1.7067e+00 -7.9950e+00  8.1752e+00  1.0000e+00
 2.0556e-01  6.7926e-01 -4.2753e-03  5.3393e+00  8.7227e+00  1.1490e+01  1.5382e+01  1.0000e+00
-6.1811e-01  6.4613e-01 -7.9602e-02  8.3003e+00 -4.4590e+00 -1.0673e+01  1.4237e+01  1.0000e+00
-2.7595e-01  8.5864e-01 -4.8790e-01  5.7750e-01  1.9577e+00 -1.3055e+01  1.3213e+01  1.0000e+00
-3.9404e-01  3.0622e-01  2.1906e-01  1.1398e+01 -4.5088e+00 -2.1898e+00  1.2451e+01  1.0000e+00
-6.8024e-01  1.3913e-01  6.2140e-01  9.7245e+00  1.4316e+01 -2.3394e+00  1.7464e+01  1.0000e+00
 2.5077e+00 -1.4080e+00  1.0725e+00  4.0682e+00 -6.8480e-01 -5.0008e+00  6.4829e+00  1.0000e+00
-2.5198e-01  9.3482e-02  5.9559e-02 -5.5440e-01  5.6082e+00  6.7011e+00  8.7558e+00  1.0000e+00
-4.1269e-01  1.0107e+00 -1.4092e-01  1.0205e+01 -8.8872e+00  9.4467e+00  1.6503e+01  1.0000e+00
-1.5115e+01  1.7170e+01 -1.0528e+01 -4.2010e+01  4.4287e+01 -2.6686e+01  6.6621e+01  1.0000e+00
 5.0943e-02  2.9570e-01 -1.6667e+00  1.3595e+00  1.6989e+00 -5.2521e+00  5.6850e+00  1.0000e+00
 2.4170e+00  1.4417e+00 -8.4513e-01 -6.3632e-01  6.1031e+00 -5.7554e-01  6.1631e+00  1.0000e+00
-1.5921e+00 -1.0847e-01 -1.1003e+00 -2.2405e+01 -1.2253e+01 -2.2724e+01  3.4183e+01  1.0000e+00
-1.7848e-01  6.2900e-01  2.8130e-01 -7.5375e+00 -1.1224e+01  1.8783e+01  2.3143e+01  1.0000e+00
-2.9359e-01 -8.3766e+00 -4.4700e+00 -6.3905e-01 -2.2461e+01 -1.2743e+01  2.5832e+01  1.0000e+00
-9.1506e-02  6.7004e-01 -4.4324e-02 -3.5681e+00 -8.0474e+00 -9.4347e+00  1.2904e+01  1.0000e+00
 4.8955e+00 -7.2875e+00 -6.8804e+00  1.2628e+01 -2.0215e+01 -2.0897e+01  3.1699e+01  1.0000e+00
 1.6011e-01  5.9538e-01  1.9930e-01  4.7223e+00  9.9864e+00 -1.5609e+00  1.1156e+01  1.0000e+00
-1.9303e-01  7.3463e-01  1.7271e-01 -1.5774e+01  1.7517e+01 -5.1632e+00  2.4131e+01  1.0000e+00
 3.3168e-01  5.6917e+00  2.5190e+00  2.7580e+00  1.3544e+01  4.8148e+00  1.4637e+01  1.0000e+00
 2.4045e+00 -5.0933e+00  7.9646e+00  7.0458e+00 -1.3947e+01  2.2032e+01  2.7010e+01  1.0000e+00
-2.6279e-01  6.0332e-01  2.5796e-02 -3.0940e+00 -1.8599e+01  7.2309e+00  2.0193e+01  1.0000e+00
-2.3387e+00  1.7474e+00 -4.2668e-01 -4.4485e+01  2.4410e+01 -1.0423e+01  5.1801e+01  1.0000e+00
-1.9824e-01  7.0585e-01  1.7231e-01 -1.4588e+01 -3.7667e+00  1.2363e+01  1.9489e+01  1.0000e+00
-6.7178e-01  7.6673e-01 -7.6255e-02 -4.0671e-01  7.4629e+00  3.6592e-01  7.4829e+00  1.0000e+00
-6.1970e+00 -2.0669e+00  3.9427e+00 -1.6330e+01 -5.3680e+00  8.9185e+00  1.9366e+01  1.0000e+00
-1.4284e-01  3.6472e-01  7.2520e-01  8.8401e+00 -6.9471e+00  3.1927e+00  1.1688e+01  1.0000e+00
-2.6257e-01  4.1220e-01  3.3676e-01 -1.2355e+00 -7.2074e+00 -2.3568e+01  2.4677e+01  1.0000e+00
 9.1125e+00 -1.1805e+01 -9.1340e-01  2.7070e+01 -3.4377e+01 -2.8122e+00  4.3846e+01  1.0000e+00
-9.0716e-02  1.2422e+00 -1.5313e-01 -2.0406e+00  5.3240e+00  3.3161e+00  6.5958e+00  1.0000e+00
-1.7210e+00  8.6212e-01  8.6685e-01  7.8879e+00  4.9673e+00 -6.8195e+00  1.1550e+01  1.0000e+00
-3.1010e-02  4.8218e-01  3.3756e-01  2.4931e+01  9.8946e+00 -2.6070e+00  2.6949e+01  1.0000e+00
-5.5365e-02  8.0569e-01  1.4934e-01  8.8338e-02  1.2510e+01  2.0563e+01  2.4070e+01  1.0000e+00
 1.9062e+00 -1.2289e+00  3.1636e-01 -1.4360e+00  8.5187e-01  2.4799e-01  1.6880e+00  1.0000e+00
-1.2217e-01  6.1927e-01  3.5647e-01 -9.7784e+00  4.7747e+00  2.2569e+01  2.5055e+01  1.0000e+00
-3.1441e-01  1.1767e+00 -3.5470e-01  8.2074e+00  1.4343e+01 -8.1117e+00  1.8409e+01  1.0000e+00
-3.2630e+00 -1.3079e+00 -8.3492e-01 -9.4594e+00 -2.9848e+00 -1.5978e+00  1.0047e+01  1.0000e+00
-2.7771e-01  6.0475e-01  1.1320e-01 -8.7261e+00 -1.2088e+01 -1.4353e+01  2.0694e+01  1.0000e+00
-5.4855e-01  8.9874e-01  8.0532e-02 -3.4073e-01  1.0202e+01  4.1861e+00  1.1032e+01  1.0000e+00
-9.2436e-03  8.2457e-01  3.8213e-02 -6.5825e+00  8.0950e+00  5.4959e+00  1.1793e+01  1.0000e+00
-2.0368e-01  6.7210e-01  2.2113e-01  1.2803e+01  8.8432e+00 -6.4409e+00  1.6840e+01  1.0000e+00
-4.4935e-01  8.2214e-01  1.7617e-01  7.4689e+00  1.4128e+01  8.6511e+00  1.8172e+01  1.0000e+00
-5.1566e-01  2.8515e-01 -2.8032e-01 -1.1320e+01  5.1895e+00  1.3531e+00  1.2526e+01  1.0000e+00
 1.0422e-01 -1.5721e-01  6.6827e-02 -1.7252e-01 -6.9317e+00 -4.1855e+00  8.0992e+00  1.0000e+00
 1.1666e-02  3.0939e-01  1.3145e-01  1.7411e+01  6.5829e+00 -6.8800e+00  1.9844e+01  1.0000e+00
-8.7292e+00  7.2706e+00  3.2237e+00 -8.1480e+01  6.5311e+01  3.0798e+01  1.0887e+02  1.0000e+00
 6.4027e-01  7.7787e-01 -5.1547e-01 -1.1573e+01  7.0626e+00 -3.7165e-02  1.3558e+01  1.0000e+00
 2.9334e-01  9.0872e-01  1.8027e-01 -6.9033e+00  2.6718e+00  5.2465e+00  9.0730e+00  1.0000e+00
-4.0637e+01  1.6096e+00  3.6298e+01 -2.4181e+02  7.3671e+00  2.1773e+02  3.2547e+02  1.0000e+00
-3.1220e-01  5.2133e-01  5.7415e-02  1.6780e+01  8.3302e+00 -1.3283e+00  1.8781e+01  1.0000e+00
-1.2134e-02  1.2804e+00 -2.1686e-01 -8.0162e+00 -1.6533e+01  3.5602e+00  1.8716e+01  1.0000e+00
-2.0426e-01  4.8094e-01  2.9569e-01  1.5167e+01 -7.2840e+00 -7.3361e+00  1.8355e+01  1.0000e+00
-1.9834e+00  3.0605e+00  7.7373e+00 -4.5127e+00  6.3792e+00  1.6784e+01  1.8514e+01  1.0000e+00
 4.2760e+00  1.3842e+00  8.4014e-01  6.3649e+00  3.5488e+00  2.2854e+00  7.6373e+00  1.0000e+00
 5.4427e+00 -3.0367e+00 -4.7071e+00  1.3905e+01 -8.4997e+00 -1.1815e+01  2.0130e+01  1.0000e+00
-6.5606e-01  6.5221e-01  1.4961e-01  1.2731e+00  2.7675e+00  2.5490e+00  3.9721e+00  1.0000e+00
 7.2278e+00 -7.4269e+00 -1.1030e+01  2.1483e+01 -2.1607e+01 -3.1820e+01  4.4055e+01  1.0000e+00
-1.0431e-01  5.9225e-01  2.3152e-01  1.5903e+01  1.1579e+01  7.2540e+00  2.0967e+01  1.0000e+00
-2.3834e-01  6.2455e-01  1.6395e-01 -1.3239e+01  1.7370e+01 -5.1518e-01  2.1846e+01  1.0000e+00
-1.9006e-01  4.3030e-01  8.7719e-02 -3.5245e+00  6.7519e-02 -9.9203e+00  1.0528e+01  1.0000e+00
-1.0865e+00 -9.4840e-01 -1.2854e+00 -2.5772e+01 -4.3035e+01 -3.9589e+01  6.3902e+01  1.0000e+00
-3.8598e-02  7.7842e-01  1.8659e-01  6.3471e+00  2.8037e+01 -8.3291e-01  2.8759e+01  1.0000e+00
-6.6223e-01  3.1140e-01  4.7805e-01 -1.5610e+01 -5.7692e+00 -4.0027e+00  1.7117e+01  1.0000e+00
-1.8459e-01  5.9021e-01  5.8050e-01  5.3086e+00 -1.1948e+01  8.5478e+00  1.5620e+01  1.0000e+00
-8.1752e-02  4.8283e-01  1.4302e-01 -8.4186e+00 -1.1106e+01  2.6783e+01  3.0192e+01  1.0000e+00
-1.6947e+00  1.1809e+00  1.3932e+00 -1.8471e-01 -1.0558e+00  2.5613e+00  2.7766e+00  1.0000e+00
-2.3796e-01  5.3817e-01  4.1955e-02  7.1339e+00 -3.0390e+00  2.0701e+00  8.0258e+00  1.0000e+00
-2.0813e+00  2.8213e+00  8.3175e+00 -4.6994e+00  8.0783e+00  2.2248e+01  2.4131e+01  1.0000e+00
-1.0978e+00 -1.5267e-01 -8.2503e-01 -2.8010e+00 -5.1907e+00  6.5922e+00  8.8457e+00  1.0000e+00
-2.2196e-01  6.9122e-01  2.3501e-01  9.3643e+00  2.0037e+01 -5.2598e+00  2.2734e+01  1.0000e+00
-2.5246e-01  1.0734e+00  1.4209e-01 -2.9881e+00  2.9717e+00 -1.9332e+00  4.6364e+00  1.0000e+00
-7.8986e-01  2.1896e+00  2.0891e+00  3.9540e+00  1.4072e+00 -3.0914e-01  4.2083e+00  1.0000e+00
 5.7095e+00 -1.4323e+01  2.5050e+01  1.5622e+01 -3.9431e+01  7.0948e+01  8.2659e+01  1.0000e+00
 1.0623e+01  2.0417e+00  9.9451e+00  3.0973e+01  5.8635e+00  2.9414e+01  4.3115e+01  1.0000e+00
 7.6587e-01  2.3040e-01  1.3596e-01 -1.3221e+01  1.1559e+01  5.2201e+00  1.8321e+01  1.0000e+00
-1.0341e-01  5.7396e-01  1.2394e-01  1.9012e+00  2.5572e+01  1.4573e+01  2.9494e+01  1.0000e+00
-5.0360e-01  5.5569e-01  4.1904e-01  3.0912e+00  1.0432e+00 -2.7076e+00  4.2396e+00  1.0000e+00
-2.8347e+00  1.7608e+00  1.1240e+01 -8.1472e+00  5.6158e+00  3.2142e+01  3.3631e+01  1.0000e+00
-7.5383e+00 -1.8389e+00 -7.3406e+00 -2.0796e+01 -2.6013e+00 -1.9278e+01  2.8476e+01  1.0000e+00
-2.3034e-01  1.1276e+00  2.5924e-01 -5.9555e+00 -2.2147e+01  1.2920e+01  2.6322e+01  1.0000e+00
-3.7104e+00 -5.8918e+00 -6.2453e-01 -1.2567e+01 -2.2873e+01 -1.3591e+00  2.6133e+01  1.0000e+00
-1.2149e+00 -1.8038e-01  5.1784e-01 -7.7649e+00 -9.4592e+00  3.8415e+00  1.2827e+01  1.0000e+00
-3.0785e-01  6.1425e-01  2.5271e-01  7.9543e+00 -7.6952e+00  6.1916e+00  1.2682e+01  1.0000e+00
-1.0889e+00 -5.5410e-01 -8.4143e-02 -9.9754e+00 -8.2873e+00 -1.0479e+00  1.3011e+01  1.0000e+00
-1.0015e-01  5.7458e-01  1.3945e-01 -1.8104e+00 -9.0595e+00 -1.9782e+01  2.1833e+01  1.0000e+00
-3.5095e-01  5.5507e-01  1.8659e-01 -6.1410e+00 -1.9186e+01 -3.7430e+00  2.0489e+01  1.0000e+00
-3.8772e+00  1.2124e+01 -1.5974e+00 -1.0930e+01  3.4875e+01 -4.3752e+00  3.6809e+01  1.0000e+00
 2.9659e+00  3.3653e-01  2.4316e+00  4.6622e+00  4.1420e+00  7.4810e+00  9.7395e+00  1.0000e+00
-7.3875e+00 -3.4086e-01 -1.8677e+00 -1.8857e+01  3.2220e-01 -5.0477e+00  1.9524e+01  1.0000e+00
 2.0756e-02  9.6328e-01 -1.1200e+00  7.5723e+00  4.9763e+00 -1.4504e+01  1.7102e+01  1.0000e+00
-6.0150e+00 -2.5137e+00  4.0580e+00 -1.4608e+01 -5.5089e+00  1.0840e+01  1.9006e+01  1.0000e+00
-7.2263e-02  5.9953e-01  2.8096e-01 -1.2845e+01  1.2858e+01 -2.0911e+01  2.7705e+01  1.0000e+00
 1.4119e+01  5.0477e+00  1.2004e+00  4.1086e+01  1.5031e+01  3.3748e+00  4.3879e+01  1.0000e+00
 5.2289e+00  7.4122e+00  8.4434e-01  1.4655e+01  1.9952e+01  3.1494e+00  2.4955e+01  1.0000e+00
-1.1019e+01 -6.7589e+00 -4.1427e+00 -3.2493e+01 -1.9301e+01 -1.2484e+01  3.9802e+01  1.0000e+00
-5.3938e-01 -1.0937e+00 -6.0833e-01 -4.8867e+00  3.9579e+00  5.5311e+00  8.3749e+00  1.0000e+00
-1.0945e+01 -3.5512e-01 -2.8475e+00 -3.1288e+01 -4.3227e-01 -8.2575e+00  3.2362e+01  1.0000e+00
-2.8298e-01  8.3076e-01  1.0600e+00  2.7570e+00 -4.2960e-02 -3.5445e+00  4.4907e+00  1.0000e+00
-2.8703e-01  9.8545e-01  6.8385e-02 -7.2721e+00 -2.5161e+01  1.3467e+01  2.9450e+01  1.0000e+00
-2.3899e+00  8.9129e+00 -3.5699e+00 -6.0781e+00  2.5095e+01 -9.1241e+00  2.7385e+01  1.0000e+00
 1.0505e+01  8.7553e+00 -6.6557e+00  4.7379e+01  3.8346e+01 -2.9587e+01  6.7753e+01  1.0000e+00
-5.4688e-03  1.1185e+00  5.6610e-03  2.3784e+00 -1.6596e+01 -3.5655e+00  1.7140e+01  1.0000e+00
-1.2245e+00 -5.3004e-02 -2.8203e+00  2.3688e-02  2.7775e+00 -2.3915e+00  3.6653e+00  1.0000e+00
-4.0007e-01  5.8875e-01  5.8526e-02 -1.5004e+01  1.6906e+01 -1.2126e+01  2.5651e+01  1.0000e+00
 2.4962e+00 -2.3558e+00 -1.1961e+00  5.8334e+00 -3.9889e+00  2.9953e+00  7.6754e+00  1.0000e+00
-2.1589e-01  5.2012e-01  2.8662e-01  1.7841e+01 -3.2999e+01  1.2009e+01  3.9388e+01  1.0000e+00
-7.5013e-01  2.2208e-01  4.3304e-01 -1.3599e+01  3.0390e-01  1.3082e+01  1.8872e+01  1.0000e+00
-8.2575e+00 -4.1239e+00 -1.4419e+01 -2.4957e+01 -1.2674e+01 -4.4103e+01  5.2236e+01  1.0000e+00
-1.4902e+01 -5.0758e+00 -4.7075e-01 -4.4081e+01 -1.4333e+01 -1.5420e+00  4.6378e+01  1.0000e+00
 1.7673e+00 -2.2524e+00 -2.9838e+00  5.3207e+00 -2.1171e+00 -5.3177e+00  7.8147e+00  1.0000e+00
 1.5146e+01  2.5130e+00 -1.5371e+00  4.4303e+01  7.9800e+00 -4.7534e+00  4.5267e+01  1.0000e+00
 4.4385e-02  4.2721e-01  2.0940e-02 -6.7536e+00 -7.3476e+00  1.0377e+01  1.4397e+01  1.0000e+00
 2.3939e-02  6.4617e-01  3.9742e-01 -6.3714e+00  4.8671e+00  6.7893e+00  1.0506e+01  1.0000e+00
-4.2701e-01  6.0928e-01  5.0052e-01  3.3163e+00  2.9792e+00  1.0650e+01  1.1545e+01  1.0000e+00
 5.8883e-01 -5.6718e-02  4.0916e-01  1.1681e+01 -3.1659e+00  2.3039e+00  1.2320e+01  1.0000e+00
-3.4714e-01  7.1954e-01  1.1452e-01 -6.3254e+00  2.1104e+00  3.9712e+00  7.7611e+00  1.0000e+00
 6.1941e-01  2.3557e-01 -3.3855e-01 -2.1553e+00 -2.6444e+00  2.8498e+00  4.4452e+00  1.0000e+00
-2.7434e-01  7.5766e-01  1.8741e-01 -5.6165e+00 -1.7624e+00  2.7306e+01  2.7933e+01  1.0000e+00
-6.4206e+00  5.5132e+00 -1.1225e+00 -1.6901e+01  1.4256e+01 -2.3394e+00  2.2234e+01  1.0000e+00
 1.3879e-01  6.3811e-01 -6.0272e-02 -2.5747e+00 -5.3844e+00 -7.6483e+00  9.7014e+00  1.0000e+00
-6.7983e+00 -2.0171e+00 -7.1580e-04 -1.6455e+01 -5.0581e+00 -4.3561e-01  1.7220e+01  1.0000e+00
-7.6052e-02  8.0096e-01  1.8691e-01  7.0332e+00  2.7285e+01 -2.3555e+01  3.6726e+01  1.0000e+00
-3.7893e-01  7.5290e-01 -7.2385e-02 -4.3221e+00 -2.0575e+00 -1.9518e+01  2.0097e+01  1.0000e+00
-8.8273e-02  3.8208e-01  2.7249e-01 -9.7575e+00 -1.0083e+01  1.3014e+01  1.9137e+01  1.0000e+00
-1.9633e-01  7.8097e-01  1.2640e-01 -1.7166e+01  1.4017e+01  1.9619e+01  2.9598e+01  1.0000e+00
 4.8362e+00 -1.2017e+01 -5.7809e+00  1.4162e+01 -3.4643e+01 -1.6733e+01  4.0996e+01  1.0000e+00
-1.0844e+01 -2.0369e+00  9.7706e+00 -3.1797e+01 -5.3600e+00  2.8628e+01  4.3120e+01  1.0000e+00
-2.5558e-01 -7.9009e-02  3.8893e-02 -2.8968e+00  1.5919e+00 -3.5195e+00  4.8283e+00  1.0000e+00
-1.8391e+00 -1.2006e+00 -3.1916e+00 -3.3089e+00 -3.1260e-01 -3.5593e+00  4.8698e+00  1.0000e+00
 2.0795e+00 -1.2674e+00  9.0813e-01 -1.2920e+00  2.7343e+00  2.8481e+00  4.1542e+00  1.0000e+00
-5.5675e-02  4.2786e-01 -2.4199e-01 -9.9982e+00 -6.4891e-01 -8.3434e-01  1.0054e+01  1.0000e+00
-1.1369e+00 -9.6571e+00 -6.7586e+00 -2.6556e+00 -2.8301e+01 -2.0114e+01  3.4822e+01  1.0000e+00
-1.9927e+00  3.4712e+00 -2.9361e+00 -3.9272e+00  6.5693e+00 -4.0045e+00  8.6379e+00  1.0000e+00
-1.3277e+00  4.0470e-01  3.4493e-01 -3.0496e+00  6.3844e-01  2.2713e+00  3.8558e+00  1.0000e+00
 4.7433e-02  7.3358e-01  1.9898e-01  2.4607e+01  1.4060e+01  6.6699e+00  2.9114e+01  1.0000e+00
 1.9816e-01  1.3912e+00  6.0982e-02  9.7710e+00  1.2355e+01 -1.5137e+00  1.5825e+01  1.0000e+00
-2.0688e+00  9.2906e+00 -3.9739e+00 -5.6459e+00  2.5109e+01 -1.0398e+01  2.7757e+01  1.0000e+00
-5.0930e-01  6.4806e-01  3.9410e-01 -1.6723e+01  2.5827e+00  1.8716e+01  2.5232e+01  1.0000e+00
 5.3928e-02  1.6078e+00  1.1891e+01  1.8512e+00  5.1920e+00  2.8890e+01  2.9411e+01  1.0000e+00
-1.7882e-01  8.2019e-01  1.8014e-01  6.9507e+00  4.0034e+01 -1.8619e+01  4.4695e+01  1.0000e+00
-3.3175e-01  5.5182e-01  3.1922e-01 -1.6157e+01  6.9419e+00 -3.3174e+00  1.7896e+01  1.0000e+00
-1.6009e-01  6.0705e-01  1.9968e-01  1.5569e+01  3.1303e+01  1.5173e+01  3.8111e+01  1.0000e+00
-2.1284e-01  5.6218e-01  5.4531e-01 -6.1845e+00  7.6367e+00  1.5876e+01  1.8671e+01  1.0000e+00
 3.4323e+00  7.1146e+00  3.8985e+00  9.6048e+00  1.9451e+01  1.0110e+01  2.3933e+01  1.0000e+00
-2.3998e-01  3.7786e-01  9.4729e-02 -1.3436e+01  9.0618e-01  7.3253e+00  1.5330e+01  1.0000e+00
-5.6647e-01  1.9009e+00  9.9553e-02  3.1084e-01 -7.5638e+00 -1.4245e+00  7.7030e+00  1.0000e+00
 2.5245e-01  5.6671e-01 -5.0867e-01  3.9616e+00  5.7750e+00 -1.4907e+00  7.1601e+00  1.0000e+00
-2.8781e-01  9.5764e-01  2.8768e-02 -4.9135e+00  2.0013e+01  4.3993e+00  2.1072e+01  1.0000e+00
-3.1444e-02  3.5737e-01  1.2204e-01 -1.9527e+00  1.5602e+01  6.1401e+00  1.6880e+01  1.0000e+00
-1.6310e-01  6.5964e-01  1.5596e-01  7.7900e-01  2.1634e+01 -2.1530e+01  3.0531e+01  1.0000e+00
 5.7622e+00 -4.2751e+00 -7.9434e-01  1.4429e+01 -1.0364e+01 -1.4497e+00  1.7824e+01  1.0000e+00
-5.9795e-01  7.8604e-01 -2.4344e-01 -8.8430e+00  1.5677e+01 -1.0064e+00  1.8027e+01  1.0000e+00
 1.0487e+01 -1.8868e+01  1.1981e+01  2.5286e+01 -5.0453e+01  3.2508e+01  6.5128e+01  1.0000e+00
 1.1250e-01 -1.2163e+00 -3.3980e-01 -1.3766e+00  2.4096e+00  1.0981e+01  1.1326e+01  1.0000e+00
 1.0362e+00 -5.0844e+00 -1.4466e+01  2.7647e+00 -1.4688e+01 -4.2198e+01  4.4767e+01  1.0000e+00
-3.7910e+00 -5.7599e+00 -9.8686e+00 -1.1849e+01 -1.6412e+01 -2.8353e+01  3.4837e+01  1.0000e+00
-7.6258e-01 -1.0550e+01  1.1460e+00 -1.8535e+00 -3.0048e+01  3.2320e+00  3.0278e+01  1.0000e+00
-1.4323e+01 -7.3294e+00 -3.7710e+00 -4.2690e+01 -2.1258e+01 -1.1062e+01  4.8956e+01  1.0000e+00
-2.3473e-01  3.1467e-01  3.4981e-01  8.4822e-01  2.7609e+00 -1.6591e+01  1.6841e+01  1.0000e+00
-1.1623e+01 -2.8767e+00 -2.2145e+00 -3.3855e+01 -8.2933e+00 -6.1982e+00  3.5403e+01  1.0000e+00
-2.0546e-01  6.7959e-01  4.6045e-01 -1.3748e+01  4.0320e+00 -3.0755e+01  3.3928e+01  1.0000e+00
-1.3511e-01  9.9445e-01  3.5966e-01  1.6947e+01  1.3862e+01  2.6821e+00  2.2058e+01  1.0000e+00
-1.8900e+00 -1.0609e-01 -5.6049e+00 -5.3388e+00  6.4649e-01 -1.7993e+01  1.8779e+01  1.0000e+00
 5.5831e-01  9.6263e-01 -1.1588e-01 -1.7917e+01  2.9110e+00 -5.6986e+00  1.9026e+01  1.0000e+00
 1.6958e-01  6.2985e-01  2.7157e-01 -4.3250e+00 -3.0360e+00  3.8101e+00  6.5146e+00  1.0000e+00
