# limit = 12.1509
#
# x           y           z           vx          vy          vz          s           m
 2.9350e-01 -1.9869e+00 -7.4435e-01 -3.1504e+00  1.6432e+00  4.7938e+00  5.9671e+00  1.0000e+00
-4.3151e-01  7.3924e-01  3.3854e-01 -1.1428e+01  1.2907e+01  9.3741e-01  1.7265e+01  1.0000e+00
 1.2473e+01  4.3327e-01  2.4401e+00  3.4515e+01  1.8948e+00  6.7835e+00  3.5227e+01  1.0000e+00
-2.2628e-01  4.5701e-01  2.7701e-01 -7.7084e+00 -1.6231e+01  1.3741e+01  2.2620e+01  1.0000e+00
-1.0452e+01  4.0008e+00  6.3531e+00 -2.9635e+01  1.0987e+01  1.7499e+01  3.6127e+01  1.0000e+00
 4.4948e+00 -1.5293e+00  1.2972e+01  1.3023e+01 -3.7277e+00  3.6543e+01  3.8973e+01  1.0000e+00
 7.9832e-01 -1.0586e+01 -7.3941e+00  1.6079e+00 -2.9758e+01 -2.0291e+01  3.6054e+01  1.0000e+00
-3.1665e-01  9.2354e-01  4.6345e-01  7.0433e+00 -2.1395e+01 -1.5834e+01  2.7533e+01  1.0000e+00
-1.6829e+01  1.2224e+01  3.7510e+01 -4.5549e+01  3.3390e+01  1.0465e+02  1.1892e+02  1.0000e+00
 1.2842e+01 -6.6540e+00  3.1746e-01  1.1465e+02 -6.2100e+01  3.0527e+00  1.3042e+02  1.0000e+00
 2.5565e+00  3.0939e+00  2.1223e+00  2.7911e+00  5.1839e+00  2.6678e+00  6.4638e+00  1.0000e+00
-4.8745e-01  4.5519e-01  1.8987e-01 -6.9316e+00 -7.2700e+00 -1.3973e+01  1.7209e+01  1.0000e+00
-5.6056e-01  8.3188e-01 -2.2642e-01 -1.2503e+01  2.3368e+01 -8.7242e+00  2.7901e+01  1.0000e+00
 3.6460e+00  6.9889e-01 -7.9808e-01  9.0348e+00  3.1701e+00 -5.4975e-01  9.5906e+00  1.0000e+00
-2.9997e-01  7.9674e-01  1.8082e-01  3.1506e+01  1.4620e+00  2.0777e+01  3.7768e+01  1.0000e+00
-4.7087e+00 -6.4940e-01 -3.8788e+00 -1.1536e+01 -2.5386e+00 -7.3741e+00  1.3925e+01  1.0000e+00
 7.5835e+00 -7.9062e+00 -9.0001e+00  2.1245e+01 -2.2264e+01 -2.5703e+01  4.0096e+01  1.0000e+00
-1.2794e-01  4.3332e-01  5.7238e-01  2.4080e+00  6.7306e-01 -7.5351e+00  7.9391e+00  1.0000e+00
-3.2610e-01  6.2210e-01  1.2003e-02 -5.4291e+00  8.0332e+00 -5.9316e+00  1.1366e+01  1.0000e+00
 2.6280e+01  2.1591e+01 -9.4467e+00  7.3471e+01  5.8931e+01 -2.5221e+01  9.7503e+01  1.0000e+00
-9.5855e-03  1.0913e+00  3.2093e-01 -6.9140e+00 -6.9463e+00 -7.6414e+00  1.2428e+01  1.0000e+00
-3.6791e-01  3.6948e-01  5.5025e-01 -9.3885e+00  6.6836e+00 -3.8130e+00  1.2139e+01  1.0000e+00
-1.2687e+00 -9.5916e-01  2.4080e+00 -9.4849e+00 -1.3629e+01  1.8518e+01  2.4872e+01  1.0000e+00
-5.6311e+00  1.0559e+01 -1.0763e+01 -1.6016e+01  3.0693e+01 -3.0678e+01  4.6257e+01  1.0000e+00
-3.5668e-01  1.2153e+01 -5.4101e+00 -1.2196e+00  3.4171e+01 -1.5031e+01  3.7351e+01  1.0000e+00
-2.9419e+00  1.4716e+00 -5.1475e+00 -8.8029e+00  5.7414e+00 -1.1576e+01  1.5635e+01  1.0000e+00
 4.0512e+00 -9.5343e+00  1.8927e+00  1.0276e+01 -2.6780e+01  4.8808e+00  2.9096e+01  1.0000e+00
 2.4332e+01 -6.3130e+00 -2.3464e+01  7.5284e+01 -1.9846e+01 -7.2652e+01  1.0649e+02  1.0000e+00
 7.0250e-01 -1.4547e+01 -1.9193e+01  2.1805e+00 -4.2241e+01 -5.5701e+01  6.9940e+01  1.0000e+00
-3.4149e-01  8.0101e-01  1.9152e-01  6.6024e+00  9.4515e+00  7.8792e+00  1.3964e+01  1.0000e+00
-2.4037e-01  7.8705e-01  9.9527e-02 -1.3759e+01  1.5434e+01  4.5607e+00  2.1174e+01  1.0000e+00
-2.3526e-02  7.7115e-01  2.5083e-01  8.5314e-01  5.2153e+00 -2.1993e+01  2.2619e+01  1.0000e+00
 3.1085e-02  3.4671e-01 -9.0258e-03  3.0540e+00 -1.6055e+00  1.0102e+01  1.0675e+01  1.0000e+00
-6.5065e-01  1.1352e+00  8.4891e-02  4.4290e+00  1.2261e+00 -1.1091e+01  1.2005e+01  1.0000e+00
 2.6196e-01  7.1284e-01  1.1980e-01 -1.0425e+01 -1.4226e+00  6.0389e+00  1.2132e+01  1.0000e+00
 4.1494e-03  4.6130e-01 -8.8894e-02 -1.7078e+01 -1.3553e+01  4.3293e+00  2.2228e+01  1.0000e+00
-6.4411e-01  1.7847e+00 -4.9698e-01  1.3682e+00  1.1844e+01 -8.3478e+00  1.4554e+01  1.0000e+00
-1.0167e+01  1.9467e+01 -2.4744e+01 -2.8553e+01  5.4721e+01 -6.7995e+01  9.1831e+01  1.0000e+00
-3.4933e-02  7.6779e-01  8.1376e-01 -2.2967e+00  1.5549e+00  1.0334e+01  1.0700e+01  1.0000e+00
 7.5740e+00 -1.7538e+00  6.3386e+00  2.0002e+01 -4.2058e+00  1.6940e+01  2.6547e+01  1.0000e+00
 4.5774e+00  4.1517e+00  3.3437e-01  9.7542e+00  9.3357e+00  2.1359e+00  1.3670e+01  1.0000e+00
 1.9621e+00  6.0938e-01  4.9373e-02  9.9499e+00  1.6042e+00 -3.6539e+00  1.0720e+01  1.0000e+00
-2.6829e-01  8.5547e-01 -8.4527e-02  1.5910e+01 -4.3258e-02  2.9288e+00  1.6177e+01  1.0000e+00
 1.4511e+00 -4.3815e+00  1.4067e+01  4.3195e+00 -1.2116e+01  3.9941e+01  4.1961e+01  1.0000e+00
 1.3520e+01  6.5664e+00  1.0561e+00  3.9037e+01  1.8786e+01  3.1633e+00  4.3437e+01  1.0000e+00
 7.7908e-01 -8.9315e+00  1.3910e+00  3.2501e+00 -2.4278e+01  4.3363e+00  2.4875e+01  1.0000e+00
-1.2062e-01  6.5762e-01  3.3604e-01  9.5548e-01  6.5124e+00  9.0988e+00  1.1230e+01  1.0000e+00
 2.2831e+00 -2.1031e+00 -4.0069e-01  3.2786e+00  7.6113e-01  1.3727e+00  3.6349e+00  1.0000e+00
 6.5099e+00 -2.5069e+00  2.8358e+00  1.5534e+01 -6.1780e+00  7.2602e+00  1.8226e+01  1.0000e+00
-4.7482e-02  6.6795e-01 -6.9500e-01 -7.3234e+00  3.0983e+00 -7.2019e+00  1.0728e+01  1.0000e+00
 3.0866e-02  4.6467e-01 -4.7413e-02 -9.8084e+00  1.4561e+01  1.9929e+01  2.6559e+01  1.0000e+00
 3.6952e-02  3.8795e-01  1.6595e-01 -9.8012e+00  1.6966e+01 -6.8504e+00  2.0757e+01  1.0000e+00
-2.1735e+00 -3.4179e+00  3.3689e+00 -4.0350e+00 -6.5716e+00  6.7500e+00  1.0248e+01  1.0000e+00
 1.1001e-01  6.3499e-01  1.5042e-01 -1.3320e+01  1.2040e+01  5.6912e+00  1.8835e+01  1.0000e+00
-2.8646e-01  7.9736e-01  1.8166e-01 -1.9429e+01 -1.5072e+01  1.5094e+01  2.8853e+01  1.0000e+00
-5.4164e-01  6.0788e-01  1.5531e-01 -6.8424e+00 -2.6864e+00  1.9975e+01  2.1285e+01  1.0000e+00
-4.4205e-01  2.9420e-01  1.7231e-01 -5.5494e+00  9.0749e+00  7.2035e+00  1.2847e+01  1.0000e+00
-1.8157e-01  8.2639e-01  3.9484e-01  3.0982e+00  2.2016e+01 -3.9639e+00  2.2584e+01  1.0000e+00
 1.7685e-01  5.6413e-01  4.3178e-01  3.9743e+00  3.5935e+00  1.3844e+01  1.4844e+01  1.0000e+00
 3.5135e+00 -1.8087e+00  1.0187e+01  9.1637e+00 -5.4669e+00  2.8245e+01  3.0193e+01  1.0000e+00
 4.5683e-02  6.4792e-01  3.4315e-01  9.0728e+00 -8.7899e+00  1.0690e+01  1.6549e+01  1.0000e+00
-1.2287e+00 -1.2890e+00  9.6451e-01 -9.4062e+00 -1.8740e+01  7.3417e+00  2.2216e+01  1.0000e+00
 5.9681e+00  5.3320e-01 -2.8992e+00  1.9231e+01  2.0455e+00 -9.2293e+00  2.1429e+01  1.0000e+00
-8.5643e-02  4.5944e-01  4.3899e-02  3.0919e+00 -3.3900e+00  2.6934e+01  2.7322e+01  1.0000e+00
 1.7764e+00 -6.5618e-01  6.8090e-01 -4.8134e+00  8.3300e-01 -9.2959e-01  4.9726e+00  1.0000e+00
 4.2264e-01  5.0760e-02  4.9190e-01  7.7283e+00  3.1696e+00 -3.9561e+00  9.2425e+00  1.0000e+00
-1.6231e-01  4.6990e-01  2.8515e-01 -2.8522e+00  1.5582e+01  1.2667e+01  2.0283e+01  1.0000e+00
-8.2825e-02  3.0670e-01  2.0939e-01 -2.8460e-01  8.9141e-01 -4.1567e+00  4.2607e+00  1.0000e+00
-1.0789e-03  6.8797e-01  4.5607e-02 -1.7876e+00 -8.1498e+00 -1.1385e+01  1.4115e+01  1.0000e+00
-6.1061e-01  1.5213e+00  5.3653e-01  3.1333e+00 -5.5765e+00 -4.8138e-01  6.4146e+00  1.0000e+00
 1.2154e+01  1.4290e+00  2.2456e+00  3.4274e+01  3.5815e+00  6.1057e+00  3.4998e+01  1.0000e+00
-1.9305e-01  5.0920e-01  2.6339e-01 -3.9323e-01 -3.8116e-01  9.2444e+00  9.2606e+00  1.0000e+00
 3.9300e-01  6.1811e-01  3.9669e-02 -1.3465e+01  9.7414e+00 -1.3591e-01  1.6620e+01  1.0000e+00
-1.3829e+00  1.5832e-01 -1.5404e-01 -2.3806e+00 -4.5314e-01 -3.8312e+00  4.5333e+00  1.0000e+00
-3.3262e-01  6.2884e-01  2.0762e-01  2.3971e+01 -1.1559e+01  8.7909e+00  2.8027e+01  1.0000e+00
-1.3206e-01  7.2778e-01  2.6906e-01  1.3453e+01 -5.1613e-01  1.3378e+01  1.8980e+01  1.0000e+00
-3.5164e-01  7.4132e-01 -7.4792e-02  4.0256e+00 -1.2686e+01  6.1142e+00  1.4647e+01  1.0000e+00
-6.6753e-01  1.8409e+00 -2.7029e-01  2.6782e+00 -4.7663e+00 -8.3719e-01  5.5310e+00  1.0000e+00
 1.4462e+01 -7.0181e+00 -1.6923e+00  4.1731e+01 -1.9639e+01 -4.7408e+00  4.6364e+01  1.0000e+00
-8.6429e+00 -5.3814e+00 -3.4081e+00 -2.3882e+01 -1.4238e+01 -8.9112e+00  2.9197e+01  1.0000e+00
-1.7762e-01  8.2997e-01  2.1336e-01  3.1841e+00 -5.3315e-01  5.9829e+00  6.7983e+00  1.0000e+00
 7.0914e+00  1.8391e+00  4.6756e+00  3.2773e+01  7.0745e+00  2.0962e+01  3.9542e+01  1.0000e+00
 1.0933e+00 -3.3780e-01 -5.1818e-01 -5.4965e+00  5.3092e+00  6.3027e+00  9.9057e+00  1.0000e+00
 3.4501e+00  2.8007e+00  4.3203e+00  6.8036e+00  6.9107e+00  9.1773e+00  1.3352e+01  1.0000e+00
-1.6977e-01  7.0490e-01  2.9635e-01 -3.9693e+00 -2.0355e+01 -1.4986e+00  2.0793e+01  1.0000e+00
-2.9779e-02  1.9336e-01  4.1800e-01  1.2813e+00  5.9474e+00 -2.3336e+00  6.5160e+00  1.0000e+00
 1.2887e-01  4.4130e-01 -1.4059e-01  1.0694e+01 -3.1970e+00 -8.5759e+00  1.4076e+01  1.0000e+00
 1.8241e+00 -1.2729e+00  2.0010e+00 -7.5942e-01  7.7334e-01  7.5806e-01  1.3227e+00  1.0000e+00
 3.8575e+01  1.0042e+01 -3.7644e+01  2.2218e+02  5.5313e+01 -2.1506e+02  3.1413e+02  1.0000e+00
-3.6262e-01  3.5081e-01  3.4336e-01  1.1880e+01  5.3919e+00  2.2176e+00  1.3233e+01  1.0000e+00
 2.1472e+00 -1.0340e+00  1.8438e+00  1.0013e+00  8.1502e-01 -5.5461e-01  1.4052e+00  1.0000e+00
-6.1657e-02  6.5583e-01  4.4968e-01  1.5079e+01 -1.3838e+01  1.6837e+01  2.6502e+01  1.0000e+00
-3.6908e-02  6.8727e-01  1.2509e-01 -3.0177e+01  1.2465e+01  1.2733e+01  3.5046e+01  1.0000e+00
-6.9983e-01  2.7708e-01 -2.8529e-01  1.2535e+00 -3.0023e+00 -3.2005e-01  3.2692e+00  1.0000e+00
 2.0462e+00 -7.2290e-01 -1.9831e-01  1.1813e+01 -4.8858e+00 -2.0112e+00  1.2941e+01  1.0000e+00
-4.9632e-01  8.3225e-01  3.7516e-01  5.0530e+00  2.4587e+00 -8.2177e+00  9.9553e+00  1.0000e+00
 5.4873e-01  2.0054e+00  2.7164e+00  1.7635e+01  3.4730e+01  6.2533e+01  7.3672e+01  1.0000e+00
-4.7781e+00 -7.0367e+00 -7.8792e+00 -1.3210e+01 -1.9119e+01 -2.1585e+01  3.1717e+01  1.0000e+00
 1.0977e+00 -2.3204e+00 -1.0005e+01  2.8151e+00 -5.5709e+00 -2.3896e+01  2.4697e+01  1.0000e+00
 5.0914e-01  3.5220e+00 -1.9229e+00  4.5026e+00  5.2071e+00 -1.8524e+00  7.1287e+00  1.0000e+00
-1.5040e-01  6.7686e-01  2.6309e-01 -1.7776e+01  7.8397e+00 -1.7270e+01  2.5994e+01  1.0000e+00
-4.9719e-01  4.6948e-01  2.8444e-01  1.4907e+01  3.6624e+00 -7.1026e+00  1.6914e+01  1.0000e+00
 1.7054e+00 -5.6690e-01 -1.1059e-01 -3.0923e+00  6.6182e+00  1.5580e+00  7.4693e+00  1.0000e+00
-7.8190e-01  8.0947e-01  3.7245e-01  1.5896e+01 -2.7359e+00 -3.7702e+00  1.6565e+01  1.0000e+00
 1.2052e+01  4.5274e+00 -2.9618e-01  3.3680e+01  1.3355e+01 -9.3486e-01  3.6243e+01  1.0000e+00
-4.6020e-01  5.8368e-01  1.8955e-01  8.6863e+00  1.1583e+00  6.1627e+00  1.0713e+01  1.0000e+00
 8.9480e+00  4.8737e-01  1.0041e+01  2.5039e+01  1.5521e+00  2.8080e+01  3.7654e+01  1.0000e+00
-1.9456e-01  7.6230e-01  3.2665e-01 -2.0398e+01  2.5631e+01  1.4406e+01  3.5785e+01  1.0000e+00
 6.1085e-01  5.1697e-01  3.3867e-02 -1.3104e+00 -1.2625e+01  4.2176e+00  1.3375e+01  1.0000e+00
-1.4487e+01  3.0017e+00  3.2870e+00 -4.1437e+01  9.0553e+00  9.5360e+00  4.3473e+01  1.0000e+00
 1.6174e-01  3.1845e-01 -5.4329e-02  1.2906e+01  3.1795e+00 -1.4935e+01  1.9993e+01  1.0000e+00
 3.1051e+00 -5.2277e+00  9.1435e+00  9.3865e+00 -1.4833e+01  2.4333e+01  3.0004e+01  1.0000e+00
 3.5173e+00 -3.5992e+00  7.4867e+00  8.9012e+00 -9.4837e+00  1.9765e+01  2.3661e+01  1.0000e+00
 6.1027e+00 -7.3618e+00 -2.7871e+00  1.5205e+01 -1.9654e+01 -7.4885e+00  2.5952e+01  1.0000e+00
 3.0241e+00 -1.6281e+00  6.8453e-01  2.4097e+00  3.0081e-01  1.4360e+00  2.8212e+00  1.0000e+00
-1.7350e-01  7.0603e-01  6.9922e-01 -6.1494e+00  1.3878e+01 -1.1564e+01  1.9083e+01  1.0000e+00
-2.7881e-02  8.0595e-01  1.1626e-01  5.4432e+00 -9.9957e+00 -2.7346e+01  2.9620e+01  1.0000e+00
-9.0960e-02  6.3759e-01  6.2843e-01  7.6960e+00  1.4860e+01  6.9947e+00  1.8138e+01  1.0000e+00
-1.5763e-01  6.4499e-01  5.6238e-01 -1.3170e+01  7.8033e+00 -6.4480e+00  1.6610e+01  1.0000e+00
 3.2948e-02  5.5477e-01  1.5387e-01 -6.5332e+00  8.5649e+00  1.1054e+01  1.5434e+01  1.0000e+00
-5.9021e-01  6.0868e-01  2.7020e-01  5.2018e+00 -5.5282e+00 -1.4658e+01  1.6507e+01  1.0000e+00
-2.9989e-01  7.5501e-01  2.7366e-01  5.5310e+00 -2.1206e+01 -1.1651e+01  2.4820e+01  1.0000e+00
-1.9004e+01  7.8458e+00  7.1338e+00 -5.5062e+01  2.2999e+01  2.1242e+01  6.3341e+01  1.0000e+00
-1.4216e-01  7.5840e-01  1.7595e-01 -2.1676e+01 -8.5699e+00 -5.9705e+00  2.4061e+01  1.0000e+00
-2.5243e-03  3.3004e-01  4.2146e-01 -9.3795e+00  1.6621e+01 -5.7513e-02  1.9085e+01  1.0000e+00
-3.4839e-01  6.5312e-01 -1.4935e-01 -1.0615e+01 -2.3733e+00 -1.7088e+01  2.0256e+01  1.0000e+00
 7.1502e+00 -6.1749e+00 -2.5567e+00  1.9689e+01 -1.6430e+01 -6.2265e+00  2.6389e+01  1.0000e+00
 6.9220e-05  3.8201e-01  4.9037e-01 -9.1669e+00  9.0907e+00 -1.1659e+01  1.7396e+01  1.0000e+00
 4.8392e+00 -4.2174e+00  1.0481e+01  1.3134e+01 -1.1252e+01  2.9658e+01  3.4332e+01  1.0000e+00
 2.2686e+00  9.0410e-01  2.9622e+00  4.4600e+01  5.4441e+00  4.7190e+01  6.5160e+01  1.0000e+00
-1.7317e+00 -2.0444e+00 -8.8581e+00 -5.2781e+00 -4.9992e+00 -2.3639e+01  2.4732e+01  1.0000e+00
 1.8807e+00 -1.1531e+00  8.7725e-01 -7.6531e-01  1.7419e+00 -1.2981e+00  2.3033e+00  1.0000e+00
-4.5983e-01  2.8378e-01  4.0501e-01  8.3518e+00  7.4050e+00 -1.2613e+00  1.1233e+01  1.0000e+00
-1.2401e-01  5.8339e-01 -1.8460e-02  2.1631e+01  1.5343e+01  5.7472e+00  2.7136e+01  1.0000e+00
 6.7958e-01  5.1744e-01 -2.8161e-01  1.4683e+01  4.4306e+00 -9.0818e+00  1.7824e+01  1.0000e+00
-3.4634e-01  1.3267e+00  5.1627e-01 -8.8462e-02  7.6222e+00 -1.3455e+01  1.5464e+01  1.0000e+00
-5.8650e-01  8.2243e-01  2.9985e-01 -1.8082e+01  4.0460e+00  6.7369e+00  1.9716e+01  1.0000e+00
 8.4056e-02  7.6492e-01  1.2526e-01  1.9353e+01  3.4803e+00  1.1969e+01  2.3020e+01  1.0000e+00
 2.7393e+00 -1.5458e+00  1.1345e+00  1.1191e-01  1.9639e+00  2.5380e+00  3.2110e+00  1.0000e+00
-1.4895e+00 -4.0851e+00  9.5199e+00 -4.0962e+00 -1.1730e+01  2.6225e+01  2.9019e+01  1.0000e+00
-4.3024e-01  1.1532e+00 -4.4839e-02  1.0621e+01 -1.7237e+00  3.0707e+00  1.1189e+01  1.0000e+00
-4.6468e-02  5.6569e-01  5.4667e-01 -1.2684e+01  6.1227e+00 -1.1035e+01  1.7892e+01  1.0000e+00
-1.3225e+01  2.3834e+00 -3.8603e+00 -3.5816e+01  8.5873e+00 -9.4936e+00  3.8035e+01  1.0000e+00
-4.9124e-01  5.5591e-01  2.4062e-01  3.3357e+00 -4.2218e+00  3.2817e+00  6.3024e+00  1.0000e+00
 1.9433e-02  8.6030e-01  7.4470e-02 -1.2885e+01  7.6840e+00  1.5384e+00  1.5081e+01  1.0000e+00
-2.6294e-01  7.0254e-01 -9.3073e-02 -4.7598e+00  7.4206e-01 -4.7500e-01  4.8406e+00  1.0000e+00
-4.9569e+00 -1.7419e+01 -1.9533e+01 -1.4956e+01 -4.4785e+01 -5.2292e+01  7.0454e+01  1.0000e+00
 1.2532e+01 -1.1085e+01  3.1450e+00  3.5649e+01 -3.1374e+01  8.7926e+00  4.8296e+01  1.0000e+00
-3.6508e-01  1.2096e+00  1.1605e+00 -8.5549e-01  1.2189e+00 -4.2060e+00  4.4619e+00  1.0000e+00
 7.0807e-01 -1.0464e-02 -1.2323e+00 -3.2403e+00  4.0109e+00  8.1837e+00  9.6726e+00  1.0000e+00
 3.1469e-01  6.1998e-01  1.9754e-01 -6.8462e-01 -2.4430e-01  1.3791e+01  1.3810e+01  1.0000e+00
 8.8187e-01 -5.1849e-01 -1.6561e+00 -8.0673e-02  4.9176e+00  3.9556e+00  6.3116e+00  1.0000e+00
-1.8052e-01  7.1628e-01  2.5971e-01 -7.0619e+00  4.3356e+00 -3.3728e+01  3.4731e+01  1.0000e+00
-2.5248e-01  7.5649e-01  3.1998e-01 -1.8885e+01  6.2029e+00 -1.3713e+01  2.4149e+01  1.0000e+00
-6.8861e+00  1.0649e+01 -5.7725e+00 -1.9387e+01  3.0669e+01 -1.6027e+01  3.9665e+01  1.0000e+00
-4.2470e-01  5.3453e-01  2.4720e-01  1.8853e+01 -1.9319e+00  8.7081e+00  2.0857e+01  1.0000e+00
 5.8393e-01  7.2310e-01  1.4452e-01  1.3665e+01  2.8415e+00 -8.4234e+00  1.6302e+01  1.0000e+00
-2.1439e-01  1.0909e+00  8.8332e-02  1.3038e+01 -4.0817e+00 -3.2601e-01  1.3666e+01  1.0000e+00
-4.3758e-02  5.3427e-01  1.3801e-01  1.7650e+01 -2.3238e+01 -2.1268e+00  2.9258e+01  1.0000e+00
 2.7251e-01  8.0181e-01  6.4681e-01 -4.3465e+00  1.0621e+01 -6.7358e+00  1.3306e+01  1.0000e+00
-1.6769e-01  9.7364e-02  5.5291e-01  5.3985e+00  3.7901e+00 -1.0343e+00  6.6767e+00  1.0000e+00
-2.4165e-01  5.2555e-01  1.1811e-01  5.9064e+00 -1.8700e+01  1.3587e+00  1.9658e+01  1.0000e+00
-1.8148e-01  3.8211e-01  3.8119e-01 -1.4154e+01 -1.9264e+00  1.0222e+01  1.7565e+01  1.0000e+00
-1.7833e-01  7.8076e-01  2.1012e-01  1.8166e+01 -1.0119e+01 -3.3827e+00  2.1067e+01  1.0000e+00
-2.5820e-01  2.8781e-01  8.4497e-01 -4.0770e+00 -3.6206e+00  3.4642e-01  5.4635e+00  1.0000e+00
 3.2812e+00 -5.2750e+00  9.1108e+00  7.4142e+00 -1.2644e+01  2.5924e+01  2.9781e+01  1.0000e+00
-9.0049e-02  8.9403e-01  1.8772e-01 -6.9560e+00  2.1592e+01  6.4900e-02  2.2685e+01  1.0000e+00
 2.4423e+01 -1.6754e+01 -3.4412e+01  6.9252e+01 -4.7253e+01 -9.5417e+01  1.2702e+02  1.0000e+00
-1.3579e-01  3.9917e-01  3.0161e-01 -6.9226e-01 -7.5770e+00  2.3268e+01  2.4480e+01  1.0000e+00
-1.4797e+00  2.6115e+00  2.3756e+00 -1.5990e+00  4.7560e+00  4.5767e-01  5.0385e+00  1.0000e+00
 6.4759e+00 -2.1193e+00 -1.6222e+00  1.7736e+01 -4.1098e+00 -3.0763e+00  1.8464e+01  1.0000e+00
-1.6171e-01  4.9515e-01  2.6326e-01  3.6136e+00  9.9948e+00 -1.8030e+01  2.0929e+01  1.0000e+00
-4.4870e-01 -9.4612e-01  1.5251e+00  2.4893e+00 -4.8145e+00  3.1947e+00  6.2914e+00  1.0000e+00
-2.3098e-01  1.0167e+00  1.9811e-02  5.4574e+00 -4.8515e+00  5.0257e+00  8.8644e+00  1.0000e+00
-5.4145e-02  6.4974e-01  2.5723e-01  7.6371e+00 -1.9628e+01  5.6493e+00  2.1806e+01  1.0000e+00
-7.3404e-02  7.4050e-01  2.4144e-01  6.7429e+00 -1.1116e+00 -5.9623e+00  9.0693e+00  1.0000e+00
 8.4113e-01  1.6151e-01 -1.3093e-01 -5.0561e+00  5.5112e+00 -1.2360e+00  7.5806e+00  1.0000e+00
-4.8519e-01  3.7074e-01  1.5676e-01 -1.5398e+01 -1.0013e+01 -5.7275e+00  1.9239e+01  1.0000e+00
-8.2218e-01  1.5731e+00  1.3539e+00  4.4163e+00  3.2462e+00  1.7985e+00  5.7686e+00  1.0000e+00
 6.0728e-01 -4.9619e+00  8.8143e+00  1.6620e+00 -1.3431e+01  2.3630e+01  2.7231e+01  1.0000e+00
-1.1623e+01  9.1590e+00 -7.3401e+00 -5.8346e+01  4.4495e+01 -3.7415e+01  8.2365e+01  1.0000e+00
 5.8840e-02  1.9667e-01  9.7617e-01  7.8103e+00  9.4664e-01  5.5103e+00  9.6052e+00  1.0000e+00
 4.8381e-01 -3.9622e-02  4.4380e-01 -6.3310e+00  6.2426e+00 -6.0653e+00  1.0763e+01  1.0000e+00
-1.5457e-01  5.5394e-01 -2.7143e-01 -1.1026e+01 -3.9226e+00  1.6324e+00  1.1816e+01  1.0000e+00
 3.3137e-01  1.6772e+00 -6.1820e-01 -5.9730e-01  4.1060e+00 -4.2224e+00  5.9199e+00  1.0000e+00
-5.4282e-01  7.4057e-01  1.3566e-01 -2.2052e+01  1.8955e+01  7.7642e-02  2.9080e+01  1.0000e+00
-7.6584e-01  6.1774e-01  2.2297e-01  1.5631e+01 -2.8807e+00 -8.3373e+00  1.7948e+01  1.0000e+00
-8.4228e+00  7.0822e+00 -2.3647e+00 -2.2769e+01  1.9246e+01 -6.3225e+00  3.0476e+01  1.0000e+00
 4.9267e+00 -3.8351e+00 -1.5073e+01  1.4199e+01 -1.1211e+01 -4.3470e+01  4.7085e+01  1.0000e+00
-2.5507e-01  7.9497e-01  6.0425e-02 -1.3304e+01 -7.5350e+00 -1.0119e+01  1.8335e+01  1.0000e+00
-3.5398e-01 -9.9045e+00 -7.0926e+00 -2.4106e+00 -2.6856e+01 -1.9755e+01  3.3427e+01  1.0000e+00
-3.5994e+00  3.3822e+00 -1.4311e+01 -1.0624e+01  1.0060e+01 -4.0864e+01  4.3405e+01  1.0000e+00
 1.7971e+00 -8.7773e+00  6.2722e-02  4.6894e+00 -2.3830e+01  2.8199e-01  2.4288e+01  1.0000e+00
 5.3452e-01  1.1941e+00  1.4671e-01 -6.0619e+00 -8.6600e+00  1.8162e+00  1.0726e+01  1.0000e+00
-1.6911e+00 -2.1208e+00 -9.6259e+00 -4.6591e+00 -6.3337e+00 -2.5359e+01  2.6550e+01  1.0000e+00
 7.5087e-01  2.2835e+00  1.9630e+00  4.8922e+00  9.0324e+00  9.1333e+00  1.3745e+01  1.0000e+00
-7.7619e-02  6.0138e-01  4.7757e-01  2.7103e-01  1.0360e+01 -1.2924e+00  1.0444e+01  1.0000e+00
 4.7460e+00  3.2187e+00  6.7169e+00  1.8595e+01  1.0206e+01  2.5299e+01  3.3015e+01  1.0000e+00
-4.5276e-01  7.1250e-01 -4.0911e-02  9.8275e+00 -6.4521e+00  6.9679e+00  1.3666e+01  1.0000e+00
 5.8410e+00 -7.3938e+00 -2.9735e+00  1.7189e+01 -1.9288e+01 -7.6946e+00  2.6957e+01  1.0000e+00
-1.9665e-01  4.8512e-01  2.0862e-01  2.0439e+01 -3.9844e+00  1.1618e-02  2.0823e+01  1.0000e+00
-5.1455e-01  6.8984e-01 -2.4562e-01  2.7218e+00  9.0355e+00  5.1510e-01  9.4506e+00  1.0000e+00
-1.0122e+01 -4.5770e+00 -3.2189e+00 -2.7912e+01 -1.2481e+01 -8.5778e+00  3.1756e+01  1.0000e+00
 5.3977e+00  2.7441e+00  5.0746e+00  1.3326e+01  7.9342e+00  1.4166e+01  2.1005e+01  1.0000e+00
-3.2577e-01  5.1925e-01 -5.9601e-02 -5.0114e+00 -9.5221e+00  7.5745e+00  1.3159e+01  1.0000e+00
 3.9600e+00 -1.3077e+01 -1.0293e+00  1.1574e+01 -3.7213e+01 -2.9514e+00  3.9083e+01  1.0000e+00
-1.0405e-01  7.1992e-01  3.1569e-01 -8.4453e+00  1.8843e-01  4.8574e+00  9.7443e+00  1.0000e+00
-1.8391e+01 -1.7254e+00  2.7171e+01 -5.7013e+01 -5.5877e+00  8.4106e+01  1.0176e+02  1.0000e+00
 7.5410e+00 -1.3131e+01 -1.0639e+01  2.2124e+01 -3.7902e+01 -3.0874e+01  5.3658e+01  1.0000e+00
-1.1821e+00  1.0260e+00  4.9276e-01  1.4081e+00 -7.2179e-01  5.6926e-01  1.6816e+00  1.0000e+00
-6.5625e-01  9.6705e-01  3.3004e-01 -1.4132e+01  2.6904e+01  7.4998e+00  3.1302e+01  1.0000e+00
-5.2126e-02  7.7715e-01  4.6762e-01  3.5282e+00 -1.3751e+01  9.7035e+00  1.7196e+01  1.0000e+00
-4.6734e+00 -1.2064e+00 -3.5134e+00 -1.0955e+01 -1.7578e+00 -7.9777e+00  1.3666e+01  1.0000e+00
 1.2798e+00  1.1460e+00  8.5011e-02  3.8595e+00  3.4572e+00 -1.0748e+00  5.2918e+00  1.0000e+00
-4.1769e-02  8.4169e-01  1.4074e-01  1.6375e+01 -9.5303e-01 -1.1784e+01  2.0197e+01  1.0000e+00
-2.0053e-01 -9.9913e+00 -7.0764e+00  1.4093e+00 -2.7571e+01 -1.9189e+01  3.3621e+01  1.0000e+00
-1.5570e-01  3.9896e-01  3.1008e-01  1.0500e+01 -1.8440e+01  2.9190e+00  2.1420e+01  1.0000e+00
-1.6372e-01  9.0272e-01  5.5694e-01  2.3820e+00 -1.2365e+00 -9.8151e+00  1.0175e+01  1.0000e+00
 2.5679e-02  4.9843e-01  2.2112e-01  1.0945e+01 -7.6675e+00  5.7966e-02  1.3363e+01  1.0000e+00
 5.6691e-02  9.4351e-01 -5.4987e-01  6.4443e+00  7.7984e-01  2.8908e+00  7.1059e+00  1.0000e+00
-1.1680e-01  7.5414e-01  1.6141e-01  4.6069e+00 -1.4156e+01  1.4852e+00  1.4961e+01  1.0000e+00
-1.9378e+01 -2.2889e+01  1.0602e+01 -5.1417e+01 -6.2656e+01  2.9573e+01  8.6279e+01  1.0000e+00
-9.7188e-02  3.2494e-01  2.7584e-01  5.2431e+00  1.9753e+01  1.0992e+01  2.3206e+01  1.0000e+00
-1.5443e+00  2.6122e+00 -1.2611e+00 -6.5310e+00  1.1612e+01 -4.7842e+00  1.4156e+01  1.0000e+00
-3.7077e-01  8.4318e-01  2.5013e-01 -5.0493e+00 -1.1248e+01  1.8410e+00  1.2466e+01  1.0000e+00
-9.6677e-02  4.3204e-01  3.5952e-01 -1.0998e+01 -4.4129e+00 -2.7108e+00  1.2156e+01  1.0000e+00
 1.7733e-01  4.6548e-01  1.7342e-01  1.4166e+01 -4.7954e+00  1.2650e+01  1.9589e+01  1.0000e+00
-7.6342e-02  4.9615e-01  1.8161e-01 -3.2231e+01 -4.5337e+00  6.1540e-01  3.2554e+01  1.0000e+00
-1.1271e-01  6.5131e-01  6.7380e-01 -2.1988e+00 -1.0556e+01  3.7618e+00  1.1420e+01  1.0000e+00
-5.8800e-02 -8.7721e+00  4.2502e+00 -2.2232e-01 -2.3953e+01  1.1236e+01  2.6459e+01  1.0000e+00
-1.1089e+01 -6.7185e+00 -4.0184e+00 -3.1754e+01 -1.8546e+01 -1.0891e+01  3.8352e+01  1.0000e+00
-1.4495e+00 -9.1139e-01 -5.3350e-01 -3.8388e+00  7.1670e+00  4.7369e-01  8.1441e+00  1.0000e+00
-2.2982e-01  5.6628e-01 -7.1415e-02  7.6938e-01  1.1265e+00 -1.3614e+01  1.3682e+01  1.0000e+00
 1.4294e+01 -5.1449e+00 -8.8067e-01  4.0977e+01 -1.4571e+01 -2.2867e+00  4.3550e+01  1.0000e+00
-7.3669e-01  1.2497e+00 -6.4301e-02 -8.9290e+00 -7.0125e+00  1.1595e+01  1.6228e+01  1.0000e+00
 1.4558e+02 -1.8041e+02  1.1856e+02  3.8386e+02 -4.7418e+02  3.0947e+02  6.8408e+02  1.0000e+00
-3.9389e-01  4.5852e-01  3.6390e-01 -4.8897e+00  1.9643e+01 -5.5404e+00  2.0987e+01  1.0000e+00
-5.8231e-01  9.0517e-01 -1.2681e-01 -1.2148e+01  8.2269e+00  5.1912e+00  1.5563e+01  1.0000e+00
-1.1822e-01  4.4708e-01  1.8350e-01  2.8328e+00 -5.4189e-01  4.7352e+00  5.5444e+00  1.0000e+00
 8.1090e+00  6.5934e+00  5.5853e-01  2.1876e+01  1.7511e+01  1.9051e+00  2.8086e+01  1.0000e+00
-6.0442e+00 -1.6619e+00  3.0907e+00 -1.9814e+01 -4.6967e+00  1.1055e+01  2.3170e+01  1.0000e+00
 2.0099e+00 -1.0945e+01  6.2810e-01  5.3358e+00 -2.9952e+01  1.2470e+00  3.0449e+01  1.0000e+00
-1.4419e-02  6.6418e-01  5.8070e-01  1.3920e+01 -2.3866e+00  1.4996e+01  2.0599e+01  1.0000e+00
 5.6350e-01  5.1544e+00 -7.9022e+00  1.3318e+00  1.3587e+01 -2.1336e+01  2.5330e+01  1.0000e+00
-1.8854e+01  6.3390e+00  6.9102e+00 -6.8683e+01  2.3111e+01  2.5032e+01  7.6669e+01  1.0000e+00
-1.5270e-01  3.4409e-01  2.6146e-01  9.0011e+00  8.7296e+00 -2.9899e+00  1.2891e+01  1.0000e+00
-4.0960e-01  7.8802e-01  3.9833e-01  3.2106e+00 -2.5798e+01 -7.1390e+00  2.6960e+01  1.0000e+00
-5.2030e-01  8.9620e-01 -1.5409e-01  2.3212e+00  6.9284e+00  7.7352e+00  1.0641e+01  1.0000e+00
 1.3350e+00  3.0260e-01 -5.2327e-01  8.3264e+00 -2.3730e+00 -2.5798e+00  9.0341e+00  1.0000e+00
 1.0900e+00 -1.1057e+01  8.7772e+00  2.9741e+00 -3.1441e+01  2.4996e+01  4.0277e+01  1.0000e+00
 4.6094e+00 -8.5312e+00  3.5300e+00  2.3664e+01 -4.4423e+01  1.7349e+01  5.3239e+01  1.0000e+00
-1.2136e-01  6.9074e+00  9.5375e-01 -3.3208e+00  1.6980e+01  3.1922e+00  1.7594e+01  1.0000e+00
-2.5200e-01  1.1412e+00 -5.3368e-02  7.4110e+00  1.2923e+01  5.5360e+00  1.5893e+01  1.0000e+00
 2.2256e+00 -1.0074e+00  5.6326e-01 -2.3048e+00  2.1107e+00  5.6532e-01  3.1760e+00  1.0000e+00
-3.3377e-01  5.9080e-01  1.7898e-01  3.9860e+00 -5.9410e-02 -7.6850e+00  8.6574e+00  1.0000e+00
 5.9844e+00 -2.1858e+00  3.3325e+00  1.5328e+01 -3.9849e+00  7.9661e+00  1.7728e+01  1.0000e+00
-6.0792e-01  9.9984e-01  1.2576e-01 -1.2708e+01  7.8283e+00  2.5556e+00  1.5143e+01  1.0000e+00
 2.6995e-02  4.4683e-01  5.4896e-02 -5.4717e+00  4.1099e+00 -7.7191e+00  1.0316e+01  1.0000e+00
-8.7858e-02  4.8065e-01  1.0233e-01 -1.2942e+01  1.8093e+01  5.5962e+00  2.2939e+01  1.0000e+00
-2.4185e+00 -2.0811e+00 -1.2029e+01 -6.4642e+00 -5.4829e+00 -3.3497e+01  3.4553e+01  1.0000e+00
-1.2465e+00 -6.1833e-01  3.0649e+00 -1.6822e+00 -7.5742e-01  7.0345e+00  7.2724e+00  1.0000e+00
 1.4509e+01 -3.6655e-01 -3.2244e+00  4.1533e+01 -7.4702e-01 -8.6569e+00  4.2432e+01  1.0000e+00
-4.2285e-01  9.7126e-01 -3.3077e-01 -2.5589e+00 -5.4985e+00 -9.8250e+00  1.1546e+01  1.0000e+00
 5.0362e+00 -7.2617e-01  1.3221e+01  1.4636e+01 -2.6985e+00  3.8171e+01  4.0970e+01  1.0000e+00
-5.3632e-02  6.3611e-01  1.5527e+00  1.9710e+00  1.2644e+00 -1.7620e+00  2.9306e+00  1.0000e+00
 6.4777e-02  1.2188e+00 -3.7473e-01  1.6488e+01  8.4759e+00  7.5179e+00  2.0005e+01  1.0000e+00
-5.8910e+00  9.9529e-01  9.4763e+00 -1.5772e+01  2.6995e+00  2.6121e+01  3.0633e+01  1.0000e+00
-6.7563e-01  5.6687e+00 -7.8964e-02 -4.2585e+00  9.7944e+00 -1.0309e+00  1.0730e+01  1.0000e+00
-6.9261e-02  7.1218e-01  4.0518e-01 -4.5406e+00  4.0865e+00 -1.6250e+01  1.7361e+01  1.0000e+00
 7.9822e-01  2.3174e+01  1.5277e+01  2.8353e-01  6.3544e+01  4.0523e+01  7.5366e+01  1.0000e+00
-3.8742e+00  3.4527e+00 -1.5896e+00 -7.8856e+00  6.8151e+00 -1.4850e+00  1.0528e+01  1.0000e+00
 2.1774e-02  3.6315e-01  4.1835e-01  2.9757e+01 -1.4988e+00  2.2847e+00  2.9883e+01  1.0000e+00
 1.8907e-01  5.3777e-01 -4.6177e-01 -3.7931e+00  5.1079e+00  1.6183e+01  1.7389e+01  1.0000e+00
-1.7168e-01  1.4826e+00  4.3406e-01 -2.0980e+00 -5.4189e+00 -6.7187e+00  8.8830e+00  1.0000e+00
 2.1760e-02  1.0497e+00 -6.3232e-02  5.0192e+00 -2.5054e-01  1.1976e+01  1.2988e+01  1.0000e+00
-7.6327e-03  4.5831e-01  2.0216e-01 -1.2880e+01 -6.9991e+00 -9.6845e+00  1.7569e+01  1.0000e+00
-2.6508e+00 -6.7290e-02  3.5238e+00 -2.8586e+00  9.3296e-01  5.2992e+00  6.0929e+00  1.0000e+00
-3.0722e-01  7.0753e-01  1.9219e-01  6.1677e-01  1.6612e+01  8.2974e+00  1.8579e+01  1.0000e+00
-6.7333e+00  5.6615e+00  2.0908e+00 -2.7512e+01  2.2962e+01  7.3655e+00  3.6584e+01  1.0000e+00
-3.5265e-01  3.8992e-01 -3.4101e-02  7.1360e+00 -5.6670e-01  9.0010e+00  1.1500e+01  1.0000e+00
 3.2161e-01  3.4512e-01  5.5883e-01 -3.6683e+00 -3.0832e+00  5.8412e-01  4.8274e+00  1.0000e+00
-1.9965e-01  5.3701e-01  2.2301e-01  8.1785e+00  1.9914e+01 -1.1136e+01  2.4238e+01  1.0000e+00
-2.1469e-01  1.0133e+00 -6.2221e-04 -1.9827e+00  1.4962e+01  1.4934e+01  2.1232e+01  1.0000e+00
 4.8692e+00 -8.3443e+00 -4.1120e+00  1.3340e+01 -2.1995e+01 -1.1263e+01  2.8082e+01  1.0000e+00
-1.2462e+00  1.0299e+00  6.1975e-01  9.2326e+00  2.8499e+00 -2.7013e+00  1.0033e+01  1.0000e+00
 6.2422e+00  1.6470e+00 -1.4410e+01  1.7901e+01  5.2783e+00 -3.8299e+01  4.2605e+01  1.0000e+00
-1.0794e+00  5.8898e+00 -3.9381e+00 -2.6630e+00  1.4403e+01 -8.1938e+00  1.6783e+01  1.0000e+00
-1.2474e+01 -4.4651e+00  2.9747e+00 -3.5816e+01 -1.2250e+01  8.4904e+00  3.8794e+01  1.0000e+00
 1.5522e+01 -1.5082e+00 -6.4034e+00  4.5275e+01 -4.3112e+00 -1.8388e+01  4.9056e+01  1.0000e+00
 5.9900e+00 -3.3013e+01  2.0440e+01  1.7616e+01 -9.7734e+01  6.0758e+01  1.1642e+02  1.0000e+00
-2.1391e-01  8.4377e-01  3.0005e-01 -7.9774e+00  2.7893e+00 -1.7836e+01  1.9737e+01  1.0000e+00
 4.2118e-02  5.6736e-01 -1.6161e-02  9.6237e+00 -6.1551e-01 -1.5156e+01  1.7964e+01  1.0000e+00
 3.2665e-02  4.9027e-01  6.3060e-02  1.9957e+00 -8.6331e+00 -7.9539e+00  1.1907e+01  1.0000e+00
-1.2004e+00  5.7706e-01  7.4028e-01 -2.0267e+00 -1.3860e+00  3.1151e-01  2.4750e+00  1.0000e+00
-7.7681e+00 -4.0238e+00 -3.9729e+00 -2.1307e+01 -9.8008e+00 -1.0944e+01  2.5881e+01  1.0000e+00
-9.1317e-01  3.3597e-01 -3.3669e-01 -3.3996e+00 -4.7027e+00  3.0208e+00  6.5420e+00  1.0000e+00
-5.6028e-01  4.4098e-01 -5.3465e-01  4.6030e+00  5.7799e+00 -1.5835e+01  1.7474e+01  1.0000e+00
-1.1059e-01  5.6004e-01  1.9130e-01 -1.4297e-02  3.7260e+00 -2.4252e+01  2.4537e+01  1.0000e+00
 6.1294e-02  6.8566e-01  3.0143e-01 -5.7322e+00 -6.6713e-01  2.5487e+00  6.3086e+00  1.0000e+00
 2.2429e+00 -2.4079e+00 -2.8011e+00  3.9674e+00 -2.7633e+00 -3.5011e+00  5.9694e+00  1.0000e+00
-1.7566e-03  5.2577e-01  3.0136e-01  1.0043e+00 -1.3259e+01  2.5406e+00  1.3537e+01  1.0000e+00
-1.7563e-01  8.4159e-01  2.3414e-01  9.2706e+00 -1.3058e+01 -1.5253e+01  2.2115e+01  1.0000e+00
 5.2958e+00 -6.2824e+00 -7.8585e+00  1.4400e+01 -1.7743e+01 -2.1102e+01  3.1104e+01  1.0000e+00
 2.8942e-01  6.8223e-01  7.4092e-01 -7.7303e+00 -2.2333e+00  4.3453e+00  9.1448e+00  1.0000e+00
-4.2991e-01  9.5110e-01  4.1310e-01  5.4682e-01  7.7767e+00 -8.2228e+00  1.1331e+01  1.0000e+00
-7.7183e-01  1.2572e+00  6.3762e-01 -1.4844e-01  5.2703e+00  1.4370e+00  5.4647e+00  1.0000e+00
-6.6816e-01  6.6068e-01  1.3149e+00  1.6738e+00 -7.5370e+00 -6.7134e+00  1.0231e+01  1.0000e+00
 2.4979e+00 -8.4342e-01 -1.6483e+00  3.2223e+01 -1.6563e+01 -2.1240e+01  4.1998e+01  1.0000e+00
-2.0819e-01  6.6471e-01  3.1716e-01  4.8817e+00 -4.0578e+00 -3.7640e+00  7.3800e+00  1.0000e+00
-4.2177e-01  8.6418e-01  2.2875e-01 -3.1922e+01  1.1816e+01 -3.3748e+00  3.4206e+01  1.0000e+00
-1.4295e+01  3.4661e+00  7.0108e+00 -6.0360e+01  1.4481e+01  2.9804e+01  6.8857e+01  1.0000e+00
-2.0112e-01  8.0222e-01  1.4118e-01  3.9691e+00  2.4310e+01 -5.5453e+00  2.5249e+01  1.0000e+00
 7.2896e+00  5.0354e+00 -7.1920e-01  1.8420e+01  1.3772e+01 -1.0881e+00  2.3026e+01  1.0000e+00
-1.0771e-01  9.8069e-01 -6.3017e-03 -4.4108e+00  1.2790e+01 -4.3859e+00  1.4222e+01  1.0000e+00
 2.3077e-01  6.2891e-01  5.5800e-01  6.3367e+00 -4.8202e+00  1.0333e+01  1.3045e+01  1.0000e+00
-4.0170e-01  8.4328e-01  3.4039e-01  6.2934e+00  7.1229e+00 -4.1934e+00  1.0389e+01  1.0000e+00
 1.2737e+00  6.9680e+00 -9.0159e-02  4.2440e+00  1.6177e+01 -1.4988e+00  1.6791e+01  1.0000e+00
-1.4521e+02  1.8002e+02 -1.2005e+02 -3.7964e+02  4.7214e+02 -3.1702e+02  6.8377e+02  1.0000e+00
 4.8013e-01  1.4286e+00  5.9682e-01 -4.1020e+00  9.4048e+00  4.2721e+00  1.1114e+01  1.0000e+00
-4.1034e-01  6.9135e-01  1.6581e-01 -1.2444e+01 -3.5804e-01  6.1648e+00  1.3892e+01  1.0000e+00
 2.7675e-01 -5.3756e-01  2.4841e-01 -9.2194e-01 -4.0966e-01  3.7628e-01  1.0767e+00  1.0000e+00
-3.9876e-01  6.6328e-01 -7.0465e-02 -4.2018e+00  9.4798e-01 -1.8716e+01  1.9205e+01  1.0000e+00
-1.2728e-01  4.7522e-01 -9.6964e-02 -2.3339e+01  4.0726e-01  8.2262e+00  2.4750e+01  1.0000e+00
 5.0135e+00 -7.3781e+00 -7.0920e+00  1.5061e+01 -2.0745e+01 -1.6955e+01  3.0735e+01  1.0000e+00
 2.2912e+00 -5.1811e-01  6.8488e-02  4.9863e+00 -2.4746e-01  1.4987e+00  5.2126e+00  1.0000e+00
-1.9084e+00  3.1710e-02  1.8323e+00 -1.8615e+00  3.7882e-01  5.8754e+00  6.1749e+00  1.0000e+00
-2.5894e-01  7.2479e-01  3.5858e-01  1.4659e+01 -1.3399e+01  7.5784e+00  2.1257e+01  1.0000e+00
-1.0848e+01  5.6848e-01  9.2255e+00 -3.0854e+01  2.2845e+00  2.6688e+01  4.0858e+01  1.0000e+00
-1.4307e-01  7.9760e-01  5.4918e-01 -1.4153e+01  8.0204e+00  8.1548e+00  1.8197e+01  1.0000e+00
-2.5600e-01  6.5976e-01  6.4883e-02 -1.2793e+01 -2.0276e+00  2.1338e+00  1.3127e+01  1.0000e+00
-7.3289e+00  6.6065e+00 -1.1801e+01 -2.0899e+01  1.9293e+01 -3.3761e+01  4.4145e+01  1.0000e+00
 1.2379e+01 -8.4899e+00  3.3993e+00  3.5374e+01 -2.3971e+01  9.8744e+00  4.3857e+01  1.0000e+00
 6.7779e+00 -4.1550e+00  7.4856e+00  1.8115e+01 -1.1159e+01  2.0741e+01  2.9713e+01  1.0000e+00
 5.7535e-02  5.6727e-01  1.0726e-01  2.4355e+01  5.2356e+00  1.9383e+01  3.1564e+01  1.0000e+00
-1.2551e-01  5.7414e-01  7.7498e-02  5.5813e-01 -1.0343e+01 -6.2149e+00  1.2079e+01  1.0000e+00
-3.4963e-01  8.5447e-01  3.8183e-01  5.4735e+00 -8.0876e+00 -1.0113e+01  1.4059e+01  1.0000e+00
-5.6093e+00  9.9720e-01  1.9493e+00 -1.2444e+01  1.1031e+00  3.5395e+00  1.2985e+01  1.0000e+00
-1.9379e-01  3.3842e-01  3.8733e-01  1.0168e+01 -2.9451e+00 -2.2029e+00  1.0813e+01  1.0000e+00
 7.3112e-03  1.7474e-01  1.3819e-02  4.0684e+00  2.9921e+00  9.6670e+00  1.0907e+01  1.0000e+00
 7.4480e-02  7.6483e-01  4.0844e-01 -1.3709e+01  9.1514e-01 -6.7287e+00  1.5298e+01  1.0000e+00
-2.1034e-01  8.8437e-01  2.3121e-02  3.4021e+00 -4.9327e+00 -5.0655e+00  7.8464e+00  1.0000e+00
-5.0525e+00  4.6473e+00 -4.2298e+00 -1.2533e+01  1.3719e+01 -1.0489e+01  2.1338e+01  1.0000e+00
 2.8136e-01  1.1285e+00  5.0723e-01 -8.7096e+00  1.1218e+01 -1.4173e+00  1.4272e+01  1.0000e+00
-3.8019e+00  2.4294e+00 -9.3776e+00 -1.0485e+01  6.5888e+00 -2.5255e+01  2.8127e+01  1.0000e+00
-9.4885e-01  6.3140e+00  2.8537e+00 -5.7467e+00  1.4311e+01  4.7707e+00  1.6143e+01  1.0000e+00
-1.1708e+01 -2.6783e+00 -3.4329e+00 -3.3835e+01 -6.9543e+00 -8.6768e+00  3.5615e+01  1.0000e+00
-1.6580e+00  7.0722e-01  2.9440e-01 -6.5710e+00 -2.3283e+00  3.4910e+00  7.7965e+00  1.0000e+00
-5.6523e-02 -1.5675e-01 -2.2781e+00  1.4872e-02 -1.5969e+00 -7.6363e+00  7.8015e+00  1.0000e+00
 2.2571e-01  7.3885e-01  9.6898e-02  2.0598e-01  6.7095e+00  1.4959e+01  1.6396e+01  1.0000e+00
-5.3567e-01  6.1700e-01 -1.4973e-01  1.3065e+01 -3.0481e+00 -7.4856e+00  1.5363e+01  1.0000e+00
-2.7029e-01  8.7086e-01 -5.7610e-01  8.9045e-01  1.2557e+00 -1.0064e+01  1.0181e+01  1.0000e+00
-2.9236e-01  2.9738e-01  2.0329e-01  1.5049e+01  2.6692e+00 -1.8919e+00  1.5400e+01  1.0000e+00
-5.9919e-01  2.5612e-01  5.9630e-01  1.1503e+01  1.6262e+01 -4.2991e+00  2.0378e+01  1.0000e+00
 2.5384e+00 -1.4129e+00  1.0339e+00  3.9461e+00 -5.9101e-01 -5.0664e+00  6.4490e+00  1.0000e+00
-2.5292e-01  1.5484e-01  1.1616e-01  3.3644e-01  1.0621e+01  8.0838e+00  1.3352e+01  1.0000e+00
-3.2536e-01  9.2768e-01 -5.4350e-02  1.2695e+01 -1.2921e+01  1.3421e+01  2.2545e+01  1.0000e+00
-1.5437e+01  1.7509e+01 -1.0733e+01 -4.2007e+01  4.4283e+01 -2.6684e+01  6.6616e+01  1.0000e+00
 6.1129e-02  3.0906e-01 -1.7046e+00  1.3006e+00  1.7912e+00 -4.6532e+00  5.1529e+00  1.0000e+00
 2.4112e+00  1.4880e+00 -8.4913e-01 -8.8905e-01  6.0023e+00 -4.6683e-01  6.0857e+00  1.0000e+00
-1.7623e+00 -2.0167e-01 -1.2731e+00 -2.2053e+01 -1.2090e+01 -2.2403e+01  3.3681e+01  1.0000e+00
-2.2464e-01  5.5389e-01  3.9277e-01 -4.4757e+00 -8.1821e+00  1.0451e+01  1.4007e+01  1.0000e+00
-2.9848e-01 -8.5486e+00 -4.5676e+00 -6.3711e-01 -2.2437e+01 -1.2732e+01  2.5805e+01  1.0000e+00
-1.2947e-01  6.0425e-01 -8.2946e-02 -6.1272e+00 -9.1126e+00 -6.4536e-01  1.1000e+01  1.0000e+00
 4.9924e+00 -7.4401e+00 -7.0427e+00  1.2744e+01 -1.9566e+01 -2.1506e+01  3.1746e+01  1.0000e+00
 1.6412e-01  6.6894e-01  1.8619e-01 -3.6329e+00  9.0483e+00 -1.8984e+00  9.9334e+00  1.0000e+00
-2.9956e-01  8.3369e-01  1.6154e-01 -1.0430e+01  8.1437e+00  1.4295e+00  1.3309e+01  1.0000e+00
 3.5276e-01  5.7951e+00  2.5557e+00  2.7479e+00  1.3469e+01  4.7783e+00  1.4553e+01  1.0000e+00
 2.4584e+00 -5.2001e+00  8.1332e+00  7.0447e+00 -1.3928e+01  2.2017e+01  2.6988e+01  1.0000e+00
-2.4983e-01  4.7187e-01  1.3360e-01  5.5563e+00 -1.3568e+01  1.7553e+01  2.2871e+01  1.0000e+00
-2.6783e+00  1.9338e+00 -5.0617e-01 -4.4194e+01  2.4259e+01 -1.0341e+01  5.1464e+01  1.0000e+00
-2.7534e-01  7.0009e-01  2.5923e-01 -9.9412e+00  1.2284e+00  9.7873e+00  1.4005e+01  1.0000e+00
-6.5584e-01  8.1988e-01 -6.6308e-02  4.5214e+00  6.4673e+00  2.1779e+00  8.1861e+00  1.0000e+00
-6.3219e+00 -2.1081e+00  4.0109e+00 -1.6278e+01 -5.3756e+00  8.8953e+00  1.9313e+01  1.0000e+00
-7.7068e-02  3.2043e-01  7.3401e-01  8.2751e+00 -4.6230e+00 -8.0844e-01  9.5133e+00  1.0000e+00
-2.4595e-01  3.8313e-01  1.5354e-01  4.6723e+00  1.2959e-01 -2.3045e+01  2.3515e+01  1.0000e+00
 9.3197e+00 -1.2068e+01 -9.3493e-01  2.7061e+01 -3.4365e+01 -2.8115e+00  4.3831e+01  1.0000e+00
-1.0689e-01  1.2698e+00 -1.2325e-01 -2.2843e+00  1.7372e+00  4.5559e+00  5.3844e+00  1.0000e+00
-1.6576e+00  8.9974e-01  8.1329e-01  8.6884e+00  4.8499e+00 -7.1701e+00  1.2265e+01  1.0000e+00
 1.2615e-01  5.7123e-01  3.0861e-01  1.6630e+01  1.3612e+01 -5.9718e+00  2.2305e+01  1.0000e+00
-1.4321e-01  8.3006e-01  3.1108e-01 -2.1209e+01 -6.5465e+00  1.8467e+01  2.8874e+01  1.0000e+00
 1.8945e+00 -1.2214e+00  3.1841e-01 -1.6172e+00  1.1108e+00  2.8690e-01  1.9828e+00  1.0000e+00
-1.9624e-01  6.6661e-01  4.9461e-01 -8.7960e+00  6.8404e+00  1.3752e+01  1.7699e+01  1.0000e+00
-2.5000e-01  1.2784e+00 -4.0823e-01  8.5701e+00  1.2282e+01 -5.9448e+00  1.6113e+01  1.0000e+00
-3.3348e+00 -1.3304e+00 -8.4698e-01 -9.3141e+00 -2.8963e+00 -1.5532e+00  9.8770e+00  1.0000e+00
-3.0995e-01  5.2672e-01  1.0650e-02 -3.7050e-01 -7.6444e+00 -1.1609e+01  1.3905e+01  1.0000e+00
-5.2940e-01  9.7227e-01  1.2367e-01  4.2829e+00  8.7679e+00  6.7346e+00  1.1856e+01  1.0000e+00
-8.0525e-02  8.6671e-01  1.0630e-01 -1.1394e+01  2.6317e+00  1.2367e+01  1.7021e+01  1.0000e+00
-1.1617e-01  7.5407e-01  1.6985e-01  9.0523e+00  1.5694e+01 -7.1829e+00  1.9490e+01  1.0000e+00
-3.6411e-01  9.0499e-01  2.4455e-01  1.4820e+01  6.0014e+00  9.1036e+00  1.8399e+01  1.0000e+00
-5.9694e-01  3.3252e-01 -2.6122e-01 -9.8899e+00  7.0749e+00  3.5907e+00  1.2679e+01  1.0000e+00
 1.0003e-01 -2.0128e-01  3.6502e-02 -8.9143e-01 -4.6207e+00 -3.7288e+00  6.0041e+00  1.0000e+00
 1.2623e-01  3.8876e-01  8.2195e-02  1.1965e+01  1.3500e+01 -5.5974e+00  1.8888e+01  1.0000e+00
-9.3533e+00  7.7707e+00  3.4595e+00 -8.1463e+01  6.5296e+01  3.0791e+01  1.0885e+02  1.0000e+00
 5.4664e-01  8.3067e-01 -5.1110e-01 -1.2888e+01  6.7089e+00  1.2038e+00  1.4579e+01  1.0000e+00
 2.2373e-01  9.1756e-01  2.2017e-01 -1.1428e+01 -5.4473e-01  5.1276e+00  1.2538e+01  1.0000e+00
-4.2490e+01  1.6660e+00  3.7966e+01 -2.4181e+02  7.3671e+00  2.1773e+02  3.2547e+02  1.0000e+00
-1.8588e-01  6.2197e-01  5.9616e-02  1.5690e+01  1.4239e+01  2.9219e+00  2.1388e+01  1.0000e+00
-7.8859e-02  1.1433e+00 -1.8072e-01 -9.3187e+00 -1.9257e+01  6.0398e+00  2.2230e+01  1.0000e+00
-1.0381e-01  4.4362e-01  2.4409e-01  9.6732e+00 -4.5594e+00 -6.6731e+00  1.2605e+01  1.0000e+00
-2.0180e+00  3.1093e+00  7.8657e+00 -4.5056e+00  6.3585e+00  1.6762e+01  1.8485e+01  1.0000e+00
 4.3243e+00  1.4113e+00  8.5758e-01  6.2408e+00  3.5206e+00  2.2669e+00  7.5154e+00  1.0000e+00
 5.5491e+00 -3.1017e+00 -4.7975e+00  1.3877e+01 -8.4839e+00 -1.1788e+01  2.0087e+01  1.0000e+00
-6.2059e-01  6.7328e-01  1.7150e-01  8.0968e+00  2.6668e+00  3.1948e+00  9.1037e+00  1.0000e+00
 7.3922e+00 -7.5922e+00 -1.1274e+01  2.1475e+01 -2.1601e+01 -3.1807e+01  4.4039e+01  1.0000e+00
-2.9645e-02  7.0410e-01  2.7738e-01  3.4810e+00  1.5978e+01  4.3560e+00  1.6923e+01  1.0000e+00
-3.1890e-01  7.5943e-01  1.7111e-01 -8.6971e+00  1.8068e+01  3.1596e+00  2.0299e+01  1.0000e+00
-2.1359e-01  4.6267e-01  3.4487e-02 -2.3885e+00  8.1604e+00 -3.8582e+00  9.3371e+00  1.0000e+00
-1.2833e+00 -1.2770e+00 -1.5876e+00 -2.5630e+01 -4.2788e+01 -3.9353e+01  6.3533e+01  1.0000e+00
-2.7933e-02  9.5491e-01  1.9387e-01 -2.5140e+00  1.7944e+01  1.1810e+00  1.8158e+01  1.0000e+00
-7.7183e-01  2.7289e-01  4.4194e-01 -1.3110e+01 -4.3093e+00 -5.1796e+00  1.4740e+01  1.0000e+00
-1.3722e-01  5.0437e-01  6.1214e-01  6.8204e+00 -9.7732e+00  5.4471e-01  1.1930e+01  1.0000e+00
-1.8365e-01  4.2625e-01  3.3824e-01 -1.7598e+01 -5.8018e+00  2.0075e+01  2.7319e+01  1.0000e+00
-1.6944e+00  1.1722e+00  1.4114e+00  2.6058e-01 -1.2229e+00  2.1874e+00  2.5195e+00  1.0000e+00
-1.9568e-01  5.5718e-01  8.5415e-02  4.7143e+00  5.8146e+00  8.3641e+00  1.1225e+01  1.0000e+00
-2.1173e+00  2.8832e+00  8.4877e+00 -4.6880e+00  8.0734e+00  2.2197e+01  2.4080e+01  1.0000e+00
-1.1174e+00 -1.9076e-01 -7.7241e-01 -2.3123e+00 -4.7532e+00  7.1467e+00  8.8890e+00  1.0000e+00
-1.3592e-01  8.0907e-01  1.6333e-01  1.1739e+01  1.0021e+01 -9.0511e+00  1.7893e+01  1.0000e+00
-2.7463e-01  1.0722e+00  1.1994e-01 -2.1849e+00 -3.1219e+00 -4.2179e+00  5.6843e+00  1.0000e+00
-7.5927e-01  2.1994e+00  2.0856e+00  4.0356e+00  1.1707e+00 -5.9330e-01  4.2436e+00  1.0000e+00
 5.8291e+00 -1.4625e+01  2.5593e+01  1.5621e+01 -3.9429e+01  7.0945e+01  8.2655e+01  1.0000e+00
 1.0860e+01  2.0866e+00  1.0170e+01  3.0960e+01  5.8602e+00  2.9403e+01  4.3097e+01  1.0000e+00
 6.5742e-01  3.2189e-01  1.7589e-01 -1.5180e+01  1.2364e+01  5.1979e+00  2.0256e+01  1.0000e+00
-1.1321e-01  7.5634e-01  2.7157e-01 -4.6978e+00  2.3409e+01  2.0917e+01  3.1742e+01  1.0000e+00
-4.5987e-01  5.7163e-01  3.8072e-01  8.4090e+00  2.9923e+00 -7.4755e+00  1.1643e+01  1.0000e+00
-2.8970e+00  1.8038e+00  1.1486e+01 -8.1407e+00  5.6126e+00  3.2118e+01  3.3606e+01  1.0000e+00
-7.6975e+00 -1.8588e+00 -7.4882e+00 -2.0778e+01 -2.5965e+00 -1.9258e+01  2.8449e+01  1.0000e+00
-2.7349e-01  9.3181e-01  3.5020e-01 -5.1574e+00 -2.9481e+01  1.0364e+01  3.1673e+01  1.0000e+00
-3.8065e+00 -6.0668e+00 -6.3492e-01 -1.2543e+01 -2.2829e+01 -1.3547e+00  2.6083e+01  1.0000e+00
-1.2712e+00 -2.5013e-01  5.4620e-01 -6.9536e+00 -8.7680e+00  3.5676e+00  1.1746e+01  1.0000e+00
-2.2751e-01  5.6423e-01  2.7813e-01  1.3228e+01 -5.4644e+00  9.0561e-01  1.4341e+01  1.0000e+00
-1.1633e+00 -6.1489e-01 -9.1611e-02 -9.4665e+00 -7.6037e+00 -9.0709e-01  1.2176e+01  1.0000e+00
-1.3035e-01  5.4346e-01  5.3047e-03 -5.2568e+00 -1.9765e+00 -1.4112e+01  1.5189e+01  1.0000e+00
-3.6784e-01  4.3089e-01  1.6394e-01  1.1785e+00 -1.3710e+01 -2.1805e+00  1.3932e+01  1.0000e+00
-3.9609e+00  1.2391e+01 -1.6309e+00 -1.0923e+01  3.4854e+01 -4.3733e+00  3.6787e+01  1.0000e+00
 3.0011e+00  3.6827e-01  2.4885e+00  4.5228e+00  4.1470e+00  7.3769e+00  9.5954e+00  1.0000e+00
-7.5318e+00 -3.3838e-01 -1.9063e+00 -1.8811e+01  3.2592e-01 -5.0352e+00  1.9476e+01  1.0000e+00
 7.8141e-02  1.0004e+00 -1.2269e+00  7.4123e+00  4.7107e+00 -1.3450e+01  1.6064e+01  1.0000e+00
-6.1268e+00 -2.5557e+00  4.1409e+00 -1.4583e+01 -5.4599e+00  1.0805e+01  1.8953e+01  1.0000e+00
-1.6793e-01  7.0269e-01  1.0580e-01 -1.2375e+01  1.4811e+01 -2.0749e+01  2.8337e+01  1.0000e+00
 1.4433e+01  5.1627e+00  1.2262e+00  4.1069e+01  1.5027e+01  3.3727e+00  4.3862e+01  1.0000e+00
 5.3411e+00  7.5649e+00  8.6844e-01  1.4632e+01  1.9920e+01  3.1469e+00  2.4916e+01  1.0000e+00
-1.1267e+01 -6.9066e+00 -4.2381e+00 -3.2443e+01 -1.9252e+01 -1.2433e+01  3.9721e+01  1.0000e+00
-5.7635e-01 -1.0613e+00 -5.6503e-01 -4.7651e+00  4.4963e+00  5.7764e+00  8.7344e+00  1.0000e+00
-1.1184e+01 -3.5844e-01 -2.9107e+00 -3.1265e+01 -4.3346e-01 -8.2513e+00  3.2338e+01  1.0000e+00
-2.6077e-01  8.2833e-01  1.0236e+00  3.0480e+00 -6.0454e-01 -5.9928e+00  6.7505e+00  1.0000e+00
-3.3222e-01  7.6854e-01  1.7597e-01 -7.5649e+00 -2.6749e+01  1.3525e+01  3.0914e+01  1.0000e+00
-2.4364e+00  9.1051e+00 -3.6398e+00 -6.0614e+00  2.5076e+01 -9.1228e+00  2.7364e+01  1.0000e+00
 1.0868e+01  9.0491e+00 -6.8823e+00  4.7369e+01  3.8338e+01 -2.9580e+01  6.7739e+01  1.0000e+00
 2.5568e-03  9.7386e-01 -1.5234e-02 -7.4335e-01 -2.1199e+01 -1.3936e+00  2.1258e+01  1.0000e+00
-1.2240e+00 -3.1580e-02 -2.8377e+00  1.0068e-01  2.8169e+00 -2.1740e+00  3.5597e+00  1.0000e+00
-4.8760e-01  7.2617e-01 -1.3739e-02 -7.8351e+00  1.8142e+01 -7.9021e+00  2.1283e+01  1.0000e+00
 2.5406e+00 -2.3859e+00 -1.1729e+00  5.7390e+00 -3.8754e+00  3.0562e+00  7.5693e+00  1.0000e+00
-7.1850e-02  2.8245e-01  3.4993e-01  1.7113e+01 -2.6965e+01  6.2275e+00  3.2538e+01  1.0000e+00
-8.4345e-01  2.3199e-01  5.2966e-01 -1.0847e+01  2.1878e+00  1.2024e+01  1.6341e+01  1.0000e+00
-8.4486e+00 -4.2210e+00 -1.4757e+01 -2.4951e+01 -1.2671e+01 -4.4092e+01  5.2223e+01  1.0000e+00
-1.5240e+01 -5.1854e+00 -4.8257e-01 -4.4067e+01 -1.4328e+01 -1.5424e+00  4.6364e+01  1.0000e+00
 1.8080e+00 -2.2684e+00 -3.0241e+00  5.3001e+00 -2.0525e+00 -5.2182e+00  7.7158e+00  1.0000e+00
 1.5485e+01  2.5742e+00 -1.5735e+00  4.4288e+01  7.9775e+00 -4.7512e+00  4.5251e+01  1.0000e+00
-2.4497e-02  3.9538e-01  1.2247e-01 -1.0775e+01  9.1652e-03  1.5457e+01  1.8842e+01  1.0000e+00
-5.8260e-02  6.8460e-01  4.2423e-01 -1.5632e+01  5.5407e+00  3.6265e-01  1.6589e+01  1.0000e+00
-3.8738e-01  6.3389e-01  5.5948e-01  6.9830e+00  3.4415e+00  4.8398e+00  9.1668e+00  1.0000e+00
 6.7164e-01 -7.6682e-02  4.2651e-01  1.0019e+01 -2.0445e+00  2.1422e+00  1.0448e+01  1.0000e+00
-3.3050e-01  6.8426e-01  2.0885e-01  8.0763e+00 -5.9201e+00  1.2556e+01  1.6060e+01  1.0000e+00
 5.9779e-01  2.1853e-01 -3.1272e-01 -3.4822e+00 -1.7948e+00  3.8933e+00  5.5231e+00  1.0000e+00
-2.8048e-01  7.3958e-01  3.8170e-01  6.3906e+00  1.4693e+00  2.1245e+01  2.2234e+01  1.0000e+00
-6.5499e+00  5.6223e+00 -1.1404e+00 -1.6868e+01  1.4229e+01 -2.3333e+00  2.2191e+01  1.0000e+00
 1.0065e-01  5.9249e-01 -9.8977e-02 -7.3904e+00 -6.3509e+00 -2.4001e+00  1.0036e+01  1.0000e+00
-6.9241e+00 -2.0558e+00 -4.0514e-03 -1.6405e+01 -5.0382e+00 -4.3549e-01  1.7167e+01  1.0000e+00
-2.6047e-02  9.6409e-01  2.3796e-02  4.4816e+00  1.7441e+01 -1.9480e+01  2.6528e+01  1.0000e+00
-4.0135e-01  7.3713e-01 -1.9717e-01 -1.6877e+00 -2.3632e+00 -1.2975e+01  1.3296e+01  1.0000e+00
-1.6632e-01  3.6877e-01  3.5423e-01 -1.0019e+01  6.1925e+00  9.5989e+00  1.5195e+01  1.0000e+00
-2.9941e-01  8.4261e-01  3.0807e-01 -1.0534e+01  2.4949e+00  2.3861e+01  2.6202e+01  1.0000e+00
 4.9447e+00 -1.2283e+01 -5.9091e+00  1.4157e+01 -3.4628e+01 -1.6726e+01  4.0979e+01  1.0000e+00
-1.1088e+01 -2.0779e+00  9.9900e+00 -3.1786e+01 -5.3562e+00  2.8617e+01  4.3104e+01  1.0000e+00
-2.7588e-01 -5.4178e-02  1.5191e-02 -2.3914e+00  4.8649e+00 -2.6439e+00  6.0313e+00  1.0000e+00
-1.8642e+00 -1.2028e+00 -3.2184e+00 -3.2484e+00 -2.4694e-01 -3.4393e+00  4.7373e+00  1.0000e+00
 2.0685e+00 -1.2454e+00  9.2943e-01 -1.5805e+00  2.9955e+00  2.7092e+00  4.3371e+00  1.0000e+00
-1.3393e-01  4.3318e-01 -2.2729e-01 -1.0376e+01  2.1205e+00  4.6749e+00  1.1576e+01  1.0000e+00
-1.1571e+00 -9.8738e+00 -6.9126e+00 -2.6322e+00 -2.8285e+01 -2.0106e+01  3.4803e+01  1.0000e+00
-2.0226e+00  3.5212e+00 -2.9664e+00 -3.8804e+00  6.4931e+00 -3.9214e+00  8.5203e+00  1.0000e+00
-1.3456e+00  4.1094e-01  3.6167e-01 -1.6316e+00  9.8899e-01  2.1024e+00  2.8391e+00  1.0000e+00
 2.0141e-01  8.2603e-01  2.4858e-01  1.6584e+01  1.0302e+01  6.0578e+00  2.0441e+01  1.0000e+00
 2.6859e-01  1.4775e+00  5.0530e-02  8.6455e+00  1.0257e+01 -1.2197e+00  1.3470e+01  1.0000e+00
-2.1121e+00  9.4828e+00 -4.0534e+00 -5.6497e+00  2.5071e+01 -1.0374e+01  2.7714e+01  1.0000e+00
-6.1764e-01  6.6681e-01  5.2100e-01 -1.1823e+01  2.4256e+00  1.4626e+01  1.8963e+01  1.0000e+00
 6.8104e-02  1.6476e+00  1.2112e+01  1.8507e+00  5.1887e+00  2.8867e+01  2.9388e+01  1.0000e+00
-1.2339e-01  1.0743e+00  4.6032e-02  6.3680e+00  2.8850e+01 -1.6794e+01  3.3984e+01  1.0000e+00
-4.2993e-01  6.1709e-01  2.6963e-01 -9.5918e+00  9.5067e+00 -8.9703e+00  1.6213e+01  1.0000e+00
-6.8242e-02  8.4364e-01  3.0892e-01  6.2656e+00  2.7359e+01  1.1612e+01  3.0374e+01  1.0000e+00
-2.4206e-01  6.2399e-01  6.4384e-01 -2.0862e+00  8.3537e+00  9.6982e+00  1.2969e+01  1.0000e+00
 3.5058e+00  7.2634e+00  3.9759e+00  9.5874e+00  1.9416e+01  1.0091e+01  2.3890e+01  1.0000e+00
-3.2866e-01  4.1645e-01  1.6469e-01 -9.5560e+00  8.8418e+00  1.0820e+01  1.6928e+01  1.0000e+00
-5.6276e-01  1.8381e+00  8.8773e-02  6.6835e-01 -8.8534e+00 -1.3864e+00  8.9862e+00  1.0000e+00
 2.7593e-01  6.0951e-01 -5.1255e-01  2.1731e+00  5.4342e+00  5.9549e-01  5.8828e+00  1.0000e+00
-3.1375e-01  1.0902e+00  7.4757e-02 -1.5130e+00  1.4462e+01  7.0555e+00  1.6162e+01  1.0000e+00
-5.4808e-02  5.0622e-01  1.7251e-01 -5.7104e+00  2.3581e+01  9.2235e+00  2.5956e+01  1.0000e+00
-1.7519e-01  8.0115e-01  1.3161e-02 -4.2158e+00  1.5884e+01 -1.4398e+01  2.1849e+01  1.0000e+00
 5.8725e+00 -4.3544e+00 -8.0542e-01  1.4392e+01 -1.0333e+01 -1.4448e+00  1.7776e+01  1.0000e+00
-6.5116e-01  9.0218e-01 -2.3648e-01 -5.0996e+00  1.4477e+01  2.6511e+00  1.5576e+01  1.0000e+00
 1.0681e+01 -1.9254e+01  1.2230e+01  2.5284e+01 -5.0448e+01  3.2505e+01  6.5122e+01  1.0000e+00
 1.0166e-01 -1.1957e+00 -2.5513e-01 -1.4537e+00  2.9866e+00  1.1127e+01  1.1613e+01  1.0000e+00
 1.0574e+00 -5.1969e+00 -1.4789e+01  2.7640e+00 -1.4683e+01 -4.2185e+01  4.4752e+01  1.0000e+00
-3.8817e+00 -5.8855e+00 -1.0086e+01 -1.1842e+01 -1.6401e+01 -2.8335e+01  3.4815e+01  1.0000e+00
-7.7676e-01 -1.0780e+01  1.1708e+00 -1.8485e+00 -3.0021e+01  3.2292e+00  3.0251e+01  1.0000e+00
-1.4650e+01 -7.4921e+00 -3.8557e+00 -4.2677e+01 -2.1251e+01 -1.1059e+01  4.8942e+01  1.0000e+00
-2.1144e-01  3.7376e-01  2.0928e-01  5.4007e+00  1.2541e+01 -1.8879e+01  2.3299e+01  1.0000e+00
-1.1883e+01 -2.9403e+00 -2.2620e+00 -3.3833e+01 -8.2872e+00 -6.2003e+00  3.5381e+01  1.0000e+00
-2.7560e-01  7.0642e-01  1.8748e-01 -3.7655e+00  3.0104e+00 -3.7861e+01  3.8167e+01  1.0000e+00
-1.0953e-02  1.0771e+00  3.6830e-01  1.5525e+01  8.3565e+00 -6.2087e-01  1.7643e+01  1.0000e+00
-1.9308e+00 -1.0111e-01 -5.7424e+00 -5.3202e+00  6.5412e-01 -1.7923e+01  1.8707e+01  1.0000e+00
 4.1280e-01  9.8050e-01 -1.5542e-01 -2.0114e+01  1.7153e+00 -4.5493e+00  2.0694e+01  1.0000e+00
 1.0344e-01  6.0567e-01  2.9052e-01 -1.2905e+01 -3.2159e+00  1.4462e+00  1.3378e+01  1.0000e+00
