# limit = 12.2187
#
# x           y           z           vx          vy          vz          s           m
 2.8746e-01 -1.9837e+00 -7.3515e-01 -3.1604e+00  1.7163e+00  4.8197e+00  6.0136e+00  1.0000e+00
-4.5146e-01  7.6399e-01  3.3950e-01 -9.3757e+00  1.2882e+01  9.6905e-02  1.5933e+01  1.0000e+00
 1.2539e+01  4.3690e-01  2.4531e+00  3.4510e+01  1.8964e+00  6.7822e+00  3.5221e+01  1.0000e+00
-2.3918e-01  4.2746e-01  3.0256e-01 -5.8937e+00 -1.4669e+01  1.3018e+01  2.0479e+01  1.0000e+00
-1.0509e+01  4.0218e+00  6.3867e+00 -2.9631e+01  1.0986e+01  1.7497e+01  3.6122e+01  1.0000e+00
 4.5198e+00 -1.5365e+00  1.3042e+01  1.3022e+01 -3.7258e+00  3.6539e+01  3.8969e+01  1.0000e+00
 8.0139e-01 -1.0643e+01 -7.4330e+00  1.6056e+00 -2.9753e+01 -2.0288e+01  3.6047e+01  1.0000e+00
-3.0266e-01  8.8118e-01  4.3142e-01  7.6059e+00 -2.2894e+01 -1.7742e+01  2.9946e+01  1.0000e+00
-1.6916e+01  1.2288e+01  3.7710e+01 -4.5548e+01  3.3390e+01  1.0465e+02  1.1892e+02  1.0000e+00
 1.3062e+01 -6.7729e+00  3.2330e-01  1.1465e+02 -6.2098e+01  3.0523e+00  1.3042e+02  1.0000e+00
 2.5618e+00  3.1038e+00  2.1274e+00  2.7674e+00  5.1608e+00  2.6510e+00  6.4281e+00  1.0000e+00
-4.9914e-01  4.4222e-01  1.6347e-01 -5.3035e+00 -6.3108e+00 -1.3579e+01  1.5885e+01  1.0000e+00
-5.8387e-01  8.7647e-01 -2.4213e-01 -1.1864e+01  2.3194e+01 -7.7025e+00  2.7167e+01  1.0000e+00
 3.6633e+00  7.0496e-01 -7.9912e-01  8.9936e+00  3.1670e+00 -5.3803e-01  9.5501e+00  1.0000e+00
-2.3737e-01  7.8164e-01  2.1795e-01  3.2221e+01 -1.0048e+01  1.9181e+01  3.8821e+01  1.0000e+00
-4.7308e+00 -6.5427e-01 -3.8929e+00 -1.1523e+01 -2.5388e+00 -7.3604e+00  1.3907e+01  1.0000e+00
 7.6242e+00 -7.9489e+00 -9.0493e+00  2.1243e+01 -2.2262e+01 -2.5700e+01  4.0091e+01  1.0000e+00
-1.2341e-01  4.3562e-01  5.5666e-01  2.3237e+00  1.7269e+00 -8.8890e+00  9.3486e+00  1.0000e+00
-3.3534e-01  6.3777e-01  1.9817e-03 -4.2302e+00  8.3577e+00 -4.5413e+00  1.0410e+01  1.0000e+00
 2.6421e+01  2.1704e+01 -9.4950e+00  7.3470e+01  5.8930e+01 -2.5221e+01  9.7502e+01  1.0000e+00
-2.3242e-02  1.0767e+00  3.0645e-01 -7.3221e+00 -8.3377e+00 -7.5768e+00  1.3436e+01  1.0000e+00
-3.8527e-01  3.8300e-01  5.4188e-01 -8.7337e+00  7.4341e+00 -4.9239e+00  1.2481e+01  1.0000e+00
-1.2868e+00 -9.8522e-01  2.4434e+00 -9.4591e+00 -1.3590e+01  1.8467e+01  2.4803e+01  1.0000e+00
-5.6617e+00  1.0618e+01 -1.0822e+01 -1.6015e+01  3.0691e+01 -3.0676e+01  4.6254e+01  1.0000e+00
-3.5902e-01  1.2218e+01 -5.4389e+00 -1.2198e+00  3.4166e+01 -1.5028e+01  3.7345e+01  1.0000e+00
-2.9587e+00  1.4826e+00 -5.1696e+00 -8.7945e+00  5.7380e+00 -1.1560e+01  1.5617e+01  1.0000e+00
 4.0709e+00 -9.5856e+00  1.9020e+00  1.0274e+01 -2.6773e+01  4.8798e+00  2.9089e+01  1.0000e+00
 2.4476e+01 -6.3510e+00 -2.3603e+01  7.5283e+01 -1.9846e+01 -7.2652e+01  1.0649e+02  1.0000e+00
 7.0668e-01 -1.4628e+01 -1.9299e+01  2.1805e+00 -4.2240e+01 -5.5700e+01  6.9939e+01  1.0000e+00
-3.2537e-01  8.1604e-01  2.0617e-01  9.8125e+00  5.8964e+00  7.3901e+00  1.3626e+01  1.0000e+00
-2.6616e-01  8.1547e-01  1.0976e-01 -1.3096e+01  1.4124e+01  6.1384e+00  2.0216e+01  1.0000e+00
-2.4501e-02  7.7952e-01  2.0853e-01 -1.8210e+00  3.5612e+00 -2.2119e+01  2.2477e+01  1.0000e+00
 3.6210e-02  3.4515e-01  1.1298e-02  2.2734e+00 -2.4036e-02  1.1113e+01  1.1343e+01  1.0000e+00
-6.4150e-01  1.1368e+00  6.3787e-02  5.1202e+00  4.4521e-01 -1.0942e+01  1.2089e+01  1.0000e+00
 2.3997e-01  7.1033e-01  1.3147e-01 -1.2539e+01 -1.0908e+00  6.1959e+00  1.4028e+01  1.0000e+00
-2.8960e-02  4.3629e-01 -7.8673e-02 -1.7533e+01 -1.2528e+01  6.2601e+00  2.2440e+01  1.0000e+00
-6.4141e-01  1.8072e+00 -5.1279e-01  1.4571e+00  1.1621e+01 -8.1721e+00  1.4282e+01  1.0000e+00
-1.0222e+01  1.9572e+01 -2.4874e+01 -2.8552e+01  5.4721e+01 -6.7994e+01  9.1830e+01  1.0000e+00
-3.9595e-02  7.7050e-01  8.3253e-01 -2.5667e+00  1.2796e+00  9.2782e+00  9.7114e+00  1.0000e+00
 7.6123e+00 -1.7619e+00  6.3710e+00  1.9996e+01 -4.2044e+00  1.6935e+01  2.6539e+01  1.0000e+00
 4.5960e+00  4.1696e+00  3.3846e-01  9.7390e+00  9.3236e+00  2.1358e+00  1.3651e+01  1.0000e+00
 1.9810e+00  6.1244e-01  4.2381e-02  9.8238e+00  1.5977e+00 -3.6479e+00  1.0600e+01  1.0000e+00
-2.3765e-01  8.5464e-01 -7.7193e-02  1.6089e+01 -8.2894e-01  4.7844e+00  1.6806e+01  1.0000e+00
 1.4594e+00 -4.4048e+00  1.4144e+01  4.3194e+00 -1.2115e+01  3.9937e+01  4.1957e+01  1.0000e+00
 1.3595e+01  6.6023e+00  1.0622e+00  3.9034e+01  1.8783e+01  3.1631e+00  4.3433e+01  1.0000e+00
 7.8530e-01 -8.9779e+00  1.3993e+00  3.2502e+00 -2.4270e+01  4.3347e+00  2.4868e+01  1.0000e+00
-1.1951e-01  6.7114e-01  3.5150e-01  2.2892e-01  7.5872e+00  7.0748e+00  1.0376e+01  1.0000e+00
 2.2893e+00 -2.1016e+00 -3.9805e-01  3.2495e+00  7.9949e-01  1.3817e+00  3.6204e+00  1.0000e+00
 6.5397e+00 -2.5187e+00  2.8497e+00  1.5521e+01 -6.1722e+00  7.2579e+00  1.8212e+01  1.0000e+00
-6.1574e-02  6.7390e-01 -7.0824e-01 -7.3931e+00  3.1154e+00 -6.6246e+00  1.0404e+01  1.0000e+00
 1.0940e-02  4.9320e-01 -7.8563e-03 -1.0934e+01  1.5189e+01  2.1561e+01  2.8551e+01  1.0000e+00
 1.6278e-02  4.2232e-01  1.5295e-01 -1.1895e+01  1.8932e+01 -6.6470e+00  2.3326e+01  1.0000e+00
-2.1812e+00 -3.4305e+00  3.3818e+00 -4.0269e+00 -6.5554e+00  6.7373e+00  1.0226e+01  1.0000e+00
 8.2794e-02  6.5786e-01  1.6182e-01 -1.5066e+01  1.1806e+01  6.2058e+00  2.0121e+01  1.0000e+00
-3.2672e-01  7.8310e-01  2.1289e-01 -2.0487e+01 -6.4513e+00  1.5997e+01  2.6781e+01  1.0000e+00
-5.5297e-01  6.0308e-01  1.9413e-01 -5.0336e+00 -2.3221e+00  2.0586e+01  2.1319e+01  1.0000e+00
-4.5175e-01  3.1312e-01  1.8624e-01 -4.5909e+00  1.0682e+01  7.3075e+00  1.3732e+01  1.0000e+00
-1.7591e-01  8.6675e-01  3.8505e-01  2.7402e+00  2.0035e+01 -6.2039e+00  2.1152e+01  1.0000e+00
 1.8312e-01  5.7131e-01  4.5742e-01  2.5964e+00  3.8910e+00  1.2948e+01  1.3767e+01  1.0000e+00
 3.5310e+00 -1.8192e+00  1.0241e+01  9.1618e+00 -5.4662e+00  2.8239e+01  3.0187e+01  1.0000e+00
 6.1471e-02  6.3130e-01  3.6211e-01  7.4087e+00 -8.5899e+00  9.1151e+00  1.4552e+01  1.0000e+00
-1.2466e+00 -1.3248e+00  9.7854e-01 -9.3576e+00 -1.8651e+01  7.3065e+00  2.2109e+01  1.0000e+00
 6.0049e+00  5.3712e-01 -2.9169e+00  1.9217e+01  2.0448e+00 -9.2220e+00  2.1413e+01  1.0000e+00
-8.0146e-02  4.5473e-01  9.7367e-02  2.6179e+00 -1.5092e+00  2.8871e+01  2.9029e+01  1.0000e+00
 1.7672e+00 -6.5455e-01  6.7910e-01 -4.8836e+00  8.7080e-01 -9.5790e-01  5.0523e+00  1.0000e+00
 4.3713e-01  5.7103e-02  4.8407e-01  7.4049e+00  3.4476e+00 -4.2251e+00  9.1962e+00  1.0000e+00
-1.6828e-01  5.0110e-01  3.0712e-01 -3.4570e+00  1.6902e+01  1.0244e+01  2.0064e+01  1.0000e+00
-8.4075e-02  3.1081e-01  2.0197e-01 -1.0008e+00  3.4233e+00 -3.6355e+00  5.0929e+00  1.0000e+00
-5.8452e-03  6.7198e-01  2.5381e-02 -3.1861e+00 -8.5470e+00 -9.7719e+00  1.3368e+01  1.0000e+00
-6.0442e-01  1.5102e+00  5.3545e-01  3.3318e+00 -6.0090e+00 -6.5550e-01  6.9021e+00  1.0000e+00
 1.2220e+01  1.4358e+00  2.2573e+00  3.4270e+01  3.5795e+00  6.1051e+00  3.4993e+01  1.0000e+00
-1.9202e-01  5.0872e-01  2.7982e-01  1.3543e+00  1.2247e-01  8.0689e+00  8.1827e+00  1.0000e+00
 3.6615e-01  6.3681e-01  3.9795e-02 -1.4587e+01  9.7790e+00  2.7579e-01  1.7563e+01  1.0000e+00
-1.3872e+00  1.5756e-01 -1.6130e-01 -2.1171e+00 -3.4358e-01 -3.7505e+00  4.3204e+00  1.0000e+00
-2.8546e-01  6.0777e-01  2.2402e-01  2.5203e+01 -1.0419e+01  8.3783e+00  2.8529e+01  1.0000e+00
-1.0728e-01  7.2665e-01  2.9446e-01  1.2267e+01 -8.5143e-01  1.3331e+01  1.8136e+01  1.0000e+00
-3.4327e-01  7.1640e-01 -6.1725e-02  4.7393e+00 -1.3308e+01  7.5356e+00  1.6011e+01  1.0000e+00
-6.6230e-01  1.8316e+00 -2.7181e-01  2.7908e+00 -5.0387e+00 -7.5411e-01  5.8091e+00  1.0000e+00
 1.4542e+01 -7.0557e+00 -1.7014e+00  4.1728e+01 -1.9637e+01 -4.7399e+00  4.6361e+01  1.0000e+00
-8.6886e+00 -5.4086e+00 -3.4252e+00 -2.3878e+01 -1.4234e+01 -8.9094e+00  2.9191e+01  1.0000e+00
-1.6081e-01  8.2630e-01  2.2638e-01  1.2882e+01 -4.8376e+00  4.4378e+00  1.4458e+01  1.0000e+00
 7.1542e+00  1.8527e+00  4.7157e+00  3.2764e+01  7.0729e+00  2.0957e+01  3.9531e+01  1.0000e+00
 1.0827e+00 -3.2753e-01 -5.0603e-01 -5.6213e+00  5.4156e+00  6.3822e+00  1.0083e+01  1.0000e+00
 3.4631e+00  2.8139e+00  4.3378e+00  6.7925e+00  6.9028e+00  9.1634e+00  1.3333e+01  1.0000e+00
-1.7733e-01  6.6616e-01  2.9162e-01 -4.2964e+00 -2.0159e+01 -2.9660e+00  2.0824e+01  1.0000e+00
-2.7817e-02  2.0625e-01  4.1285e-01  7.4649e-01  7.5485e+00 -3.1113e+00  8.1986e+00  1.0000e+00
 1.4846e-01  4.3566e-01 -1.5591e-01  9.7887e+00 -2.6968e+00 -7.4473e+00  1.2592e+01  1.0000e+00
 1.8226e+00 -1.2714e+00  2.0024e+00 -7.8181e-01  8.1155e-01  7.1503e-01  1.3346e+00  1.0000e+00
 3.9000e+01  1.0148e+01 -3.8056e+01  2.2218e+02  5.5313e+01 -2.1506e+02  3.1413e+02  1.0000e+00
-3.3887e-01  3.6254e-01  3.4687e-01  1.2954e+01  6.8705e+00  1.4368e+00  1.4733e+01  1.0000e+00
 2.1491e+00 -1.0325e+00  1.8427e+00  9.5677e-01  8.3564e-01 -5.9061e-01  1.4009e+00  1.0000e+00
-3.4218e-02  6.2949e-01  4.8009e-01  1.3369e+01 -1.3824e+01  1.5058e+01  2.4425e+01  1.0000e+00
-9.6353e-02  7.1129e-01  1.5071e-01 -3.2002e+01  1.2850e+01  1.4190e+01  3.7291e+01  1.0000e+00
-6.9693e-01  2.7174e-01 -2.8549e-01  1.7682e+00 -2.5621e+00  1.1246e-01  3.1150e+00  1.0000e+00
 2.0688e+00 -7.3221e-01 -2.0214e-01  1.1736e+01 -4.8365e+00 -1.9799e+00  1.2847e+01  1.0000e+00
-4.8493e-01  8.3619e-01  3.5842e-01  6.8640e+00  1.6163e+00 -9.2740e+00  1.1650e+01  1.0000e+00
 5.8248e-01  2.0719e+00  2.8361e+00  1.7619e+01  3.4699e+01  6.2474e+01  7.3604e+01  1.0000e+00
-4.8034e+00 -7.0733e+00 -7.9205e+00 -1.3207e+01 -1.9116e+01 -2.1582e+01  3.1711e+01  1.0000e+00
 1.1031e+00 -2.3311e+00 -1.0050e+01  2.8139e+00 -5.5695e+00 -2.3889e+01  2.4691e+01  1.0000e+00
 5.1776e-01  3.5320e+00 -1.9265e+00  4.4934e+00  5.1694e+00 -1.8250e+00  7.0883e+00  1.0000e+00
-1.8503e-01  6.9357e-01  2.3033e-01 -1.8271e+01  9.3581e+00 -1.7123e+01  2.6732e+01  1.0000e+00
-4.6701e-01  4.7767e-01  2.7018e-01  1.6607e+01  4.9317e+00 -7.7666e+00  1.8985e+01  1.0000e+00
 1.6994e+00 -5.5418e-01 -1.0759e-01 -3.1719e+00  6.6714e+00  1.5775e+00  7.5536e+00  1.0000e+00
-7.5045e-01  8.0403e-01  3.6489e-01  1.6973e+01 -2.9526e+00 -4.1297e+00  1.7715e+01  1.0000e+00
 1.2117e+01  4.5529e+00 -2.9797e-01  3.3675e+01  1.3353e+01 -9.3434e-01  3.6238e+01  1.0000e+00
-4.4199e-01  5.8633e-01  2.0207e-01  1.0316e+01  1.6564e+00  6.9149e+00  1.2529e+01  1.0000e+00
 8.9960e+00  4.9034e-01  1.0095e+01  2.5036e+01  1.5520e+00  2.8076e+01  3.7649e+01  1.0000e+00
-2.3353e-01  8.1022e-01  3.5213e-01 -2.0143e+01  2.4461e+01  1.2274e+01  3.3981e+01  1.0000e+00
 6.0770e-01  4.9290e-01  4.2084e-02 -1.9818e+00 -1.2512e+01  4.3655e+00  1.3399e+01  1.0000e+00
-1.4566e+01  3.0190e+00  3.3052e+00 -4.1433e+01  9.0546e+00  9.5354e+00  4.3469e+01  1.0000e+00
 1.8555e-01  3.2541e-01 -8.2248e-02  1.1978e+01  4.0621e+00 -1.4233e+01  1.9041e+01  1.0000e+00
 3.1232e+00 -5.2561e+00  9.1901e+00  9.4390e+00 -1.4843e+01  2.4317e+01  3.0013e+01  1.0000e+00
 3.5344e+00 -3.6173e+00  7.5245e+00  8.8977e+00 -9.4806e+00  1.9759e+01  2.3653e+01  1.0000e+00
 6.1318e+00 -7.3994e+00 -2.8014e+00  1.5186e+01 -1.9650e+01 -7.4976e+00  2.5941e+01  1.0000e+00
 3.0287e+00 -1.6275e+00  6.8728e-01  2.3625e+00  3.3074e-01  1.4372e+00  2.7850e+00  1.0000e+00
-1.8504e-01  7.3210e-01  6.7549e-01 -5.9224e+00  1.3342e+01 -1.3221e+01  1.9694e+01  1.0000e+00
-1.9151e-02  7.8648e-01  6.5480e-02  3.7625e+00 -1.0374e+01 -2.5663e+01  2.7935e+01  1.0000e+00
-7.6909e-02  6.6601e-01  6.4057e-01  6.9899e+00  1.4730e+01  5.6528e+00  1.7256e+01  1.0000e+00
-1.8272e-01  6.6004e-01  5.4823e-01 -1.3111e+01  7.9567e+00 -8.4133e+00  1.7493e+01  1.0000e+00
 1.8694e-02  5.7125e-01  1.7515e-01 -8.3454e+00  8.6133e+00  1.1233e+01  1.6432e+01  1.0000e+00
-5.7843e-01  5.9835e-01  2.4159e-01  7.1527e+00 -5.2261e+00 -1.5254e+01  1.7639e+01  1.0000e+00
-2.8756e-01  7.1334e-01  2.5028e-01  7.0714e+00 -2.2408e+01 -1.2370e+01  2.6555e+01  1.0000e+00
-1.9109e+01  7.8899e+00  7.1745e+00 -5.5061e+01  2.2997e+01  2.1241e+01  6.3338e+01  1.0000e+00
-1.8242e-01  7.4203e-01  1.6576e-01 -2.0736e+01 -8.6065e+00 -4.2950e+00  2.2858e+01  1.0000e+00
-2.0948e-02  3.6352e-01  4.2044e-01 -9.9779e+00  1.8239e+01 -9.8476e-01  2.0813e+01  1.0000e+00
-3.6829e-01  6.4889e-01 -1.8035e-01 -1.0191e+01 -2.0398e+00 -1.5311e+01  1.8505e+01  1.0000e+00
 7.1879e+00 -6.2064e+00 -2.5687e+00  1.9683e+01 -1.6426e+01 -6.2248e+00  2.6381e+01  1.0000e+00
-1.8229e-02  4.0010e-01  4.6645e-01 -9.9625e+00  9.7909e+00 -1.3342e+01  1.9316e+01  1.0000e+00
 4.8643e+00 -4.2390e+00  1.0537e+01  1.3131e+01 -1.1250e+01  2.9653e+01  3.4326e+01  1.0000e+00
 2.3540e+00  9.1452e-01  3.0525e+00  4.4573e+01  5.4389e+00  4.7155e+01  6.5115e+01  1.0000e+00
-1.7418e+00 -2.0540e+00 -8.9034e+00 -5.2765e+00 -4.9976e+00 -2.3635e+01  2.4727e+01  1.0000e+00
 1.8793e+00 -1.1498e+00  8.7474e-01 -7.7215e-01  1.7794e+00 -1.3207e+00  2.3466e+00  1.0000e+00
-4.4298e-01  2.9902e-01  4.0200e-01  9.2566e+00  8.5245e+00 -1.8893e+00  1.2725e+01  1.0000e+00
-8.3437e-02  6.1237e-01 -5.5380e-03  2.0706e+01  1.4974e+01  7.7088e+00  2.6691e+01  1.0000e+00
 7.0729e-01  5.2597e-01 -2.9875e-01  1.4258e+01  4.4697e+00 -8.8293e+00  1.7356e+01  1.0000e+00
-3.4637e-01  1.3407e+00  4.9018e-01  5.8686e-02  6.9594e+00 -1.3798e+01  1.5454e+01  1.0000e+00
-6.1965e-01  8.2969e-01  3.1239e-01 -1.6567e+01  3.5411e+00  6.3512e+00  1.8093e+01  1.0000e+00
 1.1943e-01  7.7078e-01  1.4872e-01  1.7639e+01  2.6127e+00  1.2504e+01  2.1779e+01  1.0000e+00
 2.7395e+00 -1.5420e+00  1.1393e+00  5.0710e-02  2.0087e+00  2.5051e+00  3.2113e+00  1.0000e+00
-1.4974e+00 -4.1075e+00  9.5702e+00 -4.0945e+00 -1.1727e+01  2.6219e+01  2.9012e+01  1.0000e+00
-4.0938e-01  1.1489e+00 -3.8483e-02  1.1160e+01 -2.7323e+00  3.5760e+00  1.2033e+01  1.0000e+00
-7.1541e-02  5.7815e-01  5.2388e-01 -1.3446e+01  6.9163e+00 -1.2830e+01  1.9830e+01  1.0000e+00
-1.3294e+01  2.3998e+00 -3.8785e+00 -3.5812e+01  8.5864e+00 -9.4923e+00  3.8030e+01  1.0000e+00
-4.8278e-01  5.4854e-01  2.4649e-01  5.4525e+00 -3.4544e+00  2.8597e+00  7.0598e+00  1.0000e+00
-6.9517e-03  8.7368e-01  7.8621e-02 -1.4636e+01  6.1977e+00  2.8212e+00  1.6143e+01  1.0000e+00
-2.7206e-01  7.0371e-01 -9.2185e-02 -4.7671e+00  4.8470e-01  1.4134e+00  4.9958e+00  1.0000e+00
-4.9856e+00 -1.7505e+01 -1.9633e+01 -1.4956e+01 -4.4784e+01 -5.2291e+01  7.0453e+01  1.0000e+00
 1.2600e+01 -1.1146e+01  3.1618e+00  3.5647e+01 -3.1371e+01  8.7919e+00  4.8293e+01  1.0000e+00
-3.6667e-01  1.2117e+00  1.1521e+00 -7.9818e-01  1.0114e+00 -4.5517e+00  4.7305e+00  1.0000e+00
 7.0179e-01 -2.7265e-03 -1.2165e+00 -3.3202e+00  4.0708e+00  8.3229e+00  9.8420e+00  1.0000e+00
 3.1191e-01  6.1964e-01  2.2382e-01 -2.2162e+00 -1.1603e-01  1.3649e+01  1.3828e+01  1.0000e+00
 8.8168e-01 -5.0902e-01 -1.6485e+00 -1.2339e-01  4.9673e+00  4.0371e+00  6.4021e+00  1.0000e+00
-1.9313e-01  7.2435e-01  1.9549e-01 -6.1906e+00  4.2379e+00 -3.3410e+01  3.4242e+01  1.0000e+00
-2.8758e-01  7.6736e-01  2.9213e-01 -1.7794e+01  5.1469e+00 -1.5448e+01  2.4120e+01  1.0000e+00
-6.9233e+00  1.0708e+01 -5.8032e+00 -1.9385e+01  3.0666e+01 -1.6025e+01  3.9661e+01  1.0000e+00
-3.8752e-01  5.3188e-01  2.6337e-01  1.9990e+01 -8.7329e-01  8.1847e+00  2.1619e+01  1.0000e+00
 6.0937e-01  7.2842e-01  1.2841e-01  1.2908e+01  2.7122e+00 -8.3967e+00  1.5635e+01  1.0000e+00
-1.8967e-01  1.0813e+00  8.7693e-02  1.2764e+01 -5.9000e+00 -3.7715e-01  1.4067e+01  1.0000e+00
-1.1691e-02  4.9000e-01  1.3534e-01  1.5843e+01 -2.2854e+01 -8.2000e-01  2.7821e+01  1.0000e+00
 2.6351e-01  8.2181e-01  6.3330e-01 -5.0529e+00  1.0257e+01 -7.3736e+00  1.3606e+01  1.0000e+00
-1.5732e-01  1.0552e-01  5.5038e-01  5.4314e+00  4.7336e+00 -1.6136e+00  7.3832e+00  1.0000e+00
-2.2924e-01  4.9046e-01  1.2186e-01  7.0576e+00 -1.7893e+01  2.6056e+00  1.9411e+01  1.0000e+00
-2.0709e-01  3.7919e-01  3.9725e-01 -1.2431e+01 -8.3136e-01  6.5149e+00  1.4060e+01  1.0000e+00
-1.4345e-01  7.6041e-01  2.0324e-01  1.7919e+01 -1.1167e+01 -3.8742e+00  2.1466e+01  1.0000e+00
-2.6586e-01  2.8127e-01  8.4492e-01 -3.9270e+00 -3.2105e+00 -3.9692e-01  5.0878e+00  1.0000e+00
 3.2953e+00 -5.2992e+00  9.1605e+00  7.3570e+00 -1.2626e+01  2.5928e+01  2.9762e+01  1.0000e+00
-1.0414e-01  9.3298e-01  1.8769e-01 -7.7151e+00  1.9131e+01 -1.0088e-01  2.0628e+01  1.0000e+00
 2.4555e+01 -1.6844e+01 -3.4594e+01  6.9252e+01 -4.7253e+01 -9.5417e+01  1.2702e+02  1.0000e+00
-1.4228e-01  3.8390e-01  3.4408e-01 -4.4766e+00 -8.2633e+00  2.0483e+01  2.2536e+01  1.0000e+00
-1.4827e+00  2.6205e+00  2.3764e+00 -1.5726e+00  4.7172e+00  4.1593e-01  4.9898e+00  1.0000e+00
 6.5099e+00 -2.1271e+00 -1.6281e+00  1.7723e+01 -4.1056e+00 -3.0728e+00  1.8450e+01  1.0000e+00
-1.5614e-01  5.1462e-01  2.2851e-01  2.5229e+00  1.0238e+01 -1.8469e+01  2.1267e+01  1.0000e+00
-4.4392e-01 -9.5525e-01  1.5312e+00  2.5052e+00 -4.7165e+00  3.1114e+00  6.1808e+00  1.0000e+00
-2.1838e-01  1.0079e+00  2.7940e-02  7.2175e+00 -3.8308e+00  4.0926e+00  9.1387e+00  1.0000e+00
-4.1031e-02  6.1279e-01  2.6764e-01  6.0959e+00 -1.9063e+01  5.1446e+00  2.0665e+01  1.0000e+00
-6.2464e-02  7.3789e-01  2.3016e-01  4.7575e+00 -1.5763e+00 -5.9304e+00  7.7646e+00  1.0000e+00
 8.3112e-01  1.7222e-01 -1.3320e-01 -5.3977e+00  5.6799e+00 -1.1347e+00  7.9173e+00  1.0000e+00
-5.1328e-01  3.5272e-01  1.4623e-01 -1.3937e+01 -8.8208e+00 -5.2629e+00  1.7313e+01  1.0000e+00
-8.1364e-01  1.5792e+00  1.3572e+00  4.4985e+00  3.1194e+00  1.6414e+00  5.7150e+00  1.0000e+00
 6.1046e-01 -4.9876e+00  8.8595e+00  1.6626e+00 -1.3427e+01  2.3624e+01  2.7224e+01  1.0000e+00
-1.1734e+01  9.2442e+00 -7.4118e+00 -5.8344e+01  4.4493e+01 -3.7414e+01  8.2361e+01  1.0000e+00
 7.3644e-02  1.9875e-01  9.8624e-01  7.6507e+00  1.2308e+00  5.0094e+00  9.2273e+00  1.0000e+00
 4.7134e-01 -2.7220e-02  4.3211e-01 -6.6965e+00  6.7190e+00 -6.1325e+00  1.1296e+01  1.0000e+00
-1.7574e-01  5.4660e-01 -2.6688e-01 -1.1083e+01 -3.7375e+00  3.1260e+00  1.2106e+01  1.0000e+00
 3.3013e-01  1.6848e+00 -6.2613e-01 -7.0343e-01  3.8975e+00 -4.0603e+00  5.6720e+00  1.0000e+00
-5.8349e-01  7.7639e-01  1.3621e-01 -2.0437e+01  1.8454e+01  4.8898e-01  2.7540e+01  1.0000e+00
-7.3464e-01  6.1239e-01  2.0698e-01  1.6972e+01 -2.6999e+00 -8.3597e+00  1.9111e+01  1.0000e+00
-8.4664e+00  7.1191e+00 -2.3769e+00 -2.2764e+01  1.9242e+01 -6.3210e+00  3.0469e+01  1.0000e+00
 4.9539e+00 -3.8566e+00 -1.5157e+01  1.4198e+01 -1.1210e+01 -4.3467e+01  4.7081e+01  1.0000e+00
-2.7955e-01  7.7971e-01  4.3466e-02 -1.2282e+01 -8.3531e+00 -7.7595e+00  1.6758e+01  1.0000e+00
-3.5855e-01 -9.9560e+00 -7.1304e+00 -2.3610e+00 -2.6881e+01 -1.9746e+01  3.3438e+01  1.0000e+00
-3.6198e+00  3.4015e+00 -1.4390e+01 -1.0623e+01  1.0059e+01 -4.0861e+01  4.3401e+01  1.0000e+00
 1.8061e+00 -8.8229e+00  6.3262e-02  4.6878e+00 -2.3822e+01  2.8264e-01  2.4281e+01  1.0000e+00
 5.2245e-01  1.1772e+00  1.5021e-01 -6.5468e+00 -9.0241e+00  1.8378e+00  1.1299e+01  1.0000e+00
-1.7001e+00 -2.1329e+00 -9.6745e+00 -4.6582e+00 -6.3318e+00 -2.5349e+01  2.6540e+01  1.0000e+00
 7.6020e-01  2.3007e+00  1.9804e+00  4.8601e+00  8.9754e+00  9.0759e+00  1.3658e+01  1.0000e+00
-7.7285e-02  6.2215e-01  4.7348e-01  2.3556e-01  1.1256e+01 -2.9214e+00  1.1631e+01  1.0000e+00
 4.7817e+00  3.2383e+00  6.7653e+00  1.8589e+01  1.0203e+01  2.5291e+01  3.3004e+01  1.0000e+00
-4.3289e-01  7.0013e-01 -2.6554e-02  1.1013e+01 -6.4781e+00  7.9443e+00  1.5045e+01  1.0000e+00
 5.8739e+00 -7.4308e+00 -2.9883e+00  1.7200e+01 -1.9281e+01 -7.6821e+00  2.6956e+01  1.0000e+00
-1.5658e-01  4.7918e-01  2.0958e-01  2.1504e+01 -2.1117e+00  7.4546e-01  2.1621e+01  1.0000e+00
-5.0859e-01  7.0720e-01 -2.4349e-01  3.5224e+00  9.0749e+00  1.7153e+00  9.8846e+00  1.0000e+00
-1.0175e+01 -4.6009e+00 -3.2353e+00 -2.7907e+01 -1.2479e+01 -8.5765e+00  3.1751e+01  1.0000e+00
 5.4232e+00  2.7593e+00  5.1017e+00  1.3318e+01  7.9303e+00  1.4159e+01  2.0993e+01  1.0000e+00
-3.3427e-01  5.0197e-01 -4.3236e-02 -3.7732e+00 -8.5042e+00  9.5791e+00  1.3354e+01  1.0000e+00
 3.9822e+00 -1.3148e+01 -1.0349e+00  1.1573e+01 -3.7208e+01 -2.9511e+00  3.9078e+01  1.0000e+00
-1.2168e-01  7.1991e-01  3.2240e-01 -9.6664e+00 -1.9779e-01  2.1081e+00  9.8956e+00  1.0000e+00
-1.8500e+01 -1.7361e+00  2.7332e+01 -5.7013e+01 -5.5876e+00  8.4105e+01  1.0176e+02  1.0000e+00
 7.5834e+00 -1.3204e+01 -1.0699e+01  2.2122e+01 -3.7900e+01 -3.0872e+01  5.3655e+01  1.0000e+00
-1.1791e+00  1.0245e+00  4.9383e-01  1.7488e+00 -8.6335e-01  5.4855e-01  2.0260e+00  1.0000e+00
-6.8239e-01  1.0179e+00  3.4407e-01 -1.3194e+01  2.6213e+01  7.1544e+00  3.0206e+01  1.0000e+00
-4.6342e-02  7.4967e-01  4.8444e-01  2.5058e+00 -1.4901e+01  7.8598e+00  1.7032e+01  1.0000e+00
-4.6944e+00 -1.2097e+00 -3.5287e+00 -1.0942e+01 -1.7490e+00 -7.9691e+00  1.3649e+01  1.0000e+00
 1.2870e+00  1.1525e+00  8.2964e-02  3.6451e+00  3.3741e+00 -1.0629e+00  5.0795e+00  1.0000e+00
-1.2174e-02  8.3822e-01  1.1834e-01  1.4547e+01 -2.5260e+00 -1.1575e+01  1.8761e+01  1.0000e+00
-1.9788e-01 -1.0044e+01 -7.1132e+00  1.3576e+00 -2.7539e+01 -1.9191e+01  3.3594e+01  1.0000e+00
-1.3147e-01  3.6786e-01  3.1668e-01  1.3341e+01 -1.4040e+01  4.4422e+00  1.9870e+01  1.0000e+00
-1.5927e-01  8.9914e-01  5.3679e-01  2.2519e+00 -2.5240e+00 -1.1226e+01  1.1725e+01  1.0000e+00
 4.4397e-02  4.8457e-01  2.2061e-01  8.6407e+00 -6.7539e+00 -5.4850e-01  1.0981e+01  1.0000e+00
 6.8840e-02  9.4480e-01 -5.4378e-01  6.2430e+00  5.6517e-01  3.4697e+00  7.1648e+00  1.0000e+00
-1.0838e-01  7.3459e-01  1.7251e-01  3.8075e+00 -8.9082e+00  6.4211e+00  1.1623e+01  1.0000e+00
-1.9477e+01 -2.3009e+01  1.0659e+01 -5.1417e+01 -6.2655e+01  2.9573e+01  8.6278e+01  1.0000e+00
-8.8555e-02  3.6523e-01  2.9648e-01  3.6016e+00  2.2283e+01  1.0563e+01  2.4921e+01  1.0000e+00
-1.5568e+00  2.6344e+00 -1.2702e+00 -6.4938e+00  1.1558e+01 -4.7441e+00  1.4080e+01  1.0000e+00
-3.7850e-01  8.2030e-01  2.5314e-01 -2.8982e+00 -1.2658e+01  1.3170e+00  1.3052e+01  1.0000e+00
-1.1917e-01  4.2412e-01  3.5238e-01 -1.2495e+01 -3.9975e+00 -4.7317e+00  1.3946e+01  1.0000e+00
 2.0274e-01  4.5705e-01  1.9763e-01  1.2408e+01 -4.0100e+00  1.2621e+01  1.8147e+01  1.0000e+00
-1.3812e-01  4.8859e-01  1.8296e-01 -3.2535e+01 -3.6245e+00  1.1467e+00  3.2756e+01  1.0000e+00
-1.1690e-01  6.3120e-01  6.7887e-01 -2.1717e+00 -1.0366e+01  1.6017e+00  1.0712e+01  1.0000e+00
-5.9225e-02 -8.8180e+00  4.2718e+00 -2.2187e-01 -2.3947e+01  1.1233e+01  2.6451e+01  1.0000e+00
-1.1150e+01 -6.7540e+00 -4.0393e+00 -3.1759e+01 -1.8552e+01 -1.0900e+01  3.8362e+01  1.0000e+00
-1.4568e+00 -8.9758e-01 -5.3256e-01 -3.7589e+00  7.2627e+00  5.1792e-01  8.1942e+00  1.0000e+00
-2.2796e-01  5.6887e-01 -9.5555e-02  1.1789e+00  1.5517e+00 -1.1609e+01  1.1772e+01  1.0000e+00
 1.4373e+01 -5.1728e+00 -8.8506e-01  4.0973e+01 -1.4570e+01 -2.2865e+00  4.3547e+01  1.0000e+00
-7.5332e-01  1.2358e+00 -4.1879e-02 -8.4274e+00 -7.5344e+00  1.1822e+01  1.6357e+01  1.0000e+00
 1.4632e+02 -1.8132e+02  1.1915e+02  3.8386e+02 -4.7418e+02  3.0947e+02  6.8408e+02  1.0000e+00
-4.0212e-01  4.9707e-01  3.5213e-01 -3.6979e+00  2.0634e+01 -6.7749e+00  2.2030e+01  1.0000e+00
-6.0454e-01  9.2027e-01 -1.1645e-01 -1.1106e+01  7.5554e+00  5.6352e+00  1.4567e+01  1.0000e+00
-1.1296e-01  4.4844e-01  1.9345e-01  2.5324e+00  2.0338e+00  5.6178e+00  6.4892e+00  1.0000e+00
 8.1509e+00  6.6269e+00  5.6217e-01  2.1870e+01  1.7506e+01  1.9047e+00  2.8078e+01  1.0000e+00
-6.0821e+00 -1.6709e+00  3.1119e+00 -1.9802e+01 -4.6933e+00  1.1051e+01  2.3157e+01  1.0000e+00
 2.0201e+00 -1.1003e+01  6.3049e-01  5.3349e+00 -2.9946e+01  1.2467e+00  3.0443e+01  1.0000e+00
 1.1134e-02  6.5939e-01  6.0795e-01  1.2779e+01 -2.5941e+00  1.3481e+01  1.8756e+01  1.0000e+00
 5.6605e-01  5.1804e+00 -7.9431e+00  1.3309e+00  1.3583e+01 -2.1328e+01  2.5321e+01  1.0000e+00
-1.8985e+01  6.3832e+00  6.9581e+00 -6.8682e+01  2.3111e+01  2.5031e+01  7.6667e+01  1.0000e+00
-1.3512e-01  3.6348e-01  2.5622e-01  9.3318e+00  1.1464e+01 -2.4335e+00  1.4981e+01  1.0000e+00
-4.0210e-01  7.3840e-01  3.8278e-01  4.6152e+00 -2.5946e+01 -9.0893e+00  2.7877e+01  1.0000e+00
-5.1552e-01  9.0886e-01 -1.3850e-01  2.6942e+00  6.2965e+00  8.5388e+00  1.0946e+01  1.0000e+00
 1.3508e+00  2.9808e-01 -5.2813e-01  8.1550e+00 -2.3439e+00 -2.4938e+00  8.8441e+00  1.0000e+00
 1.0957e+00 -1.1117e+01  8.8251e+00  2.9739e+00 -3.1438e+01  2.4994e+01  4.0272e+01  1.0000e+00
 4.6547e+00 -8.6163e+00  3.5632e+00  2.3661e+01 -4.4417e+01  1.7346e+01  5.3232e+01  1.0000e+00
-1.2772e-01  6.9399e+00  9.5986e-01 -3.3206e+00  1.6963e+01  3.1900e+00  1.7576e+01  1.0000e+00
-2.3763e-01  1.1647e+00 -4.2055e-02  7.5963e+00  1.1622e+01  6.2637e+00  1.5232e+01  1.0000e+00
 2.2211e+00 -1.0033e+00  5.6434e-01 -2.3778e+00  2.1416e+00  5.6188e-01  3.2490e+00  1.0000e+00
-3.2459e-01  5.9199e-01  1.6523e-01  5.6142e+00  1.1933e+00 -6.6885e+00  8.8136e+00  1.0000e+00
 6.0137e+00 -2.1934e+00  3.3478e+00  1.5319e+01 -3.9813e+00  7.9586e+00  1.7716e+01  1.0000e+00
-6.3116e-01  1.0141e+00  1.3076e-01 -1.1581e+01  7.0633e+00  2.6621e+00  1.3824e+01  1.0000e+00
 1.5619e-02  4.5700e-01  4.1453e-02 -6.0997e+00  6.7037e+00 -6.2338e+00  1.1000e+01  1.0000e+00
-1.1294e-01  5.1642e-01  1.1447e-01 -1.3301e+01  1.9206e+01  7.1105e+00  2.4420e+01  1.0000e+00
-2.4309e+00 -2.0916e+00 -1.2093e+01 -6.4631e+00 -5.4821e+00 -3.3492e+01  3.4548e+01  1.0000e+00
-1.2497e+00 -6.1977e-01  3.0784e+00 -1.6648e+00 -7.3786e-01  6.9820e+00  7.2156e+00  1.0000e+00
 1.4589e+01 -3.6798e-01 -3.2409e+00  4.1529e+01 -7.4690e-01 -8.6559e+00  4.2428e+01  1.0000e+00
-4.2750e-01  9.6028e-01 -3.4874e-01 -2.2987e+00 -5.9598e+00 -8.9493e+00  1.0995e+01  1.0000e+00
 5.0643e+00 -7.3134e-01  1.3295e+01  1.4633e+01 -2.6999e+00  3.8167e+01  4.0965e+01  1.0000e+00
-4.9889e-02  6.3853e-01  1.5490e+00  1.9384e+00  1.2666e+00 -2.0571e+00  3.0973e+00  1.0000e+00
 9.6111e-02  1.2346e+00 -3.5988e-01  1.6237e+01  8.0312e+00  7.9820e+00  1.9795e+01  1.0000e+00
-5.9212e+00  1.0005e+00  9.5263e+00 -1.5768e+01  2.6992e+00  2.6116e+01  3.0626e+01  1.0000e+00
-6.8379e-01  5.6874e+00 -8.0936e-02 -4.2555e+00  9.7695e+00 -1.0291e+00  1.0706e+01  1.0000e+00
-7.8958e-02  7.1864e-01  3.7296e-01 -5.7627e+00  2.8089e+00 -1.7557e+01  1.8691e+01  1.0000e+00
 7.9877e-01  2.3296e+01  1.5355e+01  2.8349e-01  6.3543e+01  4.0522e+01  7.5365e+01  1.0000e+00
-3.8893e+00  3.4657e+00 -1.5925e+00 -7.8657e+00  6.7998e+00 -1.4760e+00  1.0502e+01  1.0000e+00
 7.6994e-02  3.6100e-01  4.2200e-01  2.8026e+01 -6.2703e-01  1.5086e+00  2.8074e+01  1.0000e+00
 1.8154e-01  5.4772e-01 -4.3019e-01 -4.0785e+00  5.2742e+00  1.6803e+01  1.8078e+01  1.0000e+00
-1.7574e-01  1.4716e+00  4.2101e-01 -2.1453e+00 -6.0556e+00 -6.9049e+00  9.4313e+00  1.0000e+00
 3.0528e-02  1.0481e+00 -3.9476e-02  4.1018e+00 -1.4515e+00  1.2823e+01  1.3541e+01  1.0000e+00
-3.3926e-02  4.4657e-01  1.8333e-01 -1.4562e+01 -5.3658e+00 -9.9859e+00  1.8454e+01  1.0000e+00
-2.6562e+00 -6.5499e-02  3.5339e+00 -2.8364e+00  9.3827e-01  5.2696e+00  6.0576e+00  1.0000e+00
-3.0479e-01  7.3978e-01  2.0834e-01  1.5473e+00  1.7008e+01  8.6585e+00  1.9147e+01  1.0000e+00
-6.7860e+00  5.7055e+00  2.1049e+00 -2.7504e+01  2.2956e+01  7.3630e+00  3.6574e+01  1.0000e+00
-3.3818e-01  3.9012e-01 -1.5762e-02  7.9912e+00  8.0002e-01  1.0153e+01  1.2946e+01  1.0000e+00
 3.1391e-01  3.3960e-01  5.5948e-01 -4.3682e+00 -2.6797e+00  8.9461e-02  5.1254e+00  1.0000e+00
-1.8329e-01  5.7496e-01  2.0220e-01  8.8549e+00  1.9795e+01 -1.0665e+01  2.4166e+01  1.0000e+00
-2.2021e-01  1.0391e+00  3.1227e-02 -3.2725e+00  1.1422e+01  1.7678e+01  2.1300e+01  1.0000e+00
 4.8948e+00 -8.3865e+00 -4.1336e+00  1.3338e+01 -2.1989e+01 -1.1261e+01  2.8075e+01  1.0000e+00
-1.2281e+00  1.0352e+00  6.1437e-01  9.5932e+00  2.7198e+00 -2.9235e+00  1.0391e+01  1.0000e+00
 6.2765e+00  1.6571e+00 -1.4483e+01  1.7900e+01  5.2778e+00 -3.8296e+01  4.2601e+01  1.0000e+00
-1.0845e+00  5.9173e+00 -3.9538e+00 -2.6613e+00  1.4391e+01 -8.1844e+00  1.6768e+01  1.0000e+00
-1.2543e+01 -4.4885e+00  2.9910e+00 -3.5812e+01 -1.2248e+01  8.4892e+00  3.8789e+01  1.0000e+00
 1.5609e+01 -1.5165e+00 -6.4386e+00  4.5272e+01 -4.3109e+00 -1.8387e+01  4.9053e+01  1.0000e+00
 6.0237e+00 -3.3200e+01  2.0556e+01  1.7616e+01 -9.7734e+01  6.0758e+01  1.1642e+02  1.0000e+00
-2.2879e-01  8.4654e-01  2.6487e-01 -7.5914e+00  1.0666e-01 -1.8802e+01  2.0277e+01  1.0000e+00
 5.9315e-02  5.6609e-01 -4.3841e-02  8.3491e+00 -6.8557e-01 -1.3801e+01  1.6144e+01  1.0000e+00
 3.4525e-02  4.7339e-01  4.8625e-02 -3.6354e-01 -9.1723e+00 -7.2698e+00  1.1710e+01  1.0000e+00
-1.2039e+00  5.7444e-01  7.4069e-01 -1.6978e+00 -1.3484e+00  1.1363e-01  2.1711e+00  1.0000e+00
-7.8089e+00 -4.0426e+00 -3.9939e+00 -2.1302e+01 -9.7976e+00 -1.0940e+01  2.5874e+01  1.0000e+00
-9.1926e-01  3.2714e-01 -3.3062e-01 -2.9627e+00 -4.5238e+00  3.3165e+00  6.3436e+00  1.0000e+00
-5.5122e-01  4.5221e-01 -5.6442e-01  4.8540e+00  5.9491e+00 -1.5260e+01  1.7083e+01  1.0000e+00
-1.1106e-01  5.6682e-01  1.4523e-01 -5.3330e-01  3.3299e+00 -2.3740e+01  2.3978e+01  1.0000e+00
 4.8304e-02  6.8367e-01  3.0581e-01 -7.7923e+00 -1.3697e+00  1.9859e+00  8.1572e+00  1.0000e+00
 2.2505e+00 -2.4132e+00 -2.8078e+00  3.9481e+00 -2.7439e+00 -3.4855e+00  5.9384e+00  1.0000e+00
-1.3113e-03  5.0112e-01  3.0499e-01 -5.4588e-01 -1.2463e+01  1.2634e+00  1.2539e+01  1.0000e+00
-1.6891e-01  8.1346e-01  2.0266e-01 -8.7833e-01 -1.4560e+01 -1.4450e+01  2.0532e+01  1.0000e+00
 5.3234e+00 -6.3164e+00 -7.8989e+00  1.4397e+01 -1.7742e+01 -2.1097e+01  3.1098e+01  1.0000e+00
 2.7403e-01  6.7793e-01  7.4853e-01 -8.3378e+00 -2.2655e+00  3.6053e+00  9.3621e+00  1.0000e+00
-4.2788e-01  9.6461e-01  3.9638e-01  1.5652e+00  6.3258e+00 -9.2280e+00  1.1297e+01  1.0000e+00
-7.7179e-01  1.2670e+00  6.4010e-01  1.8019e-01  4.9324e+00  1.1619e+00  5.0706e+00  1.0000e+00
-6.6481e-01  6.4625e-01  1.3018e+00  1.8174e+00 -7.5330e+00 -7.0411e+00  1.0470e+01  1.0000e+00
 2.5596e+00 -8.7512e-01 -1.6889e+00  3.2186e+01 -1.6545e+01 -2.1210e+01  4.1947e+01  1.0000e+00
-1.9774e-01  6.5827e-01  3.0797e-01  6.2050e+00 -2.6363e+00 -5.9573e+00  8.9968e+00  1.0000e+00
-4.8085e-01  8.8542e-01  2.2245e-01 -2.9935e+01  1.0433e+01 -3.2397e+00  3.1866e+01  1.0000e+00
-1.4411e+01  3.4938e+00  7.0679e+00 -6.0356e+01  1.4480e+01  2.9803e+01  6.8853e+01  1.0000e+00
-1.9335e-01  8.4679e-01  1.3207e-01  4.1611e+00  2.2168e+01 -4.0275e+00  2.2912e+01  1.0000e+00
 7.3249e+00  5.0617e+00 -7.2128e-01  1.8412e+01  1.3767e+01 -1.0865e+00  2.3016e+01  1.0000e+00
-1.1650e-01  1.0041e+00 -1.3614e-02 -4.7751e+00  1.1617e+01 -3.2695e+00  1.2979e+01  1.0000e+00
 2.4195e-01  6.1970e-01  5.7700e-01  5.3456e+00 -4.7951e+00  9.5209e+00  1.1925e+01  1.0000e+00
-3.8780e-01  8.5561e-01  3.3145e-01  8.2931e+00  5.6930e+00 -5.1333e+00  1.1293e+01  1.0000e+00
 1.2818e+00  6.9989e+00 -9.3028e-02  4.2398e+00  1.6161e+01 -1.4975e+00  1.6775e+01  1.0000e+00
-1.4594e+02  1.8092e+02 -1.2066e+02 -3.7964e+02  4.7214e+02 -3.1702e+02  6.8377e+02  1.0000e+00
 4.7203e-01  1.4463e+00  6.0484e-01 -4.3562e+00  9.0982e+00  4.1061e+00  1.0891e+01  1.0000e+00
-4.3194e-01  6.9062e-01  1.7827e-01 -1.0158e+01 -4.2949e-01  6.8418e+00  1.2255e+01  1.0000e+00
 2.7488e-01 -5.3805e-01  2.4911e-01 -1.0259e+00 -9.6882e-02  3.6064e-01  1.0918e+00  1.0000e+00
-4.0577e-01  6.6548e-01 -1.0500e-01 -3.1163e+00  1.3169e+00 -1.7348e+01  1.7675e+01  1.0000e+00
-1.7203e-01  4.7706e-01 -7.9451e-02 -2.3370e+01  1.5578e+00  1.0072e+01  2.5495e+01  1.0000e+00
 5.0422e+00 -7.4180e+00 -7.1243e+00  1.4968e+01 -2.0976e+01 -1.6778e+01  3.0750e+01  1.0000e+00
 2.3007e+00 -5.1856e-01  7.1360e-02  4.8988e+00 -2.2827e-01  1.5014e+00  5.1288e+00  1.0000e+00
-1.9119e+00  3.2459e-02  1.8435e+00 -1.7916e+00  4.0338e-01  5.8092e+00  6.0926e+00  1.0000e+00
-2.3032e-01  6.9971e-01  3.7105e-01  1.5259e+01 -1.2913e+01  5.4252e+00  2.0713e+01  1.0000e+00
-1.0907e+01  5.7286e-01  9.2767e+00 -3.0850e+01  2.2843e+00  2.6685e+01  4.0854e+01  1.0000e+00
-1.7025e-01  8.1215e-01  5.6316e-01 -1.4222e+01  7.1917e+00  6.4512e+00  1.7193e+01  1.0000e+00
-2.7964e-01  6.5602e-01  7.0523e-02 -1.1883e+01 -1.8111e+00  3.7523e+00  1.2592e+01  1.0000e+00
-7.3689e+00  6.6434e+00 -1.1866e+01 -2.0897e+01  1.9291e+01 -3.3758e+01  4.4141e+01  1.0000e+00
 1.2447e+01 -8.5357e+00  3.4182e+00  3.5372e+01 -2.3969e+01  9.8734e+00  4.3854e+01  1.0000e+00
 6.8126e+00 -4.1764e+00  7.5253e+00  1.8111e+01 -1.1156e+01  2.0736e+01  2.9706e+01  1.0000e+00
 1.0205e-01  5.7744e-01  1.4541e-01  2.2150e+01  5.4637e+00  2.0334e+01  3.0561e+01  1.0000e+00
-1.2513e-01  5.5453e-01  6.6999e-02 -1.1491e-01 -1.0114e+01 -4.6035e+00  1.1113e+01  1.0000e+00
-3.3802e-01  8.3775e-01  3.6042e-01  7.1245e+00 -9.1871e+00 -1.2475e+01  1.7052e+01  1.0000e+00
-5.6331e+00  9.9931e-01  1.9561e+00 -1.2425e+01  1.1012e+00  3.5331e+00  1.2964e+01  1.0000e+00
-1.7363e-01  3.3616e-01  3.8122e-01  1.0667e+01  6.5046e-01 -4.0929e+00  1.1444e+01  1.0000e+00
 1.4723e-02  1.8168e-01  3.2806e-02  3.6633e+00  4.2624e+00  1.0159e+01  1.1610e+01  1.0000e+00
 4.6637e-02  7.6569e-01  3.9440e-01 -1.5375e+01 -2.8381e-02 -7.9396e+00  1.7304e+01  1.0000e+00
-2.0373e-01  8.7343e-01  1.4765e-02  3.4980e+00 -6.5321e+00 -3.7015e+00  8.2828e+00  1.0000e+00
-5.0764e+00  4.6736e+00 -4.2499e+00 -1.2525e+01  1.3712e+01 -1.0482e+01  2.1326e+01  1.0000e+00
 2.6420e-01  1.1494e+00  5.0418e-01 -9.2125e+00  1.0677e+01 -1.7717e+00  1.4213e+01  1.0000e+00
-3.8220e+00  2.4420e+00 -9.4260e+00 -1.0482e+01  6.5872e+00 -2.5248e+01  2.8120e+01  1.0000e+00
-9.5985e-01  6.3413e+00  2.8628e+00 -5.7434e+00  1.4296e+01  4.7628e+00  1.6126e+01  1.0000e+00
-1.1772e+01 -2.6916e+00 -3.4495e+00 -3.3830e+01 -6.9536e+00 -8.6740e+00  3.5609e+01  1.0000e+00
-1.6704e+00  7.0275e-01  3.0108e-01 -6.3084e+00 -2.3388e+00  3.4867e+00  7.5778e+00  1.0000e+00
-5.6497e-02 -1.5978e-01 -2.2926e+00  1.2500e-02 -1.5701e+00 -7.5497e+00  7.7112e+00  1.0000e+00
 2.2510e-01  7.5067e-01  1.2637e-01 -9.0392e-01  5.5296e+00  1.5772e+01  1.6737e+01  1.0000e+00
-5.0962e-01  6.1157e-01 -1.6316e-01  1.4142e+01 -2.6122e+00 -6.5321e+00  1.5795e+01  1.0000e+00
-2.6852e-01  8.7311e-01 -5.9472e-01  9.5719e-01  1.0964e+00 -9.3892e+00  9.5013e+00  1.0000e+00
-2.6275e-01  3.0455e-01  1.9978e-01  1.5855e+01  4.8283e+00 -1.7694e+00  1.6668e+01  1.0000e+00
-5.7665e-01  2.8776e-01  5.8753e-01  1.2055e+01  1.6780e+01 -4.8711e+00  2.1228e+01  1.0000e+00
 2.5459e+00 -1.4140e+00  1.0242e+00  3.9168e+00 -5.6825e-01 -5.0767e+00  6.4372e+00  1.0000e+00
-2.5202e-01  1.7659e-01  1.3197e-01  6.0771e-01  1.2126e+01  8.4330e+00  1.4782e+01  1.0000e+00
-3.0028e-01  9.0183e-01 -2.7495e-02  1.3522e+01 -1.4096e+01  1.4647e+01  2.4415e+01  1.0000e+00
-1.5517e+01  1.7594e+01 -1.0784e+01 -4.2006e+01  4.4282e+01 -2.6684e+01  6.6614e+01  1.0000e+00
 6.3606e-02  3.1252e-01 -1.7134e+00  1.2858e+00  1.8138e+00 -4.5070e+00  5.0256e+00  1.0000e+00
 2.4094e+00  1.4995e+00 -8.4999e-01 -9.5175e-01  5.9769e+00 -4.3975e-01  6.0681e+00  1.0000e+00
-1.8045e+00 -2.2478e-01 -1.3159e+00 -2.1978e+01 -1.2054e+01 -2.2334e+01  3.3573e+01  1.0000e+00
-2.3251e-01  5.3885e-01  4.1093e-01 -3.7460e+00 -7.5472e+00  8.5268e+00  1.1987e+01  1.0000e+00
-2.9970e-01 -8.5915e+00 -4.5919e+00 -6.3664e-01 -2.2431e+01 -1.2729e+01  2.5799e+01  1.0000e+00
-1.4157e-01  5.8666e-01 -8.1894e-02 -6.5059e+00 -9.2300e+00  1.7089e+00  1.1421e+01  1.0000e+00
 5.0169e+00 -7.4773e+00 -7.0840e+00  1.2833e+01 -1.9326e+01 -2.1677e+01  3.1750e+01  1.0000e+00
 1.5522e-01  6.8598e-01  1.8249e-01 -5.6391e+00  8.7562e+00 -1.9524e+00  1.0596e+01  1.0000e+00
-3.1841e-01  8.4580e-01  1.6598e-01 -9.2670e+00  4.7042e+00  3.1286e+00  1.0853e+01  1.0000e+00
 3.5802e-01  5.8209e+00  2.5648e+00  2.7454e+00  1.3451e+01  4.7693e+00  1.4533e+01  1.0000e+00
 2.4719e+00 -5.2267e+00  8.1753e+00  7.0444e+00 -1.3923e+01  2.2013e+01  2.6983e+01  1.0000e+00
-2.3802e-01  4.4750e-01  1.6794e-01  6.8307e+00 -1.1929e+01  1.8211e+01  2.2817e+01  1.0000e+00
-2.7628e+00  1.9802e+00 -5.2596e-01 -4.4132e+01  2.4227e+01 -1.0324e+01  5.1393e+01  1.0000e+00
-2.9346e-01  7.0386e-01  2.7644e-01 -8.9042e+00  2.9446e+00  7.6341e+00  1.2093e+01  1.0000e+00
-6.4603e-01  8.3208e-01 -6.1732e-02  5.7188e+00  6.2746e+00  2.6021e+00  8.8795e+00  1.0000e+00
-6.3530e+00 -2.1184e+00  4.0279e+00 -1.6266e+01 -5.3773e+00  8.8897e+00  1.9301e+01  1.0000e+00
-6.1406e-02  3.1214e-01  7.3156e-01  8.0792e+00 -4.0439e+00 -1.7403e+00  9.2008e+00  1.0000e+00
-2.3623e-01  3.8552e-01  1.1061e-01  5.4706e+00  2.3777e+00 -2.1745e+01  2.2548e+01  1.0000e+00
 9.3714e+00 -1.2134e+01 -9.4031e-01  2.7059e+01 -3.4362e+01 -2.8113e+00  4.3827e+01  1.0000e+00
-1.1142e-01  1.2722e+00 -1.1413e-01 -2.4417e+00  7.7971e-01  4.9790e+00  5.6001e+00  1.0000e+00
-1.6408e+00  9.0899e-01  7.9947e-01  8.8998e+00  4.8141e+00 -7.2612e+00  1.2454e+01  1.0000e+00
 1.5561e-01  5.9806e-01  2.9635e-01  1.4194e+01  1.4250e+01 -6.7512e+00  2.1216e+01  1.0000e+00
-1.8466e-01  8.1534e-01  3.4482e-01 -2.2057e+01 -8.6738e+00  1.6812e+01  2.9058e+01  1.0000e+00
 1.8914e+00 -1.2192e+00  3.1897e-01 -1.6622e+00  1.1756e+00  2.9679e-01  2.0575e+00  1.0000e+00
-2.1244e-01  6.7957e-01  5.1940e-01 -8.0596e+00  6.6379e+00  1.2221e+01  1.6074e+01  1.0000e+00
-2.3354e-01  1.3015e+00 -4.1915e-01  8.6171e+00  1.1819e+01 -5.4715e+00  1.5616e+01  1.0000e+00
-3.3526e+00 -1.3359e+00 -8.4995e-01 -9.2787e+00 -2.8748e+00 -1.5425e+00  9.8355e+00  1.0000e+00
-3.0970e-01  5.1295e-01 -1.0602e-02  5.3684e-01 -6.7934e+00 -1.0679e+01  1.2668e+01  1.0000e+00
-5.2036e-01  9.8815e-01  1.3678e-01  5.1749e+00  7.7887e+00  6.9551e+00  1.1654e+01  1.0000e+00
-1.0303e-01  8.6968e-01  1.3134e-01 -1.2205e+01  3.8101e-01  1.3718e+01  1.8366e+01  1.0000e+00
-1.0306e-01  7.7617e-01  1.5082e-01  5.6371e+00  9.7690e+00 -9.3136e+00  1.4627e+01  1.0000e+00
-3.3472e-01  9.1397e-01  2.6180e-01  1.5859e+01  3.4122e+00  8.9107e+00  1.8508e+01  1.0000e+00
-6.1551e-01  3.4642e-01 -2.5385e-01 -9.4991e+00  7.4352e+00  4.1046e+00  1.2742e+01  1.0000e+00
 9.8177e-02 -2.0961e-01  2.9475e-02 -1.0473e+00 -4.0807e+00 -3.6095e+00  5.5477e+00  1.0000e+00
 1.4757e-01  4.1571e-01  7.1963e-02  1.0325e+01  1.4605e+01 -5.0816e+00  1.8594e+01  1.0000e+00
-9.5093e+00  7.8957e+00  3.5185e+00 -8.1459e+01  6.5292e+01  3.0790e+01  1.0884e+02  1.0000e+00
 5.2163e-01  8.4342e-01 -5.0847e-01 -1.3226e+01  6.6043e+00  1.5397e+00  1.4863e+01  1.0000e+00
 2.0069e-01  9.1549e-01  2.2994e-01 -1.2626e+01 -1.6335e+00  5.0800e+00  1.3707e+01  1.0000e+00
-4.2953e+01  1.6801e+00  3.8383e+01 -2.4181e+02  7.3671e+00  2.1773e+02  3.2547e+02  1.0000e+00
-1.5587e-01  6.4907e-01  6.6905e-02  1.5598e+01  1.4078e+01  4.6978e+00  2.1530e+01  1.0000e+00
-9.6942e-02  1.1057e+00 -1.6837e-01 -9.5661e+00 -2.0032e+01  6.8884e+00  2.3243e+01  1.0000e+00
-8.6598e-02  4.3660e-01  2.3056e-01  8.2756e+00 -2.7408e+00 -7.5763e+00  1.1550e+01  1.0000e+00
-2.0266e+00  3.1215e+00  7.8978e+00 -4.5038e+00  6.3536e+00  1.6756e+01  1.8477e+01  1.0000e+00
 4.3362e+00  1.4180e+00  8.6191e-01  6.2102e+00  3.5137e+00  2.2623e+00  7.4854e+00  1.0000e+00
 5.5757e+00 -3.1179e+00 -4.8201e+00  1.3870e+01 -8.4801e+00 -1.1782e+01  2.0077e+01  1.0000e+00
-6.0333e-01  6.7829e-01  1.7781e-01  9.9351e+00  2.5493e+00  3.4089e+00  1.0809e+01  1.0000e+00
 7.4333e+00 -7.6336e+00 -1.1335e+01  2.1473e+01 -2.1599e+01 -3.1804e+01  4.4035e+01  1.0000e+00
-2.5319e-02  7.3437e-01  2.8477e-01  1.0729e+00  1.5531e+01  3.3483e+00  1.5924e+01  1.0000e+00
-3.3567e-01  7.9359e-01  1.8133e-01 -7.4744e+00  1.7444e+01  7.1699e+00  2.0287e+01  1.0000e+00
-2.1767e-01  4.7985e-01  2.8723e-02 -1.8676e+00  9.7251e+00 -2.1680e+00  1.0137e+01  1.0000e+00
-1.3323e+00 -1.3589e+00 -1.6629e+00 -2.5602e+01 -4.2738e+01 -3.9307e+01  6.3459e+01  1.0000e+00
-3.3877e-02  9.8736e-01  1.9597e-01 -3.6668e+00  1.5983e+01  1.0202e+00  1.6430e+01  1.0000e+00
-7.9638e-01  2.6500e-01  4.3189e-01 -1.2522e+01 -3.9230e+00 -5.3248e+00  1.4162e+01  1.0000e+00
-1.2415e-01  4.8617e-01  6.1156e-01  6.8052e+00 -9.2470e+00 -1.1730e+00  1.1541e+01  1.0000e+00
-2.1599e-01  4.1532e-01  3.7502e-01 -1.6099e+01 -5.7361e+00  1.8458e+01  2.5155e+01  1.0000e+00
-1.6938e+00  1.1698e+00  1.4155e+00  3.7138e-01 -1.2631e+00  2.0938e+00  2.4733e+00  1.0000e+00
-1.8608e-01  5.6884e-01  1.0268e-01  5.3716e+00  6.2969e+00  9.6762e+00  1.2733e+01  1.0000e+00
-2.1263e+00  2.8986e+00  8.5302e+00 -4.6852e+00  8.0720e+00  2.2184e+01  2.4067e+01  1.0000e+00
-1.1217e+00 -1.9976e-01 -7.5859e-01 -2.1886e+00 -4.6401e+00  7.2815e+00  8.9074e+00  1.0000e+00
-1.1446e-01  8.2573e-01  1.4731e-01  1.0699e+01  7.5602e+00 -7.7654e+00  1.5229e+01  1.0000e+00
-2.7843e-01  1.0649e+00  1.1145e-01 -1.7638e+00 -4.4575e+00 -4.5926e+00  6.6387e+00  1.0000e+00
-7.5152e-01  2.2016e+00  2.0844e+00  4.0554e+00  1.1112e+00 -6.6476e-01  4.2571e+00  1.0000e+00
 5.8590e+00 -1.4700e+01  2.5729e+01  1.5621e+01 -3.9429e+01  7.0944e+01  8.2654e+01  1.0000e+00
 1.0919e+01  2.0978e+00  1.0226e+01  3.0957e+01  5.8594e+00  2.9400e+01  4.3093e+01  1.0000e+00
 6.2781e-01  3.4578e-01  1.8582e-01 -1.5755e+01  1.2598e+01  5.1747e+00  2.0825e+01  1.0000e+00
-1.2367e-01  7.9870e-01  3.1034e-01 -6.1212e+00  2.1013e+01  1.9559e+01  2.9353e+01  1.0000e+00
-4.4236e-01  5.7774e-01  3.6508e-01  9.9010e+00  3.3759e+00 -8.8614e+00  1.3710e+01  1.0000e+00
-2.9126e+00  1.8146e+00  1.1548e+01 -8.1391e+00  5.6118e+00  3.2113e+01  3.3600e+01  1.0000e+00
-7.7373e+00 -1.8638e+00 -7.5250e+00 -2.0774e+01 -2.5953e+00 -1.9253e+01  2.8442e+01  1.0000e+00
-2.8317e-01  8.7304e-01  3.6885e-01 -5.0316e+00 -3.1967e+01  9.0337e+00  3.3598e+01  1.0000e+00
-3.8305e+00 -6.1105e+00 -6.3751e-01 -1.2537e+01 -2.2819e+01 -1.3536e+00  2.6071e+01  1.0000e+00
-1.2844e+00 -2.6676e-01  5.5297e-01 -6.7684e+00 -8.6064e+00  3.5038e+00  1.1496e+01  1.0000e+00
-2.0098e-01  5.5382e-01  2.7856e-01  1.4439e+01 -5.4976e+00 -4.4565e-01  1.5457e+01  1.0000e+00
-1.1813e+00 -6.2930e-01 -9.3318e-02 -9.3474e+00 -7.4457e+00 -8.7633e-01  1.1982e+01  1.0000e+00
-1.4056e-01  5.4075e-01 -1.9922e-02 -5.4098e+00 -9.5797e-01 -1.2219e+01  1.3398e+01  1.0000e+00
-3.6302e-01  4.0603e-01  1.6061e-01  3.7301e+00 -1.1986e+01 -1.1556e+00  1.2606e+01  1.0000e+00
-3.9818e+00  1.2458e+01 -1.6393e+00 -1.0922e+01  3.4849e+01 -4.3728e+00  3.6782e+01  1.0000e+00
 3.0097e+00  3.7621e-01  2.5026e+00  4.4887e+00  4.1484e+00  7.3517e+00  9.5606e+00  1.0000e+00
-7.5678e+00 -3.3775e-01 -1.9159e+00 -1.8799e+01  3.2682e-01 -5.0321e+00  1.9464e+01  1.0000e+00
 9.2296e-02  1.0093e+00 -1.2525e+00  7.3713e+00  4.6504e+00 -1.3212e+01  1.5828e+01  1.0000e+00
-6.1547e+00 -2.5662e+00  4.1616e+00 -1.4577e+01 -5.4480e+00  1.0796e+01  1.8940e+01  1.0000e+00
-1.9182e-01  7.3095e-01  6.7968e-02 -1.2550e+01  1.4606e+01 -1.8718e+01  2.6856e+01  1.0000e+00
 1.4512e+01  5.1915e+00  1.2327e+00  4.1065e+01  1.5026e+01  3.3722e+00  4.3857e+01  1.0000e+00
 5.3691e+00  7.6030e+00  8.7447e-01  1.4627e+01  1.9912e+01  3.1462e+00  2.4906e+01  1.0000e+00
-1.1329e+01 -6.9434e+00 -4.2619e+00 -3.2431e+01 -1.9240e+01 -1.2421e+01  3.9701e+01  1.0000e+00
-5.8545e-01 -1.0526e+00 -5.5391e-01 -4.7326e+00  4.6330e+00  5.8377e+00  8.8284e+00  1.0000e+00
-1.1244e+01 -3.5927e-01 -2.9265e+00 -3.1259e+01 -4.3376e-01 -8.2497e+00  3.2332e+01  1.0000e+00
-2.5486e-01  8.2702e-01  1.0115e+00  3.1250e+00 -7.5883e-01 -6.6548e+00  7.3911e+00  1.0000e+00
-3.4046e-01  7.1818e-01  2.0128e-01 -2.1949e+00 -2.5858e+01  1.3549e+01  2.9275e+01  1.0000e+00
-2.4480e+00  9.1531e+00 -3.6573e+00 -6.0573e+00  2.5071e+01 -9.1225e+00  2.7358e+01  1.0000e+00
 1.0958e+01  9.1225e+00 -6.9389e+00  4.7367e+01  3.8336e+01 -2.9578e+01  6.7736e+01  1.0000e+00
-3.5601e-04  9.3270e-01 -1.6379e-02 -2.2083e+00 -2.1688e+01  9.3400e-02  2.1801e+01  1.0000e+00
-1.2238e+00 -2.6176e-02 -2.8419e+00  1.1965e-01  2.8265e+00 -2.1200e+00  3.5352e+00  1.0000e+00
-5.0085e-01  7.6040e-01 -2.8295e-02 -6.1182e+00  1.7630e+01 -7.2285e+00  2.0013e+01  1.0000e+00
 2.5515e+00 -2.3933e+00 -1.1671e+00  5.7157e+00 -3.8473e+00  3.0709e+00  7.5433e+00  1.0000e+00
-3.9660e-02  2.3267e-01  3.6131e-01  1.6536e+01 -2.5133e+01  5.7717e+00  3.0633e+01  1.0000e+00
-8.6368e-01  2.3653e-01  5.5236e-01 -1.0288e+01  2.5374e+00  1.1690e+01  1.5778e+01  1.0000e+00
-8.4964e+00 -4.2453e+00 -1.4841e+01 -2.4950e+01 -1.2670e+01 -4.4090e+01  5.2220e+01  1.0000e+00
-1.5324e+01 -5.2129e+00 -4.8552e-01 -4.4064e+01 -1.4327e+01 -1.5425e+00  4.6360e+01  1.0000e+00
 1.8181e+00 -2.2723e+00 -3.0341e+00  5.2951e+00 -2.0367e+00 -5.1936e+00  7.6915e+00  1.0000e+00
 1.5569e+01  2.5895e+00 -1.5826e+00  4.4285e+01  7.9769e+00 -4.7507e+00  4.5247e+01  1.0000e+00
-4.5888e-02  3.9764e-01  1.5294e-01 -1.1573e+01  2.4596e+00  1.6380e+01  2.0206e+01  1.0000e+00
-8.9224e-02  6.9529e-01  4.2281e-01 -1.6570e+01  5.5639e+00 -1.9087e+00  1.7583e+01  1.0000e+00
-3.7313e-01  6.4058e-01  5.6739e-01  7.9049e+00  3.5509e+00  3.4113e+00  9.3131e+00  1.0000e+00
 6.9049e-01 -8.0340e-02  4.3053e-01  9.6739e+00 -1.7779e+00  2.0583e+00  1.0049e+01  1.0000e+00
-3.1268e-01  6.7418e-01  2.3244e-01  1.0382e+01 -4.5379e+00  1.2202e+01  1.6651e+01  1.0000e+00
 5.9081e-01  2.1530e-01 -3.0502e-01 -3.8101e+00 -1.5739e+00  4.1529e+00  5.8516e+00  1.0000e+00
-2.6677e-01  7.4182e-01  4.1948e-01  7.7402e+00  9.4506e-01  1.8404e+01  1.9987e+01  1.0000e+00
-6.5822e+00  5.6495e+00 -1.1448e+00 -1.6860e+01  1.4222e+01 -2.3318e+00  2.2180e+01  1.0000e+00
 8.5338e-02  5.8021e-01 -1.0213e-01 -8.6087e+00 -6.4662e+00 -8.4671e-01  1.0800e+01  1.0000e+00
-6.9555e+00 -2.0655e+00 -4.8854e-03 -1.6393e+01 -5.0333e+00 -4.3546e-01  1.7154e+01  1.0000e+00
-1.7894e-02  9.9610e-01 -1.3332e-02  3.9868e+00  1.5936e+01 -1.9157e+01  2.5236e+01  1.0000e+00
-4.0411e-01  7.3229e-01 -2.2057e-01 -1.2054e+00 -2.7044e+00 -1.1474e+01  1.1850e+01  1.0000e+00
-1.8593e-01  3.8295e-01  3.7204e-01 -1.0410e+01  8.3531e+00  9.0207e+00  1.6110e+01  1.0000e+00
-3.1889e-01  8.4574e-01  3.5278e-01 -1.0144e+01  8.0802e-01  2.3085e+01  2.5229e+01  1.0000e+00
 4.9718e+00 -1.2349e+01 -5.9412e+00  1.4155e+01 -3.4624e+01 -1.6725e+01  4.0974e+01  1.0000e+00
-1.1149e+01 -2.0881e+00  1.0045e+01 -3.1783e+01 -5.3553e+00  2.8614e+01  4.3100e+01  1.0000e+00
-2.8032e-01 -4.4094e-02  1.0358e-02 -2.2531e+00  5.6671e+00 -2.4024e+00  6.5547e+00  1.0000e+00
-1.8704e+00 -1.2032e+00 -3.2249e+00 -3.2334e+00 -2.3080e-01 -3.4095e+00  4.7045e+00  1.0000e+00
 2.0654e+00 -1.2396e+00  9.3458e-01 -1.6536e+00  3.0597e+00  2.6697e+00  4.3844e+00  1.0000e+00
-1.5387e-01  4.3799e-01 -2.1700e-01 -1.0444e+01  2.9072e+00  6.0735e+00  1.2426e+01  1.0000e+00
-1.1622e+00 -9.9279e+00 -6.9511e+00 -2.6265e+00 -2.8281e+01 -2.0104e+01  3.4798e+01  1.0000e+00
-2.0300e+00  3.5337e+00 -2.9739e+00 -3.8689e+00  6.4743e+00 -3.9010e+00  8.4913e+00  1.0000e+00
-1.3484e+00  4.1292e-01  3.6566e-01 -1.2839e+00  1.0751e+00  2.0606e+00  2.6553e+00  1.0000e+00
 2.3179e-01  8.4516e-01  2.5984e-01  1.5146e+01  9.7105e+00  5.6837e+00  1.8868e+01  1.0000e+00
 2.8489e-01  1.4967e+00  4.8260e-02  8.3824e+00  9.7859e+00 -1.1509e+00  1.2937e+01  1.0000e+00
-2.1229e+00  9.5308e+00 -4.0733e+00 -5.6506e+00  2.5061e+01 -1.0367e+01  2.7704e+01  1.0000e+00
-6.3935e-01  6.7147e-01  5.4822e-01 -1.0866e+01  2.4346e+00  1.3813e+01  1.7743e+01  1.0000e+00
 7.1649e-02  1.6575e+00  1.2167e+01  1.8506e+00  5.1879e+00  2.8861e+01  2.9382e+01  1.0000e+00
-1.1173e-01  1.1280e+00  1.4258e-02  5.8220e+00  2.7228e+01 -1.6380e+01  3.2304e+01  1.0000e+00
-4.4664e-01  6.3532e-01  2.5161e-01 -7.8253e+00  9.5043e+00 -9.8098e+00  1.5742e+01  1.0000e+00
-5.7687e-02  8.9400e-01  3.2999e-01  4.8456e+00  2.5305e+01  1.0446e+01  2.7802e+01  1.0000e+00
-2.4544e-01  6.4016e-01  6.6088e-01 -1.4510e+00  8.5342e+00  8.0937e+00  1.1851e+01  1.0000e+00
 3.5241e+00  7.3006e+00  3.9952e+00  9.5832e+00  1.9408e+01  1.0086e+01  2.3879e+01  1.0000e+00
-3.4682e-01  4.3475e-01  1.8535e-01 -9.3008e+00  9.9995e+00  1.0586e+01  1.7279e+01  1.0000e+00
-5.6138e-01  1.8208e+00  8.6131e-02  7.6815e-01 -9.1968e+00 -1.3720e+00  9.3303e+00  1.0000e+00
 2.7971e-01  6.1989e-01 -5.1085e-01  1.7784e+00  5.4177e+00  1.1785e+00  5.8226e+00  1.0000e+00
-3.1573e-01  1.1162e+00  8.8681e-02 -5.9099e-01  1.2749e+01  7.4363e+00  1.4771e+01  1.0000e+00
-6.7688e-02  5.5141e-01  1.9005e-01 -7.5657e+00  2.3638e+01  9.0322e+00  2.6412e+01  1.0000e+00
-1.8373e-01  8.3090e-01 -1.2417e-02 -4.7243e+00  1.5250e+01 -1.2341e+01  2.0179e+01  1.0000e+00
 5.9001e+00 -4.3742e+00 -8.0819e-01  1.4383e+01 -1.0326e+01 -1.4436e+00  1.7764e+01  1.0000e+00
-6.6004e-01  9.2947e-01 -2.3066e-01 -4.1805e+00  1.4017e+01  3.4111e+00  1.5020e+01  1.0000e+00
 1.0729e+01 -1.9350e+01  1.2292e+01  2.5283e+01 -5.0447e+01  3.2504e+01  6.5120e+01  1.0000e+00
 9.8857e-02 -1.1898e+00 -2.3379e-01 -1.4727e+00  3.1345e+00  1.1161e+01  1.1686e+01  1.0000e+00
 1.0627e+00 -5.2251e+00 -1.4870e+01  2.7638e+00 -1.4682e+01 -4.2181e+01  4.4749e+01  1.0000e+00
-3.9044e+00 -5.9170e+00 -1.0140e+01 -1.1840e+01 -1.6399e+01 -2.8330e+01  3.4810e+01  1.0000e+00
-7.8030e-01 -1.0838e+01  1.1769e+00 -1.8473e+00 -3.0015e+01  3.2286e+00  3.0245e+01  1.0000e+00
-1.4731e+01 -7.5328e+00 -3.8769e+00 -4.2674e+01 -2.1250e+01 -1.1058e+01  4.8938e+01  1.0000e+00
-2.0054e-01  4.0004e-01  1.7345e-01  5.9442e+00  1.4944e+01 -1.8527e+01  2.4534e+01  1.0000e+00
-1.1947e+01 -2.9561e+00 -2.2738e+00 -3.3828e+01 -8.2857e+00 -6.2009e+00  3.5375e+01  1.0000e+00
-2.8295e-01  7.1287e-01  1.1674e-01 -3.4790e+00  3.5523e+00 -3.6041e+01  3.6382e+01  1.0000e+00
 1.8137e-02  1.0920e+00  3.6600e-01  1.4820e+01  7.1761e+00 -1.6844e+00  1.6552e+01  1.0000e+00
-1.9410e+00 -9.9856e-02 -5.7767e+00 -5.3156e+00  6.5595e-01 -1.7906e+01  1.8690e+01  1.0000e+00
 3.7373e-01  9.8346e-01 -1.6379e-01 -2.0697e+01  1.3772e+00 -4.1823e+00  2.1160e+01  1.0000e+00
 7.7209e-02  5.9957e-01  2.9295e-01 -1.4532e+01 -3.0247e+00  1.0337e+00  1.4879e+01  1.0000e+00
