# limit = 12.6243
#
# x           y           z           vx          vy          vz          s           m
 2.5081e-01 -1.9615e+00 -6.7888e-01 -3.2173e+00  2.1573e+00  4.9726e+00  6.3033e+00  1.0000e+00
-4.8744e-01  9.0049e-01  3.0478e-01  2.5433e+00  9.1922e+00 -5.4671e+00  1.0993e+01  1.0000e+00
 1.2936e+01  4.5874e-01  2.5310e+00  3.4479e+01  1.9054e+00  6.7746e+00  3.5189e+01  1.0000e+00
-2.7901e-01  3.3351e-01  4.4018e-01 -1.6538e+00 -1.1596e+00  1.0020e+01  1.0222e+01  1.0000e+00
-1.0850e+01  4.1480e+00  6.5876e+00 -2.9607e+01  1.0977e+01  1.7482e+01  3.6093e+01  1.0000e+00
 4.6694e+00 -1.5792e+00  1.3462e+01  1.3019e+01 -3.7153e+00  3.6515e+01  3.8945e+01  1.0000e+00
 8.1977e-01 -1.0984e+01 -7.6660e+00  1.5922e+00 -2.9723e+01 -2.0268e+01  3.6011e+01  1.0000e+00
-1.9989e-01  5.6803e-01  1.6585e-01  1.0198e+01 -2.8283e+01 -2.3772e+01  3.8328e+01  1.0000e+00
-1.7439e+01  1.2671e+01  3.8912e+01 -4.5547e+01  3.3390e+01  1.0464e+02  1.1891e+02  1.0000e+00
 1.4379e+01 -7.4864e+00  3.5836e-01  1.1463e+02 -6.2087e+01  3.0498e+00  1.3040e+02  1.0000e+00
 2.5928e+00  3.1623e+00  2.1573e+00  2.6276e+00  5.0250e+00  2.5523e+00  6.2185e+00  1.0000e+00
-5.1319e-01  3.9886e-01  2.6066e-02  2.4224e+00 -1.0957e+00 -1.0212e+01  1.0553e+01  1.0000e+00
-7.0525e-01  1.1326e+00 -2.9937e-01 -9.2365e+00  2.1126e+01 -2.7395e+00  2.3219e+01  1.0000e+00
 3.7652e+00  7.4124e-01 -8.0491e-01  8.7543e+00  3.1482e+00 -4.7035e-01  9.3151e+00  1.0000e+00
 1.0382e-01  6.0508e-01  3.9803e-01  2.4178e+01 -1.8311e+01  1.1878e+01  3.2572e+01  1.0000e+00
-4.8627e+00 -6.8345e-01 -3.9770e+00 -1.1446e+01 -2.5410e+00 -7.2798e+00  1.3801e+01  1.0000e+00
 7.8682e+00 -8.2046e+00 -9.3445e+00  2.1227e+01 -2.2248e+01 -2.5685e+01  4.0066e+01  1.0000e+00
-1.0701e-01  4.8726e-01  3.9506e-01  1.3817e-01  6.4637e+00 -2.0545e+01  2.1538e+01  1.0000e+00
-3.3156e-01  7.3684e-01  7.8301e-03  5.3617e+00  5.4312e+00  6.1899e+00  9.8265e+00  1.0000e+00
 2.7266e+01  2.2382e+01 -9.7848e+00  7.3465e+01  5.8928e+01 -2.5220e+01  9.7497e+01  1.0000e+00
-1.2943e-01  9.2913e-01  2.0216e-01 -1.1514e+01 -1.7583e+01 -1.0356e+01  2.3430e+01  1.0000e+00
-4.5466e-01  4.9159e-01  4.4854e-01 -2.3450e+00  1.1394e+01 -1.0692e+01  1.5800e+01  1.0000e+00
-1.3947e+00 -1.1401e+00  2.6540e+00 -9.3176e+00 -1.3372e+01  1.8195e+01  2.4428e+01  1.0000e+00
-5.8457e+00  1.0970e+01 -1.1174e+01 -1.6009e+01  3.0677e+01 -3.0662e+01  4.6234e+01  1.0000e+00
-3.7304e-01  1.2611e+01 -5.6115e+00 -1.2209e+00  3.4139e+01 -1.5016e+01  3.7316e+01  1.0000e+00
-3.0595e+00  1.5484e+00 -5.3019e+00 -8.7456e+00  5.7181e+00 -1.1466e+01  1.5513e+01  1.0000e+00
 4.1888e+00 -9.8930e+00  1.9581e+00  1.0259e+01 -2.6739e+01  4.8734e+00  2.9051e+01  1.0000e+00
 2.5341e+01 -6.5790e+00 -2.4438e+01  7.5278e+01 -1.9845e+01 -7.2647e+01  1.0648e+02  1.0000e+00
 7.3175e-01 -1.5113e+01 -1.9939e+01  2.1800e+00 -4.2235e+01 -5.5693e+01  6.9930e+01  1.0000e+00
-2.2823e-01  8.0373e-01  2.7989e-01  3.2937e+00 -4.6076e+00  5.4082e-01  5.6895e+00  1.0000e+00
-3.8435e-01  9.1538e-01  2.2927e-01 -6.7661e+00  3.1868e+00  1.3807e+01  1.5703e+01  1.0000e+00
-1.1422e-01  7.8926e-01 -1.4633e-02 -1.1539e+01 -1.1877e+00 -1.4159e+01  1.8304e+01  1.0000e+00
 2.6006e-02  3.9777e-01  1.7220e-01 -4.5744e+00  9.0607e+00  1.7013e+01  1.9811e+01  1.0000e+00
-5.6182e-01  1.1146e+00 -5.2800e-02  8.6261e+00 -4.3881e+00 -9.1462e+00  1.3316e+01  1.0000e+00
 2.7547e-02  7.0921e-01  2.2006e-01 -2.4876e+01  2.8788e-01  7.9218e+00  2.6109e+01  1.0000e+00
-2.4290e-01  3.4363e-01  4.4513e-02 -1.8787e+01 -2.5673e+00  1.4507e+01  2.3874e+01  1.0000e+00
-6.2191e-01  1.9333e+00 -6.0119e-01  1.9168e+00  1.0352e+01 -7.2505e+00  1.2783e+01  1.0000e+00
-1.0550e+01  2.0200e+01 -2.5656e+01 -2.8551e+01  5.4718e+01 -6.7990e+01  9.1825e+01  1.0000e+00
-7.6427e-02  7.7763e-01  9.0614e-01 -3.7917e+00  7.2930e-02  3.7107e+00  5.3058e+00  1.0000e+00
 7.8418e+00 -1.8101e+00  6.5655e+00  1.9962e+01 -4.1961e+00  1.6908e+01  2.6495e+01  1.0000e+00
 4.7074e+00  4.2763e+00  3.6300e-01  9.6504e+00  9.2527e+00  2.1350e+00  1.3539e+01  1.0000e+00
 2.0897e+00  6.3058e-01  6.9417e-04  9.1108e+00  1.5586e+00 -3.6057e+00  9.9215e+00  1.0000e+00
-6.6739e-02  8.2136e-01  6.5154e-02  1.2923e+01 -6.2327e+00  1.9094e+01  2.3884e+01  1.0000e+00
 1.5090e+00 -4.5439e+00  1.4603e+01  4.3186e+00 -1.2107e+01  3.9914e+01  4.1933e+01  1.0000e+00
 1.4043e+01  6.8181e+00  1.0985e+00  3.9015e+01  1.8769e+01  3.1614e+00  4.3410e+01  1.0000e+00
 8.2265e-01 -9.2566e+00  1.4491e+00  3.2505e+00 -2.4227e+01  4.3253e+00  2.4824e+01  1.0000e+00
-1.3941e-01  7.5538e-01  3.6287e-01 -3.0824e+00  3.6432e+00 -5.0056e+00  6.9159e+00  1.0000e+00
 2.3257e+00 -2.0911e+00 -3.8186e-01  3.0767e+00  1.0261e+00  1.4355e+00  3.5468e+00  1.0000e+00
 6.7176e+00 -2.5894e+00  2.9330e+00  1.5450e+01 -6.1378e+00  7.2447e+00  1.8134e+01  1.0000e+00
-1.4857e-01  7.1030e-01 -7.6524e-01 -7.7257e+00  3.2221e+00 -3.3314e+00  9.0093e+00  1.0000e+00
-1.6024e-01  6.6601e-01  2.8624e-01 -1.7480e+01  1.4896e+01  2.8168e+01  3.6344e+01  1.0000e+00
-1.7175e-01  6.8835e-01  9.7360e-02 -2.0332e+01  2.4769e+01 -1.9886e+00  3.2107e+01  1.0000e+00
-2.2272e+00 -3.5053e+00  3.4588e+00 -3.9792e+00 -6.4605e+00  6.6626e+00  1.0098e+01  1.0000e+00
-1.6781e-01  7.6584e-01  2.4382e-01 -2.7860e+01  4.1780e+00  7.8637e+00  2.9249e+01  1.0000e+00
-4.6520e-01  7.3370e-01  3.5658e-01 -5.0857e+00 -4.4192e+00  8.6029e+00  1.0927e+01  1.0000e+00
-5.7484e-01  5.6235e-01  4.0719e-01  2.8658e+00 -2.6580e+00  1.6461e+01  1.6919e+01  1.0000e+00
-4.6046e-01  4.8498e-01  2.6730e-01  4.2575e+00  1.9227e+01  6.1400e+00  2.0628e+01  1.0000e+00
-1.5664e-01  1.0254e+00  2.7526e-01  8.2720e-01  8.2378e+00 -1.2088e+01  1.4651e+01  1.0000e+00
 1.7286e-01  6.2089e-01  5.7784e-01 -3.9861e+00  4.3811e+00  8.0283e+00  9.9769e+00  1.0000e+00
 3.6362e+00 -1.8820e+00  1.0565e+01  9.1511e+00 -5.4624e+00  2.8204e+01  3.0151e+01  1.0000e+00
 8.8483e-02  5.4002e-01  4.2464e-01 -2.4809e+00 -6.8068e+00  2.1327e+00  7.5523e+00  1.0000e+00
-1.3526e+00 -1.5363e+00  1.0614e+00 -9.0990e+00 -1.8174e+01  7.1191e+00  2.1535e+01  1.0000e+00
 6.2252e+00  5.6059e-01 -3.0226e+00  1.9140e+01  2.0406e+00 -9.1799e+00  2.1326e+01  1.0000e+00
-1.0098e-01  4.6347e-01  4.2865e-01 -6.7339e+00  5.9634e+00  2.3653e+01  2.5306e+01  1.0000e+00
 1.7086e+00 -6.4318e-01  6.6712e-01 -5.3085e+00  1.1128e+00 -1.1253e+00  5.5394e+00  1.0000e+00
 5.0713e-01  1.0521e-01  4.2557e-01  4.5674e+00  5.0737e+00 -5.8251e+00  8.9741e+00  1.0000e+00
-2.0842e-01  7.0241e-01  3.3512e-01 -2.5112e+00  1.3632e+01 -6.1539e+00  1.5166e+01  1.0000e+00
-1.1651e-01  4.4014e-01  1.9952e-01 -1.4402e+00  1.7652e+01  7.4935e+00  1.9231e+01  1.0000e+00
-9.9853e-02  5.7257e-01 -1.2665e-02 -1.2227e+01 -7.9675e+00  2.9822e+00  1.4895e+01  1.0000e+00
-5.5897e-01  1.4251e+00  5.2103e-01  4.5915e+00 -8.8855e+00 -1.9250e+00  1.0185e+01  1.0000e+00
 1.2614e+01  1.4769e+00  2.3274e+00  3.4243e+01  3.5680e+00  6.1012e+00  3.4965e+01  1.0000e+00
-1.4598e-01  5.5940e-01  3.1901e-01  8.9351e+00  1.8024e+00 -6.5135e+00  1.1203e+01  1.0000e+00
 1.5379e-01  7.4648e-01  6.1856e-02 -2.3044e+01  9.0423e+00  3.9420e+00  2.5066e+01  1.0000e+00
-1.4027e+00  1.5730e-01 -2.0158e-01 -5.8786e-01  2.9245e-01 -3.2582e+00  3.3237e+00  1.0000e+00
 9.9705e-03  5.1029e-01  3.1146e-01  2.0704e+01 -7.2792e+00  5.1033e+00  2.2532e+01  1.0000e+00
-6.6112e-02  6.9243e-01  4.1666e-01 -3.2970e+00 -4.6712e+00  4.7963e+00  7.4629e+00  1.0000e+00
-2.7107e-01  5.7884e-01  9.3514e-02  9.1910e+00 -8.3873e+00  1.9178e+01  2.2861e+01  1.0000e+00
-6.2625e-01  1.7641e+00 -2.7702e-01  3.4918e+00 -6.7183e+00 -1.0675e-01  7.5723e+00  1.0000e+00
 1.5021e+01 -7.2813e+00 -1.7558e+00  4.1710e+01 -1.9626e+01 -4.7348e+00  4.6339e+01  1.0000e+00
-8.9627e+00 -5.5720e+00 -3.5275e+00 -2.3853e+01 -1.4208e+01 -8.8990e+00  2.9155e+01  1.0000e+00
-5.4102e-02  6.8774e-01  2.4780e-01  2.9985e+00 -1.8011e+01 -4.6257e-01  1.8265e+01  1.0000e+00
 7.5304e+00  1.9339e+00  4.9564e+00  3.2714e+01  7.0632e+00  2.0928e+01  3.9473e+01  1.0000e+00
 1.0136e+00 -2.6144e-01 -4.2989e-01 -6.4233e+00  6.0994e+00  6.8746e+00  1.1212e+01  1.0000e+00
 3.5408e+00  2.8930e+00  4.4427e+00  6.7270e+00  6.8567e+00  9.0823e+00  1.3219e+01  1.0000e+00
-2.2453e-01  4.8673e-01  2.5921e-01 -1.7180e+00 -1.1593e+01 -3.0156e+00  1.2101e+01  1.0000e+00
-3.8184e-02  3.4089e-01  3.3262e-01 -2.1364e+00  1.5149e+01 -1.2048e+01  1.9473e+01  1.0000e+00
 2.3848e-01  4.1707e-01 -2.1049e-01  6.5342e+00 -8.2479e-01 -2.5321e+00  7.0560e+00  1.0000e+00
 1.8128e+00 -1.2607e+00  2.0091e+00 -9.1786e-01  1.0379e+00  4.5843e-01  1.4594e+00  1.0000e+00
 4.1553e+01  1.0783e+01 -4.0528e+01  2.2218e+02  5.5313e+01 -2.1506e+02  3.1413e+02  1.0000e+00
-1.3717e-01  4.9063e-01  3.4237e-01  2.0063e+01  1.6501e+01 -2.8981e+00  2.6138e+01  1.0000e+00
 2.1586e+00 -1.0221e+00  1.8346e+00  6.9125e-01  9.6114e-01 -8.0575e-01  1.4321e+00  1.0000e+00
 7.7312e-02  4.8268e-01  6.0174e-01  7.0745e+00 -1.1499e+01  6.6613e+00  1.5055e+01  1.0000e+00
-4.5254e-01  8.5727e-01  3.3566e-01 -2.7700e+01  1.0424e+01  1.3791e+01  3.2652e+01  1.0000e+00
-6.6129e-01  2.5820e-01 -2.6891e-01  4.3288e+00  1.6087e-01  2.7622e+00  5.1375e+00  1.0000e+00
 2.2012e+00 -7.8619e-01 -2.2384e-01  1.1315e+01 -4.5640e+00 -1.8000e+00  1.2333e+01  1.0000e+00
-3.4579e-01  8.1069e-01  2.2675e-01  1.6860e+01 -3.4982e+00 -1.2181e+01  2.1092e+01  1.0000e+00
 7.8452e-01  2.4697e+00  3.5524e+00  1.7549e+01  3.4557e+01  6.2205e+01  7.3292e+01  1.0000e+00
-4.9550e+00 -7.2928e+00 -8.1684e+00 -1.3193e+01 -1.9095e+01 -2.1561e+01  3.1679e+01  1.0000e+00
 1.1354e+00 -2.3950e+00 -1.0325e+01  2.8065e+00 -5.5608e+00 -2.3851e+01  2.4651e+01  1.0000e+00
 5.6907e-01  3.5901e+00 -1.9465e+00  4.4370e+00  4.9474e+00 -1.6638e+00  6.8507e+00  1.0000e+00
-3.6189e-01  7.8801e-01  3.8302e-02 -1.1136e+01  5.7520e+00 -1.3878e+01  1.8700e+01  1.0000e+00
-2.2612e-01  5.6772e-01  1.8427e-01  2.4747e+01  1.1129e+01 -6.0692e+00  2.7805e+01  1.0000e+00
 1.6600e+00 -4.7561e-01 -8.8764e-02 -3.7009e+00  7.0056e+00  1.7001e+00  8.1034e+00  1.0000e+00
-5.0863e-01  7.6843e-01  2.9963e-01  2.6025e+01 -3.7403e+00 -7.2164e+00  2.7265e+01  1.0000e+00
 1.2503e+01  4.7063e+00 -3.0869e-01  3.3650e+01  1.3344e+01 -9.3134e-01  3.6211e+01  1.0000e+00
-2.8570e-01  6.1100e-01  2.9711e-01  1.4405e+01  1.2396e+00  6.3449e+00  1.5789e+01  1.0000e+00
 9.2838e+00  5.0818e-01  1.0418e+01  2.5018e+01  1.5515e+00  2.8055e+01  3.7622e+01  1.0000e+00
-4.5808e-01  1.0255e+00  4.5032e-01 -1.7594e+01  1.4548e+01  5.2917e+00  2.3435e+01  1.0000e+00
 5.6221e-01  3.5445e-01  9.7821e-02 -5.9152e+00 -1.1426e+01  5.2827e+00  1.3909e+01  1.0000e+00
-1.5042e+01  3.1230e+00  3.4148e+00 -4.1412e+01  9.0506e+00  9.5314e+00  4.3448e+01  1.0000e+00
 2.9522e-01  3.9655e-01 -2.2595e-01  6.9258e+00  8.1140e+00 -1.0861e+01  1.5224e+01  1.0000e+00
 3.2338e+00 -5.4270e+00  9.4690e+00  9.8527e+00 -1.4899e+01  2.4230e+01  3.0102e+01  1.0000e+00
 3.6365e+00 -3.7262e+00  7.7514e+00  8.8778e+00 -9.4625e+00  1.9723e+01  2.3608e+01  1.0000e+00
 6.3056e+00 -7.6252e+00 -2.8879e+00  1.5068e+01 -1.9629e+01 -7.5597e+00  2.5875e+01  1.0000e+00
 3.0542e+00 -1.6227e+00  7.0383e-01  2.0803e+00  5.0923e-01  1.4423e+00  2.5821e+00  1.0000e+00
-2.5397e-01  8.6414e-01  4.6366e-01 -6.0780e+00  8.7775e+00 -2.3240e+01  2.5575e+01  1.0000e+00
-1.6018e-02  6.5135e-01 -1.7010e-01 -2.4812e+00 -1.2606e+01 -1.5445e+01  2.0090e+01  1.0000e+00
-1.3659e-02  8.2136e-01  6.5583e-01  4.0733e+00  1.2123e+01 -2.4908e+00  1.3030e+01  1.0000e+00
-3.3523e-01  7.6862e-01  3.9787e-01 -1.1088e+01  8.4101e+00 -1.8171e+01  2.2888e+01  1.0000e+00
-1.4002e-01  6.7562e-01  3.0730e-01 -1.6893e+01  7.6681e+00  9.1114e+00  2.0669e+01  1.0000e+00
-4.0391e-01  5.8796e-01  8.8657e-02  2.1075e+01  1.1417e+00 -1.0758e+01  2.3689e+01  1.0000e+00
-1.8947e-01  4.7345e-01  1.2972e-01  9.5111e+00 -1.8134e+01 -8.6021e+00  2.2210e+01  1.0000e+00
-1.9742e+01  8.1542e+00  7.4185e+00 -5.5050e+01  2.2988e+01  2.1237e+01  6.3324e+01  1.0000e+00
-3.2229e-01  5.8282e-01  1.4616e-01 -7.5095e+00 -1.3633e+01  1.4361e-01  1.5565e+01  1.0000e+00
-1.1435e-01  6.5442e-01  2.3711e-01 -1.2621e+01  2.9190e+01 -2.4320e+01  4.0036e+01  1.0000e+00
-4.6740e-01  6.4109e-01 -2.9931e-01 -5.8954e+00  1.0215e+00 -5.8707e+00  8.3824e+00  1.0000e+00
 7.4139e+00 -6.3950e+00 -2.6401e+00  1.9646e+01 -1.6404e+01 -6.2151e+00  2.6338e+01  1.0000e+00
-2.4232e-01  5.0970e-01  3.6594e-01 -2.2277e+01  1.2334e+01 -1.0267e+01  2.7456e+01  1.0000e+00
 5.0151e+00 -4.3683e+00  1.0878e+01  1.3115e+01 -1.1239e+01  2.9623e+01  3.4291e+01  1.0000e+00
 2.8654e+00  9.7687e-01  3.5934e+00  4.4437e+01  5.4139e+00  4.6980e+01  6.4893e+01  1.0000e+00
-1.8024e+00 -2.1113e+00 -9.1748e+00 -5.2675e+00 -4.9881e+00 -2.3609e+01  2.4699e+01  1.0000e+00
 1.8701e+00 -1.1280e+00  8.5890e-01 -8.2271e-01  2.0162e+00 -1.4281e+00  2.6041e+00  1.0000e+00
-2.9520e-01  4.4523e-01  3.5810e-01  1.6536e+01  1.8892e+01 -5.8666e+00  2.5783e+01  1.0000e+00
 1.1967e-01  7.7624e-01  1.1874e-01  1.2699e+01  1.3260e+01  1.3313e+01  2.2679e+01  1.0000e+00
 8.5819e-01  5.7815e-01 -3.9253e-01  1.2108e+01  4.5871e+00 -7.5494e+00  1.4988e+01  1.0000e+00
-3.3983e-01  1.3966e+00  3.2173e-01  1.1696e+00  2.6245e+00 -1.5361e+01  1.5628e+01  1.0000e+00
-7.6831e-01  8.5066e-01  3.7268e-01 -9.6113e+00  6.9579e-01  4.1345e+00  1.0486e+01  1.0000e+00
 2.1578e-01  7.1239e-01  2.5871e-01 -4.0055e-01 -1.0407e+01  6.8469e+00  1.2463e+01  1.0000e+00
 2.7380e+00 -1.5175e+00  1.1668e+00 -2.9774e-01  2.2635e+00  2.2779e+00  3.2251e+00  1.0000e+00
-1.5444e+00 -4.2422e+00  9.8711e+00 -4.0848e+00 -1.1710e+01  2.6183e+01  2.8972e+01  1.0000e+00
-2.6300e-01  1.0798e+00  2.3787e-02  1.4225e+01 -9.6853e+00  7.4170e+00  1.8740e+01  1.0000e+00
-2.2819e-01  6.8737e-01  2.9269e-01 -8.6176e+00  1.5698e+01 -2.7725e+01  3.3005e+01  1.0000e+00
-1.3705e+01  2.4985e+00 -3.9875e+00 -3.5787e+01  8.5812e+00 -9.4846e+00  3.8004e+01  1.0000e+00
-3.2194e-01  5.5776e-01  2.7992e-01  2.3377e+01  7.5588e+00  4.0919e+00  2.4907e+01  1.0000e+00
-2.0650e-01  8.7832e-01  1.4305e-01 -1.7998e+01 -4.7758e+00  7.4778e+00  2.0067e+01  1.0000e+00
-3.2344e-01  7.0994e-01  3.3060e-03 -4.4310e+00  1.7295e+00  1.5535e+01  1.6247e+01  1.0000e+00
-5.1575e+00 -1.8020e+01 -2.0234e+01 -1.4954e+01 -4.4780e+01 -5.2286e+01  7.0446e+01  1.0000e+00
 1.3010e+01 -1.1506e+01  3.2628e+00  3.5634e+01 -3.1358e+01  8.7879e+00  4.8273e+01  1.0000e+00
-3.7371e-01  1.2159e+00  1.0875e+00 -4.1761e-01 -3.1405e-01 -6.7236e+00  6.7438e+00  1.0000e+00
 6.6075e-01  4.6235e-02 -1.1159e+00 -3.8314e+00  4.4595e+00  9.2048e+00  1.0922e+01  1.0000e+00
 2.2997e-01  6.3173e-01  3.6201e-01 -1.0947e+01  4.0661e+00  9.0529e+00  1.4776e+01  1.0000e+00
 8.7875e-01 -4.5022e-01 -1.5992e+00 -3.8866e-01  5.2686e+00  4.5330e+00  6.9611e+00  1.0000e+00
-3.1901e-01  8.1820e-01 -1.1844e-01 -1.0355e+01  7.4223e+00 -2.2388e+01  2.5759e+01  1.0000e+00
-4.4217e-01  8.0155e-01  1.0692e-01 -8.2294e+00  6.0163e-01 -1.3884e+01  1.6151e+01  1.0000e+00
-7.1459e+00  1.1060e+01 -5.9872e+00 -1.9372e+01  3.0645e+01 -1.6014e+01  3.9634e+01  1.0000e+00
-1.1912e-01  5.6818e-01  3.3776e-01  2.1588e+01  1.0538e+01  8.2057e+00  2.5386e+01  1.0000e+00
 7.3521e-01  7.5601e-01  3.4226e-02  9.1950e+00  2.1381e+00 -7.9445e+00  1.2338e+01  1.0000e+00
-6.7492e-02  9.5140e-01  9.1904e-02  7.5590e+00 -1.6620e+01  2.2416e+00  1.8395e+01  1.0000e+00
 9.1710e-02  2.6372e-01  1.5447e-01  3.9892e+00 -1.5507e+01  2.6713e+00  1.6233e+01  1.0000e+00
 1.8037e-01  9.2481e-01  5.2593e-01 -9.4578e+00  7.4498e+00 -1.1376e+01  1.6564e+01  1.0000e+00
-9.5402e-02  1.9500e-01  5.1038e-01  5.1705e+00  1.1098e+01 -5.4431e+00  1.3399e+01  1.0000e+00
-1.0082e-01  3.4848e-01  1.9255e-01  1.3285e+01 -4.3421e+00  9.2845e+00  1.6779e+01  1.0000e+00
-3.1271e-01  4.7124e-01  4.1113e-01 -5.0908e+00  1.5865e+01 -1.5503e+00  1.6734e+01  1.0000e+00
-1.1014e-02  5.8766e-01  1.7397e-01  3.8791e+00 -1.4832e+01  4.9866e-01  1.5339e+01  1.0000e+00
-3.0561e-01  2.5903e-01  8.1566e-01 -2.9574e+00 -6.0772e-01 -4.6650e+00  5.5568e+00  1.0000e+00
 3.3775e+00 -5.4437e+00  9.4586e+00  6.9161e+00 -1.2526e+01  2.5945e+01  2.9629e+01  1.0000e+00
-2.0361e-01  1.0873e+00  1.7934e-01 -9.0541e+00  8.3191e+00 -1.0396e+00  1.2340e+01  1.0000e+00
 2.5351e+01 -1.7387e+01 -3.5691e+01  6.9252e+01 -4.7253e+01 -9.5417e+01  1.2702e+02  1.0000e+00
-2.0210e-01  3.4206e-01  5.1625e-01 -5.4537e+00  1.1555e+00  1.0248e+01  1.1666e+01  1.0000e+00
-1.4999e+00  2.6734e+00  2.3798e+00 -1.4171e+00  4.4868e+00  1.7046e-01  4.7083e+00  1.0000e+00
 6.7131e+00 -2.1742e+00 -1.6633e+00  1.7652e+01 -4.0812e+00 -3.0529e+00  1.8373e+01  1.0000e+00
-1.3313e-01  6.5510e-01  3.1256e-02  6.6465e-01  1.3006e+01 -1.2882e+01  1.8318e+01  1.0000e+00
-4.1462e-01 -1.0061e+00  1.5641e+00  2.5922e+00 -4.1469e+00  2.6321e+00  5.5537e+00  1.0000e+00
-1.3188e-01  9.2800e-01  1.1380e-01  7.6183e+00 -1.0902e+01  1.0808e+01  1.7138e+01  1.0000e+00
-3.7770e-02  4.1349e-01  2.9673e-01 -8.2597e+00 -1.4155e+01  8.4882e-02  1.6389e+01  1.0000e+00
-8.5203e-02  6.8804e-01  1.6496e-01 -8.4403e+00 -6.5032e+00 -3.1718e+00  1.1117e+01  1.0000e+00
 7.5673e-01  2.4334e-01 -1.4242e-01 -7.5987e+00  6.6941e+00 -4.3877e-01  1.0136e+01  1.0000e+00
-6.3290e-01  2.8761e-01  9.6460e-02 -7.4907e+00 -3.0318e+00 -3.7001e+00  8.8878e+00  1.0000e+00
-7.5923e-01  1.6107e+00  1.3706e+00  4.9646e+00  2.3516e+00  6.8741e-01  5.5362e+00  1.0000e+00
 6.2959e-01 -5.1418e+00  9.1307e+00  1.6664e+00 -1.3404e+01  2.3589e+01  2.7183e+01  1.0000e+00
-1.2405e+01  9.7551e+00 -7.8418e+00 -5.8330e+01  4.4483e+01 -3.7405e+01  8.2342e+01  1.0000e+00
 1.5592e-01  2.2194e-01  1.0273e+00  6.6581e+00  2.7627e+00  2.1878e+00  7.5332e+00  1.0000e+00
 3.8290e-01  6.8811e-02  3.6113e-01 -8.6942e+00  9.9700e+00 -6.2751e+00  1.4641e+01  1.0000e+00
-3.0017e-01  5.1570e-01 -1.7340e-01 -9.9139e+00 -9.5107e-01  1.3549e+01  1.6816e+01  1.0000e+00
 3.1852e-01  1.7226e+00 -6.6723e-01 -1.3101e+00  2.6899e+00 -3.0941e+00  4.3041e+00  1.0000e+00
-7.7124e-01  9.7789e-01  1.5324e-01 -1.2993e+01  1.7295e+01  3.5892e+00  2.1927e+01  1.0000e+00
-4.8213e-01  5.9163e-01  1.1764e-01  2.7825e+01 -6.6187e-01 -6.5565e+00  2.8595e+01  1.0000e+00
-8.7279e+00  7.3400e+00 -2.4494e+00 -2.2733e+01  1.9217e+01 -6.3120e+00  3.0429e+01  1.0000e+00
 5.1170e+00 -3.9853e+00 -1.5656e+01  1.4191e+01 -1.1207e+01 -4.3449e+01  4.7062e+01  1.0000e+00
-3.6649e-01  6.5022e-01 -1.4701e-02 -1.7492e+00 -1.1350e+01 -3.1681e+00  1.1913e+01  1.0000e+00
-3.8423e-01 -1.0266e+01 -7.3570e+00 -2.1229e+00 -2.6985e+01 -1.9699e+01  3.3477e+01  1.0000e+00
-3.7418e+00  3.5170e+00 -1.4859e+01 -1.0618e+01  1.0054e+01 -4.0840e+01  4.3379e+01  1.0000e+00
 1.8599e+00 -9.0964e+00  6.6532e-02  4.6787e+00 -2.3779e+01  2.8639e-01  2.4237e+01  1.0000e+00
 4.2816e-01  1.0600e+00  1.7229e-01 -1.0065e+01 -1.1454e+01  2.0457e+00  1.5384e+01  1.0000e+00
-1.7536e+00 -2.2056e+00 -9.9654e+00 -4.6528e+00 -6.3205e+00 -2.5292e+01  2.6482e+01  1.0000e+00
 8.1500e-01  2.4020e+00  2.0828e+00  4.6806e+00  8.6575e+00  8.7461e+00  1.3166e+01  1.0000e+00
-1.0166e-01  7.4286e-01  3.7366e-01 -5.2110e+00  7.9460e+00 -1.6074e+01  1.8672e+01  1.0000e+00
 4.9951e+00  3.3554e+00  7.0557e+00  1.8559e+01  1.0182e+01  2.5243e+01  3.2944e+01  1.0000e+00
-2.3718e-01  6.2552e-01  9.2714e-02  2.2227e+01 -7.4618e+00  1.3537e+01  2.7074e+01  1.0000e+00
 6.0720e+00 -7.6521e+00 -3.0761e+00  1.7271e+01 -1.9238e+01 -7.6000e+00  2.6947e+01  1.0000e+00
 3.4359e-02  4.3465e-01  2.1313e-01  1.0342e+01 -2.0214e+00  1.4664e+00  1.0640e+01  1.0000e+00
-4.3535e-01  8.0234e-01 -1.8633e-01  9.0795e+00  7.0455e+00  8.0880e+00  1.4053e+01  1.0000e+00
-1.0495e+01 -4.7442e+00 -3.3339e+00 -2.7878e+01 -1.2466e+01 -8.5686e+00  3.1717e+01  1.0000e+00
 5.5759e+00  2.8503e+00  5.2641e+00  1.3267e+01  7.9077e+00  1.4115e+01  2.0923e+01  1.0000e+00
-3.1028e-01  4.5252e-01  1.0555e-01  6.7746e+00  4.7852e-01  1.5769e+01  1.7170e+01  1.0000e+00
 4.1152e+00 -1.3575e+01 -1.0688e+00  1.1566e+01 -3.7183e+01 -2.9494e+00  3.9051e+01  1.0000e+00
-2.1690e-01  6.8407e-01  3.0669e-01 -9.2922e+00 -8.5384e+00 -3.4930e+00  1.3094e+01  1.0000e+00
-1.9155e+01 -1.8004e+00  2.8298e+01 -5.7011e+01 -5.5873e+00  8.4100e+01  1.0176e+02  1.0000e+00
 7.8374e+00 -1.3639e+01 -1.1053e+01  2.2116e+01 -3.7888e+01 -3.0863e+01  5.3639e+01  1.0000e+00
-1.1461e+00  1.0109e+00  5.0102e-01  4.1705e+00 -1.3673e+00  7.5761e-01  4.4538e+00  1.0000e+00
-8.1133e-01  1.3000e+00  4.1714e-01 -9.6800e+00  2.3122e+01  5.7642e+00  2.5721e+01  1.0000e+00
-5.4137e-02  5.6069e-01  5.1044e-01 -3.4253e+00 -1.6641e+01 -3.4728e+00  1.7341e+01  1.0000e+00
-4.8197e+00 -1.2295e+00 -3.6200e+00 -1.0865e+01 -1.6965e+00 -7.9196e+00  1.3551e+01  1.0000e+00
 1.3217e+00  1.1885e+00  7.1178e-02  2.4068e+00  2.8913e+00 -9.8747e-01  3.8894e+00  1.0000e+00
 9.1252e-02  7.7494e-01  1.3811e-02  4.1050e+00 -8.2083e+00 -5.7312e+00  1.0820e+01  1.0000e+00
-1.8380e-01 -1.0360e+01 -7.3338e+00  1.1068e+00 -2.7391e+01 -1.9202e+01  3.3469e+01  1.0000e+00
-8.0168e-03  2.9541e-01  3.6388e-01  7.0512e+00  1.8556e+00  5.0525e+00  8.8707e+00  1.0000e+00
-1.4757e-01  8.2428e-01  3.5410e-01 -6.4797e-01 -1.0678e+01 -2.1181e+01  2.3729e+01  1.0000e+00
 6.8162e-02  4.4096e-01  2.0910e-01 -5.2037e+00 -1.0443e+00 -7.3590e-01  5.3583e+00  1.0000e+00
 1.3308e-01  9.4379e-01 -4.8389e-01  4.8969e+00 -7.5639e-01  6.9714e+00  8.5529e+00  1.0000e+00
-9.6786e-02  6.6043e-01  2.5467e-01 -3.0531e+00 -7.5099e+00  8.0460e+00  1.1422e+01  1.0000e+00
-2.0067e+01 -2.3729e+01  1.0999e+01 -5.1415e+01 -6.2651e+01  2.9571e+01  8.6273e+01  1.0000e+00
-8.7408e-02  6.4712e-01  3.7780e-01 -3.8522e+00  2.3355e+01  2.8866e+00  2.3846e+01  1.0000e+00
-1.6302e+00  2.7654e+00 -1.3234e+00 -6.2829e+00  1.1247e+01 -4.5193e+00  1.3653e+01  1.0000e+00
-3.3975e-01  6.1764e-01  2.7304e-01  8.6088e+00 -1.9200e+01  1.9811e+00  2.1134e+01  1.0000e+00
-2.5945e-01  4.1897e-01  2.6777e-01 -9.8412e+00  5.5059e+00 -8.6932e+00  1.4239e+01  1.0000e+00
 2.9685e-01  4.3460e-01  3.3923e-01  4.5904e+00 -2.5906e-01  1.1988e+01  1.2840e+01  1.0000e+00
-4.6999e-01  4.9442e-01  2.2271e-01 -2.4171e+01  5.0884e+00  5.2563e+00  2.5254e+01  1.0000e+00
-1.4548e-01  5.2244e-01  6.4112e-01 -2.7624e+00 -8.5225e+00 -8.0199e+00  1.2024e+01  1.0000e+00
-6.1760e-02 -9.0929e+00  4.4008e+00 -2.1928e-01 -2.3909e+01  1.1214e+01  2.6409e+01  1.0000e+00
-1.1515e+01 -6.9674e+00 -4.1649e+00 -3.1785e+01 -1.8586e+01 -1.0952e+01  3.8415e+01  1.0000e+00
-1.4971e+00 -8.1083e-01 -5.2500e-01 -3.2592e+00  7.8340e+00  8.0162e-01  8.5227e+00  1.0000e+00
-2.0665e-01  5.9209e-01 -1.5925e-01  1.7785e+00  2.2642e+00  4.6404e-01  2.9163e+00  1.0000e+00
 1.4844e+01 -5.3401e+00 -9.1132e-01  4.0952e+01 -1.4567e+01 -2.2851e+00  4.3526e+01  1.0000e+00
-8.2980e-01  1.1311e+00  1.0027e-01 -4.6863e+00 -1.0690e+01  1.2843e+01  1.7354e+01  1.0000e+00
 1.5073e+02 -1.8677e+02  1.2271e+02  3.8386e+02 -4.7418e+02  3.0947e+02  6.8408e+02  1.0000e+00
-3.4640e-01  7.7032e-01  2.3942e-01  1.3230e+01  2.3782e+01 -1.1509e+01  2.9547e+01  1.0000e+00
-6.9978e-01  9.8778e-01 -3.5516e-02 -5.4818e+00  4.5345e+00  8.3346e+00  1.0958e+01  1.0000e+00
-4.8963e-02  5.1443e-01  2.6311e-01  9.4503e+00 -1.9972e+00  6.7319e+00  1.1774e+01  1.0000e+00
 8.4021e+00  6.8279e+00  5.8406e-01  2.1835e+01  1.7478e+01  1.9026e+00  2.8033e+01  1.0000e+00
-6.3093e+00 -1.7247e+00  3.2387e+00 -1.9734e+01 -4.6747e+00  1.1028e+01  2.3085e+01  1.0000e+00
 2.0814e+00 -1.1347e+01  6.4480e-01  5.3296e+00 -2.9909e+01  1.2450e+00  3.0405e+01  1.0000e+00
 1.3071e-01  6.2800e-01  7.1931e-01  8.8661e+00 -2.7356e+00  6.5940e+00  1.1383e+01  1.0000e+00
 5.8131e-01  5.3363e+00 -8.1880e+00  1.3257e+00  1.3558e+01 -2.1285e+01  2.5271e+01  1.0000e+00
-1.9775e+01  6.6487e+00  7.2457e+00 -6.8673e+01  2.3112e+01  2.5028e+01  7.6658e+01  1.0000e+00
-7.2294e-02  5.9033e-01  2.2913e-01 -1.7603e+00  2.4515e+01  2.1655e+00  2.4673e+01  1.0000e+00
-3.0386e-01  4.5167e-01  2.1198e-01  1.2646e+01 -2.1296e+01 -1.7913e+01  3.0566e+01  1.0000e+00
-4.6627e-01  9.5421e-01 -1.3597e-02  5.8896e+00  1.1266e+00  1.2911e+01  1.4236e+01  1.0000e+00
 1.4388e+00  2.7213e-01 -5.5398e-01  7.1940e+00 -2.1724e+00 -2.0141e+00  7.7800e+00  1.0000e+00
 1.1299e+00 -1.1478e+01  9.1124e+00  2.9731e+00 -3.1418e+01  2.4979e+01  4.0248e+01  1.0000e+00
 4.9265e+00 -9.1267e+00  3.7625e+00  2.3643e+01 -4.4387e+01  1.7331e+01  5.3193e+01  1.0000e+00
-1.6587e-01  7.1342e+00  9.9644e-01 -3.3190e+00  1.6859e+01  3.1773e+00  1.7474e+01  1.0000e+00
-1.4564e-01  1.2565e+00  4.4754e-02  8.0595e+00  4.5209e+00  8.1643e+00  1.2331e+01  1.0000e+00
 2.1913e+00 -9.7766e-01  5.7067e-01 -2.8143e+00  2.3277e+00  5.3872e-01  3.6917e+00  1.0000e+00
-2.1599e-01  6.3600e-01  1.2388e-01  1.1768e+01  5.2227e+00 -9.1834e-01  1.2907e+01  1.0000e+00
 6.1895e+00 -2.2391e+00  3.4390e+00  1.5268e+01 -3.9612e+00  7.9148e+00  1.7648e+01  1.0000e+00
-7.3206e-01  1.0708e+00  1.6312e-01 -6.4264e+00  2.6983e+00  2.8747e+00  7.5395e+00  1.0000e+00
-6.5773e-02  5.6528e-01  2.5385e-02 -1.1352e+01  1.1951e+01  2.3814e+00  1.6654e+01  1.0000e+00
-6.1276e-02  7.4566e-01  6.4901e-02  1.0170e+01  1.8927e+01 -6.0045e+00  2.2309e+01  1.0000e+00
-2.5052e+00 -2.1546e+00 -1.2478e+01 -6.4570e+00 -5.4775e+00 -3.3461e+01  3.4516e+01  1.0000e+00
-1.2682e+00 -6.2760e-01  3.1568e+00 -1.5656e+00 -6.2767e-01  6.6765e+00  6.8863e+00  1.0000e+00
 1.5066e+01 -3.7657e-01 -3.3404e+00  4.1509e+01 -7.4619e-01 -8.6502e+00  4.2407e+01  1.0000e+00
-4.4484e-01  8.7888e-01 -4.2242e-01 -6.5167e-01 -8.0675e+00 -3.9011e+00  8.9849e+00  1.0000e+00
 5.2323e+00 -7.6242e-01  1.3733e+01  1.4618e+01 -2.7085e+00  3.8139e+01  4.0934e+01  1.0000e+00
-2.8807e-02  6.5314e-01  1.5150e+00  1.7255e+00  1.2744e+00 -3.8728e+00  4.4272e+00  1.0000e+00
 2.7302e-01  1.3119e+00 -2.5456e-01  1.4475e+01  5.4555e+00  1.0187e+01  1.8522e+01  1.0000e+00
-6.1023e+00  1.0315e+00  9.8261e+00 -1.5748e+01  2.6973e+00  2.6084e+01  3.0588e+01  1.0000e+00
-7.3258e-01  5.7988e+00 -9.2702e-02 -4.2375e+00  9.6235e+00 -1.0186e+00  1.0564e+01  1.0000e+00
-1.5205e-01  7.2964e-01  1.3453e-01 -5.5937e+00 -3.9884e+00 -2.0201e+01  2.1337e+01  1.0000e+00
 8.0202e-01  2.4026e+01  1.5820e+01  2.8325e-01  6.3536e+01  4.0518e+01  7.5357e+01  1.0000e+00
-3.9790e+00  3.5433e+00 -1.6091e+00 -7.7488e+00  6.7099e+00 -1.4229e+00  1.0348e+01  1.0000e+00
 3.6203e-01  3.8086e-01  4.1899e-01  2.1914e+01  3.5270e+00 -1.5751e+00  2.2251e+01  1.0000e+00
 1.1983e-01  6.1215e-01 -2.0997e-01 -7.1895e+00  5.7252e+00  2.2140e+01  2.3971e+01  1.0000e+00
-2.0272e-01  1.3775e+00  3.3493e-01 -2.6162e+00 -1.0537e+01 -8.1225e+00  1.3559e+01  1.0000e+00
 3.9599e-02  9.9128e-01  1.2452e-01 -2.5229e+00 -8.5208e+00  1.5525e+01  1.7888e+01  1.0000e+00
-2.3916e-01  4.5595e-01  1.2503e-01 -2.0240e+01  7.8856e+00  7.8680e+00  2.3103e+01  1.0000e+00
-2.6881e+00 -5.4538e-02  3.5935e+00 -2.7058e+00  9.6902e-01  5.0954e+00  5.8501e+00  1.0000e+00
-2.7540e-01  9.0049e-01  2.8939e-01  1.9861e+00  6.4676e+00  2.0288e+00  7.0633e+00  1.0000e+00
-7.1018e+00  5.9691e+00  2.1894e+00 -2.7461e+01  2.2922e+01  7.3486e+00  3.6518e+01  1.0000e+00
-2.1007e-01  4.5923e-01  1.2963e-01  1.6720e+01  1.1260e+01  6.7937e+00  2.1272e+01  1.0000e+00
 2.3931e-01  3.2487e-01  5.4167e-01 -8.5882e+00  3.1588e-01 -3.3178e+00  9.2122e+00  1.0000e+00
-8.7038e-02  7.8845e-01  1.0507e-01  6.7160e+00  1.5643e+01 -5.3978e+00  1.7859e+01  1.0000e+00
-2.4795e-01  1.1052e+00  2.4313e-01 -1.3773e+00  5.6475e-01  1.7989e+01  1.8050e+01  1.0000e+00
 5.0480e+00 -8.6389e+00 -4.2629e+00  1.3325e+01 -2.1956e+01 -1.1244e+01  2.8037e+01  1.0000e+00
-1.1055e+00  1.0605e+00  5.7092e-01  1.1693e+01  1.5375e+00 -4.7480e+00  1.2714e+01  1.0000e+00
 6.4822e+00  1.7178e+00 -1.4923e+01  1.7892e+01  5.2751e+00 -3.8278e+01  4.2581e+01  1.0000e+00
-1.1150e+00  6.0823e+00 -4.0475e+00 -2.6514e+00  1.4321e+01 -8.1299e+00  1.6680e+01  1.0000e+00
-1.2954e+01 -4.6293e+00  3.0885e+00 -3.5789e+01 -1.2238e+01  8.4821e+00  3.8763e+01  1.0000e+00
 1.6129e+01 -1.5660e+00 -6.6497e+00  4.5256e+01 -4.3094e+00 -1.8379e+01  4.9035e+01  1.0000e+00
 6.2263e+00 -3.4324e+01  2.1254e+01  1.7616e+01 -9.7729e+01  6.0756e+01  1.1642e+02  1.0000e+00
-3.1359e-01  7.7716e-01  6.0336e-02 -6.4660e+00 -1.0710e+01 -1.5683e+01  2.0061e+01  1.0000e+00
 1.0017e-01  5.6265e-01 -1.7524e-01  4.4724e-02  4.6209e-01 -8.3768e+00  8.3897e+00  1.0000e+00
-5.2970e-02  4.1698e-01  1.2275e-03 -1.1344e+01 -3.9561e-01 -2.7712e-01  1.1355e+01  1.0000e+00
-1.2121e+00  5.6035e-01  7.3529e-01  2.7418e-01 -1.0963e+00 -1.0478e+00  1.5411e+00  1.0000e+00
-8.0535e+00 -4.1550e+00 -4.1195e+00 -2.1271e+01 -9.7791e+00 -1.0920e+01  2.5833e+01  1.0000e+00
-9.3864e-01  2.8171e-01 -2.8296e-01 -4.3450e-01 -3.3505e+00  4.9405e+00  5.9853e+00  1.0000e+00
-4.8810e-01  5.2541e-01 -7.2127e-01  6.0545e+00  6.7330e+00 -1.2115e+01  1.5125e+01  1.0000e+00
-1.5044e-01  5.9635e-01 -6.5710e-02 -4.9420e+00  2.8286e+00 -1.1483e+01  1.2818e+01  1.0000e+00
-1.1894e-01  6.5677e-01  2.9581e-01 -2.3544e+01 -3.1631e+00 -5.3181e+00  2.4343e+01  1.0000e+00
 2.2952e+00 -2.4440e+00 -2.8473e+00  3.8350e+00 -2.6287e+00 -3.3951e+00  5.7571e+00  1.0000e+00
-7.4651e-02  4.1103e-01  2.8634e-01 -1.0900e+01  3.5186e-01 -2.0761e+00  1.1101e+01  1.0000e+00
-1.7369e-01  5.9788e-01  7.6782e-02  3.6359e-01 -1.9690e+01 -7.2105e+00  2.0972e+01  1.0000e+00
 5.4887e+00 -6.5201e+00 -8.1411e+00  1.4380e+01 -1.7734e+01 -2.1067e+01  3.1066e+01  1.0000e+00
 1.5734e-01  6.4944e-01  7.6154e-01 -1.2125e+01 -2.8474e+00 -1.8108e+00  1.2586e+01  1.0000e+00
-3.7667e-01  9.8385e-01  2.6349e-01  7.3269e+00 -3.4507e+00 -1.3522e+01  1.5762e+01  1.0000e+00
-7.5868e-01  1.3119e+00  6.4368e-01  2.0850e+00  2.8814e+00 -5.7610e-01  3.6030e+00  1.0000e+00
-6.3866e-01  5.6030e-01  1.2089e+00  2.7593e+00 -7.3877e+00 -9.1659e+00  1.2092e+01  1.0000e+00
 2.9283e+00 -1.0647e+00 -1.9317e+00  3.1990e+01 -1.6450e+01 -2.1059e+01  4.1683e+01  1.0000e+00
-1.0624e-01  6.0754e-01  1.8839e-01  8.1033e+00 -2.5041e+00 -8.9790e+00  1.2351e+01  1.0000e+00
-7.8301e-01  9.7677e-01  1.8015e-01 -2.3197e+01  6.0501e+00 -5.6499e+00  2.4630e+01  1.0000e+00
-1.5104e+01  3.6602e+00  7.4104e+00 -6.0340e+01  1.4476e+01  2.9793e+01  6.8834e+01  1.0000e+00
-1.4190e-01  1.0355e+00  1.0415e-01  4.2887e+00  1.0930e+01 -1.6845e+00  1.1861e+01  1.0000e+00
 7.5362e+00  5.2198e+00 -7.3371e-01  1.8365e+01  1.3738e+01 -1.0776e+00  2.2961e+01  1.0000e+00
-1.8232e-01  1.0942e+00 -1.6720e-02 -6.4234e+00  4.0143e+00  2.5225e+00  7.9836e+00  1.0000e+00
 2.7120e-01  5.6707e-01  6.5977e-01 -1.8288e-01 -4.2458e+00  4.9422e+00  6.5181e+00  1.0000e+00
-2.2182e-01  8.5442e-01  2.4726e-01  2.0187e+01 -5.2928e+00 -6.9069e+00  2.1983e+01  1.0000e+00
 1.3304e+00  7.1841e+00 -1.1019e-01  4.2152e+00  1.6067e+01 -1.4901e+00  1.6677e+01  1.0000e+00
-1.5030e+02  1.8635e+02 -1.2431e+02 -3.7964e+02  4.7214e+02 -3.1702e+02  6.8377e+02  1.0000e+00
 4.1381e-01  1.5404e+00  6.4635e-01 -5.7361e+00  7.2883e+00  3.1200e+00  9.7855e+00  1.0000e+00
-4.9737e-01  6.5315e-01  2.2955e-01  1.5204e-01 -2.8509e+00  1.4150e+00  3.1864e+00  1.0000e+00
 2.5958e-01 -5.2844e-01  2.5272e-01 -1.6329e+00  1.7693e+00  2.6745e-01  2.4224e+00  1.0000e+00
-4.1366e-01  6.7809e-01 -2.7267e-01  1.3693e+00  1.1016e+00 -1.3196e+01  1.3312e+01  1.0000e+00
-4.2294e-01  5.3124e-01  9.1130e-02 -1.8073e+01  7.6414e+00  1.8759e+01  2.7146e+01  1.0000e+00
 5.2045e+00 -7.6721e+00 -7.3134e+00  1.2478e+01 -2.3528e+01 -1.6842e+01  3.1510e+01  1.0000e+00
 2.3540e+00 -5.2055e-01  8.8701e-02  4.3951e+00 -1.1834e-01  1.5165e+00  4.6508e+00  1.0000e+00
-1.9302e+00  3.7920e-02  1.9080e+00 -1.3872e+00  5.4587e-01  5.4199e+00  5.6211e+00  1.0000e+00
-4.8579e-02  5.6533e-01  3.5256e-01  1.3849e+01 -8.9869e+00 -1.1212e+01  1.9957e+01  1.0000e+00
-1.1261e+01  5.9911e-01  9.5834e+00 -3.0832e+01  2.2833e+00  2.6669e+01  4.0829e+01  1.0000e+00
-3.2329e-01  8.5619e-01  5.8112e-01 -1.1856e+01  5.0133e-01 -3.3140e+00  1.2321e+01  1.0000e+00
-3.6559e-01  6.4706e-01  1.5160e-01 -1.8449e+00 -7.3259e-01  9.6358e+00  9.8381e+00  1.0000e+00
-7.6089e+00  6.8651e+00 -1.2254e+01 -2.0887e+01  1.9282e+01 -3.3742e+01  4.4120e+01  1.0000e+00
 1.2853e+01 -8.8110e+00  3.5316e+00  3.5356e+01 -2.3959e+01  9.8673e+00  4.3834e+01  1.0000e+00
 7.0206e+00 -4.3046e+00  7.7635e+00  1.8085e+01 -1.1140e+01  2.0712e+01  2.9667e+01  1.0000e+00
 2.9932e-01  6.4639e-01  3.8982e-01  1.2055e+01  4.0613e+00  2.2075e+01  2.5478e+01  1.0000e+00
-1.4748e-01  4.8055e-01  8.2699e-02 -4.1176e+00 -1.7655e+00  6.2740e+00  7.7094e+00  1.0000e+00
-2.0620e-01  7.1611e-01  1.9372e-01  1.4127e+01 -1.3004e+01 -1.4949e+01  2.4333e+01  1.0000e+00
-5.7752e+00  1.0119e+00  1.9965e+00 -1.2312e+01  1.0902e+00  3.4960e+00  1.2845e+01  1.0000e+00
-5.8494e-02  4.4437e-01  2.9662e-01  9.2166e+00  1.5315e+01 -1.1820e+01  2.1429e+01  1.0000e+00
 3.8641e-02  2.7937e-01  1.6505e-01  6.6583e-01  1.3342e+01  1.2790e+01  1.8494e+01  1.0000e+00
-1.8824e-01  7.1758e-01  2.5299e-01 -2.3565e+01 -8.7855e+00 -1.5850e+01  2.9727e+01  1.0000e+00
-1.6794e-01  7.5943e-01  8.7140e-03  3.3151e+00 -1.2503e+01  4.2458e+00  1.3614e+01  1.0000e+00
-5.2201e+00  4.8309e+00 -4.3702e+00 -1.2481e+01  1.3675e+01 -1.0441e+01  2.1256e+01  1.0000e+00
 1.4213e-01  1.2516e+00  4.7126e-01 -1.1942e+01  6.9544e+00 -3.9878e+00  1.4383e+01  1.0000e+00
-3.9423e+00  2.5177e+00 -9.7159e+00 -1.0468e+01  6.5781e+00 -2.5210e+01  2.8078e+01  1.0000e+00
-1.0257e+00  6.5051e+00  2.9173e+00 -5.7241e+00  1.4204e+01  4.7168e+00  1.6024e+01  1.0000e+00
-1.2161e+01 -2.7714e+00 -3.5491e+00 -3.3801e+01 -6.9491e+00 -8.6580e+00  3.5577e+01  1.0000e+00
-1.7341e+00  6.7566e-01  3.4092e-01 -4.7992e+00 -2.3655e+00  3.4410e+00  6.3615e+00  1.0000e+00
-5.6437e-02 -1.7692e-01 -2.3765e+00 -2.1419e-03 -1.4141e+00 -7.0525e+00  7.1929e+00  1.0000e+00
 2.1211e-01  8.3286e-01  3.4394e-01 -4.7087e-01  7.9855e+00  1.9988e+01  2.1529e+01  1.0000e+00
-3.1292e-01  6.0381e-01 -2.0255e-01  1.9273e+01  9.6426e-01  1.8043e-01  1.9298e+01  1.0000e+00
-2.5554e-01  8.8044e-01 -6.8105e-01  1.2842e+00  1.8042e-01 -5.7334e+00  5.8783e+00  1.0000e+00
-7.1917e-02  4.4487e-01  1.6190e-01  1.2174e+01  1.9854e+01 -8.7767e+00  2.4888e+01  1.0000e+00
-4.0988e-01  5.0214e-01  5.0175e-01  1.7583e+01  2.0693e+01 -1.1583e+01  2.9522e+01  1.0000e+00
 2.5899e+00 -1.4197e+00  9.6568e-01  3.7347e+00 -4.2549e-01 -5.0956e+00  6.3320e+00  1.0000e+00
-2.3086e-01  3.8168e-01  2.3844e-01  3.2650e+00  2.4692e+01  9.7402e+00  2.6744e+01  1.0000e+00
-1.1908e-01  6.9436e-01  1.8158e-01  1.6321e+01 -2.0141e+01  2.2172e+01  3.4112e+01  1.0000e+00
-1.6000e+01  1.8103e+01 -1.1091e+01 -4.2002e+01  4.4275e+01 -2.6680e+01  6.6606e+01  1.0000e+00
 7.7866e-02  3.3413e-01 -1.7603e+00  1.1958e+00  1.9461e+00 -3.6549e+00  4.3099e+00  1.0000e+00
 2.3963e+00  1.5673e+00 -8.5412e-01 -1.3243e+00  5.8218e+00 -2.7796e-01  5.9770e+00  1.0000e+00
-2.0547e+00 -3.6220e-01 -1.5705e+00 -2.1601e+01 -1.1870e+01 -2.1985e+01  3.3028e+01  1.0000e+00
-2.5456e-01  4.6720e-01  4.3860e-01 -1.5572e+00 -4.6108e+00 -4.6655e+00  6.7417e+00  1.0000e+00
-3.0700e-01 -8.8490e+00 -4.7381e+00 -6.3393e-01 -2.2396e+01 -1.2714e+01  2.5761e+01  1.0000e+00
-1.7576e-01  4.7265e-01 -5.2108e-02 -1.3764e+00 -8.2200e+00  3.2199e+00  8.9349e+00  1.0000e+00
 5.1739e+00 -7.6861e+00 -7.3366e+00  1.5298e+01 -1.6726e+01 -2.1576e+01  3.1294e+01  1.0000e+00
 4.0520e-02  7.7038e-01  1.6691e-01 -1.4938e+01  4.7312e+00 -4.8846e-01  1.5677e+01  1.0000e+00
-3.7156e-01  8.2527e-01  2.5685e-01  5.6439e-01 -8.1810e+00  1.0057e+01  1.2977e+01  1.0000e+00
 3.8949e-01  5.9748e+00  2.6193e+00  2.7309e+00  1.3344e+01  4.7175e+00  1.4415e+01  1.0000e+00
 2.5529e+00 -5.3866e+00  8.4282e+00  7.0427e+00 -1.3897e+01  2.1992e+01  2.6952e+01  1.0000e+00
-1.2674e-01  3.8549e-01  3.7321e-01  1.0496e+01  2.1655e+00  1.6414e+01  1.9602e+01  1.0000e+00
-3.2681e+00  2.2577e+00 -6.4411e-01 -4.3831e+01  2.4072e+01 -1.0244e+01  5.1045e+01  1.0000e+00
-3.4928e-01  7.3405e-01  3.0308e-01 -7.8508e-01  1.1528e+00 -1.9891e+00  2.4294e+00  1.0000e+00
-5.3829e-01  8.9772e-01 -1.7062e-02  1.3197e+01  5.1236e+00  5.0039e+00  1.5015e+01  1.0000e+00
-6.5395e+00 -2.1802e+00  4.1299e+00 -1.6191e+01 -5.3865e+00  8.8575e+00  1.9225e+01  1.0000e+00
 2.2856e-02  2.8631e-01  6.8085e-01  6.4659e+00 -3.5919e-01 -7.0355e+00  9.5622e+00  1.0000e+00
-1.6135e-01  4.8245e-01 -8.8501e-02  6.0252e+00  1.4694e+01 -1.1241e+01  1.9457e+01  1.0000e+00
 9.6821e+00 -1.2529e+01 -9.7261e-01  2.7046e+01 -3.4344e+01 -2.8101e+00  4.3805e+01  1.0000e+00
-1.3897e-01  1.2459e+00 -3.6759e-02 -2.3932e+00 -5.1996e+00  8.5751e+00  1.0310e+01  1.0000e+00
-1.5307e+00  9.6283e-01  7.1277e-01  1.0286e+01  4.5366e+00 -7.8362e+00  1.3703e+01  1.0000e+00
 2.5424e-01  7.6207e-01  2.0474e-01  2.6699e+00  1.3986e+01 -7.6899e+00  1.6182e+01  1.0000e+00
-4.3513e-01  6.8554e-01  4.7507e-01 -1.8416e+01 -1.2706e+01  6.2839e+00  2.3240e+01  1.0000e+00
 1.8707e+00 -1.2035e+00  3.2273e-01 -1.9310e+00  1.5652e+00  3.5851e-01  2.5114e+00  1.0000e+00
-2.7204e-01  7.3481e-01  5.8224e-01 -3.7603e+00  3.3348e+00 -9.6872e-01  5.1186e+00  1.0000e+00
-1.3407e-01  1.4228e+00 -4.6756e-01  8.6336e+00  9.3653e+00 -3.0546e+00  1.3099e+01  1.0000e+00
-3.4581e+00 -1.3682e+00 -8.6732e-01 -9.0726e+00 -2.7505e+00 -1.4810e+00  9.5953e+00  1.0000e+00
-2.8185e-01  4.6173e-01 -7.6194e-02  5.4978e+00 -5.0055e-01 -1.0641e+00  5.6222e+00  1.0000e+00
-4.2936e-01  1.0375e+00  2.2104e-01  1.0855e+01  3.9406e-01  7.5561e+00  1.3232e+01  1.0000e+00
-2.5570e-01  7.8991e-01  3.0590e-01 -8.5528e+00 -1.3846e+01  1.9573e+01  2.5455e+01  1.0000e+00
-4.4113e-02  8.5159e-01  8.4142e-02  4.1979e+00 -4.8489e+00 -3.5406e+00  7.3260e+00  1.0000e+00
-1.4160e-01  8.7163e-01  3.4162e-01  1.6302e+01 -1.0301e+01  3.9309e+00  1.9681e+01  1.0000e+00
-7.0678e-01  4.4217e-01 -1.9000e-01 -6.1237e+00  9.1853e+00  6.9725e+00  1.3057e+01  1.0000e+00
 8.1400e-02 -2.3885e-01 -7.6958e-03 -1.8341e+00 -1.0636e+00 -2.8470e+00  3.5497e+00  1.0000e+00
 2.1465e-01  6.0537e-01  3.3861e-02  1.6383e+00  1.7744e+01 -1.5067e+00  1.7883e+01  1.0000e+00
-1.0445e+01  8.6459e+00  3.8723e+00 -8.1437e+01  6.5274e+01  3.0781e+01  1.0881e+02  1.0000e+00
 3.5746e-01  9.1499e-01 -4.7812e-01 -1.5393e+01  5.7884e+00  3.8301e+00  1.6886e+01  1.0000e+00
 1.4031e-02  8.5787e-01  2.8023e-01 -2.0414e+01 -8.7158e+00  3.1158e+00  2.2414e+01  1.0000e+00
-4.5731e+01  1.7648e+00  4.0884e+01 -2.4181e+02  7.3671e+00  2.1773e+02  3.2547e+02  1.0000e+00
-1.1039e-02  7.9432e-01  1.7814e-01  7.7716e+00  9.6070e+00  1.2511e+01  1.7585e+01  1.0000e+00
-2.1594e-01  8.4535e-01 -4.6157e-02 -1.1430e+01 -2.5438e+01  1.5004e+01  3.1668e+01  1.0000e+00
-7.0739e-02  4.8411e-01  1.5144e-01 -3.7708e+00  9.1187e+00 -2.5794e+00  1.0199e+01  1.0000e+00
-2.0783e+00  3.1943e+00  8.0902e+00 -4.4929e+00  6.3263e+00  1.6722e+01  1.8434e+01  1.0000e+00
 4.4066e+00  1.4581e+00  8.8775e-01  6.0309e+00  3.4728e+00  2.2351e+00  7.3095e+00  1.0000e+00
 5.7349e+00 -3.2153e+00 -4.9552e+00  1.3829e+01 -8.4576e+00 -1.1743e+01  2.0017e+01  1.0000e+00
-4.1349e-01  6.9604e-01  2.2765e-01  2.3479e+01  4.2537e-01  5.0474e+00  2.4019e+01  1.0000e+00
 7.6799e+00 -7.8816e+00 -1.1701e+01  2.1463e+01 -2.1590e+01 -3.1786e+01  4.4013e+01  1.0000e+00
-7.9586e-02  8.5612e-01  2.9599e-01 -9.5398e+00  5.0182e+00 -1.4739e+00  1.0880e+01  1.0000e+00
-3.4465e-01  9.3029e-01  2.6828e-01  3.0672e+00  5.2240e+00  5.7836e+00  8.3754e+00  1.0000e+00
-2.1833e-01  6.2170e-01  5.4732e-02  1.7400e+00  1.4394e+01  7.7916e+00  1.6460e+01  1.0000e+00
-1.6257e+00 -1.8486e+00 -2.1133e+00 -2.5468e+01 -4.2502e+01 -3.9095e+01  6.3115e+01  1.0000e+00
-1.0734e-01  1.1116e+00  2.0648e-01 -8.7400e+00  5.7002e+00  5.9444e-01  1.0451e+01  1.0000e+00
-9.2106e-01  2.3269e-01  3.6621e-01 -9.2762e+00 -1.7788e+00 -6.0549e+00  1.1219e+01  1.0000e+00
-5.5658e-02  4.0324e-01  5.3943e-01  4.7085e+00 -4.7007e+00 -1.0953e+01  1.2815e+01  1.0000e+00
-3.3173e-01  3.6853e-01  5.0313e-01 -6.4145e+00 -1.7328e-02  5.0117e+00  8.1402e+00  1.0000e+00
-1.6857e+00  1.1540e+00  1.4363e+00  1.0341e+00 -1.4928e+00  1.5305e+00  2.3749e+00  1.0000e+00
-3.1137e-01  6.6143e-01  4.2475e-01 -1.6033e+01  9.5905e+00  3.2713e+01  3.7672e+01  1.0000e+00
-2.1800e+00  2.9913e+00  8.7847e+00 -4.6696e+00  8.0629e+00  2.2113e+01  2.3995e+01  1.0000e+00
-1.1426e+00 -2.4907e-01 -6.7042e-01 -1.4413e+00 -3.9340e+00  8.0543e+00  9.0788e+00  1.0000e+00
-6.6495e-02  8.4987e-01  8.2398e-02 -2.6183e+00  3.1755e+00 -4.2986e+00  5.9513e+00  1.0000e+00
-2.7125e-01  9.6764e-01  6.7277e-02  2.7368e+00 -1.2559e+01 -2.1073e+00  1.3025e+01  1.0000e+00
-7.0425e-01  2.2123e+00  2.0743e+00  4.1690e+00  7.5090e-01 -1.0990e+00  4.3763e+00  1.0000e+00
 6.0384e+00 -1.5154e+01  2.6544e+01  1.5619e+01 -3.9427e+01  7.0940e+01  8.2649e+01  1.0000e+00
 1.1275e+01  2.1652e+00  1.0564e+01  3.0939e+01  5.8548e+00  2.9385e+01  4.3069e+01  1.0000e+00
 4.2276e-01  4.9889e-01  2.4349e-01 -2.0363e+01  1.3991e+01  4.9385e+00  2.5195e+01  1.0000e+00
-2.1517e-01  9.8281e-01  4.9057e-01 -8.5441e+00  1.1423e+01  1.1908e+01  1.8581e+01  1.0000e+00
-2.6820e-01  6.2211e-01  2.2242e-01  2.2940e+01  6.0054e+00 -1.2299e+01  2.6713e+01  1.0000e+00
-3.0061e+00  1.8790e+00  1.1917e+01 -8.1298e+00  5.6073e+00  3.2079e+01  3.3565e+01  1.0000e+00
-7.9759e+00 -1.8936e+00 -7.7462e+00 -2.0748e+01 -2.5887e+00 -1.9226e+01  2.8405e+01  1.0000e+00
-3.0275e-01  5.0967e-01  4.0875e-01  2.2810e+00 -3.1211e+01 -2.0889e+00  3.1364e+01  1.0000e+00
-3.9744e+00 -6.3723e+00 -6.5303e-01 -1.2503e+01 -2.2758e+01 -1.3476e+00  2.6002e+01  1.0000e+00
-1.3562e+00 -3.6042e-01  5.9116e-01 -5.7731e+00 -7.7135e+00  3.1523e+00  1.0137e+01  1.0000e+00
-4.7422e-02  5.2028e-01  2.4912e-01  7.5256e+00  1.2401e+01 -5.1080e+00  1.5379e+01  1.0000e+00
-1.2849e+00 -7.0978e-01 -1.0247e-01 -8.6879e+00 -6.5827e+00 -7.2541e-01  1.0924e+01  1.0000e+00
-2.6363e-01  5.6831e-01 -3.8593e-02 -1.2018e+01  3.7378e+00  7.4983e+00  1.4650e+01  1.0000e+00
-2.7967e-01  3.3176e-01  1.6616e-01  1.0445e+01 -5.5825e-01  1.8673e+00  1.0625e+01  1.0000e+00
-4.1072e+00  1.2858e+01 -1.6895e+00 -1.0913e+01  3.4820e+01 -4.3701e+00  3.6751e+01  1.0000e+00
 3.0601e+00  4.2393e-01  2.5862e+00  4.2933e+00  4.1553e+00  7.2059e+00  9.3607e+00  1.0000e+00
-7.7835e+00 -3.3397e-01 -1.9736e+00 -1.8733e+01  3.3198e-01 -5.0144e+00  1.9395e+01  1.0000e+00
 1.7557e-01  1.0608e+00 -1.3968e+00  7.1220e+00  4.3264e+00 -1.1949e+01  1.4568e+01  1.0000e+00
-6.3220e+00 -2.6284e+00  4.2854e+00 -1.4542e+01 -5.3793e+00  1.0744e+01  1.8864e+01  1.0000e+00
-3.2751e-01  8.6889e-01 -8.1412e-02 -9.8245e+00  7.9250e+00 -8.2327e+00  1.5070e+01  1.0000e+00
 1.4984e+01  5.3640e+00  1.2714e+00  4.1042e+01  1.5021e+01  3.3694e+00  4.3834e+01  1.0000e+00
 5.5370e+00  7.8316e+00  9.1060e-01  1.4595e+01  1.9867e+01  3.1426e+00  2.4851e+01  1.0000e+00
-1.1702e+01 -7.1641e+00 -4.4042e+00 -3.2363e+01 -1.9173e+01 -1.2352e+01  3.9592e+01  1.0000e+00
-6.3864e-01 -9.9456e-01 -4.8472e-01 -4.5195e+00  5.4753e+00  6.2033e+00  9.4279e+00  1.0000e+00
-1.1603e+01 -3.6426e-01 -3.0213e+00 -3.1226e+01 -4.3546e-01 -8.2410e+00  3.2298e+01  1.0000e+00
-2.1594e-01  8.1231e-01  9.0980e-01  3.6944e+00 -1.8616e+00 -1.1242e+01  1.1979e+01  1.0000e+00
-3.1304e-01  4.5049e-01  3.5141e-01  6.0874e+00 -1.9775e+01  1.1078e+01  2.3470e+01  1.0000e+00
-2.5175e+00  9.4409e+00 -3.7622e+00 -6.0334e+00  2.5044e+01 -9.1215e+00  2.7328e+01  1.0000e+00
 1.1502e+01  9.5631e+00 -7.2788e+00  4.7353e+01  3.8325e+01 -2.9569e+01  6.7715e+01  1.0000e+00
-6.6019e-02  6.5620e-01  3.7987e-02 -1.0146e+01 -2.5466e+01  1.0261e+01  2.9270e+01  1.0000e+00
-1.2218e+00  6.6285e-03 -2.8644e+00  2.3140e-01  2.8825e+00 -1.7988e+00  3.4055e+00  1.0000e+00
-5.3653e-01  9.5116e-01 -8.3469e-02 -5.0771e-01  1.5274e+01 -1.8955e+00  1.5399e+01  1.0000e+00
 2.6164e+00 -2.4366e+00 -1.1313e+00  5.5788e+00 -3.6814e+00  3.1555e+00  7.3914e+00  1.0000e+00
 1.3203e-01 -9.3736e-03  4.2455e-01  1.3813e+01 -1.8159e+01  4.8075e+00  2.3316e+01  1.0000e+00
-9.6623e-01  2.7516e-01  6.7668e-01 -7.7117e+00  4.0808e+00  1.0028e+01  1.3292e+01  1.0000e+00
-8.7831e+00 -4.3909e+00 -1.5347e+01 -2.4942e+01 -1.2666e+01 -4.4076e+01  5.2204e+01  1.0000e+00
-1.5831e+01 -5.3774e+00 -5.0325e-01 -4.4044e+01 -1.4320e+01 -1.5432e+00  4.6339e+01  1.0000e+00
 1.8788e+00 -2.2952e+00 -3.0930e+00  5.2657e+00 -1.9457e+00 -5.0479e+00  7.5495e+00  1.0000e+00
 1.6078e+01  2.6812e+00 -1.6372e+00  4.4264e+01  7.9734e+00 -4.7476e+00  4.5226e+01  1.0000e+00
-1.5971e-01  5.5340e-01  3.5586e-01 -7.4288e+00  2.2459e+01  1.4763e+01  2.7885e+01  1.0000e+00
-2.7877e-01  7.2982e-01  3.1740e-01 -1.3832e+01 -4.9751e-01 -1.5484e+01  2.0768e+01  1.0000e+00
-2.4824e-01  6.8922e-01  5.5161e-01  1.3254e+01  5.4929e+00 -6.3237e+00  1.5679e+01  1.0000e+00
 7.9100e-01 -9.2406e-02  4.5133e-01  7.8776e+00 -3.7234e-01  1.5703e+00  8.0412e+00  1.0000e+00
-1.5173e-01  6.4726e-01  3.4140e-01  1.4640e+01 -1.0286e+00  6.3996e+00  1.6011e+01  1.0000e+00
 5.3551e-01  2.0526e-01 -2.4822e-01 -5.8382e+00 -1.2868e-01  5.7429e+00  8.1904e+00  1.0000e+00
-1.6961e-01  7.3170e-01  5.6413e-01  7.5932e+00 -2.7025e+00  7.2543e+00  1.0844e+01  1.0000e+00
-6.7757e+00  5.8127e+00 -1.1716e+00 -1.6812e+01  1.4184e+01 -2.3233e+00  2.2119e+01  1.0000e+00
-3.4387e-02  5.1709e-01 -4.2155e-02 -1.3313e+01 -3.5131e+00  1.0300e+01  1.7195e+01  1.0000e+00
-7.1435e+00 -2.1231e+00 -9.8884e-03 -1.6322e+01 -5.0049e+00 -4.3528e-01  1.7077e+01  1.0000e+00
 8.6779e-03  1.1489e+00 -2.0262e-01  9.2744e-01  1.1033e+01 -1.4222e+01  1.8024e+01  1.0000e+00
-4.0737e-01  6.8629e-01 -2.9830e-01  3.3750e-01 -5.5799e+00 -9.8483e-01  5.6762e+00  1.0000e+00
-3.1383e-01  4.8824e-01  4.3308e-01 -8.8540e+00  9.0642e+00 -1.4989e+00  1.2759e+01  1.0000e+00
-3.9188e-01  7.9896e-01  5.4713e-01 -2.7420e+00 -6.7255e+00  1.2167e+01  1.4170e+01  1.0000e+00
 5.1343e+00 -1.2747e+01 -6.1334e+00  1.4148e+01 -3.4603e+01 -1.6715e+01  4.0950e+01  1.0000e+00
-1.1514e+01 -2.1497e+00  1.0374e+01 -3.1767e+01 -5.3500e+00  2.8599e+01  4.3077e+01  1.0000e+00
-3.0096e-01  4.9147e-02 -8.1528e-03 -1.2974e+00  1.0640e+01 -7.5191e-01  1.0745e+01  1.0000e+00
-1.9071e+00 -1.2053e+00 -3.2631e+00 -3.1447e+00 -1.3685e-01 -3.2322e+00  4.5116e+00  1.0000e+00
 2.0438e+00 -1.2023e+00  9.6375e-01 -2.0920e+00  3.4329e+00  2.3969e+00  4.6805e+00  1.0000e+00
-2.7360e-01  5.0460e-01 -9.3885e-02 -9.8063e+00  8.7120e+00  1.6005e+01  2.0694e+01  1.0000e+00
-1.1922e+00 -1.0253e+01 -7.1820e+00 -2.5928e+00 -2.8259e+01 -2.0093e+01  3.4771e+01  1.0000e+00
-2.0741e+00  3.6074e+00 -3.0181e+00 -3.8010e+00  6.3638e+00 -3.7810e+00  8.3212e+00  1.0000e+00
-1.3513e+00  4.2822e-01  3.8791e-01  7.7672e-01  1.5877e+00  1.8135e+00  2.5324e+00  1.0000e+00
 3.6198e-01  9.3559e-01  3.1477e-01  8.1024e+00  6.1635e+00  4.1000e+00  1.0975e+01  1.0000e+00
 3.7254e-01  1.5944e+00  3.7179e-02  6.8986e+00  7.3127e+00 -7.9396e-01  1.0084e+01  1.0000e+00
-2.1879e+00  9.8185e+00 -4.1922e+00 -5.6561e+00  2.5007e+01 -1.0332e+01  2.7642e+01  1.0000e+00
-7.3718e-01  6.9917e-01  6.8343e-01 -6.4574e+00  2.3691e+00  9.9497e+00  1.2096e+01  1.0000e+00
 9.2911e-02  1.7171e+00  1.2499e+01  1.8500e+00  5.1832e+00  2.8828e+01  2.9349e+01  1.0000e+00
-6.3175e-02  1.4031e+00 -1.6191e-01  2.9938e+00  2.1291e+01 -1.4210e+01  2.5772e+01  1.0000e+00
-4.5428e-01  7.6988e-01  1.7755e-01  5.8192e+00  1.1141e+01 -2.4235e+00  1.2800e+01  1.0000e+00
-3.0365e-02  1.1352e+00  4.1937e-01  6.7065e-01  1.7373e+01  5.5416e+00  1.8248e+01  1.0000e+00
-2.4868e-01  7.3924e-01  6.9669e-01  4.7053e-01  8.2981e+00 -1.7914e+00  8.5023e+00  1.0000e+00
 3.6341e+00  7.5233e+00  4.1109e+00  9.5586e+00  1.9359e+01  1.0058e+01  2.3818e+01  1.0000e+00
-4.1258e-01  5.9726e-01  2.9223e-01 -9.3400e-01  1.5081e+01  5.5643e+00  1.6102e+01  1.0000e+00
-5.4865e-01  1.7024e+00  7.1133e-02  1.4848e+00 -1.1500e+01 -1.2135e+00  1.1659e+01  1.0000e+00
 2.8769e-01  6.8264e-01 -4.7789e-01 -3.8437e-01  5.5245e+00  4.5283e+00  7.1536e+00  1.0000e+00
-3.0424e-01  1.2099e+00  1.7556e-01  2.2615e+00  3.9260e+00  7.6471e+00  8.8886e+00  1.0000e+00
-1.8224e-01  8.2178e-01  2.7902e-01 -1.0754e+01  2.0115e+01  5.7206e+00  2.3516e+01  1.0000e+00
-2.3814e-01  9.5894e-01 -9.6623e-02 -3.7426e+00  7.0979e+00 -2.9216e+00  8.5395e+00  1.0000e+00
 6.0651e+00 -4.4926e+00 -8.2474e-01  1.4330e+01 -1.0283e+01 -1.4367e+00  1.7696e+01  1.0000e+00
-6.7848e-01  1.0738e+00 -1.7417e-01  4.8153e-01  1.1260e+01  6.2537e+00  1.2889e+01  1.0000e+00
 1.1020e+01 -1.9931e+01  1.2666e+01  2.5280e+01 -5.0440e+01  3.2499e+01  6.5111e+01  1.0000e+00
 8.1291e-02 -1.1486e+00 -1.0446e-01 -1.5838e+00  4.0547e+00  1.1340e+01  1.2147e+01  1.0000e+00
 1.0944e+00 -5.3938e+00 -1.5354e+01  2.7628e+00 -1.4675e+01 -4.2162e+01  4.4729e+01  1.0000e+00
-4.0404e+00 -6.1053e+00 -1.0465e+01 -1.1831e+01 -1.6384e+01 -2.8305e+01  3.4779e+01  1.0000e+00
-8.0148e-01 -1.1182e+01  1.2140e+00 -1.8402e+00 -2.9978e+01  3.2247e+00  3.0207e+01  1.0000e+00
-1.5222e+01 -7.7768e+00 -4.0039e+00 -4.2657e+01 -2.1240e+01 -1.1054e+01  4.8918e+01  1.0000e+00
-1.3376e-01  6.3374e-01  5.3831e-03  5.5766e+00  2.3723e+01 -9.2904e+00  2.6080e+01  1.0000e+00
-1.2336e+01 -3.0513e+00 -2.3451e+00 -3.3796e+01 -8.2771e+00 -6.2040e+00  3.5344e+01  1.0000e+00
-3.0509e-01  7.3586e-01 -2.3908e-01 -1.1902e+00  1.7323e-01 -2.5569e+01  2.5598e+01  1.0000e+00
 1.6522e-01  1.1379e+00  3.3088e-01  1.0817e+01  1.2730e+00 -3.9451e+00  1.1584e+01  1.0000e+00
-2.0019e+00 -9.2257e-02 -5.9819e+00 -5.2896e+00  6.6634e-01 -1.7808e+01  1.8589e+01  1.0000e+00
 1.1479e-01  9.8591e-01 -1.9548e-01 -2.4378e+01 -1.1014e+00 -1.0191e+00  2.4424e+01  1.0000e+00
-1.5634e-01  5.7535e-01  2.8325e-01 -2.3559e+01 -6.0538e-01 -7.5564e-01  2.3578e+01  1.0000e+00
