# limit = 13.226
#
# x           y           z           vx          vy          vz          s           m
 1.9502e-01 -1.9188e+00 -5.9179e-01 -3.2937e+00  2.8282e+00  5.1927e+00  6.7684e+00  1.0000e+00
-3.1014e-01  9.5250e-01  1.9289e-01  1.7365e+01 -4.8648e+00 -6.9431e+00  1.9324e+01  1.0000e+00
 1.3526e+01  4.9150e-01  2.6470e+00  3.4435e+01  1.9183e+00  6.7640e+00  3.5146e+01  1.0000e+00
-2.6691e-01  4.3087e-01  5.3662e-01  2.6081e+00  1.1209e+01  1.8848e+00  1.1662e+01  1.0000e+00
-1.1357e+01  4.3360e+00  6.8869e+00 -2.9575e+01  1.0964e+01  1.7462e+01  3.6053e+01  1.0000e+00
 4.8925e+00 -1.6427e+00  1.4088e+01  1.3016e+01 -3.7005e+00  3.6483e+01  3.8912e+01  1.0000e+00
 8.4688e-01 -1.1493e+01 -8.0131e+00  1.5736e+00 -2.9680e+01 -2.0242e+01  3.5960e+01  1.0000e+00
-2.9627e-02  1.9931e-01 -9.9527e-02  8.0391e+00 -1.5041e+01 -9.6476e+00  1.9595e+01  1.0000e+00
-1.8219e+01  1.3244e+01  4.0705e+01 -4.5547e+01  3.3390e+01  1.0464e+02  1.1890e+02  1.0000e+00
 1.6343e+01 -8.5500e+00  4.1058e-01  1.1460e+02 -6.2073e+01  3.0462e+00  1.3037e+02  1.0000e+00
 2.6361e+00  3.2467e+00  2.1998e+00  2.4274e+00  4.8304e+00  2.4108e+00  5.9192e+00  1.0000e+00
-3.9471e-01  4.4821e-01 -9.4163e-02  1.0933e+01  6.8155e+00 -3.1028e+00  1.3252e+01  1.0000e+00
-8.3592e-01  1.4681e+00 -3.1769e-01 -6.2887e+00  1.8234e+01  1.6736e-01  1.9288e+01  1.0000e+00
 3.9123e+00  7.9495e-01 -8.1216e-01  8.4195e+00  3.1207e+00 -3.7697e-01  8.9871e+00  1.0000e+00
 4.2538e-01  3.1241e-01  5.4061e-01  1.4733e+01 -1.5021e+01  5.4837e+00  2.1743e+01  1.0000e+00
-5.0579e+00 -7.2704e-01 -4.1007e+00 -1.1337e+01 -2.5474e+00 -7.1650e+00  1.3651e+01  1.0000e+00
 8.2316e+00 -8.5859e+00 -9.7844e+00  2.1206e+01 -2.2230e+01 -2.5664e+01  4.0031e+01  1.0000e+00
-1.3862e-01  7.3229e-01 -1.3055e-02 -4.0304e+00  1.6115e+01 -1.6500e+01  2.3414e+01  1.0000e+00
-2.1697e-01  7.6000e-01  2.4088e-01  1.0062e+01 -2.7070e+00  1.4140e+01  1.7565e+01  1.0000e+00
 2.8525e+01  2.3391e+01 -1.0217e+01  7.3458e+01  5.8925e+01 -2.5218e+01  9.7490e+01  1.0000e+00
-3.0625e-01  5.1843e-01  1.0478e-01 -5.1812e+00 -2.3448e+01  3.6466e+00  2.4289e+01  1.0000e+00
-3.3511e-01  7.3783e-01  1.7980e-01  1.6067e+01  1.5418e+01 -1.8500e+01  2.8950e+01  1.0000e+00
-1.5527e+00 -1.3668e+00  2.9628e+00 -9.1421e+00 -1.3099e+01  1.7862e+01  2.3963e+01  1.0000e+00
-6.1198e+00  1.1495e+01 -1.1699e+01 -1.6000e+01  3.0659e+01 -3.0643e+01  4.6206e+01  1.0000e+00
-3.9398e-01  1.3196e+01 -5.8686e+00 -1.2224e+00  3.4103e+01 -1.4998e+01  3.7275e+01  1.0000e+00
-3.2087e+00  1.6461e+00 -5.4972e+00 -8.6770e+00  5.6900e+00 -1.1335e+01  1.5367e+01  1.0000e+00
 4.3644e+00 -1.0351e+01  2.0415e+00  1.0238e+01 -2.6691e+01  4.8645e+00  2.8999e+01  1.0000e+00
 2.6631e+01 -6.9190e+00 -2.5683e+01  7.5272e+01 -1.9843e+01 -7.2640e+01  1.0647e+02  1.0000e+00
 7.6911e-01 -1.5836e+01 -2.0893e+01  2.1796e+00 -4.2228e+01 -5.5682e+01  6.9918e+01  1.0000e+00
-1.9719e-01  6.6225e-01  2.4412e-01  1.0377e+00 -7.1946e+00 -6.5761e+00  9.8023e+00  1.0000e+00
-3.8445e-01  8.7786e-01  4.1575e-01  6.1029e+00 -7.6320e+00  5.8245e+00  1.1376e+01  1.0000e+00
-3.1425e-01  6.9936e-01 -8.7848e-02 -9.0502e+00 -7.0411e+00  4.7405e+00  1.2408e+01  1.0000e+00
-1.1484e-01  7.0202e-01  4.0273e-01 -1.0422e+01  2.1484e+01  3.3680e+00  2.4115e+01  1.0000e+00
-3.8146e-01  9.6650e-01 -1.5468e-01  1.2782e+01 -1.2941e+01 -1.4101e+00  1.8244e+01  1.0000e+00
-4.6407e-01  7.1168e-01  2.8723e-01 -2.0131e+01  1.4926e+00  2.9007e+00  2.0393e+01  1.0000e+00
-4.8528e-01  4.3995e-01  3.3413e-01 -8.3576e+00  1.2344e+01  1.6620e+01  2.2326e+01  1.0000e+00
-5.8450e-01  2.0965e+00 -7.1590e-01  2.4197e+00  8.7453e+00 -6.1811e+00  1.0979e+01  1.0000e+00
-1.1039e+01  2.1138e+01 -2.6821e+01 -2.8550e+01  5.4715e+01 -6.7983e+01  9.1817e+01  1.0000e+00
-1.5354e-01  7.6871e-01  9.0110e-01 -4.9133e+00 -1.1002e+00 -4.3227e+00  6.6360e+00  1.0000e+00
 8.1834e+00 -1.8819e+00  6.8549e+00  1.9914e+01 -4.1846e+00  1.6871e+01  2.6433e+01  1.0000e+00
 4.8717e+00  4.4340e+00  3.9956e-01  9.5260e+00  9.1532e+00  2.1334e+00  1.3382e+01  1.0000e+00
 2.2375e+00  6.5679e-01 -6.0430e-02  8.1602e+00  1.5018e+00 -3.5270e+00  9.0158e+00  1.0000e+00
-4.2721e-02  6.5829e-01  3.9265e-01 -8.3536e+00 -1.4196e+01  1.2172e+01  2.0481e+01  1.0000e+00
 1.5830e+00 -4.7511e+00  1.5286e+01  4.3177e+00 -1.2096e+01  3.9882e+01  4.1899e+01  1.0000e+00
 1.4712e+01  7.1395e+00  1.1527e+00  3.8990e+01  1.8749e+01  3.1592e+00  4.3379e+01  1.0000e+00
 8.7835e-01 -9.6711e+00  1.5231e+00  3.2508e+00 -2.4167e+01  4.3120e+00  2.4763e+01  1.0000e+00
-2.3377e-01  7.9285e-01  7.6306e-02 -7.0293e+00 -1.6856e-01 -2.0765e+01  2.1923e+01  1.0000e+00
 2.3762e+00 -2.0707e+00 -3.5658e-01  2.8229e+00  1.3545e+00  1.5153e+00  3.4784e+00  1.0000e+00
 6.9815e+00 -2.6942e+00  3.0570e+00  1.5351e+01 -6.0890e+00  7.2265e+00  1.8026e+01  1.0000e+00
-2.8331e-01  7.6803e-01 -7.8094e-01 -7.8661e+00  3.5714e+00  1.5310e+00  8.7735e+00  1.0000e+00
-3.7372e-01  8.5304e-01  5.8023e-01 -9.5355e+00  6.8595e+00  8.8562e+00  1.4711e+01  1.0000e+00
-4.2910e-01  9.9830e-01  1.7914e-01 -7.8520e+00  1.1261e+01  9.9456e+00  1.6952e+01  1.0000e+00
-2.2948e+00 -3.6148e+00  3.5720e+00 -3.9119e+00 -6.3261e+00  6.5571e+00  9.9155e+00  1.0000e+00
-5.4165e-01  7.0587e-01  3.4554e-01 -1.1723e+01 -8.1106e+00  2.1246e+00  1.4412e+01  1.0000e+00
-4.1013e-01  6.4707e-01  4.0713e-01  1.0677e+01 -4.2125e+00 -3.9467e+00  1.2138e+01  1.0000e+00
-4.3248e-01  5.6196e-01  6.1839e-01  1.2303e+01  2.3458e+00  7.5594e+00  1.4629e+01  1.0000e+00
-2.4898e-01  8.5709e-01  2.9736e-01  1.3060e+01  1.6771e+01 -7.7639e+00  2.2630e+01  1.0000e+00
-1.7314e-01  1.0627e+00  5.1596e-02 -2.3920e+00 -3.4601e+00 -1.1158e+01  1.1925e+01  1.0000e+00
 4.4851e-02  6.8451e-01  6.4589e-01 -1.0761e+01  2.9039e+00 -7.9051e-01  1.1174e+01  1.0000e+00
 3.7929e+00 -1.9755e+00  1.1048e+01  9.1362e+00 -5.4570e+00  2.8156e+01  3.0100e+01  1.0000e+00
-3.9964e-02  4.6690e-01  3.4848e-01 -5.2514e+00 -2.4026e+00 -1.3695e+01  1.4863e+01  1.0000e+00
-1.5058e+00 -1.8426e+00  1.1814e+00 -8.7939e+00 -1.7603e+01  6.8981e+00  2.0851e+01  1.0000e+00
 6.5523e+00  5.9550e-01 -3.1794e+00  1.9034e+01  2.0347e+00 -9.1225e+00  2.1205e+01  1.0000e+00
-2.2589e-01  6.0848e-01  6.9699e-01 -7.0616e+00  9.7135e+00  8.7913e+00  1.4883e+01  1.0000e+00
 1.6121e+00 -6.2063e-01  6.4575e-01 -5.9652e+00  1.5334e+00 -1.3693e+00  6.3095e+00  1.0000e+00
 5.4571e-01  2.2021e-01  3.1519e-01 -1.3903e-01  8.3314e+00 -6.9325e+00  1.0839e+01  1.0000e+00
-1.5064e-01  7.5543e-01  8.9506e-02  1.1092e+00 -6.7313e+00 -1.0485e+01  1.2509e+01  1.0000e+00
-1.4207e-01  8.5167e-01  2.9713e-01 -3.6214e+00  2.4563e+01 -1.5535e+00  2.4877e+01  1.0000e+00
-2.8590e-01  5.1543e-01  2.2665e-01 -6.5758e+00  3.9914e+00  2.2483e+01  2.3762e+01  1.0000e+00
-4.6185e-01  1.2269e+00  4.6588e-01  6.9415e+00 -1.4678e+01 -4.7389e+00  1.6914e+01  1.0000e+00
 1.3200e+01  1.5379e+00  2.4318e+00  3.4207e+01  3.5518e+00  6.0960e+00  3.4927e+01  1.0000e+00
-5.0609e-02  6.7979e-01  1.2865e-01 -1.3042e-01  1.4740e+01 -7.4927e+00  1.6536e+01  1.0000e+00
-3.6707e-01  8.1355e-01  2.1341e-01 -2.9131e+01 -6.4297e+00  1.4135e+01  3.3012e+01  1.0000e+00
-1.3940e+00  1.7013e-01 -2.5071e-01  1.5835e+00  1.2010e+00 -2.4573e+00  3.1604e+00  1.0000e+00
 2.0381e-01  4.5038e-01  3.4792e-01  3.3806e+00  8.1741e-02  5.9273e-01  3.4332e+00  1.0000e+00
-1.9909e-01  5.9845e-01  2.8440e-01 -9.1875e+00 -4.6526e+00 -2.1054e+01  2.3438e+01  1.0000e+00
-4.8608e-02  5.4726e-01  4.1940e-01  1.2833e+01  4.6611e+00  1.1830e+01  1.8065e+01  1.0000e+00
-5.5671e-01  1.6245e+00 -2.6723e-01  4.6416e+00 -9.7083e+00  1.3463e+00  1.0845e+01  1.0000e+00
 1.5736e+01 -7.6174e+00 -1.8369e+00  4.1685e+01 -1.9612e+01 -4.7271e+00  4.6310e+01  1.0000e+00
-9.3711e+00 -5.8152e+00 -3.6798e+00 -2.3819e+01 -1.4174e+01 -8.8846e+00  2.9106e+01  1.0000e+00
-2.0934e-01  4.4059e-01  2.3202e-01 -1.2404e+01 -5.6897e+00 -5.7655e+00  1.4815e+01  1.0000e+00
 8.0903e+00  2.0548e+00  5.3146e+00  3.2649e+01  7.0501e+00  2.0890e+01  3.9396e+01  1.0000e+00
 8.9181e-01 -1.4703e-01 -3.0536e-01 -7.8489e+00  7.2972e+00  7.6803e+00  1.3185e+01  1.0000e+00
 3.6553e+00  3.0099e+00  4.5973e+00  6.6343e+00  6.7902e+00  8.9685e+00  1.3060e+01  1.0000e+00
-1.8791e-01  4.5956e-01  2.1861e-01  5.5007e+00  1.0214e+01  5.0185e-01  1.1612e+01  1.0000e+00
-1.7223e-01  7.8173e-01  9.8325e-02 -7.6103e+00  3.2602e+01 -1.0291e+01  3.5024e+01  1.0000e+00
 3.2243e-01  4.3206e-01 -2.2300e-01  2.7220e+00  2.4527e+00  1.2087e+00  3.8583e+00  1.0000e+00
 1.7953e+00 -1.2401e+00  2.0137e+00 -1.1260e+00  1.3688e+00  7.8912e-02  1.7742e+00  1.0000e+00
 4.5360e+01  1.1731e+01 -4.4213e+01  2.2218e+02  5.5313e+01 -2.1506e+02  3.1413e+02  1.0000e+00
 7.3341e-02  7.8536e-01  1.9171e-01 -7.8681e-01  1.3439e+01 -1.1110e+01  1.7454e+01  1.0000e+00
 2.1671e+00 -1.0040e+00  1.8181e+00  2.9892e-01  1.1538e+00 -1.1252e+00  1.6391e+00  1.0000e+00
 1.5068e-01  3.2233e-01  6.3580e-01  1.7294e+00 -6.8834e+00 -2.3586e+00  7.4790e+00  1.0000e+00
-8.3975e-01  9.9411e-01  5.1864e-01 -1.9314e+01  6.4581e+00  8.4971e+00  2.2066e+01  1.0000e+00
-5.5508e-01  2.9567e-01 -1.8646e-01  8.1835e+00  4.3885e+00  6.9957e+00  1.1626e+01  1.0000e+00
 2.3901e+00 -8.6129e-01 -2.5258e-01  1.0753e+01 -4.2128e+00 -1.5615e+00  1.1654e+01  1.0000e+00
-1.6435e-02  6.4210e-01  1.7576e-01  2.1260e+01 -1.2638e+01  5.3727e+00  2.5309e+01  1.0000e+00
 1.0846e+00  3.0606e+00  4.6159e+00  1.7487e+01  3.4425e+01  6.1960e+01  7.3006e+01  1.0000e+00
-5.1809e+00 -7.6198e+00 -8.5376e+00 -1.3174e+01 -1.9066e+01 -2.1533e+01  3.1634e+01  1.0000e+00
 1.1834e+00 -2.4902e+00 -1.0733e+01  2.7963e+00 -5.5488e+00 -2.3798e+01  2.4596e+01  1.0000e+00
 6.4435e-01  3.6721e+00 -1.9730e+00  4.3507e+00  4.6286e+00 -1.4334e+00  6.5121e+00  1.0000e+00
-4.4691e-01  8.3155e-01 -9.8516e-02  1.0549e-01  2.0805e-01 -1.8739e+00  1.8884e+00  1.0000e+00
 4.5567e-03  7.5403e-01  6.8623e-02 -1.5897e+00  7.7977e+00 -2.9594e+00  8.4905e+00  1.0000e+00
 1.5889e+00 -3.5105e-01 -5.8008e-02 -4.6144e+00  7.5424e+00  1.8914e+00  9.0420e+00  1.0000e+00
 7.1076e-02  6.5225e-01  1.9854e-01  2.9039e+01 -1.0690e+01 -3.8734e+00  3.1185e+01  1.0000e+00
 1.3080e+01  4.9348e+00 -3.2461e-01  3.3615e+01  1.3330e+01 -9.2718e-01  3.6174e+01  1.0000e+00
-1.6120e-03  6.5973e-01  1.7166e-01  1.2600e+01  9.2287e+00 -1.6899e+01  2.3011e+01  1.0000e+00
 9.7119e+00  5.3477e-01  1.0898e+01  2.4993e+01  1.5508e+00  2.8027e+01  3.7584e+01  1.0000e+00
-7.1353e-01  1.2189e+00  4.9892e-01 -1.2679e+01  8.7545e+00  1.1519e+00  1.5451e+01  1.0000e+00
 4.1421e-01  1.8233e-01  1.9697e-01 -1.1234e+01 -8.3098e+00  6.2896e+00  1.5324e+01  1.0000e+00
-1.5752e+01  3.2780e+00  3.5781e+00 -4.1382e+01  9.0453e+00  9.5257e+00  4.3417e+01  1.0000e+00
 3.5768e-01  5.5241e-01 -3.6087e-01  1.1972e+00  9.6714e+00 -5.2618e+00  1.1075e+01  1.0000e+00
 3.4123e+00 -5.6820e+00  9.8838e+00  1.1247e+01 -1.4732e+01  2.4300e+01  3.0562e+01  1.0000e+00
 3.7884e+00 -3.8881e+00  8.0888e+00  8.8502e+00 -9.4374e+00  1.9673e+01  2.3546e+01  1.0000e+00
 6.5622e+00 -7.9612e+00 -3.0185e+00  1.4879e+01 -1.9602e+01 -7.6849e+00  2.5781e+01  1.0000e+00
 3.0862e+00 -1.6117e+00  7.2855e-01  1.6590e+00  7.7391e-01  1.4417e+00  2.3301e+00  1.0000e+00
-2.9820e-01  9.1205e-01 -1.0870e-02  1.4496e+00 -2.6377e+00 -2.5856e+01  2.6031e+01  1.0000e+00
-9.4809e-02  4.5360e-01 -3.2843e-01 -5.9260e+00 -9.6780e+00 -4.0327e+00  1.2043e+01  1.0000e+00
 1.9471e-02  9.8189e-01  5.3322e-01 -2.6932e-01  6.1163e+00 -1.1555e+01  1.3077e+01  1.0000e+00
-3.4609e-01  8.0759e-01  1.4842e-02  9.5002e+00 -2.1930e+00 -1.9476e+01  2.1780e+01  1.0000e+00
-4.4405e-01  7.4340e-01  2.8762e-01 -1.0313e+01 -2.6396e+00 -1.2921e+01  1.6741e+01  1.0000e+00
 8.7944e-03  6.5050e-01  5.0887e-02  2.2401e+01  6.0960e+00  9.0767e+00  2.4927e+01  1.0000e+00
-8.7504e-02  3.7939e-01  6.2723e-02  3.0366e+00  4.1659e+00 -3.6303e-02  5.1553e+00  1.0000e+00
-2.0685e+01  8.5480e+00  7.7823e+00 -5.5036e+01  2.2975e+01  2.1231e+01  6.3305e+01  1.0000e+00
-2.9279e-01  4.6811e-01  2.2305e-01  1.0400e+01  4.2788e+00  7.5906e+00  1.3567e+01  1.0000e+00
-3.5072e-01  1.0352e+00 -9.1704e-02 -1.1933e+01  1.5426e+01 -1.3634e+01  2.3796e+01  1.0000e+00
-4.9385e-01  6.8683e-01 -3.2677e-01  2.0079e+00  4.2502e+00  2.1072e+00  5.1514e+00  1.0000e+00
 7.7500e+00 -6.6758e+00 -2.7465e+00  1.9595e+01 -1.6374e+01 -6.2017e+00  2.6278e+01  1.0000e+00
-4.7117e-01  7.6454e-01  1.4600e-01 -1.4727e+00  1.4250e+01 -1.0926e+01  1.8017e+01  1.0000e+00
 5.2397e+00 -4.5606e+00  1.1385e+01  1.3093e+01 -1.1222e+01  2.9583e+01  3.4242e+01  1.0000e+00
 3.6254e+00  1.0694e+00  4.3966e+00  4.4292e+01  5.3937e+00  4.6802e+01  6.4663e+01  1.0000e+00
-1.8926e+00 -2.1967e+00 -9.5789e+00 -5.2547e+00 -4.9755e+00 -2.3573e+01  2.4659e+01  1.0000e+00
 1.8550e+00 -1.0901e+00  8.3355e-01 -9.6079e-01  2.4213e+00 -1.5233e+00  3.0176e+00  1.0000e+00
 4.8328e-04  8.1231e-01  1.8923e-01  1.4364e+01  1.3214e+01 -1.0869e+01  2.2340e+01  1.0000e+00
 2.2551e-01  9.4797e-01  3.4367e-01  7.3004e-01  6.8126e+00  1.1810e+01  1.3654e+01  1.0000e+00
 1.0444e+00  6.5705e-01 -5.0899e-01  9.7572e+00  4.6053e+00 -6.1145e+00  1.2402e+01  1.0000e+00
-3.0426e-01  1.3725e+00  5.5377e-02  2.7583e+00 -5.5384e+00 -1.5171e+01  1.6384e+01  1.0000e+00
-8.6828e-01  8.5351e-01  4.2295e-01 -2.2905e+00  3.0257e-03  1.8876e+00  2.9681e+00  1.0000e+00
 8.2223e-02  5.3431e-01  3.5143e-01 -1.6795e+01 -8.4010e+00  2.6629e+00  1.8967e+01  1.0000e+00
 2.7291e+00 -1.4759e+00  1.2028e+00 -7.2642e-01  2.5795e+00  1.9279e+00  3.3013e+00  1.0000e+00
-1.6143e+00 -4.4426e+00  1.0319e+01 -4.0714e+00 -1.1687e+01  2.6133e+01  2.8915e+01  1.0000e+00
-3.6807e-02  7.9279e-01  1.9804e-01  8.1198e+00 -2.6867e+01  1.1643e+01  3.0386e+01  1.0000e+00
-2.7833e-01  8.8466e-01 -9.4955e-02  1.8336e-01  9.1611e+00 -1.4673e+01  1.7299e+01  1.0000e+00
-1.4318e+01  2.6454e+00 -4.1500e+00 -3.5753e+01  8.5739e+00 -9.4740e+00  3.7967e+01  1.0000e+00
 3.2848e-02  7.0467e-01  2.4553e-01  9.9437e+00  3.2762e+00 -1.1627e+01  1.5646e+01  1.0000e+00
-4.2986e-01  6.8503e-01  3.0619e-01 -5.2298e+00 -1.7187e+01  3.9212e+00  1.8388e+01  1.0000e+00
-2.5037e-01  7.6123e-01  3.1847e-01  1.1207e+01  9.7582e-03  1.5592e+01  1.9201e+01  1.0000e+00
-5.4138e+00 -1.8788e+01 -2.1130e+01 -1.4951e+01 -4.4773e+01 -5.2279e+01  7.0436e+01  1.0000e+00
 1.3621e+01 -1.2043e+01  3.4133e+00  3.5616e+01 -3.1339e+01  8.7827e+00  4.8247e+01  1.0000e+00
-3.7511e-01  1.1908e+00  9.4084e-01  2.8609e-01 -2.7376e+00 -1.0570e+01  1.0923e+01  1.0000e+00
 5.8767e-01  1.2841e-01 -9.4563e-01 -4.7341e+00  5.1613e+00  1.0721e+01  1.2806e+01  1.0000e+00
-6.5797e-02  6.8508e-01  4.4019e-01 -2.3265e+01  1.7049e+00 -4.0685e+00  2.3679e+01  1.0000e+00
 8.6849e-01 -3.5602e-01 -1.5150e+00 -8.1569e-01  5.7308e+00  5.3032e+00  7.8506e+00  1.0000e+00
-4.7110e-01  9.0894e-01 -3.9788e-01 -7.1412e+00  3.3838e+00 -1.1807e+01  1.4207e+01  1.0000e+00
-4.4599e-01  7.8356e-01 -7.3456e-02  7.0175e+00 -1.0529e+00 -7.0367e+00  9.9935e+00  1.0000e+00
-7.4776e+00  1.1585e+01 -6.2614e+00 -1.9354e+01  3.0617e+01 -1.5999e+01  3.9597e+01  1.0000e+00
 8.1368e-02  7.2795e-01  3.0939e-01  3.1019e-02  6.2108e+00 -1.0616e+01  1.2300e+01  1.0000e+00
 8.5659e-01  7.8758e-01 -9.4337e-02  5.1762e+00  1.5783e+00 -7.0434e+00  8.8822e+00  1.0000e+00
-7.2954e-02  5.5308e-01  1.5609e-01 -6.2650e+00 -2.1401e+01  1.1125e+01  2.4920e+01  1.0000e+00
 1.0570e-01  8.9482e-02  2.1971e-01 -1.2561e+00 -5.6599e+00  4.3952e+00  7.2753e+00  1.0000e+00
-4.2074e-02  9.8483e-01  2.7762e-01 -1.7269e+01 -2.2867e+00 -1.7508e+01  2.4698e+01  1.0000e+00
-3.1566e-02  5.0996e-01  3.4614e-01 -4.8475e+00  2.7690e+01 -1.3511e+01  3.1190e+01  1.0000e+00
 6.6683e-02  4.6481e-01  3.6880e-01  2.8526e+00  1.5547e+01  1.0513e+01  1.8983e+01  1.0000e+00
-3.1522e-01  7.4907e-01  2.4039e-01  7.8219e+00  1.8203e+01 -2.2756e+01  3.0172e+01  1.0000e+00
-1.0466e-01  4.3763e-01  2.6336e-01 -1.0389e+01 -2.0827e+00  7.7406e+00  1.3122e+01  1.0000e+00
-3.3978e-01  2.8870e-01  6.8021e-01 -8.5029e-01  4.4446e+00 -1.1296e+01  1.2169e+01  1.0000e+00
 3.4860e+00 -5.6581e+00  9.9025e+00  5.4839e+00 -1.2631e+01  2.5777e+01  2.9225e+01  1.0000e+00
-3.2410e-01  1.1139e+00  1.7646e-01 -2.8924e+00 -5.5916e+00  8.6683e-01  6.3548e+00  1.0000e+00
 2.6538e+01 -1.8197e+01 -3.7325e+01  6.9252e+01 -4.7253e+01 -9.5417e+01  1.2702e+02  1.0000e+00
-2.8415e-01  4.4251e-01  5.7684e-01 -3.5637e+00  9.3214e+00 -4.1338e+00  1.0802e+01  1.0000e+00
-1.5223e+00  2.7474e+00  2.3796e+00 -1.1932e+00  4.1500e+00 -1.8237e-01  4.3220e+00  1.0000e+00
 7.0147e+00 -2.2438e+00 -1.7154e+00  1.7553e+01 -4.0474e+00 -3.0256e+00  1.8266e+01  1.0000e+00
-1.1923e-01  9.1048e-01 -6.5393e-02 -1.8997e+00  1.2780e+01  3.5745e+00  1.3406e+01  1.0000e+00
-3.6926e-01 -1.0703e+00  1.6035e+00  2.6979e+00 -3.3465e+00  1.9713e+00  4.7290e+00  1.0000e+00
-6.7406e-02  5.6798e-01  2.9393e-01  7.1818e-01 -2.4759e+01  6.8858e+00  2.5709e+01  1.0000e+00
-1.8347e-01  3.6381e-01  2.6141e-01 -8.1060e+00  8.4101e+00 -3.5692e+00  1.2214e+01  1.0000e+00
-2.8587e-01  6.6448e-01  1.9138e-01 -9.1571e+00  3.7317e+00  4.4488e+00  1.0843e+01  1.0000e+00
 5.9403e-01  3.7035e-01 -1.3771e-01 -1.1560e+01  8.1335e+00  1.1144e+00  1.4178e+01  1.0000e+00
-7.0476e-01  2.8425e-01  4.5745e-02 -1.1941e+00  2.3681e+00 -2.1817e+00  3.4342e+00  1.0000e+00
-6.6880e-01  1.6409e+00  1.3698e+00  5.5737e+00  1.1670e+00 -7.9337e-01  5.7496e+00  1.0000e+00
 6.5818e-01 -5.3712e+00  9.5346e+00  1.6717e+00 -1.3373e+01  2.3541e+01  2.7126e+01  1.0000e+00
-1.3404e+01  1.0517e+01 -8.4825e+00 -5.8312e+01  4.4469e+01 -3.7394e+01  8.2317e+01  1.0000e+00
 2.5615e-01  2.8643e-01  1.0310e+00  4.9944e+00  4.7158e+00 -1.7268e+00  7.0827e+00  1.0000e+00
 1.9393e-01  2.8729e-01  2.4898e-01 -1.4062e+01  1.6119e+01 -6.6254e+00  2.2393e+01  1.0000e+00
-3.6538e-01  5.8692e-01  1.9044e-01  5.2898e+00  1.0118e+01  2.8025e+01  3.0262e+01  1.0000e+00
 2.8867e-01  1.7540e+00 -7.0786e-01 -2.1742e+00  9.8586e-01 -1.6382e+00  2.8953e+00  1.0000e+00
-1.0096e+00  1.1735e+00  1.7292e-01 -1.2397e+01  7.5410e+00 -3.3604e-01  1.4515e+01  1.0000e+00
 9.1861e-02  6.3951e-01  1.0301e-01  2.9668e+01  7.5098e+00  7.6270e+00  3.1540e+01  1.0000e+00
-9.1170e+00  7.6690e+00 -2.5575e+00 -2.2691e+01  1.9184e+01 -6.2997e+00  3.0374e+01  1.0000e+00
 5.3601e+00 -4.1772e+00 -1.6400e+01  1.4183e+01 -1.1201e+01 -4.3425e+01  4.7036e+01  1.0000e+00
-2.7056e-01  4.9752e-01  7.4989e-02  1.1061e+01 -3.3632e+00  1.4233e+01  1.8337e+01  1.0000e+00
-4.1839e-01 -1.0729e+01 -7.6940e+00 -1.8807e+00 -2.7065e+01 -1.9640e+01  3.3493e+01  1.0000e+00
-3.9237e+00  3.6893e+00 -1.5558e+01 -1.0612e+01  1.0047e+01 -4.0811e+01  4.3349e+01  1.0000e+00
 1.9399e+00 -9.5032e+00  7.1484e-02  4.6662e+00 -2.3720e+01  2.9158e-01  2.4176e+01  1.0000e+00
 1.8359e-01  8.2409e-01  2.1360e-01 -2.0197e+01 -1.6251e+01  2.5676e+00  2.6050e+01  1.0000e+00
-1.8332e+00 -2.3138e+00 -1.0398e+01 -4.6456e+00 -6.3042e+00 -2.5214e+01  2.6402e+01  1.0000e+00
 8.9312e-01  2.5466e+00  2.2288e+00  4.4439e+00  8.2407e+00  8.3014e+00  1.2513e+01  1.0000e+00
-2.6995e-01  7.4542e-01  1.3041e-01 -5.6990e+00 -6.0626e+00 -2.9381e+00  8.8242e+00  1.0000e+00
 5.3127e+00  3.5296e+00  7.4876e+00  1.8518e+01  1.0153e+01  2.5178e+01  3.2862e+01  1.0000e+00
 1.0709e-01  6.0609e-01  3.6480e-01  1.0386e+01  2.5059e+00  1.2712e+01  1.6606e+01  1.0000e+00
 6.3689e+00 -7.9812e+00 -3.2050e+00  1.7396e+01 -1.9178e+01 -7.4472e+00  2.6942e+01  1.0000e+00
-6.7551e-02  5.8023e-01  1.9672e-01 -1.7617e+01  1.5651e+01  1.7306e+00  2.3629e+01  1.0000e+00
-2.1994e-01  8.8633e-01  5.6334e-02  1.4830e+01  5.4393e-01  2.1302e+01  2.5961e+01  1.0000e+00
-1.0973e+01 -4.9577e+00 -3.4805e+00 -2.7837e+01 -1.2447e+01 -8.5578e+00  3.1671e+01  1.0000e+00
 5.8026e+00  2.9855e+00  5.5054e+00  1.3197e+01  7.8762e+00  1.4053e+01  2.0825e+01  1.0000e+00
-9.0518e-02  6.3294e-01  3.9216e-01  1.6112e+01  1.7446e+01  1.0423e+01  2.5935e+01  1.0000e+00
 4.3134e+00 -1.4212e+01 -1.1194e+00  1.1556e+01 -3.7147e+01 -2.9470e+00  3.9015e+01  1.0000e+00
-3.1250e-01  6.1781e-01  1.0727e-01 -3.0840e+00  2.9053e+00 -1.3020e+01  1.3692e+01  1.0000e+00
-2.0132e+01 -1.8961e+00  2.9739e+01 -5.7007e+01 -5.5869e+00  8.4094e+01  1.0175e+02  1.0000e+00
 8.2161e+00 -1.4288e+01 -1.1582e+01  2.2107e+01 -3.7872e+01 -3.0850e+01  5.3617e+01  1.0000e+00
-1.0324e+00  9.8361e-01  5.0729e-01  9.2038e+00 -2.0119e+00 -3.9267e-01  9.4293e+00  1.0000e+00
-9.5157e-01  1.6668e+00  5.0731e-01 -7.0121e+00  1.9910e+01  4.8249e+00  2.1653e+01  1.0000e+00
-1.4063e-01  3.2798e-01  3.2992e-01 -4.8483e+00 -6.8287e+00 -1.5819e+01  1.7899e+01  1.0000e+00
-5.0049e+00 -1.2579e+00 -3.7551e+00 -1.0757e+01 -1.6200e+00 -7.8524e+00  1.3416e+01  1.0000e+00
 1.3479e+00  1.2321e+00  5.5285e-02  6.6115e-01  2.2015e+00 -8.6635e-01  2.4565e+00  1.0000e+00
 4.1096e-02  6.1466e-01  1.9857e-02 -1.0576e+01 -8.7916e+00  8.0567e+00  1.5939e+01  1.0000e+00
-1.6721e-01 -1.0828e+01 -7.6629e+00  8.4579e-01 -2.7250e+01 -1.9210e+01  3.3351e+01  1.0000e+00
 3.3816e-02  4.5766e-01  3.9185e-01 -2.5627e+00  1.6764e+01 -3.1067e+00  1.7241e+01  1.0000e+00
-1.9565e-01  5.6903e-01  2.3262e-02 -2.3585e+00 -1.4074e+01 -1.1663e+01  1.8430e+01  1.0000e+00
-8.5185e-02  4.5119e-01  3.2953e-01 -1.0765e+01  8.4404e+00  7.2511e+00  1.5482e+01  1.0000e+00
 1.9959e-01  9.2006e-01 -3.2540e-01  2.2136e+00 -1.8156e+00  1.1325e+01  1.1682e+01  1.0000e+00
-2.0626e-01  5.9187e-01  2.6918e-01 -5.9287e+00  3.1091e+00 -5.4076e+00  8.6057e+00  1.0000e+00
-2.0948e+01 -2.4802e+01  1.1505e+01 -5.1411e+01 -6.2644e+01  2.9569e+01  8.6266e+01  1.0000e+00
-2.5039e-01  9.4633e-01  2.6154e-01 -1.4033e+01  6.4567e+00 -1.2028e+01  1.9578e+01  1.0000e+00
-1.7354e+00  2.9544e+00 -1.3983e+00 -6.0013e+00  1.0833e+01 -4.2268e+00  1.3086e+01  1.0000e+00
-6.0215e-02  4.2774e-01  2.4230e-01  1.8127e+01  3.1945e+00 -5.2052e+00  1.9128e+01  1.0000e+00
-2.9906e-01  6.7897e-01  1.2792e-01  5.2943e+00  2.0365e+01 -1.0620e+00  2.1068e+01  1.0000e+00
 2.9349e-01  4.6044e-01  5.3133e-01 -4.8003e+00  2.6902e+00  1.0036e+01  1.1446e+01  1.0000e+00
-7.4997e-01  6.3690e-01  3.1313e-01 -1.0155e+01  1.0146e+01  4.7803e+00  1.5129e+01  1.0000e+00
-1.8461e-01  4.3167e-01  3.7263e-01 -1.1562e+00 -5.1378e-01 -2.2755e+01  2.2791e+01  1.0000e+00
-6.5486e-02 -9.5021e+00  4.5927e+00 -2.1574e-01 -2.3856e+01  1.1187e+01  2.6350e+01  1.0000e+00
-1.2060e+01 -7.2862e+00 -4.3531e+00 -3.1819e+01 -1.8629e+01 -1.1022e+01  3.8483e+01  1.0000e+00
-1.5461e+00 -6.6946e-01 -5.0724e-01 -2.4390e+00  8.6620e+00  1.2827e+00  9.0898e+00  1.0000e+00
-2.2474e-01  7.4711e-01 -6.9301e-02 -3.1602e+00  1.2744e+01  1.0822e+01  1.7015e+01  1.0000e+00
 1.5545e+01 -5.5897e+00 -9.5045e-01  4.0925e+01 -1.4561e+01 -2.2836e+00  4.3499e+01  1.0000e+00
-8.0513e-01  9.6771e-01  3.7944e-01  5.7609e+00 -9.0207e+00  1.7272e+01  2.0319e+01  1.0000e+00
 1.5730e+02 -1.9489e+02  1.2801e+02  3.8386e+02 -4.7418e+02  3.0947e+02  6.8408e+02  1.0000e+00
-3.3350e-02  9.9858e-01  9.5827e-03  1.7439e+01  4.2636e+00 -9.3594e+00  2.0246e+01  1.0000e+00
-7.3311e-01  1.0386e+00  1.3335e-01  1.3253e+00  1.3196e+00  1.1170e+01  1.1326e+01  1.0000e+00
-8.8276e-03  5.8958e-01  2.6229e-01 -6.8262e+00  1.1660e+01  2.5370e+00  1.3747e+01  1.0000e+00
 8.7757e+00  7.1270e+00  6.1663e-01  2.1787e+01  1.7439e+01  1.8996e+00  2.7971e+01  1.0000e+00
-6.6466e+00 -1.8046e+00  3.4274e+00 -1.9642e+01 -4.6516e+00  1.0998e+01  2.2987e+01  1.0000e+00
 2.1726e+00 -1.1859e+01  6.6611e-01  5.3222e+00 -2.9857e+01  1.2426e+00  3.0353e+01  1.0000e+00
 2.2733e-01  5.9652e-01  7.7773e-01  3.0472e+00 -1.8469e+00 -5.8588e-01  3.6111e+00  1.0000e+00
 6.0396e-01  5.5683e+00 -8.5521e+00  1.3185e+00  1.3523e+01 -2.1226e+01  2.5202e+01  1.0000e+00
-2.0952e+01  7.0448e+00  7.6744e+00 -6.8659e+01  2.3114e+01  2.5023e+01  7.6645e+01  1.0000e+00
-3.2206e-01  8.4051e-01  2.8948e-01 -1.4416e+01  1.8593e+00 -4.5086e-01  1.4542e+01  1.0000e+00
-3.1709e-02  2.5300e-01 -4.5158e-02  1.6140e+01 -4.1503e+00 -1.2253e+01  2.0685e+01  1.0000e+00
-2.7826e-01  8.6125e-01  2.2261e-01  1.8221e+01 -1.3986e+01  1.3598e+01  2.6693e+01  1.0000e+00
 1.5510e+00  2.3710e-01 -5.8297e-01  5.9286e+00 -1.9155e+00 -1.3837e+00  6.3822e+00  1.0000e+00
 1.1808e+00 -1.2016e+01  9.5402e+00  2.9719e+00 -3.1391e+01  2.4959e+01  4.0214e+01  1.0000e+00
 5.3314e+00 -9.8867e+00  4.0592e+00  2.3620e+01 -4.4346e+01  1.7311e+01  5.3142e+01  1.0000e+00
-2.2272e-01  7.4219e+00  1.0507e+00 -3.3160e+00  1.6716e+01  3.1598e+00  1.7332e+01  1.0000e+00
-3.3784e-02  1.2424e+00  1.9326e-01  4.5739e+00 -6.1035e+00  9.1144e+00  1.1885e+01  1.0000e+00
 2.1375e+00 -9.3540e-01  5.7958e-01 -3.4669e+00  2.6059e+00  5.0163e-01  4.3660e+00  1.0000e+00
 8.8793e-03  6.7045e-01  2.2983e-01  8.1836e+00  3.4973e+00  1.0775e+01  1.3975e+01  1.0000e+00
 6.4504e+00 -2.3067e+00  3.5741e+00  1.5197e+01 -3.9340e+00  7.8539e+00  1.7553e+01  1.0000e+00
-8.1555e-01  1.0685e+00  2.1095e-01 -2.5527e+00 -2.3988e+00  2.9221e+00  4.5617e+00  1.0000e+00
-2.7604e-01  8.1314e-01  2.2467e-01 -5.5107e+00  1.3233e+01  1.5902e+01  2.1409e+01  1.0000e+00
-8.4033e-02  9.7784e-01  9.6498e-02 -9.4700e+00  4.6430e+00  4.4605e+00  1.1451e+01  1.0000e+00
-2.6157e+00 -2.2484e+00 -1.3050e+01 -6.4485e+00 -5.4712e+00 -3.3418e+01  3.4471e+01  1.0000e+00
-1.2939e+00 -6.3706e-01  3.2675e+00 -1.4315e+00 -4.7863e-01  6.2539e+00  6.4335e+00  1.0000e+00
 1.5777e+01 -3.8935e-01 -3.4885e+00  4.1480e+01 -7.4520e-01 -8.6424e+00  4.2377e+01  1.0000e+00
-4.2866e-01  7.2217e-01 -4.2045e-01  2.4636e+00 -9.6909e+00  4.4839e+00  1.0958e+01  1.0000e+00
 5.4826e+00 -8.0892e-01  1.4386e+01  1.4597e+01 -2.7203e+00  3.8101e+01  4.0892e+01  1.0000e+00
-2.4449e-03  6.7498e-01  1.4241e+00  1.3317e+00  1.2748e+00 -6.8007e+00  7.0461e+00  1.0000e+00
 4.9545e-01  1.3774e+00 -6.2971e-02  1.1481e+01  2.3193e+00  1.1952e+01  1.6735e+01  1.0000e+00
-6.3718e+00  1.0776e+00  1.0273e+01 -1.5720e+01  2.6947e+00  2.6040e+01  3.0536e+01  1.0000e+00
-8.0495e-01  5.9619e+00 -1.1002e-01 -4.2106e+00  9.4159e+00 -1.0037e+00  1.0363e+01  1.0000e+00
-2.4010e-01  6.0053e-01 -7.0110e-02 -3.2594e+00 -7.9161e+00 -2.6369e+00  8.9578e+00  1.0000e+00
 8.0686e-01  2.5114e+01  1.6515e+01  2.8293e-01  6.3529e+01  4.0512e+01  7.5348e+01  1.0000e+00
-4.1103e+00  3.6572e+00 -1.6328e+00 -7.5827e+00  6.5797e+00 -1.3463e+00  1.0129e+01  1.0000e+00
 6.7289e-01  4.6332e-01  3.7436e-01  1.5000e+01  5.5252e+00 -3.2379e+00  1.6310e+01  1.0000e+00
-1.1166e-01  7.1096e-01  2.7747e-01 -2.0997e+01  5.5490e+00  3.2816e+01  3.9352e+01  1.0000e+00
-2.6029e-01  1.1031e+00  1.8036e-01 -4.8024e+00 -2.4153e+01 -9.1265e+00  2.6262e+01  1.0000e+00
-9.3356e-02  7.0328e-01  3.6570e-01 -1.0445e+01 -2.6718e+01  7.8571e+00  2.9744e+01  1.0000e+00
-4.3581e-01  7.0402e-01  2.8502e-01 -1.3326e+00  2.4713e+01  9.8161e+00  2.6624e+01  1.0000e+00
-2.7328e+00 -3.7565e-02  3.6786e+00 -2.5189e+00  1.0117e+00  4.8450e+00  5.5536e+00  1.0000e+00
-2.3037e-01  9.0784e-01  3.0343e-01  5.1771e+00 -5.5736e+00 -6.8400e+00  1.0230e+01  1.0000e+00
-7.5718e+00  6.3614e+00  2.3152e+00 -2.7403e+01  2.2875e+01  7.3293e+00  3.6441e+01  1.0000e+00
 6.3127e-03  8.0221e-01  2.1078e-01 -2.4021e+00  2.3173e+01  2.8149e+00  2.3467e+01  1.0000e+00
 2.9507e-02  3.9209e-01  4.3494e-01 -1.5854e+01  9.1559e+00 -9.9739e+00  2.0848e+01  1.0000e+00
 2.4404e-03  9.4479e-01  6.4370e-02  3.1988e-01  3.7945e+00  3.9447e+00  5.4828e+00  1.0000e+00
-2.5849e-01  1.0022e+00  4.9190e-01 -8.6797e-02 -1.2093e+01  1.0066e+01  1.5734e+01  1.0000e+00
 5.2761e+00 -9.0147e+00 -4.4554e+00  1.3307e+01 -2.1911e+01 -1.1222e+01  2.7984e+01  1.0000e+00
-8.7777e-01  1.0651e+00  4.6887e-01  1.5446e+01 -1.2254e+00 -7.0675e+00  1.7030e+01  1.0000e+00
 6.7887e+00  1.8082e+00 -1.5579e+01  1.7881e+01  5.2714e+00 -3.8254e+01  4.2554e+01  1.0000e+00
-1.1603e+00  6.3268e+00 -4.1861e+00 -2.6375e+00  1.4224e+01 -8.0539e+00  1.6557e+01  1.0000e+00
-1.3567e+01 -4.8388e+00  3.2338e+00 -3.5757e+01 -1.2225e+01  8.4723e+00  3.8727e+01  1.0000e+00
 1.6904e+01 -1.6398e+00 -6.9644e+00  4.5233e+01 -4.3073e+00 -1.8367e+01  4.9010e+01  1.0000e+00
 6.5281e+00 -3.5999e+01  2.2295e+01  1.7616e+01 -9.7722e+01  6.0752e+01  1.1641e+02  1.0000e+00
-2.5615e-01  5.2788e-01 -6.7525e-02  9.0445e+00 -1.2396e+01  1.6331e+00  1.5432e+01  1.0000e+00
 4.2814e-02  6.0284e-01 -2.3693e-01 -6.4016e+00  3.4974e+00  1.2112e+00  7.3946e+00  1.0000e+00
-2.8791e-01  5.3684e-01  1.3511e-01 -1.2475e+01  1.4133e+01  1.5163e+01  2.4193e+01  1.0000e+00
-1.1812e+00  5.4532e-01  7.0275e-01  3.3906e+00 -6.3886e-01 -2.7438e+00  4.4082e+00  1.0000e+00
-8.4175e+00 -4.3223e+00 -4.3063e+00 -2.1229e+01 -9.7535e+00 -1.0891e+01  2.5776e+01  1.0000e+00
-9.1531e-01  2.4167e-01 -1.7980e-01  3.1404e+00 -1.2512e+00  7.0681e+00  7.8349e+00  1.0000e+00
-3.7346e-01  6.4775e-01 -8.9318e-01  7.2468e+00  7.5165e+00 -8.0065e+00  1.3157e+01  1.0000e+00
-1.8036e-01  5.6455e-01 -5.0199e-02  6.1917e-01 -2.2774e+00  1.3437e+01  1.3643e+01  1.0000e+00
-4.7212e-01  6.7284e-01  2.4773e-01 -6.6610e+00  9.4962e+00 -4.6308e+00  1.2490e+01  1.0000e+00
 2.3595e+00 -2.4876e+00 -2.9044e+00  3.6742e+00 -2.4615e+00 -3.2720e+00  5.5013e+00  1.0000e+00
-2.3417e-01  5.9494e-01  2.1312e-01 -6.5333e+00  2.2016e+01 -5.1987e+00  2.3546e+01  1.0000e+00
-1.8333e-01  4.0082e-01  5.4431e-02 -2.6172e+00 -1.1267e+00  3.6667e+00  4.6437e+00  1.0000e+00
 5.7350e+00 -6.8237e+00 -8.5017e+00  1.4357e+01 -1.7724e+01 -2.1026e+01  3.1022e+01  1.0000e+00
-6.5036e-02  5.8296e-01  6.2479e-01 -1.4218e+01 -3.3001e+00 -1.3991e+01  2.0219e+01  1.0000e+00
-1.9557e-01  7.7110e-01  8.0207e-02  1.1710e+01 -2.0556e+01 -1.9491e+00  2.3737e+01  1.0000e+00
-6.9939e-01  1.3327e+00  6.0985e-01  4.8417e+00 -6.7817e-01 -3.4071e+00  5.9591e+00  1.0000e+00
-5.7729e-01  4.3962e-01  1.0202e+00  4.4805e+00 -6.5160e+00 -1.3029e+01  1.5241e+01  1.0000e+00
 3.4743e+00 -1.3456e+00 -2.2910e+00  3.1765e+01 -1.6343e+01 -2.0891e+01  4.1383e+01  1.0000e+00
-1.2599e-01  6.4690e-01  1.5772e-01 -5.8861e+00  9.3448e+00  6.3211e+00  1.2725e+01  1.0000e+00
-1.0795e+00  1.0973e+00  7.5198e-02 -1.3857e+01  6.7425e+00 -5.2101e+00  1.6267e+01  1.0000e+00
-1.6138e+01  3.9081e+00  7.9207e+00 -6.0317e+01  1.4471e+01  2.9781e+01  6.8808e+01  1.0000e+00
-1.2363e-01  1.1068e+00  1.1396e-01 -3.2905e+00 -3.1603e+00  2.4860e+00  5.1957e+00  1.0000e+00
 7.8503e+00  5.4548e+00 -7.5207e-01  1.8300e+01  1.3698e+01 -1.0652e+00  2.2884e+01  1.0000e+00
-2.8523e-01  1.0599e+00  9.5421e-02 -4.3011e+00 -8.5296e+00  1.0370e+01  1.4099e+01  1.0000e+00
 2.0636e-01  5.0887e-01  6.8782e-01 -6.9584e+00 -2.3771e+00 -1.7062e+00  7.5486e+00  1.0000e+00
 5.8794e-03  6.3228e-01  1.5324e-01 -1.8583e+00 -1.6492e+01  1.6225e-01  1.6597e+01  1.0000e+00
 1.4023e+00  7.4583e+00 -1.3563e-01  4.1809e+00  1.5936e+01 -1.4797e+00  1.6542e+01  1.0000e+00
-1.5681e+02  1.9444e+02 -1.2974e+02 -3.7964e+02  4.7214e+02 -3.1702e+02  6.8377e+02  1.0000e+00
 3.0068e-01  1.6424e+00  6.8735e-01 -7.4008e+00  4.6123e+00  1.6661e+00  8.8781e+00  1.0000e+00
-3.0510e-01  6.5911e-01  2.7609e-01  1.8858e+01  7.9738e+00  2.3648e+00  2.0610e+01  1.0000e+00
 2.2412e-01 -4.7376e-01  2.5632e-01 -2.4970e+00  4.6500e+00  1.6772e-01  5.2807e+00  1.0000e+00
-2.8188e-01  5.3519e-01 -3.2704e-01  8.8600e+00 -7.5401e+00  2.4726e+00  1.1894e+01  1.0000e+00
-5.6916e-01  7.2370e-01  4.3122e-01  4.2023e-01  1.2641e+01  1.7795e+01  2.1831e+01  1.0000e+00
 5.3993e+00 -8.0516e+00 -7.6559e+00  1.2070e+01 -2.0385e+01 -2.1215e+01  3.1801e+01  1.0000e+00
 2.4233e+00 -5.2122e-01  1.1490e-01  3.7026e+00  3.9731e-02  1.5429e+00  4.0114e+00  1.0000e+00
-1.9490e+00  4.9007e-02  1.9961e+00 -8.2519e-01  7.4635e-01  4.8581e+00  4.9838e+00  1.0000e+00
-4.2525e-02  4.8055e-01  1.0882e-01 -9.0167e+00  3.7611e+00 -1.1095e+01  1.4783e+01  1.0000e+00
-1.1789e+01  6.3822e-01  1.0040e+01 -3.0807e+01  2.2818e+00  2.6647e+01  4.0796e+01  1.0000e+00
-4.6893e-01  7.9864e-01  4.2526e-01 -3.4788e+00 -6.4159e+00 -1.4869e+01  1.6564e+01  1.0000e+00
-2.3104e-01  6.5074e-01  3.5051e-01  1.7789e+01 -1.4686e+00  7.7199e+00  1.9448e+01  1.0000e+00
-7.9667e+00  7.1955e+00 -1.2832e+01 -2.0873e+01  1.9270e+01 -3.3718e+01  4.4090e+01  1.0000e+00
 1.3458e+01 -9.2211e+00  3.7006e+00  3.5333e+01 -2.3944e+01  9.8592e+00  4.3806e+01  1.0000e+00
 7.3301e+00 -4.4952e+00  8.1181e+00  1.8050e+01 -1.1116e+01  2.0678e+01  2.9614e+01  1.0000e+00
 4.2571e-01  7.0682e-01  7.2949e-01  3.9009e+00  3.0296e+00  1.7662e+01  1.8340e+01  1.0000e+00
-2.1989e-01  6.0370e-01  2.4289e-01 -2.1866e+00  1.1483e+01  9.9239e+00  1.5334e+01  1.0000e+00
-2.8544e-02  5.2840e-01  1.1254e-01  3.9865e+00 -3.1089e+00  6.0759e+00  7.9040e+00  1.0000e+00
-5.9848e+00  1.0304e+00  2.0559e+00 -1.2154e+01  1.0753e+00  3.4441e+00  1.2678e+01  1.0000e+00
-8.4938e-02  7.5466e-01  1.3223e-01 -1.2014e+01  8.8572e+00 -7.4330e+00  1.6674e+01  1.0000e+00
-6.8163e-02  6.5545e-01  3.5483e-01 -1.2970e+01  2.8781e+01  5.3527e+00  3.2019e+01  1.0000e+00
-4.6604e-01  5.9107e-01  7.4582e-02 -5.6538e+00 -4.6750e+00 -4.9546e+00  8.8527e+00  1.0000e+00
-1.6252e-01  5.2161e-01  2.4815e-01 -1.7062e+00 -9.0155e+00  2.0038e+01  2.2039e+01  1.0000e+00
-5.4334e+00  5.0648e+00 -4.5485e+00 -1.2420e+01  1.3623e+01 -1.0385e+01  2.1159e+01  1.0000e+00
-9.7242e-02  1.3104e+00  3.8374e-01 -1.5646e+01 -2.6185e-01 -5.5813e+00  1.6614e+01  1.0000e+00
-4.1214e+00  2.6302e+00 -1.0147e+01 -1.0448e+01  6.5653e+00 -2.5158e+01  2.8021e+01  1.0000e+00
-1.1236e+00  6.7473e+00  2.9975e+00 -5.6963e+00  1.4076e+01  4.6530e+00  1.5882e+01  1.0000e+00
-1.2740e+01 -2.8904e+00 -3.6972e+00 -3.3761e+01 -6.9431e+00 -8.6358e+00  3.5533e+01  1.0000e+00
-1.7981e+00  6.3545e-01  3.9879e-01 -2.7020e+00 -2.3148e+00  3.3001e+00  4.8528e+00  1.0000e+00
-5.6665e-02 -1.9925e-01 -2.4914e+00 -2.4552e-02 -1.1949e+00 -6.3733e+00  6.4844e+00  1.0000e+00
 1.2683e-01  9.2693e-01  6.3854e-01 -8.6811e+00  3.1425e+00  1.3817e+01  1.6617e+01  1.0000e+00
 2.1781e-02  6.5556e-01 -1.9428e-02  1.6619e+01  5.4600e+00  2.1231e+01  2.7510e+01  1.0000e+00
-2.3108e-01  8.7016e-01 -7.3823e-01  1.4193e+00 -1.4968e+00 -1.0565e+00  2.3176e+00  1.0000e+00
-6.9386e-02  8.1859e-01  1.8834e-01 -9.1317e+00  1.2955e+01  1.1868e+01  1.9801e+01  1.0000e+00
-1.1919e-01  8.1241e-01  1.4405e-01  9.6380e+00  9.3708e+00 -2.5748e+01  2.9046e+01  1.0000e+00
 2.6512e+00 -1.4249e+00  8.7854e-01  3.4127e+00 -1.7423e-01 -5.0772e+00  6.1200e+00  1.0000e+00
-8.9413e-02  9.7942e-01  2.6746e-01  1.4354e+01  3.5878e+01 -8.0007e+00  3.9462e+01  1.0000e+00
 1.1979e-01  3.9550e-01  4.8093e-01  6.4069e+00 -1.5039e+01  1.1824e+01  2.0175e+01  1.0000e+00
-1.6719e+01  1.8863e+01 -1.1548e+01 -4.1995e+01  4.4269e+01 -2.6675e+01  6.6595e+01  1.0000e+00
 9.7179e-02  3.6910e-01 -1.8124e+00  1.0581e+00  2.1348e+00 -2.4475e+00  3.4157e+00  1.0000e+00
 2.3689e+00  1.6650e+00 -8.5682e-01 -1.8705e+00  5.5819e+00 -3.8199e-02  5.8871e+00  1.0000e+00
-2.4212e+00 -5.6373e-01 -1.9438e+00 -2.1200e+01 -1.1666e+01 -2.1612e+01  3.2444e+01  1.0000e+00
-2.5161e-01  5.0371e-01  2.2326e-01  4.0803e+00  1.0377e+01 -1.8885e+01  2.1931e+01  1.0000e+00
-3.1782e-01 -9.2324e+00 -4.9558e+00 -6.3024e-01 -2.2348e+01 -1.2693e+01  2.5709e+01  1.0000e+00
-1.7004e-01  4.8298e-01  1.6419e-01  1.9251e+00  9.7446e+00  2.1708e+01  2.3873e+01  1.0000e+00
 5.4547e+00 -7.9957e+00 -7.6519e+00  1.5672e+01 -1.9802e+01 -1.7152e+01  3.0527e+01  1.0000e+00
-3.1197e-01  7.4684e-01  2.1246e-01 -1.8825e+01 -1.3535e+01  1.5178e+01  2.7712e+01  1.0000e+00
-2.6852e-01  6.2742e-01  2.9636e-01  3.9249e+00 -5.9572e+00 -9.2798e+00  1.1705e+01  1.0000e+00
 4.3610e-01  6.2022e+00  2.6995e+00  2.7105e+00  1.3194e+01  4.6453e+00  1.4248e+01  1.0000e+00
 2.6736e+00 -5.6244e+00  8.8048e+00  7.0406e+00 -1.3861e+01  2.1963e+01  2.6909e+01  1.0000e+00
 2.5522e-02  5.2314e-01  5.4347e-01  6.4243e+00  1.1350e+01  2.6988e+00  1.3319e+01  1.0000e+00
-4.0163e+00  2.6687e+00 -8.1892e-01 -4.3523e+01  2.3916e+01 -1.0169e+01  5.0692e+01  1.0000e+00
-2.1794e-01  7.3777e-01  1.7558e-01  1.2032e+01  1.8168e+00 -8.8302e+00  1.5035e+01  1.0000e+00
-2.1431e-01  9.0680e-01  1.4373e-01  2.2998e+01 -9.2161e+00  1.4643e+01  2.8780e+01  1.0000e+00
-6.8160e+00 -2.2726e+00  4.2812e+00 -1.6085e+01 -5.3963e+00  8.8135e+00  1.9119e+01  1.0000e+00
 1.0495e-01  3.4458e-01  4.9169e-01  2.5476e+00  8.2062e+00 -1.5231e+01  1.7488e+01  1.0000e+00
-1.2636e-01  7.6758e-01 -1.3228e-01 -1.4743e+00  1.5644e+01  5.8148e+00  1.6755e+01  1.0000e+00
 1.0145e+01 -1.3117e+01 -1.0207e+00  2.7028e+01 -3.4320e+01 -2.8086e+00  4.3775e+01  1.0000e+00
-1.9025e-01  1.0585e+00  1.5791e-01 -3.5002e+00 -1.8417e+01  1.3081e+01  2.2860e+01  1.0000e+00
-1.3331e+00  1.0354e+00  5.7056e-01  1.2944e+01  3.8653e+00 -8.7848e+00  1.6114e+01  1.0000e+00
 1.9230e-01  9.6272e-01  9.2348e-02 -9.3045e+00  8.5922e+00 -4.9309e+00  1.3591e+01  1.0000e+00
-6.4921e-01  4.7156e-01  5.0310e-01 -7.4402e+00 -1.1147e+01 -1.4783e+00  1.3483e+01  1.0000e+00
 1.8342e+00 -1.1717e+00  3.2973e-01 -2.3331e+00  2.1502e+00  4.6123e-01  3.2062e+00  1.0000e+00
-3.0228e-01  7.6674e-01  4.2579e-01  4.5191e-01  1.0290e+00 -1.7799e+01  1.7835e+01  1.0000e+00
 1.0648e-02  1.5570e+00 -4.9419e-01  8.1759e+00  6.4480e+00 -1.6382e-01  1.0414e+01  1.0000e+00
-3.6110e+00 -1.4139e+00 -8.9197e-01 -8.7861e+00 -2.5790e+00 -1.3976e+00  9.2628e+00  1.0000e+00
-1.5069e-01  5.7128e-01  4.6579e-02  7.4382e+00  1.2686e+01  1.6304e+01  2.1957e+01  1.0000e+00
-1.8610e-01  8.7082e-01  3.1679e-01  1.2423e+01 -2.3046e+01 -1.4884e+00  2.6224e+01  1.0000e+00
-3.0786e-01  5.1414e-01  4.5700e-01  1.1024e+00 -1.4200e+01 -4.0424e-01  1.4249e+01  1.0000e+00
-1.2647e-01  7.3125e-01  1.8313e-01 -7.0913e+00 -1.1525e+01  1.4742e+01  2.0011e+01  1.0000e+00
-9.3000e-03  5.8072e-01  2.6735e-01 -5.6477e+00 -1.4306e+01 -1.5068e+01  2.1531e+01  1.0000e+00
-7.5538e-01  6.1735e-01 -3.7526e-02  7.4738e-01  1.1107e+01  1.0731e+01  1.5462e+01  1.0000e+00
 4.2181e-02 -2.2106e-01 -4.5809e-02 -2.7044e+00  3.1343e+00 -1.5724e+00  4.4283e+00  1.0000e+00
 1.3186e-01  9.0222e-01  5.8117e-02 -1.1168e+01  1.5397e+01  4.7522e+00  1.9605e+01  1.0000e+00
-1.1841e+01  9.7639e+00  4.3996e+00 -8.1412e+01  6.5252e+01  3.0771e+01  1.0878e+02  1.0000e+00
 5.8722e-02  9.8892e-01 -3.6792e-01 -1.9028e+01  2.2585e+00  9.6599e+00  2.1459e+01  1.0000e+00
-3.9078e-01  5.3970e-01  1.9117e-01 -1.8186e+01 -1.9994e+01 -1.1759e+01  2.9475e+01  1.0000e+00
-4.9874e+01  1.8910e+00  4.4615e+01 -2.4181e+02  7.3671e+00  2.1773e+02  3.2547e+02  1.0000e+00
-3.3579e-02  8.4383e-01  3.3618e-01 -1.0066e+01 -4.6393e+00  4.5833e+00  1.1994e+01  1.0000e+00
-3.3364e-01  3.9701e-01  3.0930e-01  1.2026e+00 -2.0984e+01  2.0447e+01  2.9323e+01  1.0000e+00
-1.4695e-01  7.4580e-01  2.2810e-01 -1.8324e+00  1.9079e+01  5.6866e+00  1.9992e+01  1.0000e+00
-2.1551e+00  3.3024e+00  8.3762e+00 -4.4767e+00  6.2910e+00  1.6671e+01  1.8372e+01  1.0000e+00
 4.5077e+00  1.5171e+00  9.2570e-01  5.7753e+00  3.4142e+00  2.1953e+00  7.0591e+00  1.0000e+00
 5.9713e+00 -3.3599e+00 -5.1560e+00  1.3773e+01 -8.4262e+00 -1.1690e+01  1.9934e+01  1.0000e+00
 5.1030e-02  6.6664e-01  2.3115e-01  2.0612e+01 -4.9134e+00 -9.1875e+00  2.3095e+01  1.0000e+00
 8.0474e+00 -8.2516e+00 -1.2245e+01  2.1448e+01 -2.1577e+01 -3.1761e+01  4.3982e+01  1.0000e+00
-2.9429e-01  7.3909e-01  2.0218e-01 -1.2995e+01 -1.5130e+01 -1.0871e+01  2.2715e+01  1.0000e+00
-2.0682e-01  8.9084e-01  2.7087e-01  1.2340e+01 -8.8825e+00 -1.9768e+00  1.5333e+01  1.0000e+00
-1.7795e-01  8.4609e-01  2.8557e-01 -2.1519e+00  8.5786e+00  1.1869e+01  1.4802e+01  1.0000e+00
-2.0609e+00 -2.5746e+00 -2.7813e+00 -2.5341e+01 -4.2274e+01 -3.8900e+01  6.2789e+01  1.0000e+00
-2.8968e-01  1.0859e+00  1.9744e-01 -1.0736e+01 -7.1449e+00 -2.4295e+00  1.3123e+01  1.0000e+00
-1.0450e+00  2.2478e-01  2.5736e-01 -5.3030e+00  7.7532e-01 -6.5383e+00  8.4541e+00  1.0000e+00
-3.5864e-02  4.3422e-01  2.6172e-01 -4.2406e+00  1.0909e+01 -1.9169e+01  2.2460e+01  1.0000e+00
-3.6300e-01  4.4538e-01  4.9637e-01  2.7814e+00  8.5831e+00 -4.9136e+00  1.0274e+01  1.0000e+00
-1.6595e+00  1.1257e+00  1.4552e+00  2.0265e+00 -1.8067e+00  6.6911e-01  2.7962e+00  1.0000e+00
-5.1512e-01  8.3789e-01  8.6172e-01 -9.0470e+00  1.0243e+01  2.0248e+01  2.4428e+01  1.0000e+00
-2.2598e+00  3.1293e+00  9.1628e+00 -4.6485e+00  8.0477e+00  2.2016e+01  2.3897e+01  1.0000e+00
-1.1577e+00 -3.0689e-01 -5.2339e-01 -3.2708e-01 -2.7994e+00  9.0831e+00  9.5103e+00  1.0000e+00
-6.7498e-02  6.7693e-01  2.0877e-01 -5.9856e+00 -1.7308e+01  2.0242e+01  2.7297e+01  1.0000e+00
-1.8648e-01  6.4158e-01  1.4789e-01  7.0968e+00 -2.1372e+01  1.4361e+01  2.6709e+01  1.0000e+00
-6.3148e-01  2.2205e+00  2.0498e+00  4.3226e+00  1.9723e-01 -1.7680e+00  4.6744e+00  1.0000e+00
 6.3060e+00 -1.5829e+01  2.7760e+01  1.5618e+01 -3.9423e+01  7.0933e+01  8.2641e+01  1.0000e+00
 1.1805e+01  2.2654e+00  1.1067e+01  3.0914e+01  5.8485e+00  2.9363e+01  4.3036e+01  1.0000e+00
-5.1345e-02  7.4008e-01  3.2786e-01 -3.7666e+01  1.2190e+01  2.1374e+00  3.9647e+01  1.0000e+00
-3.5377e-01  1.1023e+00  6.1749e-01 -7.2256e+00  3.2695e+00  3.4113e+00  8.6334e+00  1.0000e+00
 1.1344e-01  6.3086e-01  3.3325e-02  1.3231e+01  1.8792e-01 -4.9923e+00  1.4142e+01  1.0000e+00
-3.1453e+00  1.9750e+00  1.2466e+01 -8.1171e+00  5.6011e+00  3.2033e+01  3.3517e+01  1.0000e+00
-8.3312e+00 -1.9379e+00 -8.0753e+00 -2.0712e+01 -2.5795e+00 -1.9189e+01  2.8352e+01  1.0000e+00
-1.8320e-01  8.7502e-02  3.2797e-01  9.6405e+00 -1.7885e+01 -6.0453e+00  2.1198e+01  1.0000e+00
-4.1882e+00 -6.7615e+00 -6.7605e-01 -1.2458e+01 -2.2677e+01 -1.3397e+00  2.5908e+01  1.0000e+00
-1.4444e+00 -4.8249e-01  6.4122e-01 -4.5587e+00 -6.5673e+00  2.7030e+00  8.4391e+00  1.0000e+00
-9.9849e-02  6.9141e-01  1.7460e-01 -7.4400e+00  1.1027e+01 -7.1274e+00  1.5091e+01  1.0000e+00
-1.4262e+00 -8.1287e-01 -1.1356e-01 -7.8336e+00 -5.4780e+00 -5.8027e-01  9.5766e+00  1.0000e+00
-3.3019e-01  6.5689e-01  2.7297e-01  7.2598e+00  9.6096e+00  2.6905e+01  2.9478e+01  1.0000e+00
-8.2279e-02  5.2584e-01  2.1535e-01  9.9318e+00  2.2244e+01  5.2680e+00  2.4923e+01  1.0000e+00
-4.2940e+00  1.3454e+01 -1.7644e+00 -1.0901e+01  3.4780e+01 -4.3663e+00  3.6709e+01  1.0000e+00
 3.1314e+00  4.9516e-01  2.7078e+00  4.0259e+00  4.1586e+00  6.9945e+00  9.0788e+00  1.0000e+00
-8.1036e+00 -3.2822e-01 -2.0593e+00 -1.8641e+01  3.3903e-01 -4.9896e+00  1.9300e+01  1.0000e+00
 2.9444e-01  1.1315e+00 -1.5881e+00  6.7568e+00  3.9339e+00 -1.0451e+01  1.3052e+01  1.0000e+00
-6.5708e+00 -2.7197e+00  4.4688e+00 -1.4497e+01 -5.2851e+00  1.0668e+01  1.8759e+01  1.0000e+00
-4.4498e-01  9.3075e-01 -1.3519e-01 -2.9704e+00  6.8623e-01  1.9162e+00  3.6008e+00  1.0000e+00
 1.5686e+01  5.6211e+00  1.3291e+00  4.1009e+01  1.5013e+01  3.3655e+00  4.3801e+01  1.0000e+00
 5.7866e+00  8.1714e+00  9.6441e-01  1.4550e+01  1.9804e+01  3.1375e+00  2.4774e+01  1.0000e+00
-1.2255e+01 -7.4918e+00 -4.6150e+00 -3.2272e+01 -1.9085e+01 -1.2258e+01  3.9446e+01  1.0000e+00
-7.1291e-01 -8.8944e-01 -3.7386e-01 -4.1350e+00  6.8144e+00  6.7350e+00  1.0435e+01  1.0000e+00
-1.2138e+01 -3.7174e-01 -3.1624e+00 -3.1180e+01 -4.3783e-01 -8.2288e+00  3.2251e+01  1.0000e+00
-1.4786e-01  7.6170e-01  6.4047e-01  3.7994e+00 -4.2156e+00 -2.1190e+01  2.1937e+01  1.0000e+00
-1.8944e-01  2.7588e-01  4.9668e-01  7.5782e+00 -3.4704e+00  4.7969e+00  9.6168e+00  1.0000e+00
-2.6206e+00  9.8697e+00 -3.9185e+00 -5.9999e+00  2.5007e+01 -9.1214e+00  2.7286e+01  1.0000e+00
 1.2314e+01  1.0220e+01 -7.7853e+00  4.7335e+01  3.8309e+01 -2.9556e+01  6.7689e+01  1.0000e+00
-3.0157e-01  3.2736e-01  2.9346e-01 -1.1597e+01 -8.7040e+00  1.6892e+01  2.2262e+01  1.0000e+00
-1.2164e+00  5.6704e-02 -2.8911e+00  3.9303e-01  2.9624e+00 -1.3290e+00  3.2706e+00  1.0000e+00
-4.7777e-01  1.1670e+00 -7.0708e-02  6.7088e+00  9.2895e+00  2.8462e+00  1.1807e+01  1.0000e+00
 2.7103e+00 -2.4976e+00 -1.0762e+00  5.3827e+00 -3.4430e+00  3.2707e+00  7.1781e+00  1.0000e+00
 3.5170e-01 -2.7752e-01  4.9413e-01  1.1952e+01 -1.3709e+01  3.4469e+00  1.8511e+01  1.0000e+00
-1.0728e+00  3.5989e-01  8.3042e-01 -4.8381e+00  5.7364e+00  7.9220e+00  1.0912e+01  1.0000e+00
-9.2104e+00 -4.6080e+00 -1.6102e+01 -2.4931e+01 -1.2660e+01 -4.4056e+01  5.2180e+01  1.0000e+00
-1.6585e+01 -5.6226e+00 -5.2969e-01 -4.4016e+01 -1.4310e+01 -1.5440e+00  4.6310e+01  1.0000e+00
 1.9686e+00 -2.3274e+00 -3.1776e+00  5.2242e+00 -1.8203e+00 -4.8372e+00  7.3488e+00  1.0000e+00
 1.6836e+01  2.8178e+00 -1.7185e+00  4.4235e+01  7.9685e+00 -4.7432e+00  4.5197e+01  1.0000e+00
-2.7734e-01  9.3334e-01  4.1264e-01 -6.2830e+00  1.7935e+01 -6.1035e+00  1.9959e+01  1.0000e+00
-3.5378e-01  6.8455e-01  8.3638e-02  6.1590e+00 -4.4996e+00 -6.6826e+00  1.0141e+01  1.0000e+00
-4.3347e-02  7.5629e-01  2.8747e-01  7.7553e+00  1.1536e+00 -2.4224e+01  2.5461e+01  1.0000e+00
 9.0608e-01 -8.3939e-02  4.7270e-01  5.6112e+00  1.2918e+00  9.4179e-01  5.8345e+00  1.0000e+00
 1.9906e-02  6.3343e-01  2.4819e-01  5.4931e+00 -8.3739e-01 -1.8592e+01  1.9404e+01  1.0000e+00
 4.0705e-01  2.2648e-01 -1.2883e-01 -9.2819e+00  2.7994e+00  8.2233e+00  1.2713e+01  1.0000e+00
-7.3401e-02  6.6171e-01  5.5203e-01  4.0862e+00 -4.9131e+00 -8.3267e+00  1.0496e+01  1.0000e+00
-7.0631e+00  6.0553e+00 -1.2113e+00 -1.6747e+01  1.4131e+01 -2.3117e+00  2.2033e+01  1.0000e+00
-3.4275e-01  5.5488e-01  2.4277e-01 -1.5454e+01  9.1337e+00  1.7647e+01  2.5173e+01  1.0000e+00
-7.4223e+00 -2.2085e+00 -1.7344e-02 -1.6223e+01 -4.9653e+00 -4.3501e-01  1.6971e+01  1.0000e+00
 5.7489e-03  1.2962e+00 -4.0603e-01 -1.0171e+00  6.5521e+00 -9.8219e+00  1.1851e+01  1.0000e+00
-4.5556e-01  7.6143e-01 -3.2724e-01 -1.1338e+00  4.4853e+00  1.1184e+00  4.7597e+00  1.0000e+00
-2.7626e-01  7.9236e-01  2.3260e-01  8.4746e+00  2.1700e+01 -1.7931e+01  2.9397e+01  1.0000e+00
-3.8126e-01  6.4779e-01  6.5901e-01  3.0935e+00 -9.5994e+00  1.1008e+00  1.0145e+01  1.0000e+00
 5.3766e+00 -1.3339e+01 -6.4196e+00  1.4137e+01 -3.4574e+01 -1.6703e+01  4.0917e+01  1.0000e+00
-1.2058e+01 -2.2413e+00  1.0863e+01 -3.1745e+01 -5.3426e+00  2.8578e+01  4.3046e+01  1.0000e+00
-3.0351e-01  3.0929e-01  1.0299e-02  1.5158e+00  2.0459e+01  3.5132e+00  2.0813e+01  1.0000e+00
-1.9599e+00 -1.2065e+00 -3.3163e+00 -3.0184e+00 -6.3214e-03 -2.9768e+00  4.2393e+00  1.0000e+00
 2.0026e+00 -1.1390e+00  1.0007e+00 -2.7165e+00  3.9437e+00  1.9052e+00  5.1538e+00  1.0000e+00
-3.6096e-01  7.3851e-01  2.4292e-01  6.1912e+00  1.2898e+01  2.2672e+01  2.6809e+01  1.0000e+00
-1.2362e+00 -1.0737e+01 -7.5260e+00 -2.5450e+00 -2.8227e+01 -2.0077e+01  3.4732e+01  1.0000e+00
-2.1384e+00  3.7151e+00 -3.0814e+00 -3.7039e+00  6.2061e+00 -3.6099e+00  8.0787e+00  1.0000e+00
-1.3112e+00  4.6217e-01  4.1576e-01  3.9418e+00  2.3908e+00  1.4288e+00  4.8265e+00  1.0000e+00
 4.3506e-01  1.0093e+00  3.6835e-01  6.4215e-01  2.5701e+00  2.1711e+00  3.4252e+00  1.0000e+00
 4.7375e-01  1.6935e+00  2.7068e-02  4.9678e+00  4.3475e+00 -4.0473e-01  6.6139e+00  1.0000e+00
-2.2849e+00  1.0246e+01 -4.3688e+00 -5.6642e+00  2.4931e+01 -1.0282e+01  2.7557e+01  1.0000e+00
-8.0714e-01  7.3893e-01  8.1491e-01 -1.9645e+00  2.2824e+00  5.5211e+00  6.2890e+00  1.0000e+00
 1.2460e-01  1.8058e+00  1.2992e+01  1.8490e+00  5.1765e+00  2.8782e+01  2.9302e+01  1.0000e+00
-1.9269e-02  1.7290e+00 -3.8729e-01  2.2433e+00  1.7163e+01 -1.2354e+01  2.1266e+01  1.0000e+00
-2.0704e-01  8.7477e-01  1.7023e-01  1.9387e+01 -1.7172e+00  1.4939e+00  1.9520e+01  1.0000e+00
-3.5109e-02  1.3684e+00  4.7030e-01 -1.0522e+00  1.0033e+01  1.4677e-01  1.0089e+01  1.0000e+00
-2.3279e-01  8.5026e-01  5.5025e-01  1.1642e+00  4.0009e+00 -1.5305e+01  1.5862e+01  1.0000e+00
 3.7976e+00  7.8544e+00  4.2830e+00  9.5246e+00  1.9292e+01  1.0020e+01  2.3734e+01  1.0000e+00
-2.3309e-01  8.2611e-01  2.9476e-01  2.4095e+01  1.0195e+01 -7.2621e+00  2.7153e+01  1.0000e+00
-5.1029e-01  1.4683e+00  5.4974e-02  3.1668e+00 -1.6156e+01 -5.7831e-01  1.6474e+01  1.0000e+00
 2.4938e-01  7.7733e-01 -3.5715e-01 -4.2971e+00  5.4219e+00  9.6886e+00  1.1905e+01  1.0000e+00
-2.3268e-01  1.1774e+00  2.9163e-01  5.8216e+00 -8.0963e+00  4.2563e+00  1.0842e+01  1.0000e+00
-3.9131e-01  9.3782e-01  2.6293e-01 -7.9272e+00 -4.2092e+00 -4.7737e+00  1.0166e+01  1.0000e+00
-2.9830e-01  9.9403e-01 -5.1517e-02 -3.9499e+00 -3.6337e+00  8.3890e+00  9.9590e+00  1.0000e+00
 6.3099e+00 -4.6683e+00 -8.4927e-01  1.4257e+01 -1.0224e+01 -1.4274e+00  1.7602e+01  1.0000e+00
-6.2492e-01  1.2269e+00 -3.3487e-02  5.7062e+00  6.3690e+00  9.8305e+00  1.3029e+01  1.0000e+00
 1.1453e+01 -2.0795e+01  1.3223e+01  2.5275e+01 -5.0430e+01  3.2493e+01  6.5098e+01  1.0000e+00
 5.2811e-02 -1.0665e+00  9.1471e-02 -1.7384e+00  5.5461e+00  1.1511e+01  1.2895e+01  1.0000e+00
 1.1418e+00 -5.6453e+00 -1.6077e+01  2.7613e+00 -1.4666e+01 -4.2136e+01  4.4701e+01  1.0000e+00
-4.2429e+00 -6.3858e+00 -1.0950e+01 -1.1818e+01 -1.6364e+01 -2.8270e+01  3.4737e+01  1.0000e+00
-8.3293e-01 -1.1696e+01  1.2692e+00 -1.8305e+00 -2.9927e+01  3.2193e+00  3.0156e+01  1.0000e+00
-1.5952e+01 -8.1407e+00 -4.1932e+00 -4.2633e+01 -2.1226e+01 -1.1048e+01  4.8890e+01  1.0000e+00
-1.6885e-01  9.1197e-01  6.6336e-02 -5.7026e+00  9.3420e+00  1.1459e+01  1.5846e+01  1.0000e+00
-1.2915e+01 -3.1930e+00 -2.4515e+00 -3.3753e+01 -8.2652e+00 -6.2085e+00  3.5301e+01  1.0000e+00
-3.2529e-01  7.2659e-01 -5.8701e-01 -1.0287e+00 -6.6442e-01 -1.6229e+01  1.6275e+01  1.0000e+00
 2.9916e-01  1.1022e+00  2.5149e-01  4.6703e+00 -5.3205e+00 -5.1142e+00  8.7336e+00  1.0000e+00
-2.0923e+00 -8.0720e-02 -6.2858e+00 -5.2539e+00  6.8009e-01 -1.7673e+01  1.8450e+01  1.0000e+00
-3.3544e-01  9.1792e-01 -1.3662e-01 -2.6991e+01 -7.0843e+00  9.5900e+00  2.9507e+01  1.0000e+00
-4.2435e-01  6.4395e-01  2.2358e-01 -4.7993e+00  3.3224e+00 -6.6777e+00  8.8693e+00  1.0000e+00
