# limit = 13.4948
#
# x           y           z           vx          vy          vz          s           m
 1.6971e-01 -1.8960e+00 -5.5171e-01 -3.3247e+00  3.1347e+00  5.2881e+00  6.9888e+00  1.0000e+00
-1.6429e-01  8.8599e-01  1.4749e-01  1.8798e+01 -1.1396e+01 -5.2847e+00  2.2609e+01  1.0000e+00
 1.3789e+01  5.0619e-01  2.6987e+00  3.4417e+01  1.9239e+00  6.7596e+00  3.5127e+01  1.0000e+00
-2.5735e-01  5.3310e-01  5.3649e-01 -3.6872e-01  1.5056e+01 -3.3535e+00  1.5429e+01  1.0000e+00
-1.1583e+01  4.4199e+00  7.0205e+00 -2.9562e+01  1.0959e+01  1.7453e+01  3.6036e+01  1.0000e+00
 4.9920e+00 -1.6710e+00  1.4366e+01  1.3014e+01 -3.6944e+00  3.6469e+01  3.8898e+01  1.0000e+00
 8.5889e-01 -1.1720e+01 -8.1679e+00  1.5658e+00 -2.9663e+01 -2.0230e+01  3.5939e+01  1.0000e+00
 2.9093e-02  9.8521e-02 -1.6363e-01  7.3710e+00 -1.1602e+01 -7.3697e+00  1.5597e+01  1.0000e+00
-1.8568e+01  1.3499e+01  4.1506e+01 -4.5547e+01  3.3390e+01  1.0464e+02  1.1890e+02  1.0000e+00
 1.7220e+01 -9.0245e+00  4.3387e-01  1.1459e+02 -6.2068e+01  3.0451e+00  1.3036e+02  1.0000e+00
 2.6543e+00  3.2833e+00  2.2180e+00  2.3409e+00  4.7462e+00  2.3492e+00  5.7901e+00  1.0000e+00
-2.9891e-01  5.1394e-01 -9.9551e-02  1.4178e+01  1.0459e+01  2.0947e+00  1.7742e+01  1.0000e+00
-8.8035e-01  1.6035e+00 -3.1348e-01 -5.3635e+00  1.7185e+01  8.9990e-01  1.8025e+01  1.0000e+00
 3.9761e+00  8.1876e-01 -8.1489e-01  8.2774e+00  3.1087e+00 -3.3786e-01  8.8484e+00  1.0000e+00
 5.2953e-01  2.0282e-01  5.7797e-01  1.2647e+01 -1.3700e+01  4.3570e+00  1.9147e+01  1.0000e+00
-5.1444e+00 -7.4653e-01 -4.1553e+00 -1.1290e+01 -2.5514e+00 -7.1156e+00  1.3587e+01  1.0000e+00
 8.3936e+00 -8.7560e+00 -9.9807e+00  2.1197e+01 -2.2222e+01 -2.5655e+01  4.0017e+01  1.0000e+00
-1.7632e-01  8.5618e-01 -1.0699e-01 -5.2554e+00  1.6513e+01 -8.0428e+00  1.9105e+01  1.0000e+00
-1.3629e-01  7.4211e-01  3.2530e-01  1.3267e+01 -3.6997e+00  1.5732e+00  1.3862e+01  1.0000e+00
 2.9086e+01  2.3842e+01 -1.0410e+01  7.3455e+01  5.8923e+01 -2.5217e+01  9.7486e+01  1.0000e+00
-3.2090e-01  3.6837e-01  1.4966e-01  6.9629e-01 -1.5926e+01  7.3153e+00  1.7540e+01  1.0000e+00
-1.8351e-01  8.3439e-01  7.1110e-02  2.0843e+01  9.7479e+00 -1.0141e+01  2.5145e+01  1.0000e+00
-1.6224e+00 -1.4666e+00  3.0989e+00 -9.0751e+00 -1.2995e+01  1.7733e+01  2.3784e+01  1.0000e+00
-6.2422e+00  1.1730e+01 -1.1934e+01 -1.5997e+01  3.0652e+01 -3.0635e+01  4.6194e+01  1.0000e+00
-4.0332e-01  1.3456e+01 -5.9833e+00 -1.2230e+00  3.4088e+01 -1.4991e+01  3.7258e+01  1.0000e+00
-3.2750e+00  1.6896e+00 -5.5837e+00 -8.6480e+00  5.6779e+00 -1.1281e+01  1.5306e+01  1.0000e+00
 4.4426e+00 -1.0555e+01  2.0787e+00  1.0230e+01 -2.6672e+01  4.8607e+00  2.8977e+01  1.0000e+00
 2.7206e+01 -7.0708e+00 -2.6238e+01  7.5269e+01 -1.9842e+01 -7.2637e+01  1.0647e+02  1.0000e+00
 7.8578e-01 -1.6159e+01 -2.1319e+01  2.1794e+00 -4.2225e+01 -5.5678e+01  6.9912e+01  1.0000e+00
-1.9342e-01  6.0510e-01  1.9663e-01 -1.2933e+00 -6.9073e+00 -5.1582e+00  8.7172e+00  1.0000e+00
-3.1930e-01  8.0426e-01  4.3495e-01  1.1293e+01 -1.1418e+01 -1.3860e+00  1.6119e+01  1.0000e+00
-3.6890e-01  6.5145e-01 -2.4849e-02 -4.8788e+00 -5.3240e+00  1.1560e+01  1.3630e+01  1.0000e+00
-1.9149e-01  8.4745e-01  3.7492e-01 -9.7862e+00  2.0826e+01 -1.1976e+01  2.5941e+01  1.0000e+00
-2.6833e-01  8.5590e-01 -1.3939e-01  1.8005e+01 -1.4337e+01  4.3592e+00  2.3425e+01  1.0000e+00
-5.6702e-01  7.2576e-01  2.9682e-01 -8.0699e+00  2.6184e+00  6.4465e-01  8.5085e+00  1.0000e+00
-5.2883e-01  5.4905e-01  4.5264e-01 -3.1053e+00  1.5911e+01  1.4097e+01  2.1483e+01  1.0000e+00
-5.6531e-01  2.1609e+00 -7.6156e-01  2.5952e+00  8.1192e+00 -5.7666e+00  1.0291e+01  1.0000e+00
-1.1257e+01  2.1557e+01 -2.7341e+01 -2.8549e+01  5.4713e+01 -6.7980e+01  9.1814e+01  1.0000e+00
-1.9181e-01  7.5830e-01  8.5376e-01 -5.0993e+00 -1.6276e+00 -8.1555e+00  9.7552e+00  1.0000e+00
 8.3357e+00 -1.9139e+00  6.9839e+00  1.9894e+01 -4.1797e+00  1.6856e+01  2.6408e+01  1.0000e+00
 4.9443e+00  4.5038e+00  4.1587e-01  9.4732e+00  9.1109e+00  2.1325e+00  1.3315e+01  1.0000e+00
 2.2984e+00  6.6818e-01 -8.7252e-02  7.7702e+00  1.4781e+00 -3.4876e+00  8.6443e+00  1.0000e+00
-1.3678e-01  5.6724e-01  4.4880e-01 -1.4043e+01 -1.0335e+01  2.7367e+00  1.7650e+01  1.0000e+00
 1.6160e+00 -4.8435e+00  1.5591e+01  4.3173e+00 -1.2092e+01  3.9868e+01  4.1884e+01  1.0000e+00
 1.5010e+01  7.2828e+00  1.1768e+00  3.8979e+01  1.8740e+01  3.1582e+00  4.3365e+01  1.0000e+00
 9.0320e-01 -9.8558e+00  1.5560e+00  3.2508e+00 -2.4142e+01  4.3064e+00  2.4738e+01  1.0000e+00
-2.6900e-01  7.8513e-01 -5.4373e-02 -2.4516e+00 -7.0501e-01 -1.4022e+01  1.4252e+01  1.0000e+00
 2.3974e+00 -2.0598e+00 -3.4486e-01  2.7108e+00  1.4982e+00  1.5509e+00  3.4638e+00  1.0000e+00
 7.0987e+00 -2.7406e+00  3.1123e+00  1.5309e+01 -6.0681e+00  7.2190e+00  1.7981e+01  1.0000e+00
-3.4194e-01  7.9540e-01 -7.6055e-01 -7.3861e+00  3.4554e+00  3.8544e+00  9.0194e+00  1.0000e+00
-4.3714e-01  8.9809e-01  6.2855e-01 -7.1070e+00  4.9421e+00  3.9727e+00  9.5245e+00  1.0000e+00
-4.6767e-01  1.0646e+00  2.5554e-01 -2.4856e+00  6.1330e+00  9.7338e+00  1.1770e+01  1.0000e+00
-2.3246e+00 -3.6630e+00  3.6220e+00 -3.8832e+00 -6.2686e+00  6.5120e+00  9.8377e+00  1.0000e+00
-6.0079e-01  6.4838e-01  3.5075e-01 -4.1077e+00 -6.6456e+00 -6.2689e-01  7.8378e+00  1.0000e+00
-3.0572e-01  6.2568e-01  3.4731e-01  1.7001e+01 -7.2642e-01 -1.1347e+01  2.0453e+01  1.0000e+00
-3.4046e-01  5.9752e-01  6.5636e-01  6.2421e+00  6.1106e+00  7.3455e-02  8.7355e+00  1.0000e+00
-1.3293e-01  9.2860e-01  2.6603e-01  1.4491e+01  1.7562e+00 -4.6936e+00  1.5333e+01  1.0000e+00
-1.9341e-01  1.0096e+00 -1.5449e-02 -2.6264e+00 -1.0682e+01 -6.1087e+00  1.2583e+01  1.0000e+00
-4.7569e-02  7.0368e-01  6.1794e-01 -1.3270e+01  2.1030e+00 -6.7786e+00  1.5049e+01  1.0000e+00
 3.8627e+00 -2.0172e+00  1.1263e+01  9.1300e+00 -5.4548e+00  2.8136e+01  3.0079e+01  1.0000e+00
-1.0219e-01  4.8749e-01  2.3467e-01 -1.1288e+01  7.4507e+00 -1.4858e+01  2.0092e+01  1.0000e+00
-1.5726e+00 -1.9764e+00  1.2338e+00 -8.6805e+00 -1.7388e+01  6.8161e+00  2.0595e+01  1.0000e+00
 6.6977e+00  6.1106e-01 -3.2491e+00  1.8990e+01  2.0322e+00 -9.0986e+00  2.1155e+01  1.0000e+00
-2.7818e-01  6.8430e-01  7.4319e-01 -6.6009e+00  9.9394e+00  3.3389e+00  1.2390e+01  1.0000e+00
 1.5653e+00 -6.0809e-01  6.3486e-01 -6.2719e+00  1.7492e+00 -1.4774e+00  6.6767e+00  1.0000e+00
 5.3583e-01  2.8877e-01  2.6142e-01 -2.4551e+00  9.5820e+00 -7.0957e+00  1.2173e+01  1.0000e+00
-1.6231e-01  6.9702e-01  5.5724e-02 -2.4000e+00 -7.7963e+00  1.3877e+00  8.2745e+00  1.0000e+00
-2.0227e-01  9.8575e-01  2.6095e-01 -9.0216e+00  1.0253e+01 -7.7394e+00  1.5697e+01  1.0000e+00
-3.0897e-01  5.7167e-01  3.8156e-01 -6.7535e-02  1.0761e+01  1.7974e+01  2.0949e+01  1.0000e+00
-4.0202e-01  1.1009e+00  4.2239e-01  8.8724e+00 -1.8525e+01 -6.8445e+00  2.1650e+01  1.0000e+00
 1.3462e+01  1.5650e+00  2.4784e+00  3.4191e+01  3.5449e+00  6.0939e+00  3.4911e+01  1.0000e+00
-7.2224e-02  7.8982e-01  1.0162e-01 -5.2029e+00  1.3670e+01 -1.4687e-01  1.4627e+01  1.0000e+00
-5.5375e-01  7.4289e-01  3.2413e-01 -2.0403e+01 -1.1565e+01  1.3660e+01  2.7141e+01  1.0000e+00
-1.3783e+00  1.8085e-01 -2.6799e-01  2.5290e+00  1.6015e+00 -2.0569e+00  3.6321e+00  1.0000e+00
 2.0687e-01  4.6173e-01  3.4838e-01 -2.5049e+00  2.8890e+00 -5.5068e-01  3.8632e+00  1.0000e+00
-3.3922e-01  6.6758e-01  1.8894e-01 -1.6026e+01  1.3275e+01 -9.2481e+00  2.2773e+01  1.0000e+00
 3.5783e-02  5.9406e-01  4.7904e-01  8.9647e+00  7.2947e+00  4.0597e+00  1.2250e+01  1.0000e+00
-5.1911e-01  1.5443e+00 -2.5371e-01  5.2090e+00 -1.1313e+01  2.2209e+00  1.2651e+01  1.0000e+00
 1.6055e+01 -7.7673e+00 -1.8730e+00  4.1676e+01 -1.9607e+01 -4.7242e+00  4.6299e+01  1.0000e+00
-9.5533e+00 -5.9235e+00 -3.7477e+00 -2.3804e+01 -1.4159e+01 -8.8786e+00  2.9085e+01  1.0000e+00
-2.8404e-01  4.4001e-01  1.9309e-01 -6.6136e+00  4.5228e+00 -4.0291e+00  8.9682e+00  1.0000e+00
 8.3399e+00  2.1087e+00  5.4742e+00  3.2622e+01  7.0446e+00  2.0874e+01  3.9364e+01  1.0000e+00
 8.2892e-01 -8.8873e-02 -2.4512e-01 -8.6147e+00  7.9257e+00  8.0789e+00  1.4223e+01  1.0000e+00
 3.7059e+00  3.0617e+00  4.6657e+00  6.5950e+00  6.7616e+00  8.9207e+00  1.2992e+01  1.0000e+00
-1.3713e-01  5.8852e-01  2.3910e-01  7.7126e+00  2.1663e+01  6.1342e+00  2.3799e+01  1.0000e+00
-2.2983e-01  1.0089e+00  4.9659e-02 -6.9295e+00  2.6597e+01 -2.7118e+00  2.7618e+01  1.0000e+00
 3.3520e-01  4.5510e-01 -2.0630e-01  6.1711e-01  3.5536e+00  3.1865e+00  4.8127e+00  1.0000e+00
 1.7863e+00 -1.2291e+00  2.0137e+00 -1.2209e+00  1.5150e+00 -8.9934e-02  1.9478e+00  1.0000e+00
 4.7059e+01  1.2154e+01 -4.5858e+01  2.2218e+02  5.5313e+01 -2.1506e+02  3.1413e+02  1.0000e+00
 3.1042e-02  8.8696e-01  1.1933e-01 -7.5222e+00  1.3791e+01 -7.3158e+00  1.7329e+01  1.0000e+00
 2.1687e+00 -9.9487e-01  1.8090e+00  1.2441e-01  1.2420e+00 -1.2676e+00  1.7790e+00  1.0000e+00
 1.5656e-01  2.8067e-01  6.0531e-01 -2.0371e-01 -3.9328e+00 -5.8151e+00  7.0231e+00  1.0000e+00
-9.7950e-01  1.0400e+00  5.7572e-01 -1.7255e+01  5.3372e+00  6.5353e+00  1.9208e+01  1.0000e+00
-4.8487e-01  3.3834e-01 -1.2451e-01  1.0230e+01  6.8742e+00  9.2777e+00  1.5427e+01  1.0000e+00
 2.4715e+00 -8.9297e-01 -2.6416e-01  1.0520e+01 -4.0736e+00 -1.4686e+00  1.1376e+01  1.0000e+00
 1.1436e-01  5.7220e-01  2.1955e-01  1.2353e+01 -6.3151e+00  5.8210e+00  1.5045e+01  1.0000e+00
 1.2182e+00  3.3237e+00  5.0894e+00  1.7468e+01  3.4383e+01  6.1884e+01  7.2917e+01  1.0000e+00
-5.2816e+00 -7.7655e+00 -8.7024e+00 -1.3166e+01 -1.9054e+01 -2.1521e+01  3.1616e+01  1.0000e+00
 1.2048e+00 -2.5326e+00 -1.0915e+01  2.7920e+00 -5.5437e+00 -2.3776e+01  2.4573e+01  1.0000e+00
 6.7747e-01  3.7070e+00 -1.9836e+00  4.3113e+00  4.4906e+00 -1.3340e+00  6.3665e+00  1.0000e+00
-4.2468e-01  8.2631e-01 -9.4336e-02  5.6428e+00 -1.2663e+00  2.8306e+00  6.4387e+00  1.0000e+00
-3.3499e-02  8.0048e-01  7.6324e-02 -8.4678e+00  4.3237e+00  5.1916e+00  1.0833e+01  1.0000e+00
 1.5519e+00 -2.9241e-01 -4.3210e-02 -5.0678e+00  7.7965e+00  1.9790e+00  9.5071e+00  1.0000e+00
 2.4306e-01  5.8453e-01  1.7543e-01  1.7616e+01 -7.1917e+00 -2.7622e+00  1.9227e+01  1.0000e+00
 1.3337e+01  5.0367e+00 -3.3169e-01  3.3601e+01  1.3324e+01 -9.2544e-01  3.6158e+01  1.0000e+00
 6.6733e-02  7.1676e-01  6.8329e-02  6.0574e+00  6.8440e+00 -9.8995e+00  1.3473e+01  1.0000e+00
 9.9030e+00  5.4664e-01  1.1112e+01  2.4982e+01  1.5505e+00  2.8015e+01  3.7568e+01  1.0000e+00
-8.0384e-01  1.2787e+00  5.0431e-01 -1.0916e+01  6.8809e+00  2.8807e-01  1.2907e+01  1.0000e+00
 3.2038e-01  1.2687e-01  2.4582e-01 -1.3279e+01 -6.1372e+00  6.4221e+00  1.5976e+01  1.0000e+00
-1.6068e+01  3.3472e+00  3.6510e+00 -4.1370e+01  9.0430e+00  9.5234e+00  4.3405e+01  1.0000e+00
 3.5988e-01  6.2771e-01 -3.9308e-01 -6.0058e-01  9.9940e+00 -3.1656e+00  1.0501e+01  1.0000e+00
 3.5035e+00 -5.7916e+00  1.0072e+01  1.2701e+01 -1.3597e+01  2.5131e+01  3.1269e+01  1.0000e+00
 3.8560e+00 -3.9602e+00  8.2391e+00  8.8386e+00 -9.4268e+00  1.9653e+01  2.3520e+01  1.0000e+00
 6.6756e+00 -8.1112e+00 -3.0775e+00  1.4787e+01 -1.9591e+01 -7.7587e+00  2.5742e+01  1.0000e+00
 3.0982e+00 -1.6053e+00  7.3955e-01  1.4689e+00  8.9226e-01  1.4369e+00  2.2402e+00  1.0000e+00
-2.8553e-01  8.8086e-01 -1.9330e-01  5.6706e-01 -5.4085e+00 -2.0378e+01  2.1092e+01  1.0000e+00
-1.4254e-01  3.8698e-01 -3.4554e-01 -6.5219e+00 -7.6826e+00 -5.0314e-01  1.0090e+01  1.0000e+00
 7.2925e-03  1.0144e+00  4.3053e-01 -3.0756e+00  2.2065e+00 -1.5321e+01  1.5782e+01  1.0000e+00
-2.5654e-01  7.8602e-01 -1.0852e-01  1.3132e+01 -2.8386e+00 -1.2061e+01  1.8055e+01  1.0000e+00
-5.1595e-01  7.2370e-01  2.0799e-01 -8.5579e+00  2.1752e+00 -6.2901e+00  1.0841e+01  1.0000e+00
 1.2501e-01  6.9878e-01  1.4014e-01  5.6412e+00  6.2393e+00  1.6931e+01  1.8905e+01  1.0000e+00
-7.4255e-02  4.4028e-01  8.0414e-02  2.2494e-01  1.1985e+01  4.8956e+00  1.2949e+01  1.0000e+00
-2.1106e+01  8.7238e+00  7.9446e+00 -5.5031e+01  2.2969e+01  2.1228e+01  6.3298e+01  1.0000e+00
-1.8587e-01  5.3812e-01  2.7651e-01  1.7569e+01  1.2787e+01  6.1084e+00  2.2571e+01  1.0000e+00
-4.3446e-01  1.1361e+00 -1.8206e-01 -1.0049e+01  1.1493e+01 -1.0156e+01  1.8336e+01  1.0000e+00
-4.6727e-01  7.2535e-01 -2.9890e-01  4.9275e+00  5.8485e+00  5.2603e+00  9.2820e+00  1.0000e+00
 7.8998e+00 -6.8010e+00 -2.7939e+00  1.9574e+01 -1.6361e+01 -6.1962e+00  2.6253e+01  1.0000e+00
-4.5197e-01  8.6495e-01  7.5500e-02  6.0249e+00  1.1992e+01 -7.6595e+00  1.5453e+01  1.0000e+00
 5.3398e+00 -4.6464e+00  1.1611e+01  1.3084e+01 -1.1215e+01  2.9566e+01  3.4221e+01  1.0000e+00
 3.9639e+00  1.1107e+00  4.7543e+00  4.4242e+01  5.3885e+00  4.6743e+01  6.4586e+01  1.0000e+00
-1.9327e+00 -2.2348e+00 -9.7592e+00 -5.2493e+00 -4.9704e+00 -2.3558e+01  2.4643e+01  1.0000e+00
 1.8473e+00 -1.0708e+00  8.2177e-01 -1.0543e+00  2.6240e+00 -1.5568e+00  3.2281e+00  1.0000e+00
 7.6889e-02  8.7079e-01  1.2155e-01  3.7584e+00  2.5011e+00 -8.6760e+00  9.7802e+00  1.0000e+00
 2.1555e-01  9.9010e-01  4.2686e-01 -3.2130e+00  4.2482e+00  9.8791e+00  1.1223e+01  1.0000e+00
 1.1157e+00  6.9220e-01 -5.5368e-01  8.9067e+00  4.5869e+00 -5.5812e+00  1.1468e+01  1.0000e+00
-2.8218e-01  1.3161e+00 -5.6621e-02  2.9619e+00 -9.2250e+00 -1.3994e+01  1.7021e+01  1.0000e+00
-8.7363e-01  8.5427e-01  4.3436e-01  9.1018e-01  1.3239e-01  1.1288e+00  1.4561e+00  1.0000e+00
-7.3340e-02  4.8508e-01  3.7309e-01 -2.3941e+01 -3.3790e+00  1.0895e+00  2.4203e+01  1.0000e+00
 2.7229e+00 -1.4557e+00  1.2170e+00 -8.9314e-01  2.7031e+00  1.7909e+00  3.3633e+00  1.0000e+00
-1.6454e+00 -4.5319e+00  1.0519e+01 -4.0658e+00 -1.1677e+01  2.6112e+01  2.8892e+01  1.0000e+00
-2.7690e-03  5.8315e-01  2.8715e-01  1.9050e-04 -2.6621e+01  1.0627e+01  2.8664e+01  1.0000e+00
-2.8138e-01  9.4000e-01 -1.7678e-01 -8.7310e-01  3.9746e+00 -6.8719e+00  7.9864e+00  1.0000e+00
-1.4591e+01  2.7110e+00 -4.2224e+00 -3.5739e+01  8.5708e+00 -9.4695e+00  3.7952e+01  1.0000e+00
 6.9405e-02  7.1093e-01  1.5575e-01  4.4872e-01 -1.9311e-01 -1.0926e+01  1.0937e+01  1.0000e+00
-4.3785e-01  5.7293e-01  3.1694e-01  3.6965e+00 -1.1961e+01  2.4435e-01  1.2522e+01  1.0000e+00
-1.5217e-01  7.5434e-01  3.9958e-01  1.3425e+01 -1.6421e+00  5.4983e+00  1.4600e+01  1.0000e+00
-5.5281e+00 -1.9130e+01 -2.1530e+01 -1.4950e+01 -4.4770e+01 -5.2276e+01  7.0432e+01  1.0000e+00
 1.3893e+01 -1.2283e+01  3.4805e+00  3.5609e+01 -3.1332e+01  8.7804e+00  4.8236e+01  1.0000e+00
-3.7149e-01  1.1646e+00  8.5199e-01  6.7025e-01 -4.1951e+00 -1.2734e+01  1.3424e+01  1.0000e+00
 5.4966e-01  1.6929e-01 -8.6069e-01 -5.2186e+00  5.5394e+00  1.1507e+01  1.3796e+01  1.0000e+00
-2.4855e-01  6.9649e-01  3.6043e-01 -2.3528e+01  2.2177e+00 -1.5421e+01  2.8219e+01  1.0000e+00
 8.6148e-01 -3.1138e-01 -1.4731e+00 -1.0205e+00  5.9441e+00  5.6625e+00  8.2727e+00  1.0000e+00
-5.1999e-01  9.3020e-01 -4.7649e-01 -5.6736e+00  2.2676e+00 -8.8602e+00  1.0763e+01  1.0000e+00
-3.7615e-01  7.8405e-01 -1.1055e-01  1.0877e+01  1.0301e+00 -2.2102e+00  1.1147e+01  1.0000e+00
-7.6256e+00  1.1819e+01 -6.3837e+00 -1.9346e+01  3.0606e+01 -1.5992e+01  3.9582e+01  1.0000e+00
 4.4550e-02  7.5751e-01  2.0414e-01 -9.6212e+00  6.4238e-01 -1.6342e+01  1.8975e+01  1.0000e+00
 8.9037e-01  7.9888e-01 -1.4652e-01  3.6789e+00  1.3824e+00 -6.5988e+00  7.6805e+00  1.0000e+00
-1.2916e-01  4.2398e-01  2.5960e-01 -8.3836e+00 -1.1150e+01  1.4752e+01  2.0304e+01  1.0000e+00
 9.0905e-02  5.9465e-02  2.5355e-01 -2.5768e+00 -2.2654e+00  4.4148e+00  5.5913e+00  1.0000e+00
-1.9805e-01  9.3789e-01  1.3718e-01 -2.3370e+01 -1.0559e+01 -1.8965e+01  3.1896e+01  1.0000e+00
-7.9505e-02  7.2310e-01  2.0992e-01 -6.9410e+00  2.5861e+01 -1.9966e+01  3.3401e+01  1.0000e+00
 4.8439e-02  5.9998e-01  4.3045e-01 -6.6768e+00  1.9158e+01  5.6923e+00  2.1071e+01  1.0000e+00
-2.2906e-01  8.6123e-01  5.9173e-02  1.5064e+01  1.1360e+01 -2.2374e+01  2.9267e+01  1.0000e+00
-1.8839e-01  4.6452e-01  3.1416e-01 -1.0704e+01  9.5023e+00  4.9740e+00  1.5153e+01  1.0000e+00
-3.4104e-01  3.3487e-01  5.8096e-01  6.1346e-01  7.7816e+00 -1.4784e+01  1.6718e+01  1.0000e+00
 3.5227e+00 -5.7576e+00  1.0097e+01  4.0149e+00 -1.3741e+01  2.4906e+01  2.8727e+01  1.0000e+00
-3.2858e-01  1.0175e+00  1.8457e-01 -8.7222e-01 -2.0655e+01 -3.8362e-01  2.0677e+01  1.0000e+00
 2.7067e+01 -1.8558e+01 -3.8055e+01  6.9252e+01 -4.7253e+01 -9.5417e+01  1.2702e+02  1.0000e+00
-2.9248e-01  5.2419e-01  5.1335e-01  2.0538e+00  1.2449e+01 -1.1684e+01  1.7196e+01  1.0000e+00
-1.5310e+00  2.7785e+00  2.3776e+00 -1.0959e+00  4.0014e+00 -3.3569e-01  4.1623e+00  1.0000e+00
 7.1488e+00 -2.2747e+00 -1.7385e+00  1.7512e+01 -4.0333e+00 -3.0144e+00  1.8221e+01  1.0000e+00
-1.4269e-01  9.9110e-01 -1.3076e-02 -4.4879e+00  8.0536e+00  1.0030e+01  1.3624e+01  1.0000e+00
-3.4848e-01 -1.0945e+00  1.6175e+00  2.7367e+00 -3.0042e+00  1.6926e+00  4.4023e+00  1.0000e+00
-7.2022e-02  3.9980e-01  3.2632e-01 -2.7201e+00 -1.7625e+01  1.9573e+00  1.7941e+01  1.0000e+00
-2.3505e-01  4.7284e-01  2.3296e-01 -4.0552e+00  1.9935e+01 -4.1484e+00  2.0762e+01  1.0000e+00
-3.2951e-01  7.0347e-01  2.2938e-01 -2.1135e+00  5.3741e+00  4.8005e+00  7.5095e+00  1.0000e+00
 4.9737e-01  4.3528e-01 -1.2555e-01 -1.3796e+01  8.8732e+00  2.1064e+00  1.6538e+01  1.0000e+00
-7.0431e-01  3.1042e-01  3.2115e-02  1.3189e+00  4.4676e+00 -1.3591e+00  4.8524e+00  1.0000e+00
-6.2525e-01  1.6477e+00  1.3611e+00  5.8124e+00  6.1196e-01 -1.4836e+00  6.0299e+00  1.0000e+00
 6.7098e-01 -5.4734e+00  9.7146e+00  1.6739e+00 -1.3360e+01  2.3520e+01  2.7102e+01  1.0000e+00
-1.3850e+01  1.0857e+01 -8.7683e+00 -5.8305e+01  4.4464e+01 -3.7390e+01  8.2307e+01  1.0000e+00
 2.9112e-01  3.2553e-01  1.0113e+00  4.1327e+00  5.5031e+00 -3.4369e+00  7.6926e+00  1.0000e+00
 7.0765e-02  4.2787e-01  2.0035e-01 -1.8564e+01  2.1191e+01 -5.9565e+00  2.8795e+01  1.0000e+00
-2.9666e-01  6.7627e-01  4.0114e-01  1.1725e+01  1.2263e+01  2.5098e+01  3.0295e+01  1.0000e+00
 2.7053e-01  1.7587e+00 -7.1778e-01 -2.5715e+00  2.4276e-01 -9.5082e-01  2.7524e+00  1.0000e+00
-1.0974e+00  1.2263e+00  1.7056e-01 -1.0634e+01  6.3164e+00 -2.7668e-01  1.2372e+01  1.0000e+00
 2.8033e-01  6.9794e-01  1.7301e-01  2.0212e+01  7.3234e+00  9.9799e+00  2.3702e+01  1.0000e+00
-9.2905e+00  7.8157e+00 -2.6056e+00 -2.2674e+01  1.9169e+01 -6.2945e+00  3.0351e+01  1.0000e+00
 5.4685e+00 -4.2629e+00 -1.6732e+01  1.4179e+01 -1.1199e+01 -4.3415e+01  4.7025e+01  1.0000e+00
-1.7765e-01  5.0160e-01  2.0989e-01  1.3573e+01  4.1528e+00  2.0526e+01  2.4956e+01  1.0000e+00
-4.3245e-01 -1.0936e+01 -7.8441e+00 -1.7978e+00 -2.7087e+01 -1.9617e+01  3.3493e+01  1.0000e+00
-4.0048e+00  3.7661e+00 -1.5870e+01 -1.0610e+01  1.0044e+01 -4.0799e+01  4.3336e+01  1.0000e+00
 1.9756e+00 -9.6845e+00  7.3722e-02  4.6609e+00 -2.3695e+01  2.9376e-01  2.4151e+01  1.0000e+00
-8.4640e-03  6.8791e-01  2.3321e-01 -3.0042e+01 -1.8435e+01  2.9344e+00  3.5369e+01  1.0000e+00
-1.8687e+00 -2.3620e+00 -1.0591e+01 -4.6426e+00 -6.2971e+00 -2.5181e+01  2.6368e+01  1.0000e+00
 9.2674e-01  2.6090e+00  2.2915e+00  4.3479e+00  8.0723e+00  8.1197e+00  1.2247e+01  1.0000e+00
-3.4169e-01  7.4483e-01  2.2254e-01 -7.9715e+00  1.8394e+00  1.9181e+01  2.0852e+01  1.0000e+00
 5.4542e+00  3.6072e+00  7.6801e+00  1.8500e+01  1.0142e+01  2.5151e+01  3.2828e+01  1.0000e+00
 1.5652e-01  6.2503e-01  4.4600e-01  2.8618e+00  2.4651e+00  8.7194e+00  9.5023e+00  1.0000e+00
 6.5022e+00 -8.1277e+00 -3.2617e+00  1.7461e+01 -1.9152e+01 -7.3620e+00  2.6942e+01  1.0000e+00
-2.1170e-01  7.1569e-01  2.2187e-01 -1.7860e+01  1.9957e+01  5.0515e+00  2.7254e+01  1.0000e+00
-1.0222e-01  8.6804e-01  2.4540e-01  1.5884e+01 -5.1122e+00  2.7191e+01  3.1903e+01  1.0000e+00
-1.1185e+01 -5.0528e+00 -3.5460e+00 -2.7819e+01 -1.2439e+01 -8.5533e+00  3.1651e+01  1.0000e+00
 5.9034e+00  3.0457e+00  5.6128e+00  1.3167e+01  7.8629e+00  1.4027e+01  2.0784e+01  1.0000e+00
 1.9475e-02  7.6238e-01  4.3989e-01  1.1332e+01  1.5574e+01  2.7516e+00  1.9456e+01  1.0000e+00
 4.4017e+00 -1.4496e+01 -1.1419e+00  1.1553e+01 -3.7132e+01 -2.9461e+00  3.8999e+01  1.0000e+00
-3.1136e-01  6.6581e-01  3.9321e-02  4.8020e+00  9.3840e+00 -3.8636e+00  1.1227e+01  1.0000e+00
-2.0568e+01 -1.9388e+00  3.0382e+01 -5.7006e+01 -5.5867e+00  8.4090e+01  1.0175e+02  1.0000e+00
 8.3850e+00 -1.4578e+01 -1.1818e+01  2.2103e+01 -3.7866e+01 -3.0845e+01  5.3608e+01  1.0000e+00
-9.5147e-01  9.6649e-01  5.0137e-01  1.1990e+01 -2.3953e+00 -1.0606e+00  1.2273e+01  1.0000e+00
-1.0023e+00  1.8150e+00  5.4299e-01 -6.2977e+00  1.8874e+01  4.5192e+00  2.0404e+01  1.0000e+00
-1.7938e-01  3.1128e-01  2.0355e-01 -5.0901e+00  2.3582e+00 -1.6597e+01  1.7519e+01  1.0000e+00
-5.0870e+00 -1.2702e+00 -3.8150e+00 -1.0711e+01 -1.5863e+00 -7.8248e+00  1.3360e+01  1.0000e+00
 1.3500e+00  1.2478e+00  4.8875e-02 -1.0237e-01  1.8987e+00 -8.0980e-01  2.0667e+00  1.0000e+00
-5.9396e-02  5.6574e-01  1.1314e-01 -1.5952e+01 -4.7109e+00  1.6537e+01  2.3456e+01  1.0000e+00
-1.6110e-01 -1.1036e+01 -7.8098e+00  7.5456e-01 -2.7203e+01 -1.9211e+01  3.3312e+01  1.0000e+00
 1.4990e-03  6.0147e-01  3.3731e-01 -7.4662e+00  1.9999e+01 -1.0345e+01  2.3722e+01  1.0000e+00
-2.0662e-01  4.8043e-01 -4.4843e-02 -4.9303e-01 -1.0533e+01 -5.7887e+00  1.2029e+01  1.0000e+00
-1.6811e-01  5.4289e-01  3.5423e-01 -1.1011e+01  1.4920e+01 -7.8459e-01  1.8560e+01  1.0000e+00
 2.0838e-01  9.0081e-01 -2.2928e-01 -1.3493e-02 -3.3280e+00  1.3830e+01  1.4225e+01  1.0000e+00
-1.7192e-01  5.8871e-01  1.5061e-01  5.3254e+00  2.1956e+00 -1.4468e+01  1.5572e+01  1.0000e+00
-2.1341e+01 -2.5281e+01  1.1731e+01 -5.1410e+01 -6.2643e+01  2.9568e+01  8.6263e+01  1.0000e+00
-3.3801e-01  9.6262e-01  1.6033e-01 -7.5429e+00 -2.6712e-01 -1.3720e+01  1.5659e+01  1.0000e+00
-1.7808e+00  3.0366e+00 -1.4301e+00 -5.8863e+00  1.0664e+01 -4.1097e+00  1.2855e+01  1.0000e+00
 5.0363e-02  5.1683e-01  2.1383e-01  1.0135e+01  1.6274e+01 -3.6270e+00  1.9512e+01  1.0000e+00
-1.9316e-01  7.9276e-01  6.6574e-02  1.8301e+01  1.3130e+01 -8.2125e+00  2.3974e+01  1.0000e+00
 2.4221e-01  4.8555e-01  5.9935e-01 -8.5721e+00  3.9120e+00  7.7093e+00  1.2174e+01  1.0000e+00
-8.1137e-01  7.1717e-01  3.4771e-01 -6.0051e+00  1.0792e+01  4.2675e+00  1.3067e+01  1.0000e+00
-1.8466e-01  4.6215e-01  1.8155e-01  6.2326e-01  9.5101e+00 -2.4846e+01  2.6611e+01  1.0000e+00
-6.7130e-02 -9.6844e+00  4.6782e+00 -2.1428e-01 -2.3834e+01  1.1176e+01  2.6325e+01  1.0000e+00
-1.2303e+01 -7.4287e+00 -4.4375e+00 -3.1832e+01 -1.8645e+01 -1.1051e+01  3.8510e+01  1.0000e+00
-1.5632e+00 -6.0185e-01 -4.9655e-01 -2.0427e+00  9.0183e+00  1.5116e+00  9.3695e+00  1.0000e+00
-2.4859e-01  8.3788e-01  4.8170e-02 -2.4383e+00  1.0539e+01  1.9996e+01  2.2735e+01  1.0000e+00
 1.5858e+01 -5.7010e+00 -9.6791e-01  4.0915e+01 -1.4559e+01 -2.2832e+00  4.3488e+01  1.0000e+00
-7.5188e-01  8.9513e-01  5.0808e-01  8.2113e+00 -9.9189e+00  1.6057e+01  2.0582e+01  1.0000e+00
 1.6024e+02 -1.9852e+02  1.3038e+02  3.8386e+02 -4.7418e+02  3.0947e+02  6.8408e+02  1.0000e+00
 8.6182e-02  1.0119e+00 -4.4159e-02  1.3825e+01 -3.9599e-01 -4.8315e+00  1.4651e+01  1.0000e+00
-7.1247e-01  1.0421e+00  2.2187e-01  4.0809e+00 -4.9123e-01  1.1879e+01  1.2570e+01  1.0000e+00
-9.9235e-02  6.7199e-01  2.6623e-01 -1.6844e+01  1.4382e+01 -1.8905e+00  2.2229e+01  1.0000e+00
 8.9423e+00  7.2603e+00  6.3116e-01  2.1766e+01  1.7422e+01  1.8984e+00  2.7945e+01  1.0000e+00
-6.7966e+00 -1.8402e+00  3.5115e+00 -1.9603e+01 -4.6430e+00  1.0987e+01  2.2947e+01  1.0000e+00
 2.2133e+00 -1.2087e+01  6.7560e-01  5.3191e+00 -2.9836e+01  1.2417e+00  3.0332e+01  1.0000e+00
 2.4250e-01  5.8248e-01  7.6095e-01  8.9569e-01 -1.7851e+00 -3.7540e+00  4.2522e+00  1.0000e+00
 6.1403e-01  5.6716e+00 -8.7143e+00  1.3155e+00  1.3508e+01 -2.1201e+01  2.5173e+01  1.0000e+00
-2.1477e+01  7.2215e+00  7.8658e+00 -6.8653e+01  2.3114e+01  2.5020e+01  7.6639e+01  1.0000e+00
-4.0180e-01  8.3149e-01  2.7072e-01 -6.8612e+00 -3.4708e+00 -3.3086e+00  8.3707e+00  1.0000e+00
 8.5993e-02  2.3253e-01 -1.3092e-01  1.4633e+01 -1.3417e+00 -1.0157e+01  1.7863e+01  1.0000e+00
-1.2680e-01  7.2615e-01  3.2982e-01  1.7559e+01 -1.7897e+01  1.7987e+01  3.0857e+01  1.0000e+00
 1.5944e+00  2.2290e-01 -5.9256e-01  5.4134e+00 -1.7981e+00 -1.1260e+00  5.8142e+00  1.0000e+00
 1.2036e+00 -1.2256e+01  9.7311e+00  2.9714e+00 -3.1380e+01  2.4951e+01  4.0200e+01  1.0000e+00
 5.5119e+00 -1.0226e+01  4.1916e+00  2.3610e+01 -4.4329e+01  1.7302e+01  5.3122e+01  1.0000e+00
-2.4807e-01  7.5495e+00  1.0749e+00 -3.3144e+00  1.6656e+01  3.1524e+00  1.7272e+01  1.0000e+00
-6.8033e-03  1.1753e+00  2.6100e-01  2.4857e+00 -1.1665e+01  7.8225e+00  1.4263e+01  1.0000e+00
 2.1099e+00 -9.1500e-01  5.8336e-01 -3.7629e+00  2.7295e+00  4.8695e-01  4.6740e+00  1.0000e+00
 4.2726e-02  6.9257e-01  2.9013e-01 -5.9092e-01  2.5888e+00  4.8260e+00  5.5083e+00  1.0000e+00
 6.5665e+00 -2.3367e+00  3.6340e+00  1.5167e+01 -3.9229e+00  7.8284e+00  1.7513e+01  1.0000e+00
-8.2295e-01  1.0440e+00  2.3357e-01  7.1198e-01 -3.9769e+00  3.0475e+00  5.0606e+00  1.0000e+00
-2.8194e-01  8.8143e-01  3.3038e-01  2.6298e+00  5.2958e+00  1.1956e+01  1.3338e+01  1.0000e+00
-1.7162e-01  9.8207e-01  1.4387e-01 -1.3729e+01 -4.7769e+00  8.1860e+00  1.6683e+01  1.0000e+00
-2.6650e+00 -2.2902e+00 -1.3306e+01 -6.4450e+00 -5.4685e+00 -3.3400e+01  3.4453e+01  1.0000e+00
-1.3046e+00 -6.4048e-01  3.3147e+00 -1.3755e+00 -4.1468e-01  6.0768e+00  6.2443e+00  1.0000e+00
 1.6094e+01 -3.9504e-01 -3.5546e+00  4.1468e+01 -7.4477e-01 -8.6391e+00  4.2364e+01  1.0000e+00
-4.0652e-01  6.5068e-01 -3.7020e-01  3.3606e+00 -8.8514e+00  8.6288e+00  1.2810e+01  1.0000e+00
 5.5942e+00 -8.2974e-01  1.4677e+01  1.4588e+01 -2.7252e+00  3.8084e+01  4.0874e+01  1.0000e+00
 6.8937e-03  6.8473e-01  1.3666e+00  1.1033e+00  1.2767e+00 -8.2451e+00  8.4160e+00  1.0000e+00
 5.7807e-01  1.3905e+00  3.0093e-02  1.0126e+01  1.1304e+00  1.2350e+01  1.6010e+01  1.0000e+00
-6.4920e+00  1.0982e+00  1.0472e+01 -1.5708e+01  2.6936e+00  2.6022e+01  3.0514e+01  1.0000e+00
-8.3711e-01  6.0336e+00 -1.1768e-01 -4.1986e+00  9.3270e+00 -9.9733e-01  1.0277e+01  1.0000e+00
-2.5691e-01  5.4574e-01 -5.9006e-02 -1.2537e+00 -6.2836e+00  5.1907e+00  8.2461e+00  1.0000e+00
 8.0903e-01  2.5600e+01  1.6825e+01  2.8280e-01  6.3526e+01  4.0510e+01  7.5344e+01  1.0000e+00
-4.1680e+00  3.7073e+00 -1.6430e+00 -7.5125e+00  6.5227e+00 -1.3125e+00  1.0035e+01  1.0000e+00
 7.7918e-01  5.0679e-01  3.4825e-01  1.2864e+01  5.8247e+00 -3.5743e+00  1.4567e+01  1.0000e+00
-2.6850e-01  7.5365e-01  4.9489e-01 -1.9375e+01  5.2560e+00  2.2518e+01  3.0167e+01  1.0000e+00
-3.0197e-01  8.9498e-01  1.1732e-01 -3.9811e+00 -2.9271e+01 -6.4177e+00  3.0230e+01  1.0000e+00
-1.6847e-01  5.0926e-01  3.9582e-01 -9.4550e+00 -2.3186e+01 -1.0730e+00  2.5063e+01  1.0000e+00
-4.2797e-01  8.8347e-01  3.3807e-01  4.4164e+00  2.1310e+01  4.5192e+00  2.2227e+01  1.0000e+00
-2.7518e+00 -2.9760e-02  3.7152e+00 -2.4382e+00  1.0296e+00  4.7366e+00  5.4259e+00  1.0000e+00
-1.6060e-01  8.3454e-01  1.8129e-01  1.2290e+01 -1.1116e+01 -1.8110e+01  2.4548e+01  1.0000e+00
-7.7813e+00  6.5362e+00  2.3712e+00 -2.7380e+01  2.2856e+01  7.3214e+00  3.6410e+01  1.0000e+00
-4.2210e-02  9.5073e-01  2.1585e-01 -1.0309e+01  1.5391e+01 -2.6405e-01  1.8526e+01  1.0000e+00
-1.0157e-01  4.9160e-01  3.3776e-01 -1.8541e+01  1.7341e+01 -1.5521e+01  2.9756e+01  1.0000e+00
-1.3341e-02  9.5328e-01  1.0716e-01 -4.1298e+00 -1.7604e+00  7.2939e+00  8.5648e+00  1.0000e+00
-2.5655e-01  8.9169e-01  5.4699e-01  6.7461e-01 -1.6611e+01  4.0045e+00  1.7100e+01  1.0000e+00
 5.3778e+00 -9.1821e+00 -4.5412e+00  1.3299e+01 -2.1892e+01 -1.1213e+01  2.7961e+01  1.0000e+00
-7.5073e-01  1.0479e+00  4.1227e-01  1.7802e+01 -3.2133e+00 -7.8363e+00  1.9714e+01  1.0000e+00
 6.9255e+00  1.8485e+00 -1.5872e+01  1.7876e+01  5.2699e+00 -3.8243e+01  4.2543e+01  1.0000e+00
-1.1805e+00  6.4354e+00 -4.2476e+00 -2.6316e+00  1.4183e+01 -8.0219e+00  1.6505e+01  1.0000e+00
-1.3841e+01 -4.9322e+00  3.2985e+00 -3.5743e+01 -1.2219e+01  8.4681e+00  3.8712e+01  1.0000e+00
 1.7250e+01 -1.6727e+00 -7.1049e+00  4.5224e+01 -4.3063e+00 -1.8363e+01  4.9000e+01  1.0000e+00
 6.6628e+00 -3.6746e+01  2.2759e+01  1.7616e+01 -9.7719e+01  6.0751e+01  1.1640e+02  1.0000e+00
-1.8151e-01  4.5884e-01 -2.5496e-02  9.2834e+00 -4.3727e+00  9.0809e+00  1.3703e+01  1.0000e+00
-1.4238e-02  6.3318e-01 -2.1004e-01 -8.4971e+00  4.4549e+00  5.9046e+00  1.1265e+01  1.0000e+00
-3.5431e-01  6.6810e-01  2.6410e-01 -4.1906e+00  2.0358e+01  1.7087e+01  2.6907e+01  1.0000e+00
-1.1496e+00  5.4145e-01  6.7893e-01  4.8986e+00 -3.5971e-01 -3.4872e+00  6.0238e+00  1.0000e+00
-8.5798e+00 -4.3969e+00 -4.3896e+00 -2.1211e+01 -9.7427e+00 -1.0879e+01  2.5752e+01  1.0000e+00
-8.8512e-01  2.3627e-01 -1.2223e-01  4.7701e+00 -1.3320e-01  7.9888e+00  9.3055e+00  1.0000e+00
-3.1677e-01  7.0634e-01 -9.4737e-01  7.5401e+00  7.7818e+00 -6.1633e+00  1.2466e+01  1.0000e+00
-1.8500e-01  5.5505e-01  8.5583e-02 -7.9574e-01  4.5562e-01  2.1692e+01  2.1712e+01  1.0000e+00
-4.5342e-01  7.3522e-01  2.1175e-01  1.0492e+01  3.1184e+00 -6.5497e+00  1.2756e+01  1.0000e+00
 2.3873e+00 -2.5062e+00 -2.9292e+00  3.6054e+00 -2.3887e+00 -3.2214e+00  5.3928e+00  1.0000e+00
-2.6508e-01  7.7055e-01  1.9567e-01 -1.7240e+00  2.2380e+01 -3.1437e-01  2.2448e+01  1.0000e+00
-2.0123e-01  4.2228e-01  1.0062e-01 -1.9617e+00  6.9772e+00  8.3566e+00  1.1062e+01  1.0000e+00
 5.8447e+00 -6.9592e+00 -8.6624e+00  1.4347e+01 -1.7720e+01 -2.1009e+01  3.1003e+01  1.0000e+00
-1.7605e-01  5.6609e-01  4.8946e-01 -1.4623e+01 -9.1499e-01 -2.2003e+01  2.6435e+01  1.0000e+00
-9.4103e-02  6.3021e-01  9.7900e-02  1.2483e+01 -1.6489e+01  6.5713e+00  2.1700e+01  1.0000e+00
-6.5814e-01  1.3197e+00  5.7845e-01  5.9244e+00 -2.7352e+00 -4.7917e+00  8.0957e+00  1.0000e+00
-5.3942e-01  3.9284e-01  9.1276e-01  5.4562e+00 -5.6532e+00 -1.5123e+01  1.7042e+01  1.0000e+00
 3.7169e+00 -1.4704e+00 -2.4506e+00  3.1683e+01 -1.6305e+01 -2.0831e+01  4.1274e+01  1.0000e+00
-1.7748e-01  7.2374e-01  2.2860e-01 -8.0158e+00  8.4183e+00  1.1651e+01  1.6458e+01  1.0000e+00
-1.1779e+00  1.1466e+00  3.7962e-02 -1.1935e+01  6.1712e+00 -4.5496e+00  1.4185e+01  1.0000e+00
-1.6599e+01  4.0188e+00  8.1484e+00 -6.0308e+01  1.4469e+01  2.9777e+01  6.8797e+01  1.0000e+00
-1.5713e-01  1.0508e+00  1.3923e-01 -5.3361e+00 -1.2126e+01  4.1436e+00  1.3881e+01  1.0000e+00
 7.9901e+00  5.5595e+00 -7.6019e-01  1.8273e+01  1.3681e+01 -1.0601e+00  2.2852e+01  1.0000e+00
-3.0113e-01  9.6386e-01  1.9473e-01 -4.7134e-01 -1.7233e+01  1.4132e+01  2.2291e+01  1.0000e+00
 1.4427e-01  4.9498e-01  6.6162e-01 -9.2013e+00 -1.1862e+00 -5.2730e+00  1.0671e+01  1.0000e+00
-3.4274e-02  5.2800e-01  1.8530e-01 -1.2023e+00 -1.3361e+01  1.9362e+00  1.3554e+01  1.0000e+00
 1.4343e+00  7.5799e+00 -1.4693e-01  4.1664e+00  1.5881e+01 -1.4753e+00  1.6484e+01  1.0000e+00
-1.5972e+02  1.9805e+02 -1.3216e+02 -3.7964e+02  4.7214e+02 -3.1702e+02  6.8377e+02  1.0000e+00
 2.4166e-01  1.6731e+00  6.9758e-01 -8.0216e+00  3.3861e+00  1.0062e+00  8.7649e+00  1.0000e+00
-1.4717e-01  7.1510e-01  2.7436e-01  2.2672e+01  6.5783e+00 -2.5262e+00  2.3742e+01  1.0000e+00
 2.0361e-01 -4.3303e-01  2.5752e-01 -2.8667e+00  6.0079e+00  1.4323e-01  6.6583e+00  1.0000e+00
-2.1195e-01  4.8362e-01 -2.9232e-01  9.3732e+00 -5.9212e+00  6.5997e+00  1.2903e+01  1.0000e+00
-5.4640e-01  8.1819e-01  5.5155e-01  5.1202e+00  1.1959e+01  1.3794e+01  1.8961e+01  1.0000e+00
 5.4945e+00 -8.2048e+00 -7.8175e+00  1.2772e+01 -1.9765e+01 -2.1018e+01  3.1552e+01  1.0000e+00
 2.4505e+00 -5.2065e-01  1.2675e-01  3.4109e+00  1.1143e-01  1.5572e+00  3.7511e+00  1.0000e+00
-1.9544e+00  5.5045e-02  2.0323e+00 -5.8716e-01  8.3241e-01  4.6125e+00  4.7236e+00  1.0000e+00
-1.2303e-01  5.3844e-01  5.2847e-02 -1.1836e+01  1.0557e+01 -3.1478e+00  1.6169e+01  1.0000e+00
-1.2024e+01  6.5567e-01  1.0244e+01 -3.0796e+01  2.2811e+00  2.6637e+01  4.0782e+01  1.0000e+00
-4.7107e-01  7.4157e-01  2.8981e-01  2.8889e+00 -8.2150e+00 -2.0295e+01  2.2084e+01  1.0000e+00
-9.0228e-02  6.4903e-01  3.7405e-01  1.7500e+01  6.5322e-01 -1.0363e+00  1.7543e+01  1.0000e+00
-8.1262e+00  7.3427e+00 -1.3090e+01 -2.0867e+01  1.9265e+01 -3.3709e+01  4.4078e+01  1.0000e+00
 1.3728e+01 -9.4041e+00  3.7760e+00  3.5324e+01 -2.3938e+01  9.8558e+00  4.3795e+01  1.0000e+00
 7.4680e+00 -4.5802e+00  8.2761e+00  1.8036e+01 -1.1107e+01  2.0664e+01  2.9592e+01  1.0000e+00
 4.4744e-01  7.2874e-01  8.5763e-01  1.8908e+00  2.7215e+00  1.5876e+01  1.6218e+01  1.0000e+00
-2.2520e-01  6.8326e-01  3.0099e-01  1.5695e+00  1.1391e+01  4.3686e+00  1.2301e+01  1.0000e+00
-2.9382e-02  5.3390e-01  1.8632e-01 -1.2675e+01  5.9586e+00  1.6261e+01  2.1461e+01  1.0000e+00
-6.0775e+00  1.0386e+00  2.0822e+00 -1.2087e+01  1.0692e+00  3.4221e+00  1.2607e+01  1.0000e+00
-1.9436e-01  8.0642e-01  1.0198e-01 -1.5770e+01  4.7390e+00 -1.0461e+00  1.6500e+01  1.0000e+00
-1.9987e-01  8.6279e-01  3.8128e-01 -2.0719e+01  2.0096e+01  1.8968e+00  2.8927e+01  1.0000e+00
-4.8352e-01  5.6615e-01  5.1332e-02  7.8433e-01 -1.8477e+00 -1.3111e+00  2.3976e+00  1.0000e+00
-1.6857e-01  4.7873e-01  3.7874e-01  8.9020e-01 -8.2485e-01  1.3488e+01  1.3542e+01  1.0000e+00
-5.5283e+00  5.1688e+00 -4.6278e+00 -1.2395e+01  1.3601e+01 -1.0362e+01  2.1118e+01  1.0000e+00
-2.1837e-01  1.2930e+00  3.3639e-01 -1.5907e+01 -4.4478e+00 -6.8040e+00  1.7864e+01  1.0000e+00
-4.2013e+00  2.6804e+00 -1.0340e+01 -1.0440e+01  6.5600e+00 -2.5136e+01  2.7997e+01  1.0000e+00
-1.1671e+00  6.8548e+00  3.0330e+00 -5.6842e+00  1.4022e+01  4.6263e+00  1.5822e+01  1.0000e+00
-1.2998e+01 -2.9435e+00 -3.7632e+00 -3.3744e+01 -6.9406e+00 -8.6264e+00  3.5514e+01  1.0000e+00
-1.8154e+00  6.1792e-01  4.2370e-01 -1.8120e+00 -2.2673e+00  3.2127e+00  4.3296e+00  1.0000e+00
-5.6891e-02 -2.0803e-01 -2.5391e+00 -3.4557e-02 -1.1017e+00 -6.0904e+00  6.1893e+00  1.0000e+00
 5.2115e-02  9.4379e-01  7.3120e-01 -1.0714e+01  1.3015e+00  1.0421e+01  1.5003e+01  1.0000e+00
 1.4876e-01  6.9456e-01  1.7946e-01  1.7044e+01  4.8449e+00  2.5918e+01  3.1396e+01  1.0000e+00
-2.2167e-01  8.5555e-01 -7.3874e-01  9.9523e-01 -2.2872e+00  9.3223e-01  2.6629e+00  1.0000e+00
-1.6628e-01  8.9838e-01  2.7568e-01 -1.5777e+01  7.5444e+00  9.0755e+00  1.9703e+01  1.0000e+00
-6.4189e-02  8.6054e-01 -2.6206e-02  4.8694e+00  4.2752e+00 -1.8511e+01  1.9613e+01  1.0000e+00
 2.6767e+00 -1.4258e+00  8.3973e-01  3.2599e+00 -5.4388e-02 -5.0764e+00  6.0332e+00  1.0000e+00
 1.1109e-02  1.2236e+00  2.0190e-01  1.1673e+01  2.9221e+01 -8.1533e+00  3.2506e+01  1.0000e+00
 1.5284e-01  2.8925e-01  5.5586e-01  3.0147e+00 -1.2414e+01  8.7932e+00  1.5508e+01  1.0000e+00
-1.7040e+01  1.9201e+01 -1.1751e+01 -4.1992e+01  4.4266e+01 -2.6673e+01  6.6590e+01  1.0000e+00
 1.0503e-01  3.8574e-01 -1.8292e+00  9.9574e-01  2.2160e+00 -1.9275e+00  3.1012e+00  1.0000e+00
 2.3537e+00  1.7073e+00 -8.5671e-01 -2.1120e+00  5.4708e+00  6.8641e-02  5.8648e+00  1.0000e+00
-2.5828e+00 -6.5267e-01 -2.1085e+00 -2.1061e+01 -1.1594e+01 -2.1484e+01  3.2242e+01  1.0000e+00
-2.0694e-01  6.0805e-01  9.7544e-02  8.0717e+00  1.6070e+01 -1.2940e+01  2.2155e+01  1.0000e+00
-3.2264e-01 -9.4032e+00 -5.0528e+00 -6.2872e-01 -2.2328e+01 -1.2684e+01  2.5687e+01  1.0000e+00
-1.6136e-01  5.7069e-01  3.3366e-01  1.5577e+00  1.2671e+01  2.0185e+01  2.3883e+01  1.0000e+00
 5.5717e+00 -8.1497e+00 -7.7836e+00  1.4956e+01 -2.0394e+01 -1.7327e+01  3.0657e+01  1.0000e+00
-4.1644e-01  6.4686e-01  3.2310e-01 -9.7467e+00 -1.2950e+01  1.3711e+01  2.1230e+01  1.0000e+00
-2.0671e-01  6.0653e-01  1.9276e-01  1.4659e+01  5.5340e-01 -1.5018e+01  2.0994e+01  1.0000e+00
 4.5680e-01  6.3028e+00  2.7349e+00  2.7018e+00  1.3131e+01  4.6150e+00  1.4178e+01  1.0000e+00
 2.7274e+00 -5.7303e+00  8.9726e+00  7.0396e+00 -1.3845e+01  2.1951e+01  2.6891e+01  1.0000e+00
 6.0232e-02  6.1648e-01  5.3968e-01  2.3803e+00  1.2771e+01 -3.9178e+00  1.3568e+01  1.0000e+00
-4.3487e+00  2.8513e+00 -8.9660e-01 -4.3419e+01  2.3865e+01 -1.0146e+01  5.0574e+01  1.0000e+00
-1.2019e-01  7.5292e-01  1.4134e-01  1.1439e+01  4.1116e+00  2.4111e+00  1.2392e+01  1.0000e+00
-6.1593e-02  7.8340e-01  2.3597e-01  1.5317e+01 -1.8070e+01  1.0489e+01  2.5907e+01  1.0000e+00
-6.9388e+00 -2.3139e+00  4.3485e+00 -1.6040e+01 -5.3992e+00  8.7952e+00  1.9073e+01  1.0000e+00
 1.1479e-01  4.2944e-01  3.6882e-01 -6.0671e-01  1.3468e+01 -1.7166e+01  2.1827e+01  1.0000e+00
-1.4864e-01  8.7844e-01 -5.5783e-02 -4.8124e+00  1.2583e+01  1.3817e+01  1.9298e+01  1.0000e+00
 1.0352e+01 -1.3380e+01 -1.0422e+00  2.7021e+01 -3.4310e+01 -2.8079e+00  4.3763e+01  1.0000e+00
-2.1796e-01  8.8278e-01  2.5553e-01 -1.8956e+00 -2.7613e+01  1.1998e+01  3.0167e+01  1.0000e+00
-1.2283e+00  1.0632e+00  5.0164e-01  1.4530e+01  3.3990e+00 -9.2373e+00  1.7550e+01  1.0000e+00
 9.8652e-02  1.0126e+00  6.0936e-02 -1.5315e+01  4.3070e+00 -3.0864e+00  1.6206e+01  1.0000e+00
-6.9340e-01  3.9385e-01  4.8464e-01 -4.2048e+00 -9.1470e+00 -3.2399e+00  1.0576e+01  1.0000e+00
 1.8157e+00 -1.1542e+00  3.3345e-01 -2.5155e+00  2.4143e+00  5.1189e-01  3.5240e+00  1.0000e+00
-2.8102e-01  7.6888e-01  2.5903e-01  5.5742e+00 -2.2040e-01 -2.3983e+01  2.4623e+01  1.0000e+00
 7.1828e-02  1.6021e+00 -4.9153e-01  7.8127e+00  5.3264e+00  8.2176e-01  9.4913e+00  1.0000e+00
-3.6778e+00 -1.4333e+00 -9.0252e-01 -8.6655e+00 -2.5071e+00 -1.3630e+00  9.1233e+00  1.0000e+00
-1.0308e-01  6.8386e-01  2.0151e-01  4.5014e+00  1.6582e+01  2.3770e+01  2.9330e+01  1.0000e+00
-1.2014e-01  6.8711e-01  2.5857e-01  4.7417e+00 -2.4413e+01 -9.5014e+00  2.6623e+01  1.0000e+00
-2.9152e-01  4.2165e-01  4.3846e-01  3.2643e+00 -9.0831e+00 -4.2995e+00  1.0566e+01  1.0000e+00
-1.8768e-01  6.3823e-01  2.8764e-01 -8.5354e+00 -1.0966e+01  1.1677e+01  1.8151e+01  1.0000e+00
-7.9833e-02  5.2212e-01  1.4822e-01 -1.1097e+01 -4.3815e+00 -1.5692e+01  1.9712e+01  1.0000e+00
-7.3539e-01  7.0442e-01  5.0468e-02  4.5983e+00  1.1617e+01  1.2272e+01  1.7513e+01  1.0000e+00
 2.0221e-02 -1.8975e-01 -5.5435e-02 -3.0344e+00  5.0712e+00 -9.3696e-01  5.9835e+00  1.0000e+00
 2.5764e-02  1.0054e+00  1.0518e-01 -1.6618e+01  1.0771e+01  7.2349e+00  2.1084e+01  1.0000e+00
-1.2463e+01  1.0263e+01  4.6349e+00 -8.1403e+01  6.5243e+01  3.0768e+01  1.0876e+02  1.0000e+00
-9.1082e-02  1.0000e+00 -2.8175e-01 -2.0163e+01  5.2379e-01  1.3091e+01  2.4046e+01  1.0000e+00
-5.0136e-01  4.0937e-01  1.0823e-01 -1.1702e+01 -1.4687e+01 -1.0072e+01  2.1310e+01  1.0000e+00
-5.1724e+01  1.9474e+00  4.6280e+01 -2.4181e+02  7.3671e+00  2.1773e+02  3.2547e+02  1.0000e+00
-1.3955e-01  7.8397e-01  3.4370e-01 -1.7883e+01 -1.0968e+01 -3.0200e+00  2.1195e+01  1.0000e+00
-3.1363e-01  2.5451e-01  4.5053e-01  2.9750e+00 -1.6062e+01  1.6517e+01  2.3230e+01  1.0000e+00
-1.6673e-01  8.8337e-01  2.7182e-01 -1.2159e+00  1.9100e+01  5.3674e+00  1.9877e+01  1.0000e+00
-2.1893e+00  3.3505e+00  8.5037e+00 -4.4695e+00  6.2768e+00  1.6648e+01  1.8345e+01  1.0000e+00
 4.5514e+00  1.5432e+00  9.4243e-01  5.6653e+00  3.3889e+00  2.1777e+00  6.9515e+00  1.0000e+00
 6.0765e+00 -3.4243e+00 -5.2453e+00  1.3749e+01 -8.4129e+00 -1.1668e+01  1.9899e+01  1.0000e+00
 1.6094e-01  6.3045e-01  1.5577e-01  9.3661e+00 -3.7540e+00 -9.8051e+00  1.4070e+01  1.0000e+00
 8.2114e+00 -8.4167e+00 -1.2488e+01  2.1442e+01 -2.1572e+01 -3.1751e+01  4.3968e+01  1.0000e+00
-3.6736e-01  6.3077e-01  1.4040e-01 -5.1194e+00 -1.2811e+01 -5.2366e+00  1.4757e+01  1.0000e+00
-1.0699e-01  7.8354e-01  2.6353e-01  1.2176e+01 -1.6385e+01 -2.9009e+00  2.0619e+01  1.0000e+00
-1.9766e-01  8.8204e-01  3.4229e-01 -2.1933e+00  1.3184e-01  2.8097e+00  3.5668e+00  1.0000e+00
-2.2545e+00 -2.8976e+00 -3.0785e+00 -2.5301e+01 -4.2200e+01 -3.8837e+01  6.2684e+01  1.0000e+00
-3.5199e-01  1.0208e+00  1.6902e-01 -2.9336e+00 -9.9658e+00 -2.4734e+00  1.0679e+01  1.0000e+00
-1.0793e+00  2.3462e-01  2.0725e-01 -3.6796e+00  1.7862e+00 -6.5488e+00  7.7212e+00  1.0000e+00
-8.7421e-02  5.2846e-01  1.2008e-01 -7.8055e+00  1.6929e+01 -1.4760e+01  2.3778e+01  1.0000e+00
-3.2126e-01  5.2593e-01  4.4083e-01  8.2449e+00  1.2410e+01 -9.6671e+00  1.7760e+01  1.0000e+00
-1.6423e+00  1.1113e+00  1.4588e+00  2.4771e+00 -1.9393e+00  2.6965e-01  3.1574e+00  1.0000e+00
-5.7997e-01  9.1406e-01  1.0066e+00 -7.9778e+00  9.6936e+00  1.7766e+01  2.1754e+01  1.0000e+00
-2.2953e+00  3.1908e+00  9.3310e+00 -4.6399e+00  8.0404e+00  2.1976e+01  2.3857e+01  1.0000e+00
-1.1583e+00 -3.2624e-01 -4.5235e-01  1.6883e-01 -2.2593e+00  9.4905e+00  9.7572e+00  1.0000e+00
-1.2393e-01  5.4936e-01  3.4757e-01 -9.5440e+00 -1.5388e+01  1.5421e+01  2.3784e+01  1.0000e+00
-1.4044e-01  4.9774e-01  2.7322e-01  3.5534e+00 -1.5773e+01  1.5509e+01  2.2404e+01  1.0000e+00
-5.9819e-01  2.2210e+00  2.0351e+00  4.3850e+00 -5.8062e-02 -2.0763e+00  4.8521e+00  1.0000e+00
 6.4255e+00 -1.6130e+01  2.8302e+01  1.5617e+01 -3.9422e+01  7.0930e+01  8.2638e+01  1.0000e+00
 1.2041e+01  2.3101e+00  1.1292e+01  3.0903e+01  5.8459e+00  2.9354e+01  4.3022e+01  1.0000e+00
-3.4750e-01  8.1413e-01  3.1638e-01 -3.7030e+01  7.4356e+00 -4.3233e+00  3.8016e+01  1.0000e+00
-4.0506e-01  1.1165e+00  6.3162e-01 -6.1646e+00  4.6826e-01  3.3723e-01  6.1915e+00  1.0000e+00
 1.8488e-01  6.3879e-01  1.7067e-02  6.0713e+00  1.7992e+00  4.8606e-01  6.3509e+00  1.0000e+00
-3.2073e+00  2.0179e+00  1.2711e+01 -8.1118e+00  5.5984e+00  3.2013e+01  3.3496e+01  1.0000e+00
-8.4895e+00 -1.9576e+00 -8.2220e+00 -2.0697e+01 -2.5758e+00 -1.9173e+01  2.8330e+01  1.0000e+00
-1.0894e-01 -3.4062e-02  2.7996e-01  9.7319e+00 -1.4127e+01 -6.4435e+00  1.8325e+01  1.0000e+00
-4.2834e+00 -6.9348e+00 -6.8628e-01 -1.2440e+01 -2.2643e+01 -1.3365e+00  2.5869e+01  1.0000e+00
-1.4774e+00 -5.3094e-01  6.6119e-01 -4.0882e+00 -6.1069e+00  2.5229e+00  7.7700e+00  1.0000e+00
-1.7679e-01  7.6460e-01  1.2393e-01 -1.0453e+01  6.8319e+00 -8.7052e+00  1.5223e+01  1.0000e+00
-1.4848e+00 -8.5303e-01 -1.1779e-01 -7.4826e+00 -5.0286e+00 -5.2504e-01  9.0306e+00  1.0000e+00
-2.4194e-01  7.3726e-01  4.4494e-01  1.4157e+01  1.0984e+01  1.8097e+01  2.5467e+01  1.0000e+00
-2.4514e-02  7.1613e-01  2.6512e-01  3.4776e+00  2.5382e+01  7.2561e+00  2.6627e+01  1.0000e+00
-4.3773e+00  1.3720e+01 -1.7977e+00 -1.0895e+01  3.4763e+01 -4.3648e+00  3.6691e+01  1.0000e+00
 3.1617e+00  5.2696e-01  2.7610e+00  3.9130e+00  4.1584e+00  6.9020e+00  8.9577e+00  1.0000e+00
-8.2460e+00 -3.2561e-01 -2.0974e+00 -1.8602e+01  3.4195e-01 -4.9792e+00  1.9260e+01  1.0000e+00
 3.4551e-01  1.1610e+00 -1.6659e+00  6.6013e+00  3.7847e+00 -9.8860e+00  1.2475e+01  1.0000e+00
-6.6815e+00 -2.7600e+00  4.5502e+00 -1.4478e+01 -5.2461e+00  1.0636e+01  1.8715e+01  1.0000e+00
-4.4742e-01  9.2179e-01 -1.0313e-01  1.9085e+00 -3.2321e+00  6.5361e+00  7.5372e+00  1.0000e+00
 1.6000e+01  5.7359e+00  1.3548e+00  4.0996e+01  1.5010e+01  3.3639e+00  4.3787e+01  1.0000e+00
 5.8978e+00  8.3229e+00  9.8839e-01  1.4532e+01  1.9778e+01  3.1353e+00  2.4742e+01  1.0000e+00
-1.2502e+01 -7.6376e+00 -4.7086e+00 -3.2235e+01 -1.9050e+01 -1.2219e+01  3.9387e+01  1.0000e+00
-7.4376e-01 -8.3491e-01 -3.2147e-01 -3.9302e+00  7.4526e+00  6.9663e+00  1.0932e+01  1.0000e+00
-1.2376e+01 -3.7510e-01 -3.2253e+00 -3.1161e+01 -4.3882e-01 -8.2237e+00  3.2231e+01  1.0000e+00
-1.2186e-01  7.2290e-01  4.4985e-01  2.4959e+00 -5.9276e+00 -2.9488e+01  3.0181e+01  1.0000e+00
-1.3141e-01  2.6811e-01  5.2086e-01  7.4382e+00  1.3596e+00  1.5731e+00  7.7233e+00  1.0000e+00
-2.6664e+00  1.0061e+01 -3.9882e+00 -5.9856e+00  2.4991e+01 -9.1218e+00  2.7269e+01  1.0000e+00
 1.2675e+01  1.0513e+01 -8.0113e+00  4.7328e+01  3.8303e+01 -2.9551e+01  6.7678e+01  1.0000e+00
-3.7568e-01  2.9248e-01  4.2304e-01 -7.3988e+00 -1.4257e+00  1.7027e+01  1.8620e+01  1.0000e+00
-1.2131e+00  7.9490e-02 -2.9005e+00  4.6393e-01  2.9970e+00 -1.1224e+00  3.2337e+00  1.0000e+00
-4.1908e-01  1.2249e+00 -4.1416e-02  8.5418e+00  5.8350e+00  4.7662e+00  1.1390e+01  1.0000e+00
 2.7511e+00 -2.5235e+00 -1.0510e+00  5.2978e+00 -3.3400e+00  3.3183e+00  7.0876e+00  1.0000e+00
 4.4057e-01 -3.7755e-01  5.1884e-01  1.1306e+01 -1.2494e+01  3.0312e+00  1.7121e+01  1.0000e+00
-1.1054e+00  4.0610e-01  8.8726e-01 -3.6971e+00  6.3289e+00  6.9388e+00  1.0093e+01  1.0000e+00
-9.4010e+00 -4.7048e+00 -1.6439e+01 -2.4926e+01 -1.2658e+01 -4.4048e+01  5.2171e+01  1.0000e+00
-1.6921e+01 -5.7320e+00 -5.4150e-01 -4.4005e+01 -1.4306e+01 -1.5444e+00  4.6298e+01  1.0000e+00
 2.0085e+00 -2.3412e+00 -3.2143e+00  5.2064e+00 -1.7682e+00 -4.7455e+00  7.2631e+00  1.0000e+00
 1.7174e+01  2.8787e+00 -1.7548e+00  4.4223e+01  7.9665e+00 -4.7415e+00  4.5184e+01  1.0000e+00
-3.1637e-01  1.0460e+00  3.4610e-01 -3.8359e+00  1.1489e+01 -1.0889e+01  1.6287e+01  1.0000e+00
-2.8238e-01  6.4615e-01  5.9093e-02  1.0049e+01 -5.5403e+00 -1.3805e+00  1.1558e+01  1.0000e+00
-7.7856e-03  7.4331e-01  9.2134e-02  1.3072e+00 -3.1482e+00 -2.4485e+01  2.4721e+01  1.0000e+00
 9.4543e-01 -7.1628e-02  4.7894e-01  4.6861e+00  1.9183e+00  6.9391e-01  5.1109e+00  1.0000e+00
 3.0629e-02  6.3454e-01  1.0184e-01 -1.9428e+00  1.1013e+00 -1.7325e+01  1.7468e+01  1.0000e+00
 3.2895e-01  2.5444e-01 -6.1413e-02 -1.1204e+01  4.5743e+00  9.4191e+00  1.5335e+01  1.0000e+00
-5.1535e-02  6.2329e-01  4.5729e-01  1.2337e+00 -4.9899e+00 -1.6619e+01  1.7396e+01  1.0000e+00
-7.1911e+00  6.1632e+00 -1.2289e+00 -1.6719e+01  1.4109e+01 -2.3068e+00  2.1997e+01  1.0000e+00
-4.2901e-01  6.5035e-01  3.6073e-01 -7.5045e+00  1.4741e+01  1.2592e+01  2.0789e+01  1.0000e+00
-7.5462e+00 -2.2464e+00 -2.0670e-02 -1.6181e+01 -4.9486e+00 -4.3488e-01  1.6926e+01  1.0000e+00
-4.1123e-03  1.3407e+00 -4.7493e-01 -1.5407e+00  5.1283e+00 -8.2174e+00  9.8081e+00  1.0000e+00
-4.5770e-01  7.9066e-01 -3.0529e-01  6.4108e-01  3.0200e+00  4.7898e+00  5.6986e+00  1.0000e+00
-1.9367e-01  9.5513e-01  1.2050e-01  1.4590e+01  1.9345e+01 -9.4151e+00  2.5995e+01  1.0000e+00
-3.3577e-01  5.6355e-01  6.4922e-01  1.4202e+01 -1.1395e+01 -1.6730e+00  1.8285e+01  1.0000e+00
 5.4846e+00 -1.3604e+01 -6.5472e+00  1.4132e+01 -3.4561e+01 -1.6698e+01  4.0903e+01  1.0000e+00
-1.2300e+01 -2.2821e+00  1.1082e+01 -3.1736e+01 -5.3396e+00  2.8569e+01  4.3033e+01  1.0000e+00
-2.8146e-01  4.8910e-01  5.1694e-02  4.7169e+00  2.6585e+01  7.6250e+00  2.8056e+01  1.0000e+00
-1.9827e+00 -1.2064e+00 -3.3386e+00 -2.9647e+00  5.0400e-02 -2.8673e+00  4.1247e+00  1.0000e+00
 1.9808e+00 -1.1081e+00  1.0144e+00 -2.9754e+00  4.1540e+00  1.6695e+00  5.3755e+00  1.0000e+00
-2.7881e-01  8.2459e-01  3.9333e-01  1.4421e+01  9.1561e+00  1.6223e+01  2.3558e+01  1.0000e+00
-1.2555e+00 -1.0953e+01 -7.6795e+00 -2.5245e+00 -2.8213e+01 -2.0070e+01  3.4715e+01  1.0000e+00
-2.1666e+00  3.7623e+00 -3.1087e+00 -3.6619e+00  6.1382e+00 -3.5363e+00  7.9745e+00  1.0000e+00
-1.2753e+00  4.8195e-01  4.2596e-01  5.4737e+00  2.7870e+00  1.2367e+00  6.2657e+00  1.0000e+00
 4.2824e-01  1.0234e+00  3.8158e-01 -2.4121e+00  1.1269e+00  1.2735e+00  2.9513e+00  1.0000e+00
 5.0875e-01  1.7222e+00  2.4579e-02  4.1924e+00  3.1670e+00 -2.4557e-01  5.2599e+00  1.0000e+00
-2.3282e+00  1.0437e+01 -4.4473e+00 -5.6679e+00  2.4900e+01 -1.0260e+01  2.7521e+01  1.0000e+00
-8.1576e-01  7.5630e-01  8.5011e-01 -3.0943e-01  2.2633e+00  3.6853e+00  4.3359e+00  1.0000e+00
 1.3874e-01  1.8454e+00  1.3212e+01  1.8486e+00  5.1737e+00  2.8763e+01  2.9283e+01  1.0000e+00
-2.7530e-03  1.8551e+00 -4.7952e-01  2.0879e+00  1.5889e+01 -1.1774e+01  1.9886e+01  1.0000e+00
-6.6086e-02  8.6262e-01  2.2815e-01  1.3219e+01 -3.3456e+00  1.2165e+01  1.8273e+01  1.0000e+00
-4.6617e-02  1.4337e+00  4.6609e-01 -1.8925e+00  7.0966e+00 -1.1655e+00  7.4365e+00  1.0000e+00
-2.2149e-01  8.6689e-01  4.0447e-01  2.2835e+00 -6.9732e-01 -2.3826e+01  2.3945e+01  1.0000e+00
 3.8704e+00  8.0019e+00  4.3595e+00  9.5103e+00  1.9263e+01  1.0004e+01  2.3698e+01  1.0000e+00
-8.4126e-02  8.8308e-01  2.1279e-01  1.3007e+01 -1.5772e+00 -1.3090e+01  1.8520e+01  1.0000e+00
-4.8177e-01  1.3336e+00  5.2204e-02  4.3214e+00 -1.9239e+01 -1.3371e-01  1.9718e+01  1.0000e+00
 2.0831e-01  8.1839e-01 -2.7263e-01 -6.5040e+00  5.3642e+00  1.2546e+01  1.5115e+01  1.0000e+00
-1.8793e-01  1.0907e+00  3.1569e-01  5.7546e+00 -1.4836e+01  1.8978e+00  1.6026e+01  1.0000e+00
-4.2468e-01  8.8327e-01  2.2229e-01 -6.7783e-01 -9.7882e+00 -5.3119e+00  1.1157e+01  1.0000e+00
-3.1971e-01  9.4461e-01  2.8095e-02 -9.4409e-01 -9.1536e+00  1.2797e+01  1.5762e+01  1.0000e+00
 6.4188e+00 -4.7464e+00 -8.6017e-01  1.4226e+01 -1.0199e+01 -1.4235e+00  1.7562e+01  1.0000e+00
-5.7235e-01  1.2660e+00  4.5746e-02  8.0896e+00  3.8137e+00  1.0834e+01  1.4048e+01  1.0000e+00
 1.1647e+01 -2.1181e+01  1.3471e+01  2.5272e+01 -5.0426e+01  3.2489e+01  6.5092e+01  1.0000e+00
 3.9268e-02 -1.0214e+00  1.7963e-01 -1.8030e+00  6.2642e+00  1.1541e+01  1.3255e+01  1.0000e+00
 1.1629e+00 -5.7574e+00 -1.6399e+01  2.7608e+00 -1.4662e+01 -4.2125e+01  4.4689e+01  1.0000e+00
-4.3332e+00 -6.5110e+00 -1.1166e+01 -1.1813e+01 -1.6356e+01 -2.8256e+01  3.4719e+01  1.0000e+00
-8.4691e-01 -1.1924e+01  1.2938e+00 -1.8265e+00 -2.9906e+01  3.2170e+00  3.0134e+01  1.0000e+00
-1.6278e+01 -8.3031e+00 -4.2777e+00 -4.2623e+01 -2.1221e+01 -1.1045e+01  4.8878e+01  1.0000e+00
-2.1678e-01  9.4340e-01  1.7670e-01 -5.1948e+00 -1.7402e+00  1.5482e+01  1.6422e+01  1.0000e+00
-1.3173e+01 -3.2561e+00 -2.4989e+00 -3.3735e+01 -8.2602e+00 -6.2104e+00  3.5282e+01  1.0000e+00
-3.3161e-01  7.2252e-01 -7.0252e-01 -6.1660e-01 -2.7697e-01 -1.4175e+01  1.4191e+01  1.0000e+00
 3.2254e-01  1.0516e+00  2.1194e-01  1.3706e+00 -7.8295e+00 -5.1889e+00  9.4923e+00  1.0000e+00
-2.1324e+00 -7.5498e-02 -6.4207e+00 -5.2392e+00  6.8563e-01 -1.7617e+01  1.8392e+01  1.0000e+00
-5.2896e-01  8.5797e-01 -4.9223e-02 -2.2675e+01 -8.7361e+00  1.2781e+01  2.7456e+01  1.0000e+00
-4.2662e-01  6.8352e-01  1.8386e-01  4.0423e+00  6.7443e+00 -3.5138e+00  8.6123e+00  1.0000e+00
