# limit = 13.5622
#
# x           y           z           vx          vy          vz          s           m
 1.6333e-01 -1.8899e+00 -5.4155e-01 -3.3321e+00  3.2123e+00  5.3117e+00  7.0453e+00  1.0000e+00
-1.2894e-01  8.6246e-01  1.3823e-01  1.8091e+01 -1.3308e+01 -4.4298e+00  2.2891e+01  1.0000e+00
 1.3855e+01  5.0988e-01  2.7116e+00  3.4412e+01  1.9252e+00  6.7585e+00  3.5123e+01  1.0000e+00
-2.5824e-01  5.6254e-01  5.2763e-01 -4.8035e-01  1.5636e+01 -5.9274e+00  1.6729e+01  1.0000e+00
-1.1640e+01  4.4409e+00  7.0540e+00 -2.9559e+01  1.0958e+01  1.7451e+01  3.6032e+01  1.0000e+00
 5.0169e+00 -1.6781e+00  1.4436e+01  1.3014e+01 -3.6929e+00  3.6466e+01  3.8894e+01  1.0000e+00
 8.6189e-01 -1.1777e+01 -8.2067e+00  1.5639e+00 -2.9658e+01 -2.0227e+01  3.5933e+01  1.0000e+00
 4.3080e-02  7.6908e-02 -1.7736e-01  7.2235e+00 -1.0959e+01 -6.9604e+00  1.4857e+01  1.0000e+00
-1.8655e+01  1.3563e+01  4.1706e+01 -4.5547e+01  3.3390e+01  1.0464e+02  1.1890e+02  1.0000e+00
 1.7439e+01 -9.1435e+00  4.3971e-01  1.1459e+02 -6.2067e+01  3.0449e+00  1.3036e+02  1.0000e+00
 2.6588e+00  3.2924e+00  2.2225e+00  2.3195e+00  4.7253e+00  2.3339e+00  5.7581e+00  1.0000e+00
-2.7084e-01  5.3492e-01 -9.3644e-02  1.5089e+01  1.1395e+01  4.1907e+00  1.9367e+01  1.0000e+00
-8.9043e-01  1.6362e+00 -3.1160e-01 -5.1622e+00  1.6934e+01  1.0521e+00  1.7735e+01  1.0000e+00
 3.9920e+00  8.2472e-01 -8.1553e-01  8.2425e+00  3.1057e+00 -3.2829e-01  8.8143e+00  1.0000e+00
 5.5338e-01  1.7683e-01  5.8611e-01  1.2234e+01 -1.3418e+01  4.1350e+00  1.8623e+01  1.0000e+00
-5.1660e+00 -7.5143e-01 -4.1689e+00 -1.1278e+01 -2.5526e+00 -7.1034e+00  1.3571e+01  1.0000e+00
 8.4343e+00 -8.7986e+00 -1.0030e+01  2.1195e+01 -2.2221e+01 -2.5653e+01  4.0013e+01  1.0000e+00
-1.8683e-01  8.8730e-01 -1.2044e-01 -5.7153e+00  1.5865e+01 -6.0489e+00  1.7915e+01  1.0000e+00
-1.1086e-01  7.3290e-01  3.2727e-01  1.2913e+01 -5.5110e+00  2.3996e-01  1.4042e+01  1.0000e+00
 2.9227e+01  2.3955e+01 -1.0458e+01  7.3455e+01  5.8923e+01 -2.5217e+01  9.7485e+01  1.0000e+00
-3.1861e-01  3.3961e-01  1.6410e-01  1.6642e+00 -1.4108e+01  7.7231e+00  1.6170e+01  1.0000e+00
-1.4476e-01  8.5124e-01  5.3734e-02  1.9591e+01  7.7927e+00 -8.0489e+00  2.2568e+01  1.0000e+00
-1.6398e+00 -1.4914e+00  3.1329e+00 -9.0592e+00 -1.2970e+01  1.7702e+01  2.3742e+01  1.0000e+00
-6.2728e+00  1.1789e+01 -1.1993e+01 -1.5996e+01  3.0650e+01 -3.0633e+01  4.6191e+01  1.0000e+00
-4.0567e-01  1.3522e+01 -6.0121e+00 -1.2232e+00  3.4084e+01 -1.4989e+01  3.7254e+01  1.0000e+00
-3.2915e+00  1.7005e+00 -5.6053e+00 -8.6408e+00  5.6750e+00 -1.1267e+01  1.5291e+01  1.0000e+00
 4.4622e+00 -1.0606e+01  2.0880e+00  1.0228e+01 -2.6667e+01  4.8598e+00  2.8972e+01  1.0000e+00
 2.7350e+01 -7.1088e+00 -2.6377e+01  7.5268e+01 -1.9842e+01 -7.2636e+01  1.0647e+02  1.0000e+00
 7.8996e-01 -1.6240e+01 -2.1425e+01  2.1793e+00 -4.2225e+01 -5.5677e+01  6.9911e+01  1.0000e+00
-1.9791e-01  5.9771e-01  1.7877e-01 -2.1568e-01 -1.7115e+00 -1.1750e+01  1.1876e+01  1.0000e+00
-2.9603e-01  7.8184e-01  4.3034e-01  1.2932e+01 -1.1938e+01 -3.3516e+00  1.7916e+01  1.0000e+00
-3.7688e-01  6.4177e-01 -1.1977e-03 -3.4285e+00 -4.7688e+00  1.3098e+01  1.4355e+01  1.0000e+00
-2.1276e-01  8.8853e-01  3.5069e-01 -1.0297e+01  1.9191e+01 -1.4775e+01  2.6318e+01  1.0000e+00
-2.3352e-01  8.2786e-01 -1.2937e-01  1.8292e+01 -1.4999e+01  6.1809e+00  2.4449e+01  1.0000e+00
-5.8041e-01  7.3102e-01  2.9894e-01 -6.0678e+00  2.7043e+00  1.4450e+00  6.7985e+00  1.0000e+00
-5.3360e-01  5.8016e-01  4.7881e-01 -1.8790e+00  1.6528e+01  1.3197e+01  2.1233e+01  1.0000e+00
-5.6030e-01  2.1763e+00 -7.7252e-01  2.6356e+00  7.9693e+00 -5.6669e+00  1.0128e+01  1.0000e+00
-1.1312e+01  2.1662e+01 -2.7471e+01 -2.8549e+01  5.4713e+01 -6.7979e+01  9.1813e+01  1.0000e+00
-2.0164e-01  7.5505e-01  8.3710e-01 -5.1643e+00 -1.7672e+00 -9.2395e+00  1.0731e+01  1.0000e+00
 8.3738e+00 -1.9219e+00  7.0162e+00  1.9889e+01 -4.1785e+00  1.6852e+01  2.6401e+01  1.0000e+00
 4.9625e+00  4.5213e+00  4.1996e-01  9.4602e+00  9.1005e+00  2.1323e+00  1.3299e+01  1.0000e+00
 2.3132e+00  6.7101e-01 -9.3928e-02  7.6753e+00  1.4724e+00 -3.4774e+00  8.5540e+00  1.0000e+00
-1.6466e-01  5.4823e-01  4.5183e-01 -1.5143e+01 -9.4047e+00  3.0311e-01  1.7828e+01  1.0000e+00
 1.6243e+00 -4.8667e+00  1.5668e+01  4.3172e+00 -1.2091e+01  3.9864e+01  4.1881e+01  1.0000e+00
 1.5084e+01  7.3187e+00  1.1829e+00  3.8976e+01  1.8738e+01  3.1580e+00  4.3362e+01  1.0000e+00
 9.0943e-01 -9.9021e+00  1.5643e+00  3.2508e+00 -2.4136e+01  4.3050e+00  2.4731e+01  1.0000e+00
-2.7299e-01  7.8391e-01 -8.0125e-02 -1.7086e+00 -5.4577e-01 -1.2849e+01  1.2973e+01  1.0000e+00
 2.4025e+00 -2.0568e+00 -3.4188e-01  2.6828e+00  1.5340e+00  1.5599e+00  3.4617e+00  1.0000e+00
 7.1280e+00 -2.7523e+00  3.1261e+00  1.5299e+01 -6.0629e+00  7.2171e+00  1.7969e+01  1.0000e+00
-3.5590e-01  8.0184e-01 -7.5258e-01 -7.1723e+00  3.2431e+00  4.4503e+00  9.0424e+00  1.0000e+00
-4.5024e-01  9.0710e-01  6.3511e-01 -6.5671e+00  4.4519e+00  2.8797e+00  8.4403e+00  1.0000e+00
-4.7137e-01  1.0752e+00  2.7401e-01 -1.3930e+00  4.8890e+00  9.5374e+00  1.0808e+01  1.0000e+00
-2.3320e+00 -3.6750e+00  3.6345e+00 -3.8761e+00 -6.2544e+00  6.5009e+00  9.8186e+00  1.0000e+00
-6.0708e-01  6.3624e-01  3.4906e-01 -2.4775e+00 -5.9941e+00 -1.1091e+00  6.5801e+00  1.0000e+00
-2.7163e-01  6.2525e-01  3.2477e-01  1.8618e+01  3.2224e-01 -1.2160e+01  2.2240e+01  1.0000e+00
-3.2780e-01  6.0864e-01  6.5497e-01  6.9458e+00  5.6790e+00 -1.4939e+00  9.0955e+00  1.0000e+00
-1.0664e-01  9.2908e-01  2.5626e-01  1.3019e+01 -1.0183e+00 -5.4634e+00  1.4155e+01  1.0000e+00
-1.9799e-01  9.8743e-01 -2.5455e-02 -2.1498e+00 -1.2350e+01 -4.2996e+00  1.3252e+01  1.0000e+00
-7.3491e-02  7.0753e-01  6.0331e-01 -1.3773e+01  1.9224e+00 -8.4998e+00  1.6298e+01  1.0000e+00
 3.8802e+00 -2.0277e+00  1.1317e+01  9.1285e+00 -5.4542e+00  2.8131e+01  3.0074e+01  1.0000e+00
-1.2509e-01  5.0408e-01  2.0667e-01 -1.2481e+01  9.9186e+00 -1.4290e+01  2.1409e+01  1.0000e+00
-1.5892e+00 -2.0097e+00  1.2469e+00 -8.6539e+00 -1.7338e+01  6.7969e+00  2.0535e+01  1.0000e+00
 6.7340e+00  6.1495e-01 -3.2665e+00  1.8980e+01  2.0316e+00 -9.0928e+00  2.1143e+01  1.0000e+00
-2.9065e-01  7.0331e-01  7.4833e-01 -6.3979e+00  9.8887e+00  2.0304e+00  1.1952e+01  1.0000e+00
 1.5532e+00 -6.0468e-01  6.3201e-01 -6.3504e+00  1.8063e+00 -1.5044e+00  6.7715e+00  1.0000e+00
 5.3056e-01  3.0743e-01  2.4780e-01 -3.0519e+00  9.8912e+00 -7.1147e+00  1.2561e+01  1.0000e+00
-1.6712e-01  6.8238e-01  6.0639e-02 -2.6533e+00 -7.5987e+00  3.7278e+00  8.8700e+00  1.0000e+00
-2.1937e-01  1.0028e+00  2.4533e-01 -8.8136e+00  7.5615e+00 -8.5181e+00  1.4402e+01  1.0000e+00
-3.0770e-01  5.9320e-01  4.1489e-01  1.4310e+00  1.1431e+01  1.6824e+01  2.0390e+01  1.0000e+00
-3.8437e-01  1.0642e+00  4.0849e-01  9.5590e+00 -1.9758e+01 -7.6951e+00  2.3259e+01  1.0000e+00
 1.3527e+01  1.5718e+00  2.4901e+00  3.4188e+01  3.5432e+00  6.0933e+00  3.4907e+01  1.0000e+00
-8.2943e-02  8.1534e-01  1.0261e-01 -5.9271e+00  1.2892e+01  1.1578e+00  1.4237e+01  1.0000e+00
-5.9140e-01  7.2018e-01  3.4857e-01 -1.8806e+01 -1.1963e+01  1.1990e+01  2.5309e+01  1.0000e+00
-1.3732e+00  1.8401e-01 -2.7183e-01  2.7651e+00  1.7021e+00 -1.9518e+00  3.7885e+00  1.0000e+00
 2.0063e-01  4.6797e-01  3.4696e-01 -4.0059e+00  3.6354e+00 -9.4260e-01  5.4911e+00  1.0000e+00
-3.6851e-01  6.9390e-01  1.7229e-01 -1.4624e+01  1.4124e+01 -8.1109e+00  2.1889e+01  1.0000e+00
 5.1864e-02  6.0883e-01  4.8499e-01  7.7678e+00  8.1780e+00  2.2341e+00  1.1498e+01  1.0000e+00
-5.0897e-01  1.5222e+00 -2.4922e-01  5.3714e+00 -1.1754e+01  2.4731e+00  1.3157e+01  1.0000e+00
 1.6135e+01 -7.8049e+00 -1.8821e+00  4.1673e+01 -1.9605e+01 -4.7236e+00  4.6296e+01  1.0000e+00
-9.5989e+00 -5.9506e+00 -3.7648e+00 -2.3801e+01 -1.4156e+01 -8.8771e+00  2.9080e+01  1.0000e+00
-2.9521e-01  4.5053e-01  1.8571e-01 -5.0588e+00  6.4436e+00 -3.6768e+00  8.9795e+00  1.0000e+00
 8.4024e+00  2.1222e+00  5.5143e+00  3.2615e+01  7.0433e+00  2.0870e+01  3.9356e+01  1.0000e+00
 8.1221e-01 -7.3519e-02 -2.2953e-01 -8.8231e+00  8.0949e+00  8.1830e+00  1.4503e+01  1.0000e+00
 3.7185e+00  3.0746e+00  4.6828e+00  6.5854e+00  6.7546e+00  8.9090e+00  1.2975e+01  1.0000e+00
-1.2297e-01  6.3142e-01  2.5087e-01  7.4721e+00  2.3574e+01  5.9850e+00  2.5443e+01  1.0000e+00
-2.4259e-01  1.0578e+00  4.5474e-02 -6.3907e+00  2.4432e+01 -1.6916e+00  2.5311e+01  1.0000e+00
 3.3588e-01  4.6217e-01 -1.9969e-01  9.2566e-02  3.8197e+00  3.7129e+00  5.3277e+00  1.0000e+00
 1.7840e+00 -1.2262e+00  2.0135e+00 -1.2449e+00  1.5515e+00 -1.3224e-01  1.9936e+00  1.0000e+00
 4.7485e+01  1.2260e+01 -4.6270e+01  2.2218e+02  5.5313e+01 -2.1506e+02  3.1413e+02  1.0000e+00
 1.5138e-02  9.1230e-01  1.0601e-01 -9.1859e+00  1.2700e+01 -6.5390e+00  1.6983e+01  1.0000e+00
 2.1689e+00 -9.9247e-01  1.8065e+00  8.0677e-02  1.2643e+00 -1.3034e+00  1.8176e+00  1.0000e+00
 1.5571e-01  2.7380e-01  5.9237e-01 -6.2405e-01 -3.4435e+00 -8.2113e+00  8.9259e+00  1.0000e+00
-1.0121e+00  1.0499e+00  5.8791e-01 -1.6721e+01  5.0608e+00  6.1911e+00  1.8535e+01  1.0000e+00
-4.6472e-01  3.5221e-01 -1.0610e-01  1.0795e+01  7.6120e+00  9.9362e+00  1.6529e+01  1.0000e+00
 2.4916e+00 -9.0075e-01 -2.6695e-01  1.0463e+01 -4.0403e+00 -1.4467e+00  1.1309e+01  1.0000e+00
 1.3600e-01  5.6085e-01  2.3058e-01  1.0233e+01 -5.5366e+00  5.6806e+00  1.2948e+01  1.0000e+00
 1.2517e+00  3.3896e+00  5.2080e+00  1.7464e+01  3.4374e+01  6.1866e+01  7.2897e+01  1.0000e+00
-5.3068e+00 -7.8020e+00 -8.7437e+00 -1.3164e+01 -1.9051e+01 -2.1518e+01  3.1611e+01  1.0000e+00
 1.2101e+00 -2.5433e+00 -1.0960e+01  2.7910e+00 -5.5425e+00 -2.3771e+01  2.4567e+01  1.0000e+00
 6.8573e-01  3.7155e+00 -1.9861e+00  4.3014e+00  4.4564e+00 -1.3094e+00  6.3306e+00  1.0000e+00
-4.1256e-01  8.2359e-01 -8.7871e-02  7.0023e+00 -1.5523e+00  3.9215e+00  8.1744e+00  1.0000e+00
-5.1916e-02  8.0787e-01  8.8396e-02 -1.0936e+01  3.5185e+00  7.4303e+00  1.3682e+01  1.0000e+00
 1.5421e+00 -2.7740e-01 -3.9396e-02 -5.1861e+00  7.8615e+00  2.0012e+00  9.6283e+00  1.0000e+00
 2.7513e-01  5.7133e-01  1.7029e-01  1.5895e+01 -6.6055e+00 -2.5910e+00  1.7406e+01  1.0000e+00
 1.3401e+01  5.0623e+00 -3.3347e-01  3.3597e+01  1.3323e+01 -9.2502e-01  3.6154e+01  1.0000e+00
 7.6516e-02  7.2976e-01  5.1057e-02  4.1365e+00  6.7075e+00 -8.1749e+00  1.1355e+01  1.0000e+00
 9.9508e+00  5.4961e-01  1.1166e+01  2.4980e+01  1.5504e+00  2.8012e+01  3.7564e+01  1.0000e+00
-8.2434e-01  1.2914e+00  5.0467e-01 -1.0475e+01  6.4322e+00  8.9244e-02  1.2293e+01  1.0000e+00
 2.9445e-01  1.1566e-01  2.5812e-01 -1.3767e+01 -5.5500e+00  6.4063e+00  1.6167e+01  1.0000e+00
-1.6147e+01  3.3645e+00  3.6692e+00 -4.1367e+01  9.0424e+00  9.5229e+00  4.3401e+01  1.0000e+00
 3.5831e-01  6.4692e-01 -3.9864e-01 -1.0350e+00  1.0045e+01 -2.6419e+00  1.0438e+01  1.0000e+00
 3.5281e+00 -5.8170e+00  1.0121e+01  1.2940e+01 -1.2795e+01  2.5720e+01  3.1507e+01  1.0000e+00
 3.8729e+00 -3.9783e+00  8.2768e+00  8.8357e+00 -9.4243e+00  1.9647e+01  2.3514e+01  1.0000e+00
 6.7039e+00 -8.1487e+00 -3.0924e+00  1.4763e+01 -1.9588e+01 -7.7794e+00  2.5732e+01  1.0000e+00
 3.1010e+00 -1.6036e+00  7.4230e-01  1.4210e+00  9.2199e-01  1.4352e+00  2.2202e+00  1.0000e+00
-2.8407e-01  8.7024e-01 -2.3047e-01  9.3246e-01 -5.6697e+00 -1.8474e+01  1.9347e+01  1.0000e+00
-1.5514e-01  3.7280e-01 -3.4569e-01 -6.6160e+00 -7.1142e+00  3.4558e-01  9.7212e+00  1.0000e+00
 5.7804e-04  1.0175e+00  4.0024e-01 -3.9440e+00  1.0172e+00 -1.6286e+01  1.6788e+01  1.0000e+00
-2.3141e-01  7.8112e-01 -1.2956e-01  1.3025e+01 -2.1739e+00 -9.9225e+00  1.6517e+01  1.0000e+00
-5.3007e-01  7.2797e-01  1.9653e-01 -6.2120e+00  2.2751e+00 -5.6757e+00  8.7166e+00  1.0000e+00
 1.3372e-01  7.1048e-01  1.7348e-01  3.4628e+00  5.9648e+00  1.7664e+01  1.8963e+01  1.0000e+00
-7.4797e-02  4.6546e-01  9.1243e-02 -8.5154e-01  1.4348e+01  6.4368e+00  1.5748e+01  1.0000e+00
-2.1212e+01  8.7678e+00  7.9853e+00 -5.5030e+01  2.2968e+01  2.1228e+01  6.3296e+01  1.0000e+00
-1.5130e-01  5.6377e-01  2.8809e-01  1.8273e+01  1.3862e+01  6.0102e+00  2.3711e+01  1.0000e+00
-4.5330e-01  1.1575e+00 -2.0083e-01 -9.6084e+00  1.0832e+01 -9.4386e+00  1.7284e+01  1.0000e+00
-4.5716e-01  7.3703e-01 -2.8796e-01  5.6089e+00  6.3506e+00  6.1570e+00  1.0474e+01  1.0000e+00
 7.9373e+00 -6.8323e+00 -2.8058e+00  1.9569e+01 -1.6358e+01 -6.1949e+00  2.6247e+01  1.0000e+00
-4.3883e-01  8.8734e-01  6.1579e-02  7.6897e+00  1.1352e+01 -6.8458e+00  1.5325e+01  1.0000e+00
 5.3648e+00 -4.6679e+00  1.1668e+01  1.3081e+01 -1.1214e+01  2.9561e+01  3.4216e+01  1.0000e+00
 4.0487e+00  1.1210e+00  4.8439e+00  4.4231e+01  5.3874e+00  4.6729e+01  6.4568e+01  1.0000e+00
-1.9428e+00 -2.2443e+00 -9.8043e+00 -5.2479e+00 -4.9691e+00 -2.3555e+01  2.4639e+01  1.0000e+00
 1.8452e+00 -1.0657e+00  8.1878e-01 -1.0808e+00  2.6769e+00 -1.5654e+00  3.2840e+00  1.0000e+00
 8.1719e-02  8.7487e-01  1.0546e-01  1.3655e+00  1.7466e+00 -8.0896e+00  8.3879e+00  1.0000e+00
 2.0853e-01  9.9764e-01  4.4528e-01 -4.1099e+00  3.6176e+00  9.3281e+00  1.0816e+01  1.0000e+00
 1.1326e+00  7.0099e-01 -5.6425e-01  8.7071e+00  4.5806e+00 -5.4549e+00  1.1249e+01  1.0000e+00
-2.7650e-01  1.2975e+00 -8.3041e-02  2.9641e+00 -1.0165e+01 -1.3560e+01  1.7204e+01  1.0000e+00
-8.7112e-01  8.5449e-01  4.3635e-01  1.7072e+00  9.2878e-02  9.3847e-01  1.9504e+00  1.0000e+00
-1.2116e-01  4.8082e-01  3.7323e-01 -2.5969e+01 -9.4748e-01 -8.2487e-01  2.6000e+01  1.0000e+00
 2.7211e+00 -1.4504e+00  1.2204e+00 -9.3367e-01  2.7332e+00  1.7586e+00  3.3815e+00  1.0000e+00
-1.6532e+00 -4.5543e+00  1.0569e+01 -4.0644e+00 -1.1675e+01  2.6107e+01  2.8886e+01  1.0000e+00
-4.6982e-03  5.3346e-01  3.0701e-01 -2.0079e+00 -2.5196e+01  9.9806e+00  2.7175e+01  1.0000e+00
-2.8275e-01  9.4642e-01 -1.8864e-01 -5.4174e-01  2.7830e+00 -5.5110e+00  6.1975e+00  1.0000e+00
-1.4660e+01  2.7274e+00 -4.2406e+00 -3.5735e+01  8.5700e+00 -9.4685e+00  3.7949e+01  1.0000e+00
 6.8587e-02  7.1051e-01  1.3544e-01 -1.3530e+00 -1.9429e-01 -1.0216e+01  1.0307e+01  1.0000e+00
-4.2907e-01  5.5150e-01  3.1712e-01  5.4257e+00 -1.0421e+01 -3.5155e-02  1.1749e+01  1.0000e+00
-1.2674e-01  7.5010e-01  4.0750e-01  1.3103e+01 -3.0292e+00  2.7133e+00  1.3720e+01  1.0000e+00
-5.5568e+00 -1.9216e+01 -2.1630e+01 -1.4950e+01 -4.4769e+01 -5.2275e+01  7.0431e+01  1.0000e+00
 1.3961e+01 -1.2343e+01  3.4973e+00  3.5607e+01 -3.1330e+01  8.7799e+00  4.8234e+01  1.0000e+00
-3.7011e-01  1.1561e+00  8.2700e-01  7.7539e-01 -4.6235e+00 -1.3350e+01  1.4149e+01  1.0000e+00
 5.3953e-01  1.8001e-01 -8.3843e-01 -5.3511e+00  5.6424e+00  1.1719e+01  1.4064e+01  1.0000e+00
-2.9243e-01  7.0067e-01  3.2931e-01 -2.2144e+01  2.1602e+00 -1.6999e+01  2.8000e+01  1.0000e+00
 8.5947e-01 -2.9993e-01 -1.4622e+00 -1.0734e+00  5.9984e+00  5.7543e+00  8.3812e+00  1.0000e+00
-5.3054e-01  9.3435e-01 -4.9285e-01 -5.3286e+00  2.0607e+00 -8.2178e+00  1.0009e+01  1.0000e+00
-3.5448e-01  7.8628e-01 -1.1332e-01  1.1745e+01  1.2707e+00 -6.7250e-01  1.1832e+01  1.0000e+00
-7.6627e+00  1.1878e+01 -6.4143e+00 -1.9344e+01  3.0603e+01 -1.5990e+01  3.9578e+01  1.0000e+00
 2.3880e-02  7.5787e-01  1.7285e-01 -1.1925e+01 -1.8922e-01 -1.6200e+01  2.0117e+01  1.0000e+00
 8.9708e-01  8.0149e-01 -1.5906e-01  3.3222e+00  1.3379e+00 -6.4823e+00  7.4059e+00  1.0000e+00
-1.4551e-01  4.0570e-01  2.8785e-01 -8.6044e+00 -7.9675e+00  1.4726e+01  1.8825e+01  1.0000e+00
 8.5680e-02  5.5881e-02  2.6198e-01 -2.8721e+00 -1.4777e+00  4.3890e+00  5.4494e+00  1.0000e+00
-2.4191e-01  9.1695e-01  1.0165e-01 -2.2492e+01 -1.1663e+01 -1.8020e+01  3.1091e+01  1.0000e+00
-9.4482e-02  7.7205e-01  1.7265e-01 -8.6474e+00  2.5225e+01 -1.9301e+01  3.2918e+01  1.0000e+00
 3.4020e-02  6.3693e-01  4.4071e-01 -8.3124e+00  1.9310e+01  4.9522e+00  2.1599e+01  1.0000e+00
-1.9999e-01  8.8108e-01  1.8444e-02  1.5382e+01  9.6337e+00 -2.0102e+01  2.7083e+01  1.0000e+00
-2.0750e-01  4.8540e-01  3.2307e-01 -9.1496e+00  1.2180e+01  4.3940e+00  1.5855e+01  1.0000e+00
-3.3942e-01  3.5069e-01  5.5165e-01  1.0922e+00  8.7328e+00 -1.5811e+01  1.8095e+01  1.0000e+00
 3.5301e+00 -5.7847e+00  1.0144e+01  3.7718e+00 -1.4536e+01  2.4306e+01  2.8571e+01  1.0000e+00
-3.3050e-01  9.7590e-01  1.8272e-01 -9.3895e-01 -2.2601e+01 -1.4625e+00  2.2667e+01  1.0000e+00
 2.7200e+01 -1.8649e+01 -3.8237e+01  6.9252e+01 -4.7253e+01 -9.5417e+01  1.2702e+02  1.0000e+00
-2.8717e-01  5.4915e-01  4.8958e-01  3.4623e+00  1.3607e+01 -1.3177e+01  1.9255e+01  1.0000e+00
-1.5331e+00  2.7862e+00  2.3770e+00 -1.0717e+00  3.9643e+00 -3.7377e-01  4.1236e+00  1.0000e+00
 7.1823e+00 -2.2824e+00 -1.7443e+00  1.7501e+01 -4.0298e+00 -3.0116e+00  1.8210e+01  1.0000e+00
-1.5239e-01  1.0050e+00  7.4227e-03 -5.5875e+00  6.3480e+00  1.1305e+01  1.4118e+01  1.0000e+00
-3.4322e-01 -1.1002e+00  1.6207e+00  2.7457e+00 -2.9196e+00  1.6240e+00  4.3244e+00  1.0000e+00
-7.8192e-02  3.6840e-01  3.2940e-01 -3.6929e+00 -1.5186e+01  1.2789e+00  1.5681e+01  1.0000e+00
-2.4113e-01  5.1298e-01  2.2499e-01 -2.3067e+00  2.1884e+01 -4.1077e+00  2.2386e+01  1.0000e+00
-3.3253e-01  7.1462e-01  2.3882e-01 -1.0653e+00  6.3417e+00  5.1490e+00  8.2380e+00  1.0000e+00
 4.7031e-01  4.5249e-01 -1.2124e-01 -1.4444e+01  9.0845e+00  2.3927e+00  1.7230e+01  1.0000e+00
-7.0116e-01  3.1949e-01  2.9731e-02  1.9696e+00  4.9911e+00 -1.1253e+00  5.4824e+00  1.0000e+00
-6.1406e-01  1.6488e+00  1.3581e+00  5.8691e+00  4.6912e-01 -1.6599e+00  6.1173e+00  1.0000e+00
 6.7418e-01 -5.4990e+00  9.7597e+00  1.6744e+00 -1.3357e+01  2.3515e+01  2.7096e+01  1.0000e+00
-1.3962e+01  1.0943e+01 -8.8400e+00 -5.8303e+01  4.4462e+01 -3.7389e+01  8.2305e+01  1.0000e+00
 2.9881e-01  3.3626e-01  1.0043e+00  3.8995e+00  5.6939e+00 -3.8651e+00  7.9099e+00  1.0000e+00
 3.3700e-02  4.7030e-01  1.8928e-01 -2.0155e+01  2.3121e+01 -5.5655e+00  3.1173e+01  1.0000e+00
-2.7291e-01  7.0002e-01  4.4719e-01  1.2949e+01  1.2505e+01  2.2985e+01  2.9195e+01  1.0000e+00
 2.6551e-01  1.7590e+00 -7.1944e-01 -2.6729e+00  5.7909e-02 -7.7272e-01  2.7830e+00  1.0000e+00
-1.1174e+00  1.2381e+00  1.7005e-01 -1.0238e+01  6.0482e+00 -2.5916e-01  1.1893e+01  1.0000e+00
 3.1743e-01  7.1179e-01  1.9222e-01  1.8546e+01  7.1317e+00  1.0046e+01  2.2265e+01  1.0000e+00
-9.3340e+00  7.8524e+00 -2.6177e+00 -2.2669e+01  1.9166e+01 -6.2933e+00  3.0345e+01  1.0000e+00
 5.4957e+00 -4.2843e+00 -1.6815e+01  1.4179e+01 -1.1199e+01 -4.3412e+01  4.7022e+01  1.0000e+00
-1.5104e-01  5.1137e-01  2.4977e-01  1.4214e+01  6.1300e+00  2.1002e+01  2.6090e+01  1.0000e+00
-4.3587e-01 -1.0988e+01 -7.8817e+00 -1.7788e+00 -2.7091e+01 -1.9612e+01  3.3492e+01  1.0000e+00
-4.0251e+00  3.7854e+00 -1.5948e+01 -1.0609e+01  1.0044e+01 -4.0796e+01  4.3333e+01  1.0000e+00
 1.9845e+00 -9.7299e+00  7.4286e-02  4.6596e+00 -2.3689e+01  2.9429e-01  2.4144e+01  1.0000e+00
-6.8553e-02  6.5341e-01  2.3916e-01 -3.2758e+01 -1.7545e+01  3.2863e+00  3.7306e+01  1.0000e+00
-1.8776e+00 -2.3740e+00 -1.0639e+01 -4.6419e+00 -6.2954e+00 -2.5172e+01  2.6360e+01  1.0000e+00
 9.3505e-01  2.6244e+00  2.3071e+00  4.3246e+00  8.0316e+00  8.0756e+00  1.2183e+01  1.0000e+00
-3.5485e-01  7.4713e-01  2.5940e-01 -5.7953e+00  5.8262e-01  1.9095e+01  1.9964e+01  1.0000e+00
 5.4897e+00  3.6266e+00  7.7283e+00  1.8496e+01  1.0139e+01  2.5145e+01  3.2820e+01  1.0000e+00
 1.6038e-01  6.2982e-01  4.6188e-01  1.1714e+00  2.5433e+00  7.8438e+00  8.3286e+00  1.0000e+00
 6.5357e+00 -8.1644e+00 -3.2758e+00  1.7478e+01 -1.9146e+01 -7.3384e+00  2.6942e+01  1.0000e+00
-2.4428e-01  7.5416e-01  2.3218e-01 -1.6515e+01  2.0232e+01  5.5253e+00  2.6695e+01  1.0000e+00
-7.2716e-02  8.5685e-01  2.9581e-01  1.4784e+01 -6.6303e+00  2.5384e+01  3.0115e+01  1.0000e+00
-1.1239e+01 -5.0766e+00 -3.5624e+00 -2.7815e+01 -1.2437e+01 -8.5521e+00  3.1647e+01  1.0000e+00
 5.9286e+00  3.0607e+00  5.6397e+00  1.3160e+01  7.8596e+00  1.4021e+01  2.0774e+01  1.0000e+00
 3.9757e-02  7.9147e-01  4.4370e-01  9.8408e+00  1.4765e+01  1.2490e+00  1.7788e+01  1.0000e+00
 4.4238e+00 -1.4567e+01 -1.1476e+00  1.1552e+01 -3.7129e+01 -2.9458e+00  3.8996e+01  1.0000e+00
-3.0057e-01  6.8372e-01  3.3716e-02  6.3477e+00  9.3227e+00 -2.0342e+00  1.1461e+01  1.0000e+00
-2.0677e+01 -1.9495e+00  3.0544e+01 -5.7005e+01 -5.5867e+00  8.4090e+01  1.0174e+02  1.0000e+00
 8.4274e+00 -1.4650e+01 -1.1877e+01  2.2102e+01 -3.7864e+01 -3.0844e+01  5.3605e+01  1.0000e+00
-9.2788e-01  9.6175e-01  4.9915e-01  1.2621e+01 -2.5631e+00 -1.2751e+00  1.2941e+01  1.0000e+00
-1.0143e+00  1.8509e+00  5.5159e-01 -6.1448e+00  1.8644e+01  4.4521e+00  2.0129e+01  1.0000e+00
-1.8905e-01  3.1787e-01  1.7199e-01 -5.0085e+00  4.4934e+00 -1.6318e+01  1.7651e+01  1.0000e+00
-5.1075e+00 -1.2732e+00 -3.8300e+00 -1.0700e+01 -1.5779e+00 -7.8181e+00  1.3346e+01  1.0000e+00
 1.3496e+00  1.2513e+00  4.7336e-02 -2.9349e-01  1.8229e+00 -7.9527e-01  2.0104e+00  1.0000e+00
-9.2274e-02  5.5670e-01  1.4603e-01 -1.8218e+01 -4.5162e+00  1.7362e+01  2.5568e+01  1.0000e+00
-1.5968e-01 -1.1088e+01 -7.8466e+00  7.3344e-01 -2.7193e+01 -1.9212e+01  3.3303e+01  1.0000e+00
-1.4836e-02  6.4030e-01  3.1618e-01 -9.6514e+00  2.0584e+01 -1.1571e+01  2.5510e+01  1.0000e+00
-2.0705e-01  4.6127e-01 -5.3922e-02 -3.4655e-02 -9.3408e+00 -3.7635e+00  1.0071e+01  1.0000e+00
-1.8729e-01  5.7333e-01  3.5094e-01 -9.0035e+00  1.6731e+01 -2.3873e+00  1.9149e+01  1.0000e+00
 2.0769e-01  8.9396e-01 -2.0218e-01 -7.2463e-01 -3.8223e+00  1.4445e+01  1.4959e+01  1.0000e+00
-1.6192e-01  5.9378e-01  1.2443e-01  5.0778e+00  2.8533e+00 -1.2807e+01  1.4069e+01  1.0000e+00
-2.1440e+01 -2.5401e+01  1.1788e+01 -5.1409e+01 -6.2642e+01  2.9568e+01  8.6263e+01  1.0000e+00
-3.5072e-01  9.6137e-01  1.3514e-01 -5.7562e+00 -1.0540e+00 -1.2464e+01  1.3769e+01  1.0000e+00
-1.7921e+00  3.0570e+00 -1.4380e+00 -5.8584e+00  1.0623e+01 -4.0814e+00  1.2800e+01  1.0000e+00
 6.7886e-02  5.4926e-01  2.0706e-01  8.1867e+00  1.7479e+01 -3.3971e+00  1.9598e+01  1.0000e+00
-1.5818e-01  8.1895e-01  5.3770e-02  1.8195e+01  1.4157e+01 -5.3444e+00  2.3665e+01  1.0000e+00
 2.2489e-01  4.9337e-01  6.1353e-01 -9.4925e+00  4.2572e+00  7.0789e+00  1.2583e+01  1.0000e+00
-8.2196e-01  7.3797e-01  3.5578e-01 -5.0440e+00  1.0916e+01  4.1516e+00  1.2722e+01  1.0000e+00
-1.8300e-01  4.8281e-01  1.3497e-01  1.1004e+00  1.1935e+01 -2.3868e+01  2.6708e+01  1.0000e+00
-6.7541e-02 -9.7301e+00  4.6996e+00 -2.1393e-01 -2.3828e+01  1.1173e+01  2.6319e+01  1.0000e+00
-1.2364e+01 -7.4645e+00 -4.4587e+00 -3.1835e+01 -1.8649e+01 -1.1058e+01  3.8517e+01  1.0000e+00
-1.5670e+00 -5.8448e-01 -4.9360e-01 -1.9403e+00  9.1067e+00  1.5697e+00  9.4425e+00  1.0000e+00
-2.5116e-01  8.5799e-01  8.8226e-02 -5.3968e-01  1.0151e+01  2.1721e+01  2.3982e+01  1.0000e+00
 1.5936e+01 -5.7289e+00 -9.7228e-01  4.0912e+01 -1.4559e+01 -2.2831e+00  4.3485e+01  1.0000e+00
-7.3548e-01  8.7593e-01  5.3836e-01  8.9076e+00 -1.0115e+01  1.5525e+01  2.0559e+01  1.0000e+00
 1.6097e+02 -1.9943e+02  1.3097e+02  3.8386e+02 -4.7418e+02  3.0947e+02  6.8408e+02  1.0000e+00
 1.1176e-01  1.0103e+00 -5.2468e-02  1.2855e+01 -1.2619e+00 -3.8619e+00  1.3482e+01  1.0000e+00
-7.0395e-01  1.0406e+00  2.4472e-01  4.8098e+00 -1.0222e+00  1.1960e+01  1.2932e+01  1.0000e+00
-1.3466e-01  7.0016e-01  2.5942e-01 -1.8549e+01  1.4984e+01 -4.3938e+00  2.4247e+01  1.0000e+00
 8.9840e+00  7.2937e+00  6.3479e-01  2.1761e+01  1.7418e+01  1.8981e+00  2.7938e+01  1.0000e+00
-6.8342e+00 -1.8491e+00  3.5325e+00 -1.9594e+01 -4.6410e+00  1.0984e+01  2.2937e+01  1.0000e+00
 2.2235e+00 -1.2144e+01  6.7798e-01  5.3184e+00 -2.9831e+01  1.2415e+00  3.0326e+01  1.0000e+00
 2.4368e-01  5.7910e-01  7.5302e-01  3.2906e-01 -1.7351e+00 -4.5233e+00  4.8558e+00  1.0000e+00
 6.1656e-01  5.6975e+00 -8.7549e+00  1.3147e+00  1.3505e+01 -2.1195e+01  2.5166e+01  1.0000e+00
-2.1608e+01  7.2658e+00  7.9138e+00 -6.8651e+01  2.3115e+01  2.5020e+01  7.6637e+01  1.0000e+00
-4.1300e-01  8.2399e-01  2.6425e-01 -4.8346e+00 -4.3410e+00 -3.3259e+00  7.2993e+00  1.0000e+00
 1.1370e-01  2.3053e-01 -1.4990e-01  1.4273e+01 -7.4779e-01 -9.6479e+00  1.7244e+01  1.0000e+00
-9.5214e-02  6.9359e-01  3.6139e-01  1.5670e+01 -1.6601e+01  1.5302e+01  2.7483e+01  1.0000e+00
 1.6046e+00  2.1948e-01 -5.9465e-01  5.2882e+00 -1.7684e+00 -1.0634e+00  5.6765e+00  1.0000e+00
 1.2093e+00 -1.2317e+01  9.7788e+00  2.9713e+00 -3.1377e+01  2.4948e+01  4.0196e+01  1.0000e+00
 5.5572e+00 -1.0311e+01  4.2248e+00  2.3608e+01 -4.4325e+01  1.7301e+01  5.3116e+01  1.0000e+00
-2.5442e-01  7.5814e+00  1.0809e+00 -3.3139e+00  1.6641e+01  3.1506e+00  1.7258e+01  1.0000e+00
-2.6126e-03  1.1518e+00  2.7564e-01  1.8669e+00 -1.2934e+01  7.4738e+00  1.5055e+01  1.0000e+00
 2.1026e+00 -9.0973e-01  5.8429e-01 -3.8379e+00  2.7603e+00  4.8366e-01  4.7521e+00  1.0000e+00
 3.8994e-02  6.9738e-01  2.9839e-01 -3.3063e+00  2.4411e+00  3.8510e+00  5.6321e+00  1.0000e+00
 6.5956e+00 -2.3442e+00  3.6490e+00  1.5159e+01 -3.9202e+00  7.8221e+00  1.7503e+01  1.0000e+00
-8.2074e-01  1.0360e+00  2.3949e-01  1.5982e+00 -4.3500e+00  3.1347e+00  5.5950e+00  1.0000e+00
-2.7509e-01  8.8984e-01  3.5238e-01  4.7118e+00  3.4920e+00  1.1013e+01  1.2477e+01  1.0000e+00
-1.9867e-01  9.7008e-01  1.5917e-01 -1.4210e+01 -7.4285e+00  7.8963e+00  1.7874e+01  1.0000e+00
-2.6774e+00 -2.3007e+00 -1.3370e+01 -6.4442e+00 -5.4678e+00 -3.3395e+01  3.4448e+01  1.0000e+00
-1.3072e+00 -6.4126e-01  3.3263e+00 -1.3617e+00 -3.9876e-01  6.0334e+00  6.1980e+00  1.0000e+00
 1.6174e+01 -3.9647e-01 -3.5712e+00  4.1464e+01 -7.4466e-01 -8.6384e+00  4.2361e+01  1.0000e+00
-3.9980e-01  6.3402e-01 -3.5269e-01  3.6629e+00 -8.5275e+00  9.6361e+00  1.3379e+01  1.0000e+00
 5.6221e+00 -8.3497e-01  1.4750e+01  1.4585e+01 -2.7264e+00  3.8081e+01  4.0869e+01  1.0000e+00
 8.9472e-03  6.8718e-01  1.3504e+00  1.0387e+00  1.2780e+00 -8.6263e+00  8.7821e+00  1.0000e+00
 5.9715e-01  1.3924e+00  5.3830e-02  9.7875e+00  8.4934e-01  1.2415e+01  1.5832e+01  1.0000e+00
-6.5221e+00  1.1034e+00  1.0522e+01 -1.5705e+01  2.6933e+00  2.6017e+01  3.0509e+01  1.0000e+00
-8.4515e-01  6.0514e+00 -1.1959e-01 -4.1956e+00  9.3050e+00 -9.9576e-01  1.0256e+01  1.0000e+00
-2.5898e-01  5.3419e-01 -4.7720e-02 -8.9272e-01 -5.6995e+00  6.4769e+00  8.6736e+00  1.0000e+00
 8.0957e-01  2.5722e+01  1.6902e+01  2.8277e-01  6.3526e+01  4.0510e+01  7.5343e+01  1.0000e+00
-4.1824e+00  3.7198e+00 -1.6455e+00 -7.4953e+00  6.5085e+00 -1.3040e+00  1.0012e+01  1.0000e+00
 8.0338e-01  5.1801e-01  3.4133e-01  1.2383e+01  5.8857e+00 -3.6439e+00  1.4186e+01  1.0000e+00
-3.0487e-01  7.6343e-01  5.3562e-01 -1.8554e+01  4.9531e+00  2.0099e+01  2.7798e+01  1.0000e+00
-3.0788e-01  8.3813e-01  1.0585e-01 -2.1045e+00 -2.9963e+01 -5.5217e+00  3.0541e+01  1.0000e+00
-1.8247e-01  4.6434e-01  3.9078e-01 -3.8704e+00 -2.2394e+01 -3.1290e+00  2.2941e+01  1.0000e+00
-4.1791e-01  9.2310e-01  3.4572e-01  6.0394e+00  2.0032e+01  3.4797e+00  2.1210e+01  1.0000e+00
-2.7564e+00 -2.7782e-02  3.7243e+00 -2.4183e+00  1.0341e+00  4.7097e+00  5.3943e+00  1.0000e+00
-1.3725e-01  8.1247e-01  1.4685e-01  1.2093e+01 -1.1901e+01 -1.7820e+01  2.4606e+01  1.0000e+00
-7.8338e+00  6.5800e+00  2.3852e+00 -2.7374e+01  2.2852e+01  7.3195e+00  3.6402e+01  1.0000e+00
-6.3580e-02  9.7799e-01  2.1502e-01 -1.1913e+01  1.3058e+01 -5.8934e-01  1.7686e+01  1.0000e+00
-1.3860e-01  5.2678e-01  3.0740e-01 -2.0043e+01  1.9203e+01 -1.6182e+01  3.2130e+01  1.0000e+00
-2.2265e-02  9.4840e-01  1.2189e-01 -5.1920e+00 -3.4011e+00  8.0260e+00  1.0146e+01  1.0000e+00
-2.5506e-01  8.5892e-01  5.5292e-01  8.6810e-01 -1.7581e+01  2.1614e+00  1.7735e+01  1.0000e+00
 5.4033e+00 -9.2241e+00 -4.5627e+00  1.3297e+01 -2.1887e+01 -1.1211e+01  2.7956e+01  1.0000e+00
-7.1596e-01  1.0413e+00  3.9697e-01  1.8484e+01 -3.7161e+00 -8.1360e+00  2.0535e+01  1.0000e+00
 6.9598e+00  1.8585e+00 -1.5945e+01  1.7875e+01  5.2695e+00 -3.8241e+01  4.2540e+01  1.0000e+00
-1.1855e+00  6.4626e+00 -4.2630e+00 -2.6302e+00  1.4172e+01 -8.0141e+00  1.6492e+01  1.0000e+00
-1.3909e+01 -4.9556e+00  3.3148e+00 -3.5740e+01 -1.2218e+01  8.4671e+00  3.8708e+01  1.0000e+00
 1.7336e+01 -1.6809e+00 -7.1400e+00  4.5222e+01 -4.3061e+00 -1.8362e+01  4.8997e+01  1.0000e+00
 6.6966e+00 -3.6933e+01  2.2876e+01  1.7616e+01 -9.7718e+01  6.0750e+01  1.1640e+02  1.0000e+00
-1.6439e-01  4.5229e-01 -7.0391e-03  8.6616e+00 -2.5306e+00  1.0238e+01  1.3647e+01  1.0000e+00
-3.1032e-02  6.4197e-01 -1.9749e-01 -9.0279e+00  4.7279e+00  7.2088e+00  1.2483e+01  1.0000e+00
-3.6043e-01  7.0805e-01  2.9595e-01 -2.1840e+00  2.1267e+01  1.6037e+01  2.6725e+01  1.0000e+00
-1.1398e+00  5.4084e-01  6.7206e-01  5.2882e+00 -2.7327e-01 -3.6780e+00  6.4473e+00  1.0000e+00
-8.6204e+00 -4.4156e+00 -4.4104e+00 -2.1207e+01 -9.7401e+00 -1.0877e+01  2.5747e+01  1.0000e+00
-8.7557e-01  2.3631e-01 -1.0670e-01  5.1958e+00  1.7549e-01  8.2214e+00  9.7272e+00  1.0000e+00
-3.0228e-01  7.2130e-01 -9.5874e-01  7.5770e+00  7.8198e+00 -5.7078e+00  1.2294e+01  1.0000e+00
-1.8568e-01  5.5775e-01  1.2906e-01  2.7044e-01  2.4848e+00  2.3598e+01  2.3730e+01  1.0000e+00
-4.3134e-01  7.4074e-01  1.9973e-01  1.2599e+01  2.5928e+00 -5.9581e+00  1.4176e+01  1.0000e+00
 2.3942e+00 -2.5107e+00 -2.9354e+00  3.5884e+00 -2.3706e+00 -3.2092e+00  5.3661e+00  1.0000e+00
-2.6710e-01  8.1251e-01  1.9614e-01 -3.8857e-01  2.1220e+01  7.6991e-01  2.1237e+01  1.0000e+00
-2.0454e-01  4.3795e-01  1.1785e-01 -1.4197e+00  9.4639e+00  9.6301e+00  1.3576e+01  1.0000e+00
 5.8722e+00 -6.9931e+00 -8.7026e+00  1.4345e+01 -1.7719e+01 -2.1005e+01  3.0999e+01  1.0000e+00
-2.0351e-01  5.6487e-01  4.4472e-01 -1.3866e+01 -4.1932e-01 -2.4609e+01  2.8250e+01  1.0000e+00
-7.1363e-02  5.9855e-01  1.1245e-01  1.1027e+01 -1.6653e+01  8.5706e+00  2.1734e+01  1.0000e+00
-6.4652e-01  1.3140e+00  5.6895e-01  6.2067e+00 -3.2678e+00 -5.1198e+00  8.6841e+00  1.0000e+00
-5.2870e-01  3.8227e-01  8.8323e-01  5.7333e+00 -5.3673e+00 -1.5693e+01  1.7548e+01  1.0000e+00
 3.7776e+00 -1.5016e+00 -2.4905e+00  3.1664e+01 -1.6296e+01 -2.0817e+01  4.1249e+01  1.0000e+00
-1.9277e-01  7.3943e-01  2.5119e-01 -7.8315e+00  8.0210e+00  1.1833e+01  1.6300e+01  1.0000e+00
-1.2003e+00  1.1583e+00  2.9383e-02 -1.1514e+01  6.0338e+00 -4.4018e+00  1.3724e+01  1.0000e+00
-1.6715e+01  4.0465e+00  8.2054e+00 -6.0305e+01  1.4469e+01  2.9775e+01  6.8794e+01  1.0000e+00
-1.6792e-01  1.0247e+00  1.4748e-01 -5.9184e+00 -1.5120e+01  4.4140e+00  1.6827e+01  1.0000e+00
 8.0251e+00  5.5857e+00 -7.6223e-01  1.8266e+01  1.3677e+01 -1.0588e+00  2.2844e+01  1.0000e+00
-3.0110e-01  9.2958e-01  2.2122e-01  6.1101e-01 -1.8529e+01  1.3535e+01  2.2954e+01  1.0000e+00
 1.2617e-01  4.9307e-01  6.5056e-01 -9.6701e+00 -7.9459e-01 -6.2665e+00  1.1550e+01  1.0000e+00
-3.6706e-02  5.1264e-01  1.9290e-01 -2.6285e+00 -5.7961e+00  4.9446e+00  8.0594e+00  1.0000e+00
 1.4422e+00  7.6103e+00 -1.4976e-01  4.1629e+00  1.5867e+01 -1.4742e+00  1.6470e+01  1.0000e+00
-1.6044e+02  1.9896e+02 -1.3277e+02 -3.7964e+02  4.7214e+02 -3.1702e+02  6.8377e+02  1.0000e+00
 2.2615e-01  1.6792e+00  6.9935e-01 -8.1669e+00  3.0733e+00  8.3812e-01  8.7661e+00  1.0000e+00
-1.0351e-01  7.2671e-01  2.6851e-01  2.2775e+01  5.3875e+00 -3.9107e+00  2.3728e+01  1.0000e+00
 1.9803e-01 -4.2118e-01  2.5778e-01 -2.9629e+00  6.3573e+00  1.3506e-01  7.0152e+00  1.0000e+00
-1.9392e-01  4.7269e-01 -2.7869e-01  9.4261e+00 -5.4739e+00  7.6238e+00  1.3302e+01  1.0000e+00
-5.3571e-01  8.4089e-01  5.7711e-01  6.0266e+00  1.1723e+01  1.2882e+01  1.8431e+01  1.0000e+00
 5.5191e+00 -8.2426e+00 -7.8577e+00  1.2909e+01 -1.9666e+01 -2.0950e+01  3.1501e+01  1.0000e+00
 2.4570e+00 -5.2041e-01  1.2974e-01  3.3391e+00  1.2961e-01  1.5610e+00  3.6882e+00  1.0000e+00
-1.9555e+00  5.6661e-02  2.0410e+00 -5.2855e-01  8.5371e-01  4.5514e+00  4.6608e+00  1.0000e+00
-1.4612e-01  5.5989e-01  4.9427e-02 -1.2180e+01  1.1795e+01 -3.5706e-01  1.6959e+01  1.0000e+00
-1.2083e+01  6.6004e-01  1.0295e+01 -3.0794e+01  2.2809e+00  2.6635e+01  4.0779e+01  1.0000e+00
-4.6360e-01  7.2569e-01  2.5026e-01  5.0022e+00 -8.2587e+00 -2.0958e+01  2.3075e+01  1.0000e+00
-5.8013e-02  6.5065e-01  3.7020e-01  1.6023e+01  1.0987e+00 -2.9603e+00  1.6331e+01  1.0000e+00
-8.1662e+00  7.3796e+00 -1.3154e+01 -2.0866e+01  1.9264e+01 -3.3707e+01  4.4075e+01  1.0000e+00
 1.3796e+01 -9.4500e+00  3.7948e+00  3.5322e+01 -2.3937e+01  9.8551e+00  4.3792e+01  1.0000e+00
 7.5026e+00 -4.6015e+00  8.3157e+00  1.8032e+01 -1.1104e+01  2.0661e+01  2.9586e+01  1.0000e+00
 4.5066e-01  7.3390e-01  8.8765e-01  1.4778e+00  2.6606e+00  1.5455e+01  1.5752e+01  1.0000e+00
-2.2109e-01  7.0527e-01  3.0841e-01  2.6475e+00  1.1569e+01  3.3278e+00  1.2326e+01  1.0000e+00
-5.7398e-02  5.3811e-01  2.1405e-01 -1.5220e+01  1.6405e+00  1.3704e+01  2.0545e+01  1.0000e+00
-6.1006e+00  1.0407e+00  2.0887e+00 -1.2070e+01  1.0677e+00  3.4167e+00  1.2590e+01  1.0000e+00
-2.2339e-01  8.1498e-01  1.0052e-01 -1.4518e+01  4.2151e+00 -2.4477e-01  1.5120e+01  1.0000e+00
-2.3966e-01  8.9424e-01  3.8231e-01 -2.0090e+01  1.3391e+01 -1.5015e+00  2.4190e+01  1.0000e+00
-4.8063e-01  5.6333e-01  4.9584e-02  2.2368e+00 -1.0830e+00 -5.1442e-01  2.5378e+00  1.0000e+00
-1.7001e-01  4.8233e-01  4.0334e-01 -3.6153e+00  3.3807e+00  1.1221e+01  1.2264e+01  1.0000e+00
-5.5521e+00  5.1949e+00 -4.6477e+00 -1.2388e+01  1.3595e+01 -1.0356e+01  2.1108e+01  1.0000e+00
-2.4882e-01  1.2834e+00  3.2308e-01 -1.5855e+01 -5.6149e+00 -7.0857e+00  1.8252e+01  1.0000e+00
-4.2214e+00  2.6930e+00 -1.0388e+01 -1.0438e+01  6.5587e+00 -2.5131e+01  2.7991e+01  1.0000e+00
-1.1780e+00  6.8816e+00  3.0419e+00 -5.6812e+00  1.4009e+01  4.6197e+00  1.5807e+01  1.0000e+00
-1.3062e+01 -2.9568e+00 -3.7797e+00 -3.3740e+01 -6.9400e+00 -8.6242e+00  3.5509e+01  1.0000e+00
-1.8186e+00  6.1358e-01  4.2984e-01 -1.5929e+00 -2.2533e+00  3.1890e+00  4.2172e+00  1.0000e+00
-5.6960e-02 -2.1012e-01 -2.5507e+00 -3.7061e-02 -1.0788e+00 -6.0212e+00  6.1172e+00  1.0000e+00
 3.1195e-02  9.4587e-01  7.5036e-01 -1.1107e+01  8.7506e-01  9.5709e+00  1.4688e+01  1.0000e+00
 1.7905e-01  7.0357e-01  2.2852e-01  1.4647e+01  4.5792e+00  2.5312e+01  2.9601e+01  1.0000e+00
-2.1989e-01  8.5101e-01 -7.3647e-01  8.6621e-01 -2.4434e+00  1.4342e+00  2.9627e+00  1.0000e+00
-1.9076e-01  9.0582e-01  2.8805e-01 -9.8069e+00  3.1016e+00  4.7930e+00  1.1348e+01  1.0000e+00
-5.6011e-02  8.6814e-01 -5.9930e-02  3.6797e+00  3.6715e+00 -1.6676e+01  1.7468e+01  1.0000e+00
 2.6829e+00 -1.4259e+00  8.3000e-01  3.2218e+00 -2.4325e-02 -5.0771e+00  6.0131e+00  1.0000e+00
 3.2962e-02  1.2784e+00  1.8638e-01  1.1149e+01  2.8003e+01 -8.0591e+00  3.1200e+01  1.0000e+00
 1.5816e-01  2.6614e-01  5.7345e-01  2.4702e+00 -1.1502e+01  1.0085e+01  1.5495e+01  1.0000e+00
-1.7121e+01  1.9286e+01 -1.1803e+01 -4.1991e+01  4.4265e+01 -2.6672e+01  6.6589e+01  1.0000e+00
 1.0693e-01  3.9000e-01 -1.8327e+00  9.8001e-01  2.2361e+00 -1.7986e+00  3.0324e+00  1.0000e+00
 2.3496e+00  1.7177e+00 -8.5655e-01 -2.1724e+00  5.4426e+00  9.5412e-02  5.8609e+00  1.0000e+00
-2.6231e+00 -6.7488e-01 -2.1497e+00 -2.1029e+01 -1.1578e+01 -2.1454e+01  3.2196e+01  1.0000e+00
-1.9068e-01  6.3920e-01  7.4727e-02  8.8079e+00  1.6464e+01 -1.0875e+01  2.1608e+01  1.0000e+00
-3.2384e-01 -9.4460e+00 -5.0771e+00 -6.2835e-01 -2.2323e+01 -1.2681e+01  2.5682e+01  1.0000e+00
-1.5871e-01  5.9385e-01  3.7122e-01  9.5473e-01  1.1655e+01  1.8604e+01  2.1974e+01  1.0000e+00
 5.6002e+00 -8.1888e+00 -7.8169e+00  1.4816e+01 -2.0486e+01 -1.7390e+01  3.0685e+01  1.0000e+00
-4.3356e-01  6.2296e-01  3.4927e-01 -8.0919e+00 -1.1955e+01  1.3430e+01  1.9717e+01  1.0000e+00
-1.7408e-01  6.0323e-01  1.7271e-01  1.6114e+01 -3.1890e+00 -7.7699e+00  1.8172e+01  1.0000e+00
 4.6197e-01  6.3280e+00  2.7438e+00  2.6997e+00  1.3115e+01  4.6075e+00  1.4161e+01  1.0000e+00
 2.7409e+00 -5.7569e+00  9.0147e+00  7.0394e+00 -1.3841e+01  2.1948e+01  2.6886e+01  1.0000e+00
 6.3646e-02  6.4094e-01  5.3028e-01  1.1764e+00  1.2705e+01 -5.9179e+00  1.4065e+01  1.0000e+00
-4.4319e+00  2.8971e+00 -9.1604e-01 -4.3395e+01  2.3854e+01 -1.0141e+01  5.0547e+01  1.0000e+00
-9.9048e-02  7.6087e-01  1.4753e-01  1.0686e+01  4.3272e+00  4.3304e+00  1.2315e+01  1.0000e+00
-3.4680e-02  7.4740e-01  2.5612e-01  1.2879e+01 -1.9311e+01  1.0828e+01  2.5613e+01  1.0000e+00
-6.9696e+00 -2.3242e+00  4.3654e+00 -1.6029e+01 -5.3998e+00  8.7907e+00  1.9062e+01  1.0000e+00
 1.1254e-01  4.5642e-01  3.3536e-01 -1.7574e+00  1.4688e+01 -1.7740e+01  2.3098e+01  1.0000e+00
-1.5842e-01  9.0169e-01 -2.7604e-02 -5.3942e+00  1.1642e+01  1.5667e+01  2.0250e+01  1.0000e+00
 1.0404e+01 -1.3445e+01 -1.0476e+00  2.7019e+01 -3.4308e+01 -2.8077e+00  4.3760e+01  1.0000e+00
-2.2026e-01  8.2891e-01  2.7841e-01 -7.2791e-01 -2.8543e+01  1.1829e+01  3.0906e+01  1.0000e+00
-1.2000e+00  1.0696e+00  4.8384e-01  1.4988e+01  3.2571e+00 -9.3414e+00  1.7958e+01  1.0000e+00
 6.7944e-02  1.0196e+00  5.5610e-02 -1.6700e+01  3.0570e+00 -2.4530e+00  1.7154e+01  1.0000e+00
-7.0076e-01  3.7681e-01  4.7809e-01 -3.4800e+00 -8.6275e+00 -3.5826e+00  9.9689e+00  1.0000e+00
 1.8108e+00 -1.1495e+00  3.3444e-01 -2.5616e+00  2.4809e+00  5.2508e-01  3.6045e+00  1.0000e+00
-2.6887e-01  7.6779e-01  2.1246e-01  7.3053e+00 -8.0713e-01 -2.4347e+01  2.5432e+01  1.0000e+00
 8.6708e-02  1.6120e+00 -4.8975e-01  7.7123e+00  5.0466e+00  1.0373e+00  9.2749e+00  1.0000e+00
-3.6943e+00 -1.4381e+00 -9.0512e-01 -8.6360e+00 -2.4895e+00 -1.3546e+00  9.0892e+00  1.0000e+00
-9.5739e-02  7.1620e-01  2.4888e-01  2.8891e+00  1.7091e+01  2.5777e+01  3.1063e+01  1.0000e+00
-1.0976e-01  6.4227e-01  2.4244e-01  4.9963e+00 -2.2706e+01 -7.7332e+00  2.4502e+01  1.0000e+00
-2.8451e-01  4.0585e-01  4.2929e-01  4.0624e+00 -7.3959e+00 -5.2526e+00  9.9395e+00  1.0000e+00
-2.0316e-01  6.1806e-01  3.0923e-01 -7.5508e+00 -1.0184e+01  1.0916e+01  1.6730e+01  1.0000e+00
-1.0199e-01  5.1677e-01  1.1823e-01 -1.1998e+01 -1.1423e+00 -1.5193e+01  1.9393e+01  1.0000e+00
-7.2554e-01  7.2677e-01  7.4353e-02  5.6959e+00  1.1696e+01  1.2648e+01  1.8144e+01  1.0000e+00
 1.4329e-02 -1.7955e-01 -5.7071e-02 -3.1126e+00  5.5728e+00 -7.6979e-01  6.4294e+00  1.0000e+00
-7.2884e-03  1.0241e+00  1.1944e-01 -1.7841e+01  8.7652e+00  7.6362e+00  2.1294e+01  1.0000e+00
-1.2619e+01  1.0388e+01  4.6939e+00 -8.1400e+01  6.5241e+01  3.0767e+01  1.0876e+02  1.0000e+00
-1.3001e-01  1.0005e+00 -2.5561e-01 -2.0451e+01 -8.4106e-02  1.4198e+01  2.4897e+01  1.0000e+00
-5.2282e-01  3.8214e-01  8.9254e-02 -1.0712e+01 -1.3736e+01 -9.7359e+00  1.9955e+01  1.0000e+00
-5.2187e+01  1.9615e+00  4.6697e+01 -2.4181e+02  7.3671e+00  2.1773e+02  3.2547e+02  1.0000e+00
-1.7392e-01  7.6118e-01  3.3605e-01 -1.7789e+01 -1.2584e+01 -4.8977e+00  2.2334e+01  1.0000e+00
-3.0773e-01  2.2504e-01  4.8166e-01  3.1855e+00 -1.4710e+01  1.5971e+01  2.1946e+01  1.0000e+00
-1.7528e-01  9.2326e-01  2.8541e-01 -7.7401e+00  1.9470e+01  8.0741e+00  2.2454e+01  1.0000e+00
-2.1979e+00  3.3625e+00  8.5357e+00 -4.4677e+00  6.2734e+00  1.6642e+01  1.8338e+01  1.0000e+00
 4.5623e+00  1.5496e+00  9.4660e-01  5.6381e+00  3.3826e+00  2.1733e+00  6.9249e+00  1.0000e+00
 6.1029e+00 -3.4404e+00 -5.2677e+00  1.3743e+01 -8.4096e+00 -1.1663e+01  1.9890e+01  1.0000e+00
 1.7700e-01  6.2394e-01  1.3758e-01  7.4349e+00 -3.0955e+00 -9.1766e+00  1.2209e+01  1.0000e+00
 8.2525e+00 -8.4581e+00 -1.2548e+01  2.1441e+01 -2.1571e+01 -3.1748e+01  4.3965e+01  1.0000e+00
-3.7547e-01  6.0744e-01  1.3140e-01 -3.3640e+00 -1.1538e+01 -4.2357e+00  1.2743e+01  1.0000e+00
-8.4570e-02  7.5048e-01  2.5718e-01  1.1069e+01 -1.8402e+01 -3.5880e+00  2.1772e+01  1.0000e+00
-2.0337e-01  8.7912e-01  3.4944e-01 -6.4940e+00 -2.5918e+00  6.5664e+00  9.5920e+00  1.0000e+00
-2.3030e+00 -2.9785e+00 -3.1530e+00 -2.5292e+01 -4.2184e+01 -3.8823e+01  6.2661e+01  1.0000e+00
-3.5474e-01  9.9878e-01  1.6542e-01 -1.2449e-01 -1.3077e+01 -1.4770e+00  1.3161e+01  1.0000e+00
-1.0859e+00  2.3828e-01  1.9471e-01 -3.2773e+00  2.0286e+00 -6.5349e+00  7.5869e+00  1.0000e+00
-1.0253e-01  5.6241e-01  9.5027e-02 -8.1858e+00  1.8334e+01 -1.1431e+01  2.3105e+01  1.0000e+00
-3.0405e-01  5.5113e-01  4.2102e-01  9.7387e+00  1.4041e+01 -1.1006e+01  2.0326e+01  1.0000e+00
-1.6374e+00  1.1076e+00  1.4592e+00  2.5912e+00 -1.9719e+00  1.6765e-01  3.2605e+00  1.0000e+00
-5.9505e-01  9.3252e-01  1.0402e+00 -7.7611e+00  9.5658e+00  1.7237e+01  2.1186e+01  1.0000e+00
-2.3042e+00  3.2062e+00  9.3731e+00 -4.6378e+00  8.0386e+00  2.1967e+01  2.3847e+01  1.0000e+00
-1.1579e+00 -3.3044e-01 -4.3406e-01  2.9367e-01 -2.1199e+00  9.5872e+00  9.8231e+00  1.0000e+00
-1.4389e-01  5.2082e-01  3.7530e-01 -1.1018e+01 -1.4389e+01  1.3471e+01  2.2581e+01  1.0000e+00
-1.3408e-01  4.6998e-01  3.0279e-01  3.0095e+00 -1.2981e+01  1.5369e+01  2.0341e+01  1.0000e+00
-5.8977e-01  2.2208e+00  2.0310e+00  4.4000e+00 -1.2299e-01 -2.1547e+00  4.9008e+00  1.0000e+00
 6.4554e+00 -1.6206e+01  2.8438e+01  1.5617e+01 -3.9421e+01  7.0929e+01  8.2637e+01  1.0000e+00
 1.2100e+01  2.3213e+00  1.1348e+01  3.0901e+01  5.8452e+00  2.9352e+01  4.3018e+01  1.0000e+00
-4.1703e-01  8.2766e-01  3.0679e-01 -3.5476e+01  6.6624e+00 -5.8503e+00  3.6567e+01  1.0000e+00
-4.1660e-01  1.1167e+00  6.3157e-01 -5.8723e+00 -2.2651e-01 -3.8074e-01  5.8890e+00  1.0000e+00
 1.9513e-01  6.4252e-01  1.9045e-02  4.6291e+00  2.0884e+00  1.5597e+00  5.3125e+00  1.0000e+00
-3.2229e+00  2.0286e+00  1.2772e+01 -8.1104e+00  5.5977e+00  3.2009e+01  3.3491e+01  1.0000e+00
-8.5292e+00 -1.9625e+00 -8.2587e+00 -2.0693e+01 -2.5748e+00 -1.9169e+01  2.8325e+01  1.0000e+00
-9.0290e-02 -6.0395e-02  2.6756e-01  9.7220e+00 -1.3358e+01 -6.4903e+00  1.7750e+01  1.0000e+00
-4.3073e+00 -6.9782e+00 -6.8884e-01 -1.2435e+01 -2.2634e+01 -1.3358e+00  2.5860e+01  1.0000e+00
-1.4851e+00 -5.4254e-01  6.6599e-01 -3.9756e+00 -5.9956e+00  2.4794e+00  7.6091e+00  1.0000e+00
-1.9656e-01  7.7847e-01  1.0824e-01 -1.0165e+01  7.6857e+00 -7.6163e+00  1.4846e+01  1.0000e+00
-1.4990e+00 -8.6256e-01 -1.1878e-01 -7.3967e+00 -4.9198e+00 -5.1064e-01  8.8981e+00  1.0000e+00
-2.1466e-01  7.5812e-01  4.7740e-01  1.4232e+01  1.0719e+01  1.5720e+01  2.3761e+01  1.0000e+00
-2.0617e-02  7.6417e-01  2.7758e-01  2.4151e-01  2.4608e+01  5.4854e+00  2.5214e+01  1.0000e+00
-4.3982e+00  1.3787e+01 -1.8061e+00 -1.0894e+01  3.4759e+01 -4.3644e+00  3.6687e+01  1.0000e+00
 3.1692e+00  5.3492e-01  2.7742e+00  3.8852e+00  4.1582e+00  6.8790e+00  8.9278e+00  1.0000e+00
-8.2816e+00 -3.2496e-01 -2.1070e+00 -1.8592e+01  3.4267e-01 -4.9767e+00  1.9250e+01  1.0000e+00
 3.5813e-01  1.1682e+00 -1.6847e+00  6.5631e+00  3.7494e+00 -9.7521e+00  1.2338e+01  1.0000e+00
-6.7093e+00 -2.7700e+00  4.5706e+00 -1.4474e+01 -5.2365e+00  1.0627e+01  1.8705e+01  1.0000e+00
-4.4275e-01  9.1478e-01 -8.9592e-02  2.9794e+00 -4.0806e+00  7.5924e+00  9.1199e+00  1.0000e+00
 1.6079e+01  5.7646e+00  1.3613e+00  4.0992e+01  1.5010e+01  3.3635e+00  4.3783e+01  1.0000e+00
 5.9257e+00  8.3607e+00  9.9440e-01  1.4527e+01  1.9771e+01  3.1347e+00  2.4734e+01  1.0000e+00
-1.2564e+01 -7.6742e+00 -4.7320e+00 -3.2227e+01 -1.9041e+01 -1.2209e+01  3.9372e+01  1.0000e+00
-7.5124e-01 -8.2047e-01 -3.0806e-01 -3.8750e+00  7.6175e+00  7.0237e+00  1.1062e+01  1.0000e+00
-1.2436e+01 -3.7594e-01 -3.2410e+00 -3.1157e+01 -4.3907e-01 -8.2225e+00  3.2226e+01  1.0000e+00
-1.1804e-01  7.1160e-01  3.9041e-01  1.5398e+00 -5.7365e+00 -3.2581e+01  3.3118e+01  1.0000e+00
-1.1730e-01  2.7182e-01  5.2312e-01  7.2714e+00  2.5129e+00  7.8821e-01  7.7337e+00  1.0000e+00
-2.6779e+00  1.0109e+01 -4.0057e+00 -5.9821e+00  2.4988e+01 -9.1220e+00  2.7265e+01  1.0000e+00
 1.2766e+01  1.0586e+01 -8.0680e+00  4.7326e+01  3.8302e+01 -2.9550e+01  6.7676e+01  1.0000e+00
-3.8904e-01  2.9080e-01  4.5534e-01 -6.5569e+00 -3.2111e-01  1.6654e+01  1.7902e+01  1.0000e+00
-1.2122e+00  8.5243e-02 -2.9026e+00  4.8163e-01  3.0056e+00 -1.0709e+00  3.2268e+00  1.0000e+00
-4.0235e-01  1.2353e+00 -3.1835e-02  8.9043e+00  4.9781e+00  5.2327e+00  1.1465e+01  1.0000e+00
 2.7613e+00 -2.5299e+00 -1.0446e+00  5.2767e+00 -3.3145e+00  3.3300e+00  7.0653e+00  1.0000e+00
 4.6210e-01 -4.0124e-01  5.2457e-01  1.1159e+01 -1.2227e+01  2.9420e+00  1.6813e+01  1.0000e+00
-1.1122e+00  4.1835e-01  9.0032e-01 -3.4153e+00  6.4587e+00  6.6891e+00  9.9058e+00  1.0000e+00
-9.4488e+00 -4.7291e+00 -1.6524e+01 -2.4925e+01 -1.2658e+01 -4.4046e+01  5.2168e+01  1.0000e+00
-1.7005e+01 -5.7594e+00 -5.4446e-01 -4.4003e+01 -1.4305e+01 -1.5445e+00  4.6295e+01  1.0000e+00
 2.0185e+00 -2.3445e+00 -3.2233e+00  5.2019e+00 -1.7555e+00 -4.7227e+00  7.2419e+00  1.0000e+00
 1.7259e+01  2.8940e+00 -1.7639e+00  4.4220e+01  7.9660e+00 -4.7410e+00  4.5181e+01  1.0000e+00
-3.2314e-01  1.0664e+00  3.2446e-01 -3.2321e+00  9.7795e+00 -1.1648e+01  1.5549e+01  1.0000e+00
-2.6243e-01  6.3648e-01  5.7740e-02  1.0888e+01 -4.6107e+00  4.3863e-02  1.1824e+01  1.0000e+00
-6.7964e-03  7.3738e-01  4.6920e-02 -2.1015e-01 -3.0500e+00 -2.2635e+01  2.2840e+01  1.0000e+00
 9.5420e-01 -6.7808e-02  4.8021e-01  4.4598e+00  2.0667e+00  6.3481e-01  4.9562e+00  1.0000e+00
 2.5311e-02  6.3741e-01  7.0112e-02 -3.5963e+00  1.8939e+00 -1.5775e+01  1.6290e+01  1.0000e+00
 3.0696e-01  2.6369e-01 -4.3067e-02 -1.1746e+01  5.0842e+00  9.7221e+00  1.6073e+01  1.0000e+00
-5.0184e-02  6.1412e-01  4.2331e-01  1.3221e-01 -4.4703e+00 -1.8869e+01  1.9392e+01  1.0000e+00
-7.2232e+00  6.1903e+00 -1.2334e+00 -1.6712e+01  1.4103e+01 -2.3057e+00  2.1989e+01  1.0000e+00
-4.4148e-01  6.7863e-01  3.8295e-01 -5.5817e+00  1.4717e+01  1.0765e+01  1.9069e+01  1.0000e+00
-7.5772e+00 -2.2559e+00 -2.1503e-02 -1.6170e+01 -4.9445e+00 -4.3484e-01  1.6915e+01  1.0000e+00
-7.1743e-03  1.3502e+00 -4.9031e-01 -1.6530e+00  4.8050e+00 -7.8314e+00  9.3355e+00  1.0000e+00
-4.5595e-01  7.9595e-01 -2.9510e-01  1.2010e+00  2.4789e+00  5.8498e+00  6.4658e+00  1.0000e+00
-1.6623e-01  9.8977e-01  1.0492e-01  1.4003e+01  1.7017e+01 -7.2071e+00  2.3186e+01  1.0000e+00
-3.0822e-01  5.4301e-01  6.4475e-01  1.4548e+01 -1.0184e+01 -3.0384e+00  1.8016e+01  1.0000e+00
 5.5117e+00 -1.3670e+01 -6.5792e+00  1.4131e+01 -3.4558e+01 -1.6696e+01  4.0899e+01  1.0000e+00
-1.2361e+01 -2.2923e+00  1.1136e+01 -3.1734e+01 -5.3388e+00  2.8567e+01  4.3030e+01  1.0000e+00
-2.7122e-01  5.4147e-01  6.7497e-02  6.0023e+00  2.8055e+01  8.8964e+00  3.0037e+01  1.0000e+00
-1.9884e+00 -1.2063e+00 -3.3441e+00 -2.9514e+00  6.4579e-02 -2.8403e+00  4.0966e+00  1.0000e+00
 1.9750e+00 -1.1001e+00  1.0175e+00 -3.0383e+00  4.2053e+00  1.6099e+00  5.4321e+00  1.0000e+00
-2.4996e-01  8.4138e-01  4.2247e-01  1.5564e+01  8.3754e+00  1.4001e+01  2.2548e+01  1.0000e+00
-1.2604e+00 -1.1007e+01 -7.7180e+00 -2.5194e+00 -2.8210e+01 -2.0069e+01  3.4711e+01  1.0000e+00
-2.1736e+00  3.7740e+00 -3.1154e+00 -3.6515e+00  6.1214e+00 -3.5182e+00  7.9487e+00  1.0000e+00
-1.2644e+00  4.8739e-01  4.2828e-01  5.8749e+00  2.8914e+00  1.1863e+00  6.6545e+00  1.0000e+00
 4.2289e-01  1.0252e+00  3.8380e-01 -3.1700e+00  7.5326e-01  1.0347e+00  3.4186e+00  1.0000e+00
 5.1660e-01  1.7280e+00  2.4147e-02  4.0030e+00  2.8821e+00 -2.0485e-01  4.9368e+00  1.0000e+00
-2.3391e+00  1.0485e+01 -4.4670e+00 -5.6688e+00  2.4892e+01 -1.0255e+01  2.7512e+01  1.0000e+00
-8.1597e-01  7.6064e-01  8.5673e-01  9.1427e-02  2.2598e+00  3.2234e+00  3.9377e+00  1.0000e+00
 1.4228e-01  1.8553e+00  1.3267e+01  1.8485e+00  5.1730e+00  2.8758e+01  2.9278e+01  1.0000e+00
 1.2198e-03  1.8853e+00 -5.0196e-01  2.0577e+00  1.5612e+01 -1.1637e+01  1.9580e+01  1.0000e+00
-4.3890e-02  8.5529e-01  2.5084e-01  1.0220e+01 -4.4991e+00  1.1571e+01  1.6081e+01  1.0000e+00
-5.0402e-02  1.4466e+00  4.6359e-01 -2.0542e+00  6.4071e+00 -1.4368e+00  6.8800e+00  1.0000e+00
-2.1346e-01  8.6825e-01  3.5287e-01  5.9463e+00  3.7701e+00 -2.9684e+01  3.0508e+01  1.0000e+00
 3.8886e+00  8.0388e+00  4.3787e+00  9.5067e+00  1.9257e+01  1.0001e+01  2.3690e+01  1.0000e+00
-6.0535e-02  8.7780e-01  1.8886e-01  1.1523e+01 -3.7067e+00 -1.2149e+01  1.7150e+01  1.0000e+00
-4.7322e-01  1.2958e+00  5.2077e-02  4.5933e+00 -2.0205e+01  8.4802e-03  2.0721e+01  1.0000e+00
 1.9526e-01  8.2871e-01 -2.4774e-01 -7.1053e+00  5.4099e+00  1.3436e+01  1.6133e+01  1.0000e+00
-1.7710e-01  1.0603e+00  3.1855e-01  5.5311e+00 -1.6894e+01  1.0501e+00  1.7807e+01  1.0000e+00
-4.2407e-01  8.6332e-01  2.1242e-01  1.3258e+00 -1.1031e+01 -4.9406e+00  1.2160e+01  1.0000e+00
-3.2026e-01  9.2579e-01  5.4022e-02  3.8501e-01 -1.0488e+01  1.4277e+01  1.7719e+01  1.0000e+00
 6.4461e+00 -4.7659e+00 -8.6290e-01  1.4219e+01 -1.0193e+01 -1.4225e+00  1.7552e+01  1.0000e+00
-5.5618e-01  1.2726e+00  6.6689e-02  8.8058e+00  3.1420e+00  1.1006e+01  1.4441e+01  1.0000e+00
 1.1695e+01 -2.1277e+01  1.3534e+01  2.5272e+01 -5.0425e+01  3.2489e+01  6.5091e+01  1.0000e+00
 3.5797e-02 -1.0092e+00  2.0176e-01 -1.8188e+00  6.4496e+00  1.1543e+01  1.3347e+01  1.0000e+00
 1.1682e+00 -5.7855e+00 -1.6479e+01  2.7606e+00 -1.4661e+01 -4.2122e+01  4.4686e+01  1.0000e+00
-4.3559e+00 -6.5423e+00 -1.1220e+01 -1.1811e+01 -1.6354e+01 -2.8252e+01  3.4715e+01  1.0000e+00
-8.5041e-01 -1.1982e+01  1.3000e+00 -1.8255e+00 -2.9901e+01  3.2165e+00  3.0129e+01  1.0000e+00
-1.6360e+01 -8.3438e+00 -4.2989e+00 -4.2621e+01 -2.1220e+01 -1.1044e+01  4.8875e+01  1.0000e+00
-2.2600e-01  9.3833e-01  2.0591e-01 -4.5194e+00 -3.4825e+00  1.5139e+01  1.6178e+01  1.0000e+00
-1.3237e+01 -3.2720e+00 -2.5108e+00 -3.3730e+01 -8.2590e+00 -6.2109e+00  3.5278e+01  1.0000e+00
-3.3272e-01  7.2223e-01 -7.2931e-01 -5.4741e-01 -4.8170e-03 -1.3774e+01  1.3785e+01  1.0000e+00
 3.2432e-01  1.0361e+00  2.0201e-01  4.7689e-01 -8.4006e+00 -5.1704e+00  9.8758e+00  1.0000e+00
-2.1424e+00 -7.4182e-02 -6.4545e+00 -5.2355e+00  6.8696e-01 -1.7603e+01  1.8378e+01  1.0000e+00
-5.7109e-01  8.4095e-01 -2.4018e-02 -2.1298e+01 -9.0116e+00  1.3514e+01  2.6785e+01  1.0000e+00
-4.1679e-01  6.9723e-01  1.7808e-01  6.2633e+00  7.6118e+00 -2.4896e+00  1.0167e+01  1.0000e+00
