# limit = 15.0901
#
# x           y           z           vx          vy          vz          s           m
 1.4572e-02 -1.7093e+00 -2.9830e-01 -3.4690e+00  5.1042e+00  5.8185e+00  8.4819e+00  1.0000e+00
-1.7287e-01  4.0643e-01  2.4893e-01 -8.7230e+00  5.6748e+00  1.3206e+01  1.6813e+01  1.0000e+00
 1.5356e+01  5.9461e-01  3.0063e+00  3.4321e+01  1.9546e+00  6.7357e+00  3.5030e+01  1.0000e+00
-1.9545e-01  6.5776e-01 -3.2631e-01  1.5140e+00 -2.4237e+00 -1.0914e+01  1.1282e+01  1.0000e+00
-1.2929e+01  4.9185e+00  7.8151e+00 -2.9491e+01  1.0931e+01  1.7409e+01  3.5948e+01  1.0000e+00
 5.5848e+00 -1.8387e+00  1.6028e+01  1.3007e+01 -3.6617e+00  3.6400e+01  3.8827e+01  1.0000e+00
 9.2930e-01 -1.3070e+01 -9.0885e+00  1.5245e+00 -2.9568e+01 -2.0171e+01  3.5825e+01  1.0000e+00
 2.8376e-01 -1.9131e-01 -3.3961e-01  3.9410e+00 -2.4393e+00 -1.2206e+00  4.7929e+00  1.0000e+00
-2.0644e+01  1.5021e+01  4.6276e+01 -4.5547e+01  3.3390e+01  1.0464e+02  1.1890e+02  1.0000e+00
 2.2442e+01 -1.1854e+01  5.7261e-01  1.1455e+02 -6.2045e+01  3.0429e+00  1.3031e+02  1.0000e+00
 2.7497e+00  3.4887e+00  2.3170e+00  1.8529e+00  4.2706e+00  1.9993e+00  5.0664e+00  1.0000e+00
-1.1439e-01  9.4338e-01  4.5300e-01 -1.0826e+01 -1.7603e+00  2.3710e+00  1.1222e+01  1.0000e+00
-1.0451e+00  2.2724e+00 -2.1725e-01 -2.3040e+00  1.2554e+01  2.9062e+00  1.3091e+01  1.0000e+00
 4.3355e+00  9.5891e-01 -8.2545e-01  7.5092e+00  3.0406e+00 -1.3246e-01  8.1025e+00  1.0000e+00
 9.6231e-01 -3.1052e-01  6.9776e-01  7.4319e+00 -9.4252e+00  1.4443e+00  1.2089e+01  1.0000e+00
-5.6530e+00 -8.6366e-01 -4.4733e+00 -1.1031e+01 -2.5924e+00 -6.8393e+00  1.3236e+01  1.0000e+00
 9.3588e+00 -9.7683e+00 -1.1149e+01  2.1151e+01 -2.2182e+01 -2.5610e+01  3.9941e+01  1.0000e+00
-3.1702e-01  1.0236e+00  2.1547e-01  6.0866e+00 -1.4739e+01  1.7456e+01  2.3643e+01  1.0000e+00
-2.1842e-01  7.8138e-01  1.1936e-01 -1.1687e+01  1.0879e+01  8.7532e+00  1.8208e+01  1.0000e+00
 3.2433e+01  2.6527e+01 -1.1559e+01  7.3441e+01  5.8914e+01 -2.5213e+01  9.7468e+01  1.0000e+00
-7.7528e-02  4.5459e-01  4.7559e-01  4.3981e+00  1.7239e+01  5.0357e-01  1.7798e+01  1.0000e+00
-4.5128e-02  7.6606e-01  2.8218e-01 -1.8162e+01 -1.5754e+01  8.6567e+00  2.5554e+01  1.0000e+00
-2.0288e+00 -2.0476e+00  3.8929e+00 -8.7771e+00 -1.2538e+01  1.7145e+01  2.2982e+01  1.0000e+00
-6.9711e+00  1.3126e+01 -1.3330e+01 -1.5978e+01  3.0612e+01 -3.0593e+01  4.6133e+01  1.0000e+00
-4.5915e-01  1.5009e+01 -6.6659e+00 -1.2261e+00  3.4007e+01 -1.4953e+01  3.7169e+01  1.0000e+00
-3.6656e+00  1.9469e+00 -6.0911e+00 -8.4922e+00  5.6125e+00 -1.0991e+01  1.4980e+01  1.0000e+00
 4.9079e+00 -1.1768e+01  2.2997e+00  1.0184e+01 -2.6570e+01  4.8397e+00  2.8864e+01  1.0000e+00
 3.0638e+01 -7.9753e+00 -2.9549e+01  7.5256e+01 -1.9839e+01 -7.2627e+01  1.0645e+02  1.0000e+00
 8.8510e-01 -1.8082e+01 -2.3857e+01  2.1782e+00 -4.2207e+01 -5.5655e+01  6.9884e+01  1.0000e+00
-2.4180e-01  9.1610e-01  2.3530e-01 -1.5334e+00 -3.6215e+00  1.2452e+01  1.3058e+01  1.0000e+00
-4.7479e-02  5.2406e-01  2.4198e-02 -8.2620e+00  8.1925e+00  4.9595e-02  1.1635e+01  1.0000e+00
 3.4847e-02  8.7554e-01  3.2568e-01 -2.2591e+00  4.9933e+00 -7.2348e+00  9.0763e+00  1.0000e+00
-1.9265e-01  6.3325e-01  1.0146e-01  4.3664e+00 -1.3911e+01  2.1888e+01  2.6300e+01  1.0000e+00
 2.6482e-02  7.4170e-01  4.4983e-01 -1.3298e+01  1.3300e+01  8.0823e+00  2.0470e+01  1.0000e+00
-5.3843e-02  8.4097e-01  1.6055e-01  2.1380e+01 -4.1278e+00 -1.2744e+01  2.5230e+01  1.0000e+00
-2.8552e-01  1.2522e+00  6.0290e-01  1.0053e+01  8.5390e+00 -7.6542e+00  1.5250e+01  1.0000e+00
-4.2894e-01  2.4582e+00 -9.7500e-01  3.3170e+00  5.0856e+00 -3.6830e+00  7.1015e+00  1.0000e+00
-1.2559e+01  2.4051e+01 -3.0438e+01 -2.8544e+01  5.4704e+01 -6.7961e+01  9.1794e+01  1.0000e+00
-2.4552e-01  9.1541e-01 -8.4257e-02  1.1698e+01  8.2199e+00 -1.6836e+01  2.2088e+01  1.0000e+00
 9.2403e+00 -2.1038e+00  7.7503e+00  1.9789e+01 -4.1534e+00  1.6774e+01  2.6272e+01  1.0000e+00
 5.3695e+00  4.9138e+00  5.1293e-01  9.1878e+00  8.8832e+00  2.1251e+00  1.2955e+01  1.0000e+00
 2.6051e+00  7.3278e-01 -2.4031e-01  5.7668e+00  1.3629e+00 -3.2191e+00  6.7436e+00  1.0000e+00
-3.2019e-01  7.9696e-01 -3.4413e-02  1.1045e+01  2.2220e+01 -3.8382e-01  2.4817e+01  1.0000e+00
 1.8127e+00 -5.3942e+00  1.7408e+01  4.3150e+00 -1.2068e+01  3.9798e+01  4.1811e+01  1.0000e+00
 1.6785e+01  8.1361e+00  1.3207e+00  3.8923e+01  1.8696e+01  3.1534e+00  4.3296e+01  1.0000e+00
 1.0514e+00 -1.0953e+01  1.7516e+00  3.2503e+00 -2.4010e+01  4.2765e+00  2.4604e+01  1.0000e+00
-1.6468e-01  7.7662e-01  3.9524e-01  5.6556e+00 -5.1331e+00  1.6251e+01  1.7957e+01  1.0000e+00
 2.5059e+00 -1.9724e+00 -2.6932e-01  2.0537e+00  2.3299e+00  1.7634e+00  3.5714e+00  1.0000e+00
 7.7914e+00 -3.0146e+00  3.4404e+00  1.5089e+01 -5.9536e+00  7.1790e+00  1.7739e+01  1.0000e+00
-5.5388e-01  9.0602e-01 -2.9520e-01 -6.4790e-01  1.7412e+00  1.7637e+01  1.7735e+01  1.0000e+00
-2.3050e-01  7.8855e-01  3.0297e-01  1.8215e+01 -8.4805e+00 -2.5138e+01  3.2181e+01  1.0000e+00
-1.4048e-01  6.8769e-01  2.6411e-01  1.0382e+01 -1.5708e+01 -1.5075e+01  2.4120e+01  1.0000e+00
-2.4980e+00 -3.9414e+00  3.9131e+00 -3.7268e+00 -5.9528e+00  6.2661e+00  9.4122e+00  1.0000e+00
 9.3731e-03  7.8024e-01  1.8296e-01  2.2810e+01  1.4392e+01 -3.5414e+00  2.7202e+01  1.0000e+00
 2.5119e-02  7.6399e-01 -4.7920e-02 -1.0517e+01  5.8605e+00  2.5757e+00  1.2312e+01  1.0000e+00
-1.0967e-01  9.2700e-01 -7.6655e-02 -5.5135e+00  1.7045e+00 -1.2319e+01  1.3603e+01  1.0000e+00
-2.2741e-01  6.2777e-01  2.1152e-01  6.8452e-01  1.1501e+01  1.0677e+01  1.5708e+01  1.0000e+00
-2.5191e-01  6.4121e-01  6.1445e-01  4.8306e+00  4.3675e+00  9.8321e+00  1.1793e+01  1.0000e+00
-2.7180e-01  1.0108e+00 -2.5698e-01  7.6615e+00  1.0574e+01 -1.0760e+01  1.6920e+01  1.0000e+00
 4.2781e+00 -2.2656e+00  1.2544e+01  9.0977e+00 -5.4425e+00  2.8030e+01  2.9968e+01  1.0000e+00
-3.4471e-01  1.2758e+00  4.6736e-02 -2.3212e-01  3.5242e+00  4.9284e+00  6.0633e+00  1.0000e+00
-1.9561e+00 -2.7456e+00  1.5357e+00 -8.1863e+00 -1.6438e+01  6.4619e+00  1.9467e+01  1.0000e+00
 7.5580e+00  7.0337e-01 -3.6609e+00  1.8762e+01  2.0183e+00 -8.9756e+00  2.0896e+01  1.0000e+00
-3.5289e-01  1.0040e+00  1.7144e-01  9.6540e+00 -3.0547e+00 -2.6851e+01  2.8697e+01  1.0000e+00
 1.2327e+00 -4.9178e-01  5.5302e-01 -8.4585e+00  3.5012e+00 -2.0961e+00  9.3913e+00  1.0000e+00
 1.2706e-01  9.5545e-01  1.6052e-02 -2.0791e+01  1.4610e+01 -1.1917e+00  2.5439e+01  1.0000e+00
-1.8940e-01  8.4944e-01  3.5160e-01  4.8492e+00  1.0908e+01 -5.4815e+00  1.3136e+01  1.0000e+00
-1.2132e-01  5.7922e-01  1.5762e-01  5.9759e+00 -3.3234e+00  9.5640e+00  1.1757e+01  1.0000e+00
 8.1254e-03  9.1520e-01  2.1351e-01 -3.6097e+00 -3.2939e+00 -1.9223e+01  1.9835e+01  1.0000e+00
-8.7050e-02  7.0243e-01  2.3844e-01 -4.7204e+00  1.6789e+01  7.7616e+00  1.9089e+01  1.0000e+00
 1.5019e+01  1.7257e+00  2.7560e+00  3.4112e+01  3.5073e+00  6.0836e+00  3.4827e+01  1.0000e+00
-2.1844e-01  7.3200e-01  3.5009e-01  1.4461e+01 -1.7209e+00 -5.8077e+00  1.5678e+01  1.0000e+00
-9.7135e-01  3.3018e-01  6.5761e-01 -2.8657e+00 -5.2739e+00  3.5584e+00  6.9777e+00  1.0000e+00
-1.1303e+00  3.1220e-01 -2.9417e-01  8.5938e+00  4.3333e+00  1.2454e+00  9.7048e+00  1.0000e+00
-4.9748e-01  9.9313e-01  5.8875e-02 -1.1541e+01  1.1371e+01 -5.3754e+00  1.7070e+01  1.0000e+00
-1.9123e-01  1.0200e+00  1.9976e-01  1.3145e+01 -8.2354e+00  8.2061e-01  1.5533e+01  1.0000e+00
-3.9206e-01  8.5793e-01  7.1525e-02 -2.1307e+01 -1.0007e+01 -8.0126e+00  2.4866e+01  1.0000e+00
-1.2892e-01  6.7808e-01  2.0989e-01  1.0419e+01 -2.2274e+01  2.7151e+01  3.6631e+01  1.0000e+00
 1.7954e+01 -8.6602e+00 -2.0881e+00  4.1625e+01 -1.9576e+01 -4.7125e+00  4.6239e+01  1.0000e+00
-1.0637e+01 -6.5673e+00 -4.1517e+00 -2.3728e+01 -1.4083e+01 -8.8471e+00  2.8977e+01  1.0000e+00
-2.6087e-02  1.1259e+00  2.5266e-01  5.1376e+00 -1.0278e+00  6.1075e+00  8.0469e+00  1.0000e+00
 9.8238e+00  2.4292e+00  6.4240e+00  3.2490e+01  7.0169e+00  2.0796e+01  3.9208e+01  1.0000e+00
 2.7067e-01  4.0818e-01  1.8030e-01 -1.8112e+01  1.6083e+01  9.7688e+00  2.6117e+01  1.0000e+00
 4.0016e+00  3.3664e+00  5.0664e+00  6.3864e+00  6.6121e+00  8.6663e+00  1.2634e+01  1.0000e+00
-1.7613e-01  1.0168e+00  1.9485e-01 -1.2510e+01 -1.3240e+01 -2.4688e+00  1.8382e+01  1.0000e+00
-4.1442e-01  1.3589e+00  1.6230e-02 -6.7710e-01 -6.1073e+00  2.0235e+00  6.4693e+00  1.0000e+00
-1.5636e-01  8.4492e-01  3.2255e-01 -2.9020e+01  8.9854e+00  2.1624e+01  3.7290e+01  1.0000e+00
 1.7173e+00 -1.1403e+00  1.9866e+00 -1.8195e+00  2.3846e+00 -1.1024e+00  3.1956e+00  1.0000e+00
 5.7187e+01  1.4675e+01 -5.5663e+01  2.2218e+02  5.5313e+01 -2.1506e+02  3.1413e+02  1.0000e+00
-6.4455e-01  6.1400e-01  2.2669e-01 -2.4927e+00 -1.3589e+01  8.3365e+00  1.6136e+01  1.0000e+00
 2.1505e+00 -9.2580e-01  1.7318e+00 -9.2671e-01  1.7981e+00 -2.1187e+00  2.9293e+00  1.0000e+00
 5.3356e-03  2.6358e-01  1.1434e-01 -1.3331e+00  1.3212e+01 -1.4150e+01  1.9405e+01  1.0000e+00
-1.5620e+00  1.2030e+00  7.6594e-01 -9.5040e+00  2.4480e+00  2.7315e+00  1.0187e+01  1.0000e+00
 2.0076e-02  1.0861e+00  5.2934e-01 -8.8455e-01  1.4993e+01  4.1078e+00  1.5571e+01  1.0000e+00
 2.9227e+00 -1.0628e+00 -3.2089e-01  9.3282e+00 -3.4207e+00 -1.0516e+00  9.9911e+00  1.0000e+00
-1.4033e-01  7.1093e-01  3.2737e-01 -1.4839e+01  1.7615e+01 -7.4603e+00  2.4211e+01  1.0000e+00
 2.0129e+00  4.8872e+00  7.9034e+00  1.7404e+01  3.4232e+01  6.1611e+01  7.2599e+01  1.0000e+00
-5.8808e+00 -8.6330e+00 -9.6817e+00 -1.3123e+01 -1.8991e+01 -2.1458e+01  3.1517e+01  1.0000e+00
 1.3315e+00 -2.7847e+00 -1.1996e+01  2.7690e+00 -5.5166e+00 -2.3658e+01  2.4450e+01  1.0000e+00
 8.6851e-01  3.8937e+00 -2.0315e+00  4.0669e+00  3.7127e+00 -7.7743e-01  5.5614e+00  1.0000e+00
-5.4089e-02  8.0156e-01  4.8115e-01 -4.3940e+00  1.6411e+00 -5.1923e-01  4.7191e+00  1.0000e+00
-2.1197e-01  6.5887e-01  1.8694e-01  1.0657e+01 -2.4709e-01 -7.8961e+00  1.3266e+01  1.0000e+00
 1.2474e+00  1.0049e-01  6.0030e-02 -8.5610e+00  9.4969e+00  2.5846e+00  1.3045e+01  1.0000e+00
 3.3613e-01  3.5713e-01  7.7096e-02 -9.8055e+00 -2.0976e+00 -5.4506e-01  1.0042e+01  1.0000e+00
 1.4866e+01  5.6435e+00 -3.7366e-01  3.3525e+01  1.3295e+01 -9.1629e-01  3.6076e+01  1.0000e+00
-4.8836e-01  7.5227e-01  3.4116e-01 -7.6133e+00 -5.1696e+00  1.2266e+01  1.5334e+01  1.0000e+00
 1.1041e+01  6.1731e-01  1.2388e+01  2.4928e+01  1.5490e+00  2.7953e+01  3.7486e+01  1.0000e+00
-1.1002e+00  1.3986e+00  4.3593e-01 -2.5145e+00 -6.8459e-01 -2.8162e+00  3.8370e+00  1.0000e+00
-4.6853e-01  3.2031e-01  4.0683e-01 -1.6338e+01  1.5912e+01  1.6926e-01  2.2807e+01  1.0000e+00
-1.7953e+01  3.7591e+00  4.0848e+00 -4.1307e+01  9.0309e+00  9.5107e+00  4.3339e+01  1.0000e+00
 8.5501e-02  1.0530e+00 -2.2556e-01 -1.1759e+01  6.5126e+00  1.2059e+01  1.8059e+01  1.0000e+00
 3.9005e+00 -6.3232e+00  1.1277e+01  7.4334e+00 -1.2402e+01  2.5787e+01  2.9565e+01  1.0000e+00
 4.2575e+00 -4.3886e+00  9.1326e+00  8.7777e+00 -9.3707e+00  1.9543e+01  2.3384e+01  1.0000e+00
 7.3351e+00 -9.0025e+00 -3.4497e+00  1.4120e+01 -1.9513e+01 -8.8798e+00  2.5671e+01  1.0000e+00
 3.1389e+00 -1.5485e+00  8.0268e-01  3.2150e-01  1.5960e+00  1.2941e+00  2.0797e+00  1.0000e+00
-1.7712e-01  6.3435e-01 -4.6997e-01  3.1924e+00 -1.9908e+00  4.9558e+00  6.2221e+00  1.0000e+00
-3.8856e-01  3.7094e-01  2.5743e-02 -1.9160e+00  8.5646e+00  1.6197e+01  1.8422e+01  1.0000e+00
-4.8352e-01  5.1785e-01 -3.7804e-02 -6.3675e+00 -1.0135e+01  5.4307e+00  1.3144e+01  1.0000e+00
-1.0929e-01  7.0185e-01  4.3237e-01 -1.6423e+01  3.3592e+00  2.1350e+01  2.7144e+01  1.0000e+00
 4.8511e-02  8.3116e-01  1.6983e-01  1.0872e+01 -4.0395e+00  6.3955e+00  1.3244e+01  1.0000e+00
-3.6010e-01  8.3335e-01  5.7825e-01 -1.5670e+01  1.7541e+00 -7.8213e+00  1.7601e+01  1.0000e+00
-5.8728e-01  1.1612e+00  4.1300e-01 -9.3999e+00  8.8211e-01  1.0419e+00  9.4985e+00  1.0000e+00
-2.3614e+01  9.7708e+00  8.9120e+00 -5.5008e+01  2.2940e+01  2.1217e+01  6.3263e+01  1.0000e+00
-1.8328e-01  1.0030e+00  1.7240e-01 -1.9724e+01 -4.6219e+00  3.8977e+00  2.0630e+01  1.0000e+00
-6.9703e-01  1.4093e+00 -3.8053e-01 -2.2769e+00  1.6801e+00 -3.2496e-02  2.8298e+00  1.0000e+00
-2.1901e-02  6.9943e-01  4.6798e-01  9.2217e+00 -6.4571e+00  1.1985e+01  1.6443e+01  1.0000e+00
 8.7893e+00 -7.5452e+00 -3.0756e+00  1.9463e+01 -1.6294e+01 -6.1679e+00  2.6121e+01  1.0000e+00
-1.0924e-01  5.6528e-01  2.8279e-01 -9.5418e+00 -1.4617e+01  2.8159e+00  1.7682e+01  1.0000e+00
 5.9351e+00 -5.1568e+00  1.2957e+01  1.3036e+01 -1.1179e+01  2.9477e+01  3.4114e+01  1.0000e+00
 5.9760e+00  1.3559e+00  6.8795e+00  4.4053e+01  5.3734e+00  4.6521e+01  6.4294e+01  1.0000e+00
-2.1713e+00 -2.4607e+00 -1.0831e+01 -5.2194e+00 -4.9456e+00 -2.3480e+01  2.4556e+01  1.0000e+00
 1.7808e+00 -9.1930e-01  7.4356e-01 -1.9365e+00  4.1104e+00 -1.9660e+00  4.9508e+00  1.0000e+00
-4.6244e-01  7.2252e-01  3.1906e-01 -6.1765e+00  3.0405e+00  1.7624e+01  1.8921e+01  1.0000e+00
-3.3478e-01  7.4889e-01  4.1525e-01 -1.5404e+01 -1.4053e+01 -1.8429e+01  2.7828e+01  1.0000e+00
 1.4286e+00  8.9592e-01 -7.4866e-01  5.0945e+00  4.3148e+00 -3.1457e+00  7.3802e+00  1.0000e+00
-1.2556e-01  5.4741e-01 -1.3569e-01  2.6191e+00 -1.6061e+01  1.5148e+01  2.2232e+01  1.0000e+00
-2.8877e-01  8.5974e-01  2.3458e-01  3.1527e+01  3.2640e-01 -1.2327e+01  3.3853e+01  1.0000e+00
-6.5634e-01  9.7624e-01  1.4896e-01  4.4547e+00  1.3050e+01 -5.8476e+00  1.4978e+01  1.0000e+00
 2.6609e+00 -1.3168e+00  1.2835e+00 -1.8226e+00  3.3842e+00  1.1642e+00  4.0162e+00  1.0000e+00
-1.8300e+00 -5.0629e+00  1.1707e+01 -4.0363e+00 -1.1627e+01  2.6003e+01  2.8768e+01  1.0000e+00
-3.8175e-01  9.1240e-02  4.3665e-01 -7.6503e+00  1.2045e+00 -3.3053e+00  8.4204e+00  1.0000e+00
-1.9136e-01  7.0779e-01  4.2279e-01  1.0603e+00 -5.6539e+00  2.3836e+01  2.4521e+01  1.0000e+00
-1.6219e+01  3.1014e+00 -4.6537e+00 -3.5664e+01  8.5539e+00 -9.4466e+00  3.7872e+01  1.0000e+00
-4.2260e-01  9.1738e-01  2.4700e-01  6.0416e+00  8.4415e+00  1.4429e+01  1.7775e+01  1.0000e+00
-1.0955e-01  8.6899e-01  6.1476e-02 -1.2896e+01  1.4930e+01  3.5446e-01  1.9731e+01  1.0000e+00
-3.3460e-01  6.3119e-01  7.9099e-02 -1.7723e+01  8.3093e+00  5.7281e+00  2.0395e+01  1.0000e+00
-6.2095e+00 -2.1170e+01 -2.3912e+01 -1.4945e+01 -4.4751e+01 -5.2258e+01  7.0405e+01  1.0000e+00
 1.5516e+01 -1.3711e+01  3.8806e+00  3.5570e+01 -3.1292e+01  8.7692e+00  4.8180e+01  1.0000e+00
-1.3795e-01  6.4882e-01 -1.3525e-01  1.3951e+01 -7.9221e+00 -1.8677e+01  2.4622e+01  1.0000e+00
 2.0596e-01  5.0006e-01 -1.7754e-01 -1.1333e+01  9.9378e+00  2.0120e+01  2.5139e+01  1.0000e+00
-3.8780e-01  9.8849e-01 -1.9913e-01  1.1324e+01  4.7230e+00 -3.6189e-01  1.2274e+01  1.0000e+00
 7.8275e-01 -9.2085e-03 -1.1614e+00 -2.5363e+00  7.3620e+00  8.1272e+00  1.1255e+01  1.0000e+00
-6.0672e-01  9.4984e-01 -5.9582e-01  1.5734e+00 -1.0238e+00  3.2726e+00  3.7728e+00  1.0000e+00
-1.3562e-01  6.0343e-01  4.0813e-01 -1.5755e+01 -2.4384e+00  5.2120e+00  1.6773e+01  1.0000e+00
-8.5068e+00  1.3213e+01 -7.1120e+00 -1.9307e+01  3.0544e+01 -1.5958e+01  3.9502e+01  1.0000e+00
-8.4037e-01  7.8297e-01  1.1055e-01 -2.1629e+01  3.3728e+00  1.6190e+01  2.7227e+01  1.0000e+00
 8.8559e-01  8.4278e-01 -3.7770e-01 -3.5531e+00  6.2465e-01 -3.3946e+00  4.9536e+00  1.0000e+00
-4.2128e-01  7.0628e-01  3.9336e-01  6.8110e+00  1.8080e+01 -1.1852e+01  2.2666e+01  1.0000e+00
-1.5770e-01  3.5642e-01  4.7632e-01 -8.6214e+00  1.8084e+01  1.3999e+00  2.0083e+01  1.0000e+00
-6.6004e-01  3.8527e-01 -9.7465e-02 -1.4477e-02 -7.8554e+00  3.1647e+00  8.4689e+00  1.0000e+00
-3.7600e-01  1.2461e+00 -1.8837e-01 -5.8519e+00 -7.3144e-01  2.4148e+00  6.3727e+00  1.0000e+00
-4.6067e-01  1.0301e+00 -3.1170e-02 -3.2954e-01 -3.2262e+00 -1.2420e+01  1.2836e+01  1.0000e+00
 2.1372e-01  9.5708e-01 -2.2112e-01  1.6248e+00 -3.5319e+00  3.0771e+00  4.9581e+00  1.0000e+00
-2.7094e-01  1.2676e+00  8.2132e-02 -1.1173e+00  2.3284e+00 -8.3883e+00  8.7769e+00  1.0000e+00
-8.9316e-02  1.1078e+00 -1.4921e-01  4.6747e+00  1.0935e+01 -4.6820e+00  1.2780e+01  1.0000e+00
 3.8857e+00 -6.4691e+00  1.1168e+01  9.1996e+00 -1.4801e+01  2.4034e+01  2.9687e+01  1.0000e+00
-1.3849e-01  5.3380e-01  2.3120e-01 -3.7428e+00  1.2354e+01  2.9120e+00  1.3233e+01  1.0000e+00
 3.0224e+01 -2.0713e+01 -4.2406e+01  6.9252e+01 -4.7253e+01 -9.5417e+01  1.2702e+02  1.0000e+00
-1.1578e-01  1.1150e+00 -2.7174e-01 -1.8095e-01  3.6093e+00 -6.5511e+00  7.4817e+00  1.0000e+00
-1.5681e+00  2.9410e+00  2.3422e+00 -5.3399e-01  3.1256e+00 -1.2112e+00  3.3944e+00  1.0000e+00
 7.9419e+00 -2.4568e+00 -1.8745e+00  1.7291e+01 -3.9590e+00 -2.9568e+00  1.7983e+01  1.0000e+00
-3.4312e-01  6.9668e-01  4.2570e-01  4.0795e+00 -6.5225e+00 -6.0183e+00  9.7676e+00  1.0000e+00
-2.1987e-01 -1.1869e+00  1.6590e+00  2.8839e+00 -1.0723e+00  1.5951e-01  3.0809e+00  1.0000e+00
-3.1575e-01  4.9914e-01  2.9877e-01 -6.0065e-01  1.8872e+01 -3.3229e+00  1.9171e+01  1.0000e+00
-2.5334e-01  1.0416e+00  2.0285e-01  4.0701e+00 -1.1258e+01 -6.1140e+00  1.3442e+01  1.0000e+00
-2.9208e-01  1.2491e+00  3.2285e-01 -4.2998e+00  2.6641e+00 -1.8680e+00  5.3921e+00  1.0000e+00
-4.9354e-01  9.2974e-01  3.6771e-01 -1.2006e+01  9.9699e+00  1.9802e+01  2.5212e+01  1.0000e+00
-1.4138e-01  8.4199e-01  1.8779e-01  2.8961e+01  2.0120e+01  9.4263e+00  3.6502e+01  1.0000e+00
-3.3417e-01  1.5893e+00  1.1895e+00  6.8523e+00 -3.4305e+00 -6.3350e+00  9.9425e+00  1.0000e+00
 7.4756e-01 -6.0808e+00  1.0784e+01  1.6854e+00 -1.3291e+01  2.3414e+01  2.6976e+01  1.0000e+00
-1.6507e+01  1.2884e+01 -1.0473e+01 -5.8271e+01  4.4438e+01 -3.7368e+01  8.2260e+01  1.0000e+00
 3.0127e-01  6.7346e-01  6.1574e-01 -5.5813e+00  9.6419e+00 -1.4477e+01  1.8267e+01  1.0000e+00
-7.2806e-01  1.5337e+00  1.6223e-01 -8.3296e+00  1.6959e+01  2.4655e+00  1.9054e+01  1.0000e+00
 2.1438e-01  1.1057e+00  6.5268e-01  5.2717e+00  5.0615e+00 -6.5383e+00  9.8061e+00  1.0000e+00
 1.0396e-01  1.6674e+00 -6.5714e-01 -4.6180e+00 -4.4062e+00  3.7517e+00  7.4038e+00  1.0000e+00
-1.4026e+00  1.4011e+00  1.6551e-01 -3.3256e+00  1.8648e+00 -2.1387e-02  3.8128e+00  1.0000e+00
 6.8770e-01  9.6995e-01  5.7946e-01  1.7888e+00  4.7809e+00  7.1224e+00  8.7627e+00  1.0000e+00
-1.0322e+01  8.6880e+00 -2.8919e+00 -2.2581e+01  1.9095e+01 -6.2675e+00  3.0229e+01  1.0000e+00
 6.1145e+00 -4.7729e+00 -1.8709e+01  1.4161e+01 -1.1188e+01 -4.3363e+01  4.6969e+01  1.0000e+00
-8.1184e-02  1.0375e+00  4.2045e-01 -1.1447e+01 -3.5379e-01 -1.3813e+01  1.7943e+01  1.0000e+00
-5.0596e-01 -1.2172e+01 -8.7356e+00 -1.4612e+00 -2.7143e+01 -1.9507e+01  3.3457e+01  1.0000e+00
-4.4879e+00  4.2237e+00 -1.7729e+01 -1.0596e+01  1.0029e+01 -4.0736e+01  4.3270e+01  1.0000e+00
 2.1874e+00 -1.0762e+01  8.7383e-02  4.6330e+00 -2.3564e+01  3.0520e-01  2.4017e+01  1.0000e+00
-1.1468e+00  3.4444e-01  3.6620e-01 -1.6880e+01 -1.5275e+00  2.5443e+00  1.7138e+01  1.0000e+00
-2.0800e+00 -2.6481e+00 -1.1735e+01 -4.6278e+00 -6.2579e+00 -2.5006e+01  2.6189e+01  1.0000e+00
 1.1134e+00  2.9569e+00  2.6398e+00  3.8666e+00  7.2303e+00  7.1989e+00  1.0911e+01  1.0000e+00
-4.4247e-02  7.9759e-01  3.5879e-01  6.3797e+00  5.7690e-01 -1.7198e+01  1.8352e+01  1.0000e+00
 6.2955e+00  4.0681e+00  8.8233e+00  1.8412e+01  1.0082e+01  2.5017e+01  3.2657e+01  1.0000e+00
-3.6885e-01  9.0563e-01  2.0297e-01 -9.4403e+00  4.5565e+00 -2.0769e+01  2.3264e+01  1.0000e+00
 7.3094e+00 -8.9981e+00 -3.5773e+00  1.7983e+01 -1.9037e+01 -6.1804e+00  2.6907e+01  1.0000e+00
-2.8943e-01  9.5368e-01  2.7836e-01  1.0493e+01 -1.7198e+01 -6.6529e+00  2.1217e+01  1.0000e+00
 6.5562e-02  3.8199e-01  6.3581e-01 -4.3733e+00 -7.3184e+00 -3.7807e+00  9.3262e+00  1.0000e+00
-1.2452e+01 -5.6191e+00 -3.9353e+00 -2.7729e+01 -1.2398e+01 -8.5296e+00  3.1549e+01  1.0000e+00
 6.5000e+00  3.4024e+00  6.2490e+00  1.3011e+01  7.7891e+00  1.3892e+01  2.0565e+01  1.0000e+00
-2.0830e-01  8.9466e-01  1.1709e-01 -1.8175e+01 -1.5402e+01 -8.1180e+00  2.5168e+01  1.0000e+00
 4.9277e+00 -1.6187e+01 -1.2761e+00  1.1532e+01 -3.7055e+01 -2.9409e+00  3.8919e+01  1.0000e+00
 6.6631e-01  5.6248e-01  8.0490e-01  8.6619e+01 -2.7635e+01  6.6305e+01  1.1253e+02  1.0000e+00
-2.3166e+01 -2.1934e+00  3.4215e+01 -5.6996e+01 -5.5856e+00  8.4072e+01  1.0172e+02  1.0000e+00
 9.3919e+00 -1.6303e+01 -1.3223e+01  2.2084e+01 -3.7831e+01 -3.0817e+01  5.3559e+01  1.0000e+00
 4.7131e-02  7.2817e-01  1.2418e-01  2.2126e+01 -5.7316e+00 -1.4927e+01  2.7299e+01  1.0000e+00
-1.2293e+00  2.5793e+00  7.2158e-01 -4.0185e+00  1.5137e+01  3.4565e+00  1.6038e+01  1.0000e+00
-2.5347e-01  1.1618e+00  4.2456e-02  2.5158e+00  1.8733e+01  1.5285e+01  2.4308e+01  1.0000e+00
-5.5696e+00 -1.3380e+00 -4.1684e+00 -1.0473e+01 -1.3871e+00 -7.6894e+00  1.3066e+01  1.0000e+00
 1.2405e+00  1.2928e+00  2.1416e-02 -4.7574e+00  4.5710e-02 -3.4084e-01  4.7698e+00  1.0000e+00
-5.5885e-01  9.9018e-01  6.0571e-01  1.3867e+00  1.2521e+01 -2.9789e-01  1.2601e+01  1.0000e+00
-1.3626e-01 -1.2271e+01 -8.6853e+00  3.6898e-01 -2.7021e+01 -1.9212e+01  3.3157e+01  1.0000e+00
-4.4079e-01  1.1411e+00 -5.5892e-02 -1.0184e-01 -1.6686e+00 -3.6995e+00  4.0597e+00  1.0000e+00
-1.5070e-01  8.3892e-01  3.5283e-01 -3.3963e+00  2.4502e+01  7.7670e+00  2.5927e+01  1.0000e+00
-2.4421e-01  1.0263e+00  1.4171e-01  6.8457e+00 -6.9953e+00  6.0242e+00  1.1493e+01  1.0000e+00
-5.2929e-01  7.0883e-01  5.1531e-01 -1.8375e+01 -1.3442e-01  9.6606e+00  2.0760e+01  1.0000e+00
-3.3549e-01  9.0022e-01  2.3467e-01 -6.9093e+00 -2.9292e-01  1.5311e+01  1.6800e+01  1.0000e+00
-2.3685e+01 -2.8137e+01  1.3079e+01 -5.1400e+01 -6.2634e+01  2.9564e+01  8.6250e+01  1.0000e+00
 6.4884e-02  7.4663e-01  2.5525e-01  6.7339e+00  7.5708e+00  1.3857e+01  1.7166e+01  1.0000e+00
-2.0353e+00  3.5024e+00 -1.6037e+00 -5.3036e+00  9.8072e+00 -3.5351e+00  1.1696e+01  1.0000e+00
-4.3571e-01  9.6929e-01  1.9993e-01 -1.1541e+01 -6.8833e+00  7.3909e+00  1.5337e+01  1.0000e+00
-1.2187e-01  7.1381e-01  2.6777e-01 -2.5651e+01 -7.3756e+00  8.0345e+00  2.7873e+01  1.0000e+00
-4.1071e-01  8.7000e-01  3.2567e-01 -1.1095e+01  1.0889e+01 -2.6323e+01  3.0571e+01  1.0000e+00
-5.3138e-01  1.1227e+00  4.9121e-01  1.7410e+01  3.6674e+00 -1.6000e+00  1.7864e+01  1.0000e+00
-2.2384e-01  1.1292e+00  2.3364e-01 -8.0596e+00 -3.0008e+00  1.6654e+01  1.8743e+01  1.0000e+00
-7.6721e-02 -1.0768e+01  5.1862e+00 -2.0679e-01 -2.3718e+01  1.1117e+01  2.6195e+01  1.0000e+00
-1.3756e+01 -8.2808e+00 -4.9450e+00 -3.1895e+01 -1.8728e+01 -1.1208e+01  3.8648e+01  1.0000e+00
-1.5951e+00 -1.4335e-01 -3.9479e-01  7.9900e-01  1.1099e+01  2.9927e+00  1.1523e+01  1.0000e+00
-4.4604e-01  9.6022e-01  5.9131e-01 -9.3803e-01 -5.5470e+00 -3.7599e+00  6.7665e+00  1.0000e+00
 1.7721e+01 -6.3642e+00 -1.0719e+00  4.0855e+01 -1.4545e+01 -2.2816e+00  4.3427e+01  1.0000e+00
-7.6632e-02  4.7832e-01  8.2138e-01  1.6532e+01 -6.3831e+00 -3.4987e+00  1.8064e+01  1.0000e+00
 1.7773e+02 -2.2014e+02  1.4449e+02  3.8386e+02 -4.7418e+02  3.0947e+02  6.8408e+02  1.0000e+00
 1.3752e-01  6.8046e-01  9.8616e-02 -1.4273e+01 -9.1290e+00  1.0888e+01  2.0140e+01  1.0000e+00
-2.3806e-02  7.5020e-01  4.2632e-01  2.1302e+01 -7.5227e+00 -1.5688e+01  2.7504e+01  1.0000e+00
-1.1291e-01  6.0822e-01  2.0643e-01  1.2998e+01 -1.5125e+01  1.0694e+01  2.2629e+01  1.0000e+00
 9.9321e+00  8.0523e+00  7.1755e-01  2.1659e+01  1.7336e+01  1.8919e+00  2.7807e+01  1.0000e+00
-7.6855e+00 -2.0509e+00  4.0112e+00 -1.9398e+01 -4.6098e+00  1.0939e+01  2.2742e+01  1.0000e+00
 2.4554e+00 -1.3444e+01  7.3212e-01  5.3028e+00 -2.9723e+01  1.2369e+00  3.0218e+01  1.0000e+00
-2.1301e-01  6.9501e-01  1.5913e-01 -2.3392e+01  1.6222e+01 -1.9310e+01  3.4398e+01  1.0000e+00
 6.7363e-01  6.2856e+00 -9.6776e+00  1.2997e+00  1.3431e+01 -2.1069e+01  2.5019e+01  1.0000e+00
-2.4605e+01  8.2756e+00  9.0061e+00 -6.8616e+01  2.3119e+01  2.5009e+01  7.6603e+01  1.0000e+00
 1.6323e-01  7.2068e-01  1.5351e-01  3.0605e+00  1.6678e-01  2.6271e+00  4.0369e+00  1.0000e+00
 5.6233e-01  3.9044e-01 -3.8019e-01  6.3083e+00  6.5371e+00 -1.8251e+00  9.2660e+00  1.0000e+00
 3.0596e-02  3.8402e-01  3.6624e-01 -8.1422e+00  3.0038e+00 -8.4482e+00  1.2112e+01  1.0000e+00
 1.7782e+00  1.5720e-01 -6.1259e-01  2.7473e+00 -1.0827e+00  1.9081e-01  2.9591e+00  1.0000e+00
 1.3390e+00 -1.3685e+01  1.0867e+01  2.9688e+00 -3.1320e+01  2.4906e+01  4.0126e+01  1.0000e+00
 6.5873e+00 -1.2245e+01  4.9793e+00  2.3564e+01 -4.4246e+01  1.7263e+01  5.3019e+01  1.0000e+00
-3.9890e-01  8.3012e+00  1.2177e+00 -3.3028e+00  1.6335e+01  3.1132e+00  1.6953e+01  1.0000e+00
-2.5874e-01  2.5793e-01  1.4329e-01 -4.9729e+00 -1.1025e+01 -9.8864e+00  1.5621e+01  1.0000e+00
 1.8954e+00 -7.7476e-01  6.0504e-01 -5.7162e+00  3.3806e+00  5.0970e-01  6.6606e+00  1.0000e+00
-4.5241e-01  8.4747e-01  1.3942e-01  5.5155e+00  1.0427e+01 -1.6070e+00  1.1905e+01  1.0000e+00
 7.2542e+00 -2.5142e+00  3.9877e+00  1.5007e+01 -3.8678e+00  7.6931e+00  1.7302e+01  1.0000e+00
-1.6069e-01  7.2203e-01  3.4807e-01  3.3213e+01  1.6746e+00 -3.7129e+00  3.3462e+01  1.0000e+00
-8.0823e-03  6.5147e-01  6.2093e-04  2.8566e+00 -5.0228e+00 -1.2811e+01  1.4054e+01  1.0000e+00
-4.4036e-02  3.7524e-01  2.8288e-01  6.9858e+00  4.6603e+00 -4.8855e+00  9.7153e+00  1.0000e+00
-2.9585e+00 -2.5392e+00 -1.4826e+01 -6.4268e+00 -5.4546e+00 -3.3306e+01  3.4356e+01  1.0000e+00
-1.3602e+00 -6.5092e-01  3.5693e+00 -1.0688e+00 -4.7766e-02  5.1178e+00  5.2284e+00  1.0000e+00
 1.7983e+01 -4.2894e-01 -3.9479e+00  4.1405e+01 -7.4244e-01 -8.6221e+00  4.2299e+01  1.0000e+00
 1.5810e-02  7.0094e-01  5.2809e-01  9.8830e+00  1.5516e+01  1.5518e+01  2.4068e+01  1.0000e+00
 6.2579e+00 -9.5460e-01  1.6412e+01  1.4540e+01 -2.7513e+00  3.7999e+01  4.0779e+01  1.0000e+00
-2.4037e-03  7.4974e-01  7.1994e-01 -2.7623e+00  1.7538e+00 -2.2871e+01  2.3104e+01  1.0000e+00
 8.6794e-01  1.3163e+00  5.9000e-01  2.8742e+00 -3.8508e+00  1.1581e+01  1.2539e+01  1.0000e+00
-7.2065e+00  1.2209e+00  1.1656e+01 -1.5646e+01  2.6878e+00  2.5925e+01  3.0400e+01  1.0000e+00
-1.0269e+00  6.4474e+00 -1.6232e-01 -4.1262e+00  8.8373e+00 -9.6209e-01  9.8005e+00  1.0000e+00
 1.2061e-02  1.0815e+00  2.4868e-01  2.1548e-01  1.1355e+01 -1.2851e+00  1.1430e+01  1.0000e+00
 8.2189e-01  2.8496e+01  1.8670e+01  2.8214e-01  6.3508e+01  4.0501e+01  7.5324e+01  1.0000e+00
-4.5019e+00  3.9974e+00 -1.6986e+00 -7.1431e+00  6.2200e+00 -1.1357e+00  9.5395e+00  1.0000e+00
 1.1552e+00  7.9006e-01  1.6504e-01  4.4607e+00  6.3229e+00 -4.1555e+00  8.7832e+00  1.0000e+00
-8.3241e-01  8.9376e-01  8.8397e-01 -6.8948e+00  8.2735e-01  3.1960e-01  6.9516e+00  1.0000e+00
 3.2778e-02  1.5665e-01  2.4465e-01  2.3098e+00 -5.3879e+00  7.5935e+00  9.5930e+00  1.0000e+00
-1.6822e-01  7.1485e-01  1.4431e-01 -8.2917e-01  3.0231e+01 -1.7117e+00  3.0291e+01  1.0000e+00
-6.2845e-02  8.9621e-01  1.2391e-01 -6.0800e+00 -2.3843e+01 -1.0468e+01  2.6740e+01  1.0000e+00
-2.8525e+00  1.9453e-02  3.9170e+00 -1.9878e+00  1.1270e+00  4.1269e+00  4.7173e+00  1.0000e+00
-2.7978e-01  7.6216e-01  2.9471e-01 -1.4056e+01  1.4243e+01  9.2539e+00  2.2047e+01  1.0000e+00
-9.0267e+00  7.5759e+00  2.7040e+00 -2.7261e+01  2.2760e+01  7.2817e+00  3.6252e+01  1.0000e+00
-8.3249e-01  8.0606e-01  3.0628e-01 -7.5462e+00 -1.2286e+01  2.3945e+00  1.4616e+01  1.0000e+00
-2.7865e-01  1.1978e+00  1.4876e-01  1.5766e+00  4.6400e-01  1.1427e+01  1.1545e+01  1.0000e+00
-4.3489e-01  6.1222e-01  2.1581e-01  2.5809e+00  4.9397e+00 -3.0590e+00  6.3576e+00  1.0000e+00
-1.6054e-02  5.8988e-01 -3.6118e-02  8.2111e+00  1.4724e+01 -8.9162e+00  1.9071e+01  1.0000e+00
 5.9831e+00 -1.0178e+01 -5.0511e+00  1.3259e+01 -2.1791e+01 -1.1164e+01  2.7844e+01  1.0000e+00
 2.6217e-01  4.2458e-01  1.6205e-02  1.1341e+01 -1.7526e+01 -2.9484e+00  2.1082e+01  1.0000e+00
 7.7398e+00  2.0884e+00 -1.7614e+01  1.7852e+01  5.2614e+00 -3.8190e+01  4.2483e+01  1.0000e+00
-1.2997e+00  7.0768e+00 -4.6093e+00 -2.5995e+00  1.3961e+01 -7.8510e+00  1.6226e+01  1.0000e+00
-1.5469e+01 -5.4884e+00  3.6841e+00 -3.5673e+01 -1.2190e+01  8.4467e+00  3.8633e+01  1.0000e+00
 1.9309e+01 -1.8688e+00 -7.9412e+00  4.5175e+01 -4.3016e+00 -1.8338e+01  4.8944e+01  1.0000e+00
 7.4658e+00 -4.1199e+01  2.5529e+01  1.7616e+01 -9.7711e+01  6.0741e+01  1.1639e+02  1.0000e+00
-2.2309e-01  1.0335e+00  4.0293e-01 -8.6659e+00  1.1607e+01 -6.6125e+00  1.5923e+01  1.0000e+00
-3.5214e-01  9.0409e-01  6.9756e-01  1.0568e+00  1.4841e+00  1.4172e+01  1.4289e+01  1.0000e+00
-7.9520e-02  8.5547e-01  1.1548e-01 -1.5384e+00 -1.4642e+01 -1.3814e+01  2.0188e+01  1.0000e+00
-6.7717e-01  6.0124e-01  3.8223e-01  1.7189e+01  4.4725e+00 -9.8357e+00  2.0303e+01  1.0000e+00
-9.5446e+00 -4.8398e+00 -4.8840e+00 -2.1116e+01 -9.6866e+00 -1.0817e+01  2.5626e+01  1.0000e+00
-3.6710e-01  4.8373e-01  3.4112e-01  2.0585e+01  1.4664e+01  1.0161e+01  2.7240e+01  1.0000e+00
 1.8726e-02  1.0496e+00 -1.0148e+00  6.8481e+00  6.9232e+00  2.5501e+00  1.0066e+01  1.0000e+00
-2.3758e-01  1.0205e+00  6.0685e-01 -2.2912e+00  8.7624e+00 -7.4510e+00  1.1728e+01  1.0000e+00
-2.0191e-02  6.8720e-01  3.0406e-01 -5.6001e+00 -2.6005e+00  8.0984e+00  1.0184e+01  1.0000e+00
 2.5428e+00 -2.6056e+00 -3.0700e+00  3.2250e+00 -1.9774e+00 -2.9698e+00  4.8094e+00  1.0000e+00
-2.5343e-01  7.6091e-01  2.4927e-01  5.6484e+00 -2.1906e+01 -4.2624e-01  2.2626e+01  1.0000e+00
-2.8954e-01  1.3403e+00  2.9106e-01 -4.6325e-01  9.6976e+00 -6.1907e+00  1.1514e+01  1.0000e+00
 6.4976e+00 -7.7663e+00 -9.6182e+00  1.4296e+01 -1.7698e+01 -2.0918e+01  3.0906e+01  1.0000e+00
 2.8663e-01  9.5261e-01 -5.4872e-01  2.8862e+01  1.1325e+01 -1.6672e+01  3.5203e+01  1.0000e+00
-2.0786e-01  5.7220e-01  5.2146e-01 -1.0074e+01  9.8574e+00 -7.4964e+00  1.5964e+01  1.0000e+00
-1.1356e-01  6.9726e-01  1.1905e-01  1.4614e+01 -2.6115e+01 -8.6612e+00  3.1154e+01  1.0000e+00
-2.5631e-01  5.1495e-01 -6.2435e-02  1.1481e+01  1.5664e+01 -1.9747e+01  2.7697e+01  1.0000e+00
 5.1527e+00 -2.2095e+00 -3.3940e+00  3.1343e+01 -1.6139e+01 -2.0586e+01  4.0824e+01  1.0000e+00
-2.2451e-01  8.6287e-01  2.9222e-02  8.1678e+00  3.4623e+00 -1.4627e+00  8.9911e+00  1.0000e+00
-1.5430e+00  1.3634e+00 -1.0699e-01 -4.8336e+00  3.5084e+00 -2.0917e+00  6.3283e+00  1.0000e+00
-1.9348e+01  4.6784e+00  9.5049e+00 -6.0262e+01  1.4459e+01  2.9752e+01  6.8744e+01  1.0000e+00
-1.3613e-01  4.2930e-01  4.0329e-01  9.7550e+00  9.6479e-01 -2.0376e+00  1.0012e+01  1.0000e+00
 8.8196e+00  6.1810e+00 -8.0789e-01  1.8129e+01  1.3591e+01 -1.0334e+00  2.2681e+01  1.0000e+00
-1.0018e-01  3.3295e-01  2.7043e-01  2.4276e+00 -2.5775e+00 -4.3461e+00  5.6059e+00  1.0000e+00
-3.7031e-01  8.9479e-01 -5.9032e-02 -1.9539e+00  1.9991e+01 -1.1105e+01  2.2952e+01  1.0000e+00
-2.3260e-01  1.0715e+00  1.1269e-01  2.9423e+00  8.1602e+00 -6.0542e+00  1.0578e+01  1.0000e+00
 1.6224e+00  8.2969e+00 -2.1362e-01  4.0892e+00  1.5586e+01 -1.4512e+00  1.6179e+01  1.0000e+00
-1.7702e+02  2.1957e+02 -1.4661e+02 -3.7964e+02  4.7214e+02 -3.1702e+02  6.8377e+02  1.0000e+00
-1.8705e-01  1.6385e+00  6.4433e-01 -1.0352e+01 -5.6612e+00 -3.6454e+00  1.2349e+01  1.0000e+00
-1.1246e-01  7.8705e-01  1.4733e-01 -1.7032e+01  1.6523e+01  9.2741e+00  2.5477e+01  1.0000e+00
-3.7139e-03  7.5877e-02  2.4429e-01 -7.1983e+00  1.8222e+01 -8.3452e-01  1.9610e+01  1.0000e+00
-1.0424e-01  8.0947e-01  4.3877e-01 -1.1452e+01  2.1451e+01  1.3844e+01  2.7981e+01  1.0000e+00
-1.4109e-01  1.2044e+00  5.0915e-01  9.1576e+00 -8.5575e-01 -1.2739e+01  1.5712e+01  1.0000e+00
 6.1242e+00 -9.0822e+00 -8.7374e+00  1.4506e+01 -1.9097e+01 -1.9346e+01  3.0812e+01  1.0000e+00
 2.5687e+00 -5.0542e-01  1.9991e-01  1.8027e+00  5.6163e-01  1.6519e+00  2.5088e+00  1.0000e+00
-1.9509e+00  1.0413e-01  2.2100e+00  7.1430e-01  1.3118e+00  3.1946e+00  3.5266e+00  1.0000e+00
-3.1952e-01  1.0520e+00  3.6426e-01  3.4490e+00  2.3751e+00 -5.0704e+00  6.5761e+00  1.0000e+00
-1.3427e+01  7.5956e-01  1.1457e+01 -3.0742e+01  2.2775e+00  2.6589e+01  4.0709e+01  1.0000e+00
 2.0741e-01  7.8532e-01  3.5832e-02  6.4590e+00  5.8787e+00  1.3514e+01  1.6091e+01  1.0000e+00
-3.9507e-01  8.4019e-01  3.3818e-02 -1.5630e+01  5.8114e+00  4.2383e+00  1.7206e+01  1.0000e+00
-9.0763e+00  8.2202e+00 -1.4625e+01 -2.0837e+01  1.9240e+01 -3.3658e+01  4.4014e+01  1.0000e+00
 1.5338e+01 -1.0495e+01  4.2247e+00  3.5275e+01 -2.3908e+01  9.8393e+00  4.3734e+01  1.0000e+00
 8.2884e+00 -5.0854e+00  9.2161e+00  1.7959e+01 -1.1056e+01  2.0591e+01  2.9474e+01  1.0000e+00
 3.7922e-01  8.3227e-01  1.3865e+00 -3.8418e+00  2.0013e+00  7.8275e+00  8.9462e+00  1.0000e+00
-1.6733e-01  8.8383e-01  8.8866e-02  1.3008e+01  7.2040e+00 -6.7749e+00  1.6340e+01  1.0000e+00
-4.2504e-01  1.1582e+00  3.1933e-01  7.7364e+00  9.2946e+00 -6.7915e+00  1.3870e+01  1.0000e+00
-6.6200e+00  1.0867e+00  2.2354e+00 -1.1727e+01  1.0383e+00  3.3045e+00  1.2228e+01  1.0000e+00
-1.0958e-01  6.4614e-01  1.9925e-01  5.6057e+00  7.5252e-01 -1.3933e+01  1.5037e+01  1.0000e+00
-1.3918e-01  7.2223e-01  1.9113e-01  1.1006e+01 -8.1366e+00  2.1103e+00  1.3848e+01  1.0000e+00
 2.3703e-02  1.0268e+00  4.1186e-01 -4.1957e+00  1.1771e+01  7.4114e+00  1.4529e+01  1.0000e+00
-2.2585e-01  9.6579e-01  6.3640e-02  7.6018e+00  3.2718e+00  1.0949e+00  8.3481e+00  1.0000e+00
-6.0902e+00  5.7861e+00 -5.0973e+00 -1.2260e+01  1.3483e+01 -1.0238e+01  2.0903e+01  1.0000e+00
-4.0365e-01  5.3114e-01  1.1282e-01  1.5728e+01 -1.7384e+01  3.6262e+00  2.3721e+01  1.0000e+00
-4.6761e+00  2.9788e+00 -1.1483e+01 -1.0396e+01  6.5320e+00 -2.5020e+01  2.7870e+01  1.0000e+00
-1.4246e+00  7.4872e+00  3.2406e+00 -5.6169e+00  1.3734e+01  4.4844e+00  1.5501e+01  1.0000e+00
-1.4534e+01 -3.2597e+00 -4.1554e+00 -3.3656e+01 -6.9283e+00 -8.5775e+00  3.5416e+01  1.0000e+00
-1.7836e+00  5.2567e-01  5.5467e-01  3.1465e+00 -1.6991e+00  2.4657e+00  4.3436e+00  1.0000e+00
-5.9823e-02 -2.4639e-01 -2.7815e+00 -9.4066e-02 -5.9419e-01 -4.5949e+00  4.6341e+00  1.0000e+00
-5.0754e-01  8.3157e-01  6.9241e-01 -9.9495e+00 -4.5990e+00 -1.3106e+01  1.7085e+01  1.0000e+00
 2.7492e-01  8.5194e-01  1.0713e+00 -3.8907e+00  2.6896e+00  1.3454e+01  1.4261e+01  1.0000e+00
-2.0085e-01  7.2671e-01 -3.5604e-01 -2.9482e+00 -8.2317e+00  1.9774e+01  2.1621e+01  1.0000e+00
-6.5486e-03  6.4809e-01  6.6061e-02  9.0176e+00  4.8116e+00  2.4972e+00  1.0522e+01  1.0000e+00
-2.4730e-01  7.8967e-01  4.2106e-02 -8.9395e+00 -4.7355e+00  2.4131e+01  2.6166e+01  1.0000e+00
 2.8058e+00 -1.4126e+00  6.0768e-01  2.4239e+00  6.2201e-01 -5.0930e+00  5.6746e+00  1.0000e+00
 4.0771e-01  2.2368e+00 -1.4002e-01  7.1969e+00  1.8463e+01 -6.9487e+00  2.0999e+01  1.0000e+00
-1.0427e-03  2.8190e-01  7.0328e-01 -7.0233e+00  6.5407e+00 -3.4104e+00  1.0185e+01  1.0000e+00
-1.8954e+01  2.1218e+01 -1.2967e+01 -4.1974e+01  4.4247e+01 -2.6662e+01  6.6562e+01  1.0000e+00
 1.4161e-01  4.9731e-01 -1.8484e+00  5.9923e-01  2.6706e+00  1.0641e+00  2.9365e+00  1.0000e+00
 2.2249e+00  1.9407e+00 -8.3908e-01 -3.5375e+00  4.7520e+00  7.0512e-01  5.9659e+00  1.0000e+00
-3.5289e+00 -1.1738e+00 -3.0750e+00 -2.0507e+01 -1.1300e+01 -2.0972e+01  3.1433e+01  1.0000e+00
-1.7105e-01  7.3153e-01  3.3372e-01 -7.8934e+00 -1.5385e+01  3.6099e+00  1.7665e+01  1.0000e+00
-3.5111e-01 -1.0419e+01 -5.6299e+00 -6.2099e-01 -2.2223e+01 -1.2636e+01  2.5572e+01  1.0000e+00
-3.1120e-01  9.4942e-01  2.4588e-01 -1.6855e+00 -2.0897e+00 -2.0906e+01  2.1078e+01  1.0000e+00
 6.2042e+00 -9.0996e+00 -8.6091e+00  1.3147e+01 -2.0913e+01 -1.8888e+01  3.1095e+01  1.0000e+00
-3.9026e-01  3.6684e-01  6.1177e-01  4.0378e+00  7.8763e-02 -1.1568e+00  4.2010e+00  1.0000e+00
-8.6876e-01  9.8495e-01 -1.8134e-01 -9.3787e+01  2.2254e+01 -5.0051e+01  1.0861e+02  1.0000e+00
 5.7884e-01  6.8934e+00  2.9415e+00  2.6537e+00  1.2789e+01  4.4529e+00  1.3800e+01  1.0000e+00
 3.0482e+00 -6.3595e+00  9.9721e+00  7.0339e+00 -1.3764e+01  2.1889e+01  2.6796e+01  1.0000e+00
-4.5550e-01  8.2978e-01  2.1417e-02 -5.2947e+00 -8.9711e-01  9.2962e-01  5.4500e+00  1.0000e+00
-6.3175e+00  3.9344e+00 -1.3571e+00 -4.3006e+01  2.3670e+01 -1.0064e+01  5.0110e+01  1.0000e+00
-1.9056e-01  8.2720e-01  1.6664e-01 -1.0043e+01 -1.2299e+01  3.4633e+00  1.6252e+01  1.0000e+00
-2.3445e-01  4.2828e-01  3.2808e-01 -9.8682e+00  7.4743e+00 -9.3668e+00  1.5524e+01  1.0000e+00
-7.6644e+00 -2.5601e+00  4.7472e+00 -1.5799e+01 -5.3994e+00  8.6983e+00  1.8826e+01  1.0000e+00
-5.1728e-01  1.1868e+00 -2.2474e-02 -1.3186e+01  6.8394e+00  8.1941e+00  1.6964e+01  1.0000e+00
-3.6349e-01  7.1815e-01  3.7881e-01  2.0635e+00 -9.4549e+00 -8.6339e+00  1.2969e+01  1.0000e+00
 1.1583e+01 -1.4942e+01 -1.1701e+00  2.6981e+01 -3.4259e+01 -2.8043e+00  4.3698e+01  1.0000e+00
-2.1957e-01 -4.9949e-02  3.9900e-01  1.8094e+00 -8.2669e+00 -1.1052e+00  8.5345e+00  1.0000e+00
-1.8917e-01  1.0121e+00  8.2521e-02  3.5044e+01 -1.1674e+01 -2.3980e+00  3.7015e+01  1.0000e+00
-4.8879e-01  5.6094e-01  3.6151e-01  4.2141e+00 -1.0894e+01  8.2003e+00  1.4272e+01  1.0000e+00
-5.5058e-01  2.8409e-01  2.2130e-01  1.0333e+01  5.4437e+00 -6.9680e+00  1.3600e+01  1.0000e+00
 1.6751e+00 -1.0070e+00  3.6481e-01 -3.6783e+00  4.0749e+00  8.8761e-01  5.5608e+00  1.0000e+00
-7.9995e-02  7.2406e-01  1.2001e-01 -6.3441e+00  2.1938e+00  2.3922e+01  2.4846e+01  1.0000e+00
 3.6297e-01  1.7012e+00 -3.5875e-01  4.6958e+00 -8.3272e-01  4.7800e+00  6.7522e+00  1.0000e+00
-4.0577e+00 -1.5387e+00 -9.6038e-01 -8.0249e+00 -2.1293e+00 -1.1817e+00  8.3863e+00  1.0000e+00
 4.2662e-02  1.1390e+00  8.2744e-01 -1.4109e+00  2.0265e+00  3.1466e+00  3.9998e+00  1.0000e+00
-2.2764e-01  6.6000e-01  1.9060e-01 -3.0857e+00  2.5532e+01 -2.0449e+00  2.5799e+01  1.0000e+00
-1.0937e-01  9.3579e-01  9.3997e-02 -9.0343e+00  2.0710e+01 -6.9596e-01  2.2606e+01  1.0000e+00
-1.5566e-01  8.4992e-01  1.1307e-01  1.7847e+00  1.4002e+01 -1.3833e+01  1.9763e+01  1.0000e+00
-1.4402e-01  8.7908e-01  2.4192e-01  1.6473e+01 -5.7691e+00  9.3022e+00  1.9778e+01  1.0000e+00
 9.0203e-02  9.8607e-01  5.2264e-01  2.1491e+01 -3.8006e+00 -2.3879e+00  2.1954e+01  1.0000e+00
-1.5912e-01  3.6167e-01  3.6439e-02 -5.2357e+00  2.1821e+01  7.3248e+00  2.3605e+01  1.0000e+00
-4.1799e-01  3.5246e-01  1.7530e-01  3.5912e+00 -1.3691e+01 -5.4770e-01  1.4164e+01  1.0000e+00
-1.6173e+01  1.3236e+01  6.0372e+00 -8.1360e+01  6.5204e+01  3.0751e+01  1.0870e+02  1.0000e+00
-4.1248e-01  6.4402e-01  7.5835e-01  8.9112e+00 -8.4670e+00  1.8220e+01  2.1979e+01  1.0000e+00
-7.5107e-01  9.5758e-02 -1.8677e-01 -1.3507e+00 -1.5023e+00 -3.3156e+00  3.8826e+00  1.0000e+00
-6.2747e+01  2.2832e+00  5.6206e+01 -2.4181e+02  7.3671e+00  2.1773e+02  3.2547e+02  1.0000e+00
-7.8931e-02  8.8190e-01  1.0654e-01  6.0142e+00  8.0128e+00  1.7891e+01  2.0505e+01  1.0000e+00
-1.2102e-01 -7.6957e-02  9.6434e-01  4.4727e+00 -2.0789e+00  7.1194e+00  8.6610e+00  1.0000e+00
-3.6022e-01  7.5912e-01  1.7858e-01  8.4536e+00 -1.5800e+01 -8.7434e+00  1.9939e+01  1.0000e+00
-2.3921e+00  3.6350e+00  9.2595e+00 -4.4279e+00  6.2068e+00  1.6518e+01  1.8193e+01  1.0000e+00
 4.7955e+00  1.6944e+00  1.0393e+00  5.0547e+00  3.2473e+00  2.0750e+00  6.3561e+00  1.0000e+00
 6.7003e+00 -3.8061e+00 -5.7745e+00  1.3623e+01 -8.3412e+00 -1.1550e+01  1.9712e+01  1.0000e+00
-2.2436e-01  8.0005e-01  1.7753e-01 -2.1640e+01  8.3108e+00  2.2298e+01  3.2165e+01  1.0000e+00
 9.1880e+00 -9.4001e+00 -1.3934e+01  2.1411e+01 -2.1544e+01 -3.1697e+01  4.3900e+01  1.0000e+00
 2.9565e-02  9.0812e-01  2.6406e-01 -3.9042e+00  1.6833e+01  4.3570e+00  1.7820e+01  1.0000e+00
-2.6997e-01  7.3902e-01  2.9285e-01 -3.0606e+00  2.0074e+01 -7.7896e+00  2.1749e+01  1.0000e+00
-1.0898e-01  7.9641e-01  1.5580e-01  1.9279e+01  5.4947e+00 -3.4745e+00  2.0346e+01  1.0000e+00
-3.4041e+00 -4.8147e+00 -4.8431e+00 -2.5157e+01 -4.1941e+01 -3.8610e+01  6.2311e+01  1.0000e+00
-4.7938e-02 -2.9541e-02  2.4391e-01  3.8363e+00 -1.4413e+01  6.2865e+00  1.6185e+01  1.0000e+00
-1.0261e+00  4.3267e-01 -5.8404e-02  6.1650e+00  6.6175e+00 -4.5342e+00  1.0117e+01  1.0000e+00
-3.6523e-01  1.1229e+00  4.4619e-01  6.3923e+00 -2.2336e-01  1.0757e+01  1.2515e+01  1.0000e+00
-1.3409e-01  1.0499e+00 -1.4556e-01 -9.2752e+00  4.3318e+00 -2.3783e+00  1.0510e+01  1.0000e+00
-1.4644e+00  1.0063e+00  1.4117e+00  5.4096e+00 -2.6384e+00 -2.4520e+00  6.4990e+00  1.0000e+00
-8.6184e-01  1.2998e+00  1.6185e+00 -4.9095e+00  7.4907e+00  1.0435e+01  1.3751e+01  1.0000e+00
-2.5058e+00  3.5564e+00  1.0328e+01 -4.5957e+00  7.9975e+00  2.1775e+01  2.3648e+01  1.0000e+00
-1.0771e+00 -3.4541e-01  2.3464e-02  3.6619e+00  1.6205e+00  1.1156e+01  1.1853e+01  1.0000e+00
-4.4163e-01  5.3960e-01  5.3032e-01  5.7281e-01  1.1581e+01 -3.3655e+00  1.2073e+01  1.0000e+00
-1.8261e-01  5.8243e-01  5.0816e-01  1.3538e+00  1.5625e+01 -3.6766e+00  1.6109e+01  1.0000e+00
-3.9119e-01  2.1813e+00  1.8959e+00  4.6699e+00 -1.7374e+00 -4.0875e+00  6.4447e+00  1.0000e+00
 7.1372e+00 -1.7927e+01  3.1535e+01  1.5614e+01 -3.9413e+01  7.0912e+01  8.2617e+01  1.0000e+00
 1.3449e+01  2.5763e+00  1.2629e+01  3.0849e+01  5.8322e+00  2.9307e+01  4.2949e+01  1.0000e+00
-1.4051e+00  9.5713e-01  5.3787e-03 -1.6066e+01  1.8334e+00 -5.8950e+00  1.7211e+01  1.0000e+00
-2.7667e-01  7.3490e-01  2.1139e-01  2.1231e+01 -1.2708e+01 -1.7761e+01  3.0458e+01  1.0000e+00
-3.7151e-01  8.8378e-01  2.3370e-01 -1.6408e+01  1.3731e+01  4.1802e+00  2.1800e+01  1.0000e+00
-3.5765e+00  2.2728e+00  1.4168e+01 -8.0835e+00  5.5844e+00  3.1913e+01  3.3391e+01  1.0000e+00
-9.4313e+00 -2.0745e+00 -9.0943e+00 -2.0617e+01 -2.5563e+00 -1.9089e+01  2.8213e+01  1.0000e+00
 2.9847e-01 -3.8365e-01  8.5157e-03  7.6268e+00 -2.9620e+00 -5.1026e+00  9.6425e+00  1.0000e+00
-4.8482e+00 -7.9629e+00 -7.4684e-01 -1.2344e+01 -2.2469e+01 -1.3214e+00  2.5671e+01  1.0000e+00
-1.6090e+00 -7.5386e-01  7.5447e-01 -1.8002e+00 -3.7622e+00  1.6062e+00  4.4693e+00  1.0000e+00
-2.0443e-01  7.6336e-01  2.6204e-01  1.0213e+01 -6.5058e+00  7.4916e-01  1.2132e+01  1.0000e+00
-1.7826e+00 -1.0295e+00 -1.3291e-01 -5.6619e+00 -2.8478e+00 -1.2853e-01  6.3390e+00  1.0000e+00
 1.6242e-01  1.0033e+00  4.4072e-01  3.5104e-01  2.2285e+00 -1.0472e+01  1.0712e+01  1.0000e+00
-4.0014e-01  9.6110e-01  2.0529e-01 -7.1217e+00 -1.7327e+01 -1.1587e+00  1.8769e+01  1.0000e+00
-4.8736e+00  1.5303e+01 -1.9965e+00 -1.0869e+01  3.4675e+01 -4.3566e+00  3.6598e+01  1.0000e+00
 3.3258e+00  7.1630e-01  3.0636e+00  3.3030e+00  4.1462e+00  6.3824e+00  8.2967e+00  1.0000e+00
-9.0892e+00 -3.0967e-01 -2.3231e+00 -1.8395e+01  3.5711e-01 -4.9240e+00  1.9046e+01  1.0000e+00
 6.2686e-01  1.3168e+00 -2.0533e+00  5.7674e+00  3.1036e+00 -7.2923e+00  9.8017e+00  1.0000e+00
-7.3395e+00 -2.9944e+00  5.0308e+00 -1.4388e+01 -5.0455e+00  1.0452e+01  1.8485e+01  1.0000e+00
 8.1141e-02  7.1564e-01  4.2259e-01 -6.3832e-01 -3.9540e-01  4.9170e-01  8.9753e-01  1.0000e+00
 1.7868e+01  6.4195e+00  1.5080e+00  4.0926e+01  1.4994e+01  3.3555e+00  4.3715e+01  1.0000e+00
 6.5580e+00  9.2212e+00  1.1310e+00  1.4433e+01  1.9639e+01  3.1235e+00  2.4572e+01  1.0000e+00
-1.3967e+01 -8.5018e+00 -5.2608e+00 -3.2048e+01 -1.8868e+01 -1.2010e+01  3.9081e+01  1.0000e+00
-8.8508e-01 -3.9409e-01  2.5610e-02 -2.0880e+00  1.2252e+01  8.2040e+00  1.4892e+01  1.0000e+00
-1.3794e+01 -3.9523e-01 -3.5996e+00 -3.1062e+01 -4.4409e-01 -8.1971e+00  3.2128e+01  1.0000e+00
-2.5468e-01  8.1525e-01 -6.4195e-01 -5.6901e+00  4.2589e+00 -1.1254e+01  1.3310e+01  1.0000e+00
-2.4400e-01  9.1281e-01  8.7745e-02 -1.4568e+01  1.6588e+01 -5.2771e+00  2.2699e+01  1.0000e+00
-2.9375e+00  1.1198e+01 -4.4042e+00 -5.9085e+00  2.4911e+01 -9.1302e+00  2.7181e+01  1.0000e+00
 1.4832e+01  1.2258e+01 -9.3580e+00  4.7292e+01  3.8272e+01 -2.9526e+01  6.7625e+01  1.0000e+00
-2.1697e-01  6.1734e-01  8.6292e-01  9.2817e+00  1.2333e+01 -6.0384e-02  1.5435e+01  1.0000e+00
-1.1825e+00  2.2063e-01 -2.9240e+00  8.7998e-01  3.1918e+00  9.1033e-02  3.3121e+00  1.0000e+00
-3.2026e-02  9.1251e-01  4.6989e-01  2.3188e+00 -2.4244e+01  8.0021e+00  2.5636e+01  1.0000e+00
 2.9816e+00 -2.6624e+00 -8.9395e-01  4.8187e+00 -2.7627e+00  3.5614e+00  6.5981e+00  1.0000e+00
 8.9456e-01 -8.3718e-01  6.2403e-01  8.9552e+00 -8.2281e+00  1.8093e+00  1.2295e+01  1.0000e+00
-1.1289e+00  7.4071e-01  1.0745e+00  2.4896e+00  7.8950e+00  1.3580e+00  8.3889e+00  1.0000e+00
-1.0537e+01 -5.2816e+00 -1.8447e+01 -2.4901e+01 -1.2646e+01 -4.4006e+01  5.2120e+01  1.0000e+00
-1.8925e+01 -6.3836e+00 -6.1195e-01 -4.3946e+01 -1.4285e+01 -1.5463e+00  4.6235e+01  1.0000e+00
 2.2434e+00 -2.4154e+00 -3.4185e+00  5.0989e+00 -1.4990e+00 -4.2220e+00  6.7876e+00  1.0000e+00
 1.9188e+01  3.2415e+00 -1.9707e+00  4.4161e+01  7.9559e+00 -4.7321e+00  4.5121e+01  1.0000e+00
-1.6761e-01  6.1571e-01  7.7624e-02  1.0036e+01 -1.2930e+01  1.0337e+01  1.9358e+01  1.0000e+00
-1.8263e-01  9.5135e-01  3.1743e-01 -1.7128e+01 -2.0362e-01  3.1620e+00  1.7419e+01  1.0000e+00
-3.6510e-01  7.5620e-01  3.3974e-02 -5.6736e+00  4.8948e+00  1.8737e+01  2.0180e+01  1.0000e+00
 1.0398e+00  8.4586e-02  4.8318e-01 -4.6738e-01  4.7105e+00 -4.6418e-01  4.7563e+00  1.0000e+00
-2.7335e-01  9.2468e-01  3.4101e-01  8.6888e+00  9.2352e-01  1.7516e+01  1.9575e+01  1.0000e+00
-4.7835e-01  9.9207e-01  3.4356e-01 -1.2780e+01  2.4616e+01 -3.9827e+00  2.8020e+01  1.0000e+00
-3.7121e-01  1.0964e+00 -1.7391e-01 -6.8834e+00  1.0107e+01  3.7086e+00  1.2778e+01  1.0000e+00
-7.9498e+00  6.8036e+00 -1.3335e+00 -1.6571e+01  1.3989e+01 -2.2819e+00  2.1806e+01  1.0000e+00
-1.2579e-01  1.0147e+00  1.8236e-01  8.1909e+00 -8.5841e+00 -2.0832e+01  2.3974e+01  1.0000e+00
-8.2786e+00 -2.4699e+00 -4.0477e-02 -1.5958e+01 -4.8594e+00 -4.3404e-01  1.6687e+01  1.0000e+00
-1.1530e-01  1.4207e+00 -6.5751e-01 -3.0073e+00 -1.2973e+00  5.7561e-03  3.2752e+00  1.0000e+00
 1.4507e-01  8.2412e-01  4.5672e-01  1.5876e+01 -2.6739e+00  1.1469e+01  1.9767e+01  1.0000e+00
 4.0177e-02  9.2222e-01  1.0164e-01 -8.6015e+00 -1.5313e+01  7.6342e+00  1.9151e+01  1.0000e+00
 1.8710e-01  6.0999e-01  8.7403e-02 -3.8387e-01  1.3026e+01 -1.4721e+01  1.9661e+01  1.0000e+00
 6.1283e+00 -1.5177e+01 -7.3077e+00  1.4109e+01 -3.4498e+01 -1.6670e+01  4.0829e+01  1.0000e+00
-1.3746e+01 -2.5251e+00  1.2383e+01 -3.1688e+01 -5.3238e+00  2.8524e+01  4.2966e+01  1.0000e+00
-2.5312e-01  1.3734e+00  5.2510e-01 -4.2040e+00  4.5163e+00  4.3938e+00  7.5747e+00  1.0000e+00
-2.1110e+00 -1.1966e+00 -3.4551e+00 -2.6682e+00  3.7576e-01 -2.2570e+00  3.5149e+00  1.0000e+00
 1.8133e+00 -8.9239e-01  1.0587e+00 -4.3437e+00  5.2904e+00  2.9602e-01  6.8516e+00  1.0000e+00
 8.3466e-02  7.9051e-01  3.8740e-01 -9.4456e+00 -4.0608e+00 -1.1454e+01  1.5391e+01  1.0000e+00
-1.3680e+00 -1.2237e+01 -8.5934e+00 -2.4121e+00 -2.8138e+01 -2.0035e+01  3.4626e+01  1.0000e+00
-2.3280e+00  4.0333e+00 -3.2604e+00 -3.4259e+00  5.7615e+00 -3.1291e+00  7.3975e+00  1.0000e+00
-7.2441e-01  6.5604e-01  4.5273e-01  2.1675e+01  4.1926e+00 -9.3922e-01  2.2096e+01  1.0000e+00
-2.0604e-01  7.4193e-01  2.9878e-01 -2.7938e+01 -2.0727e+01 -3.9283e+00  3.5008e+01  1.0000e+00
 5.9520e-01  1.7261e+00  3.4742e-02 -4.8380e-01 -2.7788e+00  6.5821e-01  2.8964e+00  1.0000e+00
-2.5870e+00  1.1568e+01 -4.9123e+00 -5.6891e+00  2.4731e+01 -1.0142e+01  2.7328e+01  1.0000e+00
-5.9389e-01  8.7478e-01  7.4953e-01  1.0677e+01  3.2161e+00 -8.9137e+00  1.4276e+01  1.0000e+00
 2.2297e-01  2.0809e+00  1.4521e+01  1.8464e+00  5.1587e+00  2.8660e+01  2.9179e+01  1.0000e+00
 7.8265e-02  2.4693e+00 -9.5501e-01  1.4772e+00  1.1712e+01 -9.3323e+00  1.5048e+01  1.0000e+00
-2.9627e-01  5.6477e-01  2.4810e-01 -4.8787e+00  6.1162e+00 -1.5166e+01  1.7065e+01  1.0000e+00
-2.0432e-01  1.3703e+00  2.9961e-01 -5.1752e+00 -1.2124e+01 -5.6353e+00  1.4337e+01  1.0000e+00
-2.0075e-01  7.2242e-01 -3.8060e-01  2.6443e+00 -3.5630e+00 -3.7088e+00  5.7830e+00  1.0000e+00
 4.3022e+00  8.8766e+00  4.8137e+00  9.4349e+00  1.9114e+01  9.9211e+00  2.3511e+01  1.0000e+00
-2.3967e-01  6.6868e-01  2.4150e-01  3.8034e+00  4.5534e+00  2.1784e+01  2.2578e+01  1.0000e+00
 1.6172e-01  2.5526e-01  3.8119e-01  1.4155e+01 -1.4834e+01  9.7764e+00  2.2716e+01  1.0000e+00
-4.9256e-01  6.4401e-01  4.7059e-01 -1.4811e+01 -6.3992e+00 -1.4762e-01  1.6135e+01  1.0000e+00
-2.6705e-01  2.3993e-01  1.9012e-02 -1.2014e+00 -5.2123e+00 -4.4161e+00  6.9364e+00  1.0000e+00
 2.1783e-01  4.3667e-01  1.0574e-01  1.0136e+01  6.0404e-01  7.7567e-01  1.0184e+01  1.0000e+00
-5.1518e-02  5.8610e-01  3.4185e-01  6.3856e-01  6.0882e+00 -1.1266e+01  1.2822e+01  1.0000e+00
 7.0635e+00 -5.2082e+00 -9.2459e-01  1.4063e+01 -1.0065e+01 -1.4035e+00  1.7351e+01  1.0000e+00
-7.6025e-03  7.5822e-01  4.1957e-01  7.1500e+00 -2.7931e+01 -2.7616e+00  2.8964e+01  1.0000e+00
 1.2798e+01 -2.3479e+01  1.4952e+01  2.5262e+01 -5.0407e+01  3.2479e+01  6.5069e+01  1.0000e+00
-5.1250e-02 -6.2653e-01  6.9531e-01 -2.1788e+00  1.1261e+01  1.0748e+01  1.5719e+01  1.0000e+00
 1.2887e+00 -6.4250e+00 -1.8317e+01  2.7576e+00 -1.4643e+01 -4.2066e+01  4.4627e+01  1.0000e+00
-4.8711e+00 -7.2554e+00 -1.2452e+01 -1.1784e+01 -1.6312e+01 -2.8179e+01  3.4626e+01  1.0000e+00
-9.2968e-01 -1.3285e+01  1.4402e+00 -1.8056e+00 -2.9795e+01  3.2051e+00  3.0021e+01  1.0000e+00
-1.8220e+01 -9.2695e+00 -4.7809e+00 -4.2572e+01 -2.1192e+01 -1.1032e+01  4.8818e+01  1.0000e+00
-1.0470e-01  5.3917e-01  5.8020e-02  1.3622e+01  1.8712e+00 -1.4181e+01  1.9752e+01  1.0000e+00
-1.4708e+01 -3.6321e+00 -2.7823e+00 -3.3641e+01 -8.2334e+00 -6.2213e+00  3.5188e+01  1.0000e+00
-3.2260e-01  7.6942e-01 -1.1190e+00  8.7148e-01  1.4305e+00 -4.9681e+00  5.2429e+00  1.0000e+00
-3.1888e-01  5.9881e-01  1.6883e-01 -2.5287e+01  3.2306e+00  1.3510e+01  2.8851e+01  1.0000e+00
-2.3694e+00 -4.3588e-02 -7.2169e+00 -5.1626e+00  7.1289e-01 -1.7325e+01  1.8092e+01  1.0000e+00
-1.0152e+00  4.8298e-01  6.9182e-01 -2.7623e+00 -6.4098e+00  1.4861e+01  1.6418e+01  1.0000e+00
-9.9159e-02  7.8736e-01  2.4940e-01 -1.1542e+01 -2.8514e+00 -5.5810e+00  1.3133e+01  1.0000e+00
