# limit = 15.1571
#
# x           y           z           vx          vy          vz          s           m
 8.0915e-03 -1.6997e+00 -2.8741e-01 -3.4731e+00  5.1916e+00  5.8386e+00  8.5501e+00  1.0000e+00
-1.8912e-01  4.1861e-01  2.7370e-01 -8.7014e+00  7.4092e+00  1.3305e+01  1.7539e+01  1.0000e+00
 1.5420e+01  5.9826e-01  3.0189e+00  3.4317e+01  1.9558e+00  6.7348e+00  3.5027e+01  1.0000e+00
-1.9265e-01  6.5403e-01 -3.4602e-01  1.4751e+00 -1.5404e+00 -1.0157e+01  1.0378e+01  1.0000e+00
-1.2984e+01  4.9390e+00  7.8476e+00 -2.9489e+01  1.0930e+01  1.7407e+01  3.5945e+01  1.0000e+00
 5.6091e+00 -1.8455e+00  1.6096e+01  1.3007e+01 -3.6605e+00  3.6397e+01  3.8824e+01  1.0000e+00
 9.3214e-01 -1.3126e+01 -9.1262e+00  1.5230e+00 -2.9565e+01 -2.0169e+01  3.5821e+01  1.0000e+00
 2.9101e-01 -1.9563e-01 -3.4173e-01  3.8191e+00 -2.1843e+00 -1.0472e+00  4.5225e+00  1.0000e+00
-2.0730e+01  1.5083e+01  4.6471e+01 -4.5547e+01  3.3390e+01  1.0464e+02  1.1890e+02  1.0000e+00
 2.2656e+01 -1.1970e+01  5.7829e-01  1.1455e+02 -6.2045e+01  3.0428e+00  1.3031e+02  1.0000e+00
 2.7532e+00  3.4967e+00  2.3207e+00  1.8338e+00  4.2519e+00  1.9856e+00  5.0383e+00  1.0000e+00
-1.3487e-01  9.3896e-01  4.5581e-01 -1.1134e+01 -2.9961e+00  6.0626e-01  1.1546e+01  1.0000e+00
-1.0493e+00  2.2957e+00 -2.1179e-01 -2.2220e+00  1.2406e+01  2.9486e+00  1.2944e+01  1.0000e+00
 4.3495e+00  9.6458e-01 -8.2569e-01  7.4802e+00  3.0379e+00 -1.2491e-01  8.0745e+00  1.0000e+00
 9.7608e-01 -3.2801e-01  7.0039e-01  7.3189e+00 -9.3135e+00  1.3750e+00  1.1925e+01  1.0000e+00
-5.6736e+00 -8.6851e-01 -4.4861e+00 -1.1021e+01 -2.5947e+00 -6.8285e+00  1.3222e+01  1.0000e+00
 9.3982e+00 -9.8097e+00 -1.1197e+01  2.1149e+01 -2.2181e+01 -2.5608e+01  3.9939e+01  1.0000e+00
-3.0447e-01  9.9382e-01  2.4760e-01  7.3557e+00 -1.7171e+01  1.6874e+01  2.5173e+01  1.0000e+00
-2.3910e-01  8.0198e-01  1.3783e-01 -1.0408e+01  1.1070e+01  1.0963e+01  1.8737e+01  1.0000e+00
 3.2570e+01  2.6637e+01 -1.1607e+01  7.3441e+01  5.8914e+01 -2.5213e+01  9.7468e+01  1.0000e+00
-6.9914e-02  4.8777e-01  4.7547e-01  3.7487e+00  1.8310e+01 -6.4472e-01  1.8700e+01  1.0000e+00
-8.1367e-02  7.3653e-01  2.9757e-01 -2.0670e+01 -1.5854e+01  7.7485e+00  2.7178e+01  1.0000e+00
-2.0451e+00 -2.0710e+00  3.9249e+00 -8.7676e+00 -1.2524e+01  1.7126e+01  2.2957e+01  1.0000e+00
-7.0009e+00  1.3183e+01 -1.3387e+01 -1.5977e+01  3.0610e+01 -3.0591e+01  4.6131e+01  1.0000e+00
-4.6144e-01  1.5072e+01 -6.6938e+00 -1.2262e+00  3.4004e+01 -1.4951e+01  3.7166e+01  1.0000e+00
-3.6814e+00  1.9574e+00 -6.1116e+00 -8.4863e+00  5.6100e+00 -1.0980e+01  1.4968e+01  1.0000e+00
 4.9269e+00 -1.1818e+01  2.3088e+00  1.0183e+01 -2.6566e+01  4.8389e+00  2.8860e+01  1.0000e+00
 3.0779e+01 -8.0123e+00 -2.9685e+01  7.5256e+01 -1.9839e+01 -7.2627e+01  1.0645e+02  1.0000e+00
 8.8916e-01 -1.8161e+01 -2.3961e+01  2.1782e+00 -4.2206e+01 -5.5655e+01  6.9882e+01  1.0000e+00
-2.4484e-01  9.0821e-01  2.5824e-01 -1.9031e+00 -4.6896e+00  1.2118e+01  1.3133e+01  1.0000e+00
-6.4196e-02  5.4092e-01  2.5644e-02 -1.0249e+01  9.9911e+00  1.8217e+00  1.4429e+01  1.0000e+00
 2.8808e-02  8.8402e-01  3.1132e-01 -4.2033e+00  4.0971e+00 -8.1549e+00  1.0048e+01  1.0000e+00
-1.8359e-01  6.0892e-01  1.4386e-01  5.2722e+00 -1.2000e+01  2.3520e+01  2.6926e+01  1.0000e+00
-5.0942e-04  7.6632e-01  4.6253e-01 -1.5326e+01  1.2926e+01  5.6162e+00  2.0821e+01  1.0000e+00
-1.6578e-02  8.3298e-01  1.3700e-01  1.8584e+01 -4.3557e+00 -1.2273e+01  2.2693e+01  1.0000e+00
-2.6662e-01  1.2674e+00  5.8788e-01  1.0184e+01  7.7758e+00 -8.4350e+00  1.5340e+01  1.0000e+00
-4.2273e-01  2.4676e+00 -9.8181e-01  3.3386e+00  4.9797e+00 -3.6074e+00  6.9969e+00  1.0000e+00
-1.2612e+01  2.4153e+01 -3.0565e+01 -2.8544e+01  5.4704e+01 -6.7961e+01  9.1793e+01  1.0000e+00
-2.2352e-01  9.3033e-01 -1.1398e-01  1.1862e+01  7.7840e+00 -1.5036e+01  2.0674e+01  1.0000e+00
 9.2772e+00 -2.1116e+00  7.7816e+00  1.9785e+01 -4.1524e+00  1.6771e+01  2.6267e+01  1.0000e+00
 5.3866e+00  4.9304e+00  5.1690e-01  9.1771e+00  8.8747e+00  2.1248e+00  1.2942e+01  1.0000e+00
 2.6158e+00  7.3532e-01 -2.4631e-01  5.6941e+00  1.3589e+00 -3.2071e+00  6.6750e+00  1.0000e+00
-2.9891e-01  8.3872e-01 -3.3180e-02  1.1747e+01  2.2469e+01  1.6896e+00  2.5411e+01  1.0000e+00
 1.8208e+00 -5.4168e+00  1.7482e+01  4.3149e+00 -1.2067e+01  3.9795e+01  4.1808e+01  1.0000e+00
 1.6858e+01  8.1711e+00  1.3266e+00  3.8922e+01  1.8694e+01  3.1533e+00  4.3293e+01  1.0000e+00
 1.0575e+00 -1.0998e+01  1.7596e+00  3.2502e+00 -2.4006e+01  4.2754e+00  2.4599e+01  1.0000e+00
-1.5409e-01  7.6663e-01  4.2304e-01  5.6687e+00 -5.5267e+00  1.3657e+01  1.5786e+01  1.0000e+00
 2.5097e+00 -1.9680e+00 -2.6602e-01  2.0271e+00  2.3633e+00  1.7721e+00  3.5826e+00  1.0000e+00
 7.8196e+00 -3.0257e+00  3.4538e+00  1.5081e+01 -5.9493e+00  7.1775e+00  1.7730e+01  1.0000e+00
-5.5453e-01  9.0921e-01 -2.6154e-01 -3.8299e-02  1.6741e+00  1.8422e+01  1.8498e+01  1.0000e+00
-1.9552e-01  7.7056e-01  2.5454e-01  1.9408e+01 -1.1129e+01 -2.6392e+01  3.4599e+01  1.0000e+00
-1.2096e-01  6.6034e-01  2.3492e-01  1.0519e+01 -1.4335e+01 -1.5792e+01  2.3781e+01  1.0000e+00
-2.5049e+00 -3.9525e+00  3.9248e+00 -3.7209e+00 -5.9407e+00  6.2568e+00  9.3960e+00  1.0000e+00
 5.0093e-02  8.0767e-01  1.7665e-01  2.1127e+01  1.5278e+01 -3.1623e+00  2.6264e+01  1.0000e+00
 4.4498e-03  7.7489e-01 -4.1586e-02 -1.1611e+01  5.8067e+00  4.2222e+00  1.3651e+01  1.0000e+00
-1.2057e-01  9.2970e-01 -9.8026e-02 -6.1507e+00  1.2043e+00 -1.0588e+01  1.2304e+01  1.0000e+00
-2.2493e-01  6.5275e-01  2.3108e-01  1.9512e+00  1.5022e+01  1.0427e+01  1.8390e+01  1.0000e+00
-2.4266e-01  6.4972e-01  6.3133e-01  5.0750e+00  4.7456e+00  8.2544e+00  1.0789e+01  1.0000e+00
-2.5743e-01  1.0302e+00 -2.7594e-01  7.7374e+00  1.0188e+01 -9.5489e+00  1.5964e+01  1.0000e+00
 4.2951e+00 -2.2757e+00  1.2596e+01  9.0965e+00 -5.4421e+00  2.8026e+01  2.9964e+01  1.0000e+00
-3.4465e-01  1.2812e+00  5.6398e-02  3.1772e-01  2.3060e+00  5.4045e+00  5.8845e+00  1.0000e+00
-1.9714e+00 -2.7763e+00  1.5478e+00 -8.1708e+00 -1.6408e+01  6.4509e+00  1.9432e+01  1.0000e+00
 7.5930e+00  7.0714e-01 -3.6777e+00  1.8754e+01  2.0178e+00 -8.9712e+00  2.0887e+01  1.0000e+00
-3.3347e-01  9.9664e-01  1.2242e-01  1.1144e+01 -4.8246e+00 -2.5668e+01  2.8396e+01  1.0000e+00
 1.2168e+00 -4.8515e-01  5.4909e-01 -8.5708e+00  3.5951e+00 -2.1144e+00  9.5318e+00  1.0000e+00
 8.6999e-02  9.8200e-01  1.4620e-02 -2.2116e+01  1.3809e+01 -3.3120e-01  2.6075e+01  1.0000e+00
-1.7933e-01  8.6276e-01  3.3803e-01  4.3825e+00  3.4050e+00 -7.7414e+00  9.5252e+00  1.0000e+00
-1.1091e-01  5.7559e-01  1.7681e-01  5.1524e+00 -5.7834e-01  1.0987e+01  1.2149e+01  1.0000e+00
-4.4062e-04  9.0757e-01  1.7774e-01 -5.6286e+00 -4.9024e+00 -1.9160e+01  2.0562e+01  1.0000e+00
-9.8709e-02  7.3440e-01  2.5293e-01 -7.5315e+00  1.7389e+01  7.7692e+00  2.0481e+01  1.0000e+00
 1.5082e+01  1.7323e+00  2.7673e+00  3.4109e+01  3.5058e+00  6.0833e+00  3.4824e+01  1.0000e+00
-1.8918e-01  7.2907e-01  3.3614e-01  1.6993e+01 -2.0046e+00 -9.1920e+00  1.9423e+01  1.0000e+00
-9.7638e-01  3.2060e-01  6.6407e-01 -2.5259e+00 -4.9887e+00  3.3593e+00  6.5232e+00  1.0000e+00
-1.1140e+00  3.2042e-01 -2.9166e-01  8.8875e+00  4.4791e+00  1.4364e+00  1.0055e+01  1.0000e+00
-5.1768e-01  1.0137e+00  4.9412e-02 -1.0117e+01  1.0662e+01 -4.7703e+00  1.5453e+01  1.0000e+00
-1.6750e-01  9.9509e-01  1.9183e-01  9.8683e+00 -1.6166e+01 -6.4567e+00  2.0010e+01  1.0000e+00
-4.3038e-01  8.3883e-01  5.5725e-02 -1.9383e+01 -9.7722e+00 -9.6871e+00  2.3771e+01  1.0000e+00
-1.1092e-01  6.3920e-01  2.6089e-01  8.4802e+00 -1.8842e+01  2.6974e+01  3.3978e+01  1.0000e+00
 1.8032e+01 -8.6967e+00 -2.0969e+00  4.1623e+01 -1.9575e+01 -4.7121e+00  4.6237e+01  1.0000e+00
-1.0681e+01 -6.5936e+00 -4.1682e+00 -2.3726e+01 -1.4081e+01 -8.8460e+00  2.8973e+01  1.0000e+00
-1.6972e-02  1.1220e+00  2.6382e-01  4.7223e+00 -3.1224e+00  5.7628e+00  8.0783e+00  1.0000e+00
 9.8845e+00  2.4423e+00  6.4628e+00  3.2485e+01  7.0159e+00  2.0793e+01  3.9203e+01  1.0000e+00
 2.3599e-01  4.3878e-01  1.9832e-01 -1.9041e+01  1.6697e+01  9.5173e+00  2.7055e+01  1.0000e+00
 4.0135e+00  3.3787e+00  5.0826e+00  6.3786e+00  6.6066e+00  8.6566e+00  1.2620e+01  1.0000e+00
-2.0197e-01  9.9620e-01  1.9536e-01 -1.3565e+01 -1.0748e+01  3.4410e-01  1.7310e+01  1.0000e+00
-4.1525e-01  1.3464e+00  2.0350e-02 -2.0325e-01 -7.2210e+00  2.3940e+00  7.6103e+00  1.0000e+00
-2.0964e-01  8.6631e-01  3.6445e-01 -2.6543e+01  1.4374e+01  2.1690e+01  3.7170e+01  1.0000e+00
 1.7139e+00 -1.1358e+00  1.9845e+00 -1.8454e+00  2.4208e+00 -1.1446e+00  3.2520e+00  1.0000e+00
 5.7602e+01  1.4779e+01 -5.6065e+01  2.2218e+02  5.5313e+01 -2.1506e+02  3.1413e+02  1.0000e+00
-6.4809e-01  5.8907e-01  2.4243e-01 -1.3000e+00 -1.3112e+01  8.5257e+00  1.5694e+01  1.0000e+00
 2.1487e+00 -9.2242e-01  1.7278e+00 -9.7068e-01  1.8223e+00 -2.1537e+00  2.9835e+00  1.0000e+00
 2.4406e-03  2.8919e-01  8.8292e-02 -1.7688e+00  1.4219e+01 -1.3744e+01  1.9854e+01  1.0000e+00
-1.5796e+00  1.2076e+00  7.7097e-01 -9.2981e+00  2.3812e+00  2.6480e+00  9.9568e+00  1.0000e+00
 1.7862e-02  1.1132e+00  5.3611e-01 -1.4842e+00  1.4016e+01  3.1587e+00  1.4444e+01  1.0000e+00
 2.9401e+00 -1.0691e+00 -3.2284e-01  9.2855e+00 -3.3991e+00 -1.0378e+00  9.9424e+00  1.0000e+00
-1.7017e-01  7.4493e-01  3.1380e-01 -1.6768e+01  1.7983e+01 -7.6049e+00  2.5737e+01  1.0000e+00
 2.0454e+00  4.9511e+00  8.0184e+00  1.7402e+01  3.4227e+01  6.1604e+01  7.2591e+01  1.0000e+00
-5.9053e+00 -8.6685e+00 -9.7218e+00 -1.3121e+01 -1.8989e+01 -2.1456e+01  3.1514e+01  1.0000e+00
 1.3367e+00 -2.7950e+00 -1.2040e+01  2.7681e+00 -5.5156e+00 -2.3654e+01  2.4445e+01  1.0000e+00
 8.7609e-01  3.9006e+00 -2.0329e+00  4.0565e+00  3.6823e+00 -7.5576e-01  5.5305e+00  1.0000e+00
-6.3040e-02  8.0415e-01  4.7789e-01 -5.1648e+00  1.2033e+00 -2.8697e+00  6.0298e+00  1.0000e+00
-1.9391e-01  6.6126e-01  1.7412e-01  9.5117e+00  2.5593e+00 -5.9881e+00  1.1527e+01  1.0000e+00
 1.2313e+00  1.1830e-01  6.4884e-02 -8.7455e+00  9.5751e+00  2.6151e+00  1.3229e+01  1.0000e+00
 3.1700e-01  3.5384e-01  7.6235e-02 -1.0692e+01 -1.4137e+00 -4.0267e-01  1.0792e+01  1.0000e+00
 1.4929e+01  5.6683e+00 -3.7538e-01  3.3522e+01  1.3294e+01 -9.1596e-01  3.6073e+01  1.0000e+00
-5.0009e-01  7.4213e-01  3.6319e-01 -4.8040e+00 -5.7213e+00  1.1277e+01  1.3527e+01  1.0000e+00
 1.1087e+01  6.2020e-01  1.2440e+01  2.4926e+01  1.5490e+00  2.7951e+01  3.7483e+01  1.0000e+00
-1.1046e+00  1.3971e+00  4.3059e-01 -2.2004e+00 -9.0613e-01 -2.9012e+00  3.7524e+00  1.0000e+00
-4.9845e-01  3.5087e-01  4.0680e-01 -1.5703e+01  1.6819e+01 -2.0458e-01  2.3011e+01  1.0000e+00
-1.8030e+01  3.7760e+00  4.1025e+00 -4.1305e+01  9.0304e+00  9.5102e+00  4.3337e+01  1.0000e+00
 6.2992e-02  1.0648e+00 -2.0232e-01 -1.2363e+01  6.0211e+00  1.2845e+01  1.8817e+01  1.0000e+00
 3.9144e+00 -6.3464e+00  1.1325e+01  7.4281e+00 -1.2444e+01  2.5751e+01  2.9549e+01  1.0000e+00
 4.2739e+00 -4.4061e+00  9.1691e+00  8.7755e+00 -9.3686e+00  1.9539e+01  2.3379e+01  1.0000e+00
 7.3614e+00 -9.0389e+00 -3.4664e+00  1.4098e+01 -1.9505e+01 -8.9926e+00  2.5692e+01  1.0000e+00
 3.1395e+00 -1.5455e+00  8.0509e-01  2.7615e-01  1.6238e+00  1.2833e+00  2.0881e+00  1.0000e+00
-1.7123e-01  6.3095e-01 -4.5981e-01  3.1157e+00 -1.6426e+00  5.9449e+00  6.9099e+00  1.0000e+00
-3.9161e-01  3.8786e-01  5.6601e-02 -1.3438e+00  9.5702e+00  1.6860e+01  1.9434e+01  1.0000e+00
-4.9463e-01  4.9951e-01 -2.6922e-02 -5.5358e+00 -9.5084e+00  6.2165e+00  1.2637e+01  1.0000e+00
-1.4055e-01  7.0896e-01  4.7001e-01 -1.7111e+01  4.1607e+00  1.8963e+01  2.5878e+01  1.0000e+00
 6.6019e-02  8.2274e-01  1.8221e-01  7.5780e+00 -5.2647e+00  6.7240e+00  1.1417e+01  1.0000e+00
-3.8884e-01  8.3649e-01  5.6239e-01 -1.5104e+01  1.6058e+00 -9.1534e+00  1.7734e+01  1.0000e+00
-6.0394e-01  1.1621e+00  4.1467e-01 -8.4452e+00  1.0150e-01  7.3973e-01  8.4782e+00  1.0000e+00
-2.3717e+01  9.8137e+00  8.9516e+00 -5.5007e+01  2.2940e+01  2.1216e+01  6.3262e+01  1.0000e+00
-2.1888e-01  9.9467e-01  1.8322e-01 -1.7948e+01 -4.4390e+00  7.3468e+00  1.9895e+01  1.0000e+00
-7.0104e-01  1.4122e+00 -3.8030e-01 -2.0224e+00  1.3715e+00  2.7194e-01  2.4587e+00  1.0000e+00
-5.4353e-03  6.8873e-01  4.8844e-01  8.3780e+00 -5.0717e+00  9.9554e+00  1.3965e+01  1.0000e+00
 8.8256e+00 -7.5757e+00 -3.0871e+00  1.9458e+01 -1.6291e+01 -6.1669e+00  2.6116e+01  1.0000e+00
-1.2779e-01  5.4011e-01  2.8705e-01 -1.0266e+01 -1.2278e+01  1.6915e+00  1.6093e+01  1.0000e+00
 5.9594e+00 -5.1777e+00  1.3012e+01  1.3034e+01 -1.1178e+01  2.9474e+01  3.4111e+01  1.0000e+00
 6.0582e+00  1.3659e+00  6.9663e+00  4.4048e+01  5.3730e+00  4.6515e+01  6.4286e+01  1.0000e+00
-2.1810e+00 -2.4700e+00 -1.0875e+01 -5.2183e+00 -4.9448e+00 -2.3477e+01  2.4553e+01  1.0000e+00
 1.7771e+00 -9.1155e-01  7.3986e-01 -1.9807e+00  4.1861e+00 -1.9978e+00  5.0436e+00  1.0000e+00
-4.7274e-01  7.2913e-01  3.5223e-01 -4.9852e+00  4.0543e+00  1.7896e+01  1.9015e+01  1.0000e+00
-3.6278e-01  7.2174e-01  3.7883e-01 -1.4525e+01 -1.5174e+01 -2.0725e+01  2.9509e+01  1.0000e+00
 1.4380e+00  9.0396e-01 -7.5446e-01  4.9674e+00  4.3000e+00 -3.0645e+00  7.2495e+00  1.0000e+00
-1.2083e-01  5.1830e-01 -1.0617e-01  2.4446e+00 -1.5110e+01  1.6459e+01  2.2476e+01  1.0000e+00
-2.2879e-01  8.5985e-01  2.1155e-01  3.2565e+01 -4.7303e-01 -1.2287e+01  3.4809e+01  1.0000e+00
-6.4681e-01  1.0002e+00  1.3823e-01  5.7510e+00  1.2625e+01 -5.6496e+00  1.4980e+01  1.0000e+00
 2.6575e+00 -1.3104e+00  1.2856e+00 -1.8608e+00  3.4118e+00  1.1424e+00  4.0507e+00  1.0000e+00
-1.8376e+00 -5.0846e+00  1.1756e+01 -4.0352e+00 -1.1625e+01  2.5999e+01  2.8764e+01  1.0000e+00
-3.9580e-01  9.4161e-02  4.3026e-01 -7.4002e+00  1.9235e+00 -3.5400e+00  8.4258e+00  1.0000e+00
-1.8869e-01  6.9804e-01  4.6487e-01  1.8420e+00 -4.8641e+00  2.1368e+01  2.1992e+01  1.0000e+00
-1.6285e+01  3.1173e+00 -4.6713e+00 -3.5661e+01  8.5533e+00 -9.4457e+00  3.7869e+01  1.0000e+00
-4.0876e-01  9.3220e-01  2.7278e-01  8.6273e+00  7.0953e+00  1.2995e+01  1.7136e+01  1.0000e+00
-1.3515e-01  8.9625e-01  6.5759e-02 -1.5198e+01  1.4111e+01  4.8977e+00  2.1309e+01  1.0000e+00
-3.6644e-01  6.4774e-01  9.1163e-02 -1.6358e+01  9.4218e+00  7.1831e+00  2.0198e+01  1.0000e+00
-6.2374e+00 -2.1254e+01 -2.4010e+01 -1.4945e+01 -4.4751e+01 -5.2257e+01  7.0404e+01  1.0000e+00
 1.5582e+01 -1.3769e+01  3.8970e+00  3.5568e+01 -3.1290e+01  8.7688e+00  4.8178e+01  1.0000e+00
-1.1204e-01  6.3435e-01 -1.6874e-01  1.3787e+01 -7.5680e+00 -1.7220e+01  2.3322e+01  1.0000e+00
 1.8421e-01  5.1898e-01 -1.3931e-01 -1.1972e+01  1.0346e+01  2.0844e+01  2.6169e+01  1.0000e+00
-3.6615e-01  9.9707e-01 -1.9869e-01  1.1856e+01  4.4525e+00  8.4419e-01  1.2692e+01  1.0000e+00
 7.7794e-01  4.5983e-03 -1.1461e+00 -2.6140e+00  7.4275e+00  8.2457e+00  1.1401e+01  1.0000e+00
-6.0354e-01  9.4786e-01 -5.8926e-01  1.8301e+00 -1.0986e+00  3.7581e+00  4.3220e+00  1.0000e+00
-1.6528e-01  6.0046e-01  4.1652e-01 -1.5989e+01 -7.6437e-01  3.8061e+00  1.6453e+01  1.0000e+00
-8.5429e+00  1.3270e+01 -7.1418e+00 -1.9305e+01  3.0542e+01 -1.5957e+01  3.9499e+01  1.0000e+00
-8.7996e-01  7.8929e-01  1.4098e-01 -2.0784e+01  3.3900e+00  1.6390e+01  2.6685e+01  1.0000e+00
 8.7870e-01  8.4393e-01 -3.8389e-01 -3.8216e+00  6.0115e-01 -3.2423e+00  5.0476e+00  1.0000e+00
-4.0665e-01  7.4044e-01  3.7008e-01  8.9131e+00  1.8330e+01 -1.3045e+01  2.4199e+01  1.0000e+00
-1.7375e-01  3.9141e-01  4.7809e-01 -8.5536e+00  1.9395e+01  4.8324e-01  2.1203e+01  1.0000e+00
-6.5956e-01  3.7102e-01 -9.1172e-02  5.3202e-01 -7.4151e+00  3.5743e+00  8.2488e+00  1.0000e+00
-3.8669e-01  1.2440e+00 -1.8315e-01 -5.5932e+00 -1.5727e+00  3.1728e+00  6.6200e+00  1.0000e+00
-4.6036e-01  1.0235e+00 -5.3449e-02  6.6196e-01 -3.8303e+00 -1.1446e+01  1.2088e+01  1.0000e+00
 2.1610e-01  9.5028e-01 -2.1477e-01  9.2375e-01 -3.7546e+00  3.7289e+00  5.3717e+00  1.0000e+00
-2.7320e-01  1.2705e+00  6.6834e-02 -1.3111e+00  7.9516e-01 -7.9845e+00  8.1304e+00  1.0000e+00
-8.1138e-02  1.1272e+00 -1.5717e-01  4.1032e+00  9.9197e+00 -3.8505e+00  1.1405e+01  1.0000e+00
 3.9029e+00 -6.4967e+00  1.1213e+01  9.2020e+00 -1.4755e+01  2.4062e+01  2.9688e+01  1.0000e+00
-1.4547e-01  5.5949e-01  2.3674e-01 -3.6203e+00  1.5161e+01  3.0336e+00  1.5879e+01  1.0000e+00
 3.0353e+01 -2.0801e+01 -4.2584e+01  6.9252e+01 -4.7253e+01 -9.5417e+01  1.2702e+02  1.0000e+00
-1.1633e-01  1.1212e+00 -2.8301e-01 -4.0490e-01  3.0023e+00 -5.5175e+00  6.2945e+00  1.0000e+00
-1.5690e+00  2.9468e+00  2.3399e+00 -5.1145e-01  3.0899e+00 -1.2460e+00  3.3707e+00  1.0000e+00
 7.9741e+00 -2.4642e+00 -1.8800e+00  1.7282e+01 -3.9563e+00 -2.9547e+00  1.7974e+01  1.0000e+00
-3.3481e-01  6.8589e-01  4.1230e-01  4.7771e+00 -5.0713e+00 -8.3751e+00  1.0894e+01  1.0000e+00
-2.1448e-01 -1.1889e+00  1.6593e+00  2.8874e+00 -9.9546e-01  1.0029e-01  3.0558e+00  1.0000e+00
-3.1614e-01  5.3588e-01  2.9233e-01  2.3812e-01  2.0489e+01 -3.5801e+00  2.0801e+01  1.0000e+00
-2.4477e-01  1.0181e+00  1.9089e-01  5.3618e+00 -1.4123e+01 -6.7915e+00  1.6563e+01  1.0000e+00
-2.9987e-01  1.2529e+00  3.1894e-01 -4.0472e+00  1.4065e+00 -2.3076e+00  4.8665e+00  1.0000e+00
-5.1447e-01  9.4801e-01  4.0380e-01 -1.0481e+01  9.5772e+00  1.8877e+01  2.3620e+01  1.0000e+00
-8.8278e-02  8.7814e-01  2.0518e-01  2.7778e+01  1.8575e+01  9.1966e+00  3.4659e+01  1.0000e+00
-3.2135e-01  1.5827e+00  1.1774e+00  6.8790e+00 -3.6347e+00 -6.5822e+00  1.0191e+01  1.0000e+00
 7.5071e-01 -6.1056e+00  1.0828e+01  1.6859e+00 -1.3288e+01  2.3410e+01  2.6972e+01  1.0000e+00
-1.6616e+01  1.2967e+01 -1.0543e+01 -5.8270e+01  4.4437e+01 -3.7367e+01  8.2258e+01  1.0000e+00
 2.9009e-01  6.9161e-01  5.8817e-01 -6.4134e+00  9.7995e+00 -1.5062e+01  1.9079e+01  1.0000e+00
-7.4331e-01  1.5649e+00  1.6686e-01 -8.0090e+00  1.6501e+01  2.4932e+00  1.8511e+01  1.0000e+00
 2.2365e-01  1.1147e+00  6.3994e-01  4.6574e+00  4.6002e+00 -7.1031e+00  9.6596e+00  1.0000e+00
 9.5260e-02  1.6590e+00 -6.4993e-01 -4.6984e+00 -4.6300e+00  3.9658e+00  7.6967e+00  1.0000e+00
-1.4086e+00  1.4045e+00  1.6547e-01 -3.0783e+00  1.7275e+00 -1.8222e-02  3.5299e+00  1.0000e+00
 6.9064e-01  9.7879e-01  5.9260e-01  1.3632e+00  4.6836e+00  6.9577e+00  8.4973e+00  1.0000e+00
-1.0364e+01  8.7237e+00 -2.9036e+00 -2.2578e+01  1.9092e+01 -6.2665e+00  3.0225e+01  1.0000e+00
 6.1409e+00 -4.7938e+00 -1.8790e+01  1.4160e+01 -1.1188e+01 -4.3361e+01  4.6966e+01  1.0000e+00
-1.0310e-01  1.0355e+00  3.9372e-01 -1.2043e+01 -1.8575e+00 -1.4816e+01  1.9183e+01  1.0000e+00
-5.0868e-01 -1.2222e+01 -8.7720e+00 -1.4509e+00 -2.7144e+01 -1.9503e+01  3.3455e+01  1.0000e+00
-4.5077e+00  4.2425e+00 -1.7805e+01 -1.0595e+01  1.0029e+01 -4.0734e+01  4.3268e+01  1.0000e+00
 2.1961e+00 -1.0806e+01  8.7954e-02  4.6319e+00 -2.3559e+01  3.0562e-01  2.4012e+01  1.0000e+00
-1.1780e+00  3.4175e-01  3.7091e-01 -1.6494e+01 -1.3508e+00  2.5042e+00  1.6738e+01  1.0000e+00
-2.0886e+00 -2.6598e+00 -1.1781e+01 -4.6273e+00 -6.2564e+00 -2.4999e+01  2.6182e+01  1.0000e+00
 1.1206e+00  2.9704e+00  2.6532e+00  3.8496e+00  7.2005e+00  7.1660e+00  1.0864e+01  1.0000e+00
-3.3941e-02  7.9792e-01  3.2566e-01  4.6187e+00 -2.3338e-01 -1.8287e+01  1.8863e+01  1.0000e+00
 6.3299e+00  4.0869e+00  8.8701e+00  1.8409e+01  1.0080e+01  2.5012e+01  3.2651e+01  1.0000e+00
-3.8501e-01  9.1380e-01  1.6595e-01 -7.9918e+00  4.2451e+00 -1.8964e+01  2.1013e+01  1.0000e+00
 7.3430e+00 -9.0336e+00 -3.5887e+00  1.8001e+01 -1.9038e+01 -6.0654e+00  2.6894e+01  1.0000e+00
-2.6919e-01  9.1993e-01  2.6421e-01  1.1546e+01 -1.8977e+01 -8.4070e+00  2.3751e+01  1.0000e+00
 5.6915e-02  3.6883e-01  6.2816e-01 -4.8891e+00 -6.7695e+00 -4.4073e+00  9.4421e+00  1.0000e+00
-1.2504e+01 -5.6422e+00 -3.9512e+00 -2.7726e+01 -1.2397e+01 -8.5287e+00  3.1546e+01  1.0000e+00
 6.5242e+00  3.4169e+00  6.2750e+00  1.3005e+01  7.7863e+00  1.3887e+01  2.0558e+01  1.0000e+00
-2.4131e-01  8.6513e-01  1.0290e-01 -1.7139e+01 -1.6171e+01 -6.9052e+00  2.4554e+01  1.0000e+00
 4.9493e+00 -1.6256e+01 -1.2816e+00  1.1531e+01 -3.7052e+01 -2.9407e+00  3.8916e+01  1.0000e+00
 8.2775e-01  5.1095e-01  9.2850e-01  8.6330e+01 -2.7567e+01  6.6105e+01  1.1217e+02  1.0000e+00
-2.3272e+01 -2.2038e+00  3.4371e+01 -5.6996e+01 -5.5855e+00  8.4071e+01  1.0172e+02  1.0000e+00
 9.4331e+00 -1.6373e+01 -1.3281e+01  2.2083e+01 -3.7830e+01 -3.0816e+01  5.3557e+01  1.0000e+00
 8.6743e-02  7.1780e-01  9.7187e-02  2.0389e+01 -5.4689e+00 -1.3969e+01  2.5312e+01  1.0000e+00
-1.2368e+00  2.6074e+00  7.2801e-01 -3.9607e+00  1.5032e+01  3.4267e+00  1.5918e+01  1.0000e+00
-2.4880e-01  1.1955e+00  7.1871e-02  2.4674e+00  1.7385e+01  1.6177e+01  2.3875e+01  1.0000e+00
-5.5892e+00 -1.3405e+00 -4.1828e+00 -1.0464e+01 -1.3789e+00 -7.6848e+00  1.3056e+01  1.0000e+00
 1.2315e+00  1.2928e+00  2.0805e-02 -4.9589e+00 -3.7518e-02 -3.1369e-01  4.9689e+00  1.0000e+00
-5.5546e-01  1.0131e+00  6.0442e-01  2.2287e+00  1.2038e+01 -1.0820e+00  1.2291e+01  1.0000e+00
-1.3559e-01 -1.2322e+01 -8.7212e+00  3.5677e-01 -2.7015e+01 -1.9212e+01  3.3152e+01  1.0000e+00
-4.4041e-01  1.1372e+00 -6.2099e-02  5.2287e-01 -2.5568e+00 -2.9628e+00  3.9483e+00  1.0000e+00
-1.5965e-01  8.8331e-01  3.6413e-01 -6.0891e+00  2.2835e+01  4.5762e+00  2.4072e+01  1.0000e+00
-2.3046e-01  1.0114e+00  1.5445e-01  7.8737e+00 -9.1480e+00  7.9562e+00  1.4456e+01  1.0000e+00
-5.6253e-01  7.0864e-01  5.3238e-01 -1.7249e+01 -5.6899e-02  8.6397e+00  1.9292e+01  1.0000e+00
-3.4768e-01  8.9943e-01  2.6244e-01 -6.0612e+00 -5.1272e-01  1.4361e+01  1.5596e+01  1.0000e+00
-2.3781e+01 -2.8254e+01  1.3134e+01 -5.1400e+01 -6.2633e+01  2.9563e+01  8.6249e+01  1.0000e+00
 7.5176e-02  7.6110e-01  2.8089e-01  4.3181e+00  7.9084e+00  1.3613e+01  1.6325e+01  1.0000e+00
-2.0452e+00  3.5207e+00 -1.6103e+00 -5.2828e+00  9.7765e+00 -3.5151e+00  1.1655e+01  1.0000e+00
-4.5414e-01  9.5477e-01  2.1412e-01 -8.3020e+00 -8.6537e+00  7.7374e+00  1.4272e+01  1.0000e+00
-1.7076e-01  7.0030e-01  2.8171e-01 -2.6530e+01 -6.5106e+00  7.0750e+00  2.8219e+01  1.0000e+00
-4.2954e-01  8.9033e-01  2.7521e-01 -8.8803e+00  1.1076e+01 -2.7781e+01  3.1198e+01  1.0000e+00
-4.9819e-01  1.1289e+00  4.8754e-01  1.8144e+01  2.8877e+00 -2.3355e+00  1.8520e+01  1.0000e+00
-2.3896e-01  1.1216e+00  2.6431e-01 -8.1215e+00 -5.1214e+00  1.6193e+01  1.8826e+01  1.0000e+00
-7.7107e-02 -1.0812e+01  5.2069e+00 -2.0652e-01 -2.3714e+01  1.1115e+01  2.6190e+01  1.0000e+00
-1.3815e+01 -8.3158e+00 -4.9659e+00 -3.1897e+01 -1.8731e+01 -1.1214e+01  3.8653e+01  1.0000e+00
-1.5935e+00 -1.2255e-01 -3.8914e-01  9.3797e-01  1.1186e+01  3.0594e+00  1.1635e+01  1.0000e+00
-4.4723e-01  9.4941e-01  5.8335e-01 -3.4082e-01 -6.0352e+00 -4.7651e+00  7.6971e+00  1.0000e+00
 1.7798e+01 -6.3914e+00 -1.0762e+00  4.0853e+01 -1.4545e+01 -2.2816e+00  4.3425e+01  1.0000e+00
-4.5932e-02  4.6675e-01  8.1408e-01  1.6348e+01 -6.0135e+00 -4.3151e+00  1.7945e+01  1.0000e+00
 1.7845e+02 -2.2102e+02  1.4507e+02  3.8386e+02 -4.7418e+02  3.0947e+02  6.8408e+02  1.0000e+00
 1.0936e-01  6.6408e-01  1.1958e-01 -1.5922e+01 -8.3148e+00  1.1487e+01  2.1322e+01  1.0000e+00
 2.2628e-02  7.3075e-01  3.9805e-01  2.4845e+01 -1.2994e+01 -1.4146e+01  3.1404e+01  1.0000e+00
-9.0132e-02  5.8264e-01  2.2624e-01  1.1265e+01 -1.2449e+01  1.0543e+01  1.9825e+01  1.0000e+00
 9.9725e+00  8.0847e+00  7.2108e-01  2.1655e+01  1.7333e+01  1.8917e+00  2.7802e+01  1.0000e+00
-7.7217e+00 -2.0595e+00  4.0316e+00 -1.9391e+01 -4.6090e+00  1.0937e+01  2.2735e+01  1.0000e+00
 2.4653e+00 -1.3500e+01  7.3442e-01  5.3022e+00 -2.9719e+01  1.2367e+00  3.0214e+01  1.0000e+00
-2.5533e-01  7.2600e-01  1.2563e-01 -2.1949e+01  1.7132e+01 -1.6529e+01  3.2380e+01  1.0000e+00
 6.7606e-01  6.3107e+00 -9.7169e+00  1.2991e+00  1.3428e+01 -2.1064e+01  2.5014e+01  1.0000e+00
-2.4734e+01  8.3188e+00  9.0528e+00 -6.8615e+01  2.3119e+01  2.5008e+01  7.6602e+01  1.0000e+00
 1.6701e-01  7.2108e-01  1.5843e-01  9.8727e-01  2.7395e-01  2.6420e+00  2.8337e+00  1.0000e+00
 5.7382e-01  4.0278e-01 -3.8336e-01  5.9999e+00  6.6854e+00 -1.5698e+00  9.1191e+00  1.0000e+00
 1.4539e-02  3.9062e-01  3.5000e-01 -9.0663e+00  4.0886e+00 -8.9672e+00  1.3391e+01  1.0000e+00
 1.7833e+00  1.5521e-01 -6.1219e-01  2.6484e+00 -1.0532e+00  2.3835e-01  2.8601e+00  1.0000e+00
 1.3446e+00 -1.3744e+01  1.0914e+01  2.9687e+00 -3.1318e+01  2.4905e+01  4.0123e+01  1.0000e+00
 6.6313e+00 -1.2327e+01  5.0116e+00  2.3563e+01 -4.4243e+01  1.7262e+01  5.3015e+01  1.0000e+00
-4.0507e-01  8.3317e+00  1.2235e+00 -3.3023e+00  1.6323e+01  3.1117e+00  1.6942e+01  1.0000e+00
-2.6785e-01  2.3844e-01  1.2499e-01 -4.7889e+00 -9.8618e+00 -9.7253e+00  1.4655e+01  1.0000e+00
 1.8847e+00 -7.6843e-01  6.0600e-01 -5.8075e+00  3.3981e+00  5.1900e-01  6.7486e+00  1.0000e+00
-4.4000e-01  8.6701e-01  1.3691e-01  7.7773e+00  1.0496e+01 -1.0622e+00  1.3106e+01  1.0000e+00
 7.2822e+00 -2.5214e+00  4.0021e+00  1.5001e+01 -3.8659e+00  7.6881e+00  1.7294e+01  1.0000e+00
-1.0115e-01  7.2609e-01  3.3649e-01  3.0801e+01  2.5521e+00 -7.7893e+00  3.1873e+01  1.0000e+00
-3.7447e-03  6.4235e-01 -2.1899e-02  1.8245e+00 -4.8538e+00 -1.1482e+01  1.2598e+01  1.0000e+00
-3.1760e-02  3.8505e-01  2.7371e-01  6.1800e+00  5.8593e+00 -4.9155e+00  9.8329e+00  1.0000e+00
-2.9705e+00 -2.5494e+00 -1.4888e+01 -6.4261e+00 -5.4541e+00 -3.3303e+01  3.4353e+01  1.0000e+00
-1.3622e+00 -6.5099e-01  3.5788e+00 -1.0571e+00 -3.3353e-02  5.0812e+00  5.1901e+00  1.0000e+00
 1.8061e+01 -4.3033e-01 -3.9640e+00  4.1402e+01 -7.4236e-01 -8.6215e+00  4.2297e+01  1.0000e+00
 3.3129e-02  7.3036e-01  5.5506e-01  8.6818e+00  1.5924e+01  1.3435e+01  2.2571e+01  1.0000e+00
 6.2851e+00 -9.5973e-01  1.6483e+01  1.4538e+01 -2.7522e+00  3.7996e+01  4.0775e+01  1.0000e+00
-7.9848e-03  7.5304e-01  6.7604e-01 -3.2246e+00  1.7788e+00 -2.4194e+01  2.4473e+01  1.0000e+00
 8.7306e-01  1.3090e+00  6.1154e-01  2.6096e+00 -3.9976e+00  1.1485e+01  1.2438e+01  1.0000e+00
-7.2358e+00  1.2259e+00  1.1704e+01 -1.5644e+01  2.6875e+00  2.5922e+01  3.0396e+01  1.0000e+00
-1.0346e+00  6.4639e+00 -1.6412e-01 -4.1232e+00  8.8186e+00 -9.6074e-01  9.7822e+00  1.0000e+00
 1.0914e-02  1.1018e+00  2.4634e-01 -1.5190e+00  1.0377e+01 -1.1401e+00  1.0549e+01  1.0000e+00
 8.2241e-01  2.8615e+01  1.8745e+01  2.8211e-01  6.3507e+01  4.0501e+01  7.5323e+01  1.0000e+00
-4.5152e+00  4.0090e+00 -1.7007e+00 -7.1287e+00  6.2089e+00 -1.1295e+00  9.5208e+00  1.0000e+00
 1.1632e+00  8.0185e-01  1.5728e-01  4.1970e+00  6.3141e+00 -4.1470e+00  8.6418e+00  1.0000e+00
-8.4492e-01  8.9523e-01  8.8419e-01 -6.5147e+00  7.5183e-01 -8.2451e-02  6.5585e+00  1.0000e+00
 3.6609e-02  1.4720e-01  2.5879e-01  1.7575e+00 -4.7453e+00  7.5350e+00  9.0766e+00  1.0000e+00
-1.6985e-01  7.7190e-01  1.4333e-01 -1.0038e+00  3.0928e+01  6.2411e-01  3.0950e+01  1.0000e+00
-8.1545e-02  8.5159e-01  1.0480e-01 -1.2144e+01 -2.4022e+01 -9.2943e+00  2.8477e+01  1.0000e+00
-2.8562e+00  2.1561e-02  3.9247e+00 -1.9703e+00  1.1308e+00  4.1032e+00  4.6901e+00  1.0000e+00
-3.0243e-01  7.8714e-01  3.0989e-01 -1.0557e+01  1.2891e+01  7.0135e+00  1.8078e+01  1.0000e+00
-9.0776e+00  7.6184e+00  2.7176e+00 -2.7257e+01  2.2757e+01  7.2803e+00  3.6247e+01  1.0000e+00
-8.4572e-01  7.8308e-01  3.1064e-01 -6.6242e+00 -1.2320e+01  2.2789e+00  1.4172e+01  1.0000e+00
-2.7544e-01  1.1971e+00  1.7017e-01  1.8568e+00 -1.1768e+00  1.1500e+01  1.1709e+01  1.0000e+00
-4.2839e-01  6.2235e-01  2.1029e-01  4.4477e+00  5.9035e+00 -2.8538e+00  7.9232e+00  1.0000e+00
-1.5515e-03  6.1843e-01 -5.1080e-02  7.3150e+00  1.5922e+01 -6.9921e+00  1.8866e+01  1.0000e+00
 6.0079e+00 -1.0218e+01 -5.0720e+00  1.3258e+01 -2.1788e+01 -1.1162e+01  2.7840e+01  1.0000e+00
 2.8267e-01  3.9232e-01  1.1280e-02  1.0630e+01 -1.7033e+01 -2.3221e+00  2.0212e+01  1.0000e+00
 7.7732e+00  2.0982e+00 -1.7685e+01  1.7851e+01  5.2611e+00 -3.8188e+01  4.2481e+01  1.0000e+00
-1.3046e+00  7.1028e+00 -4.6239e+00 -2.5983e+00  1.3952e+01 -7.8447e+00  1.6216e+01  1.0000e+00
-1.5535e+01 -5.5112e+00  3.6998e+00 -3.5671e+01 -1.2189e+01  8.4460e+00  3.8630e+01  1.0000e+00
 1.9394e+01 -1.8768e+00 -7.9755e+00  4.5173e+01 -4.3015e+00 -1.8337e+01  4.8942e+01  1.0000e+00
 7.4987e+00 -4.1382e+01  2.5643e+01  1.7616e+01 -9.7711e+01  6.0741e+01  1.1639e+02  1.0000e+00
-2.3927e-01  1.0538e+00  3.8929e-01 -8.6715e+00  1.0066e+01 -7.9842e+00  1.5501e+01  1.0000e+00
-3.4997e-01  9.0659e-01  7.2285e-01  1.2669e+00  1.1976e+00  1.2938e+01  1.3055e+01  1.0000e+00
-8.3769e-02  8.2968e-01  9.2054e-02 -2.9226e+00 -1.2889e+01 -1.0915e+01  1.7141e+01  1.0000e+00
-6.4406e-01  6.1007e-01  3.6368e-01  1.8307e+01  4.9845e+00 -1.0038e+01  2.1465e+01  1.0000e+00
-9.5840e+00 -4.8578e+00 -4.9042e+00 -2.1112e+01 -9.6845e+00 -1.0815e+01  2.5622e+01  1.0000e+00
-3.2762e-01  5.1250e-01  3.5927e-01  2.1655e+01  1.6171e+01  9.2236e+00  2.8558e+01  1.0000e+00
 3.1456e-02  1.0625e+00 -1.0097e+00  6.7874e+00  6.8592e+00  2.8503e+00  1.0062e+01  1.0000e+00
-2.4179e-01  1.0362e+00  5.9175e-01 -2.2199e+00  8.0563e+00 -8.7281e+00  1.2084e+01  1.0000e+00
-3.2837e-02  6.8362e-01  3.1846e-01 -7.9381e+00 -1.2402e+00  7.3127e+00  1.0864e+01  1.0000e+00
 2.5488e+00 -2.6092e+00 -3.0756e+00  3.2105e+00 -1.9612e+00 -2.9610e+00  4.7876e+00  1.0000e+00
-2.4102e-01  7.2027e-01  2.4917e-01  7.6915e+00 -2.1490e+01  2.3653e-01  2.2826e+01  1.0000e+00
-2.9006e-01  1.3571e+00  2.7941e-01 -8.8642e-02  8.3537e+00 -6.2849e+00  1.0454e+01  1.0000e+00
 6.5243e+00 -7.7994e+00 -9.6573e+00  1.4295e+01 -1.7698e+01 -2.0915e+01  3.0902e+01  1.0000e+00
 3.4025e-01  9.7368e-01 -5.7946e-01  2.8581e+01  1.1236e+01 -1.6264e+01  3.4751e+01  1.0000e+00
-2.2528e-01  5.9207e-01  5.0559e-01 -8.7188e+00  1.1383e+01 -9.4086e+00  1.7150e+01  1.0000e+00
-8.7277e-02  6.4996e-01  1.0517e-01  1.3481e+01 -2.4699e+01 -6.3128e+00  2.8838e+01  1.0000e+00
-2.3449e-01  5.4507e-01 -9.8167e-02  1.1899e+01  1.6570e+01 -1.8524e+01  2.7555e+01  1.0000e+00
 5.2112e+00 -2.2397e+00 -3.4324e+00  3.1333e+01 -1.6134e+01 -2.0579e+01  4.0811e+01  1.0000e+00
-2.0881e-01  8.6912e-01  2.9111e-02  8.6459e+00  3.2592e+00  1.3617e+00  9.3396e+00  1.0000e+00
-1.5518e+00  1.3699e+00 -1.1082e-01 -4.6120e+00  3.4126e+00 -2.0171e+00  6.0815e+00  1.0000e+00
-1.9460e+01  4.7054e+00  9.5604e+00 -6.0261e+01  1.4459e+01  2.9751e+01  6.8743e+01  1.0000e+00
-1.1811e-01  4.3239e-01  3.9886e-01  9.5224e+00  2.3643e+00 -2.7112e+00  1.0179e+01  1.0000e+00
 8.8535e+00  6.2064e+00 -8.0982e-01  1.8123e+01  1.3588e+01 -1.0324e+00  2.2675e+01  1.0000e+00
-9.5753e-02  3.2967e-01  2.6232e-01  2.3050e+00 -9.4886e-01 -4.3446e+00  5.0089e+00  1.0000e+00
-3.7312e-01  9.3174e-01 -7.8257e-02 -1.0893e+00  1.9595e+01 -9.5309e+00  2.1817e+01  1.0000e+00
-2.2697e-01  1.0844e+00  1.0262e-01  3.0650e+00  5.7400e+00 -4.7862e+00  8.0777e+00  1.0000e+00
 1.6300e+00  8.3260e+00 -2.1633e-01  4.0863e+00  1.5575e+01 -1.4503e+00  1.6167e+01  1.0000e+00
-1.7773e+02  2.2045e+02 -1.4720e+02 -3.7964e+02  4.7214e+02 -3.1702e+02  6.8377e+02  1.0000e+00
-2.0640e-01  1.6275e+00  6.3730e-01 -1.0376e+01 -6.1663e+00 -3.8924e+00  1.2682e+01  1.0000e+00
-1.4196e-01  8.1986e-01  1.6734e-01 -1.5668e+01  1.7503e+01  1.1238e+01  2.6041e+01  1.0000e+00
-1.7242e-02  1.1082e-01  2.4276e-01 -7.2454e+00  1.9228e+01 -7.8966e-01  2.0563e+01  1.0000e+00
-1.2585e-01  8.4873e-01  4.6254e-01 -1.1669e+01  2.0601e+01  1.1638e+01  2.6382e+01  1.0000e+00
-1.2424e-01  1.2018e+00  4.8467e-01  8.8793e+00 -1.9441e+00 -1.3480e+01  1.6258e+01  1.0000e+00
 6.1513e+00 -9.1178e+00 -8.7735e+00  1.4546e+01 -1.9104e+01 -1.9276e+01  3.0791e+01  1.0000e+00
 2.5720e+00 -5.0435e-01  2.0300e-01  1.7401e+00  5.8063e-01  1.6555e+00  2.4710e+00  1.0000e+00
-1.9495e+00  1.0660e-01  2.2159e+00  7.6414e-01  1.3304e+00  3.1376e+00  3.4926e+00  1.0000e+00
-3.1237e-01  1.0551e+00  3.5381e-01  4.2390e+00  8.6234e-01 -6.1106e+00  7.4868e+00  1.0000e+00
-1.3485e+01  7.6381e-01  1.1507e+01 -3.0740e+01  2.2774e+00  2.6587e+01  4.0706e+01  1.0000e+00
 2.1805e-01  7.9612e-01  6.1722e-02  4.9224e+00  5.6753e+00  1.4202e+01  1.6067e+01  1.0000e+00
-4.2340e-01  8.5097e-01  4.4821e-02 -1.5138e+01  5.0435e+00  8.2613e+00  1.7968e+01  1.0000e+00
-9.1152e+00  8.2562e+00 -1.4688e+01 -2.0836e+01  1.9239e+01 -3.3656e+01  4.4011e+01  1.0000e+00
 1.5404e+01 -1.0539e+01  4.2431e+00  3.5273e+01 -2.3907e+01  9.8387e+00  4.3732e+01  1.0000e+00
 8.3220e+00 -5.1061e+00  9.2545e+00  1.7956e+01 -1.1054e+01  2.0588e+01  2.9470e+01  1.0000e+00
 3.7192e-01  8.3599e-01  1.4008e+00 -3.9742e+00  1.9855e+00  7.5444e+00  8.7553e+00  1.0000e+00
-1.4268e-01  8.9526e-01  7.8535e-02  1.3767e+01  4.6618e+00 -4.8715e+00  1.5329e+01  1.0000e+00
-4.0976e-01  1.1743e+00  3.0636e-01  8.6266e+00  7.9814e+00 -7.0920e+00  1.3727e+01  1.0000e+00
-6.6419e+00  1.0886e+00  2.2416e+00 -1.1713e+01  1.0372e+00  3.3001e+00  1.2213e+01  1.0000e+00
-1.0103e-01  6.4948e-01  1.7465e-01  3.6650e+00  2.7176e+00 -1.2437e+01  1.3247e+01  1.0000e+00
-1.1947e-01  7.0742e-01  1.9606e-01  1.0087e+01 -7.5744e+00  3.1884e+00  1.3011e+01  1.0000e+00
 1.4871e-02  1.0477e+00  4.2505e-01 -5.2368e+00  1.0601e+01  6.6919e+00  1.3587e+01  1.0000e+00
-2.1124e-01  9.7030e-01  6.7791e-02  7.9905e+00  1.5321e+00  3.3153e+00  8.7856e+00  1.0000e+00
-6.1131e+00  5.8112e+00 -5.1164e+00 -1.2255e+01  1.3479e+01 -1.0234e+01  2.0895e+01  1.0000e+00
-3.7324e-01  4.9988e-01  1.2027e-01  1.6804e+01 -1.6097e+01  4.3508e+00  2.3673e+01  1.0000e+00
-4.6955e+00  2.9910e+00 -1.1529e+01 -1.0394e+01  6.5309e+00 -2.5016e+01  2.7866e+01  1.0000e+00
-1.4351e+00  7.5128e+00  3.2489e+00 -5.6143e+00  1.3723e+01  4.4791e+00  1.5489e+01  1.0000e+00
-1.4597e+01 -3.2726e+00 -4.1714e+00 -3.3653e+01 -6.9278e+00 -8.5757e+00  3.5413e+01  1.0000e+00
-1.7776e+00  5.2253e-01  5.5924e-01  3.3478e+00 -1.6652e+00  2.4251e+00  4.4566e+00  1.0000e+00
-6.0001e-02 -2.4749e-01 -2.7900e+00 -9.6476e-02 -5.7491e-01 -4.5393e+00  4.5766e+00  1.0000e+00
-5.2558e-01  8.2301e-01  6.6709e-01 -9.3624e+00 -4.5560e+00 -1.4011e+01  1.7456e+01  1.0000e+00
 2.6744e-01  8.5692e-01  1.0960e+00 -4.1180e+00  2.6476e+00  1.3036e+01  1.3925e+01  1.0000e+00
-2.0619e-01  7.1097e-01 -3.1954e-01 -2.7530e+00 -8.5732e+00  1.9641e+01  2.1607e+01  1.0000e+00
 8.9184e-03  6.5796e-01  7.1659e-02  7.5633e+00  5.7322e+00  3.5276e+00  1.0124e+01  1.0000e+00
-2.6307e-01  7.8137e-01  8.9461e-02 -7.8640e+00 -4.1706e+00  2.6673e+01  2.8119e+01  1.0000e+00
 2.8103e+00 -1.4114e+00  5.9817e-01  2.3913e+00  6.4841e-01 -5.0914e+00  5.6622e+00  1.0000e+00
 4.2108e-01  2.2711e+00 -1.5296e-01  7.1224e+00  1.8279e+01 -6.9113e+00  2.0799e+01  1.0000e+00
-1.4339e-02  2.9471e-01  6.9632e-01 -7.2134e+00  7.1930e+00 -4.0511e+00  1.0963e+01  1.0000e+00
-1.9033e+01  2.1301e+01 -1.3017e+01 -4.1973e+01  4.4246e+01 -2.6662e+01  6.6561e+01  1.0000e+00
 1.4271e-01  5.0232e-01 -1.8463e+00  5.8161e-01  2.6882e+00  1.1856e+00  2.9950e+00  1.0000e+00
 2.2182e+00  1.9495e+00 -8.3773e-01 -3.5957e+00  4.7202e+00  7.3131e-01  5.9786e+00  1.0000e+00
-3.5671e+00 -1.1949e+00 -3.1141e+00 -2.0491e+01 -1.1291e+01 -2.0957e+01  3.1410e+01  1.0000e+00
-1.8436e-01  7.0399e-01  3.3870e-01 -7.1078e+00 -1.3045e+01  1.2170e+00  1.4905e+01  1.0000e+00
-3.5227e-01 -1.0460e+01 -5.6535e+00 -6.2071e-01 -2.2219e+01 -1.2634e+01  2.5567e+01  1.0000e+00
-3.1320e-01  9.4394e-01  2.0701e-01 -4.6700e-01 -3.6457e+00 -2.0612e+01  2.0937e+01  1.0000e+00
 6.2287e+00 -9.1386e+00 -8.6444e+00  1.3104e+01 -2.0900e+01 -1.8954e+01  3.1109e+01  1.0000e+00
-3.8239e-01  3.6768e-01  6.0893e-01  4.3937e+00  8.2478e-01 -1.8917e+00  4.8542e+00  1.0000e+00
-1.0434e+00  1.0264e+00 -2.7451e-01 -9.3321e+01  2.2138e+01 -4.9769e+01  1.0806e+02  1.0000e+00
 5.8379e-01  6.9172e+00  2.9498e+00  2.6519e+00  1.2776e+01  4.4468e+00  1.3786e+01  1.0000e+00
 3.0613e+00 -6.3852e+00  1.0013e+01  7.0337e+00 -1.3761e+01  2.1886e+01  2.6793e+01  1.0000e+00
-4.6319e-01  8.2841e-01  2.4593e-02 -2.8551e+00 -5.0250e-01  2.5805e+00  3.8811e+00  1.0000e+00
-6.3978e+00  3.9786e+00 -1.3759e+00 -4.2994e+01  2.3664e+01 -1.0061e+01  5.0097e+01  1.0000e+00
-2.0918e-01  8.0340e-01  1.7387e-01 -9.9125e+00 -1.3123e+01  4.2426e+00  1.6984e+01  1.0000e+00
-2.5247e-01  4.4379e-01  3.1009e-01 -9.4057e+00  9.1657e+00 -9.8858e+00  1.6438e+01  1.0000e+00
-7.6939e+00 -2.5702e+00  4.7635e+00 -1.5790e+01 -5.3989e+00  8.6946e+00  1.8816e+01  1.0000e+00
-5.4103e-01  1.1988e+00 -6.7861e-03 -1.2271e+01  5.9811e+00  8.6036e+00  1.6136e+01  1.0000e+00
-3.5824e-01  7.0155e-01  3.6259e-01  3.5141e+00 -7.9459e+00 -8.5131e+00  1.2164e+01  1.0000e+00
 1.1633e+01 -1.5006e+01 -1.1753e+00  2.6980e+01 -3.4257e+01 -2.8042e+00  4.3696e+01  1.0000e+00
-2.1614e-01 -6.4771e-02  3.9680e-01  1.8588e+00 -7.6148e+00 -1.2579e+00  7.9387e+00  1.0000e+00
-1.2442e-01  9.8814e-01  7.9817e-02  3.4340e+01 -1.4427e+01 -2.4207e-01  3.7249e+01  1.0000e+00
-4.7978e-01  5.4154e-01  3.7644e-01  5.4244e+00 -9.8851e+00  7.7827e+00  1.3701e+01  1.0000e+00
-5.3063e-01  2.9504e-01  2.0833e-01  1.1047e+01  6.2887e+00 -6.9228e+00  1.4475e+01  1.0000e+00
 1.6682e+00 -9.9934e-01  3.6648e-01 -3.7298e+00  4.1480e+00  9.0663e-01  5.6515e+00  1.0000e+00
-9.3991e-02  7.2867e-01  1.6643e-01 -8.5882e+00  2.7783e+00  2.5803e+01  2.7337e+01  1.0000e+00
 3.7158e-01  1.6994e+00 -3.4969e-01  4.5358e+00 -1.0751e+00  4.9243e+00  6.7807e+00  1.0000e+00
-4.0727e+00 -1.5426e+00 -9.6258e-01 -8.0011e+00 -2.1154e+00 -1.1750e+00  8.3591e+00  1.0000e+00
 3.9800e-02  1.1425e+00  8.3270e-01 -1.6538e+00  1.6540e+00  2.4877e+00  3.4146e+00  1.0000e+00
-2.3017e-01  7.0869e-01  1.8725e-01 -1.5796e+00  2.7875e+01 -2.1384e+00  2.8001e+01  1.0000e+00
-1.2752e-01  9.7243e-01  9.4113e-02 -1.0492e+01  1.9041e+01  5.5043e-01  2.1747e+01  1.0000e+00
-1.5232e-01  8.7672e-01  8.8223e-02  2.1095e+00  1.5142e+01 -1.3119e+01  2.0145e+01  1.0000e+00
-1.1421e-01  8.6662e-01  2.5839e-01  1.5425e+01 -7.5100e+00  8.2846e+00  1.9051e+01  1.0000e+00
 1.2941e-01  9.7842e-01  5.1719e-01  2.0502e+01 -4.3811e+00 -3.4315e+00  2.1244e+01  1.0000e+00
-1.6895e-01  4.0358e-01  5.0791e-02 -5.2845e+00  2.3102e+01  8.0560e+00  2.5030e+01  1.0000e+00
-4.1069e-01  3.2792e-01  1.7442e-01  4.2067e+00 -1.2597e+01 -4.0320e-01  1.3287e+01  1.0000e+00
-1.6324e+01  1.3358e+01  6.0946e+00 -8.1358e+01  6.5203e+01  3.0750e+01  1.0870e+02  1.0000e+00
-3.9550e-01  6.2846e-01  7.9145e-01  9.2694e+00 -8.2023e+00  1.7244e+01  2.1226e+01  1.0000e+00
-7.5335e-01  9.3274e-02 -1.9275e-01 -1.0889e+00 -1.1593e+00 -3.0888e+00  3.4742e+00  1.0000e+00
-6.3198e+01  2.2970e+00  5.6612e+01 -2.4181e+02  7.3671e+00  2.1773e+02  3.2547e+02  1.0000e+00
-6.4628e-02  8.9224e-01  1.4160e-01  7.6834e+00  3.3598e+00  1.8789e+01  2.0575e+01  1.0000e+00
-1.1269e-01 -8.0572e-02  9.7738e-01  4.4510e+00 -1.7954e+00  6.8522e+00  8.3658e+00  1.0000e+00
-3.4230e-01  7.3019e-01  1.6293e-01  1.0735e+01 -1.5165e+01 -8.0095e+00  2.0233e+01  1.0000e+00
-2.4004e+00  3.6465e+00  9.2904e+00 -4.4263e+00  6.2044e+00  1.6513e+01  1.8187e+01  1.0000e+00
 4.8049e+00  1.7004e+00  1.0432e+00  5.0311e+00  3.2418e+00  2.0708e+00  6.3332e+00  1.0000e+00
 6.7258e+00 -3.8217e+00 -5.7961e+00  1.3618e+01 -8.3386e+00 -1.1545e+01  1.9705e+01  1.0000e+00
-2.6309e-01  8.1531e-01  2.1961e-01 -1.9794e+01  8.0276e+00  2.2709e+01  3.1176e+01  1.0000e+00
 9.2279e+00 -9.4403e+00 -1.3993e+01  2.1410e+01 -2.1543e+01 -3.1695e+01  4.3898e+01  1.0000e+00
 2.0435e-02  9.3816e-01  2.7175e-01 -5.8128e+00  1.5290e+01  3.9203e+00  1.6821e+01  1.0000e+00
-2.7387e-01  7.7829e-01  2.7756e-01 -1.1305e+00  2.1225e+01 -8.4674e+00  2.2880e+01  1.0000e+00
-7.7695e-02  8.0510e-01  1.4874e-01  1.5380e+01  4.8010e+00 -3.3744e+00  1.6461e+01  1.0000e+00
-3.4511e+00 -4.8930e+00 -4.9152e+00 -2.5153e+01 -4.1934e+01 -3.8604e+01  6.2301e+01  1.0000e+00
-4.0859e-02 -5.5708e-02  2.5566e-01  3.7396e+00 -1.3636e+01  6.2971e+00  1.5479e+01  1.0000e+00
-1.0142e+00  4.4519e-01 -6.6726e-02  6.6036e+00  6.7887e+00 -4.3778e+00  1.0434e+01  1.0000e+00
-3.5280e-01  1.1214e+00  4.6535e-01  6.9105e+00 -1.3422e+00  9.7675e+00  1.2040e+01  1.0000e+00
-1.5155e-01  1.0575e+00 -1.4896e-01 -9.4330e+00  3.6938e+00 -1.2684e+00  1.0209e+01  1.0000e+00
-1.4542e+00  1.0014e+00  1.4070e+00  5.5422e+00 -2.6632e+00 -2.5819e+00  6.6690e+00  1.0000e+00
-8.7094e-01  1.3137e+00  1.6378e+00 -4.8344e+00  7.4259e+00  1.0261e+01  1.3557e+01  1.0000e+00
-2.5144e+00  3.5713e+00  1.0369e+01 -4.5941e+00  7.9958e+00  2.1768e+01  2.3640e+01  1.0000e+00
-1.0701e+00 -3.4221e-01  4.4327e-02  3.8609e+00  1.8098e+00  1.1190e+01  1.1975e+01  1.0000e+00
-4.3989e-01  5.6198e-01  5.2307e-01  1.2901e+00  1.2396e+01 -4.4185e+00  1.3223e+01  1.0000e+00
-1.8116e-01  6.1213e-01  5.0012e-01  3.6321e-01  1.6270e+01 -5.1197e+00  1.7060e+01  1.0000e+00
-3.8247e-01  2.1779e+00  1.8882e+00  4.6777e+00 -1.8133e+00 -4.1774e+00  6.5284e+00  1.0000e+00
 7.1664e+00 -1.8001e+01  3.1668e+01  1.5613e+01 -3.9412e+01  7.0911e+01  8.2616e+01  1.0000e+00
 1.3506e+01  2.5872e+00  1.2684e+01  3.0847e+01  5.8317e+00  2.9305e+01  4.2946e+01  1.0000e+00
-1.4348e+00  9.6052e-01 -5.5683e-03 -1.5754e+01  1.8018e+00 -5.8316e+00  1.6895e+01  1.0000e+00
-2.3444e-01  7.1154e-01  1.7937e-01  2.4811e+01 -1.3357e+01 -1.5699e+01  3.2256e+01  1.0000e+00
-3.9991e-01  9.1017e-01  2.4100e-01 -1.4272e+01  1.4400e+01  3.8409e+00  2.0635e+01  1.0000e+00
-3.5916e+00  2.2832e+00  1.4227e+01 -8.0825e+00  5.5839e+00  3.1909e+01  3.3387e+01  1.0000e+00
-9.4698e+00 -2.0793e+00 -9.1299e+00 -2.0614e+01 -2.5556e+00 -1.9086e+01  2.8209e+01  1.0000e+00
 3.1260e-01 -3.8891e-01 -9.5882e-04  7.5099e+00 -2.6784e+00 -5.0461e+00  9.4359e+00  1.0000e+00
-4.8713e+00 -8.0049e+00 -7.4930e-01 -1.2341e+01 -2.2463e+01 -1.3209e+00  2.5664e+01  1.0000e+00
-1.6122e+00 -7.6080e-01  7.5744e-01 -1.7197e+00 -3.6753e+00  1.5730e+00  4.3520e+00  1.0000e+00
-1.8615e-01  7.5121e-01  2.6392e-01  9.1842e+00 -5.9807e+00  1.0185e+00  1.1007e+01  1.0000e+00
-1.7931e+00 -1.0348e+00 -1.3314e-01 -5.5969e+00 -2.7738e+00 -1.1219e-01  6.2475e+00  1.0000e+00
 1.6184e-01  1.0068e+00  4.2077e-01 -9.6894e-01  1.4847e+00 -1.0883e+01  1.1026e+01  1.0000e+00
-4.1201e-01  9.2729e-01  2.0365e-01 -5.3825e+00 -1.8854e+01 -4.9336e-01  1.9614e+01  1.0000e+00
-4.8939e+00  1.5367e+01 -2.0046e+00 -1.0868e+01  3.4671e+01 -4.3563e+00  3.6595e+01  1.0000e+00
 3.3320e+00  7.2404e-01  3.0754e+00  3.2800e+00  4.1454e+00  6.3622e+00  8.2717e+00  1.0000e+00
-9.1235e+00 -3.0900e-01 -2.3323e+00 -1.8387e+01  3.5766e-01 -4.9219e+00  1.9038e+01  1.0000e+00
 6.3760e-01  1.3226e+00 -2.0668e+00  5.7364e+00  3.0813e+00 -7.2061e+00  9.7124e+00  1.0000e+00
-7.3663e+00 -3.0038e+00  5.0503e+00 -1.4385e+01 -5.0384e+00  1.0444e+01  1.8477e+01  1.0000e+00
 7.7696e-02  7.1574e-01  4.2263e-01 -3.0778e+00  4.6545e-01 -5.0276e-01  3.1531e+00  1.0000e+00
 1.7945e+01  6.4475e+00  1.5143e+00  4.0923e+01  1.4994e+01  3.3552e+00  4.3712e+01  1.0000e+00
 6.5849e+00  9.2578e+00  1.1369e+00  1.4430e+01  1.9634e+01  3.1230e+00  2.4566e+01  1.0000e+00
-1.4027e+01 -8.5370e+00 -5.2832e+00 -3.2041e+01 -1.8862e+01 -1.2003e+01  3.9070e+01  1.0000e+00
-8.8890e-01 -3.7099e-01  4.0967e-02 -2.0007e+00  1.2499e+01  8.2454e+00  1.5107e+01  1.0000e+00
-1.3852e+01 -3.9605e-01 -3.6149e+00 -3.1058e+01 -4.4429e-01 -8.1962e+00  3.2124e+01  1.0000e+00
-2.6526e-01  8.2318e-01 -6.6239e-01 -5.6428e+00  4.2418e+00 -1.0645e+01  1.2773e+01  1.0000e+00
-2.6970e-01  9.4279e-01  7.9541e-02 -1.3024e+01  1.5522e+01 -3.5202e+00  2.0566e+01  1.0000e+00
-2.9485e+00  1.1245e+01 -4.4213e+00 -5.9056e+00  2.4908e+01 -9.1306e+00  2.7178e+01  1.0000e+00
 1.4920e+01  1.2330e+01 -9.4131e+00  4.7291e+01  3.8271e+01 -2.9526e+01  6.7623e+01  1.0000e+00
-1.9963e-01  6.4054e-01  8.6193e-01  9.2867e+00  1.2509e+01 -1.0079e+00  1.5612e+01  1.0000e+00
-1.1808e+00  2.2659e-01 -2.9237e+00  8.9679e-01  3.1994e+00  1.4056e-01  3.3256e+00  1.0000e+00
-2.8699e-02  8.6630e-01  4.8328e-01  1.2158e+00 -2.5293e+01  6.3305e+00  2.6102e+01  1.0000e+00
 2.9905e+00 -2.6676e+00 -8.8729e-01  4.7999e+00 -2.7402e+00  3.5700e+00  6.5797e+00  1.0000e+00
 9.1122e-01 -8.5243e-01  6.2738e-01  8.8958e+00 -8.1050e+00  1.7800e+00  1.2165e+01  1.0000e+00
-1.1240e+00  7.5547e-01  1.0768e+00  2.7255e+00  7.9073e+00  1.1287e+00  8.4396e+00  1.0000e+00
-1.0583e+01 -5.3052e+00 -1.8530e+01 -2.4900e+01 -1.2645e+01 -4.4004e+01  5.2118e+01  1.0000e+00
-1.9007e+01 -6.4103e+00 -6.1483e-01 -4.3943e+01 -1.4285e+01 -1.5464e+00  4.6233e+01  1.0000e+00
 2.2530e+00 -2.4182e+00 -3.4264e+00  5.0943e+00 -1.4893e+00 -4.2013e+00  6.7691e+00  1.0000e+00
 1.9270e+01  3.2563e+00 -1.9795e+00  4.4158e+01  7.9555e+00 -4.7317e+00  4.5118e+01  1.0000e+00
-1.4922e-01  5.9345e-01  9.9316e-02  9.7490e+00 -1.0941e+01  1.2789e+01  1.9451e+01  1.0000e+00
-2.1504e-01  9.4913e-01  3.2207e-01 -1.7554e+01 -2.2159e+00  1.8108e+00  1.7786e+01  1.0000e+00
-3.7441e-01  7.6615e-01  7.0338e-02 -4.2800e+00  5.7360e+00  2.0220e+01  2.1449e+01  1.0000e+00
 1.0388e+00  9.3473e-02  4.8227e-01 -6.7186e-01  4.8100e+00 -5.1218e-01  4.8836e+00  1.0000e+00
-2.5627e-01  9.2531e-01  3.7175e-01  9.6648e+00 -2.7093e-01  1.5402e+01  1.8185e+01  1.0000e+00
-5.0087e-01  1.0370e+00  3.3559e-01 -1.1360e+01  2.3527e+01 -4.5206e+00  2.6514e+01  1.0000e+00
-3.8371e-01  1.1146e+00 -1.6604e-01 -6.5006e+00  9.3850e+00  4.7159e+00  1.2352e+01  1.0000e+00
-7.9807e+00  6.8297e+00 -1.3378e+00 -1.6565e+01  1.3985e+01 -2.2810e+00  2.1799e+01  1.0000e+00
-1.1251e-01  9.9666e-01  1.4376e-01  6.1654e+00 -1.0818e+01 -2.0561e+01  2.4038e+01  1.0000e+00
-8.3084e+00 -2.4790e+00 -4.1287e-02 -1.5949e+01 -4.8561e+00 -4.3400e-01  1.6678e+01  1.0000e+00
-1.2094e-01  1.4181e+00 -6.5719e-01 -3.0334e+00 -1.5335e+00  3.4025e-01  3.4160e+00  1.0000e+00
 1.7315e-01  8.1888e-01  4.7727e-01  1.4256e+01 -2.9210e+00  1.0563e+01  1.7982e+01  1.0000e+00
 2.2103e-02  8.9249e-01  1.1696e-01 -1.0837e+01 -1.6544e+01  8.8516e+00  2.1668e+01  1.0000e+00
 1.8496e-01  6.3497e-01  6.0468e-02 -1.9203e+00  1.3703e+01 -1.4092e+01  1.9750e+01  1.0000e+00
 6.1546e+00 -1.5242e+01 -7.3388e+00  1.4108e+01 -3.4495e+01 -1.6669e+01  4.0827e+01  1.0000e+00
-1.3806e+01 -2.5351e+00  1.2436e+01 -3.1686e+01 -5.3232e+00  2.8522e+01  4.2963e+01  1.0000e+00
-2.6094e-01  1.3809e+00  5.3288e-01 -4.1605e+00  3.5865e+00  3.9405e+00  6.7602e+00  1.0000e+00
-2.1160e+00 -1.1958e+00 -3.4593e+00 -2.6565e+00  3.8838e-01 -2.2335e+00  3.4924e+00  1.0000e+00
 1.8052e+00 -8.8246e-01  1.0592e+00 -4.3985e+00  5.3361e+00  2.4210e-01  6.9195e+00  1.0000e+00
 6.3696e-02  7.8255e-01  3.6547e-01 -1.1745e+01 -4.4865e+00 -1.2057e+01  1.7420e+01  1.0000e+00
-1.3725e+00 -1.2290e+01 -8.6308e+00 -2.4078e+00 -2.8135e+01 -2.0033e+01  3.4623e+01  1.0000e+00
-2.3344e+00  4.0441e+00 -3.2662e+00 -3.4167e+00  5.7470e+00 -3.1134e+00  7.3753e+00  1.0000e+00
-6.8291e-01  6.6401e-01  4.5050e-01  2.2801e+01  4.3593e+00 -1.4588e+00  2.3260e+01  1.0000e+00
-2.5701e-01  7.0471e-01  2.8996e-01 -2.6250e+01 -1.9237e+01 -5.7578e+00  3.3050e+01  1.0000e+00
 5.9411e-01  1.7207e+00  3.6003e-02 -6.8618e-01 -3.0116e+00  6.9227e-01  3.1654e+00  1.0000e+00
-2.5977e+00  1.1614e+01 -4.9312e+00 -5.6900e+00  2.4724e+01 -1.0137e+01  2.7321e+01  1.0000e+00
-5.7332e-01  8.8062e-01  7.3206e-01  1.1356e+01  3.0316e+00 -9.8130e+00  1.5311e+01  1.0000e+00
 2.2641e-01  2.0905e+00  1.4574e+01  1.8464e+00  5.1582e+00  2.8656e+01  2.9175e+01  1.0000e+00
 8.1002e-02  2.4911e+00 -9.7236e-01  1.4541e+00  1.1605e+01 -9.2592e+00  1.4917e+01  1.0000e+00
-3.0434e-01  5.7798e-01  2.1969e-01 -3.7958e+00  8.0470e+00 -1.5172e+01  1.7588e+01  1.0000e+00
-2.1434e-01  1.3465e+00  2.8893e-01 -5.5787e+00 -1.3401e+01 -5.8082e+00  1.5635e+01  1.0000e+00
-1.9586e-01  7.1574e-01 -3.8518e-01  2.6018e+00 -3.6774e+00 -1.5524e+00  4.7647e+00  1.0000e+00
 4.3198e+00  8.9122e+00  4.8322e+00  9.4322e+00  1.9108e+01  9.9181e+00  2.3505e+01  1.0000e+00
-2.3102e-01  6.7927e-01  2.8099e-01  5.3328e+00  7.0913e+00  2.0582e+01  2.2413e+01  1.0000e+00
 1.8758e-01  2.2822e-01  3.9918e-01  1.3559e+01 -1.4141e+01  9.5031e+00  2.1774e+01  1.0000e+00
-5.1916e-01  6.3265e-01  4.6949e-01 -1.3687e+01 -5.7863e+00 -1.0194e+00  1.4895e+01  1.0000e+00
-2.6913e-01  2.3115e-01  1.1318e-02 -1.0373e+00 -4.1992e+00 -3.8210e+00  5.7714e+00  1.0000e+00
 2.3611e-01  4.3831e-01  1.0744e-01  9.4313e+00  1.1495e+00  1.0601e+00  9.5600e+00  1.0000e+00
-5.1768e-02  5.9913e-01  3.1986e-01 -9.3463e-01  7.8991e+00 -1.2298e+01  1.4646e+01  1.0000e+00
 7.0898e+00 -5.2270e+00 -9.2721e-01  1.4057e+01 -1.0060e+01 -1.4028e+00  1.7343e+01  1.0000e+00
-3.0285e-03  7.1207e-01  4.1200e-01  1.1675e+00 -2.1537e+01 -5.8562e+00  2.2350e+01  1.0000e+00
 1.2846e+01 -2.3573e+01  1.5013e+01  2.5262e+01 -5.0407e+01  3.2478e+01  6.5068e+01  1.0000e+00
-5.5335e-02 -6.0529e-01  7.1530e-01 -2.1962e+00  1.1490e+01  1.0667e+01  1.5831e+01  1.0000e+00
 1.2938e+00 -6.4523e+00 -1.8396e+01  2.7575e+00 -1.4642e+01 -4.2064e+01  4.4625e+01  1.0000e+00
-4.8930e+00 -7.2859e+00 -1.2505e+01 -1.1783e+01 -1.6310e+01 -2.8176e+01  3.4623e+01  1.0000e+00
-9.3305e-01 -1.3341e+01  1.4461e+00 -1.8049e+00 -2.9791e+01  3.2047e+00  3.0017e+01  1.0000e+00
-1.8299e+01 -9.3091e+00 -4.8015e+00 -4.2570e+01 -2.1191e+01 -1.1031e+01  4.8815e+01  1.0000e+00
-7.9104e-02  5.4406e-01  3.2370e-02  1.4407e+01  3.1844e+00 -1.3593e+01  2.0061e+01  1.0000e+00
-1.4771e+01 -3.6475e+00 -2.7939e+00 -3.3637e+01 -8.2324e+00 -6.2218e+00  3.5184e+01  1.0000e+00
-3.2094e-01  7.7210e-01 -1.1280e+00  9.0610e-01  1.4440e+00 -4.6834e+00  4.9840e+00  1.0000e+00
-3.6461e-01  6.0626e-01  1.9474e-01 -2.3697e+01  4.6902e+00  1.4210e+01  2.8026e+01  1.0000e+00
-2.3790e+00 -4.2256e-02 -7.2492e+00 -5.1599e+00  7.1384e-01 -1.7314e+01  1.8081e+01  1.0000e+00
-1.0200e+00  4.7110e-01  7.1933e-01 -2.3592e+00 -6.3182e+00  1.4608e+01  1.6090e+01  1.0000e+00
-1.2221e-01  7.8119e-01  2.3858e-01 -1.3113e+01 -3.7903e+00 -5.9369e+00  1.4885e+01  1.0000e+00
