# limit = 15.912
#
# x           y           z           vx          vy          vz          s           m
-6.4765e-02 -1.5808e+00 -1.6328e-01 -3.5032e+00  6.2134e+00  6.0515e+00  9.3541e+00  1.0000e+00
-3.2845e-01  7.9155e-01  4.5424e-01 -3.8146e+00  2.4865e+01 -1.2680e-01  2.5156e+01  1.0000e+00
 1.6136e+01  6.3922e-01  3.1594e+00  3.4279e+01  1.9686e+00  6.7254e+00  3.4988e+01  1.0000e+00
-1.2959e-01  6.7548e-01 -4.1577e-01  3.7560e+00  1.9575e+00  3.8817e+00  5.7451e+00  1.0000e+00
-1.3599e+01  5.1670e+00  8.2108e+00 -2.9461e+01  1.0920e+01  1.7390e+01  3.5911e+01  1.0000e+00
 5.8805e+00 -1.9218e+00  1.6855e+01  1.3005e+01 -3.6477e+00  3.6372e+01  3.8799e+01  1.0000e+00
 9.6376e-01 -1.3742e+01 -9.5471e+00  1.5068e+00 -2.9527e+01 -2.0145e+01  3.5777e+01  1.0000e+00
 3.5709e-01 -2.1321e-01 -3.4448e-01  2.5355e+00  4.4687e-01  7.5076e-01  2.6818e+00  1.0000e+00
-2.1680e+01  1.5780e+01  4.8654e+01 -4.5547e+01  3.3390e+01  1.0464e+02  1.1890e+02  1.0000e+00
 2.5047e+01 -1.3265e+01  6.4180e-01  1.1454e+02 -6.2036e+01  3.0425e+00  1.3029e+02  1.0000e+00
 2.7892e+00  3.5833e+00  2.3606e+00  1.6246e+00  4.0465e+00  1.8354e+00  4.7310e+00  1.0000e+00
-2.4668e-01  7.9104e-01  1.8736e-01 -2.0247e+00 -8.1128e+00 -1.7949e+01  1.9801e+01  1.0000e+00
-1.0871e+00  2.5384e+00 -1.4602e-01 -1.4336e+00  1.0887e+01  3.3276e+00  1.1474e+01  1.0000e+00
 4.5023e+00  1.0277e+00 -8.2744e-01  7.1676e+00  3.0082e+00 -4.4338e-02  7.7734e+00  1.0000e+00
 1.1178e+00 -5.1078e-01  7.1985e-01  6.2676e+00 -8.2034e+00  4.7125e-01  1.0334e+01  1.0000e+00
-5.9025e+00 -9.2297e-01 -4.6273e+00 -1.0911e+01 -2.6249e+00 -6.7092e+00  1.3075e+01  1.0000e+00
 9.8392e+00 -1.0273e+01 -1.1731e+01  2.1132e+01 -2.2166e+01 -2.5591e+01  3.9910e+01  1.0000e+00
-1.2619e-01  5.5599e-01  4.3806e-01  7.2503e+00 -1.7202e+01  6.3708e-01  1.8678e+01  1.0000e+00
-2.7865e-01  9.4493e-01  3.8357e-01 -1.8859e+00  1.2177e+00  6.7764e+00  7.1385e+00  1.0000e+00
 3.4103e+01  2.7867e+01 -1.2133e+01  7.3441e+01  5.8909e+01 -2.5210e+01  9.7465e+01  1.0000e+00
-1.1140e-01  9.8416e-01  3.0503e-01 -8.7574e+00  2.4132e+01 -1.4326e+01  2.9399e+01  1.0000e+00
-5.2679e-01  5.8658e-01  2.4675e-01 -1.4809e+01  9.5110e-01 -6.3782e+00  1.6152e+01  1.0000e+00
-2.2271e+00 -2.3309e+00  4.2803e+00 -8.6722e+00 -1.2381e+01  1.6933e+01  2.2698e+01  1.0000e+00
-7.3344e+00  1.3822e+01 -1.4025e+01 -1.5970e+01  3.0595e+01 -3.0575e+01  4.6107e+01  1.0000e+00
-4.8704e-01  1.5782e+01 -7.0055e+00 -1.2274e+00  3.3972e+01 -1.4937e+01  3.7131e+01  1.0000e+00
-3.8579e+00  2.0742e+00 -6.3396e+00 -8.4239e+00  5.5833e+00 -1.0866e+01  1.4839e+01  1.0000e+00
 5.1393e+00 -1.2372e+01  2.4097e+00  1.0165e+01 -2.6527e+01  4.8300e+00  2.8816e+01  1.0000e+00
 3.2350e+01 -8.4262e+00 -3.1200e+01  7.5256e+01 -1.9839e+01 -7.2627e+01  1.0645e+02  1.0000e+00
 9.3460e-01 -1.9042e+01 -2.5123e+01  2.1777e+00 -4.2198e+01 -5.5646e+01  6.9871e+01  1.0000e+00
-2.5044e-01  7.5759e-01  3.4529e-01  3.2464e+00 -6.1994e+00 -2.9733e+00  7.6034e+00  1.0000e+00
-3.6487e-01  7.1434e-01 -1.8954e-01 -1.2382e+01  1.1856e+01 -3.5884e+00  1.7514e+01  1.0000e+00
-2.7902e-01  8.3993e-01  1.2266e-01 -1.8394e+01 -7.5066e+00 -4.1307e+00  2.0292e+01  1.0000e+00
-4.4661e-02  5.8598e-01  6.0535e-01  5.2106e+00  4.9666e+00  1.6123e+01  1.7657e+01  1.0000e+00
-4.2470e-01  9.2345e-01  3.8525e-01 -1.7644e+01  2.6065e-01 -1.1837e+01  2.1249e+01  1.0000e+00
 1.5461e-01  7.3801e-01  5.2388e-02  9.1964e-01 -5.2141e+00  2.7891e+00  5.9843e+00  1.0000e+00
-6.9652e-02  1.3239e+00  3.4221e-01  7.5526e+00 -3.2362e+00 -1.4140e+01  1.6354e+01  1.0000e+00
-3.5080e-01  2.5598e+00 -1.0486e+00  3.5424e+00  3.8741e+00 -2.8087e+00  5.9537e+00  1.0000e+00
-1.3208e+01  2.5295e+01 -3.1983e+01 -2.8542e+01  5.4700e+01 -6.7952e+01  9.1783e+01  1.0000e+00
 1.0927e-03  1.0433e+00 -2.5489e-01  8.3153e+00  3.2531e+00 -6.5517e-01  8.9530e+00  1.0000e+00
 9.6896e+00 -2.1981e+00  8.1313e+00  1.9744e+01 -4.1418e+00  1.6739e+01  2.6214e+01  1.0000e+00
 5.5770e+00  5.1146e+00  5.6121e-01  9.0618e+00  8.7828e+00  2.1205e+00  1.2796e+01  1.0000e+00
 2.7264e+00  7.6324e-01 -3.1182e-01  4.9192e+00  1.3173e+00 -3.0698e+00  5.9463e+00  1.0000e+00
-6.7965e-02  1.2232e+00  1.8513e-01  6.5860e+00  1.1155e+01  1.4660e+01  1.9563e+01  1.0000e+00
 1.9109e+00 -5.6684e+00  1.8313e+01  4.3139e+00 -1.2058e+01  3.9768e+01  4.1779e+01  1.0000e+00
 1.7670e+01  8.5612e+00  1.3924e+00  3.8901e+01  1.8677e+01  3.1514e+00  4.3267e+01  1.0000e+00
 1.1253e+00 -1.1498e+01  1.8487e+00  3.2497e+00 -2.3954e+01  4.2635e+00  2.4547e+01  1.0000e+00
-8.7518e-02  6.7093e-01  4.8503e-01 -3.4736e-01 -2.0726e+00 -6.6322e+00  6.9572e+00  1.0000e+00
 2.5489e+00 -1.9148e+00 -2.2800e-01  1.7320e+00  2.7357e+00  1.8705e+00  3.7393e+00  1.0000e+00
 8.1334e+00 -3.1494e+00  3.6035e+00  1.4994e+01 -5.9023e+00  7.1617e+00  1.7634e+01  1.0000e+00
-4.3229e-01  9.2972e-01  2.2306e-01  1.4001e+01 -5.4517e-01  2.7025e+01  3.0442e+01  1.0000e+00
 1.1402e-01  5.4931e-01 -9.5530e-02  9.4805e+00 -7.4043e+00 -9.5459e+00  1.5357e+01  1.0000e+00
-1.2832e-02  5.5780e-01  1.3938e-02  1.1832e+00  2.7892e+00 -4.4876e+00  5.4146e+00  1.0000e+00
-2.5819e+00 -4.0751e+00  4.0543e+00 -3.6570e+00 -5.8099e+00  6.1566e+00  9.2213e+00  1.0000e+00
 3.0697e-01  1.0311e+00  2.2861e-01  5.0727e+00  7.1970e+00  3.4553e+00  9.4587e+00  1.0000e+00
-2.6691e-01  8.9180e-01  2.5802e-01 -1.0630e+01  4.1804e+00  2.1854e+01  2.4659e+01  1.0000e+00
-2.8189e-01  9.4536e-01 -1.5825e-01 -7.9253e+00  1.0329e-01  4.8307e+00  9.2821e+00  1.0000e+00
-2.8965e-01  9.6720e-01  3.6657e-01  3.1673e+00  1.0415e+01 -2.6663e+00  1.1208e+01  1.0000e+00
-1.2778e-01  7.7033e-01  6.1070e-01  4.4245e+00  5.6330e+00 -9.9291e+00  1.2243e+01  1.0000e+00
-8.1177e-02  1.1897e+00 -3.3416e-01  8.1218e+00  4.2056e+00  3.8180e+00  9.9110e+00  1.0000e+00
 4.4850e+00 -2.3893e+00  1.3180e+01  9.0840e+00 -5.4373e+00  2.7985e+01  2.9921e+01  1.0000e+00
-2.8914e-01  1.1653e+00  2.0017e-01  4.3220e+00 -1.5986e+01  8.5583e+00  1.8641e+01  1.0000e+00
-2.1402e+00 -3.1155e+00  1.6813e+00 -8.0156e+00 -1.6103e+01  6.3411e+00  1.9073e+01  1.0000e+00
 7.9835e+00  7.4919e-01 -3.8644e+00  1.8667e+01  2.0120e+00 -8.9243e+00  2.0788e+01  1.0000e+00
 2.0613e-03  7.9159e-01 -1.7558e-01  1.5353e+01 -1.1104e+01 -5.8574e+00  1.9832e+01  1.0000e+00
 1.0241e+00 -3.9838e-01  5.0502e-01 -9.8560e+00  4.7165e+00 -2.0652e+00  1.1120e+01  1.0000e+00
-4.5288e-01  1.1151e+00  1.3662e-01 -2.0831e+01  7.6522e-01  1.2444e+01  2.4277e+01  1.0000e+00
-1.9062e-01  8.3461e-01  1.1019e-01 -3.9820e+00 -2.8916e+00 -7.4658e+00  8.9418e+00  1.0000e+00
-1.3196e-01  7.8702e-01  3.2562e-01 -7.7089e+00  1.8004e+01 -1.8601e+00  1.9673e+01  1.0000e+00
-2.6726e-01  7.1704e-01 -8.1341e-02 -1.3302e+01 -8.5339e+00 -4.1997e+00  1.6352e+01  1.0000e+00
-3.6881e-01  9.9423e-01  3.0375e-01 -9.8017e+00  4.9332e+00 -5.4944e-01  1.0987e+01  1.0000e+00
 1.5794e+01  1.8053e+00  2.8942e+00  3.4078e+01  3.4905e+00  6.0797e+00  3.4792e+01  1.0000e+00
-4.8590e-02  7.2574e-01  4.9815e-02 -3.1988e+00  3.4286e+00 -9.0968e+00  1.0234e+01  1.0000e+00
-9.9251e-01  2.4633e-01  7.1374e-01  8.7840e-01 -2.2294e+00  1.4192e+00  2.7850e+00  1.0000e+00
-8.9101e-01  4.3327e-01 -2.3560e-01  1.2670e+01  6.4732e+00  4.1344e+00  1.4817e+01  1.0000e+00
-5.9203e-01  1.1655e+00  2.2050e-02  3.0600e+00  4.0270e+00  1.7858e+00  5.3638e+00  1.0000e+00
-8.8458e-02  5.7041e-01  1.1291e-01  8.1213e-01 -1.6777e+01  2.2147e+00  1.6942e+01  1.0000e+00
-5.5207e-01  9.0394e-01 -5.1210e-02  2.6238e+00  5.4810e+00  1.6224e+00  6.2895e+00  1.0000e+00
-1.4421e-02  4.1760e-01  6.7547e-01  1.6251e+00 -5.3087e+00  1.4092e+01  1.5146e+01  1.0000e+00
 1.8901e+01 -9.1051e+00 -2.1952e+00  4.1602e+01 -1.9563e+01 -4.7080e+00  4.6212e+01  1.0000e+00
-1.1176e+01 -6.8872e+00 -4.3528e+00 -2.3696e+01 -1.4051e+01 -8.8336e+00  2.8930e+01  1.0000e+00
-2.7946e-02  9.1216e-01  3.0127e-01 -8.2793e+00 -1.6275e+01 -1.3235e+00  1.8307e+01  1.0000e+00
 1.0562e+01  2.5886e+00  6.8964e+00  3.2437e+01  7.0054e+00  2.0765e+01  3.9146e+01  1.0000e+00
-3.1048e-01  8.7455e-01  3.5376e-01 -2.8432e+01  2.2758e+01  4.1343e+00  3.6653e+01  1.0000e+00
 4.1458e+00  3.5160e+00  5.2622e+00  6.2948e+00  6.5473e+00  8.5530e+00  1.2476e+01  1.0000e+00
-3.4874e-01  7.4924e-01  2.7891e-01  4.5660e+00 -1.9811e+01  7.8894e+00  2.1807e+01  1.0000e+00
-3.4879e-01  1.0495e+00  1.2332e-01  5.2416e+00 -2.2375e+01  8.3687e+00  2.4457e+01  1.0000e+00
-6.5841e-01  1.1069e+00  6.4073e-01 -1.7401e+01  8.6861e+00  8.9250e+00  2.1399e+01  1.0000e+00
 1.6723e+00 -1.0809e+00  1.9556e+00 -2.1409e+00  2.8358e+00 -1.6217e+00  3.9058e+00  1.0000e+00
 6.2240e+01  1.5933e+01 -6.0554e+01  2.2218e+02  5.5313e+01 -2.1506e+02  3.1413e+02  1.0000e+00
-5.5210e-01  3.9798e-01  4.2377e-01  9.1881e+00 -4.6803e+00  7.5558e+00  1.2783e+01  1.0000e+00
 2.1233e+00 -8.8144e-01  1.6788e+00 -1.4674e+00  2.1095e+00 -2.5434e+00  3.6156e+00  1.0000e+00
-8.5134e-02  7.1102e-01 -1.0390e-01 -6.3660e+00  2.4982e+01 -2.9186e+00  2.5945e+01  1.0000e+00
-1.7513e+00  1.2501e+00  8.1728e-01 -7.2089e+00  1.7208e+00  1.8178e+00  7.6311e+00  1.0000e+00
-7.5774e-02  1.3046e+00  5.1156e-01 -7.1733e+00  4.3884e+00 -5.0137e+00  9.7904e+00  1.0000e+00
 3.1291e+00 -1.1377e+00 -3.4296e-01  8.8314e+00 -3.1749e+00 -8.9324e-01  9.4272e+00  1.0000e+00
-4.1221e-01  1.1301e+00  1.1889e-01 -4.7417e+00  1.7117e+01 -8.4709e+00  1.9678e+01  1.0000e+00
 2.4085e+00  5.6651e+00  9.3035e+00  1.7385e+01  3.4188e+01  6.1535e+01  7.2509e+01  1.0000e+00
-6.1791e+00 -9.0647e+00 -1.0169e+01 -1.3104e+01 -1.8964e+01 -2.1431e+01  3.1475e+01  1.0000e+00
 1.3944e+00 -2.9100e+00 -1.2533e+01  2.7590e+00 -5.5048e+00 -2.3607e+01  2.4397e+01  1.0000e+00
 9.5954e-01  3.9739e+00 -2.0462e+00  3.9386e+00  3.3488e+00 -5.1908e-01  5.1958e+00  1.0000e+00
-2.4370e-01  7.6591e-01  2.7370e-01 -1.4934e+01 -4.1779e+00 -1.6435e+01  2.2596e+01  1.0000e+00
 3.6389e-03  8.1739e-01  1.3304e-01  2.1691e+00  6.9630e+00  4.6866e+00  8.6691e+00  1.0000e+00
 1.0246e+00  3.2776e-01  1.2309e-01 -1.1203e+01  1.0518e+01  2.9609e+00  1.5649e+01  1.0000e+00
 9.4733e-03  4.1182e-01  8.9725e-02 -1.8996e+01  7.1334e+00  2.7366e+00  2.0475e+01  1.0000e+00
 1.5628e+01  5.9458e+00 -3.9446e-01  3.3493e+01  1.3282e+01 -9.1239e-01  3.6042e+01  1.0000e+00
-3.6161e-01  6.9118e-01  4.8561e-01  1.3778e+01  1.7896e+00 -2.0383e+00  1.4043e+01  1.0000e+00
 1.1607e+01  6.5252e-01  1.3024e+01  2.4905e+01  1.5485e+00  2.7926e+01  3.7450e+01  1.0000e+00
-1.1125e+00  1.3529e+00  3.6121e-01  1.5359e+00 -3.3229e+00 -3.6929e+00  5.1998e+00  1.0000e+00
-7.0970e-01  7.9160e-01  3.7334e-01 -2.8306e+00  2.3416e+01 -2.3382e+00  2.3702e+01  1.0000e+00
-1.8891e+01  3.9644e+00  4.3010e+00 -4.1279e+01  9.0258e+00  9.5050e+00  4.3310e+01  1.0000e+00
-2.7240e-01  1.0828e+00  1.7843e-01 -1.7666e+01 -7.1122e+00  2.4801e+01  3.1269e+01  1.0000e+00
 4.0693e+00 -6.6100e+00  1.1859e+01  7.4233e+00 -1.2790e+01  2.5434e+01  2.9421e+01  1.0000e+00
 4.4569e+00 -4.6013e+00  9.5764e+00  8.7518e+00 -9.3464e+00  1.9497e+01  2.3325e+01  1.0000e+00
 7.6612e+00 -9.4431e+00 -3.6767e+00  1.5642e+01 -1.9023e+01 -1.1521e+01  2.7190e+01  1.0000e+00
 3.1401e+00 -1.5084e+00  8.3051e-01 -2.0745e-01  1.9262e+00  1.1498e+00  2.2528e+00  1.0000e+00
-1.6154e-01  6.8520e-01 -2.5209e-01 -1.1107e+00  5.2156e+00  1.2578e+01  1.3662e+01  1.0000e+00
-3.1987e-01  7.5576e-01  4.3547e-01  8.5382e+00  2.7080e+01  1.4261e+01  3.1774e+01  1.0000e+00
-5.2324e-01  3.8191e-01  1.7005e-01  2.4391e+00 -1.0043e+00  1.1531e+01  1.1829e+01  1.0000e+00
-4.6669e-01  7.6802e-01  6.4312e-01 -1.2448e+01  3.6388e+00 -6.4812e-01  1.2986e+01  1.0000e+00
-2.2134e-02  7.3616e-01  2.0462e-01 -1.3410e+01  1.6603e+00 -5.0887e-01  1.3522e+01  1.0000e+00
-5.6938e-01  8.5011e-01  2.5889e-01  1.5863e+00  3.0875e+00 -1.7554e+01  1.7894e+01  1.0000e+00
-6.7412e-01  1.0897e+00  3.9029e-01  1.8572e+00 -6.7389e+00 -3.1763e+00  7.6780e+00  1.0000e+00
-2.4864e+01  1.0293e+01  9.3945e+00 -5.4999e+01  2.2930e+01  2.1212e+01  6.3250e+01  1.0000e+00
-3.5880e-01  7.3985e-01  2.6809e-01 -2.4743e-01 -8.2972e+00  9.7031e+00  1.2769e+01  1.0000e+00
-7.1284e-01  1.4056e+00 -3.3918e-01  9.5109e-01 -2.0132e+00  3.7101e+00  4.3269e+00  1.0000e+00
 3.7038e-02  6.5381e-01  5.2664e-01 -4.0530e+00  6.5995e-01 -5.0223e+00  6.4873e+00  1.0000e+00
 9.2315e+00 -7.9154e+00 -3.2158e+00  1.9415e+01 -1.6265e+01 -6.1561e+00  2.6065e+01  1.0000e+00
-3.2419e-01  5.2860e-01  2.7976e-01 -6.6768e+00  1.0481e+01 -1.9084e+00  1.2573e+01  1.0000e+00
 6.2312e+00 -5.4108e+00  1.3627e+01  1.3015e+01 -1.1164e+01  2.9439e+01  3.4069e+01  1.0000e+00
 6.9770e+00  1.4781e+00  7.9365e+00  4.3995e+01  5.3696e+00  4.6454e+01  6.4206e+01  1.0000e+00
-2.2898e+00 -2.5731e+00 -1.1365e+01 -5.2062e+00 -4.9361e+00 -2.3446e+01  2.4519e+01  1.0000e+00
 1.7303e+00 -8.1383e-01  6.9334e-01 -2.5323e+00  5.2742e+00 -2.5200e+00  6.3702e+00  1.0000e+00
-4.9738e-01  7.6382e-01  5.7776e-01  5.0426e+00  1.6149e+00  3.9800e+00  6.6239e+00  1.0000e+00
-4.3530e-01  4.7462e-01 -4.4795e-02  2.4678e+00 -7.0110e+00 -1.5979e+01  1.7623e+01  1.0000e+00
 1.5274e+00  9.9190e-01 -8.0939e-01  3.6195e+00  4.1252e+00 -2.2163e+00  5.9186e+00  1.0000e+00
-7.6466e-02  3.4935e-01  3.5296e-01  2.3558e+00 -8.1205e-01  2.4234e+01  2.4362e+01  1.0000e+00
 2.9136e-01  7.0536e-01  2.5224e-02  1.6922e+01 -7.9612e+00 -5.4672e+00  1.9484e+01  1.0000e+00
-3.8603e-01  1.1806e+00  3.7083e-02  1.7817e+01  1.5832e+00 -2.9462e+00  1.8128e+01  1.0000e+00
 2.6141e+00 -1.2359e+00  1.3070e+00 -2.2960e+00  3.7255e+00  9.0941e-01  4.4697e+00  1.0000e+00
-1.9216e+00 -5.3271e+00  1.2298e+01 -4.0236e+00 -1.1605e+01  2.5956e+01  2.8716e+01  1.0000e+00
-5.1661e-01  2.1724e-01  3.3266e-01 -3.9319e+00  9.9514e+00 -5.6690e+00  1.2109e+01  1.0000e+00
-1.4970e-01  7.0091e-01  6.9311e-01  6.1633e-01  4.1529e+00  2.2976e+00  4.7860e+00  1.0000e+00
-1.7030e+01  3.2958e+00 -4.8685e+00 -3.5632e+01  8.5470e+00 -9.4369e+00  3.7838e+01  1.0000e+00
-1.1795e-01  8.7618e-01  3.7347e-01  1.2576e+01 -1.0160e+01 -3.1523e+00  1.6472e+01  1.0000e+00
-2.5214e-01  1.0049e+00  3.1914e-01  1.4701e+00 -2.7364e+00  1.2389e+01  1.2773e+01  1.0000e+00
-4.9857e-01  9.1241e-01  3.3795e-01  3.3716e+00  1.2332e+01  1.2470e+01  1.7859e+01  1.0000e+00
-6.5491e+00 -2.2188e+01 -2.5101e+01 -1.4943e+01 -4.4745e+01 -5.2249e+01  7.0394e+01  1.0000e+00
 1.6325e+01 -1.4422e+01  4.0800e+00  3.5552e+01 -3.1275e+01  8.7646e+00  4.8155e+01  1.0000e+00
 1.3311e-01  5.2534e-01 -4.0929e-01  9.7297e+00 -3.2349e+00 -7.2427e+00  1.2553e+01  1.0000e+00
-2.0980e-01  8.1307e-01  4.0022e-01 -2.6910e+01  1.5073e+01  2.6463e+01  4.0640e+01  1.0000e+00
-1.0010e-01  1.0499e+00 -2.1459e-02  1.1370e+01 -3.5233e-01  1.6064e+01  1.9684e+01  1.0000e+00
 7.1339e-01  1.6776e-01 -9.5907e-01 -3.6191e+00  8.2311e+00  9.7321e+00  1.3250e+01  1.0000e+00
-5.3320e-01  9.1777e-01 -4.5143e-01  5.0367e+00 -1.7286e+00  9.7339e+00  1.1095e+01  1.0000e+00
-4.1481e-01  7.5639e-01  3.1962e-01 -2.7471e+00  1.3939e+01 -1.1619e+01  1.8353e+01  1.0000e+00
-8.9456e+00  1.3907e+01 -7.4747e+00 -1.9290e+01  3.0519e+01 -1.5944e+01  3.9468e+01  1.0000e+00
-1.2356e+00  8.5687e-01  4.8812e-01 -1.4091e+01  3.1013e+00  1.6377e+01  2.1827e+01  1.0000e+00
 7.6720e-01  8.5376e-01 -4.3267e-01 -6.8848e+00  3.2325e-01 -1.3573e+00  7.0247e+00  1.0000e+00
-1.0102e-01  1.0976e+00  5.7417e-02  1.0484e+01  1.3327e+01 -1.2108e+01  2.0836e+01  1.0000e+00
-3.2435e-01  9.6093e-01  3.3938e-01 -3.2349e+00  3.2196e+01 -1.2251e+01  3.4599e+01  1.0000e+00
-5.8925e-01  2.7326e-01  2.6561e-02  6.0961e+00 -1.6012e+00  7.5258e+00  9.8165e+00  1.0000e+00
-4.5062e-01  1.0966e+00  1.9088e-02  1.1218e+00 -1.1102e+01  1.6557e+01  1.9966e+01  1.0000e+00
-3.4678e-01  9.1752e-01 -1.5861e-01  9.0807e+00 -5.0166e+00  2.2290e+00  1.0611e+01  1.0000e+00
 1.4376e-01  8.4172e-01 -5.2303e-02 -8.6827e+00 -6.6576e+00  1.2316e+01  1.6474e+01  1.0000e+00
-3.1337e-01  1.1365e+00 -9.9560e-03 -2.3267e+00 -1.3555e+01  1.4851e+00  1.3833e+01  1.0000e+00
-4.7005e-02  1.2312e+00 -1.5228e-01 -8.0936e-01  4.6645e-01  3.9395e+00  4.0487e+00  1.0000e+00
 4.0948e+00 -6.8002e+00  1.1718e+01  9.1747e+00 -1.4356e+01  2.4295e+01  2.9673e+01  1.0000e+00
-2.6390e-01  9.8335e-01  3.0404e-01 -9.1099e+00  2.3174e+01  1.4604e+00  2.4943e+01  1.0000e+00
 3.1799e+01 -2.1787e+01 -4.4576e+01  6.9252e+01 -4.7253e+01 -9.5417e+01  1.2702e+02  1.0000e+00
-1.6294e-01  1.1242e+00 -3.0811e-01 -3.1896e+00 -1.6731e+00  2.0640e+00  4.1513e+00  1.0000e+00
-1.5771e+00  3.0071e+00  2.3098e+00 -2.6193e-01  2.6895e+00 -1.6313e+00  3.1564e+00  1.0000e+00
 8.3339e+00 -2.5465e+00 -1.9415e+00  1.7195e+01 -3.9275e+00 -2.9332e+00  1.7880e+01  1.0000e+00
-1.7574e-01  7.0525e-01  1.7149e-01  1.0737e+01  6.6028e+00 -6.3460e+00  1.4112e+01  1.0000e+00
-1.5389e-01 -1.2007e+00  1.6546e+00  2.9149e+00 -1.4332e-01 -5.4397e-01  2.9687e+00  1.0000e+00
-2.0833e-01  1.0721e+00  2.5000e-01  6.6219e+00  2.2879e+01  5.0671e-01  2.3824e+01  1.0000e+00
-6.5613e-02  5.7472e-01  2.3566e-01  4.3370e+00 -2.0255e+01  4.3815e+00  2.1172e+01  1.0000e+00
-3.1664e-01  1.0988e+00  1.9923e-01  4.1187e+00 -1.6077e+01 -8.1721e+00  1.8499e+01  1.0000e+00
-6.1012e-01  1.0949e+00  7.1322e-01 -2.9536e-01  4.8488e+00  9.9605e+00  1.1082e+01  1.0000e+00
 3.0724e-01  1.1130e+00  3.7732e-01  1.2333e+01  6.5814e+00  7.6283e+00  1.5925e+01  1.0000e+00
-1.7623e-01  1.4799e+00  1.0076e+00  6.9333e+00 -6.3750e+00 -9.8790e+00  1.3649e+01  1.0000e+00
 7.8594e-01 -6.3826e+00  1.1316e+01  1.6904e+00 -1.3261e+01  2.3369e+01  2.6923e+01  1.0000e+00
-1.7831e+01  1.3894e+01 -1.1323e+01 -5.8258e+01  4.4429e+01 -3.7359e+01  8.2241e+01  1.0000e+00
 1.6099e-02  9.0654e-01  2.0346e-01 -2.1367e+01  8.2088e+00 -2.1361e+01  3.1308e+01  1.0000e+00
-8.8165e-01  1.8651e+00  2.2069e-01 -5.4904e+00  1.2545e+01  2.6216e+00  1.3942e+01  1.0000e+00
 2.4790e-01  1.1538e+00  4.3607e-01 -2.4615e+00 -1.1168e+00 -1.2230e+01  1.2525e+01  1.0000e+00
-1.2863e-02  1.5333e+00 -5.3986e-01 -5.6964e+00 -7.5665e+00  6.7216e+00  1.1614e+01  1.0000e+00
-1.4446e+00  1.4252e+00  1.6566e-01 -3.8061e-01  2.8446e-01  5.7024e-02  4.7857e-01  1.0000e+00
 6.7335e-01  1.0655e+00  7.1689e-01 -2.8749e+00  3.6096e+00  4.8921e+00  6.7250e+00  1.0000e+00
-1.0835e+01  9.1220e+00 -3.0343e+00 -2.2542e+01  1.9063e+01 -6.2559e+00  3.0177e+01  1.0000e+00
 6.4364e+00 -5.0273e+00 -1.9695e+01  1.4153e+01 -1.1184e+01 -4.3340e+01  4.6944e+01  1.0000e+00
-4.8611e-01  7.8151e-01  9.3011e-02 -1.8712e+01 -1.7652e+01 -7.8771e+00  2.6903e+01  1.0000e+00
-5.3786e-01 -1.2789e+01 -9.1788e+00 -1.3476e+00 -2.7151e+01 -1.9463e+01  3.3433e+01  1.0000e+00
-4.7287e+00  4.4517e+00 -1.8656e+01 -1.0590e+01  1.0023e+01 -4.0709e+01  4.3241e+01  1.0000e+00
 2.2926e+00 -1.1297e+01  9.4380e-02  4.6210e+00 -2.3508e+01  3.1010e-01  2.3960e+01  1.0000e+00
-1.4845e+00  3.2997e-01  4.1905e-01 -1.3119e+01  1.0559e-01  2.1430e+00  1.3293e+01  1.0000e+00
-2.1851e+00 -2.7902e+00 -1.2302e+01 -4.6219e+00 -6.2400e+00 -2.4930e+01  2.6112e+01  1.0000e+00
 1.1991e+00  3.1173e+00  2.7991e+00  3.6724e+00  6.8871e+00  6.8197e+00  1.0365e+01  1.0000e+00
-1.3604e-01  7.3337e-01 -6.8077e-04 -1.0989e+01 -4.2785e+00 -6.3977e+00  1.3416e+01  1.0000e+00
 6.7138e+00  4.2971e+00  9.3916e+00  1.8375e+01  1.0057e+01  2.4962e+01  3.2587e+01  1.0000e+00
-5.3611e-01  9.0306e-01 -2.0427e-02 -7.5517e+00 -1.7652e+00 -2.0156e+00  8.0129e+00  1.0000e+00
 7.7126e+00 -9.4332e+00 -3.6925e+00  1.6400e+01 -1.9444e+01 -3.5130e+00  2.5679e+01  1.0000e+00
 3.3185e-02  5.3352e-01  2.2010e-01  1.1571e+01 -1.1031e+01  3.7311e+00  1.6416e+01  1.0000e+00
-9.6364e-02  3.1602e-01  4.7259e-01 -9.1328e+00  2.7097e+00 -1.0614e+01  1.4262e+01  1.0000e+00
-1.3082e+01 -5.9007e+00 -4.1291e+00 -2.7690e+01 -1.2381e+01 -8.5194e+00  3.1506e+01  1.0000e+00
 6.7950e+00  3.5791e+00  6.5643e+00  1.2945e+01  7.7566e+00  1.3836e+01  2.0474e+01  1.0000e+00
-4.8333e-01  5.6315e-01  1.5320e-01 -4.9531e+00 -1.0224e+01  8.8465e+00  1.4399e+01  1.0000e+00
 5.1899e+00 -1.7029e+01 -1.3430e+00  1.1523e+01 -3.7023e+01 -2.9387e+00  3.8886e+01  1.0000e+00
 2.6157e+00 -6.1477e-02  2.2975e+00  8.5310e+01 -2.7359e+01  6.5301e+01  1.1086e+02  1.0000e+00
-2.4462e+01 -2.3204e+00  3.6127e+01 -5.6992e+01 -5.5850e+00  8.4063e+01  1.0171e+02  1.0000e+00
 9.8938e+00 -1.7163e+01 -1.3924e+01  2.2074e+01 -3.7817e+01 -3.0806e+01  5.3539e+01  1.0000e+00
 3.5398e-01  6.3381e-01 -1.2702e-01  7.2131e+00 -2.5980e+00 -7.5757e+00  1.0778e+01  1.0000e+00
-1.3134e+00  2.9100e+00  7.9634e-01 -3.4127e+00  1.3993e+01  3.1325e+00  1.4740e+01  1.0000e+00
-2.2416e-01  1.4009e+00  4.2783e-01  4.8730e-01  2.7652e+00  1.6070e+01  1.6314e+01  1.0000e+00
-5.8066e+00 -1.3684e+00 -4.3427e+00 -1.0372e+01 -1.2852e+00 -7.6391e+00  1.2946e+01  1.0000e+00
 1.1035e+00  1.2816e+00  1.7648e-02 -7.3493e+00 -1.0697e+00  2.1440e-02  7.4268e+00  1.0000e+00
-4.2780e-01  1.1819e+00  4.8693e-01  1.0131e+01  3.4485e+00 -9.9936e+00  1.4642e+01  1.0000e+00
-1.2948e-01 -1.2885e+01 -9.1223e+00  2.3181e-01 -2.6961e+01 -1.9210e+01  3.3106e+01  1.0000e+00
-3.4875e-01  1.0025e+00 -4.4093e-02  8.3337e+00 -7.2182e+00  5.2801e+00  1.2224e+01  1.0000e+00
-3.2783e-01  1.1704e+00  3.1076e-01 -5.0543e+00  3.3544e+00 -8.2073e+00  1.0206e+01  1.0000e+00
-2.3549e-01  5.9050e-01  3.6391e-01 -2.1375e+00 -1.7323e+01  6.6316e+00  1.8672e+01  1.0000e+00
-8.1130e-01  7.2703e-01  6.2375e-01 -7.5148e+00  1.6795e+00  1.0958e+00  7.7777e+00  1.0000e+00
-2.7627e-01  8.2555e-01  3.7562e-01  1.1480e+01 -3.0518e+00 -6.8355e+00  1.3705e+01  1.0000e+00
-2.4853e+01 -2.9561e+01  1.3751e+01 -5.1396e+01 -6.2629e+01  2.9561e+01  8.6243e+01  1.0000e+00
-6.2584e-02  8.7257e-01  4.4577e-01 -1.4210e+01  7.3158e-01 -2.3310e+00  1.4418e+01  1.0000e+00
-2.1531e+00  3.7213e+00 -1.6814e+00 -5.0646e+00  9.4513e+00 -3.3060e+00  1.1221e+01  1.0000e+00
-3.2595e-01  7.1827e-01  3.4724e-01  1.6763e+01 -9.2860e+00  3.0486e+00  1.9404e+01  1.0000e+00
-5.7989e-01  6.6998e-01  3.3211e-01 -1.1032e+01  3.0359e+00 -9.9107e-01  1.1484e+01  1.0000e+00
-3.9518e-01  1.0605e+00 -2.4289e-01  7.1985e+00  5.1596e+00 -1.8399e+01  2.0419e+01  1.0000e+00
-7.4875e-02  1.0301e+00  3.4253e-01  1.7361e+01 -1.3441e+01 -1.2580e+01  2.5305e+01  1.0000e+00
-4.0591e-01  9.3289e-01  5.3629e-01 -3.7445e+00 -1.3292e+01  6.2145e+00  1.5143e+01  1.0000e+00
-8.1387e-02 -1.1307e+01  5.4387e+00 -2.0368e-01 -2.3668e+01  1.1093e+01  2.6140e+01  1.0000e+00
-1.4481e+01 -8.7072e+00 -5.2006e+00 -3.1923e+01 -1.8763e+01 -1.1280e+01  3.8708e+01  1.0000e+00
-1.5566e+00  1.2111e-01 -3.1712e-01  2.6507e+00  1.2159e+01  3.8618e+00  1.3030e+01  1.0000e+00
-3.4585e-01  7.7455e-01  3.3275e-01  1.3802e+01 -9.9687e+00 -2.0318e+01  2.6508e+01  1.0000e+00
 1.8650e+01 -6.6948e+00 -1.1238e+00  4.0831e+01 -1.4539e+01 -2.2810e+00  4.3402e+01  1.0000e+00
 2.5587e-01  3.8501e-01  6.4191e-01  1.2072e+01 -1.7408e+00 -1.1394e+01  1.6691e+01  1.0000e+00
 1.8646e+02 -2.3091e+02  1.5153e+02  3.8386e+02 -4.7418e+02  3.0947e+02  6.8408e+02  1.0000e+00
-3.6496e-01  6.7204e-01  3.7383e-01 -2.2801e+01  1.1792e+01  8.3116e+00  2.6982e+01  1.0000e+00
 3.3591e-01  5.2889e-01  6.8792e-02  8.0238e+00 -7.1069e+00 -1.5108e+01  1.8524e+01  1.0000e+00
-8.4565e-02  5.8337e-01  2.2504e-01 -5.5648e+00  1.3082e+01 -1.2893e+01  1.9192e+01  1.0000e+00
 1.0424e+01  8.4461e+00  7.6054e-01  2.1613e+01  1.7299e+01  1.8891e+00  2.7748e+01  1.0000e+00
-8.1256e+00 -2.1557e+00  4.2598e+00 -1.9308e+01 -4.6029e+00  1.0924e+01  2.2657e+01  1.0000e+00
 2.5758e+00 -1.4120e+01  7.6021e-01  5.2959e+00 -2.9675e+01  1.2350e+00  3.0169e+01  1.0000e+00
-4.5068e-01  1.1650e+00 -7.1023e-02  1.3725e+00  2.0855e+01 -4.6811e+00  2.1418e+01  1.0000e+00
 7.0311e-01  6.5907e+00 -1.0156e+01  1.2930e+00  1.3398e+01 -2.1012e+01  2.4954e+01  1.0000e+00
-2.6166e+01  8.8011e+00  9.5748e+00 -6.8598e+01  2.3119e+01  2.5004e+01  7.6586e+01  1.0000e+00
-6.9854e-02  7.5752e-01  2.2450e-01 -2.3023e+01  1.0156e+00  3.8188e+00  2.3360e+01  1.0000e+00
 6.6393e-01  5.5699e-01 -3.8809e-01  2.6365e+00  8.0036e+00  1.0715e+00  8.4945e+00  1.0000e+00
-2.2574e-01  6.6774e-01  1.3412e-01 -1.2000e+01  2.2526e+01 -7.3141e+00  2.6551e+01  1.0000e+00
 1.8272e+00  1.3667e-01 -6.0186e-01  1.5742e+00 -7.2189e-01  7.4457e-01  1.8851e+00  1.0000e+00
 1.4065e+00 -1.4397e+01  1.1434e+01  2.9677e+00 -3.1295e+01  2.4888e+01  4.0095e+01  1.0000e+00
 7.1230e+00 -1.3250e+01  5.3717e+00  2.3546e+01 -4.4214e+01  1.7248e+01  5.2979e+01  1.0000e+00
-4.7394e-01  8.6710e+00  1.2882e+00 -3.2963e+00  1.6196e+01  3.0959e+00  1.6815e+01  1.0000e+00
-3.3992e-01  1.5506e-01 -5.7019e-02 -1.8823e+00  1.3457e+00 -6.9663e+00  7.3405e+00  1.0000e+00
 1.7523e+00 -6.9677e-01  6.1875e-01 -6.8918e+00  3.3754e+00  7.4971e-01  7.7105e+00  1.0000e+00
-1.1385e-01  1.0220e+00  2.3497e-01  1.5666e+01  1.5703e+00  1.0083e+01  1.8696e+01  1.0000e+00
 7.5946e+00 -2.6019e+00  4.1620e+00  1.4938e+01 -3.8461e+00  7.6349e+00  1.7211e+01  1.0000e+00
 3.0799e-01  8.0733e-01  8.7213e-02  1.0191e+01  3.3418e+00 -1.2722e+01  1.6640e+01  1.0000e+00
-1.9159e-02  6.3188e-01 -1.5066e-01 -3.9810e+00  2.7587e+00  8.4085e-01  4.9159e+00  1.0000e+00
-4.3577e-02  6.8227e-01  2.0685e-01 -8.0546e+00  2.2433e+01 -1.3755e+00  2.3875e+01  1.0000e+00
-3.1045e+00 -2.6631e+00 -1.5583e+01 -6.4191e+00 -5.4488e+00 -3.3265e+01  3.4314e+01  1.0000e+00
-1.3829e+00 -6.5003e-01  3.6807e+00 -9.2968e-01  1.2413e-01  4.6834e+00  4.7764e+00  1.0000e+00
 1.8924e+01 -4.4582e-01 -4.1439e+00  4.1377e+01 -7.4143e-01 -8.6153e+00  4.2271e+01  1.0000e+00
 1.1246e-01  1.0424e+00  6.9457e-01  1.6771e-01  1.3338e+01  1.6994e+00  1.3447e+01  1.0000e+00
 6.5883e+00 -1.0173e+00  1.7275e+01  1.4519e+01 -2.7624e+00  3.7963e+01  4.0738e+01  1.0000e+00
-1.7991e-01  7.6347e-01  1.6635e-02 -1.2040e+01  5.0292e-01 -3.1107e+01  3.3360e+01  1.0000e+00
 8.9757e-01  1.2103e+00  8.3804e-01 -2.2790e-01 -5.3804e+00  1.0136e+01  1.1478e+01  1.0000e+00
-7.5622e+00  1.2819e+00  1.2245e+01 -1.5620e+01  2.6852e+00  2.5884e+01  3.0351e+01  1.0000e+00
-1.1203e+00  6.6458e+00 -1.8401e-01 -4.0903e+00  8.6156e+00 -9.4607e-01  9.5841e+00  1.0000e+00
-1.5197e-01  1.1251e+00  2.7573e-01 -1.3318e+01 -8.4302e+00  1.0547e+00  1.5797e+01  1.0000e+00
 8.2829e-01  2.9940e+01  1.9591e+01  2.8187e-01  6.3499e+01  4.0497e+01  7.5314e+01  1.0000e+00
-4.6623e+00  4.1374e+00 -1.7236e+00 -6.9714e+00  6.0897e+00 -1.0635e+00  9.3174e+00  1.0000e+00
 1.2214e+00  9.3206e-01  7.2124e-02  1.4061e+00  6.1418e+00 -3.9955e+00  7.4608e+00  1.0000e+00
-9.3879e-01  9.0295e-01  8.4026e-01 -2.4818e+00  3.7399e-02 -3.9995e+00  4.7071e+00  1.0000e+00
 2.6966e-02  1.4154e-01  4.0059e-01 -2.0583e+00  3.9937e+00  5.9525e+00  7.4578e+00  1.0000e+00
-2.7336e-01  1.2697e+00  2.6849e-01 -7.5983e+00  1.2855e+01  6.2377e+00  1.6183e+01  1.0000e+00
-2.5576e-01  4.6649e-01  5.7873e-02 -6.7332e+00 -1.0203e+01  6.0213e+00  1.3627e+01  1.0000e+00
-2.8953e+00  4.5591e-02  4.0076e+00 -1.7801e+00  1.1716e+00  3.8430e+00  4.3943e+00  1.0000e+00
-6.9718e-01  1.0430e+00  3.0355e-01 -1.5507e+01  9.9998e+00 -2.6656e+00  1.8643e+01  1.0000e+00
-9.6462e+00  8.0929e+00  2.8694e+00 -2.7213e+01  2.2721e+01  7.2656e+00  3.6188e+01  1.0000e+00
-8.8880e-01  5.3947e-01  3.4774e-01  2.2526e+00 -1.0489e+01  1.3987e+00  1.0818e+01  1.0000e+00
-2.4462e-01  1.0045e+00  3.8393e-01 -1.8206e-01 -1.7711e+01  4.7548e+00  1.8339e+01  1.0000e+00
-1.4231e-01  8.0425e-01  2.2542e-01  1.6909e+01  1.0576e+01  2.1043e+00  2.0054e+01  1.0000e+00
 3.0167e-02  9.4139e-01  1.7089e-02 -3.5025e+00  1.3598e+01  9.3466e+00  1.6868e+01  1.0000e+00
 6.2843e+00 -1.0673e+01 -5.3047e+00  1.3242e+01 -2.1749e+01 -1.1143e+01  2.7795e+01  1.0000e+00
 4.3658e-01  9.3873e-02  8.4900e-03  5.0368e+00 -1.1997e+01  9.1731e-01  1.3043e+01  1.0000e+00
 8.1456e+00  2.2080e+00 -1.8482e+01  1.7840e+01  5.2580e+00 -3.8167e+01  4.2458e+01  1.0000e+00
-1.3587e+00  7.3931e+00 -4.7869e+00 -2.5853e+00  1.3863e+01 -7.7768e+00  1.6105e+01  1.0000e+00
-1.6279e+01 -5.7654e+00  3.8759e+00 -3.5644e+01 -1.2178e+01  8.4376e+00  3.8600e+01  1.0000e+00
 2.0336e+01 -1.9666e+00 -8.3583e+00  4.5154e+01 -4.2997e+00 -1.8328e+01  4.8921e+01  1.0000e+00
 7.8664e+00 -4.3421e+01  2.6911e+01  1.7616e+01 -9.7711e+01  6.0738e+01  1.1639e+02  1.0000e+00
-2.9880e-01  9.4272e-01  1.2436e-01  2.8482e+00 -1.3963e+01 -8.2844e+00  1.6484e+01  1.0000e+00
-3.0249e-01  9.0623e-01  8.6911e-01  3.1327e+00 -9.6394e-01  1.5655e+00  3.6323e+00  1.0000e+00
-2.5484e-01  6.1110e-01  1.9387e-01 -5.2777e+00 -4.4505e+00  1.3732e+01  1.5370e+01  1.0000e+00
-1.0378e-01  8.2163e-01  1.3537e-01  3.0504e+01  1.3152e+01 -7.0539e+00  3.3960e+01  1.0000e+00
-1.0024e+01 -5.0597e+00 -5.1297e+00 -2.1075e+01 -9.6627e+00 -1.0790e+01  2.5572e+01  1.0000e+00
 8.8604e-02  9.6920e-01  3.8719e-01  1.1561e+01  2.1351e+01 -6.2016e+00  2.5059e+01  1.0000e+00
 1.6473e-01  1.1973e+00 -9.1594e-01  5.9175e+00  6.0046e+00  6.1132e+00  1.0414e+01  1.0000e+00
-2.8651e-01  1.1004e+00  2.5622e-01 -6.4344e-02 -3.1224e+00 -2.2913e+01  2.3125e+01  1.0000e+00
-3.1992e-01  7.7987e-01  3.2140e-01 -1.3616e+01  1.0202e+01 -5.4728e+00  1.7873e+01  1.0000e+00
 2.6142e+00 -2.6483e+00 -3.1364e+00  3.0534e+00 -1.7833e+00 -2.8700e+00  4.5541e+00  1.0000e+00
 1.4140e-01  5.5064e-01  2.8385e-01  1.2715e+01 -3.4422e-01  1.0588e+00  1.2764e+01  1.0000e+00
-2.7136e-01  1.3705e+00  1.4700e-01  1.4050e+00 -6.8789e+00 -5.7018e+00  9.0445e+00  1.0000e+00
 6.8225e+00 -8.1686e+00 -1.0093e+01  1.4275e+01 -1.7689e+01 -2.0879e+01  3.0864e+01  1.0000e+00
 9.1228e-01  1.1995e+00 -8.8794e-01  2.6479e+01  1.0464e+01 -1.3711e+01  3.1601e+01  1.0000e+00
-2.8376e-01  9.2241e-01  1.4381e-01  3.3687e+00  1.7376e+01 -1.7726e+01  2.5050e+01  1.0000e+00
 9.9242e-02  2.9337e-01  8.3672e-02  5.7701e+00 -1.0005e+01  2.1110e+00  1.1741e+01  1.0000e+00
 1.0455e-02  9.3481e-01 -3.5178e-01  1.0248e+01  1.8908e+01 -6.2817e+00  2.2405e+01  1.0000e+00
 5.8642e+00 -2.5759e+00 -3.8612e+00  3.1235e+01 -1.6084e+01 -2.0508e+01  4.0680e+01  1.0000e+00
-6.5005e-02  8.9677e-01  2.8053e-01 -4.4002e-02 -3.9946e+00  1.7146e+01  1.7605e+01  1.0000e+00
-1.6238e+00  1.4301e+00 -1.4488e-01 -2.3394e+00  2.3749e+00 -1.2469e+00  3.5591e+00  1.0000e+00
-2.0717e+01  5.0071e+00  1.0182e+01 -6.0244e+01  1.4456e+01  2.9743e+01  6.8724e+01  1.0000e+00
 1.8171e-02  6.9173e-01  3.3044e-01  4.9039e-01  1.9165e+01 -4.4183e+00  1.9674e+01  1.0000e+00
 9.2312e+00  6.4896e+00 -8.3125e-01  1.8067e+01  1.3552e+01 -1.0221e+00  2.2608e+01  1.0000e+00
-9.8958e-02  4.6953e-01  1.9575e-01 -3.1925e+00  1.3443e+01 -8.9884e-01  1.3846e+01  1.0000e+00
-3.5055e-01  1.2767e+00 -1.3457e-01  2.2356e+00  1.1957e+01  3.4439e+00  1.2643e+01  1.0000e+00
-1.7401e-01  9.9495e-01  1.2365e-01  1.1439e+00 -1.0774e+01  7.8887e+00  1.3403e+01  1.0000e+00
 1.7150e+00  8.6499e+00 -2.4650e-01  4.0554e+00  1.5458e+01 -1.4405e+00  1.6046e+01  1.0000e+00
-1.8566e+02  2.3031e+02 -1.5382e+02 -3.7964e+02  4.7214e+02 -3.1702e+02  6.8377e+02  1.0000e+00
-4.1700e-01  1.4264e+00  5.2178e-01 -9.1148e+00 -1.3827e+01 -7.4165e+00  1.8146e+01  1.0000e+00
-3.8400e-01  1.0893e+00  3.1636e-01 -4.0965e+00  5.2700e+00  2.3266e+00  7.0687e+00  1.0000e+00
-1.6475e-01  6.7400e-01  2.1065e-01 -6.8981e+00  3.6407e+01 -2.9196e+00  3.7169e+01  1.0000e+00
-3.7802e-01  1.1974e+00  4.9387e-01 -1.0781e+01  1.1792e+01 -5.3104e+00  1.6837e+01  1.0000e+00
-1.6668e-02  1.0123e+00  1.4132e-01 -1.1882e+00 -1.6443e+01 -1.7169e+01  2.3802e+01  1.0000e+00
 6.4591e+00 -9.5185e+00 -9.1670e+00  1.4926e+01 -1.9339e+01 -1.8399e+01  3.0583e+01  1.0000e+00
 2.6011e+00 -4.9000e-01  2.3796e-01  1.0516e+00  7.9448e-01  1.6936e+00  2.1460e+00  1.0000e+00
-1.9278e+00  1.3651e-01  2.2747e+00  1.3068e+00  1.5349e+00  2.5003e+00  3.2118e+00  1.0000e+00
-1.9559e-01  9.3077e-01  1.6218e-01  2.4224e+00 -1.2007e+01 -8.9927e+00  1.5196e+01  1.0000e+00
-1.4126e+01  8.1134e-01  1.2062e+01 -3.0719e+01  2.2758e+00  2.6568e+01  4.0678e+01  1.0000e+00
 1.2041e-01  8.7982e-01  3.7863e-01 -1.4189e+01  2.2205e+00  1.3408e+01  1.9647e+01  1.0000e+00
-5.6395e-01  8.5664e-01  2.8786e-01  1.8741e+00 -4.7497e+00  1.3959e+01  1.4864e+01  1.0000e+00
-9.5499e+00  8.6579e+00 -1.5390e+01 -2.0823e+01  1.9228e+01 -3.3635e+01  4.3985e+01  1.0000e+00
 1.6140e+01 -1.1038e+01  4.4483e+00  3.5253e+01 -2.3894e+01  9.8324e+00  4.3708e+01  1.0000e+00
 8.6966e+00 -5.3365e+00  9.6839e+00  1.7926e+01 -1.1034e+01  2.0559e+01  2.9424e+01  1.0000e+00
 2.7500e-01  8.7583e-01  1.5261e+00 -5.2685e+00  1.8419e+00  4.4775e+00  7.1552e+00  1.0000e+00
-1.0087e-01  9.5605e-01  7.4126e-02 -3.6177e+00 -1.2506e+00  6.9942e+00  7.9732e+00  1.0000e+00
-1.5708e-01  1.1668e+00  1.6694e-01  1.1364e+01 -1.0678e+01 -4.8680e+00  1.6336e+01  1.0000e+00
-6.8849e+00  1.1101e+00  2.3100e+00 -1.1568e+01  1.0258e+00  3.2531e+00  1.2061e+01  1.0000e+00
-1.2590e-01  8.4562e-01  2.0230e-01 -5.1822e+00  1.1703e+01  1.2521e+01  1.7905e+01  1.0000e+00
-1.4772e-01  7.0545e-01  3.1647e-01 -7.9831e+00  9.1705e+00  4.4407e+00  1.2944e+01  1.0000e+00
-1.8111e-01  1.1544e+00  4.6186e-01 -1.2635e+01 -7.8895e-01 -3.7846e+00  1.3213e+01  1.0000e+00
-1.0004e-01  7.9126e-01  2.6634e-01 -1.2986e+00 -1.4864e+01  1.0456e+01  1.8220e+01  1.0000e+00
-6.3683e+00  6.0921e+00 -5.3295e+00 -1.2203e+01  1.3432e+01 -1.0185e+01  2.0810e+01  1.0000e+00
 2.0869e-02  3.5517e-01  2.5980e-01  1.7482e+01  4.2908e+00  7.3746e+00  1.9453e+01  1.0000e+00
-4.9123e+00  3.1272e+00 -1.2051e+01 -1.0377e+01  6.5199e+00 -2.4971e+01  2.7816e+01  1.0000e+00
-1.5520e+00  7.7980e+00  3.3418e+00 -5.5861e+00  1.3608e+01  4.4230e+00  1.5360e+01  1.0000e+00
-1.5300e+01 -3.4171e+00 -4.3503e+00 -3.3619e+01 -6.9232e+00 -8.5566e+00  3.5375e+01  1.0000e+00
-1.6835e+00  4.9212e-01  6.0452e-01  5.7035e+00 -1.2347e+00  1.8797e+00  6.1308e+00  1.0000e+00
-6.2289e-02 -2.5728e-01 -2.8785e+00 -1.2232e-01 -3.6593e-01 -3.9414e+00  3.9602e+00  1.0000e+00
-5.9337e-01  7.2368e-01  2.7820e-01  4.6036e+00 -5.0046e+00 -2.1020e+01  2.2093e+01  1.0000e+00
 1.6131e-01  9.0770e-01  1.3248e+00 -5.8298e+00  2.2283e+00  9.0714e+00  1.1011e+01  1.0000e+00
-2.1619e-01  5.7213e-01  2.2014e-01  1.6218e+00 -7.1166e-02  3.2583e+01  3.2623e+01  1.0000e+00
-9.4964e-03  7.9259e-01  2.5977e-01 -1.0107e+01  2.2617e+00  1.1524e+01  1.5494e+01  1.0000e+00
-2.6002e-01  7.5722e-01  6.4189e-01  2.5916e+00  2.9593e+00  1.8961e+01  1.9365e+01  1.0000e+00
 2.8563e+00 -1.3948e+00  4.9217e-01  2.0192e+00  9.4343e-01 -5.0633e+00  5.5321e+00  1.0000e+00
 5.6227e-01  2.6345e+00 -2.9324e-01  6.4508e+00  1.6658e+01 -6.5457e+00  1.9025e+01  1.0000e+00
-1.7519e-01  5.2946e-01  5.1748e-01 -8.0738e+00  1.5994e+01 -1.4170e+01  2.2842e+01  1.0000e+00
-1.9908e+01  2.2225e+01 -1.3573e+01 -4.1968e+01  4.4238e+01 -2.6658e+01  6.6550e+01  1.0000e+00
 1.5275e-01  5.6045e-01 -1.8073e+00  3.7814e-01  2.8806e+00  2.5598e+00  3.8722e+00  1.0000e+00
 2.1364e+00  2.0442e+00 -8.1941e-01 -4.2481e+00  4.3486e+00  1.0247e+00  6.1649e+00  1.0000e+00
-3.9932e+00 -1.4296e+00 -3.5499e+00 -2.0337e+01 -1.1202e+01 -2.0808e+01  3.1178e+01  1.0000e+00
-2.9714e-01  6.8291e-01  2.6146e-01 -3.8124e+00  7.3966e+00 -6.4133e+00  1.0506e+01  1.0000e+00
-3.6520e-01 -1.0923e+01 -5.9171e+00 -6.1787e-01 -2.2178e+01 -1.2615e+01  2.5522e+01  1.0000e+00
-2.1041e-01  8.0143e-01 -6.5380e-02  7.6846e+00 -8.0898e+00 -4.0902e+00  1.1884e+01  1.0000e+00
 6.4977e+00 -9.5723e+00 -9.0483e+00  1.2695e+01 -2.0606e+01 -1.9788e+01  3.1262e+01  1.0000e+00
-2.5557e-01  4.8589e-01  4.7434e-01  6.0746e+00  1.0575e+01 -1.3093e+01  1.7893e+01  1.0000e+00
-2.9703e+00  1.4832e+00 -1.2998e+00 -9.1810e+01  2.1763e+01 -4.8817e+01  1.0623e+02  1.0000e+00
 6.3893e-01  7.1825e+00  3.0420e+00  2.6318e+00  1.2639e+01  4.3822e+00  1.3634e+01  1.0000e+00
 3.2082e+00 -6.6721e+00  1.0470e+01  7.0310e+00 -1.3730e+01  2.1862e+01  2.6756e+01  1.0000e+00
-4.1026e-01  7.0224e-01  2.7585e-01  1.2784e+01 -2.1694e+00  1.6061e+01  2.0642e+01  1.0000e+00
-7.2940e+00  4.4719e+00 -1.5856e+00 -4.2882e+01  2.3607e+01 -1.0037e+01  4.9969e+01  1.0000e+00
-3.3071e-01  6.5608e-01  2.6235e-01  3.3387e-02  1.5573e+00  7.6173e+00  7.7749e+00  1.0000e+00
-3.3131e-01  8.3956e-01  1.5949e-01  3.8327e+00  2.5840e+01  5.3189e-01  2.6129e+01  1.0000e+00
-8.0224e+00 -2.6828e+00  4.9446e+00 -1.5695e+01 -5.3899e+00  8.6561e+00  1.8717e+01  1.0000e+00
-6.9919e-01  1.2355e+00  2.0331e-01 -2.8539e+00 -1.9730e+00  1.0882e+01  1.1422e+01  1.0000e+00
-1.0976e-01  6.9853e-01  1.2616e-01  1.3505e+01  6.0079e+00 -1.1437e+01  1.8689e+01  1.0000e+00
 1.2196e+01 -1.5721e+01 -1.2338e+00  2.6965e+01 -3.4236e+01 -2.8029e+00  4.3670e+01  1.0000e+00
-1.7173e-01 -1.5818e-01  3.5697e-01  2.3568e+00 -1.6406e+00 -2.3835e+00  3.7319e+00  1.0000e+00
 3.5047e-01  5.6657e-01  2.0809e-01  1.3886e+01 -2.0741e+01  7.6221e+00  2.6098e+01  1.0000e+00
-2.6806e-01  4.7063e-01  4.6735e-01  1.5339e+01  4.0988e+00  2.0776e+00  1.6012e+01  1.0000e+00
-2.1723e-01  5.4869e-01  9.2520e-02  1.8210e+01  1.9507e+01 -2.6493e+00  2.6817e+01  1.0000e+00
 1.5841e+00 -9.0395e-01  3.8788e-01 -4.3317e+00  5.0038e+00  1.1555e+00  6.7184e+00  1.0000e+00
-3.5921e-01  7.6002e-01  5.7130e-01 -9.3933e+00  9.6688e-01  7.0129e+00  1.1762e+01  1.0000e+00
 4.4630e-01  1.6482e+00 -2.3026e-01  2.5571e+00 -3.8639e+00  6.5232e+00  8.0013e+00  1.0000e+00
-4.2370e+00 -1.5852e+00 -9.8634e-01 -7.7462e+00 -1.9663e+00 -1.1032e+00  8.0677e+00  1.0000e+00
-2.2713e-02  1.1352e+00  8.0930e-01 -4.3301e+00 -2.4170e+00 -4.8573e+00  6.9415e+00  1.0000e+00
-2.7657e-01  1.2101e+00  3.1379e-01 -5.0686e+00  1.4443e+01  7.1112e+00  1.6878e+01  1.0000e+00
-3.4837e-01  1.1480e+00  1.6552e-01 -8.7709e+00 -1.0502e+00  6.2203e+00  1.0804e+01  1.0000e+00
-1.1790e-01  1.1452e+00  2.8855e-02 -3.2103e+00  6.5649e+00  4.4474e+00  8.5547e+00  1.0000e+00
 1.6713e-02  6.3162e-01  3.1588e-01 -4.6255e+00 -1.0011e+01 -3.3743e-01  1.1033e+01  1.0000e+00
 4.4130e-01  8.4164e-01  3.7750e-01  9.7165e+00 -7.6896e+00 -8.7049e+00  1.5143e+01  1.0000e+00
-2.5378e-01  1.0109e+00  3.3312e-01 -1.8437e+00  2.7005e+01  1.4707e+01  3.0805e+01  1.0000e+00
-2.8032e-01  1.9025e-01  1.7599e-01  7.6484e+00 -1.1092e+00  3.7951e-01  7.7377e+00  1.0000e+00
-1.8023e+01  1.4719e+01  6.7365e+00 -8.1342e+01  6.5192e+01  3.0745e+01  1.0868e+02  1.0000e+00
-1.8157e-01  4.8642e-01  1.0593e+00  1.0584e+01 -5.5482e+00  9.2355e+00  1.5103e+01  1.0000e+00
-7.4713e-01  1.0750e-01 -2.3043e-01  1.6545e+00  2.4910e+00 -4.9843e-01  3.0317e+00  1.0000e+00
-6.8245e+01  2.4508e+00  6.1157e+01 -2.4181e+02  7.3671e+00  2.1773e+02  3.2547e+02  1.0000e+00
-8.5278e-03  8.2688e-01  4.8133e-01 -3.9941e+00 -6.0743e+00  1.2199e+01  1.4201e+01  1.0000e+00
-2.3217e-02 -8.8994e-02  1.0913e+00  4.0868e+00  8.4412e-01  4.1290e+00  5.8706e+00  1.0000e+00
-1.8501e-02  5.7954e-01  1.6249e-01  1.4150e+01  1.9992e+00  6.9696e+00  1.5900e+01  1.0000e+00
-2.4926e+00  3.7758e+00  9.6342e+00 -4.4087e+00  6.1785e+00  1.6457e+01  1.8123e+01  1.0000e+00
 4.9072e+00  1.7674e+00  1.0860e+00  4.7742e+00  3.1813e+00  2.0255e+00  6.0841e+00  1.0000e+00
 7.0094e+00 -3.9954e+00 -6.0365e+00  1.3569e+01 -8.3095e+00 -1.1498e+01  1.9631e+01  1.0000e+00
-1.3894e-01  9.2832e-01  5.2731e-01  1.1923e+01  3.3606e+00  2.7935e+00  1.2699e+01  1.0000e+00
 9.6745e+00 -9.8897e+00 -1.4655e+01  2.1397e+01 -2.1533e+01 -3.1674e+01  4.3872e+01  1.0000e+00
-2.3614e-01  1.0874e+00  2.8923e-01 -1.7309e+01 -1.1489e+00 -2.5790e+00  1.7538e+01  1.0000e+00
-2.0356e-01  1.0821e+00  1.4356e-01  3.7137e+00  4.6335e+00 -1.2251e+00  6.0631e+00  1.0000e+00
 3.9863e-02  8.5402e-01  1.9587e-01 -4.2359e+00 -2.1938e+00  5.8548e+00  7.5522e+00  1.0000e+00
-3.9757e+00 -5.7675e+00 -5.7203e+00 -2.5116e+01 -4.1869e+01 -3.8546e+01  6.2206e+01  1.0000e+00
 2.3353e-02 -2.7536e-01  3.8518e-01  2.4660e+00 -7.9477e+00  6.0013e+00  1.0260e+01  1.0000e+00
-8.2185e-01  6.0560e-01 -1.3374e-01  1.2034e+01  8.5560e+00 -1.6980e+00  1.4863e+01  1.0000e+00
-1.7944e-01  9.5738e-01  4.8898e-01  7.5332e+00 -1.4322e+01 -9.0190e+00  1.8526e+01  1.0000e+00
-3.5482e-01  1.0273e+00 -4.9714e-02 -1.0088e+01 -7.3647e+00  1.2288e+01  1.7522e+01  1.0000e+00
-1.3223e+00  9.4305e-01  1.3367e+00  7.1428e+00 -2.9160e+00 -4.2192e+00  8.7934e+00  1.0000e+00
-9.6398e-01  1.4616e+00  1.8337e+00 -4.1107e+00  6.7684e+00  8.5825e+00  1.1678e+01  1.0000e+00
-2.6101e+00  3.7380e+00  1.0822e+01 -4.5773e+00  7.9772e+00  2.1692e+01  2.3561e+01  1.0000e+00
-9.6414e-01 -2.7708e-01  2.7901e-01  6.1880e+00  4.6174e+00  1.1195e+01  1.3599e+01  1.0000e+00
-2.8071e-01  9.1719e-01  2.6999e-01  1.6692e+01  1.9016e+01 -1.6877e+01  3.0415e+01  1.0000e+00
-2.3151e-01  9.5756e-01  1.8866e-01 -8.2552e+00  1.1490e+01 -2.0206e+01  2.4667e+01  1.0000e+00
-2.8415e-01  2.1309e+00  1.7901e+00  4.7328e+00 -2.7135e+00 -5.2322e+00  7.5590e+00  1.0000e+00
 7.4922e+00 -1.8824e+01  3.3148e+01  1.5612e+01 -3.9408e+01  7.0902e+01  8.2607e+01  1.0000e+00
 1.4150e+01  2.7088e+00  1.3295e+01  3.0826e+01  5.8265e+00  2.9286e+01  4.2917e+01  1.0000e+00
-1.7328e+00  9.9562e-01 -1.2041e-01 -1.2976e+01  1.5862e+00 -5.1717e+00  1.4058e+01  1.0000e+00
 2.0989e-01  6.0332e-01  1.3889e-01  1.4504e+01  7.9328e-01  1.9293e+00  1.4653e+01  1.0000e+00
-5.3441e-01  1.0650e+00  2.8099e-01  1.2751e+00  2.1608e+00  1.0070e+00  2.7035e+00  1.0000e+00
-3.7601e+00  2.3997e+00  1.4893e+01 -8.0715e+00  5.5783e+00  3.1870e+01  3.3346e+01  1.0000e+00
-9.8999e+00 -2.1325e+00 -9.5280e+00 -2.0582e+01 -2.5483e+00 -1.9053e+01  2.8163e+01  1.0000e+00
 4.5609e-01 -4.1474e-01 -9.9689e-02  6.2502e+00  1.0658e-01 -4.4123e+00  7.6515e+00  1.0000e+00
-5.1285e+00 -8.4731e+00 -7.7682e-01 -1.2305e+01 -2.2398e+01 -1.3156e+00  2.5589e+01  1.0000e+00
-1.6392e+00 -8.2759e-01  7.8657e-01 -8.7390e-01 -2.7322e+00  1.2247e+00  3.1191e+00  1.0000e+00
-1.6678e-02  6.7569e-01  2.1424e-01 -5.7259e-01 -1.1557e+00 -5.7310e+00  5.8744e+00  1.0000e+00
-1.9027e+00 -1.0845e+00 -1.3364e-01 -4.9139e+00 -2.0050e+00  6.1533e-02  5.3075e+00  1.0000e+00
-5.1129e-03  9.4955e-01  1.4407e-01 -1.5729e+01 -7.4868e+00 -1.3190e+01  2.1850e+01  1.0000e+00
-2.8098e-01  5.8630e-01  2.5854e-01  1.6846e+01 -7.0471e+00  7.1671e+00  1.9617e+01  1.0000e+00
-5.1207e+00  1.6091e+01 -2.0956e+00 -1.0857e+01  3.4638e+01 -4.3532e+00  3.6560e+01  1.0000e+00
 3.3978e+00  8.1046e-01  3.2059e+00  3.0306e+00  4.1341e+00  6.1411e+00  7.9993e+00  1.0000e+00
-9.5064e+00 -3.0147e-01 -2.4348e+00 -1.8305e+01  3.6354e-01 -4.9002e+00  1.8953e+01  1.0000e+00
 7.5384e-01  1.3845e+00 -2.2077e+00  5.4073e+00  2.8535e+00 -6.3139e+00  8.7890e+00  1.0000e+00
-7.6663e+00 -3.1081e+00  5.2675e+00 -1.4352e+01 -4.9630e+00  1.0367e+01  1.8388e+01  1.0000e+00
-2.0083e-01  7.6041e-01  2.5997e-01 -1.9987e+01  4.4871e+00 -1.2592e+01  2.4045e+01  1.0000e+00
 1.8799e+01  6.7603e+00  1.5843e+00  4.0896e+01  1.4987e+01  3.3520e+00  4.3685e+01  1.0000e+00
 6.8857e+00  9.6669e+00  1.2020e+00  1.4391e+01  1.9580e+01  3.1182e+00  2.4499e+01  1.0000e+00
-1.4695e+01 -8.9299e+00 -5.5328e+00 -3.1968e+01 -1.8792e+01 -1.1917e+01  3.8949e+01  1.0000e+00
-9.1882e-01 -8.2848e-02  2.1806e-01 -5.7475e-01  1.5095e+01  8.6897e+00  1.7427e+01  1.0000e+00
-1.4500e+01 -4.0535e-01 -3.7858e+00 -3.1019e+01 -4.4634e-01 -8.1857e+00  3.2084e+01  1.0000e+00
-3.7612e-01  9.1016e-01 -8.2550e-01 -4.9255e+00  4.0716e+00 -5.3221e+00  8.3164e+00  1.0000e+00
-4.5750e-01  1.1536e+00  6.6060e-02 -2.8700e+00  5.7549e+00  2.0073e+00  6.7368e+00  1.0000e+00
-3.0714e+00  1.1765e+01 -4.6119e+00 -5.8743e+00  2.4877e+01 -9.1373e+00  2.7145e+01  1.0000e+00
 1.5907e+01  1.3128e+01 -1.0029e+01  4.7278e+01  3.8259e+01 -2.9517e+01  6.7603e+01  1.0000e+00
-2.3470e-02  9.0778e-01  7.2172e-01  6.7932e+00  1.2405e+01 -1.2676e+01  1.8992e+01  1.0000e+00
-1.1601e+00  2.9424e-01 -2.9150e+00  1.0827e+00  3.2824e+00  6.9480e-01  3.5255e+00  1.0000e+00
-1.3691e-01  3.7580e-01  4.0394e-01 -8.3168e+00 -1.7292e+01 -1.0145e+01  2.1705e+01  1.0000e+00
 3.0886e+00 -2.7222e+00 -8.1182e-01  4.5954e+00 -2.4943e+00  3.6594e+00  6.3820e+00  1.0000e+00
 1.0907e+00 -1.0082e+00  6.6146e-01  8.3274e+00 -6.8571e+00  1.4968e+00  1.0891e+01  1.0000e+00
-1.0395e+00  9.2017e-01  1.0721e+00  5.3725e+00  7.7913e+00 -1.6706e+00  9.6104e+00  1.0000e+00
-1.1103e+01 -5.5691e+00 -1.9448e+01 -2.4891e+01 -1.2641e+01 -4.3988e+01  5.2098e+01  1.0000e+00
-1.9925e+01 -6.7084e+00 -6.4712e-01 -4.3921e+01 -1.4276e+01 -1.5471e+00  4.6209e+01  1.0000e+00
 2.3587e+00 -2.4482e+00 -3.5117e+00  5.0412e+00 -1.3865e+00 -3.9725e+00  6.5663e+00  1.0000e+00
 2.0192e+01  3.4222e+00 -2.0782e+00  4.4133e+01  7.9513e+00 -4.7281e+00  4.5092e+01  1.0000e+00
 3.4762e-02  6.0199e-01  4.4720e-01  6.4605e+00  8.4946e+00  1.3487e+01  1.7198e+01  1.0000e+00
-4.3016e-01  7.2153e-01  2.3810e-01  1.5710e+00 -1.4445e+01 -3.3850e+00  1.4919e+01  1.0000e+00
-2.6786e-01  8.9978e-01  5.2420e-01  1.1563e+01  3.9685e+00  1.5215e+01  1.9518e+01  1.0000e+00
 1.0003e+00  2.0552e-01  4.6537e-01 -3.0711e+00  5.9372e+00 -1.1370e+00  6.7805e+00  1.0000e+00
-2.0326e-01  7.8295e-01  5.6111e-01 -1.6068e+00 -9.3862e+00 -6.0704e-01  9.5421e+00  1.0000e+00
-6.2953e-01  1.4262e+00  2.1834e-01 -2.4922e+00  1.4131e+01 -6.1753e+00  1.5622e+01  1.0000e+00
-4.5293e-01  1.2043e+00  2.9281e-03  9.3543e-01 -3.3842e+00  1.0988e+01  1.1535e+01  1.0000e+00
-8.3257e+00  7.1211e+00 -1.3853e+00 -1.6507e+01  1.3937e+01 -2.2716e+00  2.1723e+01  1.0000e+00
-1.6232e-01  6.4423e-01 -6.9762e-02 -5.8276e+00 -1.6076e+01  8.1051e-01  1.7119e+01  1.0000e+00
-8.6404e+00 -2.5800e+00 -5.0340e-02 -1.5861e+01 -4.8205e+00 -4.3357e-01  1.6583e+01  1.0000e+00
-1.8604e-01  1.3582e+00 -6.0848e-01 -3.1399e+00 -4.2399e+00  4.4801e+00  6.9215e+00  1.0000e+00
 3.4862e-01  7.4447e-01  6.1270e-01  3.8692e+00 -3.4746e+00  3.1119e+00  6.0604e+00  1.0000e+00
-3.4161e-01  5.9772e-01  2.6579e-01 -1.7605e+01 -3.9533e+00  2.2243e+00  1.8180e+01  1.0000e+00
-1.6461e-02  9.3263e-01 -8.4420e-02 -1.5785e+01  1.3060e+01  6.9045e-01  2.0499e+01  1.0000e+00
 6.4490e+00 -1.5961e+01 -7.6866e+00  1.4098e+01 -3.4470e+01 -1.6659e+01  4.0798e+01  1.0000e+00
-1.4467e+01 -2.6461e+00  1.3031e+01 -3.1667e+01 -5.3171e+00  2.8504e+01  4.2937e+01  1.0000e+00
-3.3373e-01  1.3575e+00  5.5885e-01 -2.8913e+00 -5.3442e+00 -1.8157e+00  6.3417e+00  1.0000e+00
-2.1701e+00 -1.1863e+00 -3.5033e+00 -2.5268e+00  5.2626e-01 -1.9775e+00  3.2515e+00  1.0000e+00
 1.7068e+00 -7.6565e-01  1.0580e+00 -5.0334e+00  5.8589e+00 -3.6053e-01  7.7325e+00  1.0000e+00
-3.3756e-01  6.3365e-01  4.2166e-02 -1.9204e+01 -6.7079e+00 -1.1158e+01  2.3201e+01  1.0000e+00
-1.4223e+00 -1.2877e+01 -9.0487e+00 -2.3617e+00 -2.8105e+01 -2.0019e+01  3.4586e+01  1.0000e+00
-2.4047e+00  4.1624e+00 -3.3294e+00 -3.3163e+00  5.5889e+00 -2.9425e+00  7.1338e+00  1.0000e+00
-8.2460e-02  7.9983e-01  3.6553e-01  2.8113e+01  7.5627e+00 -1.2237e+01  3.1580e+01  1.0000e+00
-6.1680e-01  4.6827e-01  1.5442e-01 -1.0656e+01 -5.5474e+00 -5.7273e+00  1.3309e+01  1.0000e+00
 5.5473e-01  1.6296e+00  5.4363e-02 -3.1713e+00 -5.7768e+00  1.0644e+00  6.6754e+00  1.0000e+00
-2.7166e+00  1.2130e+01 -5.1423e+00 -5.6994e+00  2.4657e+01 -1.0087e+01  2.7244e+01  1.0000e+00
-2.5599e-01  9.0509e-01  3.7134e-01  1.8802e+01 -1.7062e+00 -2.8086e+01  3.3842e+01  1.0000e+00
 2.6495e-01  2.1981e+00  1.5172e+01  1.8454e+00  5.1523e+00  2.8616e+01  2.9134e+01  1.0000e+00
 1.0883e-01  2.7220e+00 -1.1577e+00  1.2214e+00  1.0564e+01 -8.5281e+00  1.3632e+01  1.0000e+00
-2.5635e-01  8.8709e-01  5.9856e-02  7.4195e+00  1.6807e+01  2.3293e+00  1.8519e+01  1.0000e+00
-3.2928e-01  8.9088e-01  1.6655e-01  7.0595e-01 -2.9652e+01 -5.2356e+00  3.0119e+01  1.0000e+00
-1.1820e-01  5.8197e-01 -3.0696e-01  4.5534e+00 -5.3598e+00  9.6864e+00  1.1970e+01  1.0000e+00
 4.5164e+00  9.3106e+00  5.0388e+00  9.4027e+00  1.9050e+01  9.8856e+00  2.3431e+01  1.0000e+00
-1.0355e-01  8.6385e-01  4.3408e-01  2.2455e+00  8.9517e+00 -4.3384e+00  1.0198e+01  1.0000e+00
 4.2234e-01 -9.2757e-03  5.7344e-01  9.5289e+00 -9.2795e+00  7.4179e+00  1.5229e+01  1.0000e+00
-6.7976e-01  5.8940e-01  3.5768e-01 -2.0178e+00  1.7263e+00 -8.7243e+00  9.1195e+00  1.0000e+00
-2.8584e-01  2.3231e-01  5.7729e-03 -8.5569e-01  3.7110e+00  2.5068e+00  4.5593e+00  1.0000e+00
 3.2553e-01  5.2155e-01  1.4733e-01 -1.0896e+00  7.8126e+00  2.2068e+00  8.1911e+00  1.0000e+00
-1.4850e-01  8.6364e-01  6.9772e-02 -7.2904e+00  1.0235e+01 -4.5527e+00  1.3365e+01  1.0000e+00
 7.3825e+00 -5.4364e+00 -9.5641e-01  1.3992e+01 -1.0007e+01 -1.3953e+00  1.7259e+01  1.0000e+00
-9.5036e-02  3.7629e-01  2.1055e-01 -7.5021e+00 -9.1399e+00 -1.0438e+01  1.5773e+01  1.0000e+00
 1.3373e+01 -2.4625e+01  1.5691e+01  2.5258e+01 -5.0398e+01  3.2474e+01  6.5058e+01  1.0000e+00
-1.0306e-01 -3.3786e-01  9.2581e-01 -2.3606e+00  1.4166e+01  9.3864e+00  1.7157e+01  1.0000e+00
 1.3514e+00 -6.7577e+00 -1.9273e+01  2.7562e+00 -1.4634e+01 -4.2043e+01  4.4602e+01  1.0000e+00
-5.1388e+00 -7.6262e+00 -1.3093e+01 -1.1771e+01 -1.6294e+01 -2.8146e+01  3.4587e+01  1.0000e+00
-9.7063e-01 -1.3962e+01  1.5130e+00 -1.7968e+00 -2.9748e+01  3.2000e+00  2.9973e+01  1.0000e+00
-1.9187e+01 -9.7511e+00 -5.0316e+00 -4.2549e+01 -2.1180e+01 -1.1026e+01  4.8791e+01  1.0000e+00
 1.3150e-01  8.7589e-01  2.8268e-01 -1.2858e+00  1.8043e+01  1.4934e+01  2.3457e+01  1.0000e+00
-1.5473e+01 -3.8192e+00 -2.9238e+00 -3.3600e+01 -8.2219e+00 -6.2265e+00  3.5147e+01  1.0000e+00
-2.9854e-01  8.0363e-01 -1.1941e+00  1.2193e+00  1.5713e+00 -1.6939e+00  2.6124e+00  1.0000e+00
-6.4885e-01  7.7984e-01  4.8821e-01 -5.2732e+00  9.9971e+00  1.1446e+01  1.6086e+01  1.0000e+00
-2.4864e+00 -2.7251e-02 -7.6095e+00 -5.1306e+00  7.2375e-01 -1.7201e+01  1.7965e+01  1.0000e+00
-1.0317e+00  3.5266e-01  9.9417e-01  9.1365e-01 -4.9595e+00  1.1776e+01  1.2810e+01  1.0000e+00
-3.8342e-01  6.8248e-01  2.3636e-01 -6.1479e+00 -1.5397e+00  7.5941e+00  9.8913e+00  1.0000e+00
