# limit = 16.1899
#
# x           y           z           vx          vy          vz          s           m
-9.1679e-02 -1.5316e+00 -1.1654e-01 -3.5062e+00  6.6134e+00  6.1233e+00  9.6708e+00  1.0000e+00
-3.3282e-01  9.7273e-01  4.2573e-01  3.1775e+00  2.0489e+01 -7.7511e+00  2.2135e+01  1.0000e+00
 1.6399e+01  6.5435e-01  3.2110e+00  3.4266e+01  1.9731e+00  6.7221e+00  3.4975e+01  1.0000e+00
-1.0196e-01  6.9320e-01 -3.7109e-01  3.3812e+00  2.6847e+00  7.7477e+00  8.8695e+00  1.0000e+00
-1.3825e+01  5.2508e+00  8.3443e+00 -2.9452e+01  1.0916e+01  1.7384e+01  3.5900e+01  1.0000e+00
 5.9804e+00 -1.9498e+00  1.7134e+01  1.3004e+01 -3.6432e+00  3.6363e+01  3.8789e+01  1.0000e+00
 9.7531e-01 -1.3969e+01 -9.7016e+00  1.5012e+00 -2.9514e+01 -2.0137e+01  3.5761e+01  1.0000e+00
 3.7485e-01 -2.0627e-01 -3.3629e-01  2.0927e+00  1.3584e+00  1.3802e+00  2.8512e+00  1.0000e+00
-2.2030e+01  1.6037e+01  4.9458e+01 -4.5547e+01  3.3390e+01  1.0464e+02  1.1890e+02  1.0000e+00
 2.5927e+01 -1.3741e+01  6.6516e-01  1.1453e+02 -6.2035e+01  3.0424e+00  1.3029e+02  1.0000e+00
 2.8014e+00  3.6140e+00  2.3745e+00  1.5497e+00  3.9726e+00  1.7817e+00  4.6214e+00  1.0000e+00
-2.6669e-01  7.3992e-01  6.1620e-02 -3.5919e+00 -4.8620e+00 -1.5368e+01  1.6514e+01  1.0000e+00
-1.0971e+00  2.6200e+00 -1.2005e-01 -1.1888e+00  1.0381e+01  3.4347e+00  1.0999e+01  1.0000e+00
 4.5569e+00  1.0507e+00 -8.2768e-01  7.0575e+00  2.9974e+00 -1.6418e-02  7.6677e+00  1.0000e+00
 1.1645e+00 -5.7229e-01  7.2257e-01  5.9092e+00 -7.8273e+00  2.4983e-01  9.8106e+00  1.0000e+00
-5.9861e+00 -9.4317e-01 -4.6787e+00 -1.0871e+01 -2.6381e+00 -6.6658e+00  1.3022e+01  1.0000e+00
 1.0001e+01 -1.0443e+01 -1.1927e+01  2.1126e+01 -2.2160e+01 -2.5585e+01  3.9899e+01  1.0000e+00
-8.0457e-02  4.4164e-01  4.3051e-01  4.6840e+00 -1.2623e+01 -2.4726e+00  1.3689e+01  1.0000e+00
-2.7796e-01  9.5430e-01  3.9547e-01  1.7023e+00  1.8279e+00 -2.1757e+00  3.3125e+00  1.0000e+00
 3.4667e+01  2.8320e+01 -1.2326e+01  7.3441e+01  5.8908e+01 -2.5210e+01  9.7464e+01  1.0000e+00
-1.9407e-01  1.1495e+00  1.8663e-01 -1.2649e+01  1.8229e+01 -1.5984e+01  2.7346e+01  1.0000e+00
-6.2080e-01  6.0695e-01  1.9918e-01 -9.8331e+00  4.0927e+00 -5.8740e+00  1.2163e+01  1.0000e+00
-2.2936e+00 -2.4258e+00  4.4100e+00 -8.6412e+00 -1.2335e+01  1.6870e+01  2.2614e+01  1.0000e+00
-7.4570e+00  1.4057e+01 -1.4260e+01 -1.5967e+01  3.0589e+01 -3.0570e+01  4.6100e+01  1.0000e+00
-4.9647e-01  1.6043e+01 -7.1202e+00 -1.2278e+00  3.3962e+01 -1.4931e+01  3.7119e+01  1.0000e+00
-3.9225e+00  2.1170e+00 -6.4229e+00 -8.4021e+00  5.5739e+00 -1.0826e+01  1.4794e+01  1.0000e+00
 5.2173e+00 -1.2576e+01  2.4468e+00  1.0159e+01 -2.6513e+01  4.8269e+00  2.8800e+01  1.0000e+00
 3.2928e+01 -8.5785e+00 -3.1758e+01  7.5256e+01 -1.9839e+01 -7.2627e+01  1.0645e+02  1.0000e+00
 9.5131e-01 -1.9366e+01 -2.5550e+01  2.1775e+00 -4.2197e+01 -5.5643e+01  6.9868e+01  1.0000e+00
-2.2966e-01  7.2239e-01  3.0390e-01  2.7523e+00 -2.9085e+00 -6.7036e+00  7.8085e+00  1.0000e+00
-4.5046e-01  8.0990e-01 -1.9917e-01 -9.8597e+00  1.2884e+01  1.0207e+00  1.6256e+01  1.0000e+00
-3.9161e-01  7.8979e-01  1.2660e-01 -1.0324e+01 -6.0049e+00  3.8858e+00  1.2560e+01  1.0000e+00
-1.2168e-02  6.3278e-01  7.1151e-01  3.2958e+00  7.0378e+00  1.1686e+01  1.4034e+01  1.0000e+00
-5.3885e-01  9.2498e-01  2.8517e-01 -1.1569e+01  2.4154e-01 -1.3380e+01  1.7689e+01  1.0000e+00
 1.4294e-01  7.0187e-01  8.2129e-02 -4.0366e+00 -4.0250e+00  4.8781e+00  7.5027e+00  1.0000e+00
-2.2459e-02  1.2751e+00  2.3097e-01  4.2905e+00 -1.0275e+01 -1.3703e+01  1.7657e+01  1.0000e+00
-3.2337e-01  2.5881e+00 -1.0691e+00  3.5995e+00  3.4989e+00 -2.5327e+00  5.6226e+00  1.0000e+00
-1.3427e+01  2.5715e+01 -3.2505e+01 -2.8541e+01  5.4698e+01 -6.7949e+01  9.1780e+01  1.0000e+00
 5.7113e-02  1.0626e+00 -2.4804e-01  6.2424e+00  1.8434e+00  2.3387e+00  6.9163e+00  1.0000e+00
 9.8411e+00 -2.2299e+00  8.2599e+00  1.9729e+01 -4.1380e+00  1.6728e+01  2.6195e+01  1.0000e+00
 5.6464e+00  5.1819e+00  5.7749e-01  9.0214e+00  8.7506e+00  2.1189e+00  1.2745e+01  1.0000e+00
 2.7632e+00  7.7330e-01 -3.3520e-01  4.6498e+00  1.3034e+00 -3.0190e+00  5.6950e+00  1.0000e+00
-2.9121e-02  1.2930e+00  2.9764e-01  4.0541e+00  8.0803e+00  1.3430e+01  1.6189e+01  1.0000e+00
 1.9440e+00 -5.7609e+00  1.8618e+01  4.3135e+00 -1.2055e+01  3.9759e+01  4.1770e+01  1.0000e+00
 1.7968e+01  8.7047e+00  1.4166e+00  3.8893e+01  1.8671e+01  3.1508e+00  4.3257e+01  1.0000e+00
 1.1502e+00 -1.1682e+01  1.8814e+00  3.2495e+00 -2.3937e+01  4.2594e+00  2.4529e+01  1.0000e+00
-1.0038e-01  6.6671e-01  4.1502e-01 -3.3087e+00  1.1672e+00 -1.1573e+01  1.2093e+01  1.0000e+00
 2.5618e+00 -1.8932e+00 -2.1350e-01  1.6241e+00  2.8718e+00  1.9069e+00  3.8107e+00  1.0000e+00
 8.2484e+00 -3.1946e+00  3.6584e+00  1.4964e+01 -5.8858e+00  7.1562e+00  1.7601e+01  1.0000e+00
-3.0786e-01  8.9482e-01  4.0876e-01  1.2402e+01 -1.7520e+01  1.1515e+01  2.4359e+01  1.0000e+00
 1.7707e-01  5.0121e-01 -1.5798e-01  7.1007e+00 -5.2075e+00 -6.8759e+00  1.1172e+01  1.0000e+00
-1.5345e-02  5.9378e-01 -5.5100e-03 -1.8615e+00  6.5924e+00 -7.2114e-01  6.8880e+00  1.0000e+00
-2.6099e+00 -4.1195e+00  4.1015e+00 -3.6346e+00 -5.7635e+00  6.1215e+00  9.1597e+00  1.0000e+00
 3.3118e-01  1.0802e+00  2.5623e-01  1.2639e+00  5.6505e+00  3.7226e+00  6.8835e+00  1.0000e+00
-3.2806e-01  9.5901e-01  4.4436e-01  3.5228e-01  2.4402e+01  3.4266e+01  4.2068e+01  1.0000e+00
-3.4152e-01  9.3445e-01 -9.9501e-02 -6.6051e+00 -2.8203e+00  1.0584e+01  1.2791e+01  1.0000e+00
-2.4189e-01  1.0263e+00  3.3088e-01  6.9587e+00  4.7432e+00 -6.0960e+00  1.0396e+01  1.0000e+00
-1.0234e-01  8.1584e-01  5.0937e-01  2.5204e+00  6.1457e+00 -1.6460e+01  1.7749e+01  1.0000e+00
-2.3078e-02  1.2135e+00 -2.9327e-01  7.0092e+00  1.9972e+00  6.7780e+00  9.9529e+00  1.0000e+00
 4.5548e+00 -2.4311e+00  1.3395e+01  9.0798e+00 -5.4356e+00  2.7971e+01  2.9906e+01  1.0000e+00
-2.5710e-01  1.0047e+00  2.7267e-01  4.0334e+00 -2.2335e+01  1.0600e+01  2.5049e+01  1.0000e+00
-2.2016e+00 -3.2388e+00  1.7298e+00 -7.9657e+00 -1.6004e+01  6.3060e+00  1.8956e+01  1.0000e+00
 8.1267e+00  7.6463e-01 -3.9329e+00  1.8637e+01  2.0100e+00 -8.9082e+00  2.0754e+01  1.0000e+00
 1.0913e-01  7.0713e-01 -2.0367e-01  1.2562e+01 -1.0774e+01 -1.7085e+00  1.6638e+01  1.0000e+00
 9.4670e-01 -3.6042e-01  4.8894e-01 -1.0311e+01  5.1841e+00 -2.1343e+00  1.1737e+01  1.0000e+00
-5.8809e-01  1.1092e+00  2.3306e-01 -1.4665e+01 -2.3920e+00  1.2975e+01  1.9727e+01  1.0000e+00
-2.2359e-01  8.2051e-01  7.8335e-02 -4.8612e+00 -1.1279e-01 -1.4783e-01  4.8648e+00  1.0000e+00
-1.9253e-01  9.2517e-01  2.9137e-01 -4.3931e+00  1.6884e+01 -6.8916e+00  1.8758e+01  1.0000e+00
-3.5944e-01  6.6152e-01 -9.2992e-02 -1.0727e+01 -5.8593e+00  9.6448e-01  1.2261e+01  1.0000e+00
-4.1245e-01  1.0200e+00  2.9623e-01 -1.8390e+00  2.5666e+00 -1.1915e+00  3.3748e+00  1.0000e+00
 1.6056e+01  1.8321e+00  2.9408e+00  3.4068e+01  3.4850e+00  6.0786e+00  3.4781e+01  1.0000e+00
-8.9891e-02  7.5936e-01  3.7744e-03 -7.1860e+00  5.3263e+00 -2.7250e+00  9.3506e+00  1.0000e+00
-9.8142e-01  2.3277e-01  7.2184e-01  2.0022e+00 -1.3063e+00  6.8461e-01  2.4868e+00  1.0000e+00
-7.8700e-01  4.8682e-01 -1.9866e-01  1.4483e+01  7.5186e+00  5.5477e+00  1.7236e+01  1.0000e+00
-5.4974e-01  1.1857e+00  4.4879e-02  7.9567e+00  1.1814e+00  4.2808e+00  9.1121e+00  1.0000e+00
-9.0107e-02  4.6066e-01  1.4294e-01 -1.8585e+00 -1.2103e+01  4.6009e+00  1.3081e+01  1.0000e+00
-5.2189e-01  9.2890e-01 -5.0900e-03  4.7962e+00  1.5313e+00  8.1885e+00  9.6125e+00  1.0000e+00
-6.0894e-03  3.8547e-01  7.7268e-01  6.1204e-01 -3.1825e+00  1.1344e+01  1.1798e+01  1.0000e+00
 1.9220e+01 -9.2554e+00 -2.2314e+00  4.1594e+01 -1.9558e+01 -4.7067e+00  4.6203e+01  1.0000e+00
-1.1358e+01 -6.9951e+00 -4.4206e+00 -2.3686e+01 -1.4041e+01 -8.8294e+00  2.8916e+01  1.0000e+00
-1.2834e-01  7.7781e-01  2.9341e-01 -1.5177e+01 -1.7270e+01 -8.2845e-02  2.2991e+01  1.0000e+00
 1.0811e+01  2.6424e+00  7.0559e+00  3.2421e+01  7.0018e+00  2.0756e+01  3.9127e+01  1.0000e+00
-5.0590e-01  1.0428e+00  3.6803e-01 -2.2390e+01  2.0401e+01  1.3199e-01  3.0290e+01  1.0000e+00
 4.1940e+00  3.5662e+00  5.3277e+00  6.2654e+00  6.5265e+00  8.5164e+00  1.2425e+01  1.0000e+00
-3.2448e-01  6.5342e-01  3.2762e-01  9.0276e+00 -5.0849e+00  7.7137e+00  1.2917e+01  1.0000e+00
-2.8718e-01  8.6937e-01  2.0268e-01  1.0639e+01 -2.4017e+01  1.1517e+01  2.8682e+01  1.0000e+00
-7.8207e-01  1.1680e+00  7.0245e-01 -1.4965e+01  7.2809e+00  7.1607e+00  1.8118e+01  1.0000e+00
 1.6554e+00 -1.0586e+00  1.9425e+00 -2.2524e+00  2.9897e+00 -1.7995e+00  4.1533e+00  1.0000e+00
 6.3946e+01  1.6358e+01 -6.2205e+01  2.2218e+02  5.5313e+01 -2.1506e+02  3.1413e+02  1.0000e+00
-4.7273e-01  3.7405e-01  4.7445e-01  1.1379e+01 -1.5500e+00  5.5635e+00  1.2761e+01  1.0000e+00
 2.1113e+00 -8.6483e-01  1.6587e+00 -1.6506e+00  2.2166e+00 -2.6856e+00  3.8536e+00  1.0000e+00
-1.4345e-01  9.0387e-01 -1.0257e-01 -8.7872e+00  2.4848e+01  3.4378e+00  2.6579e+01  1.0000e+00
-1.8039e+00  1.2625e+00  8.3019e-01 -6.5087e+00  1.5087e+00  1.5472e+00  6.8581e+00  1.0000e+00
-1.3751e-01  1.3242e+00  4.6343e-01 -8.9169e+00  6.4410e-01 -7.4595e+00  1.1643e+01  1.0000e+00
 3.1963e+00 -1.1618e+00 -3.4963e-01  8.6741e+00 -3.0995e+00 -8.4415e-01  9.2498e+00  1.0000e+00
-4.4600e-01  1.2344e+00  5.4819e-02 -4.2420e+00  8.8603e+00 -7.5245e+00  1.2374e+01  1.0000e+00
 2.5420e+00  5.9276e+00  9.7758e+00  1.7380e+01  3.4175e+01  6.1514e+01  7.2485e+01  1.0000e+00
-6.2796e+00 -9.2104e+00 -1.0333e+01 -1.3099e+01 -1.8956e+01 -2.1423e+01  3.1462e+01  1.0000e+00
 1.4155e+00 -2.9522e+00 -1.2714e+01  2.7558e+00 -5.5011e+00 -2.3591e+01  2.4380e+01  1.0000e+00
 9.8961e-01  3.9992e+00 -2.0499e+00  3.8944e+00  3.2289e+00 -4.3429e-01  5.0775e+00  1.0000e+00
-3.3769e-01  7.5033e-01  1.6023e-01 -9.7302e+00  1.5003e+00 -1.1910e+01  1.5452e+01  1.0000e+00
-1.1002e-02  8.7366e-01  1.8271e-01 -5.9131e+00  7.1955e+00  8.2926e+00  1.2470e+01  1.0000e+00
 9.3416e-01  4.0997e-01  1.4629e-01 -1.2381e+01  1.0900e+01  3.0786e+00  1.6780e+01  1.0000e+00
-1.4328e-01  4.8838e-01  1.2244e-01 -1.9883e+01  1.3051e+01  6.3155e+00  2.4608e+01  1.0000e+00
 1.5885e+01  6.0478e+00 -4.0146e-01  3.3482e+01  1.3278e+01 -9.1115e-01  3.6030e+01  1.0000e+00
-2.4539e-01  7.1919e-01  4.4433e-01  1.6252e+01  4.9566e+00 -8.9224e+00  1.9191e+01  1.0000e+00
 1.1798e+01  6.6442e-01  1.3238e+01  2.4897e+01  1.5484e+00  2.7918e+01  3.7439e+01  1.0000e+00
-1.0947e+00  1.3239e+00  3.3206e-01  3.1332e+00 -4.2381e+00 -3.8886e+00  6.5498e+00  1.0000e+00
-7.1160e-01  9.7113e-01  3.5150e-01  2.3220e+00  2.3322e+01 -3.3269e+00  2.3672e+01  1.0000e+00
-1.9207e+01  4.0337e+00  4.3740e+00 -4.1271e+01  9.0242e+00  9.5031e+00  4.3301e+01  1.0000e+00
-3.9409e-01  1.0255e+00  3.7101e-01 -1.3184e+01 -8.3569e+00  2.3715e+01  2.8391e+01  1.0000e+00
 4.1264e+00 -6.7086e+00  1.2054e+01  7.4346e+00 -1.2883e+01  2.5344e+01  2.9387e+01  1.0000e+00
 4.5240e+00 -4.6730e+00  9.7259e+00  8.7436e+00 -9.3388e+00  1.9482e+01  2.3307e+01  1.0000e+00
 7.7911e+00 -9.5875e+00 -3.7642e+00  1.8040e+01 -1.8647e+01 -1.0808e+01  2.8106e+01  1.0000e+00
 3.1379e+00 -1.4932e+00  8.3914e-01 -3.7405e-01  2.0326e+00  1.0984e+00  2.3405e+00  1.0000e+00
-1.7041e-01  7.3074e-01 -1.3459e-01 -1.4161e+00  6.8699e+00  1.8449e+01  1.9737e+01  1.0000e+00
-2.5602e-01  9.8595e-01  5.1743e-01  7.7524e+00  3.0566e+01  6.8904e+00  3.2278e+01  1.0000e+00
-4.9557e-01  3.8893e-01  2.5995e-01  4.7294e+00  2.7993e+00  1.1758e+01  1.2979e+01  1.0000e+00
-5.4827e-01  7.9776e-01  6.1386e-01 -8.4744e+00  4.1495e+00 -6.4471e+00  1.1428e+01  1.0000e+00
-2.0442e-01  8.1244e-01  2.0442e-01 -2.7778e+01  1.5346e+01  5.5040e-01  3.1740e+01  1.0000e+00
-5.3133e-01  8.7282e-01  1.3431e-01  8.1749e+00  2.9085e+00 -1.5270e+01  1.7563e+01  1.0000e+00
-6.4377e-01  1.0299e+00  3.5835e-01  6.2384e+00 -8.7623e+00 -5.0635e+00  1.1888e+01  1.0000e+00
-2.5286e+01  1.0469e+01  9.5574e+00 -5.4995e+01  2.2927e+01  2.1211e+01  6.3246e+01  1.0000e+00
-3.0988e-01  6.4848e-01  3.4961e-01  6.6577e+00 -1.0874e+01  5.6098e+00  1.3930e+01  1.0000e+00
-7.0087e-01  1.3851e+00 -3.0545e-01  2.1889e+00 -3.3227e+00  5.0929e+00  6.4629e+00  1.0000e+00
-5.5767e-03  6.6341e-01  4.6903e-01 -6.9446e+00  2.2304e+00 -9.5299e+00  1.2001e+01  1.0000e+00
 9.3807e+00 -8.0403e+00 -3.2631e+00  1.9399e+01 -1.6256e+01 -6.1524e+00  2.6047e+01  1.0000e+00
-3.6459e-01  6.4560e-01  2.6319e-01 -3.9485e+00  1.9388e+01 -2.1419e+00  1.9901e+01  1.0000e+00
 6.3312e+00 -5.4964e+00  1.3853e+01  1.3009e+01 -1.1159e+01  2.9427e+01  3.4055e+01  1.0000e+00
 7.3148e+00  1.5193e+00  8.2932e+00  4.3979e+01  5.3683e+00  4.6435e+01  6.4181e+01  1.0000e+00
-2.3298e+00 -2.6109e+00 -1.1545e+01 -5.2019e+00 -4.9333e+00 -2.3435e+01  2.4507e+01  1.0000e+00
 1.7098e+00 -7.7100e-01  6.7286e-01 -2.8429e+00  5.9190e+00 -2.8271e+00  7.1491e+00  1.0000e+00
-4.4293e-01  7.8153e-01  5.9653e-01  1.0254e+01  2.8659e+00  6.1769e-01  1.0665e+01  1.0000e+00
-4.0895e-01  4.3181e-01 -1.5598e-01  4.2312e+00 -4.2110e+00 -1.3026e+01  1.4328e+01  1.0000e+00
 1.5534e+00  1.0233e+00 -8.2530e-01  3.1452e+00  4.0628e+00 -1.9302e+00  5.4885e+00  1.0000e+00
-6.8686e-02  3.5890e-01  5.3284e-01 -1.0382e-02  3.1517e+00  2.2123e+01  2.2346e+01  1.0000e+00
 4.0687e-01  6.4620e-01 -1.0497e-02  1.3351e+01 -7.4716e+00 -3.9867e+00  1.5810e+01  1.0000e+00
-2.4824e-01  1.1698e+00  2.9090e-02  1.8119e+01 -4.3427e+00  1.0424e+00  1.8661e+01  1.0000e+00
 2.5958e+00 -1.2069e+00  1.3137e+00 -2.4589e+00  3.8421e+00  8.2762e-01  4.6361e+00  1.0000e+00
-1.9525e+00 -5.4162e+00  1.2497e+01 -4.0196e+00 -1.1598e+01  2.5942e+01  2.8699e+01  1.0000e+00
-5.4016e-01  3.0652e-01  2.8666e-01 -2.0760e+00  1.3431e+01 -6.3391e+00  1.4996e+01  1.0000e+00
-1.4885e-01  7.3873e-01  6.8883e-01 -4.0469e-01  5.6178e+00 -3.2562e+00  6.5058e+00  1.0000e+00
-1.7304e+01  3.3615e+00 -4.9410e+00 -3.5621e+01  8.5447e+00 -9.4338e+00  3.7827e+01  1.0000e+00
-3.8820e-02  7.9947e-01  3.2622e-01  6.6199e+00 -8.7362e+00 -9.4608e+00  1.4479e+01  1.0000e+00
-2.7270e-01  9.7041e-01  4.0095e-01 -6.0465e+00 -8.9025e+00  7.4712e+00  1.3101e+01  1.0000e+00
-4.3860e-01  9.9652e-01  4.1548e-01  1.1461e+01  1.0158e+01  6.8997e+00  1.6798e+01  1.0000e+00
-6.6639e+00 -2.2531e+01 -2.5502e+01 -1.4942e+01 -4.4744e+01 -5.2245e+01  7.0391e+01  1.0000e+00
 1.6598e+01 -1.4662e+01  4.1474e+00  3.5548e+01 -3.1270e+01  8.7631e+00  4.8148e+01  1.0000e+00
 2.0333e-01  5.0451e-01 -4.5610e-01  8.5977e+00 -2.2274e+00 -5.0188e+00  1.0201e+01  1.0000e+00
-4.1383e-01  9.1727e-01  5.7020e-01 -2.5118e+01  1.2101e+01  1.8282e+01  3.3340e+01  1.0000e+00
-2.4303e-02  1.0311e+00  1.2045e-01  9.5583e+00 -5.6099e+00  1.7677e+01  2.0864e+01  1.0000e+00
 6.8388e-01  2.3224e-01 -8.8190e-01 -4.0755e+00  8.5675e+00  1.0380e+01  1.4063e+01  1.0000e+00
-4.8895e-01  9.0383e-01 -3.6576e-01  6.5390e+00 -1.9105e+00  1.2697e+01  1.4409e+01  1.0000e+00
-3.9750e-01  8.6050e-01  2.2831e-01  6.5128e+00  1.3029e+01 -1.0721e+01  1.8087e+01  1.0000e+00
-9.0936e+00  1.4141e+01 -7.5971e+00 -1.9285e+01  3.0510e+01 -1.5939e+01  3.9457e+01  1.0000e+00
-1.3377e+00  8.8045e-01  6.1239e-01 -1.2560e+01  3.0413e+00  1.5985e+01  2.0555e+01  1.0000e+00
 7.0982e-01  8.5562e-01 -4.3987e-01 -8.0695e+00  1.5180e-01 -4.9668e-01  8.0862e+00  1.0000e+00
-3.7347e-02  1.1830e+00 -2.2160e-02  6.4422e+00  8.8877e+00 -8.6321e+00  1.3964e+01  1.0000e+00
-3.2053e-01  1.1838e+00  2.3392e-01  1.3295e+00  2.4805e+01 -1.3984e+01  2.8507e+01  1.0000e+00
-5.3521e-01  2.7158e-01  8.8897e-02  7.9541e+00  1.2428e+00  8.6758e+00  1.1836e+01  1.0000e+00
-4.2219e-01  1.0062e+00  1.6038e-01  6.5843e+00 -1.2766e+01  1.9896e+01  2.4539e+01  1.0000e+00
-2.6727e-01  8.8544e-01 -1.1767e-01  1.0945e+01 -3.5941e+00  8.6508e+00  1.4407e+01  1.0000e+00
 5.8744e-02  7.8901e-01  5.6255e-02 -1.3814e+01 -6.8382e+00  1.6030e+01  2.2239e+01  1.0000e+00
-3.2791e-01  1.0160e+00  2.3240e-02 -4.6610e-02 -1.7988e+01  7.7550e+00  1.9588e+01  1.0000e+00
-5.9673e-02  1.2220e+00 -1.1151e-01 -2.4955e+00 -2.9407e+00  6.8128e+00  7.8288e+00  1.0000e+00
 4.1652e+00 -6.9100e+00  1.1905e+01  9.1524e+00 -1.4245e+01  2.4355e+01  2.9663e+01  1.0000e+00
-3.3063e-01  1.1456e+00  3.1117e-01 -9.0506e+00  1.8147e+01 -1.7208e+00  2.0352e+01  1.0000e+00
 3.2330e+01 -2.2150e+01 -4.5308e+01  6.9252e+01 -4.7253e+01 -9.5417e+01  1.2702e+02  1.0000e+00
-1.8743e-01  1.1052e+00 -2.7842e-01 -3.2512e+00 -3.3179e+00  5.7292e+00  7.3758e+00  1.0000e+00
-1.5788e+00  3.0272e+00  2.2968e+00 -1.7080e-01  2.5412e+00 -1.7717e+00  3.1026e+00  1.0000e+00
 8.4659e+00 -2.5766e+00 -1.9640e+00  1.7165e+01 -3.9176e+00 -2.9259e+00  1.7848e+01  1.0000e+00
-9.9166e-02  7.7274e-01  1.4506e-01  8.6380e+00  1.0669e+01 -1.2018e+00  1.3780e+01  1.0000e+00
-1.3149e-01 -1.2006e+00  1.6495e+00  2.9195e+00  1.6818e-01 -7.7417e-01  3.0251e+00  1.0000e+00
-1.6898e-01  1.2157e+00  2.5801e-01  3.7472e+00  1.4582e+01  7.7491e-01  1.5076e+01  1.0000e+00
-4.7025e-02  4.4515e-01  2.6099e-01  1.0766e+00 -1.4050e+01  2.8726e+00  1.4381e+01  1.0000e+00
-2.6178e-01  9.6214e-01  1.5703e-01  9.0494e+00 -1.9268e+01 -4.0216e+00  2.1664e+01  1.0000e+00
-6.0690e-01  1.1275e+00  7.7819e-01  1.1343e+00  3.6258e+00  7.0922e+00  8.0456e+00  1.0000e+00
 3.8791e-01  1.1572e+00  4.3247e-01  8.8973e+00  4.9562e+00  6.6373e+00  1.2156e+01  1.0000e+00
-1.2360e-01  1.4260e+00  9.2586e-01  6.7447e+00 -7.6973e+00 -1.1459e+01  1.5363e+01  1.0000e+00
 7.9893e-01 -6.4844e+00  1.1495e+01  1.6919e+00 -1.3252e+01  2.3355e+01  2.6905e+01  1.0000e+00
-1.8278e+01  1.4235e+01 -1.1610e+01 -5.8253e+01  4.4426e+01 -3.7356e+01  8.2235e+01  1.0000e+00
-1.7373e-01  9.5123e-01  3.7011e-02 -2.7482e+01  2.8274e+00 -1.9649e+01  3.3902e+01  1.0000e+00
-9.2122e-01  1.9570e+00  2.4081e-01 -4.8333e+00  1.1429e+01  2.6181e+00  1.2682e+01  1.0000e+00
 2.1854e-01  1.1350e+00  3.3655e-01 -5.6150e+00 -3.8638e+00 -1.3562e+01  1.5179e+01  1.0000e+00
-5.8193e-02  1.4701e+00 -4.8332e-01 -6.1141e+00 -8.9606e+00  8.0500e+00  1.3508e+01  1.0000e+00
-1.4437e+00  1.4254e+00  1.6630e-01  6.2375e-01 -2.2406e-01  1.1183e-01  6.7214e-01  1.0000e+00
 6.4593e-01  1.0916e+00  7.5125e-01 -4.2554e+00  3.1705e+00  4.0505e+00  6.6759e+00  1.0000e+00
-1.1008e+01  9.2685e+00 -3.0824e+00 -2.2529e+01  1.9053e+01 -6.2523e+00  3.0161e+01  1.0000e+00
 6.5451e+00 -5.1131e+00 -2.0027e+01  1.4150e+01 -1.1182e+01 -4.3332e+01  4.6936e+01  1.0000e+00
-6.1014e-01  6.5164e-01  4.5674e-02 -1.3798e+01 -1.6093e+01 -4.6345e+00  2.1699e+01  1.0000e+00
-5.4807e-01 -1.2997e+01 -9.3283e+00 -1.3138e+00 -2.7152e+01 -1.9449e+01  3.3425e+01  1.0000e+00
-4.8099e+00  4.5286e+00 -1.8968e+01 -1.0588e+01  1.0021e+01 -4.0700e+01  4.3232e+01  1.0000e+00
 2.3281e+00 -1.1477e+01  9.6767e-02  4.6172e+00 -2.3490e+01  3.1166e-01  2.3942e+01  1.0000e+00
-1.5815e+00  3.3243e-01  4.3525e-01 -1.2174e+01  5.3394e-01  2.0877e+00  1.2363e+01  1.0000e+00
-2.2206e+00 -2.8381e+00 -1.2494e+01 -4.6200e+00 -6.2342e+00 -2.4906e+01  2.6087e+01  1.0000e+00
 1.2271e+00  3.1698e+00  2.8510e+00  3.6121e+00  6.7803e+00  6.7012e+00  1.0194e+01  1.0000e+00
-2.2536e-01  7.1479e-01 -3.0192e-02 -1.1461e+01 -4.5449e-01 -1.3001e+00  1.1544e+01  1.0000e+00
 6.8549e+00  4.3743e+00  9.5831e+00  1.8364e+01  1.0049e+01  2.4945e+01  3.2565e+01  1.0000e+00
-5.6934e-01  9.0513e-01 -4.2576e-02 -5.7696e-01  1.6333e+00 -1.4937e+00  2.2873e+00  1.0000e+00
 7.8286e+00 -9.5841e+00 -3.7204e+00  1.3983e+01 -1.9795e+01 -4.2183e+00  2.4600e+01  1.0000e+00
 1.0413e-01  4.6673e-01  2.4839e-01  7.3106e+00 -6.7472e+00  3.7448e+00  1.0630e+01  1.0000e+00
-1.6755e-01  3.5528e-01  3.7888e-01 -9.3222e+00  7.4341e+00 -1.3380e+01  1.7922e+01  1.0000e+00
-1.3294e+01 -5.9956e+00 -4.1945e+00 -2.7678e+01 -1.2375e+01 -8.5163e+00  3.1492e+01  1.0000e+00
 6.8944e+00  3.6387e+00  6.6705e+00  1.2925e+01  7.7465e+00  1.3818e+01  2.0445e+01  1.0000e+00
-5.0696e-01  5.0103e-01  2.2858e-01 -1.3019e+00 -5.9810e+00  1.0375e+01  1.2046e+01  1.0000e+00
 5.2784e+00 -1.7314e+01 -1.3655e+00  1.1520e+01 -3.7012e+01 -2.9380e+00  3.8875e+01  1.0000e+00
 3.2702e+00 -2.7143e-01  2.7985e+00  8.5187e+01 -2.7329e+01  6.5199e+01  1.1070e+02  1.0000e+00
-2.4900e+01 -2.3633e+00  3.6772e+01 -5.6990e+01 -5.5848e+00  8.4060e+01  1.0171e+02  1.0000e+00
 1.0063e+01 -1.7453e+01 -1.4161e+01  2.2072e+01 -3.7813e+01 -3.0802e+01  5.3533e+01  1.0000e+00
 3.9911e-01  6.1656e-01 -1.7719e-01  4.6481e+00 -1.9243e+00 -5.5336e+00  7.4786e+00  1.0000e+00
-1.3390e+00  3.0161e+00  8.2003e-01 -3.2461e+00  1.3662e+01  3.0398e+00  1.4367e+01  1.0000e+00
-2.2200e-01  1.4056e+00  5.4453e-01  7.3338e-02 -1.4514e+00  1.4163e+01  1.4237e+01  1.0000e+00
-5.8861e+00 -1.3781e+00 -4.4013e+00 -1.0341e+01 -1.2499e+00 -7.6246e+00  1.2909e+01  1.0000e+00
 1.0434e+00  1.2717e+00  1.8352e-02 -8.3186e+00 -1.5076e+00  1.6423e-01  8.4557e+00  1.0000e+00
-3.3643e-01  1.2020e+00  4.0029e-01  1.3009e+01  6.5903e-01 -1.3073e+01  1.8454e+01  1.0000e+00
-1.2786e-01 -1.3092e+01 -9.2699e+00  1.9029e-01 -2.6944e+01 -1.9209e+01  3.3091e+01  1.0000e+00
-2.8506e-01  9.5192e-01  2.0613e-02  9.3219e+00 -6.7010e+00  1.2153e+01  1.6718e+01  1.0000e+00
-3.5252e-01  1.1643e+00  2.4093e-01 -6.5158e-01 -5.5043e+00 -9.2972e+00  1.0824e+01  1.0000e+00
-2.4525e-01  4.8316e-01  4.0577e-01  2.9279e-01 -9.9351e+00  4.6299e+00  1.0965e+01  1.0000e+00
-8.5893e-01  7.4203e-01  6.2549e-01 -4.9241e+00  2.2344e+00 -5.7813e-01  5.4381e+00  1.0000e+00
-1.8486e-01  8.0059e-01  3.0342e-01  1.1859e+01 -4.1248e+00 -1.0946e+01  1.6658e+01  1.0000e+00
-2.5248e+01 -3.0042e+01  1.3978e+01 -5.1394e+01 -6.2628e+01  2.9561e+01  8.6240e+01  1.0000e+00
-1.9105e-01  8.8761e-01  3.8294e-01 -1.6724e+01  1.8661e+00 -1.1226e+01  2.0228e+01  1.0000e+00
-2.1917e+00  3.7934e+00 -1.7065e+00 -4.9905e+00  9.3396e+00 -3.2353e+00  1.1073e+01  1.0000e+00
-1.9658e-01  6.7136e-01  3.4306e-01  1.6065e+01 -3.1109e+00 -3.0559e+00  1.6647e+01  1.0000e+00
-6.4432e-01  7.0080e-01  3.1745e-01 -5.8587e+00  4.6573e+00 -2.6244e+00  7.9311e+00  1.0000e+00
-3.3475e-01  1.0944e+00 -3.6890e-01  8.4180e+00  3.7294e+00 -1.4593e+01  1.7255e+01  1.0000e+00
 3.1851e-02  9.0728e-01  2.3415e-01  1.0077e+01 -1.8315e+01 -1.4841e+01  2.5637e+01  1.0000e+00
-4.2057e-01  8.2441e-01  5.6166e-01 -2.2062e-01 -1.4660e+01  7.5307e-01  1.4681e+01  1.0000e+00
-8.2947e-02 -1.1489e+01  5.5238e+00 -2.0270e-01 -2.3653e+01  1.1085e+01  2.6122e+01  1.0000e+00
-1.4726e+01 -8.8514e+00 -5.2873e+00 -3.1931e+01 -1.8775e+01 -1.1303e+01  3.8728e+01  1.0000e+00
-1.5335e+00  2.1584e-01 -2.8621e-01  3.3744e+00  1.2514e+01  4.1916e+00  1.3622e+01  1.0000e+00
-2.3024e-01  7.0968e-01  1.6395e-01  1.4688e+01 -6.2442e+00 -2.1725e+01  2.6957e+01  1.0000e+00
 1.8964e+01 -6.8064e+00 -1.1413e+00  4.0823e+01 -1.4537e+01 -2.2809e+00  4.3394e+01  1.0000e+00
 3.4106e-01  3.7755e-01  5.4839e-01  1.0112e+01 -2.1969e-01 -1.2898e+01  1.6391e+01  1.0000e+00
 1.8941e+02 -2.3456e+02  1.5390e+02  3.8386e+02 -4.7418e+02  3.0947e+02  6.8408e+02  1.0000e+00
-5.1620e-01  7.7806e-01  4.1570e-01 -1.6932e+01  1.5193e+01  3.2357e+00  2.2978e+01  1.0000e+00
 3.8528e-01  4.8174e-01 -4.0855e-02  5.0539e+00 -5.2168e+00 -1.3627e+01  1.5442e+01  1.0000e+00
-1.3066e-01  7.0316e-01  1.3196e-01 -6.7493e+00  1.8662e+01 -1.1267e+01  2.2821e+01  1.0000e+00
 1.0590e+01  8.5788e+00  7.7504e-01  2.1599e+01  1.7288e+01  1.8882e+00  2.7730e+01  1.0000e+00
-8.2737e+00 -2.1911e+00  4.3438e+00 -1.9279e+01 -4.6018e+00  1.0920e+01  2.2629e+01  1.0000e+00
 2.6164e+00 -1.4347e+01  7.6970e-01  5.2937e+00 -2.9660e+01  1.2344e+00  3.0154e+01  1.0000e+00
-4.3049e-01  1.3121e+00 -9.0308e-02  3.7240e+00  1.7495e+01 -8.2561e-01  1.7906e+01  1.0000e+00
 7.1303e-01  6.6935e+00 -1.0317e+01  1.2909e+00  1.3388e+01 -2.0995e+01  2.4933e+01  1.0000e+00
-2.6692e+01  8.9784e+00  9.7667e+00 -6.8592e+01  2.3119e+01  2.5002e+01  7.6580e+01  1.0000e+00
-2.5501e-01  7.7789e-01  2.5701e-01 -2.4128e+01  4.1423e+00  4.5024e+00  2.4891e+01  1.0000e+00
 6.7928e-01  6.1992e-01 -3.7627e-01  1.3500e+00  8.3806e+00  2.0063e+00  8.7225e+00  1.0000e+00
-3.0151e-01  8.5977e-01  1.0428e-01 -6.7719e+00  2.6170e+01 -1.1044e+00  2.7054e+01  1.0000e+00
 1.8379e+00  1.3160e-01 -5.9546e-01  1.1896e+00 -5.9900e-01  9.2098e-01  1.6193e+00  1.0000e+00
 1.4293e+00 -1.4637e+01  1.1625e+01  2.9674e+00 -3.1287e+01  2.4882e+01  4.0085e+01  1.0000e+00
 7.3038e+00 -1.3590e+01  5.5041e+00  2.3541e+01 -4.4203e+01  1.7244e+01  5.2966e+01  1.0000e+00
-4.9924e-01  8.7952e+00  1.3120e+00 -3.2940e+00  1.6151e+01  3.0904e+00  1.6771e+01  1.0000e+00
-3.5168e-01  1.7667e-01 -1.0382e-01 -1.2172e+00  4.2208e+00 -5.2361e+00  6.8347e+00  1.0000e+00
 1.6979e+00 -6.7167e-01  6.2515e-01 -7.2531e+00  3.1250e+00  9.2522e-01  7.9517e+00  1.0000e+00
-1.6633e-02  1.0116e+00  3.1262e-01  9.9870e+00 -4.1790e+00  9.2731e+00  1.4255e+01  1.0000e+00
 7.7093e+00 -2.6314e+00  4.2205e+00  1.4916e+01 -3.8395e+00  7.6163e+00  1.7182e+01  1.0000e+00
 3.7053e-01  8.2994e-01 -6.3743e-03  6.3267e+00  2.6039e+00 -1.1578e+01  1.3448e+01  1.0000e+00
-5.8518e-02  6.6230e-01 -1.2708e-01 -6.2909e+00  5.1337e+00  5.3392e+00  9.7179e+00  1.0000e+00
-6.8139e-02  8.1282e-01  2.0869e-01 -3.6733e+00  1.4708e+01  1.4963e+00  1.5233e+01  1.0000e+00
-3.1538e+00 -2.7050e+00 -1.5839e+01 -6.4167e+00 -5.4468e+00 -3.3253e+01  3.4302e+01  1.0000e+00
-1.3898e+00 -6.4886e-01  3.7161e+00 -8.8463e-01  1.8043e-01  4.5420e+00  4.6309e+00  1.0000e+00
 1.9241e+01 -4.5151e-01 -4.2101e+00  4.1369e+01 -7.4109e-01 -8.6130e+00  4.2262e+01  1.0000e+00
 1.0487e-01  1.1387e+00  6.9685e-01 -2.1072e+00  1.1672e+01 -1.0571e+00  1.1908e+01  1.0000e+00
 6.6997e+00 -1.0385e+00  1.7567e+01  1.4512e+01 -2.7659e+00  3.7950e+01  4.0725e+01  1.0000e+00
-2.5955e-01  7.7498e-01 -2.0161e-01 -9.0824e+00  2.2095e+00 -2.5307e+01  2.6978e+01  1.0000e+00
 8.9201e-01  1.1675e+00  9.1356e-01 -1.2121e+00 -5.7540e+00  9.5281e+00  1.1197e+01  1.0000e+00
-7.6821e+00  1.3025e+00  1.2444e+01 -1.5611e+01  2.6844e+00  2.5871e+01  3.0335e+01  1.0000e+00
-1.1516e+00  6.7117e+00 -1.9126e-01 -4.0783e+00  8.5438e+00 -9.4086e-01  9.5139e+00  1.0000e+00
-2.7568e-01  1.0326e+00  2.6735e-01 -1.8135e+01 -1.6931e+01 -3.0301e+00  2.4995e+01  1.0000e+00
 8.3046e-01  3.0428e+01  1.9902e+01  2.8178e-01  6.3496e+01  4.0495e+01  7.5310e+01  1.0000e+00
-4.7157e+00  4.1840e+00 -1.7317e+00 -6.9150e+00  6.0472e+00 -1.0405e+00  9.2449e+00  1.0000e+00
 1.2283e+00  9.7887e-01  4.1763e-02  4.1053e-01  6.0467e+00 -3.9095e+00  7.2122e+00  1.0000e+00
-9.5179e-01  9.0261e-01  8.0442e-01 -8.8066e-01 -1.1339e-01 -5.3389e+00  5.4122e+00  1.0000e+00
 6.8556e-03  1.8420e-01  4.4279e-01 -3.1794e+00  7.1181e+00  4.9943e+00  9.2584e+00  1.0000e+00
-3.2974e-01  1.3383e+00  3.1666e-01 -6.9332e+00  5.1601e+00  6.4637e+00  1.0792e+01  1.0000e+00
-3.0258e-01  4.0724e-01  1.1413e-01 -5.4582e+00 -5.4549e+00  8.3438e+00  1.1365e+01  1.0000e+00
-2.9087e+00  5.4643e-02  4.0368e+00 -1.7123e+00  1.1862e+00  3.7496e+00  4.2894e+00  1.0000e+00
-7.9824e-01  1.1144e+00  2.8314e-01 -1.0956e+01  8.6120e+00 -2.6869e+00  1.4192e+01  1.0000e+00
-9.8553e+00  8.2673e+00  2.9252e+00 -2.7198e+01  2.2709e+01  7.2606e+00  3.6168e+01  1.0000e+00
-8.6053e-01  4.6391e-01  3.5687e-01  5.0562e+00 -9.1560e+00  9.4656e-01  1.0502e+01  1.0000e+00
-2.6461e-01  8.5915e-01  3.8589e-01 -3.6634e+00 -1.8411e+01 -2.8302e+00  1.8984e+01  1.0000e+00
-2.7322e-02  8.8246e-01  2.4732e-01  1.2669e+01  8.4573e+00  3.1425e+00  1.5553e+01  1.0000e+00
-2.4162e-02  1.0346e+00  1.0713e-01 -1.2793e+01  1.1087e+01  1.6358e+01  2.3541e+01  1.0000e+00
 6.3860e+00 -1.0840e+01 -5.3902e+00  1.3237e+01 -2.1735e+01 -1.1137e+01  2.7779e+01  1.0000e+00
 4.7078e-01  6.9264e-03  1.7155e-02  3.9132e+00 -1.0679e+01  1.3189e+00  1.1450e+01  1.0000e+00
 8.2825e+00  2.2483e+00 -1.8775e+01  1.7837e+01  5.2569e+00 -3.8159e+01  4.2449e+01  1.0000e+00
-1.3785e+00  7.4994e+00 -4.8466e+00 -2.5808e+00  1.3832e+01 -7.7531e+00  1.6066e+01  1.0000e+00
-1.6553e+01 -5.8588e+00  3.9407e+00 -3.5635e+01 -1.2174e+01  8.4346e+00  3.8590e+01  1.0000e+00
 2.0683e+01 -1.9996e+00 -8.4991e+00  4.5148e+01 -4.2991e+00 -1.8324e+01  4.8914e+01  1.0000e+00
 8.0016e+00 -4.4172e+01  2.7377e+01  1.7616e+01 -9.7711e+01  6.0738e+01  1.1639e+02  1.0000e+00
-2.4626e-01  8.3557e-01  9.2968e-02  9.2187e+00 -1.4313e+01 -1.2604e+00  1.7071e+01  1.0000e+00
-2.7682e-01  8.9686e-01  8.6644e-01  3.5309e+00 -1.4730e+00 -2.2907e+00  4.4592e+00  1.0000e+00
-2.9101e-01  6.0308e-01  3.1308e-01 -4.4348e+00  3.0887e+00  1.6402e+01  1.7270e+01  1.0000e+00
 1.0866e-01  9.2028e-01  1.0170e-01  2.4116e+01  1.2158e+01 -2.4251e+00  2.7116e+01  1.0000e+00
-1.0186e+01 -5.1339e+00 -5.2125e+00 -2.1062e+01 -9.6551e+00 -1.0782e+01  2.5555e+01  1.0000e+00
 1.5872e-01  1.1200e+00  3.3109e-01  7.1762e+00  1.8118e+01 -8.0318e+00  2.1078e+01  1.0000e+00
 2.0856e-01  1.2418e+00 -8.6446e-01  5.4899e+00  5.5996e+00  7.2963e+00  1.0711e+01  1.0000e+00
-2.8473e-01  1.0428e+00  8.5034e-02  1.1810e+00 -1.1566e+01 -2.0985e+01  2.3990e+01  1.0000e+00
-4.1275e-01  8.3799e-01  2.6683e-01 -9.4656e+00  7.6414e+00 -9.3155e+00  1.5322e+01  1.0000e+00
 2.6374e+00 -2.6617e+00 -3.1583e+00  2.9983e+00 -1.7191e+00 -2.8394e+00  4.4730e+00  1.0000e+00
 2.2106e-01  5.5782e-01  2.8710e-01  8.2559e+00  1.9998e+00 -1.7588e-01  8.4965e+00  1.0000e+00
-2.6065e-01  1.2956e+00  1.0818e-01  1.3501e+00 -1.2737e+01 -4.3137e+00  1.3516e+01  1.0000e+00
 6.9321e+00 -8.3044e+00 -1.0253e+01  1.4268e+01 -1.7686e+01 -2.0867e+01  3.0851e+01  1.0000e+00
 1.1137e+00  1.2791e+00 -9.9121e-01  2.5994e+01  1.0260e+01 -1.3210e+01  3.0911e+01  1.0000e+00
-2.6006e-01  1.0371e+00  3.0188e-02  2.2800e+00  1.2384e+01 -9.2030e+00  1.5596e+01  1.0000e+00
 1.3636e-01  2.2928e-01  1.0401e-01  3.9893e+00 -6.8314e+00  3.1040e+00  8.4981e+00  1.0000e+00
 8.3289e-02  1.0780e+00 -3.8651e-01  8.7077e+00  1.8309e+01 -2.8844e+00  2.0478e+01  1.0000e+00
 6.1039e+00 -2.6993e+00 -4.0186e+00  3.1204e+01 -1.6068e+01 -2.0485e+01  4.0639e+01  1.0000e+00
-7.4399e-02  8.4517e-01  3.9443e-01 -4.3131e+00 -8.7482e+00  1.1915e+01  1.5398e+01  1.0000e+00
-1.6387e+00  1.4469e+00 -1.5338e-01 -1.5622e+00  2.0164e+00 -9.6721e-01  2.7279e+00  1.0000e+00
-2.1180e+01  5.1182e+00  1.0410e+01 -6.0238e+01  1.4455e+01  2.9740e+01  6.8717e+01  1.0000e+00
-8.6987e-03  8.5097e-01  2.8358e-01 -7.9998e+00  2.2158e+01 -7.8905e+00  2.4845e+01  1.0000e+00
 9.3698e+00  6.5936e+00 -8.3909e-01  1.8047e+01  1.3540e+01 -1.0186e+00  2.2585e+01  1.0000e+00
-1.2606e-01  5.9756e-01  1.9202e-01 -4.0756e+00  1.9574e+01  3.5441e-02  1.9994e+01  1.0000e+00
-3.3150e-01  1.3538e+00 -9.6455e-02  2.6390e+00  8.1207e+00  6.3551e+00  1.0644e+01  1.0000e+00
-1.7669e-01  8.9303e-01  1.9608e-01 -1.5150e+00 -1.5168e+01  1.0105e+01  1.8289e+01  1.0000e+00
 1.7461e+00  8.7684e+00 -2.5754e-01  4.0446e+00  1.5417e+01 -1.4370e+00  1.6003e+01  1.0000e+00
-1.8857e+02  2.3393e+02 -1.5625e+02 -3.7964e+02  4.7214e+02 -3.1702e+02  6.8377e+02  1.0000e+00
-4.7966e-01  1.3052e+00  4.5806e-01 -6.8875e+00 -1.8086e+01 -9.4053e+00  2.1517e+01  1.0000e+00
-3.9034e-01  1.1059e+00  3.2037e-01  2.4124e+00 -1.1059e+00 -1.3727e+00  2.9878e+00  1.0000e+00
-2.1747e-01  9.6542e-01  1.9061e-01 -6.0451e+00  3.7737e+01 -2.3874e+00  3.8292e+01  1.0000e+00
-4.5572e-01  1.2638e+00  4.3539e-01 -8.7196e+00  6.4115e+00 -9.2770e+00  1.4255e+01  1.0000e+00
-5.3304e-02  8.6492e-01  2.6042e-02 -8.2916e+00 -2.0430e+01 -1.2084e+01  2.5143e+01  1.0000e+00
 6.5741e+00 -9.6677e+00 -9.3068e+00  1.5023e+01 -1.9533e+01 -1.8000e+01  3.0516e+01  1.0000e+00
 2.6082e+00 -4.8360e-01  2.5101e-01  8.0350e-01  8.7286e-01  1.7047e+00  2.0769e+00  1.0000e+00
-1.9171e+00  1.4858e-01  2.2930e+00  1.5008e+00  1.6091e+00  2.2653e+00  3.1580e+00  1.0000e+00
-1.8520e-01  8.3721e-01  1.0517e-01  2.0039e-01 -1.1822e+01 -5.6720e+00  1.3114e+01  1.0000e+00
-1.4362e+01  8.2881e-01  1.2266e+01 -3.0711e+01  2.2753e+00  2.6562e+01  4.0668e+01  1.0000e+00
-1.2563e-02  8.9300e-01  4.6583e-01 -2.0445e+01  1.0372e+00  9.0231e+00  2.2371e+01  1.0000e+00
-5.2411e-01  8.2045e-01  3.8550e-01  8.4326e+00 -4.5428e+00  1.1758e+01  1.5166e+01  1.0000e+00
-9.7097e+00  8.8055e+00 -1.5648e+01 -2.0819e+01  1.9225e+01 -3.3629e+01  4.3977e+01  1.0000e+00
 1.6411e+01 -1.1222e+01  4.5238e+00  3.5247e+01 -2.3891e+01  9.8301e+00  4.3700e+01  1.0000e+00
 8.8343e+00 -5.4212e+00  9.8418e+00  1.7916e+01 -1.1027e+01  2.0550e+01  2.9408e+01  1.0000e+00
 2.3289e-01  8.8981e-01  1.5562e+00 -5.6994e+00  1.8027e+00  3.3525e+00  6.8536e+00  1.0000e+00
-1.3892e-01  9.3015e-01  1.4606e-01 -6.5561e+00 -5.9178e+00  1.0698e+01  1.3873e+01  1.0000e+00
-8.6113e-02  1.0576e+00  1.3654e-01  6.7556e+00 -1.7546e+01 -3.2108e+00  1.9074e+01  1.0000e+00
-6.9735e+00  1.1180e+00  2.3349e+00 -1.1518e+01  1.0220e+00  3.2367e+00  1.2007e+01  1.0000e+00
-1.8078e-01  9.1834e-01  3.0254e-01 -1.2835e+01  7.6883e+00  1.2697e+01  1.9623e+01  1.0000e+00
-2.1878e-01  7.9566e-01  3.3059e-01 -9.6400e+00  1.3958e+01 -1.3717e+00  1.7019e+01  1.0000e+00
-2.8407e-01  1.1292e+00  4.1014e-01 -1.4157e+01 -4.8720e+00 -1.0767e+01  1.8441e+01  1.0000e+00
-1.2703e-01  6.9274e-01  3.3096e-01 -5.7891e+00 -1.0111e+01  6.8447e+00  1.3512e+01  1.0000e+00
-6.4620e+00  6.1952e+00 -5.4076e+00 -1.2184e+01  1.3416e+01 -1.0168e+01  2.0781e+01  1.0000e+00
 1.4418e-01  4.0471e-01  3.1402e-01  1.4596e+01  8.4547e+00  6.6126e+00  1.8118e+01  1.0000e+00
-4.9921e+00  3.1773e+00 -1.2243e+01 -1.0371e+01  6.5161e+00 -2.4955e+01  2.7799e+01  1.0000e+00
-1.5949e+00  7.9024e+00  3.3757e+00 -5.5760e+00  1.3568e+01  4.4034e+00  1.5316e+01  1.0000e+00
-1.5558e+01 -3.4702e+00 -4.4159e+00 -3.3607e+01 -6.9217e+00 -8.5500e+00  3.5362e+01  1.0000e+00
-1.6362e+00  4.8329e-01  6.1791e-01  6.6375e+00 -1.0671e+00  1.5961e+00  6.9096e+00  1.0000e+00
-6.3262e-02 -2.5981e-01 -2.9079e+00 -1.3116e-01 -2.9192e-01 -3.7313e+00  3.7450e+00  1.0000e+00
-5.3488e-01  6.9040e-01  1.2165e-01  1.0298e+01 -3.5635e+00 -1.9611e+01  2.2435e+01  1.0000e+00
 1.1517e-01  9.2423e-01  1.3897e+00 -6.1669e+00  2.0775e+00  7.8629e+00  1.0206e+01  1.0000e+00
-2.1562e-01  5.9670e-01  4.6107e-01 -5.9931e-01  5.7338e+00  2.9127e+01  2.9693e+01  1.0000e+00
-1.1680e-01  8.1998e-01  3.3874e-01 -1.6835e+01  5.2372e+00  8.2081e+00  1.9448e+01  1.0000e+00
-2.3695e-01  7.8277e-01  7.6393e-01  3.3091e+00  3.6145e+00  1.3169e+01  1.4051e+01  1.0000e+00
 2.8713e+00 -1.3871e+00  4.5334e-01  1.8784e+00  1.0512e+00 -5.0515e+00  5.4910e+00  1.0000e+00
 6.1106e-01  2.7606e+00 -3.4306e-01  6.2596e+00  1.6204e+01 -6.4327e+00  1.8524e+01  1.0000e+00
-2.3907e-01  6.6399e-01  3.8532e-01 -8.3469e+00  1.9154e+01 -2.0583e+01  2.9329e+01  1.0000e+00
-2.0230e+01  2.2564e+01 -1.3778e+01 -4.1967e+01  4.4235e+01 -2.6656e+01  6.6547e+01  1.0000e+00
 1.5535e-01  5.8283e-01 -1.7857e+00  2.9908e-01  2.9489e+00  3.0771e+00  4.2725e+00  1.0000e+00
 2.1028e+00  2.0771e+00 -8.1113e-01 -4.4903e+00  4.2032e+00  1.1327e+00  6.2540e+00  1.0000e+00
-4.1491e+00 -1.5155e+00 -3.7095e+00 -2.0290e+01 -1.1173e+01 -2.0761e+01  3.1105e+01  1.0000e+00
-3.2069e-01  7.6152e-01  2.2514e-01 -8.6271e-01  1.2723e+01 -4.3973e+00  1.3489e+01  1.0000e+00
-3.6994e-01 -1.1093e+01 -6.0140e+00 -6.1690e-01 -2.2163e+01 -1.2609e+01  2.5506e+01  1.0000e+00
-1.5746e-01  7.3501e-01 -6.6864e-02  5.8544e+00 -8.4307e+00  3.0884e+00  1.0719e+01  1.0000e+00
 6.5948e+00 -9.7298e+00 -9.2017e+00  1.2587e+01 -2.0392e+01 -2.0172e+01  3.1324e+01  1.0000e+00
-2.0970e-01  5.6366e-01  3.6476e-01  5.9742e+00  1.2677e+01 -1.5920e+01  2.1209e+01  1.0000e+00
-3.6746e+00  1.6502e+00 -1.6743e+00 -9.1650e+01  2.1724e+01 -4.8729e+01  1.0605e+02  1.0000e+00
 6.5911e-01  7.2793e+00  3.0755e+00  2.6246e+00  1.2591e+01  4.3596e+00  1.3581e+01  1.0000e+00
 3.2621e+00 -6.7775e+00  1.0637e+01  7.0301e+00 -1.3719e+01  2.1853e+01  2.6743e+01  1.0000e+00
-2.6767e-01  6.9585e-01  3.5379e-01  2.1355e+01 -1.7538e+00  3.4397e+00  2.1702e+01  1.0000e+00
-7.6231e+00  4.6531e+00 -1.6626e+00 -4.2848e+01  2.3590e+01 -1.0029e+01  4.9930e+01  1.0000e+00
-3.3187e-01  7.0406e-01  3.3232e-01 -2.1053e-01  7.1084e+00  1.1454e+01  1.3482e+01  1.0000e+00
-3.2969e-01  1.0111e+00  2.6824e-01  1.8985e+00  2.1358e+01  1.6030e+01  2.6772e+01  1.0000e+00
-8.1429e+00 -2.7242e+00  5.0109e+00 -1.5663e+01 -5.3855e+00  8.6427e+00  1.8682e+01  1.0000e+00
-7.0766e-01  1.2102e+00  2.8718e-01  6.5999e-01 -4.6979e+00  1.0886e+01  1.1875e+01  1.0000e+00
-2.1909e-02  7.5807e-01  5.7674e-02  8.6978e+00  9.1249e+00 -6.7564e+00  1.4303e+01  1.0000e+00
 1.2403e+01 -1.5984e+01 -1.2553e+00  2.6960e+01 -3.4229e+01 -2.8024e+00  4.3661e+01  1.0000e+00
-1.5334e-01 -1.6339e-01  3.3786e-01  2.4179e+00  2.7663e-01 -2.5846e+00  3.5500e+00  1.0000e+00
 4.4246e-01  4.1308e-01  2.6285e-01  1.0435e+01 -1.9169e+01  6.8786e+00  2.2884e+01  1.0000e+00
-1.4351e-01  5.4917e-01  4.5617e-01  1.5626e+01  1.3497e+01 -4.6995e+00  2.1176e+01  1.0000e+00
-7.7298e-02  7.1971e-01  8.9942e-02  1.7350e+01  2.4969e+01  2.2181e+00  3.0486e+01  1.0000e+00
 1.5500e+00 -8.6426e-01  3.9718e-01 -4.5673e+00  5.3375e+00  1.2695e+00  7.1387e+00  1.0000e+00
-4.2489e-01  7.7394e-01  6.0170e-01 -9.2414e+00  3.3250e+00  8.0402e-01  9.8542e+00  1.0000e+00
 4.6269e-01  1.6143e+00 -1.7783e-01  1.6960e+00 -4.9629e+00  7.1381e+00  8.8578e+00  1.0000e+00
-4.2961e+00 -1.6001e+00 -9.9472e-01 -7.6573e+00 -1.9142e+00 -1.0782e+00  7.9662e+00  1.0000e+00
-5.9449e-02  1.1102e+00  7.5992e-01 -5.2346e+00 -4.1265e+00 -8.0904e+00  1.0482e+01  1.0000e+00
-3.1571e-01  1.2956e+00  3.5638e-01 -5.0896e+00  8.2373e+00  4.1895e+00  1.0550e+01  1.0000e+00
-3.9830e-01  1.1130e+00  2.2122e-01 -3.9585e+00 -7.5170e+00  8.4982e+00  1.2016e+01  1.0000e+00
-1.4682e-01  1.1689e+00  7.8016e-02 -4.6681e+00 -2.0209e-01  8.1325e+00  9.3792e+00  1.0000e+00
-3.7842e-02  5.7134e-01  3.0303e-01 -9.3434e+00 -5.7698e+00 -2.7077e+00  1.1310e+01  1.0000e+00
 5.0345e-01  7.8209e-01  3.0799e-01  6.5432e+00 -7.7921e+00 -9.3397e+00  1.3812e+01  1.0000e+00
-2.7125e-01  1.1743e+00  4.1309e-01 -2.8859e+00  1.6994e+01  8.7106e+00  1.9313e+01  1.0000e+00
-2.1999e-01  1.9663e-01  1.7984e-01  8.0078e+00  2.8315e+00  6.5668e-01  8.5190e+00  1.0000e+00
-1.8648e+01  1.5219e+01  6.9726e+00 -8.1339e+01  6.5189e+01  3.0744e+01  1.0868e+02  1.0000e+00
-1.0068e-01  4.4679e-01  1.1225e+00  1.0461e+01 -4.7922e+00  7.2718e+00  1.3611e+01  1.0000e+00
-7.3054e-01  1.3182e-01 -2.3043e-01  2.6728e+00  3.8555e+00  5.0734e-01  4.7187e+00  1.0000e+00
-7.0100e+01  2.5073e+00  6.2829e+01 -2.4181e+02  7.3671e+00  2.1773e+02  3.2547e+02  1.0000e+00
-5.8971e-02  7.8203e-01  5.5211e-01 -8.9914e+00 -5.3932e+00  6.1707e+00  1.2166e+01  1.0000e+00
 7.4018e-03 -7.9454e-02  1.1194e+00  3.8759e+00  1.6281e+00  3.1758e+00  5.2687e+00  1.0000e+00
 6.9002e-02  6.1068e-01  2.2361e-01  8.7767e+00  5.7843e+00  8.4167e+00  1.3466e+01  1.0000e+00
-2.5265e+00  3.8232e+00  9.7605e+00 -4.4026e+00  6.1696e+00  1.6438e+01  1.8101e+01  1.0000e+00
 4.9435e+00  1.7918e+00  1.1015e+00  4.6828e+00  3.1595e+00  2.0093e+00  5.9956e+00  1.0000e+00
 7.1136e+00 -4.0591e+00 -6.1247e+00  1.3551e+01 -8.2992e+00 -1.1482e+01  1.9605e+01  1.0000e+00
-5.9804e-02  9.4254e-01  5.2008e-01  8.7476e+00  2.9645e-01 -4.1659e+00  9.6934e+00  1.0000e+00
 9.8390e+00 -1.0055e+01 -1.4898e+01  2.1393e+01 -2.1529e+01 -3.1666e+01  4.3862e+01  1.0000e+00
-3.7209e-01  1.0521e+00  2.6433e-01 -1.7063e+01 -6.8620e+00 -2.5925e+00  1.8573e+01  1.0000e+00
-1.8281e-01  1.0931e+00  1.5014e-01  1.8551e+00 -2.1656e+00  2.5223e+00  3.8070e+00  1.0000e+00
-2.9074e-02  8.3484e-01  2.4167e-01 -1.3571e+01 -2.0196e+00  6.2992e+00  1.5097e+01  1.0000e+00
-4.1685e+00 -6.0889e+00 -6.0162e+00 -2.5105e+01 -4.1849e+01 -3.8528e+01  6.2177e+01  1.0000e+00
 4.0937e-02 -3.3042e-01  4.3035e-01  2.1283e+00 -6.4265e+00  5.7605e+00  8.8889e+00  1.0000e+00
-7.2003e-01  6.7385e-01 -1.4044e-01  1.4577e+01  9.2323e+00  7.5433e-02  1.7255e+01  1.0000e+00
-1.2494e-01  8.3554e-01  3.8549e-01  6.3102e+00 -1.6049e+01 -1.8948e+01  2.5621e+01  1.0000e+00
-4.0889e-01  9.5484e-01  6.5088e-02 -4.1593e+00 -1.0201e+01  1.7391e+01  2.0587e+01  1.0000e+00
-1.2649e+00  9.2039e-01  1.3016e+00  7.8042e+00 -2.9843e+00 -4.9361e+00  9.7045e+00  1.0000e+00
-9.9465e-01  1.5128e+00  1.8976e+00 -3.8828e+00  6.5533e+00  8.0592e+00  1.1089e+01  1.0000e+00
-2.6452e+00  3.7992e+00  1.0989e+01 -4.5716e+00  7.9706e+00  2.1666e+01  2.3534e+01  1.0000e+00
-9.1399e-01 -2.3728e-01  3.6459e-01  6.8712e+00  5.7480e+00  1.1087e+01  1.4254e+01  1.0000e+00
-1.5317e-01  1.0469e+00  1.4326e-01  1.5392e+01  1.4659e+01 -1.6339e+01  2.6809e+01  1.0000e+00
-2.9146e-01  1.0256e+00  3.8319e-02 -5.6964e+00  6.7715e+00 -1.9295e+01  2.1227e+01  1.0000e+00
-2.4779e-01  2.1087e+00  1.7484e+00  4.7356e+00 -3.0725e+00 -5.6488e+00  7.9860e+00  1.0000e+00
 7.6121e+00 -1.9127e+01  3.3693e+01  1.5612e+01 -3.9406e+01  7.0899e+01  8.2603e+01  1.0000e+00
 1.4386e+01  2.7536e+00  1.3520e+01  3.0819e+01  5.8246e+00  2.9280e+01  4.2908e+01  1.0000e+00
-1.8293e+00  1.0076e+00 -1.5923e-01 -1.2166e+01  1.5310e+00 -4.9436e+00  1.3221e+01  1.0000e+00
 3.0797e-01  6.1246e-01  1.5666e-01  1.1336e+01  6.1203e-02  3.0978e+00  1.1752e+01  1.0000e+00
-5.0120e-01  1.0692e+00  2.8543e-01  7.5407e+00 -1.0908e+00  2.4202e-01  7.6230e+00  1.0000e+00
-3.8221e+00  2.4425e+00  1.5137e+01 -8.0677e+00  5.5764e+00  3.1856e+01  3.3332e+01  1.0000e+00
-1.0058e+01 -2.1520e+00 -9.6741e+00 -2.0572e+01 -2.5458e+00 -1.9041e+01  2.8147e+01  1.0000e+00
 5.0233e-01 -4.1039e-01 -1.3264e-01  5.7928e+00  1.0221e+00 -4.1689e+00  7.2098e+00  1.0000e+00
-5.2230e+00 -8.6451e+00 -7.8691e-01 -1.2293e+01 -2.2375e+01 -1.3138e+00  2.5564e+01  1.0000e+00
-1.6447e+00 -8.4727e-01  7.9551e-01 -5.8445e-01 -2.3968e+00  1.1066e+00  2.7039e+00  1.0000e+00
-5.3443e-02  6.8929e-01  1.7307e-01 -8.0516e+00  4.2402e+00 -4.9139e+00  1.0342e+01  1.0000e+00
-1.9395e+00 -1.0988e+00 -1.3294e-01 -4.6794e+00 -1.7452e+00  1.2110e-01  4.9957e+00  1.0000e+00
-1.4689e-01  8.9345e-01  6.8305e-02 -2.1345e+01 -6.0838e+00 -6.0619e+00  2.3008e+01  1.0000e+00
-1.4766e-01  5.6200e-01  3.1406e-01  1.6866e+01  3.4061e-01  7.4761e+00  1.8452e+01  1.0000e+00
-5.2040e+00  1.6357e+01 -2.1289e+00 -1.0854e+01  3.4626e+01 -4.3520e+00  3.6547e+01  1.0000e+00
 3.4207e+00  8.4217e-01  3.2528e+00  2.9425e+00  4.1264e+00  6.0611e+00  7.9008e+00  1.0000e+00
-9.6468e+00 -2.9867e-01 -2.4724e+00 -1.8277e+01  3.6559e-01 -4.8926e+00  1.8924e+01  1.0000e+00
 7.9493e-01  1.4061e+00 -2.2550e+00  5.2939e+00  2.7782e+00 -6.0141e+00  8.4802e+00  1.0000e+00
-7.7765e+00 -3.1461e+00  5.3470e+00 -1.4341e+01 -4.9374e+00  1.0340e+01  1.8357e+01  1.0000e+00
-3.6321e-01  7.8616e-01  1.6977e-01 -1.9621e+01  1.2790e+00 -1.0905e+01  2.2484e+01  1.0000e+00
 1.9114e+01  6.8753e+00  1.6100e+00  4.0887e+01  1.4985e+01  3.3509e+00  4.3675e+01  1.0000e+00
 6.9961e+00  9.8172e+00  1.2259e+00  1.4378e+01  1.9561e+01  3.1165e+00  2.4476e+01  1.0000e+00
-1.4940e+01 -9.0741e+00 -5.6242e+00 -3.1942e+01 -1.8767e+01 -1.1886e+01  3.8907e+01  1.0000e+00
-9.1941e-01  3.7354e-02  2.8493e-01  4.6042e-01  1.6246e+01  8.7077e+00  1.8438e+01  1.0000e+00
-1.4738e+01 -4.0878e-01 -3.8486e+00 -3.1006e+01 -4.4704e-01 -8.1822e+00  3.2070e+01  1.0000e+00
-4.1269e-01  9.4104e-01 -8.6022e-01 -4.5950e+00  3.9666e+00 -3.7433e+00  7.1317e+00  1.0000e+00
-4.4245e-01  1.1833e+00  8.5333e-02  8.6035e+00  7.0648e-01  3.6611e+00  9.3767e+00  1.0000e+00
-3.1165e+00  1.1956e+01 -4.6821e+00 -5.8633e+00  2.4866e+01 -9.1400e+00  2.7134e+01  1.0000e+00
 1.6270e+01  1.3422e+01 -1.0256e+01  4.7274e+01  3.8255e+01 -2.9514e+01  6.7597e+01  1.0000e+00
 2.0287e-02  9.9881e-01  6.0740e-01  4.4052e+00  1.1125e+01 -1.7064e+01  2.0841e+01  1.0000e+00
-1.1516e+00  3.1956e-01 -2.9089e+00  1.1504e+00  3.3118e+00  8.9905e-01  3.6194e+00  1.0000e+00
-1.9730e-01  2.6141e-01  3.2330e-01 -7.5758e+00 -1.2427e+01 -1.0690e+01  1.8059e+01  1.0000e+00
 3.1236e+00 -2.7410e+00 -7.8361e-01  4.5222e+00 -2.4062e+00  3.6893e+00  6.3128e+00  1.0000e+00
 1.1540e+00 -1.0592e+00  6.7260e-01  8.1561e+00 -6.4418e+00  1.4070e+00  1.0488e+01  1.0000e+00
-9.9453e-01  9.7933e-01  1.0547e+00  6.3508e+00  7.6043e+00 -2.8592e+00  1.0312e+01  1.0000e+00
-1.1294e+01 -5.6661e+00 -1.9786e+01 -2.4888e+01 -1.2639e+01 -4.3982e+01  5.2091e+01  1.0000e+00
-2.0262e+01 -6.8180e+00 -6.5899e-01 -4.3913e+01 -1.4274e+01 -1.5473e+00  4.6201e+01  1.0000e+00
 2.3974e+00 -2.4587e+00 -3.5419e+00  5.0208e+00 -1.3512e+00 -3.8896e+00  6.4933e+00  1.0000e+00
 2.0531e+01  3.4833e+00 -2.1146e+00  4.4125e+01  7.9499e+00 -4.7267e+00  4.5084e+01  1.0000e+00
 6.2627e-02  6.8124e-01  5.3951e-01  6.9342e-01  1.1686e+01  1.0117e+01  1.5472e+01  1.0000e+00
-3.7786e-01  6.2236e-01  2.3521e-01  1.0785e+01 -1.0407e+01  2.6025e+00  1.5212e+01  1.0000e+00
-1.7744e-01  9.2219e-01  6.1135e-01  1.1603e+01  1.9986e+00  7.7893e+00  1.4117e+01  1.0000e+00
 9.7291e-01  2.5279e-01  4.5562e-01 -4.0654e+00  6.3764e+00 -1.4059e+00  7.6917e+00  1.0000e+00
-2.1587e-01  7.1750e-01  5.3162e-01 -1.6137e+00 -7.4969e+00 -7.2505e+00  1.0554e+01  1.0000e+00
-6.4170e-01  1.5237e+00  1.7141e-01 -7.5050e-01  1.1343e+01 -6.0062e+00  1.2857e+01  1.0000e+00
-4.4218e-01  1.1613e+00  1.1147e-01 -3.3318e-01 -4.8713e+00  1.6023e+01  1.6751e+01  1.0000e+00
-8.4523e+00  7.2281e+00 -1.4027e+00 -1.6486e+01  1.3920e+01 -2.2684e+00  2.1696e+01  1.0000e+00
-2.0666e-01  5.3725e-01 -4.4821e-02 -5.6816e+00 -1.1757e+01  5.3805e+00  1.4123e+01  1.0000e+00
-8.7621e+00 -2.6170e+00 -5.3669e-02 -1.5830e+01 -4.8081e+00 -4.3343e-01  1.6550e+01  1.0000e+00
-2.0990e-01  1.3216e+00 -5.6718e-01 -3.0630e+00 -5.3010e+00  6.3190e+00  8.7984e+00  1.0000e+00
 3.6820e-01  7.1892e-01  6.2927e-01  1.2799e+00 -3.1737e+00  1.2390e+00  3.6394e+00  1.0000e+00
-4.5124e-01  5.9628e-01  2.8128e-01 -1.0946e+01  3.1642e+00  1.5325e+00  1.1497e+01  1.0000e+00
-1.4808e-01  1.0254e+00 -5.6856e-02 -1.8371e+01  1.0749e+01  6.6933e+00  2.2312e+01  1.0000e+00
 6.5572e+00 -1.6226e+01 -7.8146e+00  1.4095e+01 -3.4461e+01 -1.6655e+01  4.0788e+01  1.0000e+00
-1.4710e+01 -2.6869e+00  1.3250e+01 -3.1661e+01 -5.3150e+00  2.8498e+01  4.2928e+01  1.0000e+00
-3.5440e-01  1.3031e+00  5.3299e-01 -2.4254e+00 -8.9280e+00 -5.0753e+00  1.0552e+01  1.0000e+00
-2.1893e+00 -1.1821e+00 -3.5181e+00 -2.4794e+00  5.7562e-01 -1.8861e+00  3.1680e+00  1.0000e+00
 1.6672e+00 -7.1992e-01  1.0544e+00 -5.2849e+00  6.0525e+00 -5.9205e-01  8.0569e+00  1.0000e+00
-4.7231e-01  5.9540e-01 -2.7656e-02 -1.5985e+01 -3.3864e+00 -7.3162e+00  1.7903e+01  1.0000e+00
-1.4403e+00 -1.3093e+01 -9.2024e+00 -2.3454e+00 -2.8094e+01 -2.0013e+01  3.4573e+01  1.0000e+00
-2.4300e+00  4.2051e+00 -3.3518e+00 -3.2806e+00  5.5325e+00 -2.8816e+00  7.0480e+00  1.0000e+00
 9.9818e-02  8.5995e-01  2.5337e-01  1.8848e+01  7.6378e+00 -1.5879e+01  2.5802e+01  1.0000e+00
-6.8484e-01  4.3565e-01  1.1470e-01 -7.2086e+00 -2.9980e+00 -4.6446e+00  9.0843e+00  1.0000e+00
 5.2629e-01  1.5810e+00  6.3035e-02 -4.2584e+00 -6.9109e+00  1.1922e+00  8.2046e+00  1.0000e+00
-2.7603e+00  1.2319e+01 -5.2197e+00 -5.7028e+00  2.4634e+01 -1.0070e+01  2.7217e+01  1.0000e+00
-1.1798e-01  8.8620e-01  1.4698e-01  1.6245e+01 -3.0329e+00 -2.9185e+01  3.3539e+01  1.0000e+00
 2.7912e-01  2.2377e+00  1.5392e+01  1.8451e+00  5.1502e+00  2.8602e+01  2.9120e+01  1.0000e+00
 1.1793e-01  2.8019e+00 -1.2223e+00  1.1498e+00  1.0237e+01 -8.2904e+00  1.3223e+01  1.0000e+00
-1.9949e-01  1.0088e+00  1.0999e-01  6.8915e+00  1.4063e+01  9.5277e+00  1.8331e+01  1.0000e+00
-2.5125e-01  6.9629e-01  3.9821e-02  1.3482e+01 -2.1753e+01 -1.4131e+01  2.9234e+01  1.0000e+00
-8.5269e-02  5.5005e-01 -2.1776e-01  3.9527e+00 -2.8861e+00  1.3566e+01  1.4422e+01  1.0000e+00
 4.5885e+00  9.4567e+00  5.1147e+00  9.3925e+00  1.9030e+01  9.8745e+00  2.3406e+01  1.0000e+00
-9.8772e-02  9.0747e-01  3.9772e-01 -2.5424e+00  2.3134e+00 -6.8486e+00  7.6628e+00  1.0000e+00
 4.9208e-01 -7.6200e-02  6.2828e-01  8.6683e+00 -8.1884e+00  6.8761e+00  1.3765e+01  1.0000e+00
-6.7742e-01  6.1197e-01  2.8656e-01  2.6976e+00  4.1499e+00 -9.7392e+00  1.0925e+01  1.0000e+00
-2.9101e-01  2.7318e-01  3.0835e-02 -4.3705e-01  7.0371e+00  4.0693e+00  8.1407e+00  1.0000e+00
 3.0259e-01  5.9139e-01  1.6526e-01 -5.2362e+00  1.1623e+01  1.9647e+00  1.2898e+01  1.0000e+00
-2.1323e-01  9.3863e-01  6.7265e-02 -8.6477e+00  9.3162e+00  3.7909e+00  1.3264e+01  1.0000e+00
 7.4898e+00 -5.5131e+00 -9.6711e-01  1.3970e+01 -9.9886e+00 -1.3927e+00  1.7230e+01  1.0000e+00
-1.5476e-01  3.2753e-01  1.3341e-01 -8.0747e+00 -3.8218e+00 -9.5437e+00  1.3072e+01  1.0000e+00
 1.3567e+01 -2.5012e+01  1.5940e+01  2.5256e+01 -5.0395e+01  3.2472e+01  6.5054e+01  1.0000e+00
-1.2124e-01 -2.2516e-01  9.9549e-01 -2.3656e+00  1.5192e+01  8.7509e+00  1.7691e+01  1.0000e+00
 1.3725e+00 -6.8701e+00 -1.9596e+01  2.7558e+00 -1.4632e+01 -4.2035e+01  4.4594e+01  1.0000e+00
-5.2292e+00 -7.7513e+00 -1.3309e+01 -1.1768e+01 -1.6287e+01 -2.8136e+01  3.4574e+01  1.0000e+00
-9.8442e-01 -1.4190e+01  1.5375e+00 -1.7940e+00 -2.9733e+01  3.1984e+00  2.9958e+01  1.0000e+00
-1.9514e+01 -9.9136e+00 -5.1163e+00 -4.2542e+01 -2.1176e+01 -1.1024e+01  4.8783e+01  1.0000e+00
 9.5716e-02  1.0082e+00  3.9299e-01 -7.6201e+00  1.6218e+01  1.3344e+01  2.2342e+01  1.0000e+00
-1.5731e+01 -3.8823e+00 -2.9716e+00 -3.3588e+01 -8.2181e+00 -6.2280e+00  3.5135e+01  1.0000e+00
-2.8884e-01  8.1585e-01 -1.2031e+00  1.3030e+00  1.6115e+00 -6.4788e-01  2.1713e+00  1.0000e+00
-6.7363e-01  8.5779e-01  5.6548e-01 -1.2627e+00  1.0223e+01  8.7427e+00  1.3511e+01  1.0000e+00
-2.5258e+00 -2.1681e-02 -7.7414e+00 -5.1205e+00  7.2711e-01 -1.7163e+01  1.7925e+01  1.0000e+00
-1.0214e+00  3.1662e-01  1.0810e+00  1.7261e+00 -4.4304e+00  1.0846e+01  1.1843e+01  1.0000e+00
-4.0158e-01  6.9193e-01  3.0291e-01  2.0491e+00  2.5942e+00  8.2362e+00  8.8749e+00  1.0000e+00
