# limit = 17.7579
#
# x           y           z           vx          vy          vz          s           m
-2.4472e-01 -1.1845e+00  1.6072e-01 -3.4055e+00  9.2664e+00  6.4335e+00  1.1784e+01  1.0000e+00
-2.2369e-01  1.2239e+00 -9.9935e-02  1.4242e+00 -7.8619e+00 -5.4999e+00  9.6999e+00  1.0000e+00
 1.7906e+01  7.4179e-01  3.5066e+00  3.4199e+01  1.9975e+00  6.7047e+00  3.4907e+01  1.0000e+00
-2.1381e-01  9.2263e-01  4.6941e-01 -1.1914e+01  7.0404e+00  2.0932e+01  2.5093e+01  1.0000e+00
-1.5121e+01  5.7312e+00  9.1091e+00 -2.9403e+01  1.0897e+01  1.7353e+01  3.5838e+01  1.0000e+00
 6.5530e+00 -2.1097e+00  1.8734e+01  1.3001e+01 -3.6202e+00  3.6317e+01  3.8743e+01  1.0000e+00
 1.0408e+00 -1.5267e+01 -1.0587e+01  1.4722e+00 -2.9447e+01 -2.0096e+01  3.5681e+01  1.0000e+00
 4.0976e-01 -2.8867e-02 -1.9794e-01 -7.2646e-01  6.9588e+00  4.8370e+00  8.5058e+00  1.0000e+00
-2.4036e+01  1.7507e+01  5.4067e+01 -4.5547e+01  3.3390e+01  1.0464e+02  1.1890e+02  1.0000e+00
 3.0970e+01 -1.6473e+01  7.9913e-01  1.1452e+02 -6.2026e+01  3.0418e+00  1.3027e+02  1.0000e+00
 2.8605e+00  3.7799e+00  2.4464e+00  1.1367e+00  3.5661e+00  1.4865e+00  4.0273e+00  1.0000e+00
-4.6229e-01  8.8978e-01  8.7136e-02  6.5450e+00  9.0108e+00  1.7586e+01  2.0816e+01  1.0000e+00
-1.1235e+00  3.0194e+00  4.1153e-02 -7.5208e-02  7.8468e+00  3.8346e+00  8.7339e+00  1.0000e+00
 4.8546e+00  1.1814e+00 -8.2515e-01  6.4707e+00  2.9381e+00  1.2611e-01  7.1076e+00  1.0000e+00
 1.3988e+00 -8.7235e-01  7.1169e-01  4.8054e+00 -5.6247e+00 -7.2996e-01  7.4338e+00  1.0000e+00
-6.4599e+00 -1.0614e+00 -4.9668e+00 -1.0643e+01 -2.7412e+00 -6.4173e+00  1.2727e+01  1.0000e+00
 1.0931e+01 -1.1418e+01 -1.3053e+01  2.1094e+01 -2.2133e+01 -2.5554e+01  3.9847e+01  1.0000e+00
-1.6327e-01  3.7215e-01  1.5532e-01 -7.2649e+00  1.0051e+01 -5.1225e+00  1.3418e+01  1.0000e+00
-2.4251e-01  7.5457e-01  3.0680e-02  4.2977e+00 -1.6168e+00 -4.9405e+00  6.7449e+00  1.0000e+00
 3.7902e+01  3.0914e+01 -1.3436e+01  7.3441e+01  5.8899e+01 -2.5205e+01  9.7458e+01  1.0000e+00
-6.4691e-01  1.3646e+00 -2.9802e-01 -6.7089e+00 -2.0222e+00 -4.6671e+00  8.4190e+00  1.0000e+00
-3.5816e-01  1.0509e+00  1.9214e-01  2.7231e+01  1.3093e+01  5.1162e+00  3.0645e+01  1.0000e+00
-2.6707e+00 -2.9640e+00  5.1460e+00 -8.4950e+00 -1.2122e+01  1.6569e+01  2.2218e+01  1.0000e+00
-8.1598e+00  1.5403e+01 -1.5605e+01 -1.5955e+01  3.0562e+01 -3.0541e+01  4.6058e+01  1.0000e+00
-5.5059e-01  1.7537e+01 -7.7771e+00 -1.2298e+00  3.3906e+01 -1.4905e+01  3.7058e+01  1.0000e+00
-4.2899e+00  2.3614e+00 -6.8950e+00 -8.2884e+00  5.5243e+00 -1.0618e+01  1.4559e+01  1.0000e+00
 5.6642e+00 -1.3741e+01  2.6592e+00  1.0127e+01 -2.6443e+01  4.8106e+00  2.8722e+01  1.0000e+00
 3.6241e+01 -9.4522e+00 -3.4957e+01  7.5256e+01 -1.9839e+01 -7.2627e+01  1.0645e+02  1.0000e+00
 1.0472e+00 -2.1224e+01 -2.8000e+01  2.1765e+00 -4.2188e+01 -5.5626e+01  6.9849e+01  1.0000e+00
-3.0007e-01  8.3349e-01  3.4083e-01  3.0193e+00  4.0515e+00 -6.1998e+00  7.9980e+00  1.0000e+00
-3.8280e-01  1.0619e+00  3.2312e-01  1.5383e+01 -9.0600e+00  1.6124e+01  2.4056e+01  1.0000e+00
-1.2895e-01  1.0566e+00  3.2618e-01  9.8934e+00 -1.7696e+00 -6.5827e+00  1.2014e+01  1.0000e+00
-6.6205e-02  1.0156e+00  8.1535e-01 -5.8542e+00  8.1406e+00 -6.0858e+00  1.1729e+01  1.0000e+00
-2.6965e-01  8.7055e-01  5.2744e-02  1.8872e+01 -4.4390e-01  1.3660e+01  2.3301e+01  1.0000e+00
-5.0818e-01  1.0223e+00  2.4926e-01 -6.4458e+00  1.4773e+01 -9.7996e+00  1.8863e+01  1.0000e+00
-2.9295e-01  5.1912e-01  5.9480e-02 -1.2416e+01 -1.1534e+01  9.4086e+00  1.9384e+01  1.0000e+00
-1.6075e-01  2.6978e+00 -1.1473e+00  3.7352e+00  1.5170e+00 -1.0320e+00  4.1614e+00  1.0000e+00
-1.4684e+01  2.8123e+01 -3.5498e+01 -2.8537e+01  5.4690e+01 -6.7946e+01  9.1771e+01  1.0000e+00
-2.8680e-02  1.0003e+00  2.1674e-01 -1.5101e+01 -7.5332e+00  1.8878e+01  2.5321e+01  1.0000e+00
 1.0708e+01 -2.4116e+00  8.9946e+00  1.9655e+01 -4.1182e+00  1.6671e+01  2.6100e+01  1.0000e+00
 6.0389e+00  5.5635e+00  6.7058e-01  8.8080e+00  8.5806e+00  2.1088e+00  1.2476e+01  1.0000e+00
 2.9360e+00  8.2916e-01 -4.6174e-01  3.2305e+00  1.2367e+00 -2.7285e+00  4.4058e+00  1.0000e+00
-2.3348e-01  1.3329e+00  7.1286e-01 -1.2002e+01 -3.4106e+00  3.3322e+00  1.2914e+01  1.0000e+00
 2.1339e+00 -6.2914e+00  2.0368e+01  4.3124e+00 -1.2039e+01  3.9711e+01  4.1719e+01  1.0000e+00
 1.9680e+01  9.5263e+00  1.5553e+00  3.8855e+01  1.8640e+01  3.1475e+00  4.3209e+01  1.0000e+00
 1.2933e+00 -1.2735e+01  2.0684e+00  3.2480e+00 -2.3845e+01  4.2378e+00  2.4436e+01  1.0000e+00
-3.7758e-01  1.0569e+00  2.2702e-01 -7.0497e-01 -3.8475e-01  1.2087e+01  1.2114e+01  1.0000e+00
 2.6197e+00 -1.7496e+00 -1.2487e-01  1.0052e+00  3.6538e+00  2.1201e+00  4.3423e+00  1.0000e+00
 8.9038e+00 -3.4519e+00  3.9729e+00  1.4808e+01 -5.7968e+00  7.1279e+00  1.7426e+01  1.0000e+00
 3.1904e-02  4.3915e-01  2.1336e-01 -1.4130e+00 -6.3059e-01 -9.8089e+00  9.9302e+00  1.0000e+00
 3.3315e-01  4.8833e-01 -2.3055e-01  8.5865e-01  3.9331e+00  2.7138e+00  4.8550e+00  1.0000e+00
-5.5057e-01  9.4032e-01  4.4298e-01 -5.1565e+00  1.1685e+00  1.0780e+01  1.2006e+01  1.0000e+00
-2.7673e+00 -4.3678e+00  4.3669e+00 -3.5162e+00 -5.5154e+00  5.9371e+00  8.8336e+00  1.0000e+00
-4.9995e-02  1.1034e+00  3.3375e-01 -1.9549e+01 -8.8286e+00 -2.6580e+00  2.1614e+01  1.0000e+00
-2.3694e-01  1.8441e+00  1.4867e+00  2.3992e+00  1.7469e+01  1.9589e+01  2.6356e+01  1.0000e+00
-2.9960e-01  8.8086e-01  5.2504e-01  8.9964e+00  2.5942e-01 -1.7816e+00  9.1748e+00  1.0000e+00
-3.3870e-01  7.9981e-01  1.3179e-01 -2.7733e+00 -1.3289e+00  7.9292e+00  8.5046e+00  1.0000e+00
-4.2111e-01  9.7340e-01 -2.9019e-01 -8.5706e+00  2.7122e+00 -5.2764e+00  1.0424e+01  1.0000e+00
-5.0191e-02  1.0143e+00  3.1103e-01 -1.3433e+01 -1.3663e+01  1.7840e+01  2.6180e+01  1.0000e+00
 4.9543e+00 -2.6702e+00  1.4626e+01  9.0578e+00 -5.4267e+00  2.7897e+01  2.9828e+01  1.0000e+00
-1.8208e-01  2.5991e-01  2.6586e-01 -2.7938e-01 -3.5464e+00 -6.7128e+00  7.5971e+00  1.0000e+00
-2.5470e+00 -3.9327e+00  2.0037e+00 -7.7326e+00 -1.5538e+01  6.1436e+00  1.8411e+01  1.0000e+00
 8.9440e+00  8.5291e-01 -4.3233e+00  1.8483e+01  1.9996e+00 -8.8260e+00  2.0579e+01  1.0000e+00
 4.2914e-01  3.4217e-01 -6.0423e-02  2.8292e+00 -4.5837e+00  5.4097e+00  7.6341e+00  1.0000e+00
 4.2097e-01 -3.8700e-02  3.7997e-01 -1.3642e+01  1.0058e+01 -2.8839e+00  1.7193e+01  1.0000e+00
-7.1777e-01  8.9781e-01  6.9508e-01  5.7225e+00 -6.5803e+00  3.6991e+00  9.4726e+00  1.0000e+00
-2.0664e-01  1.0088e+00  2.1093e-01 -5.6913e+00  9.5757e+00 -1.2148e+01  1.6482e+01  1.0000e+00
-3.6106e-01  8.0730e-01  2.1788e-01  1.0878e+00 -7.9782e+00  2.9421e+00  8.5727e+00  1.0000e+00
-3.9755e-01  8.6516e-01  3.4440e-01  1.3913e+01  1.4874e+01  1.1500e+01  2.3389e+01  1.0000e+00
-2.2949e-01  8.1103e-01  1.8220e-01  3.1862e+00 -8.1604e+00 -6.2522e+00  1.0763e+01  1.0000e+00
 1.7555e+01  1.9849e+00  3.2084e+00  3.4013e+01  3.4561e+00  6.0730e+00  3.4723e+01  1.0000e+00
-4.5820e-01  8.6772e-01  3.6209e-01 -1.3214e+00 -3.5569e+00  4.6481e+00  6.0002e+00  1.0000e+00
-7.5234e-01  3.0107e-01  6.4856e-01  8.6479e+00  4.8622e+00 -4.1572e+00  1.0757e+01  1.0000e+00
 1.4191e-02  1.0644e+00  5.1079e-01  1.4048e+01  1.2200e+01  1.8779e+01  2.6435e+01  1.0000e+00
 8.8812e-02  8.2885e-01  2.3791e-01  2.6637e+00 -1.1485e+01  1.7400e+00  1.1917e+01  1.0000e+00
-2.1698e-01  4.9337e-01  4.0547e-01 -2.8949e-01  1.4871e+01  3.3003e+00  1.5235e+01  1.0000e+00
-1.6222e-01  6.8660e-01  4.4689e-01 -4.3808e+00 -1.3282e+01  2.1995e+00  1.4158e+01  1.0000e+00
-6.5614e-02  4.2306e-01  1.0244e+00 -2.8248e+00  4.2192e+00  9.9024e-01  5.1731e+00  1.0000e+00
 2.1051e+01 -1.0116e+01 -2.4385e+00  4.1559e+01 -1.9537e+01 -4.6996e+00  4.6162e+01  1.0000e+00
-1.2400e+01 -7.6125e+00 -4.8089e+00 -2.3633e+01 -1.3988e+01 -8.8075e+00  2.8840e+01  1.0000e+00
-4.4250e-01  7.9642e-01  1.9596e-01  7.3394e+00  1.6910e+01 -1.7059e+00  1.8513e+01  1.0000e+00
 1.2237e+01  2.9503e+00  7.9689e+00  3.2340e+01  6.9835e+00  2.0710e+01  3.9033e+01  1.0000e+00
-1.1230e+00  1.5774e+00  2.1484e-01 -8.7491e+00  7.0913e+00 -4.2638e+00  1.2042e+01  1.0000e+00
 4.4664e+00  3.8511e+00  5.6984e+00  6.1103e+00  6.4157e+00  8.3227e+00  1.2156e+01  1.0000e+00
-1.1719e-01  9.1296e-01  2.0531e-01 -1.4886e+00  2.1192e+01 -7.7656e+00  2.2619e+01  1.0000e+00
 8.1722e-02  3.2049e-01  3.5392e-01  1.4013e+00 -1.0106e+00 -8.0886e-01  1.9077e+00  1.0000e+00
-1.2480e+00  1.3692e+00  8.8004e-01 -7.0578e+00  2.4117e+00  2.1731e+00  7.7686e+00  1.0000e+00
 1.5410e+00 -9.0704e-01  1.8399e+00 -2.9613e+00  3.9047e+00 -2.8780e+00  5.6833e+00  1.0000e+00
 7.3730e+01  1.8794e+01 -7.1675e+01  2.2218e+02  5.5313e+01 -2.1506e+02  3.1413e+02  1.0000e+00
 1.4625e-02  8.3741e-01  2.9214e-01 -8.8637e-01  2.2825e+01 -1.3780e+01  2.6676e+01  1.0000e+00
 2.0147e+00 -7.5339e-01  1.5221e+00 -2.7541e+00  2.8528e+00 -3.5209e+00  5.3028e+00  1.0000e+00
-5.9616e-01  1.4577e+00  5.6733e-01 -6.6823e+00  7.9193e-01  1.5776e+01  1.7151e+01  1.0000e+00
-2.0088e+00  1.3055e+00  8.6876e-01 -2.8945e+00  5.0344e-01  2.8945e-01  2.9521e+00  1.0000e+00
-4.3614e-01  7.2806e-01  1.1833e-02  4.5765e+00 -1.9707e+01 -4.2514e+00  2.0673e+01  1.0000e+00
 3.5596e+00 -1.2896e+00 -3.8125e-01  7.8486e+00 -2.7144e+00 -6.0368e-01  8.3267e+00  1.0000e+00
-3.2214e-01  1.1232e+00  7.0129e-02  7.5003e+00 -1.4864e+01  1.0671e+01  1.9775e+01  1.0000e+00
 3.3068e+00  7.4313e+00  1.2482e+01  1.7358e+01  3.4121e+01  6.1423e+01  7.2376e+01  1.0000e+00
-6.8559e+00 -1.0044e+01 -1.1275e+01 -1.3069e+01 -1.8911e+01 -2.1379e+01  3.1392e+01  1.0000e+00
 1.5365e+00 -3.1940e+00 -1.3750e+01  2.7391e+00 -5.4815e+00 -2.3506e+01  2.4292e+01  1.0000e+00
 1.1554e+00  4.1266e+00 -2.0586e+00  3.6315e+00  2.5645e+00  3.4125e-02  4.4458e+00  1.0000e+00
-2.4683e-01  9.8353e-01  3.1573e-01  7.7605e+00 -1.8882e-01  1.0849e+01  1.3341e+01  1.0000e+00
-3.9604e-01  8.7389e-01  1.8267e-01  1.2446e+01 -2.5895e+00 -1.2442e+01  1.7788e+01  1.0000e+00
 1.1991e-01  9.2399e-01  2.7695e-01 -2.8983e+01  1.0964e+01  2.4160e+00  3.1081e+01  1.0000e+00
-5.1869e-01  1.3993e+00  4.0100e-01  3.6032e+00  1.6039e+01  1.8855e+00  1.6546e+01  1.0000e+00
 1.7359e+01  6.6321e+00 -4.4144e-01  3.3429e+01  1.3257e+01 -9.0476e-01  3.5973e+01  1.0000e+00
-1.1619e-01  9.5759e-01 -1.6319e-01 -9.5742e+00  4.6919e+00 -3.6091e+00  1.1256e+01  1.0000e+00
 1.2894e+01  7.3260e-01  1.4466e+01  2.4859e+01  1.5477e+00  2.7874e+01  3.7381e+01  1.0000e+00
-6.2322e-01  1.0359e+00  1.6357e-01  2.1705e+01 -9.2474e+00 -2.0055e+00  2.3678e+01  1.0000e+00
-1.1601e-01  1.5816e+00  1.6375e-01  1.6855e+01  2.1502e+00 -4.6388e+00  1.7613e+01  1.0000e+00
-2.1023e+01  4.4309e+00  4.7923e+00 -4.1227e+01  9.0159e+00  9.4940e+00  4.3256e+01  1.0000e+00
-6.0809e-01  6.6918e-01  1.0564e+00 -1.1167e+00 -7.2110e+00  8.2114e+00  1.0985e+01  1.0000e+00
 4.4559e+00 -7.2848e+00  1.3161e+01  7.5399e+00 -1.3253e+01  2.4963e+01  2.9251e+01  1.0000e+00
 4.9081e+00 -5.0832e+00  1.0582e+01  8.7014e+00 -9.2988e+00  1.9405e+01  2.3211e+01  1.0000e+00
 8.5919e+00 -1.0413e+01 -4.1324e+00  1.7663e+01 -1.8867e+01 -7.4343e+00  2.6893e+01  1.0000e+00
 3.1016e+00 -1.3909e+00  8.8114e-01 -1.2592e+00  2.6046e+00  8.1397e-01  3.0054e+00  1.0000e+00
-2.6817e-01  9.7951e-01  8.3383e-01 -2.7774e+00  4.7570e+00  1.0081e+01  1.1488e+01  1.0000e+00
-2.4787e-02  1.9509e+00  4.5209e-01  3.6656e+00  1.5385e+01 -4.5430e+00  1.6455e+01  1.0000e+00
-5.6622e-02  9.2988e-01  4.0264e-01  1.2038e+01  1.0749e+01 -1.0185e+01  1.9084e+01  1.0000e+00
-2.9228e-01  9.8320e-01  3.1991e-03  1.0218e+01  3.4273e+00 -1.3338e+01  1.7148e+01  1.0000e+00
-8.9551e-01  1.2328e+00  3.9329e-01 -4.4793e+00  5.0091e+00  3.8123e+00  7.7258e+00  1.0000e+00
 5.5405e-02  9.4181e-01  1.8224e-01  3.1901e+00 -2.6286e+00  1.7387e+01  1.7872e+01  1.0000e+00
 1.4349e-02  8.0963e-01  2.2672e-01  2.2107e+00 -5.0791e-01  1.2766e+01  1.2966e+01  1.0000e+00
-2.7708e+01  1.1478e+01  1.0491e+01 -5.4979e+01  2.2912e+01  2.1202e+01  6.3223e+01  1.0000e+00
-3.3689e-01  1.0201e+00  2.1423e-01 -1.5060e+01  4.8132e+00 -6.6597e+00  1.7156e+01  1.0000e+00
-3.5676e-01  9.9722e-01  1.9746e-01  1.4430e+01 -1.9747e+01  2.4384e+01  3.4536e+01  1.0000e+00
-4.9068e-01  1.0518e+00 -2.6818e-02 -4.7418e-01  9.7096e+00  2.5378e+00  1.0047e+01  1.0000e+00
 1.0233e+01 -8.7552e+00 -3.5336e+00  1.9321e+01 -1.6208e+01 -6.1336e+00  2.5954e+01  1.0000e+00
-1.6251e-01  1.3459e+00  2.5598e-01  4.1596e+00 -1.2749e+00  2.5550e+00  5.0453e+00  1.0000e+00
 6.9035e+00 -5.9872e+00  1.5147e+01  1.2976e+01 -1.1134e+01  2.9365e+01  3.3980e+01  1.0000e+00
 9.2498e+00  1.7555e+00  1.0336e+01  4.3905e+01  5.3609e+00  4.6350e+01  6.4068e+01  1.0000e+00
-2.5585e+00 -2.8280e+00 -1.2576e+01 -5.1793e+00 -4.9196e+00 -2.3380e+01  2.4447e+01  1.0000e+00
 1.4595e+00 -4.3486e-01  5.4882e-01 -8.2706e+00  7.9089e+00 -2.2917e+00  1.1671e+01  1.0000e+00
-6.2120e-02  8.6866e-01  4.6266e-02  6.1725e+00  9.3466e+00 -1.5505e+01  1.9128e+01  1.0000e+00
-1.5104e-01  4.9174e-01 -3.9234e-01  6.2823e+00  5.9924e+00  2.1630e+00  8.9473e+00  1.0000e+00
 1.6366e+00  1.1948e+00 -8.7788e-01  7.1488e-01  3.6956e+00 -4.8118e-01  3.7948e+00  1.0000e+00
-1.3387e-01  7.0548e-01  1.2175e+00 -2.3453e+00  9.8396e+00  9.8640e+00  1.4129e+01  1.0000e+00
 7.0980e-01  4.0320e-01 -1.0147e-01  1.3603e+00 -3.3786e+00 -4.7509e-01  3.6731e+00  1.0000e+00
-9.1150e-03  7.2238e-01  3.7831e-01 -1.5869e+01 -8.0205e+00  7.4216e+00  1.9267e+01  1.0000e+00
 2.4660e+00 -1.0229e+00  1.3397e+00 -3.4636e+00  4.5215e+00  3.5061e-01  5.7065e+00  1.0000e+00
-2.1290e+00 -5.9258e+00  1.3638e+01 -3.9989e+00 -1.1562e+01  2.5866e+01  2.8613e+01  1.0000e+00
-1.2898e-01  1.2441e+00  1.5566e-01  1.6316e+01  1.5807e+01  5.3327e+00  2.3335e+01  1.0000e+00
-3.5004e-01  7.9580e-01 -3.2563e-02 -4.9968e+00 -5.8709e+00 -1.0997e+01  1.3430e+01  1.0000e+00
-1.8871e+01  3.7375e+00 -5.3561e+00 -3.5568e+01  8.5326e+00 -9.4180e+00  3.7771e+01  1.0000e+00
-3.5277e-01  9.5435e-01  1.3808e-01 -1.2597e+01  1.1004e+01  1.2541e+01  2.0906e+01  1.0000e+00
 1.2543e-02  2.2386e-01  5.9176e-02  5.8946e+00 -9.9625e+00 -5.9339e+00  1.3008e+01  1.0000e+00
-7.8213e-02  8.7024e-01 -2.0665e-02 -2.7002e+00 -1.3182e+01 -8.5284e+00  1.5931e+01  1.0000e+00
-7.3219e+00 -2.4501e+01 -2.7803e+01 -1.4938e+01 -4.4736e+01 -5.2235e+01  7.0377e+01  1.0000e+00
 1.8163e+01 -1.6038e+01  4.5331e+00  3.5522e+01 -3.1242e+01  8.7555e+00  4.8110e+01  1.0000e+00
 4.7379e-01  4.9663e-01 -4.4939e-01  3.1468e+00  1.2565e+00  5.2635e+00  6.2599e+00  1.0000e+00
-1.2860e+00  1.3389e+00  1.0387e+00 -1.6353e+01  8.2897e+00  6.7575e+00  1.9540e+01  1.0000e+00
-1.7931e-01  6.6063e-01  4.2170e-01 -1.5494e+01 -4.8521e-01 -8.2720e+00  1.7571e+01  1.0000e+00
 4.0054e-01  6.5518e-01 -3.0348e-01 -1.0358e+01  1.0056e+01  1.6869e+01  2.2203e+01  1.0000e+00
-2.1815e-02  8.6390e-01  6.5789e-01  9.3167e+00  8.2413e-01  1.6119e+01  1.8636e+01  1.0000e+00
-8.2923e-02  8.2831e-01  2.8423e-01 -7.6625e+00 -1.6722e+01  4.0006e+00  1.8824e+01  1.0000e+00
-9.9423e+00  1.5484e+01 -8.2983e+00 -1.9257e+01  3.0468e+01 -1.5916e+01  3.9401e+01  1.0000e+00
-1.7638e+00  1.0082e+00  1.2607e+00 -7.5602e+00  2.8161e+00  1.3506e+01  1.5732e+01  1.0000e+00
 1.9763e-01  8.3763e-01 -2.8658e-01 -1.5483e+01 -4.4743e-01  8.7354e+00  1.7783e+01  1.0000e+00
 2.3567e-02  1.1315e+00 -8.2194e-02 -2.5610e+00 -8.9300e+00  6.1169e+00  1.1123e+01  1.0000e+00
-2.4524e-01  1.6165e+00 -2.4029e-01  1.5559e+00  1.3243e+00 -6.5745e+00  6.8847e+00  1.0000e+00
-6.9691e-02  9.4360e-01  4.6097e-01  3.5103e+00  2.8117e+01 -1.5176e+00  2.8376e+01  1.0000e+00
-1.2160e-01  8.0125e-01  3.8019e-01 -8.5741e-01 -5.4755e+00 -1.4724e+01  1.5732e+01  1.0000e+00
-1.9241e-01  6.9469e-01  6.3760e-01 -6.0025e+00  1.2242e+00  7.5162e+00  9.6965e+00  1.0000e+00
-7.5393e-01  8.6787e-01  5.9423e-01 -7.8999e+00  4.2363e+00  2.4963e+00  9.3051e+00  1.0000e+00
 9.9230e-03  4.8575e-01  5.9525e-01  4.8346e+00 -1.6979e+00  6.8470e+00  8.5521e+00  1.0000e+00
-3.5090e-01  5.8434e-01  4.5905e-01 -1.3696e+00 -1.4636e+01  7.0740e+00  1.6313e+01  1.0000e+00
 4.5648e+00 -7.5263e+00  1.2983e+01  8.9902e+00 -1.3782e+01  2.4586e+01  2.9584e+01  1.0000e+00
-4.3612e-01  1.2986e+00  2.0383e-01  3.4668e+00 -9.6365e+00 -1.7051e+00  1.0382e+01  1.0000e+00
 3.5380e+01 -2.4231e+01 -4.9510e+01  6.9252e+01 -4.7253e+01 -9.5417e+01  1.2702e+02  1.0000e+00
-2.6846e-01  7.0359e-01  4.6970e-01  8.9044e+00  4.0171e+01  5.9790e+00  4.1579e+01  1.0000e+00
-1.5747e+00  3.1200e+00  2.2011e+00  3.5605e-01  1.6676e+00 -2.5735e+00  3.0871e+00  1.0000e+00
 9.2182e+00 -2.7479e+00 -2.0920e+00  1.7007e+01 -3.8668e+00 -2.8889e+00  1.7679e+01  1.0000e+00
-2.8641e-01  9.6477e-01  3.1978e-01 -1.0499e+01 -1.1773e+01  3.7914e+00  1.6223e+01  1.0000e+00
-3.1254e-03 -1.1536e+00  1.5870e+00  2.8966e+00  1.9787e+00 -2.0637e+00  4.0699e+00  1.0000e+00
-3.0044e-01  1.2303e+00  2.0644e-01 -9.4813e+00 -1.1131e+01 -2.9270e+00  1.4911e+01  1.0000e+00
-1.4873e-01  4.0335e-01  3.1960e-01 -5.1329e+00  1.2046e+01 -2.1924e+00  1.3276e+01  1.0000e+00
-1.8174e-01  6.2662e-01  3.7814e-01 -9.6104e+00  1.0095e+01  8.4533e+00  1.6301e+01  1.0000e+00
-4.1927e-01  1.1364e+00  7.6614e-01  6.9884e+00 -3.0991e+00 -8.2713e+00  1.1263e+01  1.0000e+00
 5.2029e-01  1.2399e+00  6.1254e-01 -2.0036e+00 -7.1475e-01  1.7533e+00  2.7567e+00  1.0000e+00
-2.1421e-02  8.4909e-01  1.2051e-01 -9.8910e+00 -1.9439e+01 -2.1810e+01  3.0844e+01  1.0000e+00
 8.7362e-01 -7.0672e+00  1.2523e+01  1.7001e+00 -1.3203e+01  2.3281e+01  2.6818e+01  1.0000e+00
-2.0843e+01  1.6191e+01 -1.3254e+01 -5.8234e+01  4.4409e+01 -3.7343e+01  8.2206e+01  1.0000e+00
-1.1650e+00  1.0625e+00 -2.0223e-01 -1.6591e+01  2.2778e+00  4.4572e-01  1.6752e+01  1.0000e+00
-1.0700e+00  2.3485e+00  3.5171e-01 -2.1398e+00  6.7073e+00  2.3805e+00  7.4319e+00  1.0000e+00
-5.3604e-01  6.6437e-01  1.6324e-01 -1.6334e+01 -5.7737e+00  9.0357e+00  1.9540e+01  1.0000e+00
-3.7131e-01  8.1649e-01  2.0019e-01 -4.4147e+00 -1.9516e+01  2.8087e+01  3.4486e+01  1.0000e+00
-1.2762e+00  1.3506e+00  1.8113e-01  7.4246e+00 -3.2053e+00  6.2016e-01  8.1107e+00  1.0000e+00
 2.8994e-01  1.1659e+00  7.9636e-01 -1.2041e+01 -1.4047e-01 -2.7053e+00  1.2342e+01  1.0000e+00
-1.1998e+01  1.0106e+01 -3.3571e+00 -2.2464e+01  1.9000e+01 -6.2333e+00  3.0075e+01  1.0000e+00
 7.1681e+00 -5.6054e+00 -2.1935e+01  1.4137e+01 -1.1175e+01 -4.3296e+01  4.6897e+01  1.0000e+00
-8.4537e-01  1.7612e-01  4.6617e-02  3.6079e-01 -5.7561e+00  2.5492e+00  6.3057e+00  1.0000e+00
-6.0217e-01 -1.4193e+01 -1.0182e+01 -1.1502e+00 -2.7152e+01 -1.9380e+01  3.3379e+01  1.0000e+00
-5.2760e+00  4.9697e+00 -2.0760e+01 -1.0579e+01  1.0011e+01 -4.0657e+01  4.3187e+01  1.0000e+00
 2.5311e+00 -1.2509e+01  1.1068e-01  4.5976e+00 -2.3399e+01  3.1976e-01  2.3849e+01  1.0000e+00
-2.0139e+00  3.9653e-01  5.2139e-01 -7.8028e+00  2.1308e+00  1.7410e+00  8.2738e+00  1.0000e+00
-2.4238e+00 -3.1119e+00 -1.3588e+01 -4.6110e+00 -6.2029e+00 -2.4782e+01  2.5960e+01  1.0000e+00
 1.3791e+00  3.4561e+00  3.1323e+00  3.3034e+00  6.2380e+00  6.0939e+00  9.3253e+00  1.0000e+00
-2.3932e-01  9.0505e-01  3.8125e-01  3.2243e+00 -6.7734e-01  1.9518e+00  3.8294e+00  1.0000e+00
 7.6624e+00  4.8160e+00  1.0680e+01  1.8308e+01  1.0009e+01  2.4861e+01  3.2456e+01  1.0000e+00
-8.2975e-02  8.5738e-01  5.4731e-01  1.4439e+01 -4.0112e+00  1.8617e+01  2.3899e+01  1.0000e+00
 8.4358e+00 -1.0448e+01 -4.0130e+00  1.4259e+01 -1.9440e+01 -7.5501e+00  2.5263e+01  1.0000e+00
 8.1685e-02  5.2567e-01  3.7142e-01 -9.5291e+00  8.9930e+00  1.9009e-01  1.3104e+01  1.0000e+00
-3.6431e-01  1.2486e+00  1.1254e-01  3.1913e+00  1.9756e+01  1.0202e+01  2.2462e+01  1.0000e+00
-1.4512e+01 -6.5398e+00 -4.5692e+00 -2.7615e+01 -1.2347e+01 -8.5001e+00  3.1421e+01  1.0000e+00
 7.4612e+00  3.9786e+00  7.2769e+00  1.2820e+01  7.6957e+00  1.3724e+01  2.0295e+01  1.0000e+00
-1.5541e-01  7.0802e-01  4.6439e-01  1.3191e+01  1.7671e+01 -8.9408e+00  2.3795e+01  1.0000e+00
 5.7855e+00 -1.8942e+01 -1.4948e+00  1.1506e+01 -3.6959e+01 -2.9345e+00  3.8820e+01  1.0000e+00
 7.0141e+00 -1.4725e+00  5.6634e+00  8.4904e+01 -2.7242e+01  6.4970e+01  1.1033e+02  1.0000e+00
-2.7410e+01 -2.6092e+00  4.0474e+01 -5.6982e+01 -5.5837e+00  8.4052e+01  1.0170e+02  1.0000e+00
 1.1035e+01 -1.9118e+01 -1.5517e+01  2.2060e+01 -3.7787e+01 -3.0783e+01  5.3499e+01  1.0000e+00
 3.6303e-01  5.7977e-01 -2.3374e-01 -5.7401e+00 -4.1562e-02  2.0654e+00  6.1005e+00  1.0000e+00
-1.4646e+00  3.5817e+00  9.4398e-01 -2.5110e+00  1.2106e+01  2.6161e+00  1.2637e+01  1.0000e+00
-2.4105e-01  1.0268e+00  8.3165e-01 -8.5219e-01 -1.3793e+01 -2.0351e+00  1.3969e+01  1.0000e+00
-6.3380e+00 -1.4285e+00 -4.7356e+00 -1.0187e+01 -1.0332e+00 -7.5695e+00  1.2733e+01  1.0000e+00
 5.1188e-01  1.1432e+00  5.5318e-02 -1.7000e+01 -4.3054e+00  2.0556e+00  1.7657e+01  1.0000e+00
-1.8358e-01  6.0715e-01 -7.0747e-03 -6.8935e+00 -1.4671e+01  5.2227e+00  1.7030e+01  1.0000e+00
-1.2420e-01 -1.4277e+01 -1.0116e+01 -1.6513e-02 -2.6863e+01 -1.9205e+01  3.3022e+01  1.0000e+00
-2.7713e-01  6.5067e-01  4.6621e-01 -4.9746e+00 -5.1216e+01  2.4367e+00  5.1515e+01  1.0000e+00
-1.7489e-01  4.3905e-01  2.4680e-01  4.6395e+00 -1.0139e+01  8.4854e+00  1.4011e+01  1.0000e+00
-2.0772e-01  6.9845e-01  2.6026e-01 -1.8148e+00  2.0544e+01 -9.2346e+00  2.2597e+01  1.0000e+00
-6.9382e-01  9.3387e-01  4.0050e-01  1.6573e+01  3.5791e+00 -1.2262e+01  2.0924e+01  1.0000e+00
-2.9537e-01  7.7542e-01  1.8662e-01 -1.0256e+01  1.2988e+01  7.2487e+00  1.8067e+01  1.0000e+00
-2.7510e+01 -3.2800e+01  1.5280e+01 -5.1386e+01 -6.2619e+01  2.9556e+01  8.6228e+01  1.0000e+00
-2.6312e-01  9.7781e-01  5.0501e-02  2.5435e+01  4.5154e-01  1.0270e+01  2.7434e+01  1.0000e+00
-2.4029e+00  4.1918e+00 -1.8409e+00 -4.6115e+00  8.7701e+00 -2.8813e+00  1.0319e+01  1.0000e+00
-7.8184e-02  8.6762e-01  2.1231e-01 -1.0937e+01  1.1755e+01 -4.7861e+00  1.6754e+01  1.0000e+00
-1.7205e-01  1.0431e+00  2.3932e-01  2.0160e+01  6.0820e+00  6.3865e+00  2.2004e+01  1.0000e+00
 4.7362e-02  1.1685e+00 -6.8238e-01  7.9652e+00 -4.8993e-02 -1.2886e+00  8.0689e+00  1.0000e+00
-1.5497e-01  2.8607e-01 -1.6072e-01 -9.6478e+00 -6.8166e+00 -2.6642e+00  1.2110e+01  1.0000e+00
-1.5821e-01  5.8013e-01  1.8539e-01  8.1233e+00  5.9380e+00 -1.4670e+01  1.7789e+01  1.0000e+00
-9.1759e-02 -1.2529e+01  6.0114e+00 -1.9767e-01 -2.3572e+01  1.1044e+01  2.6031e+01  1.0000e+00
-1.6134e+01 -9.6796e+00 -5.7881e+00 -3.1981e+01 -1.8838e+01 -1.1440e+01  3.8840e+01  1.0000e+00
-1.2655e+00  8.0870e-01 -5.3134e-02  9.5681e+00  1.4288e+01  6.5185e+00  1.8390e+01  1.0000e+00
 1.2456e-02  8.3122e-01 -3.0223e-01 -7.0854e-02  5.1926e+00  2.4454e+00  5.7400e+00  1.0000e+00
 2.0761e+01 -7.4463e+00 -1.2417e+00  4.0782e+01 -1.4527e+01 -2.2802e+00  4.3352e+01  1.0000e+00
 5.2760e-01  5.3779e-01 -1.1357e-01 -3.1336e+00  5.9683e+00 -1.6801e+01  1.8103e+01  1.0000e+00
 2.0632e+02 -2.5544e+02  1.6753e+02  3.8386e+02 -4.7418e+02  3.0947e+02  6.8408e+02  1.0000e+00
-6.8705e-01  1.3856e+00  2.9820e-01  5.2944e+00  7.8295e+00 -5.5415e+00  1.0956e+01  1.0000e+00
 3.9319e-01  4.4026e-01 -4.9648e-01 -2.8882e+00  3.3358e+00 -6.7673e+00  8.0787e+00  1.0000e+00
-4.8949e-01  1.3248e+00  2.4680e-01 -5.3321e-01  3.8243e+00  1.0708e+01  1.1383e+01  1.0000e+00
 1.1540e+01  9.3386e+00  8.5810e-01  2.1524e+01  1.7228e+01  1.8836e+00  2.7633e+01  1.0000e+00
-9.1191e+00 -2.3938e+00  4.8241e+00 -1.9120e+01 -4.6037e+00  1.0902e+01  2.2486e+01  1.0000e+00
 2.8493e+00 -1.5651e+01  8.2399e-01  5.2823e+00 -2.9582e+01  1.2313e+00  3.0075e+01  1.0000e+00
-1.5368e-01  1.6531e+00  1.0559e-01  6.3701e+00 -1.2998e+00  7.5309e+00  9.9490e+00  1.0000e+00
 7.6963e-01  7.2817e+00 -1.1240e+01  1.2799e+00  1.3334e+01 -2.0902e+01  2.4826e+01  1.0000e+00
-2.9712e+01  9.9966e+00  1.0868e+01 -6.8562e+01  2.3119e+01  2.4994e+01  7.6550e+01  1.0000e+00
-3.2097e-01  9.8849e-01  1.6260e-01  1.8595e+01 -4.3900e+00  1.1315e-01  1.9106e+01  1.0000e+00
 5.3641e-01  1.0054e+00 -1.7535e-01 -8.4954e+00  8.3665e+00  7.0279e+00  1.3841e+01  1.0000e+00
-3.1414e-01  1.4405e+00  3.1023e-01  2.7459e+00 -1.2011e+00  4.7856e+00  5.6466e+00  1.0000e+00
 1.8424e+00  1.2078e-01 -5.3360e-01 -9.7956e-01  1.0721e-01  1.8747e+00  2.1179e+00  1.0000e+00
 1.5600e+00 -1.6014e+01  1.2720e+01  2.9658e+00 -3.1247e+01  2.4851e+01  4.0034e+01  1.0000e+00
 8.3397e+00 -1.5535e+01  6.2630e+00  2.3514e+01 -4.4153e+01  1.7222e+01  5.2905e+01  1.0000e+00
-6.4403e-01  9.5013e+00  1.4474e+00 -3.2810e+00  1.5921e+01  3.0612e+00  1.6541e+01  1.0000e+00
-3.1911e-01  7.0205e-01 -4.3535e-02  3.7291e+00  1.9488e+01  1.3023e+01  2.3734e+01  1.0000e+00
 1.4019e+00 -5.6370e-01  6.4524e-01 -6.6884e+00  3.1000e+00 -6.4342e-01  7.3999e+00  1.0000e+00
-3.7145e-01  6.7004e-01  3.3029e-01 -1.6936e+01  5.9748e-01 -4.4934e+00  1.7533e+01  1.0000e+00
 8.3634e+00 -2.7997e+00  4.5538e+00  1.4798e+01 -3.8055e+00  7.5208e+00  1.7030e+01  1.0000e+00
 3.4996e-01  9.0338e-01 -3.4920e-01 -6.1410e+00  7.1303e-01 -3.9247e+00  7.3228e+00  1.0000e+00
-4.2098e-01  1.0234e+00  6.0101e-01 -4.2177e+00  5.8911e+00  7.6238e+00  1.0517e+01  1.0000e+00
-5.0921e-01  9.5579e-01  1.4571e-01 -4.8524e-01 -1.2666e+01 -6.6045e+00  1.4293e+01  1.0000e+00
-3.4361e+00 -2.9446e+00 -1.7302e+01 -6.4043e+00 -5.4373e+00 -3.3188e+01  3.4235e+01  1.0000e+00
-1.4234e+00 -6.3404e-01  3.8989e+00 -6.4134e-01  4.8924e-01  3.7713e+00  3.8566e+00  1.0000e+00
 2.1062e+01 -4.8410e-01 -4.5890e+00  4.1326e+01 -7.3941e-01 -8.6014e+00  4.2218e+01  1.0000e+00
-1.0068e-01  1.2545e+00  3.5566e-01 -6.6551e+00 -9.6023e+00 -1.3351e+01  1.7741e+01  1.0000e+00
 7.3381e+00 -1.1607e+00  1.9237e+01  1.4478e+01 -2.7839e+00  3.7889e+01  4.0656e+01  1.0000e+00
-5.8486e-01  9.1991e-01 -9.1166e-01 -5.8934e+00  3.8403e+00 -1.0807e+01  1.2895e+01  1.0000e+00
 7.3007e-01  8.8687e-01  1.2485e+00 -5.9133e+00 -6.7263e+00  5.5893e+00  1.0557e+01  1.0000e+00
-8.3686e+00  1.4206e+00  1.3582e+01 -1.5568e+01  2.6803e+00  2.5804e+01  3.0256e+01  1.0000e+00
-1.3297e+00  7.0793e+00 -2.3206e-01 -4.0101e+00  8.1576e+00 -9.1230e-01  9.1356e+00  1.0000e+00
-4.3043e-01  4.6905e-01  1.1806e-01  8.4619e+00 -1.6102e+00 -2.4357e+00  8.9515e+00  1.0000e+00
 8.4289e-01  3.3223e+01  2.1685e+01  2.8137e-01  6.3483e+01  4.0487e+01  7.5295e+01  1.0000e+00
-5.0134e+00  4.4451e+00 -1.7748e+00 -6.6128e+00  5.8195e+00 -9.2160e-01  8.8569e+00  1.0000e+00
 1.1216e+00  1.2239e+00 -1.1358e-01 -5.2285e+00  4.9095e+00 -3.0352e+00  7.7880e+00  1.0000e+00
-7.6225e-01  8.7264e-01  4.3380e-01  1.0530e+01  5.0976e-01 -7.5378e+00  1.2960e+01  1.0000e+00
-2.9276e-01  8.8443e-01  3.3241e-01 -8.7544e+00  2.4153e+01 -1.4409e+01  2.9456e+01  1.0000e+00
-4.0792e-01  1.0191e+00  2.9432e-01  4.6258e+00 -1.9129e+01 -9.8504e+00  2.2008e+01  1.0000e+00
-2.4887e-01  6.5507e-01  4.0127e-01  8.7944e+00  1.8709e+01  1.0303e+00  2.0699e+01  1.0000e+00
-2.9758e+00  1.0870e-01  4.1905e+00 -1.3405e+00  1.2683e+00  3.2351e+00  3.7244e+00  1.0000e+00
-9.1918e-01  1.3124e+00  2.0395e-01  4.0532e+00  3.2992e-01 -7.7543e-01  4.1399e+00  1.0000e+00
-1.1051e+01  9.2657e+00  3.2444e+00 -2.7124e+01  2.2648e+01  7.2356e+00  3.6069e+01  1.0000e+00
-3.6754e-01  3.1197e-01  3.2329e-01  1.6566e+01  4.4780e+00 -2.7108e+00  1.7374e+01  1.0000e+00
-1.2324e-01  6.8404e-01  2.1798e-01  1.6699e+00  1.3201e+01  1.0889e+00  1.3350e+01  1.0000e+00
-3.2669e-01  8.4015e-01  2.1605e-01 -1.2421e+01 -1.1523e+01 -7.5815e+00  1.8562e+01  1.0000e+00
-7.5381e-01  8.3703e-01  4.7934e-01 -1.0585e+01 -1.0354e+01 -2.1156e+00  1.4958e+01  1.0000e+00
 6.9683e+00 -1.1796e+01 -5.8800e+00  1.3209e+01 -2.1665e+01 -1.1103e+01  2.7697e+01  1.0000e+00
 5.4736e-01 -3.2882e-01  1.0239e-01  2.7643e-02 -4.8213e+00  2.3491e+00  5.3632e+00  1.0000e+00
 9.0675e+00  2.4797e+00 -2.0455e+01  1.7821e+01  5.2509e+00 -3.8122e+01  4.2408e+01  1.0000e+00
-1.4916e+00  8.1048e+00 -5.1852e+00 -2.5568e+00  1.3669e+01 -7.6294e+00  1.5861e+01  1.0000e+00
-1.8122e+01 -6.3945e+00  4.3120e+00 -3.5586e+01 -1.2154e+01  8.4197e+00  3.8536e+01  1.0000e+00
 2.2670e+01 -2.1889e+00 -9.3057e+00  4.5114e+01 -4.2960e+00 -1.8308e+01  4.8877e+01  1.0000e+00
 8.7774e+00 -4.8475e+01  3.0051e+01  1.7616e+01 -9.7711e+01  6.0738e+01  1.1639e+02  1.0000e+00
-1.2950e-01  8.5124e-01  4.6221e-01  3.2848e+00  7.2210e+00  9.9883e-02  7.9336e+00  1.0000e+00
-1.9280e-01  8.5797e-01  2.0382e-01 -6.3170e+00  8.9553e+00 -2.6574e+01  2.8745e+01  1.0000e+00
-2.4580e-01  9.8045e-01  1.2658e-01 -1.0437e+01 -4.4448e+00 -1.3718e+01  1.7801e+01  1.0000e+00
 7.3195e-01  1.2929e+00  1.0478e-01  7.9909e+00  5.6241e+00  3.7843e-01  9.7790e+00  1.0000e+00
-1.1111e+01 -5.5581e+00 -5.6865e+00 -2.0994e+01 -9.6161e+00 -1.0738e+01  2.5466e+01  1.0000e+00
 2.0934e-01  1.5500e+00 -4.5456e-02 -3.5803e+00  3.4191e+00 -7.3861e+00  8.8918e+00  1.0000e+00
 3.7416e-01  1.4159e+00 -3.9082e-01  1.4833e+00  1.8056e+00  1.4204e+01  1.4395e+01  1.0000e+00
-1.8180e-01  4.4236e-01 -2.3238e-01  2.7097e+00 -9.7275e+00  4.6844e+00  1.1131e+01  1.0000e+00
-1.4772e-01  8.8101e-01  2.1547e-01  3.8616e+00 -9.3303e+00  1.0854e+01  1.4825e+01  1.0000e+00
 2.7630e+00 -2.7295e+00 -3.2799e+00  2.7111e+00 -1.3624e+00 -2.6896e+00  4.0547e+00  1.0000e+00
 1.8872e-01  8.0204e-01  2.3346e-01 -1.1006e+01  8.2797e+00 -2.1368e-01  1.3774e+01  1.0000e+00
-2.6475e-01  7.5837e-01  3.6264e-01  5.6412e+00  5.4670e+00  1.0812e+01  1.3365e+01  1.0000e+00
 7.5597e+00 -9.0830e+00 -1.1170e+01  1.4232e+01 -1.7672e+01 -2.0803e+01  3.0783e+01  1.0000e+00
 2.2177e+00  1.7129e+00 -1.5339e+00  2.4353e+01  9.5600e+00 -1.1705e+01  2.8661e+01  1.0000e+00
-2.5640e-01  7.9570e-01  3.5170e-01  1.5353e+00 -1.3713e+01  1.9746e+01  2.4089e+01  1.0000e+00
 1.3469e-01  2.3573e-01  2.8862e-01 -4.3609e+00  7.1424e+00  4.4229e+00  9.4654e+00  1.0000e+00
 3.1906e-01  1.7363e+00 -2.8572e-01  2.8335e+00  1.1349e+01  5.4547e+00  1.2907e+01  1.0000e+00
 7.4747e+00 -3.4053e+00 -4.9184e+00  3.1064e+01 -1.5998e+01 -2.0386e+01  4.0454e+01  1.0000e+00
-4.7467e-01  8.4293e-01  2.1302e-01  3.9762e+00  1.2366e+01 -1.7391e+01  2.1707e+01  1.0000e+00
-1.6115e+00  1.4923e+00 -1.6168e-01  2.8273e+00  5.2083e-02  5.8727e-01  2.8881e+00  1.0000e+00
-2.3832e+01  5.7546e+00  1.1719e+01 -6.0211e+01  1.4449e+01  2.9725e+01  6.8685e+01  1.0000e+00
-6.6668e-01  1.0589e+00  2.3799e-01 -6.2626e+00 -9.1443e+00  3.6497e+00  1.1669e+01  1.0000e+00
 1.0162e+01  7.1884e+00 -8.8354e-01  1.7945e+01  1.3476e+01 -1.0005e+00  2.2464e+01  1.0000e+00
-2.9071e-01  1.4525e+00  2.2867e-01 -1.5128e+00  9.3360e+00 -4.1123e-01  9.4667e+00  1.0000e+00
-2.5550e-01  1.2225e+00  3.7529e-01  7.2163e-01 -1.6471e+01  8.3403e+00  1.8477e+01  1.0000e+00
-1.9690e-01  6.2913e-01  3.3781e-01  6.7757e+00  1.2900e+01  3.7996e-01  1.4576e+01  1.0000e+00
 1.9229e+00  9.4425e+00 -3.2042e-01  3.9878e+00  1.5203e+01 -1.4187e+00  1.5781e+01  1.0000e+00
-2.0529e+02  2.5473e+02 -1.7021e+02 -3.7964e+02  4.7214e+02 -3.1702e+02  6.8377e+02  1.0000e+00
-1.7336e-01  3.6276e-01 -8.7063e-02  1.3848e+01 -1.3459e+01 -6.8322e+00  2.0484e+01  1.0000e+00
-1.3847e-01  6.7038e-01  9.0199e-02  7.8422e+00 -2.9816e+00  2.7133e+00  8.8177e+00  1.0000e+00
-4.6191e-01  2.0521e+00  7.9560e-02 -4.8185e+00  1.6829e+01 -2.1891e+00  1.7642e+01  1.0000e+00
-4.9351e-01  1.0516e+00  4.2135e-02  1.1515e+01 -1.5385e+01 -4.2017e+00  1.9671e+01  1.0000e+00
-5.5144e-01  2.7437e-01  9.8687e-02 -9.2219e+00 -3.6846e+00  7.0219e+00  1.2163e+01  1.0000e+00
 7.1715e+00 -1.0603e+01 -1.0088e+01  1.1511e+01 -2.0751e+01 -2.1018e+01  3.1699e+01  1.0000e+00
 2.6127e+00 -4.3530e-01  3.2690e-01 -5.9427e-01  1.3198e+00  1.7326e+00  2.2576e+00  1.0000e+00
-1.8270e+00  2.2878e-01  2.3628e+00  2.5813e+00  2.0350e+00  8.9377e-01  3.4063e+00  1.0000e+00
-1.5442e-01  8.0327e-01  1.8838e-01 -7.2000e+00  1.0809e+01  1.6274e+01  2.0821e+01  1.0000e+00
-1.5713e+01  9.2895e-01  1.3435e+01 -3.0674e+01  2.2726e+00  2.6529e+01  4.0618e+01  1.0000e+00
-7.7192e-01  8.3800e-01  1.6347e-01 -4.0897e+00 -1.3849e+00 -1.4915e+01  1.5527e+01  1.0000e+00
-2.1254e-02  7.5794e-01  2.9468e-01  3.1830e+00  5.0084e+00 -1.6722e+01  1.7744e+01  1.0000e+00
-1.0626e+01  9.6517e+00 -1.7129e+01 -2.0799e+01  1.9207e+01 -3.3595e+01  4.3933e+01  1.0000e+00
 1.7963e+01 -1.2273e+01  4.9565e+00  3.5213e+01 -2.3870e+01  9.8190e+00  4.3659e+01  1.0000e+00
 9.6213e+00 -5.9058e+00  1.0746e+01  1.7863e+01 -1.0991e+01  2.0498e+01  2.9327e+01  1.0000e+00
-8.5542e-02  9.6950e-01  1.5579e+00 -9.4159e+00  2.0187e+00 -3.0207e+00  1.0092e+01  1.0000e+00
-5.4811e-01  5.9435e-01  5.0984e-01 -1.5606e+00 -4.5255e-01  1.2983e+00  2.0798e+00  1.0000e+00
-2.8191e-01  2.6701e-01  2.4614e-01 -6.0486e+00 -8.5232e+00  5.3594e+00  1.1745e+01  1.0000e+00
-7.4747e+00  1.1625e+00  2.4755e+00 -1.1250e+01  1.0030e+00  3.1502e+00  1.1726e+01  1.0000e+00
-3.1818e-01  8.4350e-01  1.8943e-01  1.7264e+01 -6.5633e+00 -7.1092e+00  1.9790e+01  1.0000e+00
-2.8838e-01  1.0169e+00  1.2303e-01  4.1785e+00 -1.4405e+01  1.9112e+00  1.5120e+01  1.0000e+00
-2.6712e-01  5.4769e-01 -5.2343e-02  1.1495e+01 -6.5746e+00 -9.9382e-02  1.3243e+01  1.0000e+00
-4.1551e-01  1.0691e+00  1.3877e-01 -6.1544e+00  9.5707e+00 -8.0048e-01  1.1407e+01  1.0000e+00
-6.9964e+00  6.7840e+00 -5.8534e+00 -1.2091e+01  1.3331e+01 -1.0081e+01  2.0628e+01  1.0000e+00
 4.0879e-01  9.7464e-01  4.2244e-01 -2.6067e+00  1.3691e+01 -1.1617e+00  1.3986e+01  1.0000e+00
-5.4483e+00  3.4639e+00 -1.3340e+01 -1.0340e+01  6.4963e+00 -2.4874e+01  2.7710e+01  1.0000e+00
-1.8392e+00  8.4952e+00  3.5673e+00 -5.5217e+00  1.3357e+01  4.3013e+00  1.5080e+01  1.0000e+00
-1.7035e+01 -3.7749e+00 -4.7916e+00 -3.3546e+01 -6.9139e+00 -8.5157e+00  3.5294e+01  1.0000e+00
-1.2229e+00  4.7181e-01  6.4580e-01  1.2487e+01  9.2637e-01 -4.5140e-01  1.2529e+01  1.0000e+00
-7.0052e-02 -2.6371e-01 -3.0470e+00 -1.7560e-01  1.0852e-01 -2.6010e+00  2.6092e+00  1.0000e+00
 1.1866e-01  8.4072e-01 -2.8557e-01  1.2385e+01  7.5197e+00 -1.2129e+00  1.4539e+01  1.0000e+00
-1.5424e-01  9.9011e-01  1.6037e+00 -4.9903e+00  6.8549e-01  1.5637e+00  5.2743e+00  1.0000e+00
-2.0735e-01  1.0867e+00  1.2035e+00  5.6643e-01  1.1857e+01  8.7637e+00  1.4755e+01  1.0000e+00
-4.3323e-01  9.9078e-01  1.0072e-01  1.3615e+01  2.2853e+00 -2.4971e+00  1.4030e+01  1.0000e+00
-1.3494e-01  9.6092e-01  8.6628e-01  1.0354e+00  3.5310e+00 -7.1861e+00  8.0734e+00  1.0000e+00
 2.9357e+00 -1.3276e+00  2.3206e-01  1.0366e+00  1.6375e+00 -5.0017e+00  5.3640e+00  1.0000e+00
 8.6787e-01  3.4298e+00 -6.1455e-01  5.4728e+00  1.4353e+01 -5.9318e+00  1.6466e+01  1.0000e+00
-2.9256e-01  1.4865e+00 -2.6829e-01  4.2796e-01  1.1011e+01 -5.6158e+00  1.2368e+01  1.0000e+00
-2.2078e+01  2.4512e+01 -1.4952e+01 -4.1958e+01  4.4221e+01 -2.6648e+01  6.6529e+01  1.0000e+00
 1.5713e-01  7.2076e-01 -1.5809e+00 -2.5308e-01  3.3037e+00  6.3305e+00  7.1451e+00  1.0000e+00
 1.8741e+00  2.2420e+00 -7.4778e-01 -5.9007e+00  3.2572e+00  1.7418e+00  6.9614e+00  1.0000e+00
-5.0380e+00 -2.0044e+00 -4.6188e+00 -2.0095e+01 -1.1035e+01 -2.0550e+01  3.0787e+01  1.0000e+00
-1.6067e-01  1.1479e+00  2.5493e-01  3.3740e-01 -6.3845e+00  1.8092e+00  6.6445e+00  1.0000e+00
-3.9699e-01 -1.2068e+01 -6.5687e+00 -6.1212e-01 -2.2090e+01 -1.2575e+01  2.5425e+01  1.0000e+00
-2.5274e-01  9.0468e-01  6.0124e-01 -7.0794e+00  7.5182e+00  1.5795e+01  1.8871e+01  1.0000e+00
 7.2121e+00 -1.0550e+01 -1.0100e+01  1.6047e+01 -1.9068e+01 -1.7078e+01  3.0212e+01  1.0000e+00
-2.8714e-01  1.3277e+00  8.4464e-02 -7.2472e+00  6.4607e+00  3.4325e+00  1.0298e+01  1.0000e+00
-7.7010e+00  2.6046e+00 -3.8150e+00 -9.1291e+01  2.1639e+01 -4.8537e+01  1.0563e+02  1.0000e+00
 7.7383e-01  7.8281e+00  3.2649e+00  2.5859e+00  1.2338e+01  4.2414e+00  1.3301e+01  1.0000e+00
 3.5716e+00 -7.3803e+00  1.1599e+01  7.0253e+00 -1.3662e+01  2.1810e+01  2.6677e+01  1.0000e+00
-8.9433e-02  1.0979e+00  1.3049e-01 -1.4231e+01  6.7095e+00 -3.4742e+00  1.6112e+01  1.0000e+00
-9.5068e+00  5.6902e+00 -2.1034e+00 -4.2695e+01  2.3515e+01 -9.9940e+00  4.9757e+01  1.0000e+00
-2.2269e-01  9.4695e-01  1.1579e-01 -6.2105e+00  5.2042e+00 -9.7501e+00  1.2677e+01  1.0000e+00
-2.7379e-01  1.4058e+00  6.0029e-01  6.7790e-01 -7.2327e-01  5.5932e-01  1.1382e+00  1.0000e+00
-8.8289e+00 -2.9606e+00  5.3900e+00 -1.5500e+01 -5.3510e+00  8.5744e+00  1.8504e+01  1.0000e+00
-1.4503e-01  7.3890e-01  3.8008e-01  2.2395e+01 -1.0199e+01 -1.2691e+01  2.7688e+01  1.0000e+00
-3.0038e-01  1.0276e+00  2.7492e-01 -1.3750e+01 -1.1297e+01  5.7467e+00  1.8701e+01  1.0000e+00
 1.3590e+01 -1.7491e+01 -1.3787e+00  2.6933e+01 -3.4194e+01 -2.7998e+00  4.3617e+01  1.0000e+00
-6.0583e-02  1.0541e-01  2.0945e-01  1.4204e+00  1.2946e+01 -3.0409e+00  1.3374e+01  1.0000e+00
 7.1809e-01 -2.9097e-01  5.3276e-01  3.5436e+00 -1.3791e+01  5.2760e+00  1.5185e+01  1.0000e+00
-1.9258e-01  1.2399e+00 -7.2869e-02 -1.4293e+01  7.5446e+00 -8.2106e+00  1.8128e+01  1.0000e+00
 9.7335e-02  1.6850e+00  2.1570e-01 -2.9112e+00  1.5394e+01  1.7355e+00  1.5763e+01  1.0000e+00
 1.3189e+00 -5.8309e-01  4.7485e-01 -5.8503e+00  7.5056e+00  2.3979e+00  9.8138e+00  1.0000e+00
-1.2458e-01  9.2286e-01 -1.0070e-01  7.9521e+00 -5.7540e+00 -1.0950e+01  1.4705e+01  1.0000e+00
 3.6455e-01  1.2224e+00  2.1486e-01 -7.6948e+00 -1.3262e+01  9.8868e+00  1.8244e+01  1.0000e+00
-4.6228e+00 -1.6783e+00 -1.0392e+00 -7.1895e+00 -1.6425e+00 -9.4728e-01  7.4353e+00  1.0000e+00
-3.1255e-01  7.5479e-01 -1.4105e-01 -1.6546e+00 -1.4873e+00 -2.1216e+01  2.1333e+01  1.0000e+00
-3.9873e-01  9.5815e-01  3.4051e-01  6.3847e+00 -1.7639e+01 -1.1674e+01  2.2095e+01  1.0000e+00
-9.0475e-02  9.3635e-01  2.4228e-01  1.6680e+00  2.7799e+00  3.0101e+00  4.4239e+00  1.0000e+00
-7.3373e-01  6.9675e-01  1.7336e-01 -9.8505e+00 -8.2781e+00 -8.0871e+00  1.5197e+01  1.0000e+00
-3.8170e-01  1.1741e+00  1.6668e-01  5.7989e+00  1.7285e+01 -7.1398e+00  1.9580e+01  1.0000e+00
 4.8736e-01  4.6558e-01 -8.4836e-02 -4.5219e+00 -5.2892e+00 -6.4160e+00  9.4651e+00  1.0000e+00
-4.1290e-01  1.3532e+00  3.8106e-01 -1.3003e+00 -7.2056e+00 -7.0202e+00  1.0144e+01  1.0000e+00
-9.4557e-02  8.8227e-01  3.2392e-01 -8.1051e+00  2.7353e+01  3.6451e+00  2.8760e+01  1.0000e+00
-2.2229e+01  1.8090e+01  8.3264e+00 -8.1322e+01  6.5173e+01  3.0735e+01  1.0865e+02  1.0000e+00
 3.1208e-01  3.0815e-01  1.2586e+00  7.8970e+00 -1.7149e+00 -3.1420e-01  8.0872e+00  1.0000e+00
-4.5660e-01  5.1819e-01 -4.2428e-02  1.0998e+01  1.5371e+01  9.6027e+00  2.1200e+01  1.0000e+00
-8.0749e+01  2.8317e+00  7.2417e+01 -2.4181e+02  7.3671e+00  2.1773e+02  3.2547e+02  1.0000e+00
-4.1614e-01  8.7197e-01  7.5258e-02  3.8651e+00  1.1922e+01 -1.6753e+01  2.0922e+01  1.0000e+00
 1.3668e-01  9.4556e-02  1.1449e+00  2.0438e+00  6.3675e+00 -1.9245e+00  6.9588e+00  1.0000e+00
-2.3177e-01  9.4540e-01  3.6024e-01 -2.1652e+01  7.6814e-01 -7.9153e+00  2.3066e+01  1.0000e+00
-2.7196e+00  4.0937e+00  1.0482e+01 -4.3698e+00  6.1241e+00  1.6330e+01  1.7980e+01  1.0000e+00
 5.1387e+00  1.9283e+00  1.1879e+00  4.1885e+00  3.0408e+00  1.9177e+00  5.5197e+00  1.0000e+00
 7.7084e+00 -4.4234e+00 -6.6283e+00  1.3461e+01 -8.2442e+00 -1.1393e+01  1.9467e+01  1.0000e+00
-3.1198e-01  8.0094e-01  4.0983e-03 -1.9796e+01  1.0332e+00 -3.0518e+00  2.0057e+01  1.0000e+00
 1.0781e+01 -1.1002e+01 -1.6291e+01  2.1371e+01 -2.1510e+01 -3.1629e+01  4.3815e+01  1.0000e+00
-2.2596e-01  7.9017e-01  2.5022e-01  1.7341e+01  5.6089e+00  1.3318e+00  1.8274e+01  1.0000e+00
-1.3556e-01  7.6967e-01  1.8739e-01 -1.5237e+01 -5.3469e+00  3.1200e+00  1.6446e+01  1.0000e+00
-3.2931e-01  9.7967e-01  1.7370e-01  6.2516e+00  1.2672e+01 -7.6400e+00  1.6063e+01  1.0000e+00
-5.2730e+00 -7.9298e+00 -7.7111e+00 -2.5055e+01 -4.1763e+01 -3.8452e+01  6.2052e+01  1.0000e+00
 1.0809e-01 -4.6261e-01  6.4905e-01  1.0607e+00 -1.1979e-02  4.1268e+00  4.2609e+00  1.0000e+00
 1.2253e-01  1.0743e+00  4.3861e-01  1.0567e+01  2.9350e+00  2.1574e+01  2.4202e+01  1.0000e+00
-2.8503e-01  7.7206e-01 -2.4161e-01 -5.4953e+00  6.6535e+00 -1.0780e+00  8.6966e+00  1.0000e+00
-8.8646e-02  6.8206e-01  5.6116e-01  8.8506e+00  7.3905e-01 -8.7760e+00  1.2486e+01  1.0000e+00
-8.2056e-01  7.9146e-01  9.6511e-01  1.2950e+01 -2.6018e+00 -1.1094e+01  1.7250e+01  1.0000e+00
-1.1408e+00  1.7773e+00  2.1963e+00 -2.8080e+00  5.5011e+00  5.6409e+00  8.3646e+00  1.0000e+00
-2.8458e+00  4.1495e+00  1.1940e+01 -4.5423e+00  7.9354e+00  2.1535e+01  2.3396e+01  1.0000e+00
-5.2532e-01  1.7259e-01  8.0517e-01  1.0714e+01  1.3231e+01  7.9500e+00  1.8789e+01  1.0000e+00
 7.8444e-02  1.2729e+00 -2.4212e-01 -1.5069e+00 -1.4335e+00 -1.8581e+00  2.7889e+00  1.0000e+00
-2.9101e-01  9.7340e-01 -3.4733e-03 -2.4889e+00 -5.4436e+00  2.0801e+01  2.1645e+01  1.0000e+00
-4.3500e-02  1.9205e+00  1.4392e+00  4.3539e+00 -5.7103e+00 -8.5851e+00  1.1192e+01  1.0000e+00
 8.2998e+00 -2.0862e+01  3.6815e+01  1.5610e+01 -3.9398e+01  7.0883e+01  8.2585e+01  1.0000e+00
 1.5742e+01  3.0099e+00  1.4809e+01  3.0781e+01  5.8153e+00  2.9248e+01  4.2857e+01  1.0000e+00
-2.2828e+00  1.0691e+00 -3.5235e-01 -8.7062e+00  1.2818e+00 -3.8927e+00  9.6226e+00  1.0000e+00
 1.9579e-01  7.2360e-01  3.5029e-01 -1.3993e+01  6.6958e+00  2.7519e+00  1.5755e+01  1.0000e+00
-2.8197e-02  7.9150e-01  3.4841e-02  7.0033e-01 -2.1163e+00 -4.3257e+00  4.8663e+00  1.0000e+00
-4.1769e+00  2.6879e+00  1.6539e+01 -8.0479e+00  5.5665e+00  3.1786e+01  3.3258e+01  1.0000e+00
-1.0962e+01 -2.2640e+00 -1.0511e+01 -2.0515e+01 -2.5329e+00 -1.8982e+01  2.8064e+01  1.0000e+00
 6.9491e-01 -2.5841e-01 -2.7689e-01  2.8457e+00  5.6963e+00 -2.2304e+00  6.7469e+00  1.0000e+00
-5.7630e+00 -9.6278e+00 -8.4456e-01 -1.2232e+01 -2.2262e+01 -1.3051e+00  2.5434e+01  1.0000e+00
-1.6365e+00 -9.1207e-01  8.3053e-01  9.2128e-01 -5.6947e-01  4.9803e-01  1.1921e+00  1.0000e+00
-3.0746e-01  9.4286e-01  2.2783e-01  8.0198e+00 -3.8812e+00  4.1443e-01  8.9192e+00  1.0000e+00
-2.1179e+00 -1.1456e+00 -1.2078e-01 -3.4457e+00 -4.1777e-01  4.1904e-01  3.4961e+00  1.0000e+00
-7.3917e-01  7.8661e-01  1.7376e-01  1.2911e+00  5.7625e-01  4.5065e+00  4.7231e+00  1.0000e+00
-6.0836e-02  1.0758e+00  2.8059e-01 -1.5640e+01  1.0671e+01 -1.0102e+01  2.1461e+01  1.0000e+00
-5.6815e+00  1.7881e+01 -2.3204e+00 -1.0835e+01  3.4564e+01 -4.3464e+00  3.6483e+01  1.0000e+00
 3.5401e+00  1.0230e+00  3.5103e+00  2.4863e+00  4.0890e+00  5.6399e+00  7.3966e+00  1.0000e+00
-1.0448e+01 -2.8232e-01 -2.6870e+00 -1.8128e+01  3.7671e-01 -4.8534e+00  1.8770e+01  1.0000e+00
 1.0147e+00  1.5200e+00 -2.4857e+00  4.7029e+00  2.4126e+00 -4.5210e+00  6.9553e+00  1.0000e+00
-8.4065e+00 -3.3606e+00  5.7991e+00 -1.4287e+01 -4.8090e+00  1.0195e+01  1.8199e+01  1.0000e+00
-4.6490e-01  8.4728e-01  1.2370e-01  1.5924e+01  7.9490e+00  8.3338e+00  1.9653e+01  1.0000e+00
 2.0913e+01  7.5350e+00  1.7575e+00  4.0839e+01  1.4975e+01  3.3453e+00  4.3626e+01  1.0000e+00
 7.6278e+00  1.0677e+01  1.3630e+00  1.4309e+01  1.9464e+01  3.1076e+00  2.4357e+01  1.0000e+00
-1.6344e+01 -9.8978e+00 -6.1438e+00 -3.1806e+01 -1.8637e+01 -1.1715e+01  3.8681e+01  1.0000e+00
-6.7863e-01  9.4260e-01  5.9482e-01  9.3674e+00  2.7112e+01  2.5456e+00  2.8797e+01  1.0000e+00
-1.6102e+01 -4.2855e-01 -4.2086e+00 -3.0936e+01 -4.5060e-01 -8.1639e+00  3.1999e+01  1.0000e+00
-5.6664e-01  1.0915e+00 -8.4628e-01 -2.2801e+00  2.4681e+00  4.1995e+00  5.3783e+00  1.0000e+00
-3.3774e-01  6.6937e-01  3.9031e-01 -5.7471e+00 -7.2413e+00  1.7335e+00  9.4059e+00  1.0000e+00
-3.3734e+00  1.3050e+01 -5.0850e+00 -5.8047e+00  2.4812e+01 -9.1590e+00  2.7078e+01  1.0000e+00
 1.8352e+01  1.5106e+01 -1.1555e+01  4.7251e+01  3.8238e+01 -2.9499e+01  6.7564e+01  1.0000e+00
-1.9919e-01  1.1292e+00 -3.0524e-01 -1.0515e+01 -5.1497e+00 -1.4661e+01  1.8763e+01  1.0000e+00
-1.0924e+00  4.6893e-01 -2.8432e+00  1.5386e+00  3.4682e+00  2.0933e+00  4.3333e+00  1.0000e+00
-4.6507e-01  1.5440e-01 -1.4001e-01 -4.2426e+00  5.2723e+00 -8.2576e+00  1.0676e+01  1.0000e+00
 3.3138e+00 -2.8362e+00 -6.1780e-01  4.1211e+00 -1.9248e+00  3.8331e+00  5.9482e+00  1.0000e+00
 1.4924e+00 -1.2932e+00  7.2485e-01  7.1829e+00 -4.2684e+00  1.0006e+00  8.4152e+00  1.0000e+00
-5.7891e-01  1.2571e+00  7.3009e-01  1.3182e+01  3.7497e+00 -1.2970e+01  1.8869e+01  1.0000e+00
-1.2390e+01 -6.2225e+00 -2.1722e+01 -2.4871e+01 -1.2631e+01 -4.3952e+01  5.2057e+01  1.0000e+00
-2.2195e+01 -7.4464e+00 -7.2716e-01 -4.3872e+01 -1.4260e+01 -1.5487e+00  4.6157e+01  1.0000e+00
 2.6157e+00 -2.5141e+00 -3.7029e+00  4.8919e+00 -1.1698e+00 -3.4273e+00  6.0866e+00  1.0000e+00
 2.2473e+01  3.8332e+00 -2.3226e+00  4.4082e+01  7.9424e+00 -4.7202e+00  4.5040e+01  1.0000e+00
-1.7532e-01  1.2388e+00  4.8703e-01 -8.9927e+00  7.8492e+00 -1.2091e+01  1.6990e+01  1.0000e+00
-1.2794e-01  9.5443e-01  2.5974e-01 -1.3363e+01  1.5351e+01 -6.1332e+00  2.1257e+01  1.0000e+00
-7.1075e-02  8.0726e-01  3.7889e-01 -1.3168e+01 -4.6998e+00 -1.8550e+01  2.3229e+01  1.0000e+00
 6.3413e-01  5.9205e-01  3.5308e-01 -1.2097e+01  9.0879e+00 -3.3974e+00  1.5507e+01  1.0000e+00
-3.0647e-01  6.5838e-01 -3.0373e-02  1.0391e+00  9.7063e+00 -7.5063e+00  1.2314e+01  1.0000e+00
-5.2716e-01  1.7433e+00 -4.0268e-02  5.3010e+00 -6.7631e-01 -3.1790e+00  6.2181e+00  1.0000e+00
 2.2892e-02  5.5404e-01  2.8042e-01  4.7680e+00 -7.8729e+00 -6.8911e+00  1.1498e+01  1.0000e+00
-9.1760e+00  7.8390e+00 -1.5023e+00 -1.6381e+01  1.3829e+01 -2.2532e+00  2.1556e+01  1.0000e+00
-3.0849e-01  6.4507e-01  5.2169e-01  5.1694e+00  2.0163e+01  1.0188e+01  2.3174e+01  1.0000e+00
-9.4556e+00 -2.8272e+00 -7.2740e-02 -1.5669e+01 -4.7430e+00 -4.3272e-01  1.6377e+01  1.0000e+00
-2.8014e-01  8.9541e-01  9.8443e-02  1.2170e+00 -1.5111e+01  2.9046e+01  3.2764e+01  1.0000e+00
 1.1932e-01  6.5064e-01  4.5079e-01 -1.4090e+01  1.5862e+00 -1.0310e+01  1.7531e+01  1.0000e+00
-1.9135e-01  1.0118e+00  1.7518e-01  2.2935e+01 -9.5840e-01 -1.0427e+00  2.2978e+01  1.0000e+00
-6.2608e-01  1.1835e+00  6.1001e-01 -1.3115e+00 -4.3652e+00  1.2837e+01  1.3622e+01  1.0000e+00
 7.1775e+00 -1.7742e+01 -8.5475e+00  1.4079e+01 -3.4417e+01 -1.6636e+01  4.0737e+01  1.0000e+00
-1.6103e+01 -2.9208e+00  1.4504e+01 -3.1628e+01 -5.3042e+00  2.8467e+01  4.2881e+01  1.0000e+00
-7.5211e-02  5.5594e-01  4.4847e-02  7.3040e+00 -1.0174e+01 -9.0734e+00  1.5465e+01  1.0000e+00
-2.2925e+00 -1.1507e+00 -3.5900e+00 -2.2091e+00  8.4593e-01 -1.3838e+00  2.7406e+00  1.0000e+00
 1.3982e+00 -4.2939e-01  9.9512e-01 -7.0043e+00  7.1325e+00 -2.1591e+00  1.0227e+01  1.0000e+00
-8.0846e-01  6.7836e-01 -8.0774e-02  3.1053e-01  5.1478e+00  4.1754e+00  6.6355e+00  1.0000e+00
-1.5417e+00 -1.4329e+01 -1.0083e+01 -2.2590e+00 -2.8037e+01 -1.9986e+01  3.4505e+01  1.0000e+00
-2.5701e+00  4.4419e+00 -3.4713e+00 -3.0858e+00  5.2283e+00 -2.5521e+00  6.5856e+00  1.0000e+00
 4.1038e-01  1.1175e+00 -3.3991e-01  5.7022e-01  3.5755e+00 -9.8162e+00  1.0463e+01  1.0000e+00
-6.8631e-01  5.6777e-01 -3.8942e-02  7.0028e+00  8.3137e+00 -1.0488e+00  1.0920e+01  1.0000e+00
 1.3295e-01  1.1031e+00  1.3396e-01 -1.6134e+01 -1.5876e+01  2.9279e+00  2.2823e+01  1.0000e+00
-3.0119e+00  1.3401e+01 -5.6610e+00 -5.7227e+00  2.4513e+01 -9.9735e+00  2.7076e+01  1.0000e+00
 2.1831e-01  6.7337e-01 -6.2804e-01  3.9751e+00 -4.3896e+00 -1.0024e+01  1.1643e+01  1.0000e+00
 3.6034e-01  2.4643e+00  1.6651e+01  1.8436e+00  5.1394e+00  2.8528e+01  2.9046e+01  1.0000e+00
 1.6178e-01  3.2177e+00 -1.5611e+00  8.7534e-01  8.7435e+00 -7.1551e+00  1.1332e+01  1.0000e+00
-4.5190e-01  7.2578e-01  2.3444e-01 -3.3767e+00 -1.4130e+01 -8.8474e+00  1.7010e+01  1.0000e+00
 2.7311e-01  2.3042e-01 -1.9575e-01  9.2886e+00 -4.0410e+00 -4.0267e-01  1.0138e+01  1.0000e+00
-2.6265e-01  9.7937e-01  5.2307e-01 -9.7293e+00  1.7525e+01 -1.8387e-01  2.0046e+01  1.0000e+00
 5.0009e+00  1.0292e+01  5.5482e+00  9.3399e+00  1.8925e+01  9.8164e+00  2.3275e+01  1.0000e+00
-5.2881e-01  8.8269e-01 -5.5159e-02 -5.5485e+00  9.2452e-02 -1.8411e+00  5.8467e+00  1.0000e+00
 7.9968e-01 -3.4068e-01  8.7164e-01  5.6073e+00 -4.2557e+00  4.3103e+00  8.2542e+00  1.0000e+00
-9.2738e-02  9.2690e-01  2.1470e-01  1.1955e+01  1.7018e+00  2.0584e+01  2.3865e+01  1.0000e+00
-2.2617e-01  1.1310e+00  3.3526e-01  1.9450e+00  2.5205e+01  1.5276e+00  2.5326e+01  1.0000e+00
-4.1334e-01  1.0548e+00  2.5592e-01 -2.7101e+01 -3.3783e+00  1.6116e+00  2.7358e+01  1.0000e+00
-2.2763e-01  7.7828e-01  3.9131e-01  1.0773e+01 -1.3489e+01 -5.2621e+00  1.8047e+01  1.0000e+00
 8.1024e+00 -5.9508e+00 -1.0282e+00  1.3853e+01 -9.8922e+00 -1.3794e+00  1.7079e+01  1.0000e+00
-4.4053e-01  6.7381e-01 -8.8621e-03  5.6906e-01  1.8398e+01  4.7681e+00  1.9014e+01  1.0000e+00
 1.4679e+01 -2.7231e+01  1.7370e+01  2.5248e+01 -5.0378e+01  3.2464e+01  6.5033e+01  1.0000e+00
-2.1234e-01  5.5929e-01  1.2582e+00 -1.7879e+00  2.0083e+01  2.1936e+00  2.0281e+01  1.0000e+00
 1.4938e+00 -7.5142e+00 -2.1446e+01  2.7537e+00 -1.4618e+01 -4.1994e+01  4.4551e+01  1.0000e+00
-5.7471e+00 -8.4677e+00 -1.4547e+01 -1.1747e+01 -1.6257e+01 -2.8082e+01  3.4510e+01  1.0000e+00
-1.0631e+00 -1.5498e+01  1.6782e+00 -1.7798e+00 -2.9655e+01  3.1900e+00  2.9880e+01  1.0000e+00
-2.1387e+01 -1.0846e+01 -5.6015e+00 -4.2507e+01 -2.1156e+01 -1.1015e+01  4.8742e+01  1.0000e+00
-4.9001e-01  1.3588e+00  6.2778e-01 -1.3401e+01  9.7562e-01 -2.6242e+00  1.3690e+01  1.0000e+00
-1.7208e+01 -4.2438e+00 -3.2461e+00 -3.3523e+01 -8.1986e+00 -6.2366e+00  3.5070e+01  1.0000e+00
-2.2507e-01  8.9049e-01 -1.1001e+00  1.5330e+00  1.7405e+00  5.4390e+00  5.9129e+00  1.0000e+00
-3.9333e-01  1.2153e+00  6.0044e-01  1.1301e+01  3.9132e+00 -7.4763e+00  1.4104e+01  1.0000e+00
-2.7501e+00  1.0725e-02 -8.4927e+00 -5.0692e+00  7.4390e-01 -1.6963e+01  1.7720e+01  1.0000e+00
-8.7204e-01  1.8118e-01  1.4565e+00  4.7338e+00 -1.8172e+00  6.3939e+00  8.1605e+00  1.0000e+00
-1.4000e-01  1.0161e+00  2.0702e-01 -8.5257e+00 -1.5243e+00 -1.0623e+01  1.3706e+01  1.0000e+00
