# limit = 18.2431
#
# x           y           z           vx          vy          vz          s           m
-2.9098e-01 -1.0503e+00  2.4950e-01 -3.3173e+00  1.0271e+01  6.4716e+00  1.2585e+01  1.0000e+00
-2.0640e-01  1.0914e+00 -1.1704e-01  6.1566e-01 -1.2563e+01  2.9100e+00  1.2910e+01  1.0000e+00
 1.8376e+01  7.6931e-01  3.5988e+00  3.4180e+01  2.0046e+00  6.6998e+00  3.4888e+01  1.0000e+00
-3.7304e-01  9.9895e-01  6.8211e-01 -1.0202e+01  4.9400e+00  1.1406e+01  1.6080e+01  1.0000e+00
-1.5525e+01  5.8809e+00  9.3476e+00 -2.9389e+01  1.0891e+01  1.7344e+01  3.5821e+01  1.0000e+00
 6.7318e+00 -2.1594e+00  1.9234e+01  1.3000e+01 -3.6137e+00  3.6304e+01  3.8730e+01  1.0000e+00
 1.0609e+00 -1.5672e+01 -1.0863e+01  1.4641e+00 -2.9427e+01 -2.0084e+01  3.5658e+01  1.0000e+00
 3.9007e-01  8.3619e-02 -1.2466e-01 -2.2247e+00  9.5840e+00  5.7675e+00  1.1405e+01  1.0000e+00
-2.4662e+01  1.7966e+01  5.5505e+01 -4.5547e+01  3.3390e+01  1.0464e+02  1.1890e+02  1.0000e+00
 3.2545e+01 -1.7326e+01  8.4095e-01  1.1451e+02 -6.2024e+01  3.0417e+00  1.3026e+02  1.0000e+00
 2.8753e+00  3.8281e+00  2.4662e+00  1.0123e+00  3.4442e+00  1.3983e+00  3.8526e+00  1.0000e+00
-2.6411e-01  9.6092e-01  3.4880e-01  2.0282e+01  1.0475e+00  1.5723e+01  2.5684e+01  1.0000e+00
-1.1225e+00  3.1225e+00  9.4388e-02  2.0359e-01  7.1513e+00  3.9045e+00  8.1503e+00  1.0000e+00
 4.9424e+00  1.2217e+00 -8.2315e-01  6.3010e+00  2.9206e+00  1.6507e-01  6.9469e+00  1.0000e+00
 1.4617e+00 -9.4501e-01  7.0046e-01  4.3449e+00 -4.9743e+00 -8.8923e-01  6.6643e+00  1.0000e+00
-6.6057e+00 -1.0994e+00 -5.0545e+00 -1.0569e+01 -2.7865e+00 -6.3384e+00  1.2635e+01  1.0000e+00
 1.1221e+01 -1.1722e+01 -1.3405e+01  2.1085e+01 -2.2125e+01 -2.5545e+01  3.9833e+01  1.0000e+00
-2.6850e-01  5.6421e-01  9.8465e-02 -8.1074e+00  1.7371e+01 -3.2954e+00  1.9451e+01  1.0000e+00
-2.0205e-01  7.7999e-01  3.2412e-02  2.0606e+00  5.5206e+00  6.0093e+00  8.4164e+00  1.0000e+00
 3.8912e+01  3.1723e+01 -1.3783e+01  7.3441e+01  5.8897e+01 -2.5205e+01  9.7456e+01  1.0000e+00
-7.2335e-01  1.3218e+00 -3.4260e-01 -4.3924e+00 -4.1250e+00 -1.8601e+00  6.3062e+00  1.0000e+00
 7.8283e-03  1.1187e+00  2.6655e-01  2.3099e+01 -1.4783e+00  4.8844e+00  2.3656e+01  1.0000e+00
-2.7873e+00 -3.1303e+00  5.3733e+00 -8.4576e+00 -1.2068e+01  1.6492e+01  2.2117e+01  1.0000e+00
-8.3790e+00  1.5823e+01 -1.6025e+01 -1.5951e+01  3.0554e+01 -3.0533e+01  4.6046e+01  1.0000e+00
-5.6751e-01  1.8003e+01 -7.9820e+00 -1.2304e+00  3.3890e+01 -1.4898e+01  3.7040e+01  1.0000e+00
-4.4037e+00  2.4372e+00 -7.0406e+00 -8.2562e+00  5.5101e+00 -1.0560e+01  1.4493e+01  1.0000e+00
 5.8035e+00 -1.4105e+01  2.7253e+00  1.0118e+01 -2.6424e+01  4.8060e+00  2.8700e+01  1.0000e+00
 3.7277e+01 -9.7250e+00 -3.5956e+01  7.5256e+01 -1.9839e+01 -7.2627e+01  1.0645e+02  1.0000e+00
 1.0771e+00 -2.1804e+01 -2.8765e+01  2.1763e+00 -4.2186e+01 -5.5621e+01  6.9843e+01  1.0000e+00
-2.2257e-01  9.3550e-01  1.9905e-01  9.2500e+00  8.6984e+00 -1.2557e+01  1.7858e+01  1.0000e+00
-1.4174e-01  8.6006e-01  4.2893e-01  1.8416e+01 -1.8476e+01 -6.0674e+00  2.6783e+01  1.0000e+00
-4.9636e-02  9.8283e-01  1.9491e-01  9.9199e-01 -1.0421e+01 -8.6472e+00  1.3577e+01  1.0000e+00
-1.6742e-01  1.1045e+00  6.9263e-01 -8.5569e+00  4.3906e+00 -1.2069e+01  1.5432e+01  1.0000e+00
-6.7393e-02  9.0694e-01  3.3041e-01  9.9307e+00  5.5855e+00  2.1091e+01  2.3972e+01  1.0000e+00
-5.0598e-01  1.1725e+00  1.1874e-01  6.2172e+00  6.9542e+00 -8.3505e+00  1.2520e+01  1.0000e+00
-4.5975e-01  4.2927e-01  1.8160e-01 -1.0555e+01 -1.8669e+00  8.0825e+00  1.3425e+01  1.0000e+00
-1.0945e-01  2.7145e+00 -1.1583e+00  3.7230e+00  9.2410e-01 -5.7018e-01  3.8781e+00  1.0000e+00
-1.5076e+01  2.8875e+01 -3.6432e+01 -2.8536e+01  5.4687e+01 -6.7946e+01  9.1769e+01  1.0000e+00
-3.0459e-01  8.4921e-01  4.4438e-01 -2.0189e+01 -1.1651e+01  1.0888e+01  2.5727e+01  1.0000e+00
 1.0978e+01 -2.4682e+00  9.2238e+00  1.9634e+01 -4.1127e+00  1.6655e+01  2.6073e+01  1.0000e+00
 6.1596e+00  5.6811e+00  6.9956e-01  8.7469e+00  8.5322e+00  2.1054e+00  1.2399e+01  1.0000e+00
 2.9776e+00  8.4604e-01 -4.9864e-01  2.8264e+00  1.2200e+00 -2.6378e+00  4.0540e+00  1.0000e+00
-3.9992e-01  1.2570e+00  7.2084e-01 -1.1788e+01 -7.6537e+00 -2.3284e+00  1.4246e+01  1.0000e+00
 2.1932e+00 -6.4569e+00  2.0914e+01  4.3120e+00 -1.2034e+01  3.9697e+01  4.1705e+01  1.0000e+00
 2.0214e+01  9.7824e+00  1.5985e+00  3.8844e+01  1.8631e+01  3.1466e+00  4.3196e+01  1.0000e+00
 1.3379e+00 -1.3063e+01  2.1267e+00  3.2475e+00 -2.3820e+01  4.2316e+00  2.4410e+01  1.0000e+00
-3.1341e-01  9.4915e-01  3.3456e-01  1.1277e+01 -1.3435e+01  1.9113e+00  1.7645e+01  1.0000e+00
 2.6322e+00 -1.6976e+00 -9.5244e-02  8.1209e-01  3.9030e+00  2.1889e+00  4.5480e+00  1.0000e+00
 9.1072e+00 -3.5314e+00  4.0708e+00  1.4764e+01 -5.7708e+00  7.1206e+00  1.7377e+01  1.0000e+00
-1.8475e-02  4.7581e-01  9.0931e-02 -5.7237e+00  5.9284e+00 -7.8043e+00  1.1350e+01  1.0000e+00
 3.2587e-01  5.7226e-01 -1.7947e-01 -3.1820e+00  8.2104e+00  4.4918e+00  9.8849e+00  1.0000e+00
-5.7334e-01  9.5148e-01  5.5062e-01  1.6997e+00  5.3925e-01  5.1200e+00  5.4217e+00  1.0000e+00
-2.8154e+00 -4.4431e+00  4.4482e+00 -3.4826e+00 -5.4439e+00  5.8850e+00  8.7406e+00  1.0000e+00
-3.2892e-01  8.8530e-01  2.1820e-01 -1.4902e+01 -2.0484e+01 -1.3796e+01  2.8844e+01  1.0000e+00
-2.0309e-01  2.0785e+00  1.7481e+00  2.4745e+00  1.6650e+01  1.8505e+01  2.5015e+01  1.0000e+00
-1.5719e-01  8.9698e-01  3.9513e-01  6.4773e+00  5.8382e+00 -1.7790e+01  1.9812e+01  1.0000e+00
-3.3837e-01  8.5593e-01  3.0975e-01  1.9481e+00  7.0673e+00  1.1591e+01  1.3715e+01  1.0000e+00
-5.1904e-01  1.0024e+00 -3.1830e-01 -5.5472e+00  1.5396e+00  9.2568e-01  5.8309e+00  1.0000e+00
-2.8590e-01  8.0840e-01  4.5926e-01 -1.7290e+01 -1.2873e+01  2.4571e+00  2.1695e+01  1.0000e+00
 5.0789e+00 -2.7448e+00  1.5009e+01  9.0518e+00 -5.4242e+00  2.7876e+01  2.9807e+01  1.0000e+00
-1.8945e-01  2.6049e-01  1.7345e-01 -4.5288e-01  3.5545e+00 -6.4724e+00  7.3980e+00  1.0000e+00
-2.6529e+00 -4.1456e+00  2.0879e+00 -7.6740e+00 -1.5420e+01  6.1033e+00  1.8273e+01  1.0000e+00
 9.1978e+00  8.8039e-01 -4.4446e+00  1.8440e+01  1.9967e+00 -8.8034e+00  2.0531e+01  1.0000e+00
 4.4946e-01  2.9802e-01  1.5345e-02  5.4003e-02 -2.0044e+00  5.5426e+00  5.8942e+00  1.0000e+00
 2.2179e-01  1.1652e-01  3.3613e-01 -1.5435e+01  1.2740e+01 -3.5419e+00  2.0325e+01  1.0000e+00
-6.1280e-01  8.1210e-01  7.1186e-01  9.5687e+00 -5.8395e+00 -9.3187e-01  1.1248e+01  1.0000e+00
-3.2088e-01  1.1002e+00  2.1382e-01 -7.0857e+00  6.8064e+00  1.1603e+01  1.5204e+01  1.0000e+00
-3.0743e-01  8.3047e-01  2.2138e-01  9.9661e+00  9.3629e+00  1.2054e+00  1.3727e+01  1.0000e+00
-1.3896e-01  1.0575e+00  4.1587e-01  2.0328e+01  9.5139e+00  3.2140e-01  2.2446e+01  1.0000e+00
-1.9748e-01  8.0122e-01  1.7424e-01  1.2363e+00  6.6353e+00  4.0999e+00  7.8972e+00  1.0000e+00
 1.8022e+01  2.0324e+00  3.2918e+00  3.3998e+01  3.4477e+00  6.0716e+00  3.4707e+01  1.0000e+00
-3.8887e-01  8.4046e-01  3.6504e-01  1.1728e+01 -2.4028e-01 -4.4460e+00  1.2545e+01  1.0000e+00
-6.1565e-01  3.8791e-01  5.7813e-01  1.1333e+01  7.9585e+00 -6.2182e+00  1.5180e+01  1.0000e+00
 1.7669e-01  1.2035e+00  7.3140e-01  9.8705e+00  7.9625e+00  1.4295e+01  1.9110e+01  1.0000e+00
 3.5122e-02  7.0073e-01  2.6988e-01 -1.0133e+01 -7.1111e+00  2.3228e+00  1.2595e+01  1.0000e+00
-1.9880e-01  7.6443e-01  4.0033e-01  3.2888e+00  2.1461e+01 -7.4394e+00  2.2951e+01  1.0000e+00
-2.5996e-01  5.9503e-01  3.8131e-01 -8.0616e+00  1.0780e+00 -9.5278e+00  1.2527e+01  1.0000e+00
-1.0885e-01  4.9365e-01  1.0172e+00 -3.4578e+00  6.0452e+00 -2.1148e+00  7.2782e+00  1.0000e+00
 2.1623e+01 -1.0385e+01 -2.5031e+00  4.1548e+01 -1.9531e+01 -4.6976e+00  4.6149e+01  1.0000e+00
-1.2725e+01 -7.8048e+00 -4.9300e+00 -2.3618e+01 -1.3973e+01 -8.8015e+00  2.8819e+01  1.0000e+00
-2.0882e-01  1.0447e+00  1.8137e-01  2.1944e+01  1.2240e+01  5.6515e-01  2.5133e+01  1.0000e+00
 1.2681e+01  3.0463e+00  8.2535e+00  3.2319e+01  6.9784e+00  2.0698e+01  3.9007e+01  1.0000e+00
-1.2293e+00  1.6628e+00  1.5724e-01 -6.7822e+00  5.4057e+00 -4.1016e+00  9.5939e+00  1.0000e+00
 4.5502e+00  3.9391e+00  5.8124e+00  6.0659e+00  6.3841e+00  8.2672e+00  1.2079e+01  1.0000e+00
-1.8628e-01  1.1689e+00  1.7294e-01 -9.1525e+00  1.2594e+01  1.4308e+00  1.5634e+01  1.0000e+00
 2.9059e-02  3.6009e-01  3.1129e-01 -1.1945e+01  9.7162e+00 -3.9918e+00  1.5907e+01  1.0000e+00
-1.3346e+00  1.3970e+00  9.0498e-01 -5.5680e+00  1.6693e+00  1.4267e+00  5.9854e+00  1.0000e+00
 1.4986e+00 -8.5127e-01  1.7979e+00 -3.2098e+00  4.2084e+00 -3.2384e+00  6.2049e+00  1.0000e+00
 7.6785e+01  1.9554e+01 -7.4634e+01  2.2218e+02  5.5313e+01 -2.1506e+02  3.1413e+02  1.0000e+00
-9.8323e-02  1.1284e+00  1.2079e-01 -1.4563e+01  1.6835e+01 -9.2090e+00  2.4090e+01  1.0000e+00
 1.9743e+00 -7.1273e-01  1.4719e+00 -3.1161e+00  3.0614e+00 -3.7837e+00  5.7792e+00  1.0000e+00
-6.6752e-01  1.4390e+00  7.6539e-01 -3.8550e+00 -3.1777e+00  1.2920e+01  1.3852e+01  1.0000e+00
-2.0415e+00  1.3108e+00  8.7061e-01 -1.8695e+00  2.7112e-01 -1.5492e-02  1.8891e+00  1.0000e+00
-3.6425e-01  5.0781e-01 -2.4640e-02  7.4039e+00 -1.2587e+01  4.8722e-01  1.4611e+01  1.0000e+00
 3.6659e+00 -1.3261e+00 -3.8913e-01  7.6156e+00 -2.6056e+00 -5.4317e-01  8.0673e+00  1.0000e+00
-1.4481e-01  8.2820e-01  2.5551e-01  1.3515e+01 -2.1965e+01  1.3884e+01  2.9289e+01  1.0000e+00
 3.5454e+00  7.9003e+00  1.3327e+01  1.7352e+01  3.4107e+01  6.1402e+01  7.2350e+01  1.0000e+00
-7.0355e+00 -1.0304e+01 -1.1569e+01 -1.3060e+01 -1.8898e+01 -2.1366e+01  3.1372e+01  1.0000e+00
 1.5742e+00 -3.2693e+00 -1.4073e+01  2.7344e+00 -5.4759e+00 -2.3483e+01  2.4267e+01  1.0000e+00
 1.2047e+00  4.1605e+00 -2.0572e+00  3.5454e+00  2.3641e+00  1.7564e-01  4.2649e+00  1.0000e+00
-1.6651e-01  9.0233e-01  3.9371e-01  6.1851e+00 -1.3209e+01  1.1380e+00  1.4630e+01  1.0000e+00
-1.9234e-01  8.7027e-01  8.2023e-02  1.4214e+01  2.8661e+00 -5.8644e-01  1.4512e+01  1.0000e+00
-3.6529e-01  1.0278e+00  2.7794e-01 -3.7436e+01  2.1197e+00 -3.7785e+00  3.7686e+01  1.0000e+00
-4.4876e-01  1.5770e+00  4.1357e-01  6.2456e+00  9.9257e+00  4.6945e-02  1.1727e+01  1.0000e+00
 1.7818e+01  6.8144e+00 -4.5386e-01  3.3414e+01  1.3251e+01 -9.0297e-01  3.5957e+01  1.0000e+00
-2.5775e-01  1.0005e+00 -1.4106e-01 -1.0614e+01  1.6370e+00  7.2715e+00  1.2969e+01  1.0000e+00
 1.3236e+01  7.5388e-01  1.4849e+01  2.4848e+01  1.5475e+00  2.7862e+01  3.7364e+01  1.0000e+00
-2.2373e-01  8.8866e-01  1.6549e-01  3.5812e+01 -1.0446e+01  3.7024e+00  3.7487e+01  1.0000e+00
 9.8350e-02  1.5821e+00  1.0373e-01  1.4295e+01 -2.0707e+00 -3.9039e+00  1.4963e+01  1.0000e+00
-2.1590e+01  4.5548e+00  4.9228e+00 -4.1215e+01  9.0135e+00  9.4913e+00  4.3244e+01  1.0000e+00
-6.1401e-01  5.7710e-01  1.1483e+00  2.3989e-01 -6.1795e+00  5.2463e+00  8.1097e+00  1.0000e+00
 4.5599e+00 -7.4676e+00  1.3503e+01  7.5795e+00 -1.3338e+01  2.4870e+01  2.9221e+01  1.0000e+00
 5.0277e+00 -5.2110e+00  1.0849e+01  8.6897e+00 -9.2877e+00  1.9383e+01  2.3184e+01  1.0000e+00
 8.8330e+00 -1.0673e+01 -4.2334e+00  1.7410e+01 -1.8900e+01 -7.2682e+00  2.6705e+01  1.0000e+00
 3.0825e+00 -1.3540e+00  8.9176e-01 -1.5255e+00  2.7758e+00  7.3126e-01  3.2507e+00  1.0000e+00
-2.8463e-01  1.0428e+00  9.1326e-01 -6.8428e-01  3.9146e+00  2.1949e+00  4.5398e+00  1.0000e+00
 2.1667e-02  2.1446e+00  3.8566e-01  3.1155e+00  1.2880e+01 -5.0647e+00  1.4187e+01  1.0000e+00
 9.0309e-04  1.0460e+00  2.0653e-01 -4.3457e+00  4.6398e+00 -1.5218e+01  1.6493e+01  1.0000e+00
-1.6761e-01  9.5134e-01 -6.2637e-02  7.4268e+00 -3.8407e+00  1.7698e+00  8.5464e+00  1.0000e+00
-9.2744e-01  1.2880e+00  4.3774e-01 -2.7403e-01  3.0388e+00  2.6657e+00  4.0516e+00  1.0000e+00
-1.0804e-02  8.8775e-01  4.2244e-01 -1.2851e+01 -4.8697e+00  1.4188e+01  1.9753e+01  1.0000e+00
-4.1842e-02  8.1953e-01  3.7460e-01 -1.0827e+01  1.0327e+00  9.9362e-01  1.0921e+01  1.0000e+00
-2.8464e+01  1.1794e+01  1.0783e+01 -5.4973e+01  2.2908e+01  2.1201e+01  6.3217e+01  1.0000e+00
-4.6699e-01  9.9836e-01  1.4617e-01 -1.9880e+00 -5.1276e+00 -2.1117e+00  5.8910e+00  1.0000e+00
-1.2865e-01  7.4379e-01  4.8485e-01  1.5761e+01 -1.5285e+01  1.4677e+01  2.6410e+01  1.0000e+00
-4.4460e-01  1.1410e+00  7.1707e-02  7.3406e+00  3.0267e+00  1.1610e+01  1.4065e+01  1.0000e+00
 1.0498e+01 -8.9780e+00 -3.6179e+00  1.9299e+01 -1.6194e+01 -6.1284e+00  2.5928e+01  1.0000e+00
-1.2902e-01  1.2615e+00  2.8811e-01  2.5713e-01 -1.0944e+01  2.2381e+00  1.1173e+01  1.0000e+00
 7.0819e+00 -6.1402e+00  1.5551e+01  1.2967e+01 -1.1127e+01  2.9349e+01  3.3960e+01  1.0000e+00
 9.8532e+00  1.8293e+00  1.0973e+01  4.3888e+01  5.3586e+00  4.6330e+01  6.4042e+01  1.0000e+00
-2.6297e+00 -2.8956e+00 -1.2897e+01 -5.1728e+00 -4.9160e+00 -2.3365e+01  2.4430e+01  1.0000e+00
 1.3384e+00 -3.2669e-01  5.1789e-01 -9.3421e+00  7.8318e+00 -2.2156e+00  1.2390e+01  1.0000e+00
-3.1780e-02  9.8143e-01 -1.1039e-01 -1.1754e+00  6.9712e+00 -7.4320e+00  1.0257e+01  1.0000e+00
-6.8386e-02  5.9044e-01 -3.2813e-01  5.6052e+00  8.4256e+00  7.2737e+00  1.2463e+01  1.0000e+00
 1.6416e+00  1.2446e+00 -8.8151e-01  1.4689e-02  3.5488e+00 -4.9593e-02  3.5492e+00  1.0000e+00
-1.7263e-01  8.4003e-01  1.3320e+00 -3.5436e+00  9.7095e+00  6.6019e+00  1.2264e+01  1.0000e+00
 7.0791e-01  3.6501e-01 -1.0377e-01 -1.5727e+00 -2.2098e+00  1.3328e-01  2.7156e+00  1.0000e+00
-2.9622e-01  6.9412e-01  4.0235e-01 -2.1912e+01  6.8656e+00 -6.3094e+00  2.3813e+01  1.0000e+00
 2.4160e+00 -9.5917e-01  1.3434e+00 -3.8103e+00  4.7404e+00  1.9307e-01  6.0850e+00  1.0000e+00
-2.1839e+00 -6.0848e+00  1.3993e+01 -3.9932e+00 -1.1553e+01  2.5845e+01  2.8590e+01  1.0000e+00
 6.0711e-02  1.4048e+00  2.4363e-01  1.1413e+01  8.3238e+00  6.8457e+00  1.5698e+01  1.0000e+00
-3.8039e-01  7.3775e-01 -9.2133e-02  3.8234e-01 -1.9632e+00  8.9119e-01  2.1897e+00  1.0000e+00
-1.9360e+01  3.8547e+00 -5.4856e+00 -3.5554e+01  8.5293e+00 -9.4137e+00  3.7755e+01  1.0000e+00
-4.3054e-01  1.0765e+00  3.1817e-01  8.1873e-01  4.8358e+00  1.0426e+01  1.1522e+01  1.0000e+00
 8.0685e-02  1.1894e-01 -1.1816e-02  4.1215e+00 -5.4167e+00 -4.5448e+00  8.1843e+00  1.0000e+00
-1.4614e-01  7.0296e-01 -5.9836e-02 -6.8636e+00 -1.0601e+01  2.3642e+00  1.2849e+01  1.0000e+00
-7.5273e+00 -2.5116e+01 -2.8521e+01 -1.4937e+01 -4.4733e+01 -5.2232e+01  7.0373e+01  1.0000e+00
 1.8651e+01 -1.6468e+01  4.6535e+00  3.5514e+01 -3.1235e+01  8.7535e+00  4.8099e+01  1.0000e+00
 4.9753e-01  5.2078e-01 -3.6068e-01  2.9827e-01  2.4385e+00  7.7446e+00  8.1249e+00  1.0000e+00
-1.5012e+00  1.4491e+00  1.1227e+00 -1.5003e+01  7.7373e+00  5.5714e+00  1.7777e+01  1.0000e+00
-2.9819e-01  7.3981e-01  2.9794e-01 -4.0826e+00  1.2567e+01 -9.3491e+00  1.6187e+01  1.0000e+00
 2.3244e-01  7.9185e-01 -5.3455e-02 -1.4513e+01  1.0106e+01  1.9395e+01  2.6248e+01  1.0000e+00
 7.5924e-02  8.7666e-01  8.2846e-01  5.2300e+00  9.5084e-01  9.0829e+00  1.0524e+01  1.0000e+00
-2.6181e-01  7.0376e-01  3.5108e-01 -1.4984e+01 -1.9873e+00  4.5769e+00  1.5793e+01  1.0000e+00
-1.0207e+01  1.5903e+01 -8.5171e+00 -1.9249e+01  3.0456e+01 -1.5910e+01  3.9386e+01  1.0000e+00
-1.8615e+00  1.0468e+00  1.4419e+00 -6.6766e+00  2.7862e+00  1.2859e+01  1.4754e+01  1.0000e+00
-5.3863e-02  8.4973e-01 -1.5080e-01 -2.1598e+01  2.0203e+00  1.0872e+01  2.4264e+01  1.0000e+00
-5.3105e-02  9.7671e-01  4.4203e-02 -9.4472e+00 -1.3687e+01  1.2808e+01  2.0991e+01  1.0000e+00
-2.3085e-01  1.6057e+00 -3.1618e-01 -4.4485e-01 -2.7284e+00 -4.6271e+00  5.3900e+00  1.0000e+00
-6.9521e-02  1.2818e+00  3.7350e-01 -3.2605e+00  2.0592e+01 -9.4456e+00  2.2888e+01  1.0000e+00
-1.9681e-01  8.1054e-01  7.3978e-02 -1.0287e+01  8.4523e+00 -2.0660e+01  2.4579e+01  1.0000e+00
-2.7524e-01  7.3880e-01  6.7497e-01 -5.7500e+00  5.2525e+00 -1.7471e+00  7.9815e+00  1.0000e+00
-8.2371e-01  9.2863e-01  6.0536e-01 -2.4446e+00  4.4045e+00 -6.7795e-01  5.0828e+00  1.0000e+00
 5.5413e-02  4.9206e-01  6.5734e-01  1.8404e+00  2.3871e+00  2.3831e+00  3.8424e+00  1.0000e+00
-3.3553e-01  4.3726e-01  5.1623e-01  2.5178e+00 -7.2067e+00  1.6591e+00  7.8121e+00  1.0000e+00
 4.6880e+00 -7.7151e+00  1.3322e+01  8.9349e+00 -1.3671e+01  2.4636e+01  2.9558e+01  1.0000e+00
-3.4479e-01  1.0940e+00  1.8236e-01  1.1592e+01 -2.2505e+01 -2.9530e+00  2.5487e+01  1.0000e+00
 3.6333e+01 -2.4881e+01 -5.0823e+01  6.9252e+01 -4.7253e+01 -9.5417e+01  1.2702e+02  1.0000e+00
-1.5119e-01  1.2437e+00  4.6175e-01  6.8148e+00  3.6122e+01 -5.8235e+00  3.7218e+01  1.0000e+00
-1.5687e+00  3.1410e+00  2.1640e+00  5.2566e-01  1.3829e+00 -2.8232e+00  3.1874e+00  1.0000e+00
 9.4517e+00 -2.8011e+00 -2.1316e+00  1.6963e+01 -3.8527e+00 -2.8788e+00  1.7632e+01  1.0000e+00
-3.5418e-01  8.2157e-01  2.5902e-01  1.3135e+00 -1.1096e+01 -1.2736e+01  1.6943e+01  1.0000e+00
 3.6544e-02 -1.1224e+00  1.5558e+00  2.8713e+00  2.5656e+00 -2.4680e+00  4.5736e+00  1.0000e+00
-4.0260e-01  1.0012e+00  1.7354e-01 -2.1582e+00 -2.0957e+01 -7.4263e-01  2.1081e+01  1.0000e+00
-2.2635e-01  6.2529e-01  2.6794e-01 -5.7690e+00  2.1497e+01 -4.2077e+00  2.2652e+01  1.0000e+00
-3.5151e-01  8.7704e-01  4.0503e-01 -8.3445e+00  2.1455e+01 -5.0710e+00  2.3572e+01  1.0000e+00
-3.1184e-01  1.0721e+00  6.0483e-01  8.4843e+00 -6.6929e+00 -1.5341e+01  1.8765e+01  1.0000e+00
 4.7075e-01  1.2195e+00  6.2547e-01 -5.2901e+00 -2.2615e+00  9.0439e-02  5.7539e+00  1.0000e+00
-1.9530e-01  6.1991e-01 -1.3571e-01 -1.3774e+01 -1.3264e+01 -1.4577e+01  2.4045e+01  1.0000e+00
 8.9702e-01 -7.2487e+00  1.2843e+01  1.7023e+00 -1.3189e+01  2.3260e+01  2.6793e+01  1.0000e+00
-2.1644e+01  1.6802e+01 -1.3768e+01 -5.8228e+01  4.4405e+01 -3.7341e+01  8.2199e+01  1.0000e+00
-1.3763e+00  1.0908e+00 -1.8711e-01 -1.4209e+01  1.8838e+00  1.6623e+00  1.4430e+01  1.0000e+00
-1.0949e+00  2.4328e+00  3.8373e-01 -1.4924e+00  5.5702e+00  2.2746e+00  6.1990e+00  1.0000e+00
-7.0602e-01  6.2477e-01  2.8940e-01 -8.8643e+00 -4.8421e-01  8.9495e+00  1.2606e+01  1.0000e+00
-3.0239e-01  6.1683e-01  5.3008e-01  8.7599e+00 -1.0347e+01  1.9420e+01  2.3684e+01  1.0000e+00
-1.1554e+00  1.2997e+00  1.9103e-01  1.0213e+01 -4.2419e+00  8.1988e-01  1.1089e+01  1.0000e+00
 1.0314e-01  1.1516e+00  7.3260e-01 -1.4894e+01 -1.8793e+00 -7.2760e+00  1.6682e+01  1.0000e+00
-1.2307e+01  1.0367e+01 -3.4427e+00 -2.2446e+01  1.8985e+01 -6.2281e+00  3.0051e+01  1.0000e+00
 7.3625e+00 -5.7590e+00 -2.2530e+01  1.4134e+01 -1.1173e+01 -4.3286e+01  4.6885e+01  1.0000e+00
-8.2379e-01  1.1510e-01  8.6246e-02  2.7418e+00 -3.1100e+00  3.2017e+00  5.2384e+00  1.0000e+00
-6.1768e-01 -1.4566e+01 -1.0449e+01 -1.1065e+00 -2.7151e+01 -1.9362e+01  3.3366e+01  1.0000e+00
-5.4214e+00  5.1073e+00 -2.1318e+01 -1.0576e+01  1.0008e+01 -4.0645e+01  4.3174e+01  1.0000e+00
 2.5943e+00 -1.2831e+01  1.1509e-01  4.5920e+00 -2.3374e+01  3.2203e-01  2.3823e+01  1.0000e+00
-2.1141e+00  4.2793e-01  5.4437e-01 -6.7826e+00  2.4273e+00  1.6029e+00  7.3801e+00  1.0000e+00
-2.4872e+00 -3.1972e+00 -1.3928e+01 -4.6087e+00 -6.1939e+00 -2.4748e+01  2.5924e+01  1.0000e+00
 1.4240e+00  3.5408e+00  3.2149e+00  3.2170e+00  6.0880e+00  5.9244e+00  9.0836e+00  1.0000e+00
-2.0956e-01  9.0298e-01  3.1586e-01  2.6834e-01  1.6522e+00 -9.3250e+00  9.4740e+00  1.0000e+00
 7.9141e+00  4.9536e+00  1.1022e+01  1.8292e+01  9.9986e+00  2.4838e+01  3.2427e+01  1.0000e+00
 8.1134e-02  8.0838e-01  7.4866e-01  9.7472e+00 -2.7457e+00  1.1784e+01  1.5537e+01  1.0000e+00
 8.6335e+00 -1.0715e+01 -4.1179e+00  1.4484e+01 -1.9369e+01 -7.7045e+00  2.5383e+01  1.0000e+00
-9.8771e-02  7.0987e-01  3.4702e-01 -1.7415e+01  1.9196e+01 -4.8008e+00  2.6359e+01  1.0000e+00
-3.0375e-01  1.4519e+00  2.6673e-01  5.2024e+00  1.0409e+01  1.1427e+01  1.6309e+01  1.0000e+00
-1.4891e+01 -6.7095e+00 -4.6860e+00 -2.7597e+01 -1.2339e+01 -8.4955e+00  3.1401e+01  1.0000e+00
 7.6373e+00  4.0844e+00  7.4654e+00  1.2790e+01  7.6818e+00  1.3697e+01  2.0254e+01  1.0000e+00
-4.5933e-02  9.5921e-01  2.5253e-01  1.6474e+00  1.5461e+01 -2.0672e+01  2.5867e+01  1.0000e+00
 5.9436e+00 -1.9450e+01 -1.5352e+00  1.1502e+01 -3.6944e+01 -2.9335e+00  3.8804e+01  1.0000e+00
 8.1813e+00 -1.8471e+00  6.5567e+00  8.4868e+01 -2.7232e+01  6.4938e+01  1.1028e+02  1.0000e+00
-2.8194e+01 -2.6860e+00  4.1630e+01 -5.6979e+01 -5.5834e+00  8.4052e+01  1.0170e+02  1.0000e+00
 1.1338e+01 -1.9638e+01 -1.5940e+01  2.2056e+01 -3.7781e+01 -3.0778e+01  5.3489e+01  1.0000e+00
 2.7151e-01  5.7582e-01 -1.8767e-01 -6.6462e+00 -6.6950e-01  4.9410e+00  8.3087e+00  1.0000e+00
-1.4979e+00  3.7454e+00  9.7923e-01 -2.3335e+00  1.1709e+01  2.5124e+00  1.2200e+01  1.0000e+00
-2.6296e-01  8.3065e-01  7.6808e-01 -1.5799e+00 -1.3665e+01 -8.2850e+00  1.6058e+01  1.0000e+00
-6.4778e+00 -1.4422e+00 -4.8397e+00 -1.0150e+01 -9.5883e-01 -7.5642e+00  1.2695e+01  1.0000e+00
 2.4688e-01  1.0722e+00  9.0235e-02 -2.1970e+01 -6.1747e+00  3.1833e+00  2.3042e+01  1.0000e+00
-2.8404e-01  4.5543e-01  1.0112e-01 -7.0948e+00 -5.8961e+00  1.1427e+01  1.4686e+01  1.0000e+00
-1.2482e-01 -1.4646e+01 -1.0380e+01 -7.3070e-02 -2.6842e+01 -1.9204e+01  3.3005e+01  1.0000e+00
-3.3498e-01  3.7939e-03  4.6269e-01 -3.7116e+00 -4.4245e+01 -1.6306e+00  4.4430e+01  1.0000e+00
-1.2202e-01  3.5846e-01  3.6423e-01  2.8229e+00 -1.9306e+00  7.2133e+00  7.9830e+00  1.0000e+00
-2.3887e-01  1.0468e+00  1.5151e-01 -2.7588e+00  2.5364e+01 -1.0215e+00  2.5534e+01  1.0000e+00
-3.9739e-01  9.7370e-01  2.1099e-01  2.8430e+01  1.9869e+00 -1.5371e+01  3.2380e+01  1.0000e+00
-3.8523e-01  1.0238e+00  2.6801e-01  1.3516e+00  1.8798e+01  4.1916e+00  1.9307e+01  1.0000e+00
-2.8218e+01 -3.3660e+01  1.5686e+01 -5.1383e+01 -6.2616e+01  2.9555e+01  8.6224e+01  1.0000e+00
 2.4269e-02  9.4590e-01  2.7692e-01  1.5384e+01 -5.0655e+00  1.3010e+01  2.0775e+01  1.0000e+00
-2.4656e+00  4.3113e+00 -1.8799e+00 -4.5061e+00  8.6124e+00 -2.7856e+00  1.0111e+01  1.0000e+00
-3.0812e-01  1.0252e+00  1.7769e-01 -1.8438e+01  8.1494e+00 -3.6927e+00  2.0494e+01  1.0000e+00
 2.4947e-02  1.0153e+00  3.2076e-01  7.1994e+00 -8.8682e+00  3.2950e+00  1.1888e+01  1.0000e+00
 1.5111e-01  1.1610e+00 -6.7942e-01  7.0801e+00 -1.0376e+00  1.6930e+00  7.3533e+00  1.0000e+00
-2.8358e-01  2.2899e-01 -1.7254e-01 -8.8715e+00 -1.7607e+00  7.0287e-01  9.0718e+00  1.0000e+00
-6.7918e-02  7.4050e-01  1.8093e-02  3.8188e+00  1.6655e+01 -8.4289e+00  1.9053e+01  1.0000e+00
-9.4468e-02 -1.2853e+01  6.1632e+00 -1.9628e-01 -2.3549e+01  1.1033e+01  2.6006e+01  1.0000e+00
-1.6573e+01 -9.9388e+00 -5.9457e+00 -3.1998e+01 -1.8857e+01 -1.1483e+01  3.8875e+01  1.0000e+00
-1.1129e+00  1.0068e+00  4.2050e-02  1.2756e+01  1.4412e+01  7.3383e+00  2.0598e+01  1.0000e+00
-1.1822e-03  9.0209e-01 -2.2001e-01 -2.6502e+00  4.5240e+00  1.0293e+01  1.1551e+01  1.0000e+00
 2.1322e+01 -7.6460e+00 -1.2730e+00  4.0771e+01 -1.4524e+01 -2.2800e+00  4.3341e+01  1.0000e+00
 4.5652e-01  6.2119e-01 -3.3403e-01 -6.9716e+00  6.1227e+00 -1.5127e+01  1.7746e+01  1.0000e+00
 2.1159e+02 -2.6196e+02  1.7179e+02  3.8386e+02 -4.7418e+02  3.0947e+02  6.8408e+02  1.0000e+00
-5.8426e-01  1.4608e+00  2.2285e-01  9.5587e+00  2.9854e+00 -5.2899e+00  1.1325e+01  1.0000e+00
 3.4492e-01  4.9700e-01 -5.6897e-01 -4.2172e+00  4.8054e+00 -3.8728e+00  7.4749e+00  1.0000e+00
-4.5576e-01  1.3268e+00  3.8776e-01  5.2228e+00 -3.4381e+00  9.3372e+00  1.1238e+01  1.0000e+00
 1.1836e+01  9.5755e+00  8.8400e-01  2.1503e+01  1.7211e+01  1.8823e+00  2.7607e+01  1.0000e+00
-9.3818e+00 -2.4571e+00  4.9740e+00 -1.9073e+01 -4.6065e+00  1.0897e+01  2.2445e+01  1.0000e+00
 2.9218e+00 -1.6058e+01  8.4092e-01  5.2791e+00 -2.9560e+01  1.2305e+00  3.0053e+01  1.0000e+00
-6.6938e-02  1.5963e+00  2.1549e-01  5.9318e+00 -6.8401e+00  8.1883e+00  1.2207e+01  1.0000e+00
 7.8721e-01  7.4650e+00 -1.1527e+01  1.2769e+00  1.3318e+01 -2.0876e+01  2.4795e+01  1.0000e+00
-3.0655e+01  1.0314e+01  1.1211e+01 -6.8556e+01  2.3117e+01  2.4991e+01  7.6544e+01  1.0000e+00
-1.5941e-01  9.0814e-01  2.0321e-01  4.5937e+00 -7.8451e+00  8.0938e+00  1.2172e+01  1.0000e+00
 3.9345e-01  1.1140e+00 -6.7721e-02 -1.2447e+01  7.2677e+00  8.6829e+00  1.6827e+01  1.0000e+00
-2.7273e-01  1.3671e+00  3.5822e-01  3.5834e+00 -9.7751e+00  1.9315e+00  1.0589e+01  1.0000e+00
 1.8243e+00  1.2378e-01 -5.0587e-01 -1.6619e+00  3.2869e-01  2.1570e+00  2.7427e+00  1.0000e+00
 1.6008e+00 -1.6444e+01  1.3062e+01  2.9653e+00 -3.1235e+01  2.4843e+01  4.0020e+01  1.0000e+00
 8.6632e+00 -1.6143e+01  6.4998e+00  2.3507e+01 -4.4139e+01  1.7216e+01  5.2889e+01  1.0000e+00
-6.8911e-01  9.7198e+00  1.4895e+00 -3.2768e+00  1.5856e+01  3.0528e+00  1.6476e+01  1.0000e+00
-2.5147e-01  1.0015e+00  2.2005e-01  7.1037e+00  2.2676e+01  2.4370e+01  3.4038e+01  1.0000e+00
 1.3048e+00 -5.1566e-01  6.3182e-01 -7.4830e+00  3.9260e+00 -1.3278e+00  8.5540e+00  1.0000e+00
-5.3766e-01  7.3821e-01  2.5012e-01 -7.1455e+00  8.5150e+00 -6.8480e+00  1.3056e+01  1.0000e+00
 8.5668e+00 -2.8520e+00  4.6570e+00  1.4764e+01 -3.7957e+00  7.4959e+00  1.6987e+01  1.0000e+00
 2.4337e-01  9.0948e-01 -3.7808e-01 -9.2985e+00  2.3021e-01  3.4925e-02  9.3014e+00  1.0000e+00
-4.4928e-01  1.0902e+00  6.5898e-01  3.2847e-01  3.7383e+00  1.0094e+00  3.8861e+00  1.0000e+00
-3.9938e-01  7.8817e-01  9.2548e-02  1.5125e+01 -1.0290e+01 -5.6645e-01  1.8302e+01  1.0000e+00
-3.5242e+00 -3.0194e+00 -1.7758e+01 -6.4009e+00 -5.4346e+00 -3.3170e+01  3.4216e+01  1.0000e+00
-1.4317e+00 -6.2667e-01  3.9492e+00 -5.6964e-01  5.8156e-01  3.5424e+00  3.6348e+00  1.0000e+00
 2.1630e+01 -4.9426e-01 -4.7072e+00  4.1313e+01 -7.3892e-01 -8.5980e+00  4.2205e+01  1.0000e+00
-2.3289e-01  1.0277e+00  1.5354e-01 -1.5294e+01 -2.4799e+01 -1.4611e+01  3.2594e+01  1.0000e+00
 7.5371e+00 -1.1990e+00  1.9758e+01  1.4468e+01 -2.7889e+00  3.7871e+01  4.0637e+01  1.0000e+00
-6.6007e-01  9.7378e-01 -1.0449e+00 -5.0648e+00  3.9351e+00 -8.6392e+00  1.0760e+01  1.0000e+00
 6.3999e-01  7.9415e-01  1.3161e+00 -7.1793e+00 -6.7370e+00  4.2214e+00  1.0712e+01  1.0000e+00
-8.5825e+00  1.4575e+00  1.3937e+01 -1.5556e+01  2.6792e+00  2.5786e+01  3.0234e+01  1.0000e+00
-1.3847e+00  7.1907e+00 -2.4454e-01 -3.9888e+00  8.0451e+00 -9.0372e-01  9.0251e+00  1.0000e+00
-2.6649e-01  4.8789e-01  1.1659e-01  1.4647e+01  4.1750e+00  1.0356e+00  1.5266e+01  1.0000e+00
 8.4677e-01  3.4097e+01  2.2242e+01  2.8125e-01  6.3481e+01  4.0484e+01  7.5292e+01  1.0000e+00
-5.1037e+00  4.5247e+00 -1.7872e+00 -6.5246e+00  5.7548e+00 -8.8761e-01  8.7450e+00  1.0000e+00
 1.0376e+00  1.2878e+00 -1.5236e-01 -7.0025e+00  4.3840e+00 -2.5809e+00  8.6554e+00  1.0000e+00
-5.6256e-01  8.8343e-01  3.1544e-01  1.8996e+01  1.3328e+00 -1.0365e+01  2.1680e+01  1.0000e+00
-3.8794e-01  1.1676e+00  1.2372e-01 -4.7908e+00  1.4005e+01 -1.3678e+01  2.0154e+01  1.0000e+00
-2.3806e-01  7.4204e-01  1.4790e-01  1.8507e+01 -1.6719e+01 -1.1032e+01  2.7271e+01  1.0000e+00
-1.2937e-01  9.4412e-01  3.4059e-01  4.1123e+00  2.1729e+01 -8.4774e+00  2.3684e+01  1.0000e+00
-2.9935e+00  1.2631e-01  4.2339e+00 -1.2294e+00  1.2934e+00  3.0806e+00  3.5601e+00  1.0000e+00
-8.3535e-01  1.3002e+00  1.9799e-01  8.2011e+00 -2.1572e+00 -1.0588e-01  8.4807e+00  1.0000e+00
-1.1424e+01  9.5769e+00  3.3439e+00 -2.7104e+01  2.2631e+01  7.2288e+00  3.6042e+01  1.0000e+00
-1.2324e-01  4.1954e-01  2.7425e-01  1.8305e+01  1.1333e+01 -3.9993e+00  2.1898e+01  1.0000e+00
-1.7315e-01  9.3609e-01  2.7720e-01 -8.3690e+00  2.0802e+01  5.5118e+00  2.3090e+01  1.0000e+00
-4.0303e-01  7.4094e-01  1.3599e-01  8.9038e-01 -1.4421e+00 -3.1901e+00  3.6124e+00  1.0000e+00
-8.5499e-01  7.1174e-01  4.3093e-01 -4.4325e+00 -8.2143e+00 -4.5144e+00  1.0368e+01  1.0000e+00
 7.1499e+00 -1.2094e+01 -6.0326e+00  1.3201e+01 -2.1646e+01 -1.1093e+01  2.7674e+01  1.0000e+00
 5.4182e-01 -3.8405e-01  1.3576e-01 -8.1549e-01 -3.2323e+00  2.4975e+00  4.1654e+00  1.0000e+00
 9.3127e+00  2.5519e+00 -2.0979e+01  1.7816e+01  5.2493e+00 -3.8111e+01  4.2396e+01  1.0000e+00
-1.5267e+00  8.2925e+00 -5.2898e+00 -2.5499e+00  1.3623e+01 -7.5945e+00  1.5804e+01  1.0000e+00
-1.8611e+01 -6.5616e+00  4.4277e+00 -3.5573e+01 -1.2148e+01  8.4157e+00  3.8521e+01  1.0000e+00
 2.3290e+01 -2.2479e+00 -9.5575e+00  4.5105e+01 -4.2950e+00 -1.8303e+01  4.8866e+01  1.0000e+00
 9.0196e+00 -4.9819e+01  3.0887e+01  1.7616e+01 -9.7711e+01  6.0738e+01  1.1639e+02  1.0000e+00
-1.4538e-01  9.4012e-01  3.6538e-01 -7.5080e+00  3.1427e+00 -1.5265e+01  1.7299e+01  1.0000e+00
-3.0447e-01  9.7933e-01 -7.8239e-02 -8.7827e+00  8.7217e+00 -1.3013e+01  1.7960e+01  1.0000e+00
-3.8224e-01  9.2076e-01  7.1482e-02 -5.9993e+00 -3.2186e+00  4.7865e+00  8.3223e+00  1.0000e+00
 8.2419e-01  1.3620e+00  1.1099e-01  5.5148e+00  4.4622e+00  5.1193e-01  7.1124e+00  1.0000e+00
-1.1399e+01 -5.6902e+00 -5.8341e+00 -2.0975e+01 -9.6050e+00 -1.0726e+01  2.5441e+01  1.0000e+00
 1.4546e-01  1.5757e+00 -1.3727e-01 -5.6256e+00  3.2331e-01 -5.8555e+00  8.1264e+00  1.0000e+00
 3.8015e-01  1.4275e+00 -1.8258e-01 -7.3566e-01 -1.7651e-01  1.6017e+01  1.6035e+01  1.0000e+00
-1.4596e-01  3.3382e-01 -1.3465e-01  2.4985e+00 -5.8766e+00  9.2646e+00  1.1252e+01  1.0000e+00
-1.6212e-01  7.5963e-01  3.2106e-01 -5.0941e+00 -5.3797e+00  4.8203e+00  8.8390e+00  1.0000e+00
 2.7997e+00 -2.7475e+00 -3.3166e+00  2.6314e+00 -1.2550e+00 -2.6502e+00  3.9399e+00  1.0000e+00
-6.2883e-02  9.2356e-01  2.4538e-01 -2.6769e+01  1.1132e+01  4.3638e+00  2.9318e+01  1.0000e+00
-1.6405e-01  8.4057e-01  5.9299e-01  6.4515e+00  7.1392e+00  1.1368e+01  1.4894e+01  1.0000e+00
 7.7553e+00 -9.3260e+00 -1.1456e+01  1.4222e+01 -1.7668e+01 -2.0785e+01  3.0764e+01  1.0000e+00
 2.5503e+00  1.8435e+00 -1.6932e+00  2.4039e+01  9.4427e+00 -1.1470e+01  2.8260e+01  1.0000e+00
-1.9818e-01  6.5097e-01  4.4159e-01  2.4142e+00 -5.4887e+00  6.9564e+00  9.1840e+00  1.0000e+00
 1.0005e-01  3.4911e-01  3.6116e-01  2.0077e+00  6.4854e+00  4.4916e+00  8.1404e+00  1.0000e+00
 3.4912e-01  1.8777e+00 -2.0298e-01  1.5546e+00  9.2533e+00  6.5179e+00  1.1425e+01  1.0000e+00
 7.9016e+00 -3.6251e+00 -5.1986e+00  3.1030e+01 -1.5982e+01 -2.0364e+01  4.0410e+01  1.0000e+00
-2.9200e-01  1.0159e+00  1.1556e-02  1.9295e+01  1.0251e+01 -8.5243e+00  2.3453e+01  1.0000e+00
-1.5626e+00  1.4887e+00 -1.5020e-01  4.2960e+00 -5.9145e-01  1.0854e+00  4.4703e+00  1.0000e+00
-2.4660e+01  5.9532e+00  1.2128e+01 -6.0203e+01  1.4448e+01  2.9721e+01  6.8676e+01  1.0000e+00
-6.8317e-01  9.1660e-01  2.8508e-01  4.0689e+00 -1.0411e+01  2.6916e+00  1.1498e+01  1.0000e+00
 1.0409e+01  7.3735e+00 -8.9726e-01  1.7916e+01  1.3458e+01 -9.9555e-01  2.2430e+01  1.0000e+00
-3.0946e-01  1.5236e+00  2.3001e-01 -1.1213e+00  8.5901e-01  5.1917e-01  1.5049e+00  1.0000e+00
-2.3083e-01  9.2501e-01  4.2517e-01  2.7715e+00 -2.6849e+01 -4.4194e+00  2.7351e+01  1.0000e+00
-1.5854e-01  8.8847e-01  3.4617e-01 -1.3435e+00  2.4144e+01 -2.3612e+00  2.4296e+01  1.0000e+00
 1.9776e+00  9.6511e+00 -3.3989e-01  3.9717e+00  1.5142e+01 -1.4134e+00  1.5718e+01  1.0000e+00
-2.1051e+02  2.6121e+02 -1.7457e+02 -3.7964e+02  4.7214e+02 -3.1702e+02  6.8377e+02  1.0000e+00
 7.6631e-03  2.0982e-01 -1.6301e-01  1.2456e+01 -8.9033e+00 -4.1419e+00  1.5861e+01  1.0000e+00
-7.5323e-02  6.7667e-01  1.6121e-01  9.4672e-01  4.6190e+00  6.8302e+00  8.2996e+00  1.0000e+00
-5.2508e-01  2.2678e+00  5.1568e-02 -4.3813e+00  1.4665e+01 -1.8904e+00  1.5421e+01  1.0000e+00
-2.6555e-01  8.2076e-01  6.3875e-02  2.0520e+01 -1.5523e+01  9.0254e+00  2.7267e+01  1.0000e+00
-6.5749e-01  2.5465e-01  1.9972e-01 -6.2340e+00  6.5023e-01  7.5459e+00  9.8095e+00  1.0000e+00
 7.3399e+00 -1.0878e+01 -1.0377e+01  1.2820e+01 -1.9498e+01 -2.0800e+01  3.1259e+01  1.0000e+00
 2.6015e+00 -4.1620e-01  3.5072e-01 -1.0247e+00  1.4579e+00  1.7311e+00  2.4844e+00  1.0000e+00
-1.7892e+00  2.5770e-01  2.3720e+00  2.9135e+00  2.1720e+00  4.5158e-01  3.6620e+00  1.0000e+00
-2.4966e-01  9.4731e-01  4.2058e-01 -1.8339e+00  7.9737e+00  1.5150e+01  1.7218e+01  1.0000e+00
-1.6135e+01  9.6019e-01  1.3799e+01 -3.0663e+01  2.2718e+00  2.6520e+01  4.0604e+01  1.0000e+00
-7.7355e-01  8.1464e-01 -2.4190e-02  3.3134e+00 -2.2100e+00 -1.2325e+01  1.2953e+01  1.0000e+00
-6.0717e-02  8.7658e-01  9.2801e-02 -9.3579e+00  1.0554e+01 -1.0924e+01  1.7841e+01  1.0000e+00
-1.0912e+01  9.9159e+00 -1.7591e+01 -2.0793e+01  1.9202e+01 -3.3585e+01  4.3921e+01  1.0000e+00
 1.8447e+01 -1.2602e+01  5.0916e+00  3.5204e+01 -2.3864e+01  9.8160e+00  4.3648e+01  1.0000e+00
 9.8669e+00 -6.0568e+00  1.1028e+01  1.7848e+01 -1.0981e+01  2.0484e+01  2.9304e+01  1.0000e+00
-2.2416e-01  9.9800e-01  1.5115e+00 -1.0384e+01  2.0127e+00 -3.6616e+00  1.1193e+01  1.0000e+00
-5.3255e-01  6.1911e-01  4.9768e-01  3.8403e+00  4.0556e+00 -3.0689e+00  6.3729e+00  1.0000e+00
-3.5061e-01  1.9868e-01  3.1804e-01 -4.0730e+00 -1.8686e+00  4.9118e+00  6.6488e+00  1.0000e+00
-7.6288e+00  1.1763e+00  2.5186e+00 -1.1174e+01  9.9796e-01  3.1258e+00  1.1646e+01  1.0000e+00
-1.1436e-01  7.7869e-01  1.6752e-01  8.8571e+00 -3.3731e+00  3.2098e+00  1.0006e+01  1.0000e+00
-2.2492e-01  8.1284e-01  2.2147e-01  4.9648e+00 -1.0668e+01  1.0479e+01  1.5756e+01  1.0000e+00
-1.1009e-01  5.0605e-01 -4.0040e-03  1.0875e+01  2.2914e-01  6.5296e+00  1.2687e+01  1.0000e+00
-4.2657e-01  1.1222e+00  1.6883e-01  5.4208e+00 -1.3057e+00  4.3980e+00  7.1016e+00  1.0000e+00
-7.1624e+00  6.9671e+00 -5.9919e+00 -1.2065e+01  1.3306e+01 -1.0056e+01  2.0585e+01  1.0000e+00
 3.3519e-01  1.1549e+00  3.9506e-01 -8.1691e+00  1.2217e+01 -2.7948e+00  1.4960e+01  1.0000e+00
-5.5904e+00  3.5532e+00 -1.3682e+01 -1.0332e+01  6.4908e+00 -2.4852e+01  2.7686e+01  1.0000e+00
-1.9150e+00  8.6783e+00  3.6263e+00 -5.5058e+00  1.3298e+01  4.2726e+00  1.5013e+01  1.0000e+00
-1.7497e+01 -3.8700e+00 -4.9087e+00 -3.3529e+01 -6.9118e+00 -8.5060e+00  3.5275e+01  1.0000e+00
-1.0345e+00  4.9233e-01  6.3281e-01  1.5024e+01  2.1329e+00 -1.5117e+00  1.5250e+01  1.0000e+00
-7.2551e-02 -2.6140e-01 -3.0804e+00 -1.8790e-01  2.2716e-01 -2.2672e+00  2.2863e+00  1.0000e+00
 2.7253e-01  9.2889e-01 -2.6077e-01  9.3950e+00  5.8818e+00  3.7027e+00  1.1686e+01  1.0000e+00
-2.1590e-01  9.9582e-01  1.6000e+00 -4.2693e+00  2.3568e-01 -2.2625e+00  4.8374e+00  1.0000e+00
-2.0040e-01  1.2429e+00  1.3035e+00  4.4166e-01  1.0824e+01  5.9094e+00  1.2340e+01  1.0000e+00
-1.8349e-01  9.5777e-01  1.4542e-01  1.8229e+01 -7.6563e+00  1.0161e+01  2.2229e+01  1.0000e+00
-1.3505e-01  1.0105e+00  7.1732e-01 -1.2459e+00  3.4572e+00 -1.4648e+01  1.5102e+01  1.0000e+00
 2.9480e+00 -1.3040e+00  1.6338e-01  7.6279e-01  1.8010e+00 -4.9868e+00  5.3566e+00  1.0000e+00
 9.4187e-01  3.6242e+00 -6.9527e-01  5.2951e+00  1.3937e+01 -5.8098e+00  1.6001e+01  1.0000e+00
-2.7725e-01  1.6224e+00 -3.2273e-01  2.7317e+00  8.7557e+00 -2.2597e+00  9.4462e+00  1.0000e+00
-2.2655e+01  2.5120e+01 -1.5318e+01 -4.1956e+01  4.4218e+01 -2.6645e+01  6.6524e+01  1.0000e+00
 1.5213e-01  7.6685e-01 -1.4858e+00 -4.8073e-01  3.3976e+00  7.5308e+00  8.2758e+00  1.0000e+00
 1.7899e+00  2.2845e+00 -7.2247e-01 -6.3471e+00  2.9302e+00  1.9404e+00  7.2551e+00  1.0000e+00
-5.3140e+00 -2.1559e+00 -4.9010e+00 -2.0052e+01 -1.0997e+01 -2.0498e+01  3.0711e+01  1.0000e+00
-1.7736e-01  9.6070e-01  2.5269e-01 -4.5170e+00 -2.0829e+01 -1.9658e+00  2.1404e+01  1.0000e+00
-4.0540e-01 -1.2372e+01 -6.7415e+00 -6.1083e-01 -2.2069e+01 -1.2565e+01  2.5403e+01  1.0000e+00
-3.4114e-01  1.0041e+00  7.4668e-01 -5.7047e+00  6.9243e+00  5.7059e+00  1.0632e+01  1.0000e+00
 7.4225e+00 -1.0823e+01 -1.0335e+01  1.4723e+01 -2.0292e+01 -1.7274e+01  3.0446e+01  1.0000e+00
-3.8124e-01  1.3493e+00  1.6717e-01 -5.3489e+00 -3.1504e+00  8.0238e+00  1.0145e+01  1.0000e+00
-8.9558e+00  2.9021e+00 -4.4823e+00 -9.1243e+01  2.1627e+01 -4.8512e+01  1.0558e+02  1.0000e+00
 8.0931e-01  7.9973e+00  3.3229e+00  2.5745e+00  1.2266e+01  4.2079e+00  1.3221e+01  1.0000e+00
 3.6682e+00 -7.5681e+00  1.1898e+01  7.0239e+00 -1.3646e+01  2.1798e+01  2.6659e+01  1.0000e+00
-3.2513e-01  1.0951e+00  1.5913e-01 -1.9003e+01 -8.1957e-01  1.7126e+01  2.5595e+01  1.0000e+00
-1.0094e+01  6.0134e+00 -2.2408e+00 -4.2659e+01  2.3497e+01 -9.9856e+00  4.9715e+01  1.0000e+00
-3.7179e-01  9.8640e-01  9.4358e-02 -9.3714e+00 -1.7408e+00  5.8857e+00  1.1202e+01  1.0000e+00
-2.6777e-01  1.3543e+00  5.8122e-01  1.5910e-01 -6.8968e+00 -3.6376e+00  7.7990e+00  1.0000e+00
-9.0417e+00 -3.0341e+00  5.5078e+00 -1.5457e+01 -5.3380e+00  8.5562e+00  1.8456e+01  1.0000e+00
 9.5258e-02  6.6801e-01  1.9526e-01  1.2376e+01 -9.2385e-01 -1.2815e+01  1.7840e+01  1.0000e+00
-3.7403e-01  8.0453e-01  2.3443e-01  6.7902e+00 -1.5866e+01 -7.1394e+00  1.8676e+01  1.0000e+00
 1.3960e+01 -1.7961e+01 -1.4172e+00  2.6926e+01 -3.4183e+01 -2.7992e+00  4.3604e+01  1.0000e+00
-5.0590e-02  3.2400e-01  1.6926e-01 -2.4013e-01  1.9047e+01 -2.6214e+00  1.9228e+01  1.0000e+00
 7.6133e-01 -4.7294e-01  6.0335e-01  2.8099e+00 -1.2697e+01  5.0066e+00  1.3935e+01  1.0000e+00
-3.9123e-01  1.2879e+00 -1.5418e-01 -1.3775e+01  5.6376e-01 -3.1736e+00  1.4148e+01  1.0000e+00
 4.5410e-02  1.8716e+00  2.3834e-01 -4.4626e+00  1.1827e+01  1.5758e+00  1.2739e+01  1.0000e+00
 1.2367e+00 -4.7437e-01  5.1108e-01 -6.0980e+00  8.3096e+00  2.8866e+00  1.0704e+01  1.0000e+00
-3.7218e-02  8.4301e-01 -1.8880e-01  5.9165e+00 -5.5643e+00 -8.9958e-01  8.1716e+00  1.0000e+00
 2.2165e-01  1.0210e+00  3.4896e-01 -1.3670e+01 -1.5849e+01  9.3920e+00  2.2940e+01  1.0000e+00
-4.7207e+00 -1.7003e+00 -1.0520e+00 -7.0556e+00 -1.5659e+00 -9.1017e-01  7.2843e+00  1.0000e+00
-3.2264e-01  7.6202e-01 -3.7361e-01  1.6848e-02  1.9744e+00 -1.3036e+01  1.3184e+01  1.0000e+00
-2.5604e-01  7.5730e-01  1.4295e-01  7.2844e+00 -1.5224e+01 -6.3057e+00  1.8017e+01  1.0000e+00
-1.0392e-01  9.1816e-01  2.7764e-01 -5.1734e+00 -4.4282e+00  2.7161e+00  7.3315e+00  1.0000e+00
-8.2341e-01  6.0917e-01  6.8695e-02 -3.5395e+00 -4.7473e+00 -7.0407e+00  9.1998e+00  1.0000e+00
-2.8054e-01  1.3517e+00  1.0247e-01  7.5768e+00  8.8753e+00 -2.1002e+00  1.1857e+01  1.0000e+00
 4.0337e-01  4.0689e-01 -1.6812e-01 -7.6866e+00 -3.2356e+00 -5.4828e+00  9.9807e+00  1.0000e+00
-4.0911e-01  1.2064e+00  2.6340e-01  2.7377e+00 -1.4669e+01 -9.8216e+00  1.7865e+01  1.0000e+00
-2.3744e-01  1.2122e+00  2.9872e-01 -1.1923e+01  1.8429e+01 -5.8573e+00  2.2718e+01  1.0000e+00
-2.3348e+01  1.8986e+01  8.7490e+00 -8.1317e+01  6.5167e+01  3.0733e+01  1.0865e+02  1.0000e+00
 4.1347e-01  2.9014e-01  1.2427e+00  6.8407e+00 -9.0314e-01 -1.9638e+00  7.1741e+00  1.0000e+00
-2.7725e-01  7.8699e-01  1.2504e-01  1.6059e+01  2.4203e+01  1.6625e+01  3.3467e+01  1.0000e+00
-8.4074e+01  2.9331e+00  7.5411e+01 -2.4181e+02  7.3671e+00  2.1773e+02  3.2547e+02  1.0000e+00
-3.1694e-01  1.0276e+00 -4.6164e-02  1.0439e+01  8.6956e+00 -1.0577e+00  1.3627e+01  1.0000e+00
 1.6059e-01  1.9246e-01  1.1072e+00  1.4075e+00  7.8698e+00 -3.5863e+00  8.7622e+00  1.0000e+00
-5.2559e-01  9.1068e-01  2.1864e-01 -1.5485e+01 -3.4687e+00 -9.5830e+00  1.8538e+01  1.0000e+00
-2.7796e+00  4.1778e+00  1.0706e+01 -4.3604e+00  6.1115e+00  1.6299e+01  1.7945e+01  1.0000e+00
 5.1953e+00  1.9698e+00  1.2141e+00  4.0433e+00  3.0061e+00  1.8895e+00  5.3809e+00  1.0000e+00
 7.8933e+00 -4.5366e+00 -6.7848e+00  1.3437e+01 -8.2278e+00 -1.1367e+01  1.9428e+01  1.0000e+00
-5.3913e-01  8.2890e-01  2.8521e-02 -1.2004e+01  3.5766e+00  5.9653e+00  1.3873e+01  1.0000e+00
 1.1074e+01 -1.1298e+01 -1.6726e+01  2.1365e+01 -2.1504e+01 -3.1619e+01  4.3802e+01  1.0000e+00
-4.2600e-02  9.2113e-01  2.8285e-01  5.0029e+00  1.4163e+01  2.5905e+00  1.5242e+01  1.0000e+00
-3.6465e-01  8.1857e-01  2.6144e-01 -1.2913e+01  1.6018e+01  4.4975e+00  2.1060e+01  1.0000e+00
-1.8245e-01  1.0043e+00 -1.1353e-02  1.0599e+01 -9.4752e+00 -1.9105e+01  2.3814e+01  1.0000e+00
-5.6174e+00 -8.5039e+00 -8.2396e+00 -2.5044e+01 -4.1743e+01 -3.8435e+01  6.2023e+01  1.0000e+00
 1.2089e-01 -4.5142e-01  7.0187e-01  7.9553e-01  1.6246e+00  3.5496e+00  3.9839e+00  1.0000e+00
 2.2122e-01  1.0965e+00  7.1089e-01  4.3204e+00  1.0004e+00  1.8206e+01  1.8738e+01  1.0000e+00
-3.5383e-01  8.5984e-01 -1.8897e-01 -3.9141e+00  6.3976e+00  8.4880e+00  1.1327e+01  1.0000e+00
-1.3879e-02  7.3024e-01  3.7110e-01  7.8843e-01  6.7843e+00 -1.8545e+01  1.9762e+01  1.0000e+00
-6.2401e-01  7.6077e-01  7.8905e-01  1.5811e+01 -1.6038e+00 -1.4928e+01  2.1804e+01  1.0000e+00
-1.1774e+00  1.8509e+00  2.2695e+00 -2.5259e+00  5.2155e+00  5.0220e+00  7.6683e+00  1.0000e+00
-2.9083e+00  4.2584e+00  1.2236e+01 -4.5343e+00  7.9253e+00  2.1499e+01  2.3357e+01  1.0000e+00
-3.7112e-01  3.7278e-01  8.9777e-01  1.1662e+01  1.5887e+01  5.3426e+00  2.0420e+01  1.0000e+00
 4.1068e-02  1.2319e+00 -2.4130e-01 -3.9287e+00 -4.5657e+00  2.0615e+00  6.3663e+00  1.0000e+00
-2.3032e-01  9.0755e-01  3.3634e-01  8.8090e+00 -6.2138e+00  2.3154e+01  2.5540e+01  1.0000e+00
 1.3575e-02  1.8347e+00  1.3139e+00  3.9716e+00 -6.7867e+00 -9.6891e+00  1.2478e+01  1.0000e+00
 8.5143e+00 -2.1404e+01  3.7790e+01  1.5609e+01 -3.9395e+01  7.0877e+01  8.2579e+01  1.0000e+00
 1.6166e+01  3.0898e+00  1.5211e+01  3.0770e+01  5.8127e+00  2.9238e+01  4.2842e+01  1.0000e+00
-2.3969e+00  1.0863e+00 -4.0408e-01 -7.9032e+00  1.2255e+00 -3.6351e+00  8.7850e+00  1.0000e+00
-8.2038e-02  8.4706e-01  3.7396e-01 -2.6923e+01  1.3540e+01  5.2221e+00  3.0585e+01  1.0000e+00
-9.3432e-02  7.8877e-01  3.7635e-02 -9.5285e+00  1.0686e+00  4.5212e+00  1.0601e+01  1.0000e+00
-4.2875e+00  2.7644e+00  1.6976e+01 -8.0425e+00  5.5637e+00  3.1767e+01  3.3238e+01  1.0000e+00
-1.1244e+01 -2.2988e+00 -1.0772e+01 -2.0499e+01 -2.5293e+00 -1.8965e+01  2.8041e+01  1.0000e+00
 7.2687e-01 -1.7131e-01 -3.0274e-01  1.7877e+00  6.9640e+00 -1.5265e+00  7.3501e+00  1.0000e+00
-5.9310e+00 -9.9337e+00 -8.6249e-01 -1.2215e+01 -2.2231e+01 -1.3028e+00  2.5399e+01  1.0000e+00
-1.6209e+00 -9.1611e-01  8.3614e-01  1.3596e+00 -1.8903e-02  3.1874e-01  1.3966e+00  1.0000e+00
-2.1486e-01  8.9793e-01  2.2467e-01  3.9147e+00 -3.1693e-01 -3.2820e-01  3.9412e+00  1.0000e+00
-2.1628e+00 -1.1488e+00 -1.1446e-01 -3.0853e+00 -4.4068e-02  4.9884e-01  3.1257e+00  1.0000e+00
-6.6997e-01  8.0881e-01  2.3506e-01  9.2399e+00  2.6799e+00  4.5970e+00  1.0663e+01  1.0000e+00
-3.3394e-01  1.0828e+00  1.6439e-01 -1.9990e+01 -9.1992e+00 -1.1681e+01  2.4914e+01  1.0000e+00
-5.8305e+00  1.8356e+01 -2.3801e+00 -1.0830e+01  3.4547e+01 -4.3449e+00  3.6465e+01  1.0000e+00
 3.5733e+00  1.0792e+00  3.5870e+00  2.3541e+00  4.0789e+00  5.5162e+00  7.2531e+00  1.0000e+00
-1.0697e+01 -2.7712e-01 -2.7537e+00 -1.8086e+01  3.8011e-01 -4.8427e+00  1.8727e+01  1.0000e+00
 1.0782e+00  1.5525e+00 -2.5451e+00  4.5309e+00  2.3156e+00 -4.1172e+00  6.5454e+00  1.0000e+00
-8.6029e+00 -3.4265e+00  5.9390e+00 -1.4273e+01 -4.7745e+00  1.0153e+01  1.8155e+01  1.0000e+00
-2.1331e-01  9.6997e-01  3.0600e-01  1.9051e+01  5.0623e+00  1.5817e+01  2.5273e+01  1.0000e+00
 2.1474e+01  7.7408e+00  1.8035e+00  4.0825e+01  1.4972e+01  3.3438e+00  4.3612e+01  1.0000e+00
 7.8244e+00  1.0944e+01  1.4057e+00  1.4290e+01  1.9437e+01  3.1050e+00  2.4324e+01  1.0000e+00
-1.6781e+01 -1.0154e+01 -6.3045e+00 -3.1766e+01 -1.8598e+01 -1.1662e+01  3.8613e+01  1.0000e+00
-5.1612e-01  1.3026e+00  6.0227e-01  1.4110e+01  2.4748e+01 -1.3539e+00  2.8520e+01  1.0000e+00
-1.6527e+01 -4.3475e-01 -4.3208e+00 -3.0917e+01 -4.5155e-01 -8.1589e+00  3.1978e+01  1.0000e+00
-5.9205e-01  1.1205e+00 -7.7295e-01 -1.3791e+00  1.7867e+00  6.5181e+00  6.8979e+00  1.0000e+00
-3.6089e-01  6.3876e-01  3.7682e-01  2.5052e+00  3.1383e+00 -3.2142e+00  5.1436e+00  1.0000e+00
-3.4531e+00  1.3391e+01 -5.2110e+00 -5.7878e+00  2.4797e+01 -9.1658e+00  2.7063e+01  1.0000e+00
 1.9002e+01  1.5632e+01 -1.1961e+01  4.7245e+01  3.8233e+01 -2.9495e+01  6.7556e+01  1.0000e+00
-3.4248e-01  1.0435e+00 -4.6535e-01 -1.0156e+01 -7.0674e+00 -8.8181e+00  1.5194e+01  1.0000e+00
-1.0704e+00  5.1693e-01 -2.8118e+00  1.6608e+00  3.5128e+00  2.4809e+00  4.6101e+00  1.0000e+00
-5.1192e-01  2.5134e-01 -2.3785e-01 -2.5028e+00  8.7140e+00 -5.8938e+00  1.0814e+01  1.0000e+00
 3.3696e+00 -2.8617e+00 -5.6484e-01  4.0016e+00 -1.7824e+00  3.8690e+00  5.8445e+00  1.0000e+00
 1.5889e+00 -1.3481e+00  7.3797e-01  6.8612e+00 -3.7132e+00  9.0925e-01  7.8543e+00  1.0000e+00
-3.7886e-01  1.2834e+00  5.1831e-01  1.5903e+01 -5.7948e-01 -1.7735e+01  2.3828e+01  1.0000e+00
-1.2732e+01 -6.3962e+00 -2.2327e+01 -2.4866e+01 -1.2629e+01 -4.3944e+01  5.2047e+01  1.0000e+00
-2.2798e+01 -7.6424e+00 -7.4844e-01 -4.3861e+01 -1.4256e+01 -1.5490e+00  4.6145e+01  1.0000e+00
 2.6827e+00 -2.5298e+00 -3.7491e+00  4.8469e+00 -1.1194e+00 -3.2875e+00  5.9626e+00  1.0000e+00
 2.3079e+01  3.9424e+00 -2.3875e+00  4.4070e+01  7.9404e+00 -4.7183e+00  4.5028e+01  1.0000e+00
-3.0450e-01  1.2899e+00  2.7799e-01 -8.9280e+00 -4.1443e-01 -1.7222e+01  1.9403e+01  1.0000e+00
-3.2429e-01  1.1011e+00  1.5181e-01 -1.8024e+01 -4.9712e+00 -7.7423e+00  2.0237e+01  1.0000e+00
-2.6567e-01  7.5345e-01  1.4666e-01 -9.5950e+00  9.3888e+00 -1.9577e+01  2.3738e+01  1.0000e+00
 4.4122e-01  7.2354e-01  3.0124e-01 -1.6235e+01  1.0058e+01 -4.1420e+00  1.9543e+01  1.0000e+00
-2.8862e-01  8.4580e-01 -6.3777e-02  1.9252e+00  1.6012e+01  3.2250e+00  1.6447e+01  1.0000e+00
-4.4577e-01  1.7106e+00 -7.5217e-02  6.5097e+00 -4.1289e+00 -1.8598e+00  7.9299e+00  1.0000e+00
 4.5579e-02  4.8844e-01  1.8642e-01 -1.4097e+00 -1.8096e+00 -6.8993e+00  7.2706e+00  1.0000e+00
-9.4011e+00  8.0290e+00 -1.5332e+00 -1.6353e+01  1.3803e+01 -2.2495e+00  2.1517e+01  1.0000e+00
-2.1215e-01  9.5037e-01  5.7726e-01  7.9664e+00  2.2690e+01 -2.2894e+00  2.4157e+01  1.0000e+00
-9.6708e+00 -2.8923e+00 -7.8687e-02 -1.5624e+01 -4.7245e+00 -4.3251e-01  1.6329e+01  1.0000e+00
-2.4191e-01  7.1938e-01  4.9867e-01  5.2618e+00 -9.2137e+00  2.4677e+01  2.6861e+01  1.0000e+00
-1.3562e-01  7.0683e-01  2.7645e-01 -2.2993e+01  6.5981e+00 -1.4106e+01  2.7771e+01  1.0000e+00
-2.2008e-02  9.3338e-01  2.7455e-01 -1.5124e+00 -9.2963e+00  1.6847e+01  1.9301e+01  1.0000e+00
-6.1264e-01  1.1070e+00  7.5512e-01  3.1616e+00 -6.5324e+00  8.0502e+00  1.0839e+01  1.0000e+00
 7.3710e+00 -1.8216e+01 -8.7763e+00  1.4074e+01 -3.4405e+01 -1.6631e+01  4.0723e+01  1.0000e+00
-1.6538e+01 -2.9937e+00  1.4896e+01 -3.1618e+01 -5.3012e+00  2.8458e+01  4.2868e+01  1.0000e+00
-5.5001e-03  4.5810e-01 -4.7931e-02  3.0643e+00 -4.3718e+00 -4.5394e+00  7.0077e+00  1.0000e+00
-2.3223e+00 -1.1385e+00 -3.6080e+00 -2.1252e+00  9.2665e-01 -1.2327e+00  2.6258e+00  1.0000e+00
 1.2974e+00 -3.2883e-01  9.6172e-01 -7.6709e+00  7.4988e+00 -2.7043e+00  1.1063e+01  1.0000e+00
-7.6646e-01  7.6136e-01 -2.0767e-04  5.9170e+00  7.4273e+00  7.5439e+00  1.2128e+01  1.0000e+00
-1.5726e+00 -1.4714e+01 -1.0358e+01 -2.2342e+00 -2.8020e+01 -1.9978e+01  3.4485e+01  1.0000e+00
-2.6122e+00  4.5132e+00 -3.5057e+00 -3.0276e+00  5.1393e+00 -2.4553e+00  6.4504e+00  1.0000e+00
 4.0040e-01  1.1576e+00 -4.5743e-01 -1.9592e+00  2.3026e+00 -7.2876e+00  7.8898e+00  1.0000e+00
-5.5333e-01  7.0857e-01 -2.6938e-02  1.2628e+01  1.2290e+01  3.1741e+00  1.7905e+01  1.0000e+00
-1.7474e-01  8.6077e-01  2.2236e-01 -2.9839e+01 -1.7034e+01  1.2040e+01  3.6407e+01  1.0000e+00
-3.0907e+00  1.3738e+01 -5.7979e+00 -5.7289e+00  2.4478e+01 -9.9451e+00  2.7035e+01  1.0000e+00
 2.6556e-01  6.1664e-01 -7.4471e-01  2.9260e+00 -3.8697e+00 -7.0366e+00  8.5469e+00  1.0000e+00
 3.8569e-01  2.5349e+00  1.7043e+01  1.8432e+00  5.1364e+00  2.8508e+01  2.9025e+01  1.0000e+00
 1.7344e-01  3.3354e+00 -1.6575e+00  8.2243e-01  8.3763e+00 -6.8640e+00  1.0861e+01  1.0000e+00
-4.3572e-01  5.9618e-01  1.1902e-01  4.9838e+00 -5.1677e+00 -7.3614e+00  1.0283e+01  1.0000e+00
 3.8996e-01  1.9322e-01 -1.8896e-01  7.6577e+00 -1.5280e+00  1.3970e+00  7.9326e+00  1.0000e+00
-3.7592e-01  1.1765e+00  4.5492e-01 -6.2215e+00  1.1312e+01 -8.7112e+00  1.5574e+01  1.0000e+00
 5.1293e+00  1.0552e+01  5.6831e+00  9.3253e+00  1.8896e+01  9.8002e+00  2.3239e+01  1.0000e+00
-5.4663e-01  8.8413e-01 -2.5069e-02  3.0373e+00 -1.6174e-01  6.0438e+00  6.7660e+00  1.0000e+00
 8.7229e-01 -3.9352e-01  9.2638e-01  4.9776e+00 -3.4528e+00  3.6559e+00  7.0756e+00  1.0000e+00
-8.8104e-02  9.8934e-01  4.5308e-01 -6.4455e+00  2.2336e+00  1.1326e+01  1.3222e+01  1.0000e+00
-2.0906e-01  1.4056e+00  3.3486e-01 -2.9047e-01  1.5042e+01 -1.0443e+00  1.5081e+01  1.0000e+00
-7.0090e-01  9.6269e-01  2.5481e-01 -1.5946e+01 -9.2070e+00 -1.9424e-01  1.8414e+01  1.0000e+00
-1.0075e-01  6.7197e-01  2.7422e-01  7.5422e+00  1.1890e+00 -9.2170e+00  1.1969e+01  1.0000e+00
 8.2928e+00 -6.0867e+00 -1.0471e+00  1.3821e+01 -9.8651e+00 -1.3758e+00  1.7036e+01  1.0000e+00
-3.3101e-01  9.6965e-01  1.2991e-01  1.3638e+01  2.4214e+01  1.3506e+01  3.0898e+01  1.0000e+00
 1.5026e+01 -2.7923e+01  1.7816e+01  2.5245e+01 -5.0374e+01  3.2461e+01  6.5028e+01  1.0000e+00
-2.3270e-01  8.4488e-01  1.2691e+00 -9.0935e-01  2.1341e+01 -3.6047e-01  2.1364e+01  1.0000e+00
 1.5317e+00 -7.7151e+00 -2.2024e+01  2.7531e+00 -1.4614e+01 -4.1984e+01  4.4540e+01  1.0000e+00
-5.9085e+00 -8.6912e+00 -1.4933e+01 -1.1742e+01 -1.6249e+01 -2.8067e+01  3.4491e+01  1.0000e+00
-1.0875e+00 -1.5906e+01  1.7221e+00 -1.7759e+00 -2.9634e+01  3.1876e+00  2.9858e+01  1.0000e+00
-2.1971e+01 -1.1137e+01 -5.7530e+00 -4.2496e+01 -2.1151e+01 -1.1012e+01  4.8729e+01  1.0000e+00
-6.5497e-01  1.3418e+00  5.7068e-01 -1.0120e+01 -3.3017e+00 -5.4584e+00  1.1963e+01  1.0000e+00
-1.7669e+01 -4.3565e+00 -3.3319e+00 -3.3504e+01 -8.1932e+00 -6.2391e+00  3.5051e+01  1.0000e+00
-2.0391e-01  9.1439e-01 -1.0106e+00  1.5430e+00  1.7302e+00  7.6096e+00  7.9549e+00  1.0000e+00
-2.2890e-01  1.2301e+00  4.5897e-01  1.2271e+01 -2.3603e+00 -1.3302e+01  1.8250e+01  1.0000e+00
-2.8197e+00  2.0985e-02 -8.7256e+00 -5.0550e+00  7.4837e-01 -1.6908e+01  1.7663e+01  1.0000e+00
-8.0248e-01  1.6127e-01  1.5359e+00  5.3657e+00 -1.0823e+00  5.1666e+00  7.5270e+00  1.0000e+00
-2.9700e-01  9.3285e-01  1.0808e-01 -1.3330e+01 -7.2337e+00  1.3036e+00  1.5222e+01  1.0000e+00
