# limit = 19.9483
#
# x           y           z           vx          vy          vz          s           m
-4.4659e-01 -4.6309e-01  5.6281e-01 -3.0291e+00  1.4687e+01  6.4384e+00  1.6320e+01  1.0000e+00
-1.8027e-01  6.1936e-01  5.5270e-01  1.7315e+00  3.5656e+00  9.0850e+00  9.9121e+00  1.0000e+00
 2.0000e+01  8.6514e-01  3.9167e+00  3.4121e+01  2.0274e+00  6.6845e+00  3.4829e+01  1.0000e+00
-5.3471e-01  1.1587e+00  7.3362e-01  1.5597e+00  2.8353e-01 -8.5049e+00  8.6514e+00  1.0000e+00
-1.6921e+01  6.3984e+00  1.0171e+01 -2.9346e+01  1.0875e+01  1.7318e+01  3.5768e+01  1.0000e+00
 7.3498e+00 -2.3307e+00  2.0959e+01  1.2998e+01 -3.5937e+00  3.6266e+01  3.8692e+01  1.0000e+00
 1.1299e+00 -1.7068e+01 -1.1817e+01  1.4389e+00 -2.9368e+01 -2.0049e+01  3.5588e+01  1.0000e+00
 5.9626e-02  8.0147e-01  2.0816e-01 -1.7436e+01  2.1999e+01  7.2542e+00  2.8993e+01  1.0000e+00
-2.6827e+01  1.9553e+01  6.0478e+01 -4.5547e+01  3.3390e+01  1.0464e+02  1.1890e+02  1.0000e+00
 3.7988e+01 -2.0274e+01  9.8552e-01  1.1449e+02 -6.2014e+01  3.0411e+00  1.3024e+02  1.0000e+00
 2.9134e+00  3.9821e+00  2.5256e+00  5.9492e-01  3.0354e+00  1.1041e+00  3.2843e+00  1.0000e+00
 1.0879e-01  7.2202e-01  4.3645e-01 -6.5245e+00 -3.2882e+00 -4.0280e+00  8.3430e+00  1.0000e+00
-1.0925e+00  3.4092e+00  2.8294e-01  1.0323e+00  4.9545e+00  3.9913e+00  6.4454e+00  1.0000e+00
 5.2287e+00  1.3592e+00 -8.1239e-01  5.7558e+00  2.8647e+00  2.8376e-01  6.4355e+00  1.0000e+00
 1.6357e+00 -1.1425e+00  6.5198e-01  3.0578e+00 -3.4261e+00 -1.0994e+00  4.7220e+00  1.0000e+00
-7.1014e+00 -1.2369e+00 -5.3489e+00 -1.0271e+01 -3.0224e+00 -6.0413e+00  1.2294e+01  1.0000e+00
 1.2223e+01 -1.2774e+01 -1.4618e+01  2.1058e+01 -2.2101e+01 -2.5518e+01  3.9788e+01  1.0000e+00
-2.6512e-01  1.4711e+00  3.9771e-01  5.5773e+00  8.2380e+00  3.4769e+00  1.0539e+01  1.0000e+00
-3.0403e-01  1.0756e+00  3.6404e-01  7.8727e+00  1.3122e-01 -8.1922e+00  1.1363e+01  1.0000e+00
 4.2403e+01  3.4524e+01 -1.4981e+01  7.3441e+01  5.8889e+01 -2.5204e+01  9.7451e+01  1.0000e+00
-6.9139e-01  1.0029e+00 -1.7985e-01  7.1361e+00 -8.1982e+00  9.8821e+00  1.4690e+01  1.0000e+00
 4.7640e-01  8.0005e-01  4.0861e-01 -3.7689e-01 -7.5650e+00  9.1000e-01  7.6289e+00  1.0000e+00
-3.1866e+00 -3.7002e+00  6.1516e+00 -8.3493e+00 -1.1915e+01  1.6265e+01  2.1822e+01  1.0000e+00
-9.1370e+00  1.7275e+01 -1.7476e+01 -1.5940e+01  3.0530e+01 -3.0508e+01  4.6010e+01  1.0000e+00
-6.2603e-01  1.9612e+01 -8.6890e+00 -1.2321e+00  3.3841e+01 -1.4875e+01  3.6986e+01  1.0000e+00
-4.7937e+00  2.6980e+00 -7.5381e+00 -8.1542e+00  5.4648e+00 -1.0380e+01  1.4286e+01  1.0000e+00
 6.2839e+00 -1.5359e+01  2.9533e+00  1.0090e+01 -2.6363e+01  4.7914e+00  2.8632e+01  1.0000e+00
 4.0853e+01 -1.0668e+01 -3.9408e+01  7.5256e+01 -1.9839e+01 -7.2627e+01  1.0645e+02  1.0000e+00
 1.1806e+00 -2.3809e+01 -3.1408e+01  2.1757e+00 -4.2176e+01 -5.5609e+01  6.9828e+01  1.0000e+00
-1.4077e-01  9.5480e-01  1.5874e-01 -5.7183e+00  1.2311e+01  6.4268e+00  1.5019e+01  1.0000e+00
-1.1176e-02  6.2398e-01 -2.3605e-01 -4.6812e+00  5.0885e+00 -9.0815e+00  1.1414e+01  1.0000e+00
-3.6756e-01  1.0557e+00  3.5852e-01  5.4342e+00  1.2937e+01 -8.9278e-01  1.4060e+01  1.0000e+00
-3.4760e-01  8.2830e-01 -1.7805e-01  4.8615e+00 -1.2448e+01 -9.1006e+00  1.6168e+01  1.0000e+00
-2.4409e-01  1.0149e+00  4.7260e-01 -6.8945e+00 -1.1874e+00 -1.5452e+01  1.6962e+01  1.0000e+00
-5.9104e-02  9.6542e-01  1.8723e-01 -3.2536e+00 -1.6905e+01  9.9935e+00  1.9905e+01  1.0000e+00
-6.0240e-01  8.0033e-01  5.1579e-01  4.8159e+00  1.5104e+01  3.3081e+00  1.6194e+01  1.0000e+00
 6.3710e-02  2.7100e+00 -1.1467e+00  3.5230e+00 -1.1151e+00  1.0821e+00  3.8504e+00  1.0000e+00
-1.6432e+01  3.1475e+01 -3.9660e+01 -2.8531e+01  5.4678e+01 -6.7946e+01  9.1762e+01  1.0000e+00
-6.9844e-01  5.1601e-01  3.2663e-01  2.0135e-01  1.2380e+00 -8.5739e+00  8.6652e+00  1.0000e+00
 1.1910e+01 -2.6634e+00  1.0014e+01  1.9566e+01 -4.1062e+00  1.6584e+01  2.5976e+01  1.0000e+00
 6.5706e+00  6.0829e+00  7.9936e-01  8.5531e+00  8.3790e+00  2.0932e+00  1.2155e+01  1.0000e+00
 3.0806e+00  9.0287e-01 -6.1633e-01  1.5311e+00  1.1736e+00 -2.3093e+00  3.0091e+00  1.0000e+00
-5.4866e-01  7.2508e-01  1.6913e-01  9.5163e+00 -7.7062e+00 -1.7048e+01  2.0990e+01  1.0000e+00
 2.3981e+00 -7.0287e+00  2.2801e+01  4.3109e+00 -1.2020e+01  3.9656e+01  4.1662e+01  1.0000e+00
 2.2059e+01  1.0667e+01  1.7480e+00  3.8812e+01  1.8605e+01  3.1438e+00  4.3156e+01  1.0000e+00
 1.4922e+00 -1.4193e+01  2.3273e+00  3.2458e+00 -2.3740e+01  4.2126e+00  2.4329e+01  1.0000e+00
-6.2797e-02  7.5112e-01 -5.8315e-03 -6.7264e+00  5.8766e+00 -1.7788e+00  9.1073e+00  1.0000e+00
 2.6553e+00 -1.4908e+00  1.4102e-02  1.6184e-01  4.8113e+00  2.3949e+00  5.3768e+00  1.0000e+00
 9.8057e+00 -3.8037e+00  4.4085e+00  1.4629e+01 -5.6898e+00  7.0970e+00  1.7226e+01  1.0000e+00
-2.5762e-01  1.0845e+00  2.2976e-01 -7.6085e+00  1.0263e+01  1.9539e+01  2.3345e+01  1.0000e+00
-4.1424e-01  1.0101e+00  2.9203e-01 -2.9977e+01  8.4716e+00  1.0701e+01  3.2937e+01  1.0000e+00
-1.1275e-01  9.4397e-01  1.2500e-01  6.2280e+00 -2.9977e+00 -2.2916e+01  2.3935e+01  1.0000e+00
-2.9784e+00 -4.6964e+00  4.7239e+00 -3.3775e+00 -5.2190e+00  5.7204e+00  8.4480e+00  1.0000e+00
-3.7642e-01  4.4056e-01 -6.9857e-02  3.9114e+00  7.3930e-01  5.3233e-01  4.0160e+00  1.0000e+00
-8.8269e-02  2.8276e+00  2.5755e+00  2.3575e+00  1.5098e+01  1.6584e+01  2.2551e+01  1.0000e+00
-3.2786e-01  9.3397e-01  3.4646e-01  7.7190e+00  1.1844e+01  8.7311e+00  1.6616e+01  1.0000e+00
-2.6320e-01  9.7607e-01  1.2207e-01 -1.2693e+01 -3.6995e+00 -3.5173e+00  1.3681e+01  1.0000e+00
-3.8736e-01  1.0362e+00  1.9319e-01  2.0057e+01  2.6381e+00  1.8935e+01  2.7709e+01  1.0000e+00
-5.5759e-01  6.2655e-01  2.2751e-01  3.4978e+00  6.0388e+00 -5.3071e+00  8.7674e+00  1.0000e+00
 5.5087e+00 -3.0026e+00  1.6332e+01  9.0333e+00 -5.4167e+00  2.7812e+01  2.9740e+01  1.0000e+00
-1.7761e-01  1.0308e+00  7.9858e-02 -9.5869e-01  2.6309e+01  1.1298e+01  2.8649e+01  1.0000e+00
-3.0135e+00 -4.8700e+00  2.3752e+00 -7.5067e+00 -1.5078e+01  5.9891e+00  1.7877e+01  1.0000e+00
 1.0071e+01  9.7507e-01 -4.8613e+00  1.8309e+01  1.9879e+00 -8.7343e+00  2.0383e+01  1.0000e+00
 2.0426e-01  4.0856e-01  2.5986e-01 -1.0643e+01  8.0290e+00  4.8285e+00  1.4179e+01  1.0000e+00
-5.2161e-01  1.2798e+00  1.8843e-01 -5.7700e+00  3.0143e+01  2.8553e+00  3.0823e+01  1.0000e+00
 1.1052e-01  7.5575e-01  1.1515e-01  1.1750e+01  9.1977e+00 -1.9663e+01  2.4684e+01  1.0000e+00
-1.5838e-01  7.3998e-01  2.5103e-01  1.2897e+01 -4.0914e+00 -6.9149e+00  1.5195e+01  1.0000e+00
 6.3181e-04  9.0900e-01  1.1561e-01 -8.4010e+00  3.1447e-01  2.1928e+00  8.6881e+00  1.0000e+00
 1.1816e-01  1.0060e+00  1.1139e-01 -1.1635e+01 -9.6274e+00 -6.3354e+00  1.6377e+01  1.0000e+00
-4.2692e-01  9.7727e-01  1.6946e-01 -1.2063e+01 -1.8828e+00 -1.1498e+01  1.6771e+01  1.0000e+00
 1.9637e+01  2.1956e+00  3.5803e+00  3.3951e+01  3.4208e+00  6.0678e+00  3.4658e+01  1.0000e+00
 1.3967e-01  1.0912e+00 -3.5448e-02 -9.3980e-01  1.3927e+00  5.9654e-01  1.7829e+00  1.0000e+00
-2.5845e-02  1.2689e+00  4.8515e-02  2.7998e+00  1.9562e+01 -1.2199e+01  2.3223e+01  1.0000e+00
 4.5742e-01  1.4171e+00  1.1977e+00  2.9684e+00  2.3372e+00  6.3843e+00  7.4184e+00  1.0000e+00
-4.9454e-01  1.1773e+00  2.1300e-01  6.9139e+00  1.4174e+01  1.1614e+00  1.5813e+01  1.0000e+00
-2.7633e-01  1.3909e+00 -1.0380e-01 -5.3884e+00  1.1615e+00 -9.8659e-01  5.5997e+00  1.0000e+00
-2.7751e-01  1.2453e+00  1.5954e-01 -1.8363e+00 -3.2514e+00  3.5574e+00  5.1574e+00  1.0000e+00
-3.0915e-01  9.8239e-01  5.0801e-01 -2.0570e+00  1.3627e+01 -2.3578e+01  2.7310e+01  1.0000e+00
 2.3596e+01 -1.1312e+01 -2.7262e+00  4.1517e+01 -1.9512e+01 -4.6915e+00  4.6113e+01  1.0000e+00
-1.3846e+01 -8.4680e+00 -5.3475e+00 -2.3571e+01 -1.3928e+01 -8.7828e+00  2.8753e+01  1.0000e+00
 1.5423e-01  9.9657e-01  2.7424e-01 -6.3362e+00 -8.9434e+00 -9.3423e-01  1.1000e+01  1.0000e+00
 1.4216e+01  3.3777e+00  9.2372e+00  3.2254e+01  6.9629e+00  2.0662e+01  3.8932e+01  1.0000e+00
-1.4241e+00  1.8167e+00 -2.1160e-02 -1.6493e+00  1.2877e+00 -3.3345e+00  3.9367e+00  1.0000e+00
 4.8351e+00  4.2402e+00  6.2011e+00  5.9242e+00  6.2840e+00  8.0904e+00  1.1834e+01  1.0000e+00
-2.7403e-01  9.6014e-01  2.5728e-01  8.5196e+00 -2.3526e+01 -5.0376e+00  2.5523e+01  1.0000e+00
-4.6156e-01  1.4455e+00  5.8814e-02 -1.1864e+00  2.2160e+01 -2.7320e+00  2.2360e+01  1.0000e+00
-1.4866e+00  1.4288e+00  9.0860e-01 -9.0122e-01 -2.6794e-01 -1.2235e+00  1.5430e+00  1.0000e+00
 1.3231e+00 -6.2440e-01  1.6122e+00 -4.2238e+00  5.3742e+00 -4.6175e+00  8.2489e+00  1.0000e+00
 8.7346e+01  2.2183e+01 -8.4857e+01  2.2218e+02  5.5313e+01 -2.1506e+02  3.1413e+02  1.0000e+00
-7.4262e-01  1.2396e+00  9.3813e-02 -4.4379e+00 -7.9161e+00  4.5687e+00  1.0160e+01  1.0000e+00
 1.7949e+00 -5.4907e-01  1.2708e+00 -4.4641e+00  3.8501e+00 -4.6666e+00  7.5186e+00  1.0000e+00
-6.9386e-01  1.1366e+00  1.1637e+00  2.4645e+00 -8.5174e+00  4.1245e+00  9.7791e+00  1.0000e+00
-2.0492e+00  1.3086e+00  8.4681e-01  1.5246e+00 -3.3674e-01 -9.9433e-01  1.8510e+00  1.0000e+00
 1.0343e-01  4.8702e-01  3.0712e-01  8.4432e+00  1.0843e+01  1.0109e+01  1.7060e+01  1.0000e+00
 4.0103e+00 -1.4416e+00 -4.1083e-01  6.8985e+00 -2.2617e+00 -3.8035e-01  7.2697e+00  1.0000e+00
 1.5551e-02  4.4566e-01  5.3653e-01 -2.0455e+00  2.1857e+00 -5.9307e-01  3.0517e+00  1.0000e+00
 4.3699e+00  9.5208e+00  1.6244e+01  1.7337e+01  3.4072e+01  6.1344e+01  7.2281e+01  1.0000e+00
-7.6557e+00 -1.1201e+01 -1.2584e+01 -1.3034e+01 -1.8860e+01 -2.1325e+01  3.1310e+01  1.0000e+00
 1.7038e+00 -3.5292e+00 -1.5187e+01  2.7198e+00 -5.4586e+00 -2.3408e+01  2.4190e+01  1.0000e+00
 1.3659e+00  4.2568e+00 -2.0374e+00  3.2309e+00  1.6970e+00  6.5631e-01  3.7080e+00  1.0000e+00
-4.9737e-01  1.0807e+00  1.6984e-01 -3.6806e+00  9.7538e+00  1.7615e+01  2.0469e+01  1.0000e+00
-3.8284e-01  9.7944e-01  2.9685e-01 -4.1554e+00  2.3378e+00 -7.4507e+00  8.8457e+00  1.0000e+00
-1.4693e+00  1.1362e+00 -1.3552e-01 -1.6628e+01  1.1896e+00 -7.2155e+00  1.8165e+01  1.0000e+00
-6.4809e-02  1.5916e+00  2.9584e-01  7.0547e+00 -9.2414e+00 -4.7494e+00  1.2559e+01  1.0000e+00
 1.9405e+01  7.4438e+00 -4.9665e-01  3.3369e+01  1.3233e+01 -8.9746e-01  3.5909e+01  1.0000e+00
-1.2723e-01  7.9256e-01  6.0126e-01  1.4705e+01 -1.4729e+00  5.1703e+00  1.5657e+01  1.0000e+00
 1.4415e+01  8.2743e-01  1.6173e+01  2.4814e+01  1.5472e+00  2.7823e+01  3.7313e+01  1.0000e+00
 6.8323e-01  5.9891e-01  4.9774e-01  9.7141e+00 -3.4853e+00  5.6559e+00  1.1769e+01  1.0000e+00
 5.3992e-01  1.2123e+00  7.5446e-03  3.4598e+00 -1.1984e+01 -1.0534e-01  1.2474e+01  1.0000e+00
-2.3548e+01  4.9830e+00  5.3736e+00 -4.1179e+01  9.0065e+00  9.4833e+00  4.3206e+01  1.0000e+00
-5.1667e-01  3.7262e-01  1.2061e+00  3.5110e+00 -2.3035e+00 -2.4081e+00  4.8407e+00  1.0000e+00
 4.9237e+00 -8.1075e+00  1.4679e+01  7.7324e+00 -1.3581e+01  2.4598e+01  2.9142e+01  1.0000e+00
 5.4397e+00 -5.6517e+00  1.1769e+01  8.6540e+00 -9.2529e+00  1.9317e+01  2.3101e+01  1.0000e+00
 9.6452e+00 -1.1573e+01 -4.5718e+00  1.6814e+01 -1.8951e+01 -7.0221e+00  2.6290e+01  1.0000e+00
 2.9879e+00 -1.2081e+00  9.1992e-01 -2.4592e+00  3.3593e+00  4.5390e-01  4.1879e+00  1.0000e+00
-3.0327e-01  1.0867e+00  5.1911e-01  1.5598e+00 -4.5682e+00 -2.1122e+01  2.1666e+01  1.0000e+00
 1.3267e-01  2.5962e+00  1.3144e-01  1.4880e+00  6.4776e+00 -5.4835e+00  8.6164e+00  1.0000e+00
-7.4228e-01  9.3647e-01 -7.4984e-01 -1.5360e+01 -3.8154e+00 -1.4465e+01  2.1442e+01  1.0000e+00
-1.8396e-01  9.6931e-01  3.5132e-01 -9.2252e+00  5.6200e+00 -9.9502e+00  1.4687e+01  1.0000e+00
-5.9339e-01  1.2127e+00  4.2829e-01  1.5407e+01 -8.0662e+00 -4.4843e+00  1.7959e+01  1.0000e+00
-5.6937e-01  9.1043e-01  1.6935e-01  1.8238e+00  6.2693e+00 -1.2472e+01  1.4078e+01  1.0000e+00
-3.4785e-01  1.0517e+00  1.0188e-01  3.4319e+00  9.6562e+00  7.7218e+00  1.2831e+01  1.0000e+00
-3.1077e+01  1.2882e+01  1.1790e+01 -5.4960e+01  2.2898e+01  2.1196e+01  6.3200e+01  1.0000e+00
-1.0055e-01  9.6287e-01  5.3104e-01  3.2427e-01  4.2167e+00  1.3496e+01  1.4143e+01  1.0000e+00
 2.3042e-01  3.8076e-01  8.5765e-01  2.6392e+00 -2.1591e+00  3.8154e+00  5.1170e+00  1.0000e+00
 2.8617e-03  7.7470e-01  4.7995e-01  2.8255e+00 -5.2866e+00 -9.5119e+00  1.1243e+01  1.0000e+00
 1.1414e+01 -9.7474e+00 -3.9088e+00  1.9231e+01 -1.6153e+01 -6.1128e+00  2.5848e+01  1.0000e+00
-4.4404e-01  7.0598e-01  7.9228e-02 -3.9963e+00  1.4047e+00 -1.8033e+00  4.6039e+00  1.0000e+00
 7.6975e+00 -6.6685e+00  1.6945e+01  1.2939e+01 -1.1105e+01  2.9296e+01  3.3896e+01  1.0000e+00
 1.1938e+01  2.0837e+00  1.3174e+01  4.3839e+01  5.3506e+00  4.6274e+01  6.3967e+01  1.0000e+00
-2.8750e+00 -3.1291e+00 -1.4007e+01 -5.1524e+00 -4.9062e+00 -2.3317e+01  2.4379e+01  1.0000e+00
 8.0354e-01  5.4232e-02  4.2912e-01 -1.3232e+01  8.8809e+00 -1.5405e+00  1.6010e+01  1.0000e+00
-3.5558e-01  9.7996e-01  3.4524e-01 -1.2231e+01 -1.0148e+01  1.8882e+01  2.4680e+01  1.0000e+00
-2.0742e-01  9.9032e-01  5.6693e-01 -1.6689e+01  4.3788e+00  1.5123e+01  2.2944e+01  1.0000e+00
 1.5855e+00  1.4002e+00 -8.4895e-01 -2.3780e+00  2.9789e+00  1.4271e+00  4.0701e+00  1.0000e+00
-3.9490e-01  1.3014e+00  1.4405e+00 -4.9894e+00  8.6019e+00 -1.6638e+00  1.0082e+01  1.0000e+00
 4.0969e-01  3.4507e-01 -3.6775e-02 -1.0375e+01  1.5091e+00  3.0905e+00  1.0930e+01  1.0000e+00
-3.8833e-01  1.2129e+00 -3.4354e-02  1.2567e+01  2.5826e+00  1.9258e+00  1.2973e+01  1.0000e+00
 2.2037e+00 -7.1541e-01  1.3383e+00 -5.1610e+00  5.5241e+00 -4.4061e-01  7.5727e+00  1.0000e+00
-2.3733e+00 -6.6330e+00  1.5220e+01 -3.9753e+00 -1.1522e+01  2.5780e+01  2.8516e+01  1.0000e+00
 2.9476e-01  1.4570e+00  5.0188e-01 -9.8082e-01 -4.9559e+00  3.5435e+00  6.1708e+00  1.0000e+00
-1.5828e-01  1.1478e+00  5.7248e-01  2.2655e+00  1.2283e+01  6.9635e+00  1.4300e+01  1.0000e+00
-2.1049e+01  4.2599e+00 -5.9324e+00 -3.5508e+01  8.5188e+00 -9.4003e+00  3.7706e+01  1.0000e+00
-1.4668e-01  8.1479e-01  2.0035e-01 -1.7520e-01 -7.1820e+00 -5.0450e+00  8.7786e+00  1.0000e+00
 1.9706e-01  1.5230e-01 -1.5600e-01  9.2446e-01  5.8360e+00 -8.9350e-01  5.9759e+00  1.0000e+00
-2.9866e-01  9.7685e-01  4.4286e-01  4.8628e+00  2.0937e+01  3.6460e+00  2.1801e+01  1.0000e+00
-8.2374e+00 -2.7243e+01 -3.1003e+01 -1.4933e+01 -4.4724e+01 -5.2223e+01  7.0360e+01  1.0000e+00
 2.0339e+01 -1.7953e+01  5.0695e+00  3.5492e+01 -3.1211e+01  8.7469e+00  4.8066e+01  1.0000e+00
 2.0767e-01  7.4518e-01  1.6956e-01 -1.5545e+01  8.3730e+00  1.4413e+01  2.2793e+01  1.0000e+00
-2.1404e+00  1.7818e+00  1.3362e+00 -1.2192e+01  6.3928e+00  3.6937e+00  1.4253e+01  1.0000e+00
-5.8569e-02  9.3675e-01  2.0769e-01 -8.9437e-01 -4.4365e+00  9.6313e+00  1.0642e+01  1.0000e+00
-8.7784e-01  1.1321e+00  6.0860e-01 -1.8591e+01  2.8778e+00  3.7846e+00  1.9190e+01  1.0000e+00
 1.4480e-01  8.8958e-01  8.9469e-01 -2.0873e+00  8.6981e-02 -5.3328e+00  5.7274e+00  1.0000e+00
-2.9903e-01  1.0912e+00  1.7663e-01  2.2782e+01  8.1505e+00 -6.4226e+00  2.5034e+01  1.0000e+00
-1.1121e+01  1.7349e+01 -9.2730e+00 -1.9226e+01  3.0420e+01 -1.5890e+01  3.9338e+01  1.0000e+00
-2.1252e+00  1.1763e+00  2.0091e+00 -4.6146e+00  2.6545e+00  1.1113e+01  1.2322e+01  1.0000e+00
-7.5010e-01  9.4498e-01  9.0565e-01 -4.0529e+00  2.0924e-01  1.9902e+01  2.0312e+01  1.0000e+00
-5.9118e-01  7.0973e-01  5.7145e-01 -4.8257e+00  4.2842e+00  9.9515e-01  6.5293e+00  1.0000e+00
-2.8761e-01  1.3259e+00 -2.7274e-01 -4.6006e-01 -1.0757e+01  8.6425e+00  1.3806e+01  1.0000e+00
-4.1239e-01  1.7323e+00 -4.0716e-02 -7.2166e+00 -8.3543e-03 -6.2838e+00  9.5690e+00  1.0000e+00
-4.4255e-01  1.1469e+00  1.2972e-01  3.1525e+00 -2.5530e+00  1.7466e+01  1.7931e+01  1.0000e+00
-2.4209e-01  1.1056e+00 -1.1584e-02  6.8340e+00  6.3768e+00 -1.1561e+01  1.4867e+01  1.0000e+00
-4.7722e-01  1.0646e+00  2.9254e-01  2.1690e+01 -2.8518e+00 -1.4221e+01  2.6093e+01  1.0000e+00
-9.9275e-02  9.0316e-01  2.8710e-01 -1.4119e+01  1.7103e+01 -1.6825e+01  2.7838e+01  1.0000e+00
-1.4534e-01  6.3296e-01  3.1656e-01  4.6593e+00  1.7973e+01 -8.6900e+00  2.0500e+01  1.0000e+00
 5.1080e+00 -8.3569e+00  1.4496e+01  8.7336e+00 -1.3348e+01  2.4778e+01  2.9469e+01  1.0000e+00
 9.0017e-02  2.0333e-01  2.3837e-01  3.9489e+00 -8.2001e+00  2.9920e+00  9.5805e+00  1.0000e+00
 3.9625e+01 -2.7127e+01 -5.5358e+01  6.9252e+01 -4.7253e+01 -9.5417e+01  1.2702e+02  1.0000e+00
 1.6954e-02  2.5610e+00  3.5836e-02  2.3960e+00  2.3406e+01 -8.7780e+00  2.5113e+01  1.0000e+00
-1.5293e+00  3.1824e+00  2.0093e+00  1.1401e+00  3.4464e-01 -3.6838e+00  3.8715e+00  1.0000e+00
 1.0255e+01 -2.9831e+00 -2.2677e+00  1.6828e+01 -3.8094e+00 -2.8478e+00  1.7487e+01  1.0000e+00
 3.0701e-02  8.9733e-01  2.4455e-01  3.8457e+00  1.4211e+01  1.2422e+01  1.9263e+01  1.0000e+00
 1.6941e-01 -9.4946e-01  1.4039e+00  2.6975e+00  4.7622e+00 -3.9426e+00  6.7453e+00  1.0000e+00
 1.1056e-01  7.3111e-01  1.3948e-01  6.6576e+00  1.4033e+01  1.2873e+00  1.5586e+01  1.0000e+00
-2.9867e-01  1.5554e+00  6.6159e-02  6.4272e-01  4.6255e+00 -1.6358e+00  4.9482e+00  1.0000e+00
-2.1475e-01  1.3673e+00  1.1154e-03  5.7962e+00 -4.4276e+00 -1.3156e+00  7.4115e+00  1.0000e+00
-1.7172e-01  5.3421e-01 -1.8977e-01 -2.2700e+00 -6.6090e+00 -5.5130e+00  8.9008e+00  1.0000e+00
-1.5770e-01  9.5719e-01  3.9486e-01 -2.5355e+01 -1.0857e+01 -1.4925e+01  3.1361e+01  1.0000e+00
-7.6728e-01  2.7135e-01 -4.4476e-01 -9.8330e+00 -3.1145e+00 -1.6844e+00  1.0451e+01  1.0000e+00
 9.7809e-01 -7.8745e+00  1.3947e+01  1.7094e+00 -1.3147e+01  2.3196e+01  2.6718e+01  1.0000e+00
-2.4412e+01  1.8912e+01 -1.5542e+01 -5.8210e+01  4.4396e+01 -3.7331e+01  8.2177e+01  1.0000e+00
-1.9062e+00  1.1685e+00 -5.9867e-02 -8.5315e+00  1.4068e+00  3.3416e+00  9.2699e+00  1.0000e+00
-1.1178e+00  2.6148e+00  4.8106e-01  4.7322e-01  2.1839e+00  1.7921e+00  2.8644e+00  1.0000e+00
-6.7133e-01  7.9740e-01  5.3666e-01  1.1091e+01  6.0452e+00 -1.0313e+00  1.2673e+01  1.0000e+00
 1.1058e-01  5.2544e-01  1.0611e+00  7.2597e+00  2.9396e+00  5.5848e+00  9.6195e+00  1.0000e+00
-2.2983e-01  9.3018e-01  2.1918e-01  3.0586e+01 -7.6982e+00 -1.9786e+00  3.1602e+01  1.0000e+00
-5.0737e-01  6.6144e-01 -3.8131e-02 -2.9421e-02 -1.1484e+01 -1.5315e+01  1.9142e+01  1.0000e+00
-1.3372e+01  1.1267e+01 -3.7382e+00 -2.2390e+01  1.8938e+01 -6.2118e+00  2.9975e+01  1.0000e+00
 8.0340e+00 -6.2899e+00 -2.4587e+01  1.4123e+01 -1.1166e+01 -4.3254e+01  4.6852e+01  1.0000e+00
-5.2826e-01  2.1742e-01  2.7249e-01  9.3026e+00  8.3533e+00  3.9579e+00  1.3114e+01  1.0000e+00
-6.6699e-01 -1.5857e+01 -1.1367e+01 -9.7183e-01 -2.7142e+01 -1.9305e+01  3.3321e+01  1.0000e+00
-5.9238e+00  5.5826e+00 -2.3249e+01 -1.0568e+01  9.9990e+00 -4.0608e+01  4.3136e+01  1.0000e+00
 2.8121e+00 -1.3940e+01  1.3057e-01  4.5751e+00 -2.3295e+01  3.2911e-01  2.3742e+01  1.0000e+00
-2.3627e+00  5.6241e-01  6.0982e-01 -3.7687e+00  3.1812e+00  1.1530e+00  5.0648e+00  1.0000e+00
-2.7061e+00 -3.4908e+00 -1.5102e+01 -4.6016e+00 -6.1647e+00 -2.4640e+01  2.5813e+01  1.0000e+00
 1.5703e+00  3.8188e+00  3.4836e+00  2.9457e+00  5.6220e+00  5.3922e+00  8.3282e+00  1.0000e+00
-3.6124e-01  1.0501e+00  1.8073e-01 -1.1125e+01  4.6486e+00 -6.3602e+00  1.3632e+01  1.0000e+00
 8.7827e+00  5.4282e+00  1.2201e+01  1.8247e+01  9.9670e+00  2.4771e+01  3.2340e+01  1.0000e+00
 2.8729e-01  7.8720e-01  1.0180e+00 -8.8598e-02  9.7854e-01  1.7497e-01  9.9800e-01  1.0000e+00
 9.3352e+00 -1.1631e+01 -4.4903e+00  1.4993e+01 -1.9200e+01 -7.9147e+00  2.5614e+01  1.0000e+00
-6.5321e-01  1.4143e+00 -8.8286e-02 -2.5957e+00  5.6713e+00 -3.9853e+00  7.4016e+00  1.0000e+00
-2.2710e-02  1.4322e+00  5.5738e-01  4.3247e+00 -9.2970e+00  8.8640e-01  1.0292e+01  1.0000e+00
-1.6202e+01 -7.2957e+00 -5.0893e+00 -2.7542e+01 -1.2314e+01 -8.4815e+00  3.1339e+01  1.0000e+00
 8.2431e+00  4.4486e+00  8.1145e+00  1.2700e+01  7.6389e+00  1.3613e+01  2.0124e+01  1.0000e+00
-4.8787e-01  8.9181e-01  3.2897e-01 -1.4586e+01 -3.5352e+00 -2.8834e+00  1.5283e+01  1.0000e+00
 6.4898e+00 -2.1206e+01 -1.6746e+00  1.1490e+01 -3.6899e+01 -2.9305e+00  3.8758e+01  1.0000e+00
 1.2213e+01 -3.1408e+00  9.6418e+00  8.4792e+01 -2.7199e+01  6.4897e+01  1.1019e+02  1.0000e+00
-3.0901e+01 -2.9514e+00  4.5625e+01 -5.6974e+01 -5.5829e+00  8.4052e+01  1.0170e+02  1.0000e+00
 1.2386e+01 -2.1434e+01 -1.7403e+01  2.2044e+01 -3.7762e+01 -3.0762e+01  5.3462e+01  1.0000e+00
-3.1895e-01  8.9534e-01  3.7118e-01 -1.6142e+01  2.0898e+01  1.5159e+01  3.0449e+01  1.0000e+00
-1.5964e+00  4.2732e+00  1.0913e+00 -1.8351e+00  1.0548e+01  2.2154e+00  1.0934e+01  1.0000e+00
-2.3983e-01  6.7760e-01 -1.2700e-01  6.1573e+00  9.7806e+00 -1.9039e+01  2.2272e+01  1.0000e+00
-6.9585e+00 -1.4807e+00 -5.1997e+00 -1.0103e+01 -6.4278e-01 -7.6079e+00  1.2664e+01  1.0000e+00
-8.8050e-01  6.3177e-01  5.4252e-01 -1.2920e+01 -5.5749e+00  1.0310e+01  1.7445e+01  1.0000e+00
-3.8216e-01  8.8596e-01  5.3071e-01  3.7722e+00  2.1741e+01 -6.2123e-01  2.2074e+01  1.0000e+00
-1.3259e-01 -1.5920e+01 -1.1293e+01 -2.4995e-01 -2.6785e+01 -1.9199e+01  3.2956e+01  1.0000e+00
-4.7658e-01 -1.9527e+00  3.4949e-01 -2.5721e+00 -3.9542e+01 -2.6498e+00  3.9715e+01  1.0000e+00
-1.2482e-01  8.4246e-01  4.0190e-01 -5.1671e+00  2.3024e+01 -9.5570e+00  2.5458e+01  1.0000e+00
-3.6162e-01  1.4868e+00  4.7436e-01  4.0524e+00  2.6189e+00  1.1478e+01  1.2451e+01  1.0000e+00
 5.2975e-01  8.6569e-01 -3.5511e-02  8.7298e+00 -3.4501e+00  8.5103e-01  9.4253e+00  1.0000e+00
-2.6724e-01  7.8958e-01  2.2118e-01  7.8820e-01 -1.3409e+01 -3.1158e+00  1.3789e+01  1.0000e+00
-3.0660e+01 -3.6635e+01  1.7091e+01 -5.1374e+01 -6.2607e+01  2.9550e+01  8.6210e+01  1.0000e+00
-1.7206e-01  8.4350e-01  4.6397e-01 -1.3572e+01 -5.0517e-01 -1.0616e+01  1.7238e+01  1.0000e+00
-2.6718e+00  4.7087e+00 -2.0051e+00 -4.1790e+00  8.1222e+00 -2.4952e+00  9.4689e+00  1.0000e+00
-5.5062e-01  1.0046e+00  1.4576e-01  1.3166e+01 -4.3651e+00  3.6248e+00  1.4336e+01  1.0000e+00
-4.3973e-01  6.7841e-01  2.1160e-01 -1.3887e+01  7.0847e+00 -4.8454e+00  1.6325e+01  1.0000e+00
 3.8038e-01  1.0819e+00 -3.6857e-01  1.2558e+00 -2.1160e+00  1.1017e+01  1.1288e+01  1.0000e+00
-5.8392e-01  4.9818e-01  6.9549e-02 -2.4478e+00  1.3359e+01  9.3380e+00  1.6482e+01  1.0000e+00
-3.6503e-01  1.2890e+00  3.6110e-01 -8.8584e+00 -2.4428e+00  1.4180e+01  1.6897e+01  1.0000e+00
-1.0369e-01 -1.3971e+01  6.6866e+00 -1.9202e-01 -2.3479e+01  1.0998e+01  2.5928e+01  1.0000e+00
-1.8096e+01 -1.0837e+01 -6.4952e+00 -3.2056e+01 -1.8927e+01 -1.1642e+01  3.9004e+01  1.0000e+00
-1.7186e-01  1.3830e+00  3.3010e-01  2.3092e+01 -9.4932e+00 -3.1206e+00  2.5162e+01  1.0000e+00
-5.3006e-01  9.2627e-01  7.2089e-01 -9.9412e+00 -4.6098e+00  1.2888e+01  1.6916e+01  1.0000e+00
 2.3259e+01 -8.3365e+00 -1.3814e+00  4.0736e+01 -1.4515e+01 -2.2795e+00  4.3305e+01  1.0000e+00
-3.7385e-02  9.1599e-01 -8.2689e-01 -1.2357e+01  6.2905e+00 -5.3034e+00  1.4846e+01  1.0000e+00
 2.2984e+02 -2.8451e+02  1.8650e+02  3.8386e+02 -4.7418e+02  3.0947e+02  6.8408e+02  1.0000e+00
-5.1138e-02  9.1601e-01  1.5109e-01  5.4304e+00 -2.6095e+01  8.3139e+00  2.7921e+01  1.0000e+00
 3.6955e-02  8.2924e-01 -5.3220e-01 -8.7929e+00  8.8763e+00  6.0402e+00  1.3878e+01  1.0000e+00
 1.0316e-01  7.9973e-01  7.7612e-02  8.9787e+00 -6.8474e+00 -1.7719e+01  2.1011e+01  1.0000e+00
 1.2856e+01  1.0392e+01  9.7334e-01  2.1438e+01  1.7159e+01  1.8782e+00  2.7523e+01  1.0000e+00
-1.0285e+01 -2.6763e+00  5.4918e+00 -1.8919e+01 -4.6190e+00  1.0878e+01  2.2307e+01  1.0000e+00
 3.1725e+00 -1.7462e+01  8.9931e-01  5.2694e+00 -2.9493e+01  1.2281e+00  2.9985e+01  1.0000e+00
-1.1759e-01  8.1283e-01  4.3631e-01 -1.2968e+01 -2.3253e+01 -7.2252e+00  2.7587e+01  1.0000e+00
 8.4767e-01  8.0972e+00 -1.2518e+01  1.2675e+00  1.3272e+01 -2.0795e+01  2.4702e+01  1.0000e+00
-3.3912e+01  1.1413e+01  1.2399e+01 -6.8538e+01  2.3113e+01  2.4985e+01  7.6524e+01  1.0000e+00
-2.9021e-01  9.7971e-01  2.1311e-01  7.5330e+00  9.1459e+00  6.1134e+00  1.3333e+01  1.0000e+00
-4.7627e-01  9.6487e-01  4.4019e-01 -1.3457e+01 -1.9339e+01  2.9847e+00  2.3749e+01  1.0000e+00
-2.6447e-01  3.6166e-01  1.3404e-01 -4.2503e-01 -1.3239e+01 -2.4878e-01  1.3248e+01  1.0000e+00
 1.6873e+00  1.5878e-01 -3.8033e-01 -4.1460e+00  1.1759e+00  3.1327e+00  5.3279e+00  1.0000e+00
 1.7417e+00 -1.7928e+01  1.4242e+01  2.9639e+00 -3.1201e+01  2.4817e+01  3.9977e+01  1.0000e+00
 9.7796e+00 -1.8241e+01  7.3177e+00  2.3486e+01 -4.4099e+01  1.7199e+01  5.2841e+01  1.0000e+00
-8.4452e-01  1.0469e+01  1.6339e+00 -3.2624e+00  1.5652e+01  3.0264e+00  1.6272e+01  1.0000e+00
 3.4393e-02  1.4469e+00  8.9146e-01  4.6391e+00  2.4079e+00  6.4965e+00  8.3381e+00  1.0000e+00
 8.6633e-01 -2.1189e-01  5.3126e-01 -1.0816e+01  8.9734e+00 -2.3326e+00  1.4246e+01  1.0000e+00
-1.1166e-01  1.1675e+00  2.2625e-01  1.2046e+01  1.1715e-01  1.2770e+01  1.7555e+01  1.0000e+00
 9.2658e+00 -3.0318e+00  5.0113e+00  1.4663e+01 -3.7712e+00  7.4160e+00  1.6859e+01  1.0000e+00
-3.9221e-01  9.1113e-01  1.2842e-01 -1.4269e+01  3.4994e+00  2.6328e+01  3.0150e+01  1.0000e+00
-2.1140e-01  8.7732e-01  1.0114e-01  2.8270e+00 -1.2296e+01 -2.4656e+01  2.7697e+01  1.0000e+00
 1.5309e-01  9.5525e-01  2.8976e-01 -2.6084e+00  1.1462e+01  9.0850e-01  1.1790e+01  1.0000e+00
-3.8281e+00 -3.2777e+00 -1.9334e+01 -6.3903e+00 -5.4264e+00 -3.3113e+01  3.4158e+01  1.0000e+00
-1.4531e+00 -5.9172e-01  4.0994e+00 -3.3542e-01  8.8555e-01  2.7865e+00  2.9430e+00  1.0000e+00
 2.3593e+01 -5.2932e-01 -5.1156e+00  4.1277e+01 -7.3745e-01 -8.5881e+00  4.2167e+01  1.0000e+00
-5.6216e-01  1.0703e-01  6.0830e-02 -7.3542e-01 -1.1740e+01  2.1104e+00  1.1951e+01  1.0000e+00
 8.2236e+00 -1.3320e+00  2.1557e+01  1.4438e+01 -2.8043e+00  3.7818e+01  4.0577e+01  1.0000e+00
-8.4824e-01  1.1515e+00 -1.3222e+00 -2.9971e+00  3.4902e+00 -3.4227e+00  5.7340e+00  1.0000e+00
 2.0823e-01  4.9405e-01  1.3822e+00 -1.0669e+01 -5.4725e+00 -1.8313e+00  1.2130e+01  1.0000e+00
-9.3208e+00  1.5847e+00  1.5161e+01 -1.5519e+01  2.6755e+00  2.5728e+01  3.0166e+01  1.0000e+00
-1.5726e+00  7.5643e+00 -2.8681e-01 -3.9157e+00  7.6815e+00 -8.7508e-01  8.6663e+00  1.0000e+00
 3.5731e-02  1.2102e+00  2.8395e-01 -8.5971e+00  1.3744e+01  3.0601e+00  1.6497e+01  1.0000e+00
 8.6015e-01  3.7114e+01  2.4167e+01  2.8092e-01  6.3472e+01  4.0475e+01  7.5279e+01  1.0000e+00
-5.4069e+00  4.7932e+00 -1.8268e+00 -6.2377e+00  5.5478e+00 -7.7941e-01  8.3842e+00  1.0000e+00
 5.4717e-01  1.4348e+00 -2.1161e-01 -1.3965e+01  1.1794e+00  6.1516e-01  1.4028e+01  1.0000e+00
 3.0484e-01  9.9807e-01  1.2421e-01  6.6888e-01  4.7004e-02  1.1577e+00  1.3379e+00  1.0000e+00
-2.9754e-01  1.0957e+00  1.1562e-01  7.6713e+00 -1.6676e+01  1.4772e+01  2.3562e+01  1.0000e+00
-2.6318e-02  7.2779e-01  1.3655e-01 -8.5680e+00  1.2852e+01  7.4766e+00  1.7160e+01  1.0000e+00
-3.9774e-01  1.0311e+00  1.2265e-01 -5.4165e-01 -1.1538e+01  6.4750e+00  1.3241e+01  1.0000e+00
-3.0431e+00  1.8981e-01  4.3680e+00 -8.6183e-01  1.3779e+00  2.5649e+00  3.0365e+00  1.0000e+00
 6.8946e-03  8.3194e-01  2.4524e-01  1.7899e+01 -1.5272e+01  3.6135e+00  2.3804e+01  1.0000e+00
-1.2711e+01  1.0651e+01  3.6871e+00 -2.7043e+01  2.2581e+01  7.2084e+00  3.5961e+01  1.0000e+00
 1.9319e-01  1.3052e+00  8.7532e-02 -4.4110e+00  1.8066e+01 -7.1742e-01  1.8610e+01  1.0000e+00
-2.7270e-01  1.0479e+00  1.0738e-01 -1.6532e-01 -1.5648e+01 -4.7230e+00  1.6346e+01  1.0000e+00
-1.8120e-01  1.0981e+00  4.4074e-01 -4.4850e+00 -1.6820e+00  4.8236e+00  6.7979e+00  1.0000e+00
-6.1642e-01  5.3739e-01  1.8249e-01  1.3556e+01  3.1376e+00 -3.7838e+00  1.4420e+01  1.0000e+00
 7.7767e+00 -1.3121e+01 -6.5591e+00  1.3177e+01 -2.1585e+01 -1.1063e+01  2.7603e+01  1.0000e+00
 4.4553e-01 -4.1621e-01  2.6280e-01 -3.1032e+00  1.8841e+00  2.7794e+00  4.5722e+00  1.0000e+00
 1.0159e+01  2.8012e+00 -2.2790e+01  1.7801e+01  5.2442e+00 -3.8080e+01  4.2361e+01  1.0000e+00
-1.6474e+00  8.9365e+00 -5.6481e+00 -2.5278e+00  1.3476e+01 -7.4850e+00  1.5621e+01  1.0000e+00
-2.0300e+01 -7.1387e+00  4.8274e+00 -3.5532e+01 -1.2131e+01  8.4031e+00  3.8475e+01  1.0000e+00
 2.5432e+01 -2.4520e+00 -1.0427e+01  4.5077e+01 -4.2922e+00 -1.8289e+01  4.8835e+01  1.0000e+00
 9.8569e+00 -5.4462e+01  3.3774e+01  1.7616e+01 -9.7711e+01  6.0738e+01  1.1639e+02  1.0000e+00
-3.5530e-03  8.8408e-01  1.1205e-01 -4.3602e+00  8.4942e+00  1.0533e+01  1.4217e+01  1.0000e+00
-4.0014e-01  1.0728e+00  1.8977e-01  2.4640e+00 -9.6498e+00  2.4786e+01  2.6712e+01  1.0000e+00
-5.4645e-02  1.0681e+00  2.3503e-01  4.0876e+00  6.1084e+00 -6.8867e+00  1.0072e+01  1.0000e+00
 9.1447e-01  1.4956e+00  1.4020e-01 -1.5935e+00  1.1821e+00  7.5982e-01  2.1246e+00  1.0000e+00
-1.2395e+01 -6.1459e+00 -6.3428e+00 -2.0916e+01 -9.5715e+00 -1.0688e+01  2.5364e+01  1.0000e+00
-2.5883e-01  1.3216e+00 -1.9396e-01 -1.1338e+01 -1.1570e+01  5.6948e+00  1.7171e+01  1.0000e+00
 3.5692e-02  1.1978e+00  6.2258e-01 -1.4821e+01 -1.0768e+01  1.3737e+01  2.2898e+01  1.0000e+00
-1.0558e-01  5.9759e-01  4.2510e-01 -1.8818e+00  1.9446e+01  1.0006e+01  2.1950e+01  1.0000e+00
-3.2168e-01  1.2212e+00  1.6338e-01  9.1761e-01  7.1878e+00 -2.4312e+00  7.6431e+00  1.0000e+00
 2.9188e+00 -2.7986e+00 -3.4397e+00  2.3924e+00 -8.9956e-01 -2.5331e+00  3.5985e+00  1.0000e+00
-9.4364e-01  9.9762e-01  3.2239e-01 -6.2070e+00 -6.7538e-01 -1.4577e+00  6.4115e+00  1.0000e+00
-1.2463e-01  1.0816e+00  3.4570e-01 -8.0705e+00 -4.5484e+00 -1.9852e+01  2.1907e+01  1.0000e+00
 8.4304e+00 -1.0166e+01 -1.2442e+01  1.4191e+01 -1.7657e+01 -2.0728e+01  3.0705e+01  1.0000e+00
 3.6740e+00  2.2852e+00 -2.2250e+00  2.3313e+01  9.1691e+00 -1.0962e+01  2.7344e+01  1.0000e+00
-2.4846e-01  1.0729e+00  1.8880e-01 -4.7369e+00  1.9809e+01 -4.7310e+00  2.0910e+01  1.0000e+00
-2.4877e-01  1.0773e+00  3.1479e-01 -1.7090e+01  1.7099e+01 -1.0948e+01  2.6539e+01  1.0000e+00
 3.3040e-01  2.1631e+00  1.5871e-01 -2.2798e+00  2.9263e+00  8.3479e+00  9.1350e+00  1.0000e+00
 9.3738e+00 -4.3837e+00 -6.1651e+00  3.0928e+01 -1.5940e+01 -2.0307e+01  4.0286e+01  1.0000e+00
 1.1467e-01  9.5413e-01  1.8057e-01 -6.6686e+00 -8.7055e+00  1.1400e+01  1.5818e+01  1.0000e+00
-1.2211e+00  1.3994e+00 -5.2269e-02  1.0542e+01 -3.4226e+00  3.1621e+00  1.1526e+01  1.0000e+00
-2.7521e+01  6.6398e+00  1.3541e+01 -6.0181e+01  1.4443e+01  2.9708e+01  6.8650e+01  1.0000e+00
 1.3238e-01  9.0775e-01  1.7287e-01  1.1867e+01  1.4260e+01 -7.0441e+00  1.9845e+01  1.0000e+00
 1.1258e+01  8.0118e+00 -9.4422e-01  1.7827e+01  1.3402e+01 -9.8036e-01  2.2325e+01  1.0000e+00
-2.5859e-01  8.4757e-01  2.7718e-01  7.6659e+00 -1.8738e+01  8.7400e+00  2.2051e+01  1.0000e+00
 7.2788e-02  7.8064e-01 -1.6446e-01  4.5274e+00  1.0734e+01 -2.9954e+00  1.2028e+01  1.0000e+00
-3.7115e-01  1.3655e+00  7.5825e-03 -4.7247e+00 -4.5306e+00 -3.3009e+00  7.3311e+00  1.0000e+00
 2.1652e+00  1.0366e+01 -4.0666e-01  3.9207e+00  1.4952e+01 -1.3964e+00  1.5520e+01  1.0000e+00
-2.2856e+02  2.8364e+02 -1.8964e+02 -3.7964e+02  4.7214e+02 -3.1702e+02  6.8377e+02  1.0000e+00
 5.0055e-01  2.6725e-02 -1.8694e-01  8.0919e+00  1.4720e-01  1.9868e+00  8.3335e+00  1.0000e+00
-4.3244e-01  1.0794e+00  1.6981e-01  5.7782e-02 -4.4193e+00 -6.3681e+00  7.7515e+00  1.0000e+00
-7.0535e-01  2.8461e+00 -1.9346e-02 -3.2818e+00  1.0137e+01 -1.1503e+00  1.0717e+01  1.0000e+00
 3.2278e-01  6.8163e-01  6.2583e-01  2.5649e+00  4.3134e+00  7.4109e+00  8.9502e+00  1.0000e+00
-6.8377e-01  6.1900e-01  5.0380e-01  6.0580e+00  1.5448e+01  2.9086e+00  1.6846e+01  1.0000e+00
 7.9958e+00 -1.1784e+01 -1.1326e+01  1.4463e+01 -1.8969e+01 -1.9152e+01  3.0591e+01  1.0000e+00
 2.5174e+00 -3.3546e-01  4.3249e-01 -2.5225e+00  1.9441e+00  1.7051e+00  3.6125e+00  1.0000e+00
-1.6237e+00  3.7256e-01  2.3556e+00  4.0465e+00  2.6667e+00 -1.1698e+00  4.9854e+00  1.0000e+00
-3.1582e-01  9.2955e-01  1.4079e-01 -6.6064e+00 -2.2446e+00 -2.1034e+01  2.2161e+01  1.0000e+00
-1.7592e+01  1.0681e+00  1.5059e+01 -3.0631e+01  2.2693e+00  2.6491e+01  4.0560e+01  1.0000e+00
-2.3850e-01  8.2160e-01 -1.9144e-01  1.4228e+01  4.8845e+00  7.8592e+00  1.6973e+01  1.0000e+00
-4.6619e-01  1.0024e+00  3.6547e-01  1.0181e+01 -6.5437e+00  1.5632e+01  1.9769e+01  1.0000e+00
-1.1900e+01  1.0828e+01 -1.9186e+01 -2.0774e+01  1.9186e+01 -3.3557e+01  4.3883e+01  1.0000e+00
 2.0120e+01 -1.3736e+01  5.5578e+00  3.5176e+01 -2.3846e+01  9.8067e+00  4.3613e+01  1.0000e+00
 1.0713e+01 -6.5779e+00  1.2000e+01  1.7802e+01 -1.0948e+01  2.0440e+01  2.9232e+01  1.0000e+00
-6.2393e-01  1.0638e+00  1.1807e+00 -6.2975e+00  1.1062e+00 -1.1083e+01  1.2796e+01  1.0000e+00
-2.0459e-02  1.2121e+00  4.2998e-02  1.1006e+01  9.2261e+00 -1.6364e+00  1.4454e+01  1.0000e+00
-4.2370e-01  5.5906e-01  4.4542e-01  1.5578e+00  1.7838e+01 -8.4180e-01  1.7926e+01  1.0000e+00
-8.1541e+00  1.2234e+00  2.6653e+00 -1.0933e+01  9.8299e-01  3.0495e+00  1.1392e+01  1.0000e+00
-2.8310e-01  1.0333e+00  1.6277e-01  8.2013e+00  3.9973e+00 -9.9792e+00  1.3521e+01  1.0000e+00
-3.7245e-01  1.0334e+00  2.0786e-01  1.3441e+00  5.3004e+00 -4.2380e+00  6.9182e+00  1.0000e+00
-2.9952e-01  1.1819e+00  4.0902e-01 -1.2333e+01  1.5893e+01 -3.9932e+00  2.0509e+01  1.0000e+00
-4.4239e-02  7.4646e-01  3.9740e-01  5.9879e+00  4.9117e+00  1.9842e+00  7.9948e+00  1.0000e+00
-7.7339e+00  7.5979e+00 -6.4681e+00 -1.1985e+01  1.3231e+01 -9.9809e+00  2.0453e+01  1.0000e+00
-4.6234e-01  1.3468e+00  1.7011e-01 -2.0663e+01 -8.4109e+00 -6.2152e+00  2.3159e+01  1.0000e+00
-6.0811e+00  3.8613e+00 -1.4861e+01 -1.0306e+01  6.4737e+00 -2.4782e+01  2.7609e+01  1.0000e+00
-2.1754e+00  9.3059e+00  3.8272e+00 -5.4537e+00  1.3109e+01  4.1825e+00  1.4802e+01  1.0000e+00
-1.9090e+01 -4.1982e+00 -5.3123e+00 -3.3476e+01 -6.9055e+00 -8.4762e+00  3.5216e+01  1.0000e+00
-6.6091e-02  8.7881e-01  2.4939e-01  2.1087e+01  2.0277e+01 -1.7309e+01  3.3991e+01  1.0000e+00
-8.2453e-02 -2.4117e-01 -3.1617e+00 -2.2827e-01  6.2027e-01 -1.1639e+00  1.3384e+00  1.0000e+00
 3.5952e-01  1.1244e+00  1.2141e-01 -7.0393e+00  1.3460e+00  1.1524e+01  1.3571e+01  1.0000e+00
-4.2852e-01  1.0245e+00  1.2188e+00 -4.2651e+00  1.1111e+00 -1.3069e+01  1.3792e+01  1.0000e+00
-1.9014e-01  1.6583e+00  1.4022e+00  3.5308e-02  6.7518e+00 -1.3722e+00  6.8899e+00  1.0000e+00
-1.4208e-01  6.8655e-01  4.3030e-01 -4.8728e+00  5.9614e+00 -4.8119e+00  9.0795e+00  1.0000e+00
-3.4775e-01  7.9346e-01 -2.5788e-01 -3.4375e+00 -7.6669e+00 -8.8538e+00  1.2206e+01  1.0000e+00
 2.9606e+00 -1.2067e+00 -7.1309e-02 -2.5208e-01  2.2694e+00 -4.8577e+00  5.3675e+00  1.0000e+00
 1.1815e+00  4.2585e+00 -9.6286e-01  4.8189e+00  1.2821e+01 -5.4687e+00  1.4748e+01  1.0000e+00
-1.0452e-01  1.7195e+00 -2.4768e-01  2.9958e+00 -3.3999e+00  5.3162e+00  6.9854e+00  1.0000e+00
-2.4650e+01  2.7222e+01 -1.6584e+01 -4.1946e+01  4.4209e+01 -2.6639e+01  6.6510e+01  1.0000e+00
 1.0440e-01  9.3324e-01 -1.0050e+00 -1.7113e+00  3.5342e+00  1.3290e+01  1.3858e+01  1.0000e+00
 1.4497e+00  2.3938e+00 -6.1222e-01 -7.9973e+00  1.6062e+00  2.7286e+00  8.6013e+00  1.0000e+00
-6.2642e+00 -2.6757e+00 -5.8715e+00 -1.9934e+01 -1.0882e+01 -2.0344e+01  3.0491e+01  1.0000e+00
-2.7609e-01  8.7214e-01  1.1699e-01 -3.4841e-01  1.8080e+01  2.2142e+00  1.8218e+01  1.0000e+00
-4.3435e-01 -1.3419e+01 -7.3380e+00 -6.0693e-01 -2.2005e+01 -1.2536e+01  2.5332e+01  1.0000e+00
-5.6000e-01  1.1278e+00  4.8522e-01  9.3607e-01 -2.7786e+00 -1.5199e+01  1.5479e+01  1.0000e+00
 8.0747e+00 -1.1806e+01 -1.1194e+01  1.3034e+01 -2.0729e+01 -1.8857e+01  3.0906e+01  1.0000e+00
-2.0004e-01  6.4539e-01  2.2515e-01  6.6854e+00 -6.8667e+00 -9.3800e+00  1.3410e+01  1.0000e+00
-1.3290e+01  3.9294e+00 -6.7867e+00 -9.1142e+01  2.1601e+01 -4.8457e+01  1.0546e+02  1.0000e+00
 9.3079e-01  8.5748e+00  3.5204e+00  2.5375e+00  1.2037e+01  4.1025e+00  1.2968e+01  1.0000e+00
 4.0019e+00 -8.2155e+00  1.2934e+01  7.0193e+00 -1.3597e+01  2.1760e+01  2.6602e+01  1.0000e+00
-3.2755e-01  7.7075e-01  3.3837e-01  1.6554e+01  1.7676e+00 -6.4053e+00  1.7838e+01  1.0000e+00
-1.2119e+01  7.1289e+00 -2.7147e+00 -4.2556e+01  2.3449e+01 -9.9624e+00  4.9600e+01  1.0000e+00
-1.4059e-01  8.0971e-01  3.4262e-01  1.0478e+01 -3.2467e+00  4.1797e+00  1.1739e+01  1.0000e+00
-1.5908e-01  6.1709e-01 -9.2867e-02  3.2034e+00 -1.2958e+01 -1.3838e+01  1.9226e+01  1.0000e+00
-9.7732e+00 -3.2867e+00  5.9133e+00 -1.5329e+01 -5.2901e+00  8.5058e+00  1.8312e+01  1.0000e+00
 8.2805e-02  8.4684e-01 -1.9197e-01 -9.7650e+00  6.1374e+00  1.0458e-01  1.1534e+01  1.0000e+00
-3.8732e-01  1.8151e+00  3.6869e-01 -1.2822e+01  3.0191e+01  4.5726e+00  3.3118e+01  1.0000e+00
 1.5239e+01 -1.9585e+01 -1.5502e+00  2.6903e+01 -3.4153e+01 -2.7969e+00  4.3566e+01  1.0000e+00
-4.2359e-01  1.6126e+00  1.9636e-01 -9.6239e+00  2.1492e+01  4.1485e+00  2.3911e+01  1.0000e+00
 8.6134e-01 -9.9518e-01  8.2324e-01  1.5020e+00 -9.4708e+00  4.2730e+00  1.0498e+01  1.0000e+00
-7.1694e-01  1.0204e+00  5.5420e-02  3.7585e+00 -1.0640e+01  9.0713e+00  1.4478e+01  1.0000e+00
-2.0284e-01  2.1949e+00  3.0010e-01 -5.2343e+00  2.2959e+00  8.2280e-01  5.7746e+00  1.0000e+00
 9.0647e-01 -3.9797e-02  6.5350e-01 -8.6024e+00  1.0138e+01  2.4121e+00  1.3513e+01  1.0000e+00
-1.1970e-01  7.8628e-01  3.8375e-01 -8.0234e+00 -8.1670e+00  2.6598e+01  2.8958e+01  1.0000e+00
-8.3454e-01  5.8279e-01  2.5586e-01 -1.8875e+01 -6.4063e-01 -8.1255e+00  2.0560e+01  1.0000e+00
-5.0457e+00 -1.7689e+00 -1.0924e+00 -6.6275e+00 -1.3238e+00 -7.9305e-01  6.8047e+00  1.0000e+00
-2.6857e-01  9.2955e-01 -5.9494e-01  1.9983e+00  4.4642e+00  2.7093e+00  5.5913e+00  1.0000e+00
-9.9319e-02  9.5844e-01  2.8579e-01 -3.2178e+00  2.0114e+01  1.0546e+01  2.2938e+01  1.0000e+00
-3.2146e-01  1.0609e+00  5.2438e-02  6.6467e+00  4.3524e+00  7.2557e+00  1.0759e+01  1.0000e+00
-6.3494e-01  5.9380e-01 -1.0237e-01  1.0783e+01  4.2458e+00  8.9282e-01  1.1623e+01  1.0000e+00
-1.4424e-01  1.1002e+00  2.4434e-01 -7.2167e+00 -2.0699e+01  3.4974e+00  2.2198e+01  1.0000e+00
-1.3912e-01  4.6559e-01 -2.1368e-01 -1.3853e+01  7.5796e+00  5.0011e+00  1.6564e+01  1.0000e+00
 5.0829e-01 -7.8146e-01 -2.7754e-01  2.2517e+01 -5.2587e+01 -1.3955e+01  5.8882e+01  1.0000e+00
-5.7737e-01  1.4039e+00  1.5092e-02 -1.6745e-01 -7.8177e+00 -3.7276e+00  8.6625e+00  1.0000e+00
-2.7212e+01  2.2083e+01  1.0209e+01 -8.1299e+01  6.5149e+01  3.0729e+01  1.0862e+02  1.0000e+00
 6.4584e-01  3.1862e-01  1.0336e+00  2.7887e+00  2.1146e+00 -6.6921e+00  7.5520e+00  1.0000e+00
 1.1998e-01  1.3438e+00  9.6862e-01  2.6506e+00  6.3196e+00  1.0649e+01  1.2664e+01  1.0000e+00
-9.5568e+01  3.2833e+00  8.5759e+01 -2.4181e+02  7.3671e+00  2.1773e+02  3.2547e+02  1.0000e+00
-1.0679e-01  7.7774e-01  4.4997e-01 -1.3263e+01 -8.5971e+00  9.4923e+00  1.8437e+01  1.0000e+00
 1.2841e-01  7.0345e-01  7.4750e-01 -3.8147e+00  1.3854e+01 -1.2910e+01  1.9317e+01  1.0000e+00
-4.1141e-01  1.0478e+00  2.8215e-01  1.9602e+01  2.0557e-01 -1.7235e+00  1.9679e+01  1.0000e+00
-2.9862e+00  4.4673e+00  1.1479e+01 -4.3307e+00  6.0723e+00  1.6199e+01  1.7834e+01  1.0000e+00
 5.3760e+00  2.1100e+00  1.3016e+00  3.5673e+00  2.8927e+00  1.7939e+00  4.9307e+00  1.0000e+00
 8.5304e+00 -4.9265e+00 -7.3230e+00  1.3365e+01 -8.1749e+00 -1.1281e+01  1.9306e+01  1.0000e+00
-3.9054e-01  9.8872e-01  3.5783e-01  2.1940e+01  5.4835e+00 -1.2307e+00  2.2649e+01  1.0000e+00
 1.2089e+01 -1.2320e+01 -1.8228e+01  2.1346e+01 -2.1488e+01 -3.1587e+01  4.3762e+01  1.0000e+00
-3.5980e-01  9.2445e-01  2.9596e-01 -2.4498e-01 -3.2688e+00  1.3774e+00  3.5557e+00  1.0000e+00
-1.8652e-01  1.1307e+00  1.7461e-01  4.0785e+00 -1.0408e+01 -1.0025e+00  1.1224e+01  1.0000e+00
 9.8831e-02  5.0772e-01 -1.3358e-01  6.8265e-01 -5.4786e+00  8.2265e+00  9.9074e+00  1.0000e+00
-6.8071e+00 -1.0487e+01 -1.0065e+01 -2.5012e+01 -4.1690e+01 -3.8390e+01  6.1947e+01  1.0000e+00
 1.3358e-01 -2.4706e-01  8.1730e-01 -2.6502e-01  7.0074e+00  1.2006e+00  7.1144e+00  1.0000e+00
 2.1926e-01  1.0884e+00  1.3204e+00 -2.6204e+00 -1.1187e+00  8.1335e+00  8.6181e+00  1.0000e+00
-2.0750e-01  9.2591e-01  6.7631e-01  5.2531e+00 -4.8899e+00  6.2987e+00  9.5488e+00  1.0000e+00
-5.1469e-01  1.2968e+00  7.4500e-03 -1.5076e+00  1.4461e+01  5.0184e+00  1.5381e+01  1.0000e+00
 2.0984e-02  1.1406e+00 -2.1458e-01  4.2039e+00  1.2663e+01 -1.4779e+01  1.9911e+01  1.0000e+00
-1.2768e+00  2.0775e+00  2.4632e+00 -1.6889e+00  4.3411e+00  3.1949e+00  5.6484e+00  1.0000e+00
-3.1231e+00  4.6343e+00  1.3255e+01 -4.5099e+00  7.8935e+00  2.1389e+01  2.3241e+01  1.0000e+00
 2.0413e-01  1.1784e+00  8.0492e-01  9.8636e+00  1.5990e+01 -9.4041e+00  2.1010e+01  1.0000e+00
-4.2676e-01  8.2539e-01  4.3726e-01 -9.4892e+00 -9.4160e-01  2.2971e+01  2.4872e+01  1.0000e+00
 2.0192e-02  8.3805e-01  4.2022e-01 -6.6206e+00  3.2659e+00 -1.2783e+01  1.4762e+01  1.0000e+00
 1.4340e-01  1.3794e+00  7.1515e-01  1.5876e-01 -1.3492e+01 -1.6699e+01  2.1468e+01  1.0000e+00
 9.2564e+00 -2.3277e+01  4.1158e+01  1.5607e+01 -3.9386e+01  7.0865e+01  8.2564e+01  1.0000e+00
 1.7629e+01  3.3659e+00  1.6600e+01  3.0737e+01  5.8046e+00  2.9209e+01  4.2798e+01  1.0000e+00
-2.7162e+00  1.1407e+00 -5.5821e-01 -5.6353e+00  1.0701e+00 -2.8738e+00  6.4156e+00  1.0000e+00
-1.0253e+00  1.1273e+00  3.3536e-01 -8.5888e+00  2.8190e+00 -6.0979e+00  1.0904e+01  1.0000e+00
-2.0571e-01  9.8414e-01  1.9397e-01  4.6305e+00 -9.1788e+00 -1.4425e+01  1.7714e+01  1.0000e+00
-4.6692e+00  3.0286e+00  1.8484e+01 -8.0255e+00  5.5551e+00  3.1707e+01  3.3175e+01  1.0000e+00
-1.2217e+01 -2.4186e+00 -1.1672e+01 -2.0450e+01 -2.5183e+00 -1.8914e+01  2.7969e+01  1.0000e+00
 7.0657e-01  2.5978e-01 -3.0697e-01 -3.0211e+00  1.1057e+01  1.6392e+00  1.1579e+01  1.0000e+00
-6.5103e+00 -1.0988e+01 -9.2425e-01 -1.2164e+01 -2.2136e+01 -1.2959e+00  2.5291e+01  1.0000e+00
-1.5206e+00 -8.7139e-01  8.3638e-01  2.8534e+00  1.9166e+00 -3.1285e-01  3.4515e+00  1.0000e+00
-2.6105e-01  8.9223e-01  3.1236e-01 -6.6340e-02  6.2917e+00 -1.3999e+00  6.4459e+00  1.0000e+00
-2.2806e+00 -1.1217e+00 -8.4773e-02 -1.8842e+00  1.1646e+00  7.4298e-01  2.3364e+00  1.0000e+00
 5.3141e-02  9.5183e-01  1.1038e-01 -8.5170e-02 -1.2599e-01 -2.9242e+00  2.9281e+00  1.0000e+00
-2.2765e-01  7.4098e-01  4.4942e-01  1.6794e+01  5.0853e+00  4.3846e+00  1.8087e+01  1.0000e+00
-6.3448e+00  1.9996e+01 -2.5866e+00 -1.0814e+01  3.4495e+01 -4.3402e+00  3.6410e+01  1.0000e+00
 3.6750e+00  1.2722e+00  3.8394e+00  1.9299e+00  4.0411e+00  5.1108e+00  6.7952e+00  1.0000e+00
-1.1554e+01 -2.5880e-01 -2.9830e+00 -1.7956e+01  3.9018e-01 -4.8095e+00  1.8593e+01  1.0000e+00
 1.2800e+00  1.6554e+00 -2.7106e+00  3.9649e+00  2.0241e+00 -2.8817e+00  5.3030e+00  1.0000e+00
-9.2804e+00 -3.6509e+00  6.4184e+00 -1.4230e+01 -4.6720e+00  1.0021e+01  1.8021e+01  1.0000e+00
 2.5726e-01  6.5397e-01  4.7619e-01 -7.6646e-01 -5.8020e+00 -3.6336e+00  6.8887e+00  1.0000e+00
 2.3414e+01  8.4525e+00  1.9623e+00  4.0784e+01  1.4962e+01  3.3390e+00  4.3570e+01  1.0000e+00
 8.5021e+00  1.1866e+01  1.5532e+00  1.4230e+01  1.9353e+01  3.0968e+00  2.4220e+01  1.0000e+00
-1.8288e+01 -1.1035e+01 -6.8544e+00 -3.1633e+01 -1.8470e+01 -1.1472e+01  3.8385e+01  1.0000e+00
 2.2034e-01  2.1222e+00  3.1007e-01  1.4572e+01  1.1835e+01 -8.2998e+00  2.0526e+01  1.0000e+00
-1.7994e+01 -4.5628e-01 -4.7080e+00 -3.0857e+01 -4.5420e-01 -8.1433e+00  3.1916e+01  1.0000e+00
-5.3916e-01  1.1301e+00 -1.9766e-01  4.8194e+00 -2.0801e+00  1.9713e+01  2.0400e+01  1.0000e+00
-2.3941e-01  1.2330e+00  2.8848e-01 -7.0408e+00  2.2766e+00  2.7088e+00  7.8799e+00  1.0000e+00
-3.7269e+00  1.4568e+01 -5.6472e+00 -5.7333e+00  2.4751e+01 -9.1929e+00  2.7019e+01  1.0000e+00
 2.1247e+01  1.7449e+01 -1.3362e+01  4.7227e+01  3.8215e+01 -2.9482e+01  6.7528e+01  1.0000e+00
-7.1205e-01  7.0012e-01 -5.4353e-01 -4.8202e+00 -6.0694e+00  4.2307e+00  8.8301e+00  1.0000e+00
-9.8136e-01  6.8732e-01 -2.6605e+00  2.0844e+00  3.6535e+00  3.9096e+00  5.7426e+00  1.0000e+00
-4.3894e-01  8.8423e-01 -2.3756e-01  6.5777e+00  1.7155e+01  8.3789e+00  2.0193e+01  1.0000e+00
 3.5503e+00 -2.9352e+00 -3.7849e-01  3.6066e+00 -1.3171e+00  3.9659e+00  5.5201e+00  1.0000e+00
 1.8898e+00 -1.4850e+00  7.7444e-01  5.8176e+00 -2.1211e+00  6.2803e-01  6.2240e+00  1.0000e+00
 1.8408e-01  8.0830e-01 -1.2430e-01  3.2458e+00 -1.4768e+01 -6.8618e+00  1.6605e+01  1.0000e+00
-1.3914e+01 -6.9963e+00 -2.4416e+01 -2.4852e+01 -1.2622e+01 -4.3918e+01  5.2017e+01  1.0000e+00
-2.4882e+01 -8.3196e+00 -8.2210e-01 -4.3825e+01 -1.4243e+01 -1.5502e+00  4.6108e+01  1.0000e+00
 2.9090e+00 -2.5792e+00 -3.8942e+00  4.6722e+00 -9.6222e-01 -2.8227e+00  5.5428e+00  1.0000e+00
 2.5173e+01  4.3196e+00 -2.6115e+00  4.4034e+01  7.9341e+00 -4.7127e+00  4.4990e+01  1.0000e+00
-3.1373e-01  8.0318e-01 -1.1563e-01  7.2608e+00 -9.5000e+00  5.3856e+00  1.3114e+01  1.0000e+00
-1.3546e-01  7.9194e-01  3.2451e-01  2.0324e+01  1.2691e+01  5.5131e+00  2.4587e+01  1.0000e+00
-2.8002e-01  1.2408e+00  1.7473e-01  5.0069e+00  4.3265e+00  1.9720e+01  2.0801e+01  1.0000e+00
-8.7552e-01  1.1029e+00 -3.0036e-02 -2.5557e+01  5.9156e+00 -3.8771e+00  2.6518e+01  1.0000e+00
-1.7792e-01  9.8600e-01  4.8269e-01 -2.7978e+00 -1.4274e+01  2.7248e+00  1.4799e+01  1.0000e+00
-1.2687e-01  1.1122e+00  6.0921e-02  2.4089e+00 -2.3942e+01  1.1612e+01  2.6718e+01  1.0000e+00
-4.2346e-01  1.0229e+00  1.4272e-01 -6.4795e+00  2.4398e+01  1.2147e+01  2.8015e+01  1.0000e+00
-1.0176e+01  8.6830e+00 -1.6399e+00 -1.6266e+01  1.3724e+01 -2.2389e+00  2.1400e+01  1.0000e+00
-1.8799e-01  1.6078e+00  6.0800e-02 -5.1688e+00  3.2887e+00 -1.1894e+01  1.3379e+01  1.0000e+00
-1.0410e+01 -3.1155e+00 -9.9226e-02 -1.5483e+01 -4.6670e+00 -4.3166e-01  1.6177e+01  1.0000e+00
-3.2960e-02  5.2877e-01  1.1695e+00  4.2702e+00 -1.1503e+00  7.2410e+00  8.4847e+00  1.0000e+00
-6.9590e-01  1.3419e+00  1.8419e-01  1.9341e+00  8.4346e+00  4.5020e+00  9.7546e+00  1.0000e+00
-6.7979e-01  8.4808e-01  2.8178e-01 -6.0915e+00  4.8763e+00 -1.3322e+01  1.5439e+01  1.0000e+00
-1.9606e-01  7.9658e-01  6.6131e-01  1.1997e+01 -4.1788e+00 -1.4715e+01  1.9440e+01  1.0000e+00
 8.0396e+00 -1.9850e+01 -9.5664e+00  1.4060e+01 -3.4368e+01 -1.6615e+01  4.0681e+01  1.0000e+00
-1.8040e+01 -3.2453e+00  1.6248e+01 -3.1589e+01 -5.2921e+00  2.8431e+01  4.2828e+01  1.0000e+00
-7.9880e-02  7.4311e-01  1.0930e-01 -4.3436e+00  1.9195e+01  1.1388e+01  2.2737e+01  1.0000e+00
-2.4165e+00 -1.0880e+00 -3.6544e+00 -1.8383e+00  1.1953e+00 -7.2523e-01  2.3096e+00  1.0000e+00
 8.6229e-01  6.0393e-02  7.8100e-01 -1.0839e+01  9.0343e+00 -5.1812e+00  1.5031e+01  1.0000e+00
 2.4474e-01  9.6253e-01  4.9874e-01  1.6527e+01 -1.7685e+00  1.0298e+01  1.9553e+01  1.0000e+00
-1.6769e+00 -1.6045e+01 -1.1307e+01 -2.1556e+00 -2.7968e+01 -1.9951e+01  3.4422e+01  1.0000e+00
-2.7514e+00  4.7505e+00 -3.6148e+00 -2.8349e+00  4.8496e+00 -2.1385e+00  6.0107e+00  1.0000e+00
 1.3877e-01  1.1398e+00 -6.0328e-01 -8.2191e+00 -2.9732e+00  1.8091e+00  8.9256e+00  1.0000e+00
 6.8223e-02  1.1948e+00  5.2145e-01  2.6417e+00  4.9253e-01  1.0152e+01  1.0502e+01  1.0000e+00
-1.1160e+00  5.3135e-01  5.5114e-01 -1.1364e+01 -1.8005e+00  4.1500e+00  1.2232e+01  1.0000e+00
-3.3635e+00  1.4898e+01 -6.2684e+00 -5.7502e+00  2.4371e+01 -9.8516e+00  2.6909e+01  1.0000e+00
 3.2703e-01  4.8741e-01 -8.8406e-01 -2.7098e-01 -1.4230e+00  5.0567e-01  1.5343e+00  1.0000e+00
 4.7326e-01  2.7788e+00  1.8398e+01  1.8417e+00  5.1269e+00  2.8443e+01  2.8960e+01  1.0000e+00
 2.0922e-01  3.7077e+00 -1.9626e+00  6.9334e-01  7.3379e+00 -6.0102e+00  9.5105e+00  1.0000e+00
 7.5546e-02  1.0188e+00  1.6778e-01  8.9877e+00  1.1755e+01  8.4442e+00  1.7037e+01  1.0000e+00
 5.6494e-01  3.0304e-01 -1.9934e-03 -5.7541e-01  6.3174e+00  5.4150e+00  8.3405e+00  1.0000e+00
-1.9545e-01  1.0584e+00 -3.8156e-02  5.9755e+00 -1.3644e+01  3.5423e-01  1.4899e+01  1.0000e+00
 5.5714e+00  1.1448e+01  6.1477e+00  9.2797e+00  1.8805e+01  9.7497e+00  2.3126e+01  1.0000e+00
-7.4447e-02  8.9755e-01  3.7463e-01 -5.0279e+00 -1.2480e+00 -4.0162e+00  6.5549e+00  1.0000e+00
 1.0665e+00 -4.9698e-01  1.0494e+00  3.1431e+00 -9.5373e-01  1.6563e+00  3.6786e+00  1.0000e+00
-4.3794e-01  9.4457e-01  4.2200e-02  3.4715e+00  7.6693e-02 -1.5112e+01  1.5505e+01  1.0000e+00
-3.0465e-01  1.5578e+00  2.5650e-01 -1.4254e+00 -8.0574e+00 -2.2607e+00  8.4890e+00  1.0000e+00
-8.7094e-01  5.5007e-01  2.5443e-01  6.5724e+00 -5.4945e+00  7.1424e-01  8.5962e+00  1.0000e+00
-5.6231e-01  1.0328e+00  3.8274e-01 -4.5321e+00  4.0853e+00  6.1528e+00  8.6652e+00  1.0000e+00
 8.9469e+00 -6.5536e+00 -1.1122e+00  1.3719e+01 -9.7809e+00 -1.3644e+00  1.6904e+01  1.0000e+00
 1.5280e-01  1.4101e+00  6.3436e-01  6.4541e+00 -1.1886e+00  4.5573e+00  7.9898e+00  1.0000e+00
 1.6226e+01 -3.0318e+01  1.9359e+01  2.5240e+01 -5.0365e+01  3.2452e+01  6.5014e+01  1.0000e+00
-2.5972e-01  1.7864e+00  1.0659e+00 -3.3453e-01  1.7271e+01 -7.9000e+00  1.8995e+01  1.0000e+00
 1.6626e+00 -8.4095e+00 -2.4018e+01  2.7512e+00 -1.4603e+01 -4.1948e+01  4.4502e+01  1.0000e+00
-6.4662e+00 -9.4630e+00 -1.6265e+01 -1.1725e+01 -1.6223e+01 -2.8020e+01  3.4435e+01  1.0000e+00
-1.1716e+00 -1.7314e+01  1.8734e+00 -1.7638e+00 -2.9567e+01  3.1804e+00  2.9790e+01  1.0000e+00
-2.3990e+01 -1.2141e+01 -6.2764e+00 -4.2466e+01 -2.1133e+01 -1.1004e+01  4.8694e+01  1.0000e+00
-7.4111e-01  9.5016e-01  1.6742e-01  9.4376e+00 -1.1548e+01 -9.2492e+00  1.7549e+01  1.0000e+00
-1.9260e+01 -4.7458e+00 -3.6286e+00 -3.3448e+01 -8.1762e+00 -6.2472e+00  3.4995e+01  1.0000e+00
-1.4155e-01  9.8368e-01 -4.0954e-01  5.6130e-01  8.1833e-01  1.9243e+01  1.9269e+01  1.0000e+00
-2.4962e-01  6.2278e-01 -9.6317e-02 -9.6439e+00 -1.0486e+01  1.6558e+00  1.4342e+01  1.0000e+00
-3.0589e+00  5.6883e-02 -9.5252e+00 -5.0112e+00  7.6160e-01 -1.6738e+01  1.7489e+01  1.0000e+00
-5.0914e-01  1.6709e-01  1.6833e+00  6.8058e+00  1.2918e+00  1.0340e+00  7.0040e+00  1.0000e+00
-6.7780e-02  1.0280e+00  3.7095e-01  1.3206e+01  9.8795e+00  2.3922e-01  1.6494e+01  1.0000e+00
