# limit = 20.156
#
# x           y           z           vx          vy          vz          s           m
-4.6364e-01 -3.7638e-01  5.9951e-01 -2.8747e+00  1.5376e+01  6.2758e+00  1.6855e+01  1.0000e+00
-1.6959e-01  6.4942e-01  5.9621e-01  1.9614e+00  6.8615e+00  5.9274e+00  9.2769e+00  1.0000e+00
 2.0197e+01  8.7684e-01  3.9553e+00  3.4115e+01  2.0300e+00  6.6827e+00  3.4822e+01  1.0000e+00
-5.2198e-01  1.1573e+00  6.7785e-01  2.9025e+00 -8.0859e-01 -1.0877e+01  1.1287e+01  1.0000e+00
-1.7090e+01  6.4611e+00  1.0271e+01 -2.9342e+01  1.0873e+01  1.7315e+01  3.5763e+01  1.0000e+00
 7.4248e+00 -2.3514e+00  2.1169e+01  1.2998e+01 -3.5915e+00  3.6261e+01  3.8687e+01  1.0000e+00
 1.1382e+00 -1.7238e+01 -1.1933e+01  1.4361e+00 -2.9362e+01 -2.0045e+01  3.5580e+01  1.0000e+00
-5.7094e-02  9.3561e-01  2.5137e-01 -2.3751e+01  2.3278e+01  6.7245e+00  3.3929e+01  1.0000e+00
-2.7090e+01  1.9746e+01  6.1082e+01 -4.5547e+01  3.3390e+01  1.0464e+02  1.1890e+02  1.0000e+00
 3.8648e+01 -2.0631e+01  1.0031e+00  1.1449e+02 -6.2013e+01  3.0410e+00  1.3024e+02  1.0000e+00
 2.9167e+00  3.9994e+00  2.5319e+00  5.4540e-01  2.9869e+00  1.0693e+00  3.2191e+00  1.0000e+00
 6.0835e-02  7.1025e-01  4.0823e-01 -1.0251e+01 -5.4072e-01 -5.7794e+00  1.1780e+01  1.0000e+00
-1.0863e+00  3.4370e+00  3.0596e-01  1.1228e+00  4.7025e+00  3.9866e+00  6.2664e+00  1.0000e+00
 5.2617e+00  1.3757e+00 -8.1072e-01  5.6935e+00  2.8584e+00  2.9669e-01  6.3776e+00  1.0000e+00
 1.6530e+00 -1.1618e+00  6.4560e-01  2.9294e+00 -3.2638e+00 -1.1101e+00  4.5240e+00  1.0000e+00
-7.1606e+00 -1.2544e+00 -5.3836e+00 -1.0226e+01 -3.0631e+00 -6.0000e+00  1.2245e+01  1.0000e+00
 1.2344e+01 -1.2901e+01 -1.4765e+01  2.1055e+01 -2.2098e+01 -2.5516e+01  3.9783e+01  1.0000e+00
-2.3345e-01  1.5105e+00  4.1447e-01  5.3830e+00  5.4237e+00  2.3623e+00  7.9983e+00  1.0000e+00
-2.6141e-01  1.0650e+00  3.0455e-01  6.3913e+00 -4.0709e+00 -1.1955e+01  1.4154e+01  1.0000e+00
 4.2826e+01  3.4864e+01 -1.5127e+01  7.3441e+01  5.8889e+01 -2.5204e+01  9.7451e+01  1.0000e+00
-6.4416e-01  9.5578e-01 -1.1693e-01  9.2950e+00 -8.1175e+00  1.1975e+01  1.7195e+01  1.0000e+00
 4.6809e-01  7.5740e-01  4.1256e-01 -2.4933e+00 -7.1855e+00  4.6714e-01  7.6201e+00  1.0000e+00
-3.2347e+00 -3.7689e+00  6.2453e+00 -8.3379e+00 -1.1898e+01  1.6241e+01  2.1791e+01  1.0000e+00
-9.2288e+00  1.7452e+01 -1.7652e+01 -1.5939e+01  3.0527e+01 -3.0505e+01  4.6006e+01  1.0000e+00
-6.3314e-01  1.9807e+01 -8.7749e+00 -1.2323e+00  3.3835e+01 -1.4873e+01  3.6980e+01  1.0000e+00
-4.8407e+00  2.7296e+00 -7.5979e+00 -8.1428e+00  5.4596e+00 -1.0360e+01  1.4263e+01  1.0000e+00
 6.3421e+00 -1.5511e+01  2.9809e+00  1.0087e+01 -2.6356e+01  4.7898e+00  2.8624e+01  1.0000e+00
 4.1287e+01 -1.0783e+01 -3.9827e+01  7.5256e+01 -1.9839e+01 -7.2627e+01  1.0645e+02  1.0000e+00
 1.1931e+00 -2.4053e+01 -3.1729e+01  2.1757e+00 -4.2175e+01 -5.5608e+01  6.9826e+01  1.0000e+00
-1.8267e-01  1.0216e+00  2.0474e-01 -9.2133e+00  9.4002e+00  9.4601e+00  1.6209e+01  1.0000e+00
-4.1036e-02  6.5713e-01 -2.8178e-01 -5.6636e+00  6.3863e+00 -6.7550e+00  1.0885e+01  1.0000e+00
-3.2583e-01  1.1158e+00  3.3950e-01  9.7775e+00  8.1837e+00 -5.7684e+00  1.3995e+01  1.0000e+00
-3.1609e-01  7.5824e-01 -2.2254e-01  5.9499e+00 -1.1753e+01 -6.4194e+00  1.4654e+01  1.0000e+00
-2.9511e-01  1.0009e+00  3.7230e-01 -8.6968e+00 -7.5704e+00 -1.4065e+01  1.8187e+01  1.0000e+00
-7.6007e-02  8.7176e-01  2.6876e-01 -2.8014e+00 -1.1920e+01  1.4537e+01  1.9007e+01  1.0000e+00
-5.7016e-01  8.8836e-01  5.2931e-01  6.5402e+00  1.5059e+01  1.0782e+00  1.6453e+01  1.0000e+00
 8.3923e-02  2.7029e+00 -1.1398e+00  3.4822e+00 -1.3641e+00  1.2933e+00  3.9572e+00  1.0000e+00
-1.6597e+01  3.1790e+01 -4.0052e+01 -2.8530e+01  5.4677e+01 -6.7946e+01  9.1761e+01  1.0000e+00
-6.9262e-01  5.2878e-01  2.7562e-01  1.8184e+00  3.1770e+00 -9.0801e+00  9.7902e+00  1.0000e+00
 1.2022e+01 -2.6871e+00  1.0110e+01  1.9565e+01 -4.1113e+00  1.6576e+01  2.5970e+01  1.0000e+00
 6.6199e+00  6.1312e+00  8.1143e-01  8.5311e+00  8.3617e+00  2.0917e+00  1.2127e+01  1.0000e+00
 3.0890e+00  9.0963e-01 -6.2954e-01  1.3819e+00  1.1688e+00 -2.2674e+00  2.9012e+00  1.0000e+00
-4.8468e-01  6.8665e-01  7.4288e-02  1.2803e+01 -5.1404e+00 -1.5753e+01  2.0940e+01  1.0000e+00
 2.4231e+00 -7.0981e+00  2.3030e+01  4.3108e+00 -1.2019e+01  3.9652e+01  4.1657e+01  1.0000e+00
 2.2283e+01  1.0774e+01  1.7662e+00  3.8809e+01  1.8602e+01  3.1435e+00  4.3151e+01  1.0000e+00
 1.5109e+00 -1.4329e+01  2.3516e+00  3.2456e+00 -2.3732e+01  4.2105e+00  2.4320e+01  1.0000e+00
-1.0515e-01  7.9215e-01 -6.3101e-03 -8.0416e+00  8.4356e+00  1.5883e+00  1.1762e+01  1.0000e+00
 2.6560e+00 -1.4627e+00  2.7965e-02  8.1733e-02  4.9231e+00  2.4097e+00  5.4818e+00  1.0000e+00
 9.8901e+00 -3.8365e+00  4.4494e+00  1.4614e+01 -5.6807e+00  7.0941e+00  1.7210e+01  1.0000e+00
-3.1122e-01  1.1322e+00  3.3925e-01 -1.1150e+01  5.1632e+00  1.8093e+01  2.1871e+01  1.0000e+00
-5.6711e-01  1.0593e+00  3.4670e-01 -2.3663e+01  8.3451e+00  8.8323e+00  2.6600e+01  1.0000e+00
-8.2268e-02  9.2783e-01  9.5320e-03  4.3049e+00 -2.5751e+00 -1.7346e+01  1.8057e+01  1.0000e+00
-2.9978e+00 -4.7264e+00  4.7568e+00 -3.3657e+00 -5.1940e+00  5.7018e+00  8.4152e+00  1.0000e+00
-3.5181e-01  4.5173e-01 -6.3467e-02  4.6323e+00  3.1960e+00  1.6454e+00  5.8635e+00  1.0000e+00
-7.4701e-02  2.9144e+00  2.6708e+00  2.3453e+00  1.4979e+01  1.6436e+01  2.2361e+01  1.0000e+00
-2.8416e-01  1.0168e+00  3.8377e-01  6.5420e+00  2.3032e+01 -2.9656e+00  2.4127e+01  1.0000e+00
-3.3221e-01  9.6287e-01  1.1630e-01 -9.6880e+00 -8.6396e-01  1.3788e+00  9.8237e+00  1.0000e+00
-2.2344e-01  1.0200e+00  2.0978e-01  2.9305e+01 -4.8240e+00  1.3051e+00  2.9728e+01  1.0000e+00
-5.3052e-01  6.6905e-01  1.9544e-01  5.9969e+00  8.8396e+00 -5.8753e+00  1.2191e+01  1.0000e+00
 5.5608e+00 -3.0338e+00  1.6493e+01  9.0313e+00 -5.4158e+00  2.7806e+01  2.9733e+01  1.0000e+00
-1.9185e-01  1.1724e+00  1.6054e-01 -4.1727e+00  2.1222e+01  1.6568e+01  2.7245e+01  1.0000e+00
-3.0567e+00 -4.9569e+00  2.4097e+00 -7.4893e+00 -1.5043e+01  5.9774e+00  1.7836e+01  1.0000e+00
 1.0177e+01  9.8654e-01 -4.9117e+00  1.8295e+01  1.9870e+00 -8.7267e+00  2.0367e+01  1.0000e+00
 1.3849e-01  4.6122e-01  2.8801e-01 -1.2118e+01  1.0323e+01  4.9462e+00  1.6669e+01  1.0000e+00
-5.4577e-01  1.4447e+00  2.0218e-01 -3.0775e+00  2.6947e+01  2.0264e+00  2.7198e+01  1.0000e+00
 1.6522e-01  8.1399e-01  4.4170e-03  7.1711e+00  1.0168e+01 -1.9126e+01  2.2817e+01  1.0000e+00
-8.6518e-02  7.3195e-01  2.1397e-01  1.1675e+01  1.5938e+00 -5.7357e+00  1.3105e+01  1.0000e+00
-4.5897e-02  9.0734e-01  1.7897e-01 -9.0152e+00  3.1527e+00  1.5793e+01  1.8457e+01  1.0000e+00
 3.3808e-02  9.4179e-01  9.0465e-02 -1.7344e+01 -1.1870e+01  3.5254e+00  2.1311e+01  1.0000e+00
-4.7955e-01  9.7674e-01  1.1306e-01 -6.6772e+00  1.0439e+00 -7.2762e+00  9.9306e+00  1.0000e+00
 1.9833e+01  2.2154e+00  3.6153e+00  3.3946e+01  3.4177e+00  6.0675e+00  3.4653e+01  1.0000e+00
 1.2683e-01  1.0954e+00 -2.5208e-02 -3.5197e+00  4.1173e-02  2.9554e+00  4.5961e+00  1.0000e+00
-1.4417e-02  1.3714e+00 -1.6845e-02  1.2334e+00  1.6317e+01 -1.0460e+01  1.9421e+01  1.0000e+00
 4.7294e-01  1.4295e+00  1.2325e+00  2.4157e+00  1.9654e+00  5.6803e+00  6.4780e+00  1.0000e+00
-4.4317e-01  1.2462e+00  2.1866e-01  1.0695e+01  9.5331e+00  9.8350e-01  1.4361e+01  1.0000e+00
-3.0739e-01  1.3899e+00 -1.0312e-01 -5.3476e+00 -1.5119e+00  1.2393e+00  5.6937e+00  1.0000e+00
-2.9485e-01  1.2099e+00  1.9774e-01 -3.6407e+00 -8.6551e+00  7.1805e+00  1.1821e+01  1.0000e+00
-3.0491e-01  1.0610e+00  3.5187e-01  3.8729e+00  1.2449e+01 -2.8929e+01  3.1732e+01  1.0000e+00
 2.3836e+01 -1.1425e+01 -2.7532e+00  4.1514e+01 -1.9510e+01 -4.6908e+00  4.6109e+01  1.0000e+00
-1.3982e+01 -8.5484e+00 -5.3982e+00 -2.3566e+01 -1.3923e+01 -8.7808e+00  2.8746e+01  1.0000e+00
 1.0805e-01  9.3990e-01  2.8018e-01 -1.0326e+01 -9.2688e+00  1.4471e+00  1.3951e+01  1.0000e+00
 1.4402e+01  3.4179e+00  9.3563e+00  3.2247e+01  6.9612e+00  2.0658e+01  3.8924e+01  1.0000e+00
-1.4320e+00  1.8229e+00 -4.0019e-02 -1.0913e+00  8.6727e-01 -3.2001e+00  3.4905e+00  1.0000e+00
 4.8692e+00  4.2764e+00  6.2477e+00  5.9081e+00  6.2728e+00  8.0704e+00  1.1806e+01  1.0000e+00
-2.2254e-01  8.3407e-01  2.2919e-01  9.5741e+00 -1.9772e+01 -4.1429e+00  2.2355e+01  1.0000e+00
-4.6523e-01  1.5649e+00  4.5529e-02 -1.1377e-01  1.9375e+01 -1.8954e+00  1.9468e+01  1.0000e+00
-1.4902e+00  1.4266e+00  9.0065e-01 -3.4378e-01 -4.8650e-01 -1.5313e+00  1.6430e+00  1.0000e+00
 1.2983e+00 -5.9294e-01  1.5850e+00 -4.3685e+00  5.5326e+00 -4.8053e+00  8.5314e+00  1.0000e+00
 8.8629e+01  2.2502e+01 -8.6098e+01  2.2218e+02  5.5313e+01 -2.1506e+02  3.1413e+02  1.0000e+00
-7.6015e-01  1.1907e+00  1.2223e-01 -1.6339e+00 -8.9805e+00  5.2594e+00  1.0535e+01  1.0000e+00
 1.7686e+00 -5.2654e-01  1.2436e+00 -4.6441e+00  3.9589e+00 -4.7674e+00  7.7439e+00  1.0000e+00
-6.7615e-01  1.0850e+00  1.1836e+00  3.6700e+00 -9.3511e+00  2.4795e+00  1.0347e+01  1.0000e+00
-2.0392e+00  1.3064e+00  8.4070e-01  1.9390e+00 -4.0662e-01 -1.1239e+00  2.2777e+00  1.0000e+00
 1.4799e-01  5.5624e-01  3.6415e-01  6.8952e+00  1.3134e+01  9.6011e+00  1.7670e+01  1.0000e+00
 4.0499e+00 -1.4546e+00 -4.1298e-01  6.8201e+00 -2.2233e+00 -3.6449e-01  7.1826e+00  1.0000e+00
 1.5489e-03  4.6504e-01  5.2940e-01 -2.7929e+00  4.5526e+00 -1.8809e+00  5.6625e+00  1.0000e+00
 4.4699e+00  9.7174e+00  1.6598e+01  1.7336e+01  3.4068e+01  6.1338e+01  7.2274e+01  1.0000e+00
-7.7308e+00 -1.1310e+01 -1.2707e+01 -1.3030e+01 -1.8855e+01 -2.1320e+01  3.1303e+01  1.0000e+00
 1.7195e+00 -3.5607e+00 -1.5323e+01  2.7182e+00 -5.4567e+00 -2.3400e+01  2.4181e+01  1.0000e+00
 1.3844e+00  4.2664e+00 -2.0334e+00  3.1909e+00  1.6193e+00  7.1423e-01  3.6489e+00  1.0000e+00
-4.9666e-01  1.1289e+00  2.7220e-01  3.5594e+00  6.9297e+00  1.7530e+01  1.9183e+01  1.0000e+00
-3.9327e-01  1.0031e+00  2.5186e-01  1.1195e+00  5.9912e+00 -8.1140e+00  1.0148e+01  1.0000e+00
-1.5630e+00  1.1429e+00 -1.7635e-01 -1.5855e+01  1.1188e+00 -6.9410e+00  1.7344e+01  1.0000e+00
-2.6955e-02  1.5313e+00  2.6779e-01  6.0429e+00 -1.1712e+01 -4.9561e+00  1.4080e+01  1.0000e+00
 1.9597e+01  7.5202e+00 -5.0182e-01  3.3365e+01  1.3231e+01 -8.9685e-01  3.5904e+01  1.0000e+00
-4.7906e-02  7.8810e-01  6.1935e-01  1.2683e+01 -1.8052e-01  1.0931e+00  1.2731e+01  1.0000e+00
 1.4558e+01  8.3636e-01  1.6333e+01  2.4810e+01  1.5472e+00  2.7819e+01  3.7307e+01  1.0000e+00
 7.3571e-01  5.7993e-01  5.2942e-01  8.4992e+00 -3.1051e+00  5.3292e+00  1.0501e+01  1.0000e+00
 5.5498e-01  1.1415e+00  8.3334e-03  1.7528e+00 -1.2548e+01  3.7933e-01  1.2676e+01  1.0000e+00
-2.3786e+01  5.0349e+00  5.4283e+00 -4.1174e+01  9.0057e+00  9.4824e+00  4.3201e+01  1.0000e+00
-4.9556e-01  3.6089e-01  1.1898e+00  3.8057e+00 -1.7561e+00 -3.2276e+00  5.2900e+00  1.0000e+00
 4.9683e+00 -8.1860e+00  1.4821e+01  7.7529e+00 -1.3607e+01  2.4568e+01  2.9135e+01  1.0000e+00
 5.4896e+00 -5.7051e+00  1.1880e+01  8.6499e+00 -9.2492e+00  1.9309e+01  2.3092e+01  1.0000e+00
 9.7421e+00 -1.1682e+01 -4.6123e+00  1.6759e+01 -1.8954e+01 -7.0074e+00  2.6253e+01  1.0000e+00
 2.9734e+00 -1.1885e+00  9.2244e-01 -2.5762e+00  3.4298e+00  4.1965e-01  4.3100e+00  1.0000e+00
-2.8942e-01  1.0437e+00  3.7977e-01  2.9030e+00 -1.1052e+01 -2.8088e+01  3.0323e+01  1.0000e+00
 1.4038e-01  2.6319e+00  9.9491e-02  1.1944e+00  5.9179e+00 -5.5858e+00  8.2249e+00  1.0000e+00
-8.2939e-01  9.1446e-01 -8.3051e-01 -1.4844e+01 -3.8070e+00 -1.3530e+01  2.0442e+01  1.0000e+00
-2.4150e-01  9.9755e-01  2.8783e-01 -1.0938e+01  4.8261e+00 -1.2442e+01  1.7255e+01  1.0000e+00
-4.9562e-01  1.1572e+00  3.9710e-01  1.8466e+01 -1.1440e+01 -6.5638e+00  2.2692e+01  1.0000e+00
-5.4491e-01  9.5216e-01  1.0213e-01  6.6893e+00  8.0076e+00 -1.0556e+01  1.4843e+01  1.0000e+00
-3.1837e-01  1.0978e+00  1.6379e-01  6.7174e+00  5.9662e+00  1.3050e+01  1.5844e+01  1.0000e+00
-3.1394e+01  1.3015e+01  1.1912e+01 -5.4959e+01  2.2897e+01  2.1196e+01  6.3198e+01  1.0000e+00
-1.0585e-01  9.8511e-01  5.9584e-01 -1.8893e+00  3.4936e+00  9.1410e+00  9.9665e+00  1.0000e+00
 2.4387e-01  3.7100e-01  8.7716e-01  2.0334e+00 -1.2350e+00  2.9546e+00  3.7934e+00  1.0000e+00
 7.6822e-03  7.5094e-01  4.1283e-01 -1.3943e+00 -2.5525e+00 -1.3732e+01  1.4037e+01  1.0000e+00
 1.1525e+01 -9.8407e+00 -3.9441e+00  1.9224e+01 -1.6148e+01 -6.1111e+00  2.5839e+01  1.0000e+00
-4.6348e-01  7.2092e-01  7.5132e-02 -3.1498e+00  3.3162e+00  5.1484e-01  4.6026e+00  1.0000e+00
 7.7722e+00 -6.7326e+00  1.7114e+01  1.2935e+01 -1.1103e+01  2.9290e+01  3.3890e+01  1.0000e+00
 1.2191e+01  2.1145e+00  1.3441e+01  4.3834e+01  5.3496e+00  4.6268e+01  6.3960e+01  1.0000e+00
-2.9047e+00 -3.1575e+00 -1.4141e+01 -5.1501e+00 -4.9052e+00 -2.3312e+01  2.4373e+01  1.0000e+00
 7.2552e-01  1.0679e-01  4.2027e-01 -1.3818e+01  9.3525e+00 -1.5330e+00  1.6756e+01  1.0000e+00
-4.1446e-01  9.3551e-01  4.4273e-01 -7.5137e+00 -4.3728e+00  1.5404e+01  1.7688e+01  1.0000e+00
-3.0337e-01  1.0132e+00  6.3871e-01 -1.6411e+01  3.6129e+00  1.0018e+01  1.9563e+01  1.0000e+00
 1.5710e+00  1.4172e+00 -8.4018e-01 -2.6735e+00  2.9002e+00  1.6121e+00  4.2611e+00  1.0000e+00
-4.2330e-01  1.3502e+00  1.4282e+00 -4.8494e+00  8.3105e+00 -2.5717e+00  9.9597e+00  1.0000e+00
 3.4717e-01  3.5660e-01 -1.7492e-02 -1.1319e+01  2.5206e+00  3.5905e+00  1.2139e+01  1.0000e+00
-3.1243e-01  1.2215e+00 -1.3286e-02  1.3630e+01  3.5057e-01  5.3103e+00  1.4632e+01  1.0000e+00
 2.1734e+00 -6.8325e-01  1.3355e+00 -5.3406e+00  5.6224e+00 -5.3103e-01  7.7727e+00  1.0000e+00
-2.3963e+00 -6.6994e+00  1.5369e+01 -3.9734e+00 -1.1519e+01  2.5773e+01  2.8508e+01  1.0000e+00
 2.8464e-01  1.4245e+00  5.2101e-01 -2.5535e+00 -6.3242e+00  3.0853e+00  7.4857e+00  1.0000e+00
-1.4737e-01  1.2118e+00  6.0276e-01  1.5975e+00  9.9791e+00  3.6803e+00  1.0755e+01  1.0000e+00
-2.1254e+01  4.3090e+00 -5.9867e+00 -3.5503e+01  8.5176e+00 -9.3989e+00  3.7701e+01  1.0000e+00
-1.4682e-01  7.8537e-01  1.7741e-01  6.0419e-01 -2.7546e+00 -2.7284e+00  3.9239e+00  1.0000e+00
 2.0109e-01  1.8942e-01 -1.5935e-01  4.6107e-01  7.0377e+00 -2.5736e-01  7.0575e+00  1.0000e+00
-2.7246e-01  1.0930e+00  4.4701e-01  3.7265e+00  1.8586e+01 -3.6823e+00  1.9310e+01  1.0000e+00
-8.3235e+00 -2.7501e+01 -3.1304e+01 -1.4933e+01 -4.4723e+01 -5.2222e+01  7.0358e+01  1.0000e+00
 2.0544e+01 -1.8134e+01  5.1201e+00  3.5489e+01 -3.1209e+01  8.7463e+00  4.8062e+01  1.0000e+00
 1.0425e-01  7.9979e-01  2.5176e-01 -2.0580e+01  1.0341e+01  1.4213e+01  2.7064e+01  1.0000e+00
-2.2100e+00  1.8183e+00  1.3571e+00 -1.1943e+01  6.2772e+00  3.5524e+00  1.3952e+01  1.0000e+00
-7.9011e-02  8.9954e-01  2.3859e-01 -5.4722e+00 -1.0207e+01  2.4934e+00  1.1847e+01  1.0000e+00
-9.8039e-01  1.1473e+00  6.2759e-01 -1.6997e+01  2.4138e+00  2.8389e+00  1.7401e+01  1.0000e+00
 1.3021e-01  8.9016e-01  8.5875e-01 -2.9899e+00  1.2365e-01 -7.1588e+00  7.7591e+00  1.0000e+00
-1.6866e-01  1.1218e+00  1.5799e-01  2.1327e+01  3.0448e+00 -1.1769e+00  2.1576e+01  1.0000e+00
-1.1232e+01  1.7525e+01 -9.3646e+00 -1.9223e+01  3.0416e+01 -1.5888e+01  3.9333e+01  1.0000e+00
-2.1513e+00  1.1915e+00  2.0727e+00 -4.4295e+00  2.6367e+00  1.0938e+01  1.2092e+01  1.0000e+00
-7.7044e-01  9.4647e-01  1.0168e+00 -3.0181e+00  3.2511e-01  1.8688e+01  1.8933e+01  1.0000e+00
-6.1469e-01  7.3997e-01  5.7013e-01 -3.2750e+00  6.1396e+00 -1.5717e+00  7.1338e+00  1.0000e+00
-2.8969e-01  1.2597e+00 -2.1246e-01 -4.0511e-01 -1.2220e+01  1.2400e+01  1.7414e+01  1.0000e+00
-4.5262e-01  1.7268e+00 -7.4626e-02 -6.7170e+00 -1.8756e+00 -5.4522e+00  8.8523e+00  1.0000e+00
-4.1361e-01  1.1123e+00  2.3439e-01  6.7885e+00 -9.0977e+00  1.7532e+01  2.0886e+01  1.0000e+00
-2.0364e-01  1.1352e+00 -6.4162e-02  6.3719e+00  4.0961e+00 -6.8936e+00  1.0242e+01  1.0000e+00
-3.2749e-01  1.0413e+00  2.0570e-01  2.9061e+01 -4.3452e+00 -1.4684e+01  3.2849e+01  1.0000e+00
-1.8652e-01  1.0064e+00  1.8625e-01 -1.6725e+01  2.0459e+01 -1.6779e+01  3.1302e+01  1.0000e+00
-1.2019e-01  7.5301e-01  2.6507e-01  4.0807e+00  2.3719e+01 -9.3509e+00  2.5820e+01  1.0000e+00
 5.1583e+00 -8.4338e+00  1.4639e+01  8.7077e+00 -1.3313e+01  2.4793e+01  2.9458e+01  1.0000e+00
 1.1134e-01  1.6099e-01  2.5557e-01  3.4443e+00 -6.5111e+00  2.9626e+00  7.9395e+00  1.0000e+00
 4.0024e+01 -2.7399e+01 -5.5909e+01  6.9252e+01 -4.7253e+01 -9.5417e+01  1.2702e+02  1.0000e+00
 3.1035e-02  2.6944e+00 -1.4087e-02  2.4768e+00  2.2826e+01 -8.5293e+00  2.4493e+01  1.0000e+00
-1.5225e+00  3.1840e+00  1.9878e+00  1.2179e+00  2.1171e-01 -3.7887e+00  3.9853e+00  1.0000e+00
 1.0352e+01 -3.0051e+00 -2.2841e+00  1.6813e+01 -3.8046e+00 -2.8443e+00  1.7471e+01  1.0000e+00
 3.8581e-02  9.7764e-01  3.0895e-01 -8.2935e-01  1.3296e+01  9.7049e+00  1.6482e+01  1.0000e+00
 1.8489e-01 -9.2114e-01  1.3806e+00  2.6671e+00  5.0531e+00 -4.1287e+00  7.0494e+00  1.0000e+00
 1.3969e-01  8.2286e-01  1.4656e-01  3.1422e+00  1.7127e+01  1.8348e+00  1.7509e+01  1.0000e+00
-2.9437e-01  1.5747e+00  5.8730e-02  8.4536e-01  2.1332e+00 -9.9931e-01  2.5028e+00  1.0000e+00
-1.8406e-01  1.3333e+00 -1.5101e-03  4.8544e+00 -7.3633e+00  4.6683e-01  8.8319e+00  1.0000e+00
-1.8707e-01  4.9445e-01 -2.1139e-01 -3.9927e+00 -6.7005e+00 -9.3606e-01  7.8558e+00  1.0000e+00
-3.0679e-01  9.0071e-01  2.9303e-01 -2.5075e+01 -7.1106e+00 -2.0188e+01  3.2968e+01  1.0000e+00
-8.2235e-01  2.5545e-01 -4.5246e-01 -9.2546e+00 -2.4031e+00 -9.9855e-01  9.6135e+00  1.0000e+00
 9.8796e-01 -7.9503e+00  1.4081e+01  1.7102e+00 -1.3143e+01  2.3189e+01  2.6709e+01  1.0000e+00
-2.4748e+01  1.9168e+01 -1.5758e+01 -5.8209e+01  4.4395e+01 -3.7330e+01  8.2175e+01  1.0000e+00
-1.9538e+00  1.1764e+00 -4.0300e-02 -7.9865e+00  1.3516e+00  3.4375e+00  8.7992e+00  1.0000e+00
-1.1145e+00  2.6263e+00  4.9121e-01  6.9569e-01  1.7989e+00  1.7238e+00  2.5868e+00  1.0000e+00
-5.9596e-01  8.3541e-01  5.2491e-01  1.5063e+01  7.4175e+00 -3.0573e+00  1.7067e+01  1.0000e+00
 1.5114e-01  5.4409e-01  1.0903e+00  6.7946e+00  3.5072e+00  4.5375e+00  8.8913e+00  1.0000e+00
-5.4246e-02  8.9596e-01  2.1274e-01  3.0346e+01 -4.3978e+00  1.0358e+00  3.0681e+01  1.0000e+00
-5.0368e-01  6.0025e-01 -1.2098e-01  1.0943e+00 -9.7070e+00 -1.3369e+01  1.6557e+01  1.0000e+00
-1.3501e+01  1.1377e+01 -3.7740e+00 -2.2384e+01  1.8932e+01 -6.2099e+00  2.9967e+01  1.0000e+00
 8.1155e+00 -6.3543e+00 -2.4837e+01  1.4122e+01 -1.1165e+01 -4.3251e+01  4.6848e+01  1.0000e+00
-4.7275e-01  2.7091e-01  2.9467e-01  9.9416e+00  1.0211e+01  3.7142e+00  1.4727e+01  1.0000e+00
-6.7255e-01 -1.6013e+01 -1.1478e+01 -9.5672e-01 -2.7141e+01 -1.9298e+01  3.3316e+01  1.0000e+00
-5.9848e+00  5.6403e+00 -2.3483e+01 -1.0567e+01  9.9981e+00 -4.0604e+01  4.3131e+01  1.0000e+00
 2.8385e+00 -1.4074e+01  1.3247e-01  4.5732e+00 -2.3287e+01  3.2989e-01  2.3734e+01  1.0000e+00
-2.3834e+00  5.8098e-01  6.1631e-01 -3.4332e+00  3.2561e+00  1.0986e+00  4.8576e+00  1.0000e+00
-2.7326e+00 -3.5264e+00 -1.5244e+01 -4.6009e+00 -6.1614e+00 -2.4628e+01  2.5800e+01  1.0000e+00
 1.5872e+00  3.8511e+00  3.5145e+00  2.9152e+00  5.5701e+00  5.3324e+00  8.2437e+00  1.0000e+00
-4.2804e-01  1.0628e+00  1.6252e-01 -1.0946e+01 -1.3107e+00 -5.9999e-01  1.1040e+01  1.0000e+00
 8.8880e+00  5.4857e+00  1.2344e+01  1.8242e+01  9.9635e+00  2.4764e+01  3.2331e+01  1.0000e+00
 2.8424e-01  7.9343e-01  1.0153e+00 -9.6347e-01  1.1745e+00 -1.0983e+00  1.8746e+00  1.0000e+00
 9.4219e+00 -1.1742e+01 -4.5360e+00  1.5039e+01 -1.9184e+01 -7.9254e+00  2.5632e+01  1.0000e+00
-6.6306e-01  1.4424e+00 -1.0666e-01 -8.5652e-01  4.0767e+00 -2.4193e+00  4.8173e+00  1.0000e+00
 8.5585e-05  1.3724e+00  5.5872e-01  3.5523e+00 -1.1451e+01 -4.5577e-01  1.1998e+01  1.0000e+00
-1.6361e+01 -7.3667e+00 -5.1383e+00 -2.7535e+01 -1.2311e+01 -8.4801e+00  3.1332e+01  1.0000e+00
 8.3163e+00  4.4927e+00  8.1929e+00  1.2690e+01  7.6342e+00  1.3604e+01  2.0109e+01  1.0000e+00
-5.5854e-01  8.7909e-01  3.0941e-01 -1.0054e+01 -1.0646e+00 -3.8021e+00  1.0801e+01  1.0000e+00
 6.5560e+00 -2.1419e+01 -1.6915e+00  1.1488e+01 -3.6895e+01 -2.9301e+00  3.8753e+01  1.0000e+00
 1.2702e+01 -3.2977e+00  1.0016e+01  8.4778e+01 -2.7190e+01  6.4896e+01  1.1017e+02  1.0000e+00
-3.1230e+01 -2.9836e+00  4.6110e+01 -5.6974e+01 -5.5829e+00  8.4052e+01  1.0170e+02  1.0000e+00
 1.2513e+01 -2.1652e+01 -1.7580e+01  2.2043e+01 -3.7760e+01 -3.0760e+01  5.3459e+01  1.0000e+00
-4.0822e-01  1.0264e+00  4.3958e-01 -1.4649e+01  2.2229e+01  8.9284e+00  2.8079e+01  1.0000e+00
-1.6068e+00  4.3337e+00  1.1040e+00 -1.7839e+00  1.0425e+01  2.1841e+00  1.0800e+01  1.0000e+00
-2.0443e-01  7.3829e-01 -2.2851e-01  6.0097e+00  1.1281e+01 -1.6122e+01  2.0574e+01  1.0000e+00
-7.0168e+00 -1.4843e+00 -5.2437e+00 -1.0111e+01 -5.9325e-01 -7.6216e+00  1.2676e+01  1.0000e+00
-9.5050e-01  6.0190e-01  5.9955e-01 -1.1421e+01 -4.8020e+00  9.4865e+00  1.5605e+01  1.0000e+00
-3.5411e-01  1.0145e+00  5.1154e-01  5.8184e+00  2.2416e+01 -6.3436e+00  2.4012e+01  1.0000e+00
-1.3410e-01 -1.6074e+01 -1.1403e+01 -2.6994e-01 -2.6779e+01 -1.9199e+01  3.2951e+01  1.0000e+00
-4.9134e-01 -2.1803e+00  3.3419e-01 -2.5465e+00 -3.9348e+01 -2.6520e+00  3.9520e+01  1.0000e+00
-1.5790e-01  9.7456e-01  3.3535e-01 -6.6563e+00  2.2829e+01 -1.3733e+01  2.7460e+01  1.0000e+00
-3.3608e-01  1.4950e+00  5.3580e-01  4.7421e+00  2.4618e-01  9.8267e+00  1.0914e+01  1.0000e+00
 5.7491e-01  8.4637e-01 -2.8733e-02  6.9483e+00 -3.2429e+00  1.4792e+00  7.8092e+00  1.0000e+00
-2.5700e-01  7.2702e-01  2.0824e-01  2.8143e+00 -8.3251e+00 -1.4198e+00  8.9019e+00  1.0000e+00
-3.0956e+01 -3.6997e+01  1.7262e+01 -5.1373e+01 -6.2606e+01  2.9550e+01  8.6209e+01  1.0000e+00
-2.4617e-01  8.4456e-01  3.8855e-01 -1.2117e+01  1.2887e+00 -1.5143e+01  1.9437e+01  1.0000e+00
-2.6958e+00  4.7554e+00 -2.0194e+00 -4.1427e+00  8.0676e+00 -2.4635e+00  9.3977e+00  1.0000e+00
-4.5542e-01  9.8018e-01  1.7156e-01  1.9989e+01 -3.8070e+00  4.8809e+00  2.0925e+01  1.0000e+00
-5.1557e-01  7.2737e-01  1.8324e-01 -1.2288e+01  9.4452e+00 -4.9939e+00  1.6283e+01  1.0000e+00
 3.8402e-01  1.0688e+00 -3.0148e-01 -2.3602e-02 -2.4166e+00  1.2245e+01  1.2481e+01  1.0000e+00
-5.9290e-01  5.8234e-01  1.2751e-01 -3.3257e-01  1.5799e+01  1.0845e+01  1.9166e+01  1.0000e+00
-4.1076e-01  1.2626e+00  4.3612e-01 -6.7790e+00 -6.7010e+00  1.1488e+01  1.4927e+01  1.0000e+00
-1.0480e-01 -1.4106e+01  6.7500e+00 -1.9156e-01 -2.3471e+01  1.0994e+01  2.5919e+01  1.0000e+00
-1.8281e+01 -1.0946e+01 -6.5624e+00 -3.2064e+01 -1.8937e+01 -1.1663e+01  3.9022e+01  1.0000e+00
-4.2305e-02  1.3180e+00  3.0948e-01  2.1821e+01 -1.3248e+01 -4.0517e+00  2.5848e+01  1.0000e+00
-5.8356e-01  9.0025e-01  7.8802e-01 -8.6293e+00 -4.3906e+00  1.0456e+01  1.4250e+01  1.0000e+00
 2.3494e+01 -8.4204e+00 -1.3946e+00  4.0732e+01 -1.4514e+01 -2.2794e+00  4.3301e+01  1.0000e+00
-1.0890e-01  9.5236e-01 -8.5405e-01 -1.2406e+01  6.3088e+00 -4.1072e+00  1.4511e+01  1.0000e+00
 2.3206e+02 -2.8725e+02  1.8829e+02  3.8386e+02 -4.7418e+02  3.0947e+02  6.8408e+02  1.0000e+00
-2.6861e-02  7.7642e-01  2.0530e-01  1.9478e+00 -2.1953e+01  1.0123e+01  2.4253e+01  1.0000e+00
-1.5514e-02  8.8127e-01 -4.9216e-01 -9.3895e+00  9.1422e+00  7.8884e+00  1.5296e+01  1.0000e+00
 1.4922e-01  7.6403e-01 -8.8952e-03  7.2658e+00 -4.6231e+00 -1.2641e+01  1.5296e+01  1.0000e+00
 1.2980e+01  1.0491e+01  9.8418e-01  2.1430e+01  1.7153e+01  1.8778e+00  2.7514e+01  1.0000e+00
-1.0394e+01 -2.7030e+00  5.5546e+00 -1.8902e+01 -4.6206e+00  1.0876e+01  2.2291e+01  1.0000e+00
 3.2029e+00 -1.7632e+01  9.0639e-01  5.2682e+00 -2.9485e+01  1.2278e+00  2.9977e+01  1.0000e+00
-1.6976e-01  6.7484e-01  3.9809e-01 -1.0427e+01 -2.0701e+01 -5.7149e+00  2.3873e+01  1.0000e+00
 8.5498e-01  8.1737e+00 -1.2638e+01  1.2664e+00  1.3266e+01 -2.0786e+01  2.4692e+01  1.0000e+00
-3.4307e+01  1.1547e+01  1.2543e+01 -6.8536e+01  2.3112e+01  2.4984e+01  7.6521e+01  1.0000e+00
-2.4781e-01  1.0352e+00  2.4562e-01  7.0783e+00  9.3015e+00  4.1850e+00  1.2415e+01  1.0000e+00
-5.4211e-01  8.5638e-01  4.4735e-01 -9.6657e+00 -1.8122e+01  1.4016e-01  2.0539e+01  1.0000e+00
-2.6654e-01  2.9234e-01  1.3340e-01 -2.9803e-01 -1.0838e+01  1.2641e-02  1.0842e+01  1.0000e+00
 1.6625e+00  1.6590e-01 -3.6190e-01 -4.4713e+00  1.2952e+00  3.2551e+00  5.6803e+00  1.0000e+00
 1.7588e+00 -1.8108e+01  1.4385e+01  2.9637e+00 -3.1197e+01  2.4814e+01  3.9972e+01  1.0000e+00
 9.9150e+00 -1.8495e+01  7.4168e+00  2.3484e+01 -4.4094e+01  1.7197e+01  5.2835e+01  1.0000e+00
-8.6335e-01  1.0559e+01  1.6514e+00 -3.2607e+00  1.5629e+01  3.0234e+00  1.6250e+01  1.0000e+00
 6.0386e-02  1.4574e+00  9.2542e-01  4.3626e+00  1.2742e+00  5.3033e+00  6.9843e+00  1.0000e+00
 8.0273e-01 -1.5835e-01  5.1772e-01 -1.1235e+01  9.5893e+00 -2.3656e+00  1.4959e+01  1.0000e+00
-5.1695e-02  1.1538e+00  2.9843e-01  8.7696e+00 -4.6071e+00  1.2006e+01  1.5565e+01  1.0000e+00
 9.3504e+00 -3.0536e+00  5.0541e+00  1.4652e+01 -3.7687e+00  7.4069e+00  1.6845e+01  1.0000e+00
-4.6213e-01  9.4546e-01  2.8511e-01 -9.5783e+00  7.9633e+00  2.7228e+01  2.9942e+01  1.0000e+00
-1.9586e-01  8.1517e-01 -2.7927e-02  2.7808e+00 -9.5412e+00 -2.0441e+01  2.2729e+01  1.0000e+00
 1.1843e-01  1.0193e+00  2.7257e-01 -9.1726e+00  9.3448e+00 -5.2554e+00  1.4110e+01  1.0000e+00
-3.8649e+00 -3.3090e+00 -1.9525e+01 -6.3892e+00 -5.4256e+00 -3.3107e+01  3.4152e+01  1.0000e+00
-1.4550e+00 -5.8650e-01  4.1153e+00 -3.0833e-01  9.2103e-01  2.6981e+00  2.8676e+00  1.0000e+00
 2.3831e+01 -5.3358e-01 -5.1651e+00  4.1272e+01 -7.3729e-01 -8.5869e+00  4.2162e+01  1.0000e+00
-5.6486e-01  4.3348e-02  7.3896e-02 -2.1080e-01 -1.0358e+01  2.3986e+00  1.0635e+01  1.0000e+00
 8.3069e+00 -1.3481e+00  2.1775e+01  1.4434e+01 -2.8060e+00  3.7812e+01  4.0570e+01  1.0000e+00
-8.6493e-01  1.1714e+00 -1.3405e+00 -2.7898e+00  3.4195e+00 -2.9107e+00  5.2866e+00  1.0000e+00
 1.4580e-01  4.6345e-01  1.3691e+00 -1.0964e+01 -5.1214e+00 -2.7436e+00  1.2409e+01  1.0000e+00
-9.4103e+00  1.6002e+00  1.5310e+01 -1.5515e+01  2.6751e+00  2.5722e+01  3.0158e+01  1.0000e+00
-1.5952e+00  7.6085e+00 -2.9185e-01 -3.9069e+00  7.6398e+00 -8.7170e-01  8.6250e+00  1.0000e+00
-2.2514e-02  1.2801e+00  2.9954e-01 -1.1624e+01  1.0622e+01  2.4019e+00  1.5929e+01  1.0000e+00
 8.6178e-01  3.7480e+01  2.4400e+01  2.8089e-01  6.3470e+01  4.0474e+01  7.5277e+01  1.0000e+00
-5.4428e+00  4.8252e+00 -1.8313e+00 -6.2047e+00  5.5242e+00 -7.6717e-01  8.3429e+00  1.0000e+00
 4.6368e-01  1.4395e+00 -2.0621e-01 -1.4982e+01  4.3620e-01  1.2720e+00  1.5042e+01  1.0000e+00
 2.9867e-01  9.9739e-01  1.3305e-01 -2.8652e+00 -2.7434e-01  1.9165e+00  3.4580e+00  1.0000e+00
-2.4851e-01  9.8687e-01  2.1250e-01  9.5788e+00 -1.7901e+01  1.9041e+01  2.7834e+01  1.0000e+00
-8.4857e-02  8.1832e-01  1.8522e-01 -1.1583e+01  1.8851e+01  9.9255e+00  2.4250e+01  1.0000e+00
-3.9180e-01  9.7236e-01  1.7955e-01  2.7026e+00 -8.4426e+00  1.1903e+01  1.4842e+01  1.0000e+00
-3.0479e+00  1.9779e-01  4.3826e+00 -8.1880e-01  1.3880e+00  2.5040e+00  2.9777e+00  1.0000e+00
 9.9659e-02  7.5576e-01  2.6036e-01  1.4348e+01 -1.1025e+01  1.9979e+00  1.8205e+01  1.0000e+00
-1.2867e+01  1.0781e+01  3.7287e+00 -2.7037e+01  2.2576e+01  7.2063e+00  3.5953e+01  1.0000e+00
 1.6180e-01  1.4036e+00  8.5323e-02 -6.4272e+00  1.6060e+01 -6.2575e-02  1.7299e+01  1.0000e+00
-2.7843e-01  9.5833e-01  1.0505e-01 -1.4912e+00 -1.4998e+01  4.2396e+00  1.5657e+01  1.0000e+00
-2.1383e-01  1.0775e+00  4.5600e-01 -7.1022e+00 -5.2989e+00  8.3263e-02  8.8615e+00  1.0000e+00
-5.3327e-01  5.6314e-01  1.6025e-01  1.5014e+01  5.9809e+00 -4.0622e+00  1.6664e+01  1.0000e+00
 7.8527e+00 -1.3246e+01 -6.6230e+00  1.3174e+01 -2.1579e+01 -1.1060e+01  2.7596e+01  1.0000e+00
 4.2696e-01 -4.0349e-01  2.7889e-01 -3.3327e+00  2.5291e+00  2.7977e+00  5.0329e+00  1.0000e+00
 1.0262e+01  2.8315e+00 -2.3009e+01  1.7799e+01  5.2436e+00 -3.8076e+01  4.2357e+01  1.0000e+00
-1.6620e+00  9.0142e+00 -5.6913e+00 -2.5253e+00  1.3460e+01 -7.4727e+00  1.5601e+01  1.0000e+00
-2.0505e+01 -7.2087e+00  4.8759e+00 -3.5528e+01 -1.2129e+01  8.4017e+00  3.8470e+01  1.0000e+00
 2.5692e+01 -2.4768e+00 -1.0533e+01  4.5074e+01 -4.2919e+00 -1.8288e+01  4.8831e+01  1.0000e+00
 9.9585e+00 -5.5025e+01  3.4125e+01  1.7616e+01 -9.7711e+01  6.0738e+01  1.1639e+02  1.0000e+00
-5.1699e-02  9.4185e-01  1.5082e-01 -1.1158e+01  7.0202e+00  6.8208e+00  1.4843e+01  1.0000e+00
-3.6348e-01  1.0059e+00  3.1639e-01  9.1350e+00 -1.1494e+01  1.9353e+01  2.4292e+01  1.0000e+00
-4.4141e-02  1.0928e+00  1.9664e-01 -3.7975e-01  2.3864e+00 -6.2100e+00  6.6636e+00  1.0000e+00
 9.0286e-01  1.5012e+00  1.4475e-01 -2.4337e+00  7.6866e-01  8.1750e-01  2.6799e+00  1.0000e+00
-1.2515e+01 -6.2011e+00 -6.4045e+00 -2.0910e+01 -9.5677e+00 -1.0684e+01  2.5356e+01  1.0000e+00
-3.2433e-01  1.2508e+00 -1.5521e-01 -1.1085e+01 -1.2944e+01  7.7345e+00  1.8715e+01  1.0000e+00
-5.3334e-02  1.1323e+00  6.9416e-01 -1.5991e+01 -1.1893e+01  1.0995e+01  2.2760e+01  1.0000e+00
-1.2082e-01  7.2563e-01  4.7597e-01 -3.7258e+00  2.5120e+01  7.1886e+00  2.6393e+01  1.0000e+00
-3.0365e-01  1.2479e+00  1.5847e-01  4.5829e+00  1.2877e+00  1.0970e+00  4.8852e+00  1.0000e+00
 2.9326e+00 -2.8037e+00 -3.4543e+00  2.3672e+00 -8.5815e-01 -2.5203e+00  3.5625e+00  1.0000e+00
-9.7322e-01  9.9393e-01  3.1318e-01 -4.0717e+00 -6.0151e-01 -1.7249e+00  4.4627e+00  1.0000e+00
-1.8121e-01  1.0411e+00  2.2208e-01 -1.2102e+01 -1.0191e+01 -2.3044e+01  2.7952e+01  1.0000e+00
 8.5123e+00 -1.0268e+01 -1.2562e+01  1.4188e+01 -1.7656e+01 -2.0722e+01  3.0699e+01  1.0000e+00
 3.8083e+00  2.3381e+00 -2.2881e+00  2.3249e+01  9.1450e+00 -1.0919e+01  2.7265e+01  1.0000e+00
-2.8243e-01  1.1680e+00  1.4995e-01 -5.6945e+00  1.3163e+01 -6.5590e+00  1.5771e+01  1.0000e+00
-3.4217e-01  1.1557e+00  2.4198e-01 -1.4699e+01  9.8242e+00 -1.3188e+01  2.2057e+01  1.0000e+00
 3.1563e-01  2.1779e+00  2.0782e-01 -2.8979e+00  2.1968e+00  8.8849e+00  9.6003e+00  1.0000e+00
 9.5521e+00 -4.4757e+00 -6.2824e+00  3.0917e+01 -1.5936e+01 -2.0301e+01  4.0273e+01  1.0000e+00
 6.2746e-02  9.0294e-01  2.4603e-01 -1.1595e+01 -8.4600e+00  1.1472e+01  1.8374e+01  1.0000e+00
-1.1572e+00  1.3782e+00 -3.3066e-02  1.1615e+01 -3.9217e+00  3.5015e+00  1.2749e+01  1.0000e+00
-2.7868e+01  6.7231e+00  1.3712e+01 -6.0178e+01  1.4443e+01  2.9707e+01  6.8648e+01  1.0000e+00
 1.8305e-01  9.9222e-01  1.3704e-01  6.1871e+00  1.4472e+01 -5.4515e+00  1.6657e+01  1.0000e+00
 1.1361e+01  8.0891e+00 -9.4987e-01  1.7818e+01  1.3396e+01 -9.7870e-01  2.2313e+01  1.0000e+00
-2.1386e-01  7.5367e-01  3.2634e-01  7.3365e+00 -1.3317e+01  7.7940e+00  1.7086e+01  1.0000e+00
 9.3852e-02  8.4761e-01 -1.7534e-01  2.5081e+00  1.2259e+01 -7.1128e-01  1.2533e+01  1.0000e+00
-3.9625e-01  1.3311e+00 -5.9598e-03 -3.8914e+00 -7.3429e+00 -1.3672e+00  8.4221e+00  1.0000e+00
 2.1878e+00  1.0452e+01 -4.1471e-01  3.9150e+00  1.4930e+01 -1.3945e+00  1.5498e+01  1.0000e+00
-2.3075e+02  2.8636e+02 -1.9146e+02 -3.7964e+02  4.7214e+02 -3.1702e+02  6.8377e+02  1.0000e+00
 5.4571e-01  2.9839e-02 -1.7437e-01  7.5581e+00  9.2398e-01  2.3648e+00  7.9732e+00  1.0000e+00
-4.1563e-01  1.0343e+00  1.7036e-01  6.5190e+00 -6.7798e+00  4.1280e+00  1.0271e+01  1.0000e+00
-7.2397e-01  2.9034e+00 -2.5775e-02 -3.1737e+00  9.7366e+00 -1.0781e+00  1.0297e+01  1.0000e+00
 3.3254e-01  7.0860e-01  6.6485e-01  8.4377e-01  5.0218e+00  6.1198e+00  7.9613e+00  1.0000e+00
-6.4271e-01  7.1381e-01  5.1747e-01  8.3495e+00  1.7533e+01  1.9311e+00  1.9515e+01  1.0000e+00
 8.0795e+00 -1.1893e+01 -1.1436e+01  1.4577e+01 -1.9006e+01 -1.8941e+01  3.0537e+01  1.0000e+00
 2.5023e+00 -3.2407e-01  4.4232e-01 -2.7083e+00  2.0054e+00  1.7000e+00  3.7745e+00  1.0000e+00
-1.6000e+00  3.8813e-01  2.3483e+00  4.1834e+00  2.7294e+00 -1.3797e+00  5.1821e+00  1.0000e+00
-3.4442e-01  9.2820e-01  3.4081e-02 -3.5059e+00  1.4591e+00 -1.5707e+01  1.6159e+01  1.0000e+00
-1.7769e+01  1.0812e+00  1.5212e+01 -3.0627e+01  2.2690e+00  2.6488e+01  4.0556e+01  1.0000e+00
-1.5835e-01  8.5095e-01 -1.3623e-01  1.3603e+01  5.3168e+00  1.1329e+01  1.8484e+01  1.0000e+00
-3.8902e-01  9.6265e-01  4.4293e-01  1.6271e+01 -7.4263e+00  1.1029e+01  2.1013e+01  1.0000e+00
-1.2020e+01  1.0939e+01 -1.9379e+01 -2.0773e+01  1.9184e+01 -3.3553e+01  4.3879e+01  1.0000e+00
 2.0324e+01 -1.3873e+01  5.6143e+00  3.5172e+01 -2.3844e+01  9.8056e+00  4.3609e+01  1.0000e+00
 1.0816e+01 -6.6410e+00  1.2118e+01  1.7796e+01 -1.0945e+01  2.0434e+01  2.9224e+01  1.0000e+00
-6.6019e-01  1.0714e+00  1.1141e+00 -6.2664e+00  1.5020e+00 -1.1772e+01  1.3420e+01  1.0000e+00
 3.6037e-02  1.2602e+00  3.8927e-02  8.6455e+00  7.2883e+00  1.3012e-01  1.1308e+01  1.0000e+00
-4.1089e-01  6.7057e-01  4.3633e-01  2.9747e+00  2.0874e+01 -2.3563e+00  2.1216e+01  1.0000e+00
-8.2170e+00  1.2290e+00  2.6829e+00 -1.0905e+01  9.8141e-01  3.0409e+00  1.1364e+01  1.0000e+00
-2.4528e-01  1.0590e+00  1.1706e-01  4.9211e+00  3.9907e+00 -4.7968e+00  7.9469e+00  1.0000e+00
-4.0838e-01  1.0919e+00  2.7512e-01 -4.8442e+00  7.9502e+00  1.3730e+01  1.6589e+01  1.0000e+00
-3.6876e-01  1.2611e+00  3.7650e-01 -1.1657e+01  1.1591e+01 -6.9890e+00  1.7863e+01  1.0000e+00
-2.0060e-02  7.8575e-01  4.0422e-01  2.8249e+00  8.1204e+00  1.5697e-01  8.5992e+00  1.0000e+00
-7.8030e+00  7.6742e+00 -6.5256e+00 -1.1977e+01  1.3223e+01 -9.9726e+00  2.0439e+01  1.0000e+00
-5.7742e-01  1.2892e+00  1.3719e-01 -1.8786e+01 -1.1129e+01 -5.2396e+00  2.2455e+01  1.0000e+00
-6.1405e+00  3.8987e+00 -1.5004e+01 -1.0303e+01  6.4718e+00 -2.4774e+01  2.7600e+01  1.0000e+00
-2.2069e+00  9.3815e+00  3.8513e+00 -5.4477e+00  1.3088e+01  4.1725e+00  1.4778e+01  1.0000e+00
-1.9283e+01 -4.2380e+00 -5.3613e+00 -3.3471e+01 -6.9048e+00 -8.4729e+00  3.5210e+01  1.0000e+00
 3.8595e-02  9.9957e-01  1.4774e-01  1.5415e+01  1.9902e+01 -1.7341e+01  3.0568e+01  1.0000e+00
-8.3784e-02 -2.3746e-01 -3.1680e+00 -2.3294e-01  6.6644e-01 -1.0343e+00  1.2523e+00  1.0000e+00
 3.1097e-01  1.1285e+00  1.8879e-01 -9.8499e+00  4.0524e-02  1.1779e+01  1.5354e+01  1.0000e+00
-4.5282e-01  1.0308e+00  1.1396e+00 -4.1556e+00  1.0738e+00 -1.4417e+01  1.5042e+01  1.0000e+00
-1.9001e-01  1.6959e+00  1.3922e+00  1.1937e-02  6.2904e+00 -2.0899e+00  6.6285e+00  1.0000e+00
-1.5925e-01  7.3899e-01  3.9779e-01  6.2428e-01  1.0832e+01 -6.1980e+00  1.2496e+01  1.0000e+00
-3.6460e-01  7.5252e-01 -2.9841e-01 -2.3225e+00 -6.6025e+00 -5.3015e+00  8.7803e+00  1.0000e+00
 2.9588e+00 -1.1935e+00 -9.9250e-02 -3.8124e-01  2.3204e+00 -4.8262e+00  5.3686e+00  1.0000e+00
 1.2092e+00  4.3322e+00 -9.9432e-01  4.7718e+00  1.2710e+01 -5.4346e+00  1.4624e+01  1.0000e+00
-8.8254e-02  1.6959e+00 -2.1420e-01  2.6315e+00 -4.7824e+00  6.3008e+00  8.3365e+00  1.0000e+00
-2.4892e+01  2.7477e+01 -1.6738e+01 -4.1945e+01  4.4208e+01 -2.6638e+01  6.6508e+01  1.0000e+00
 9.3611e-02  9.5360e-01 -9.2541e-01 -2.0439e+00  3.5221e+00  1.4323e+01  1.4891e+01  1.0000e+00
 1.4029e+00  2.4025e+00 -5.9616e-01 -8.2123e+00  1.4169e+00  2.8378e+00  8.8035e+00  1.0000e+00
-6.3791e+00 -2.7385e+00 -5.9889e+00 -1.9922e+01 -1.0870e+01 -2.0328e+01  3.0467e+01  1.0000e+00
-2.7771e-01  9.9254e-01  1.3926e-01 -3.3564e-01  2.3116e+01  4.9165e+00  2.3635e+01  1.0000e+00
-4.3784e-01 -1.3546e+01 -7.4103e+00 -6.0650e-01 -2.1998e+01 -1.2533e+01  2.5325e+01  1.0000e+00
-5.4503e-01  1.1072e+00  3.8855e-01  4.5453e+00 -4.5787e+00 -1.8255e+01  1.9362e+01  1.0000e+00
 8.1496e+00 -1.1925e+01 -1.1303e+01  1.2915e+01 -2.0682e+01 -1.9060e+01  3.0949e+01  1.0000e+00
-1.6032e-01  6.2038e-01  1.7434e-01  6.9387e+00 -1.8446e+00 -8.2382e+00  1.0928e+01  1.0000e+00
-1.3816e+01  4.0540e+00 -7.0664e+00 -9.1133e+01  2.1598e+01 -4.8452e+01  1.0545e+02  1.0000e+00
 9.4542e-01  8.6441e+00  3.5440e+00  2.5333e+00  1.2011e+01  4.0907e+00  1.2939e+01  1.0000e+00
 4.0424e+00 -8.2940e+00  1.3060e+01  7.0188e+00 -1.3591e+01  2.1756e+01  2.6595e+01  1.0000e+00
-2.2108e-01  7.9505e-01  2.9705e-01  2.0840e+01  6.0589e+00 -7.4515e+00  2.2946e+01  1.0000e+00
-1.2365e+01  7.2641e+00 -2.7721e+00 -4.2546e+01  2.3444e+01 -9.9601e+00  4.9588e+01  1.0000e+00
-7.0881e-02  8.0163e-01  3.5358e-01  1.2158e+01  1.0715e+00  7.9033e-01  1.2231e+01  1.0000e+00
-1.4351e-01  5.4815e-01 -1.6872e-01  2.0976e+00 -1.1159e+01 -1.2559e+01  1.6930e+01  1.0000e+00
-9.8616e+00 -3.3172e+00  5.9624e+00 -1.5315e+01 -5.2843e+00  8.5009e+00  1.8296e+01  1.0000e+00
 2.3312e-02  8.7982e-01 -1.8232e-01 -1.0699e+01  5.4185e+00  3.2070e+00  1.2414e+01  1.0000e+00
-4.6036e-01  1.9849e+00  3.9406e-01 -1.2499e+01  2.8735e+01  4.2435e+00  3.1621e+01  1.0000e+00
 1.5394e+01 -1.9782e+01 -1.5663e+00  2.6900e+01 -3.4150e+01 -2.7967e+00  4.3562e+01  1.0000e+00
-4.7667e-01  1.7297e+00  2.1999e-01 -8.8309e+00  1.9203e+01  4.0284e+00  2.1517e+01  1.0000e+00
 8.6965e-01 -1.0490e+00  8.4768e-01  1.3817e+00 -9.1692e+00  4.1976e+00  1.0179e+01  1.0000e+00
-6.8563e-01  9.5783e-01  1.1251e-01  7.2132e+00 -1.1187e+01  1.0703e+01  1.7080e+01  1.0000e+00
-2.3303e-01  2.2054e+00  3.0464e-01 -5.2309e+00  1.3276e+00  7.5279e-01  5.4490e+00  1.0000e+00
 8.5506e-01  2.0104e-02  6.6704e-01 -9.2345e+00  1.0648e+01  2.2841e+00  1.4278e+01  1.0000e+00
-1.9807e-01  7.4456e-01  5.1586e-01 -1.3566e+01 -8.9807e+00  1.5859e+01  2.2720e+01  1.0000e+00
-9.3818e-01  5.7627e-01  2.1081e-01 -1.6792e+01 -1.0420e+00 -7.5595e+00  1.8444e+01  1.0000e+00
-5.0838e+00 -1.7764e+00 -1.0970e+00 -6.5788e+00 -1.2965e+00 -7.7989e-01  6.7505e+00  1.0000e+00
-2.5640e-01  9.5531e-01 -5.7402e-01  2.2199e+00  4.4494e+00  4.5466e+00  6.7377e+00  1.0000e+00
-1.2911e-01  1.0674e+00  3.3820e-01 -7.2597e+00  1.7467e+01  7.2791e+00  2.0268e+01  1.0000e+00
-2.7910e-01  1.0777e+00  1.2032e-01  8.3436e+00  1.0769e+00  1.5933e+01  1.8018e+01  1.0000e+00
-5.6676e-01  6.2267e-01 -9.2396e-02  1.3034e+01  5.7517e+00  2.5429e+00  1.4472e+01  1.0000e+00
-1.9393e-01  9.7316e-01  2.6294e-01 -1.0161e+01 -2.2111e+01  2.4712e+00  2.4459e+01  1.0000e+00
-2.1742e-01  5.2450e-01 -1.8320e-01 -1.2122e+01  1.2504e+01  4.6130e+00  1.8016e+01  1.0000e+00
 6.3785e-01 -1.0839e+00 -3.5768e-01  2.2397e+01 -5.2243e+01 -1.3828e+01  5.8499e+01  1.0000e+00
-5.7128e-01  1.3519e+00 -2.0942e-03  2.4628e+00 -1.0069e+01 -1.9922e+00  1.0556e+01  1.0000e+00
-2.7681e+01  2.2459e+01  1.0387e+01 -8.1296e+01  6.5147e+01  3.0728e+01  1.0862e+02  1.0000e+00
 6.6029e-01  3.3186e-01  9.9338e-01  2.2153e+00  2.4740e+00 -7.2513e+00  7.9756e+00  1.0000e+00
 1.3343e-01  1.3787e+00  1.0259e+00  2.0209e+00  5.7706e+00  9.2124e+00  1.1057e+01  1.0000e+00
-9.6962e+01  3.3258e+00  8.7016e+01 -2.4181e+02  7.3671e+00  2.1773e+02  3.2547e+02  1.0000e+00
-1.9890e-01  7.5584e-01  4.7646e-01 -1.7941e+01  1.6781e+00  2.3793e+00  1.8176e+01  1.0000e+00
 1.0263e-01  7.8589e-01  6.6709e-01 -5.2338e+00  1.4703e+01 -1.5040e+01  2.1674e+01  1.0000e+00
-2.9457e-01  1.0394e+00  2.6229e-01  2.0849e+01 -2.5036e+00 -4.5758e+00  2.1492e+01  1.0000e+00
-3.0111e+00  4.5024e+00  1.1572e+01 -4.3274e+00  6.0679e+00  1.6188e+01  1.7821e+01  1.0000e+00
 5.3964e+00  2.1266e+00  1.3119e+00  3.5120e+00  2.8795e+00  1.7825e+00  4.8788e+00  1.0000e+00
 8.6074e+00 -4.9736e+00 -7.3881e+00  1.3358e+01 -8.1690e+00 -1.1271e+01  1.9293e+01  1.0000e+00
-2.5260e-01  1.0097e+00  3.4271e-01  2.4041e+01  3.1181e+00 -3.0290e+00  2.4430e+01  1.0000e+00
 1.2212e+01 -1.2444e+01 -1.8410e+01  2.1344e+01 -2.1487e+01 -3.1583e+01  4.3758e+01  1.0000e+00
-3.5040e-01  9.2118e-01  3.0315e-01  3.8053e+00  1.9291e+00  7.2898e-01  4.3281e+00  1.0000e+00
-1.7548e-01  1.0567e+00  1.7349e-01 -5.0807e-01 -1.5017e+01  1.0865e+00  1.5065e+01  1.0000e+00
 9.9298e-02  4.8132e-01 -8.2604e-02 -4.9554e-01 -3.6667e+00  9.4072e+00  1.0109e+01  1.0000e+00
-6.9514e+00 -1.0727e+01 -1.0287e+01 -2.5009e+01 -4.1684e+01 -3.8385e+01  6.1940e+01  1.0000e+00
 1.3167e-01 -2.0461e-01  8.2325e-01 -3.9957e-01  7.7099e+00  8.5697e-01  7.7677e+00  1.0000e+00
 2.0307e-01  1.0816e+00  1.3644e+00 -2.9835e+00 -1.2410e+00  7.1427e+00  7.8396e+00  1.0000e+00
-1.7741e-01  8.9812e-01  7.0003e-01  5.1587e+00 -4.6805e+00  2.0366e+00  7.2572e+00  1.0000e+00
-5.1856e-01  1.3751e+00  4.1677e-02 -9.2267e-02  1.2523e+01  6.5848e+00  1.4149e+01  1.0000e+00
 4.1823e-02  1.2107e+00 -2.9318e-01  3.0594e+00  1.1612e+01 -1.2540e+01  1.7363e+01  1.0000e+00
-1.2863e+00  2.1022e+00  2.4810e+00 -1.5990e+00  4.2437e+00  2.9970e+00  5.4358e+00  1.0000e+00
-3.1492e+00  4.6798e+00  1.3378e+01 -4.5072e+00  7.8899e+00  2.1377e+01  2.3228e+01  1.0000e+00
 2.5713e-01  1.2692e+00  7.4625e-01  8.4673e+00  1.5460e+01 -1.0925e+01  2.0738e+01  1.0000e+00
-4.7468e-01  8.2790e-01  5.6083e-01 -7.4486e+00  1.5546e+00  1.9779e+01  2.1192e+01  1.0000e+00
-3.3362e-02  8.5840e-01  3.3823e-01 -1.2797e+01  4.2438e+00 -1.5096e+01  2.0240e+01  1.0000e+00
 1.4154e-01  1.2995e+00  6.1349e-01 -8.7849e-01 -1.4224e+01 -1.8368e+01  2.3248e+01  1.0000e+00
 9.3465e+00 -2.3504e+01  4.1567e+01  1.5607e+01 -3.9385e+01  7.0865e+01  8.2563e+01  1.0000e+00
 1.7806e+01  3.3994e+00  1.6768e+01  3.0733e+01  5.8038e+00  2.9206e+01  4.2793e+01  1.0000e+00
-2.7480e+00  1.1468e+00 -5.7455e-01 -5.3955e+00  1.0548e+00 -2.7891e+00  6.1647e+00  1.0000e+00
-1.0693e+00  1.1420e+00  2.9952e-01 -6.6893e+00  2.2960e+00 -6.3034e+00  9.4737e+00  1.0000e+00
-1.8182e-01  9.3426e-01  1.2030e-01  3.8155e+00 -7.3224e+00 -1.0375e+01  1.3260e+01  1.0000e+00
-4.7156e+00  3.0607e+00  1.8668e+01 -8.0236e+00  5.5541e+00  3.1700e+01  3.3168e+01  1.0000e+00
-1.2335e+01 -2.4331e+00 -1.1782e+01 -2.0444e+01 -2.5171e+00 -1.8908e+01  2.7961e+01  1.0000e+00
 6.8701e-01  3.2487e-01 -2.9605e-01 -3.7653e+00  1.1501e+01  2.1484e+00  1.2291e+01  1.0000e+00
-6.5804e+00 -1.1116e+01 -9.3172e-01 -1.2158e+01 -2.2126e+01 -1.2952e+00  2.5279e+01  1.0000e+00
-1.5036e+00 -8.5963e-01  8.3435e-01  3.0321e+00  2.1613e+00 -3.9106e-01  3.7440e+00  1.0000e+00
-2.5955e-01  9.3807e-01  3.0149e-01  2.5278e-01  9.4494e+00 -1.6309e+00  9.5924e+00  1.0000e+00
-2.2911e+00 -1.1146e+00 -8.0409e-02 -1.7423e+00  1.3051e+00  7.6951e-01  2.3090e+00  1.0000e+00
 4.4484e-02  9.5134e-01  1.0004e-01 -3.1931e+00 -1.1100e-01 -4.8801e+00  5.8330e+00  1.0000e+00
-1.1820e-01  7.7916e-01  4.7352e-01  1.9513e+01  6.7063e+00  5.1908e+00  2.1276e+01  1.0000e+00
-6.4072e+00  2.0196e+01 -2.6117e+00 -1.0813e+01  3.4489e+01 -4.3397e+00  3.6404e+01  1.0000e+00
 3.6860e+00  1.2955e+00  3.8687e+00  1.8816e+00  4.0362e+00  5.0637e+00  6.7433e+00  1.0000e+00
-1.1657e+01 -2.5655e-01 -3.0108e+00 -1.7942e+01  3.9118e-01 -4.8058e+00  1.8578e+01  1.0000e+00
 1.3027e+00  1.6670e+00 -2.7268e+00  3.8988e+00  1.9925e+00 -2.7455e+00  5.1680e+00  1.0000e+00
-9.3625e+00 -3.6779e+00  6.4762e+00 -1.4226e+01 -4.6611e+00  1.0006e+01  1.8006e+01  1.0000e+00
 2.4639e-01  6.2464e-01  4.5237e-01 -3.0124e+00 -4.3512e+00 -4.6390e+00  7.0375e+00  1.0000e+00
 2.3649e+01  8.5389e+00  1.9816e+00  4.0780e+01  1.4961e+01  3.3385e+00  4.3566e+01  1.0000e+00
 8.5843e+00  1.1978e+01  1.5710e+00  1.4223e+01  1.9344e+01  3.0959e+00  2.4209e+01  1.0000e+00
-1.8470e+01 -1.1141e+01 -6.9205e+00 -3.1617e+01 -1.8455e+01 -1.1448e+01  3.8357e+01  1.0000e+00
 3.0380e-01  2.1883e+00  2.6119e-01  1.4418e+01  1.1064e+01 -8.8493e+00  2.0214e+01  1.0000e+00
-1.8173e+01 -4.5890e-01 -4.7550e+00 -3.0850e+01 -4.5446e-01 -8.1416e+00  3.1909e+01  1.0000e+00
-5.0622e-01  1.1158e+00 -7.6029e-02  6.7276e+00 -2.9410e+00  2.2502e+01  2.3669e+01  1.0000e+00
-2.8235e-01  1.2306e+00  2.9719e-01 -7.5410e+00 -3.0767e+00 -1.8697e-01  8.1466e+00  1.0000e+00
-3.7600e+00  1.4711e+01 -5.7003e+00 -5.7271e+00  2.4746e+01 -9.1964e+00  2.7014e+01  1.0000e+00
 2.1520e+01  1.7669e+01 -1.3532e+01  4.7225e+01  3.8214e+01 -2.9481e+01  6.7525e+01  1.0000e+00
-7.3764e-01  6.6633e-01 -5.1575e-01 -4.0420e+00 -5.6432e+00  5.3895e+00  8.7881e+00  1.0000e+00
-9.6918e-01  7.0845e-01 -2.6374e+00  2.1359e+00  3.6691e+00  4.0950e+00  5.8986e+00  1.0000e+00
-3.9659e-01  9.8306e-01 -1.8044e-01  8.0205e+00  1.7088e+01  1.1514e+01  2.2111e+01  1.0000e+00
 3.5710e+00 -2.9426e+00 -3.5558e-01  3.5604e+00 -1.2633e+00  3.9751e+00  5.4839e+00  1.0000e+00
 1.9230e+00 -1.4968e+00  7.7797e-01  5.6978e+00 -1.9542e+00  5.9350e-01  6.0528e+00  1.0000e+00
 1.9548e-01  7.2572e-01 -1.5834e-01  8.2924e-01 -1.3757e+01 -4.9248e+00  1.4635e+01  1.0000e+00
-1.4057e+01 -7.0692e+00 -2.4669e+01 -2.4851e+01 -1.2621e+01 -4.3916e+01  5.2014e+01  1.0000e+00
-2.5135e+01 -8.4017e+00 -8.3105e-01 -4.3822e+01 -1.4242e+01 -1.5503e+00  4.6104e+01  1.0000e+00
 2.9359e+00 -2.5847e+00 -3.9103e+00  4.6489e+00 -9.4459e-01 -2.7684e+00  5.4926e+00  1.0000e+00
 2.5427e+01  4.3653e+00 -2.6387e+00  4.4029e+01  7.9334e+00 -4.7121e+00  4.4986e+01  1.0000e+00
-2.6940e-01  7.5289e-01 -7.8288e-02  8.1430e+00 -7.8074e+00  7.6869e+00  1.3651e+01  1.0000e+00
-3.6637e-02  8.7398e-01  3.6717e-01  1.5487e+01  1.4226e+01  5.9064e+00  2.1843e+01  1.0000e+00
-2.5598e-01  1.2478e+00  2.7279e-01  3.1908e+00 -2.2944e+00  1.6663e+01  1.7120e+01  1.0000e+00
-1.0172e+00  1.1361e+00 -4.9787e-02 -2.3645e+01  5.6001e+00 -3.0245e+00  2.4487e+01  1.0000e+00
-1.9874e-01  9.0310e-01  4.8329e-01 -4.1154e+00 -1.4246e+01 -2.5571e+00  1.5047e+01  1.0000e+00
-1.2405e-01  9.6638e-01  1.4129e-01 -1.3606e+00 -2.6174e+01  1.6479e+01  3.0959e+01  1.0000e+00
-4.2748e-01  1.1707e+00  2.0212e-01  3.5076e+00  2.3895e+01  1.1111e+01  2.6584e+01  1.0000e+00
-1.0270e+01  8.7623e+00 -1.6528e+00 -1.6256e+01  1.3715e+01 -2.2377e+00  2.1387e+01  1.0000e+00
-2.2010e-01  1.6195e+00 -5.4571e-03 -5.9232e+00  7.8282e-01 -1.1005e+01  1.2522e+01  1.0000e+00
-1.0499e+01 -3.1424e+00 -1.0172e-01 -1.5467e+01 -4.6606e+00 -4.3154e-01  1.6160e+01  1.0000e+00
-8.2595e-03  5.2357e-01  1.2079e+00  4.2901e+00 -6.5751e-01  6.1026e+00  7.4886e+00  1.0000e+00
-6.7723e-01  1.3848e+00  2.0970e-01  4.5515e+00  6.4247e+00  4.3257e+00  8.9835e+00  1.0000e+00
-7.0459e-01  8.7955e-01  2.0378e-01 -2.4696e+00  6.0150e+00 -1.3728e+01  1.5190e+01  1.0000e+00
-1.2535e-01  7.7705e-01  5.6354e-01  1.2284e+01 -2.6471e+00 -1.9293e+01  2.3024e+01  1.0000e+00
 8.1206e+00 -2.0048e+01 -9.6623e+00  1.4058e+01 -3.4364e+01 -1.6613e+01  4.0676e+01  1.0000e+00
-1.8222e+01 -3.2759e+00  1.6412e+01 -3.1586e+01 -5.2911e+00  2.8428e+01  4.2824e+01  1.0000e+00
-1.0488e-01  8.6381e-01  1.8617e-01 -4.1907e+00  2.2342e+01  1.5465e+01  2.7494e+01  1.0000e+00
-2.4270e+00 -1.0810e+00 -3.6584e+00 -1.8038e+00  1.2270e+00 -6.6498e-01  2.2807e+00  1.0000e+00
 7.9841e-01  1.1322e-01  7.4973e-01 -1.1301e+01  9.2717e+00 -5.6643e+00  1.5677e+01  1.0000e+00
 3.3278e-01  9.5153e-01  5.5389e-01  1.4073e+01 -2.0184e+00  8.8863e+00  1.6766e+01  1.0000e+00
-1.6893e+00 -1.6206e+01 -1.1422e+01 -2.1467e+00 -2.7962e+01 -1.9949e+01  3.4416e+01  1.0000e+00
-2.7677e+00  4.7783e+00 -3.6270e+00 -2.8124e+00  4.8161e+00 -2.1017e+00  5.9600e+00  1.0000e+00
 8.9621e-02  1.1215e+00 -5.8885e-01 -8.8139e+00 -3.3879e+00  3.2182e+00  9.9759e+00  1.0000e+00
 7.7330e-02  1.1932e+00  5.7550e-01  5.9318e-01 -9.2086e-01  8.5169e+00  8.5871e+00  1.0000e+00
-1.1781e+00  5.2263e-01  5.7389e-01 -1.0195e+01 -1.2343e+00  3.7491e+00  1.0933e+01  1.0000e+00
-3.3967e+00  1.5039e+01 -6.3252e+00 -5.7528e+00  2.4359e+01 -9.8407e+00  2.6894e+01  1.0000e+00
 3.2446e-01  4.8011e-01 -8.7902e-01 -6.1789e-01 -1.1048e+00  1.2436e+00  1.7746e+00  1.0000e+00
 4.8389e-01  2.8083e+00  1.8562e+01  1.8416e+00  5.1259e+00  2.8437e+01  2.8953e+01  1.0000e+00
 2.1319e-01  3.7497e+00 -1.9971e+00  6.8113e-01  7.2304e+00 -5.9189e+00  9.3689e+00  1.0000e+00
 1.1599e-01  1.0762e+00  2.1794e-01  4.9203e+00  8.2624e+00  8.9915e+00  1.3165e+01  1.0000e+00
 5.5838e-01  3.4166e-01  2.9923e-02 -1.6926e+00  7.0635e+00  5.6493e+00  9.2018e+00  1.0000e+00
-1.6462e-01  9.7843e-01 -2.0482e-02  4.8604e+00 -1.4124e+01  5.6833e+00  1.5982e+01  1.0000e+00
 5.6250e+00  1.1557e+01  6.2039e+00  9.2745e+00  1.8795e+01  9.7441e+00  2.3113e+01  1.0000e+00
-1.1604e-01  8.8883e-01  3.4216e-01 -8.5086e+00 -1.4928e+00 -7.4031e+00  1.1377e+01  1.0000e+00
 1.0840e+00 -5.0172e-01  1.0585e+00  2.9158e+00 -6.9123e-01  1.4892e+00  3.3463e+00  1.0000e+00
-4.0891e-01  9.4872e-01 -3.1111e-02  6.4175e+00  1.1485e+00 -1.0442e+01  1.2310e+01  1.0000e+00
-3.1243e-01  1.5031e+00  2.4252e-01 -1.2460e+00 -1.0965e+01 -2.5643e+00  1.1329e+01  1.0000e+00
-8.2684e-01  5.2778e-01  2.5719e-01  8.4018e+00 -2.8164e+00  3.0000e-01  8.8663e+00  1.0000e+00
-5.7401e-01  1.0547e+00  4.1192e-01  5.0600e-01  3.8015e+00  3.7176e+00  5.3412e+00  1.0000e+00
 9.0260e+00 -6.6100e+00 -1.1201e+00  1.3708e+01 -9.7715e+00 -1.3632e+00  1.6889e+01  1.0000e+00
 1.8580e-01  1.3973e+00  6.5876e-01  4.9929e+00 -3.2703e+00  3.6818e+00  7.0129e+00  1.0000e+00
 1.6371e+01 -3.0609e+01  1.9547e+01  2.5239e+01 -5.0364e+01  3.2451e+01  6.5012e+01  1.0000e+00
-2.6148e-01  1.8838e+00  1.0183e+00 -2.7732e-01  1.6496e+01 -8.5546e+00  1.8584e+01  1.0000e+00
 1.6785e+00 -8.4936e+00 -2.4261e+01  2.7510e+00 -1.4602e+01 -4.1945e+01  4.4499e+01  1.0000e+00
-6.5339e+00 -9.5566e+00 -1.6427e+01 -1.1723e+01 -1.6220e+01 -2.8015e+01  3.4429e+01  1.0000e+00
-1.1818e+00 -1.7485e+01  1.8918e+00 -1.7625e+00 -2.9560e+01  3.1796e+00  2.9783e+01  1.0000e+00
-2.4235e+01 -1.2263e+01 -6.3400e+00 -4.2463e+01 -2.1131e+01 -1.1004e+01  4.8690e+01  1.0000e+00
-6.7607e-01  8.8552e-01  1.1590e-01  1.3058e+01 -1.0599e+01 -8.4182e+00  1.8807e+01  1.0000e+00
-1.9453e+01 -4.7931e+00 -3.6647e+00 -3.3442e+01 -8.1742e+00 -6.2482e+00  3.4989e+01  1.0000e+00
-1.3922e-01  9.8759e-01 -2.9129e-01  2.3350e-01  5.0825e-01  2.1858e+01  2.1865e+01  1.0000e+00
-3.0266e-01  5.6979e-01 -8.2685e-02 -8.8369e+00 -8.0300e+00  3.0733e+00  1.2330e+01  1.0000e+00
-3.0878e+00  6.1282e-02 -9.6217e+00 -5.0063e+00  7.6301e-01 -1.6719e+01  1.7469e+01  1.0000e+00
-4.6954e-01  1.7535e-01  1.6878e+00  6.9195e+00  1.5708e+00  5.2419e-01  7.1149e+00  1.0000e+00
-3.9741e-03  1.0773e+00  3.6242e-01  9.0474e+00  7.2269e+00 -3.1130e+00  1.1991e+01  1.0000e+00
