# limit = 20.572
#
# x           y           z           vx          vy          vz          s           m
-4.9475e-01 -1.8979e-01  6.6965e-01 -2.4777e+00  1.6892e+01  5.8071e+00  1.8034e+01  1.0000e+00
-1.4950e-01  7.6070e-01  6.2653e-01  1.4204e+00  1.1969e+01 -5.7563e-01  1.2067e+01  1.0000e+00
 2.0592e+01  9.0037e-01  4.0326e+00  3.4102e+01  2.0352e+00  6.6793e+00  3.4810e+01  1.0000e+00
-4.6556e-01  1.1348e+00  5.1470e-01  8.0848e+00  1.4330e-01 -1.7318e+01  1.9112e+01  1.0000e+00
-1.7430e+01  6.5869e+00  1.0472e+01 -2.9333e+01  1.0870e+01  1.7309e+01  3.5751e+01  1.0000e+00
 7.5752e+00 -2.3930e+00  2.1588e+01  1.2998e+01 -3.5872e+00  3.6253e+01  3.8679e+01  1.0000e+00
 1.1548e+00 -1.7577e+01 -1.2165e+01  1.4306e+00 -2.9349e+01 -2.0037e+01  3.5565e+01  1.0000e+00
-3.7656e-01  1.1683e+00  2.6805e-01 -2.4118e+01  1.6098e+01 -8.8298e-01  2.9010e+01  1.0000e+00
-2.7617e+01  2.0133e+01  6.2292e+01 -4.5547e+01  3.3390e+01  1.0464e+02  1.1890e+02  1.0000e+00
 3.9973e+01 -2.1349e+01  1.0382e+00  1.1449e+02 -6.2011e+01  3.0410e+00  1.3024e+02  1.0000e+00
 2.9224e+00  4.0335e+00  2.5438e+00  4.4669e-01  2.8903e+00  1.0001e+00  3.0909e+00  1.0000e+00
-1.0168e-01  7.7042e-01  3.0927e-01 -1.6661e+01  1.1603e+01 -1.0671e+01  2.2937e+01  1.0000e+00
-1.0722e+00  3.4886e+00  3.5202e-01  1.2998e+00  4.2026e+00  3.9681e+00  5.9243e+00  1.0000e+00
 5.3269e+00  1.4087e+00 -8.0714e-01  5.5710e+00  2.8459e+00  3.2179e-01  6.2641e+00  1.0000e+00
 1.6855e+00 -1.1977e+00  6.3264e-01  2.6845e+00 -2.9467e+00 -1.1282e+00  4.1428e+00  1.0000e+00
-7.2784e+00 -1.2904e+00 -5.4526e+00 -1.0121e+01 -3.1571e+00 -5.9110e+00  1.2138e+01  1.0000e+00
 1.2588e+01 -1.3157e+01 -1.5060e+01  2.1050e+01 -2.2093e+01 -2.5510e+01  3.9774e+01  1.0000e+00
-1.7411e-01  1.5409e+00  4.3026e-01  4.8067e+00 -2.2959e-01  3.6552e-01  4.8260e+00  1.0000e+00
-1.6555e-01  9.9863e-01  1.4098e-01  7.8871e+00 -5.4821e+00 -1.0585e+01  1.4294e+01  1.0000e+00
 4.3676e+01  3.5546e+01 -1.5418e+01  7.3441e+01  5.8889e+01 -2.5204e+01  9.7451e+01  1.0000e+00
-5.0490e-01  8.6580e-01  5.3358e-02  1.4891e+01 -7.2505e+00  1.8179e+01  2.4593e+01  1.0000e+00
 4.1507e-01  6.8085e-01  4.1304e-01 -6.6810e+00 -5.9222e+00 -4.0690e-01  8.9372e+00  1.0000e+00
-3.3311e+00 -3.9064e+00  6.4331e+00 -8.3161e+00 -1.1867e+01  1.6195e+01  2.1732e+01  1.0000e+00
-9.4132e+00  1.7805e+01 -1.8004e+01 -1.5936e+01  3.0522e+01 -3.0500e+01  4.5998e+01  1.0000e+00
-6.4741e-01  2.0199e+01 -8.9472e+00 -1.2326e+00  3.3825e+01 -1.4868e+01  3.6969e+01  1.0000e+00
-4.9348e+00  2.7927e+00 -7.7176e+00 -8.1202e+00  5.4496e+00 -1.0321e+01  1.4218e+01  1.0000e+00
 6.4590e+00 -1.5816e+01  3.0363e+00  1.0081e+01 -2.6343e+01  4.7867e+00  2.8609e+01  1.0000e+00
 4.2158e+01 -1.1012e+01 -4.0668e+01  7.5256e+01 -1.9839e+01 -7.2627e+01  1.0645e+02  1.0000e+00
 1.2183e+00 -2.4541e+01 -3.2372e+01  2.1755e+00 -4.2173e+01 -5.5605e+01  6.9823e+01  1.0000e+00
-3.1702e-01  1.1078e+00  2.7800e-01 -1.0091e+01  3.8646e+00  8.2770e+00  1.3612e+01  1.0000e+00
-1.1729e-01  7.4553e-01 -3.3194e-01 -7.4581e+00  8.8447e+00 -1.8121e+00  1.1711e+01  1.0000e+00
-2.0075e-01  1.1649e+00  2.6698e-01  9.0434e+00 -2.4735e-01 -6.8384e+00  1.1340e+01  1.0000e+00
-2.4090e-01  6.3591e-01 -2.6806e-01  6.7790e+00 -9.1585e+00 -1.3793e+00  1.1478e+01  1.0000e+00
-3.4173e-01  9.4302e-01  1.6807e-01  1.1992e+00 -3.2538e+00 -1.7182e+01  1.7528e+01  1.0000e+00
-1.2383e-01  7.9479e-01  3.9214e-01 -5.2653e+00  1.4098e+00  6.9316e+00  8.8181e+00  1.0000e+00
-4.6489e-01  1.0575e+00  5.0161e-01  1.0556e+01  1.5202e+01 -5.9175e+00  1.9431e+01  1.0000e+00
 1.2371e-01  2.6842e+00 -1.1223e+00  3.3897e+00 -1.8664e+00  1.7279e+00  4.2378e+00  1.0000e+00
-1.6928e+01  3.2423e+01 -4.0837e+01 -2.8530e+01  5.4675e+01 -6.7946e+01  9.1760e+01  1.0000e+00
-6.5266e-01  5.8793e-01  1.6909e-01  5.2045e+00  7.0159e+00 -8.9857e+00  1.2532e+01  1.0000e+00
 1.2249e+01 -2.7347e+00  1.0301e+01  1.9558e+01 -4.1121e+00  1.6566e+01  2.5959e+01  1.0000e+00
 6.7184e+00  6.2278e+00  8.3563e-01  8.4881e+00  8.3278e+00  2.0887e+00  1.2073e+01  1.0000e+00
 3.1033e+00  9.2311e-01 -6.5529e-01  1.0867e+00  1.1597e+00 -2.1823e+00  2.6997e+00  1.0000e+00
-3.2109e-01  6.6432e-01 -8.4019e-02  1.4667e+01  6.7296e-01 -1.2382e+01  1.9206e+01  1.0000e+00
 2.4730e+00 -7.2374e+00  2.3489e+01  4.3105e+00 -1.2016e+01  3.9643e+01  4.1647e+01  1.0000e+00
 2.2732e+01  1.0990e+01  1.8025e+00  3.8802e+01  1.8596e+01  3.1430e+00  4.3143e+01  1.0000e+00
 1.5484e+00 -1.4604e+01  2.4003e+00  3.2452e+00 -2.3715e+01  4.2064e+00  2.4302e+01  1.0000e+00
-2.0340e-01  9.2484e-01  5.9523e-02 -8.5914e+00  1.3587e+01  1.1439e+01  1.9730e+01  1.0000e+00
 2.6560e+00 -1.4044e+00  5.5994e-02 -8.6131e-02  5.1419e+00  2.4313e+00  5.6884e+00  1.0000e+00
 1.0059e+01 -3.9022e+00  4.5315e+00  1.4585e+01 -5.6629e+00  7.0886e+00  1.7177e+01  1.0000e+00
-4.1977e-01  1.1271e+00  4.7435e-01 -7.5766e+00 -1.7584e+00  6.7058e+00  1.0270e+01  1.0000e+00
-7.8600e-01  1.1471e+00  4.4191e-01 -1.5534e+01  6.7455e+00  7.2946e+00  1.8439e+01  1.0000e+00
-6.3843e-02  8.9914e-01 -1.4707e-01 -1.2730e+00 -1.2562e+00 -1.0080e+01  1.0238e+01  1.0000e+00
-3.0367e+00 -4.7863e+00  4.8226e+00 -3.3428e+00 -5.1451e+00  5.6651e+00  8.3510e+00  1.0000e+00
-2.9509e-01  5.2735e-01 -3.4507e-02  4.5732e+00  9.8623e+00  3.4263e+00  1.1398e+01  1.0000e+00
-4.7683e-02  3.0866e+00  2.8595e+00  2.3231e+00  1.4766e+01  1.6168e+01  2.2019e+01  1.0000e+00
-2.2597e-01  1.2460e+00  2.5039e-01  2.8039e+00  1.3034e+01 -1.5516e+01  2.0457e+01  1.0000e+00
-3.9676e-01  9.7744e-01  1.9206e-01 -5.3606e-01  3.0030e+00  1.0234e+01  1.0679e+01  1.0000e+00
 6.0184e-02  9.8608e-01  2.2122e-01  1.8558e+01 -3.4490e+00  1.8514e+00  1.8966e+01  1.0000e+00
-4.3979e-01  8.0800e-01  1.2164e-01  9.3609e+00  1.4685e+01 -6.9795e+00  1.8761e+01  1.0000e+00
 5.6653e+00 -3.0966e+00  1.6814e+01  9.0273e+00 -5.4141e+00  2.7792e+01  2.9718e+01  1.0000e+00
-2.6517e-01  1.3477e+00  3.5848e-01 -7.3763e+00  9.2801e+00  1.6157e+01  2.0039e+01  1.0000e+00
-3.1432e+00 -5.1307e+00  2.4788e+00 -7.4561e+00 -1.4975e+01  5.9549e+00  1.7756e+01  1.0000e+00
 1.0388e+01  1.0095e+00 -5.0126e+00  1.8267e+01  1.9851e+00 -8.7120e+00  2.0336e+01  1.0000e+00
-1.9656e-02  6.1550e-01  3.4313e-01 -1.6151e+01  1.6713e+01  3.8423e+00  2.3557e+01  1.0000e+00
-5.6576e-01  1.7289e+00  2.2336e-01 -6.2638e-01  2.2562e+01  1.6764e+00  2.2633e+01  1.0000e+00
 2.1534e-01  9.3312e-01 -1.9611e-01  1.8890e+00  1.0597e+01 -1.5433e+01  1.8816e+01  1.0000e+00
 1.8954e-02  8.0927e-01  1.7803e-01  5.2300e+00  1.0367e+01 -6.1058e-01  1.1628e+01  1.0000e+00
-2.2070e-01  9.3266e-01  3.6225e-01 -1.7444e+01  2.5111e+00  1.2130e+01  2.1394e+01  1.0000e+00
-1.8772e-01  8.4166e-01  1.8255e-01 -2.1729e+01 -5.9343e+00  1.1745e+01  2.5403e+01  1.0000e+00
-5.1436e-01  1.0005e+00  3.3433e-02  1.5921e+00  2.7416e+00 -5.6122e+00  6.4457e+00  1.0000e+00
 2.0225e+01  2.2549e+00  3.6855e+00  3.3937e+01  3.4117e+00  6.0669e+00  3.4643e+01  1.0000e+00
 5.6535e-02  1.0812e+00  4.2470e-02 -8.6996e+00 -2.3667e+00  8.9029e+00  1.2671e+01  1.0000e+00
-1.3244e-02  1.5350e+00 -1.2012e-01 -8.6055e-01  1.2303e+01 -7.5369e+00  1.4454e+01  1.0000e+00
 4.9486e-01  1.4483e+00  1.2903e+00  1.3852e+00  1.2937e+00  4.3328e+00  4.7292e+00  1.0000e+00
-2.9311e-01  1.2824e+00  2.5181e-01  1.4821e+01 -2.3676e+00  4.0811e+00  1.5554e+01  1.0000e+00
-3.6515e-01  1.3421e+00 -6.1034e-02 -4.4054e+00 -6.7821e+00  6.1600e+00  1.0166e+01  1.0000e+00
-2.9633e-01  1.0469e+00  2.8362e-01  7.2395e+00 -1.6218e+01  6.4667e+00  1.8901e+01  1.0000e+00
-2.0684e-01  1.1763e+00  3.4009e-02  1.1100e+01  7.6699e+00 -2.2674e+01  2.6384e+01  1.0000e+00
 2.4316e+01 -1.1650e+01 -2.8075e+00  4.1507e+01 -1.9506e+01 -4.6894e+00  4.6101e+01  1.0000e+00
-1.4254e+01 -8.7097e+00 -5.4998e+00 -2.3556e+01 -1.3913e+01 -8.7768e+00  2.8731e+01  1.0000e+00
-9.0270e-02  8.2787e-01  2.9033e-01 -2.2568e+01 -9.1593e+00  1.3213e+00  2.4392e+01  1.0000e+00
 1.4775e+01  3.4984e+00  9.5951e+00  3.2233e+01  6.9580e+00  2.0650e+01  3.8908e+01  1.0000e+00
-1.4383e+00  1.8282e+00 -7.5365e-02  3.2677e-03  6.3676e-02 -2.9006e+00  2.9013e+00  1.0000e+00
 4.9374e+00  4.3489e+00  6.3409e+00  5.8766e+00  6.2506e+00  8.0311e+00  1.1752e+01  1.0000e+00
-9.4488e-02  6.6876e-01  1.9724e-01  1.0743e+01 -8.7151e+00 -1.6735e+00  1.3934e+01  1.0000e+00
-4.5737e-01  1.7644e+00  3.0223e-02  1.2696e+00  1.5254e+01 -8.6529e-01  1.5331e+01  1.0000e+00
-1.4875e+00  1.4184e+00  8.7934e-01  8.0391e-01 -9.2709e-01 -2.1513e+00  2.4766e+00  1.0000e+00
 1.2460e+00 -5.2699e-01  1.5271e+00 -4.6760e+00  5.8640e+00 -5.2020e+00  9.1275e+00  1.0000e+00
 9.1201e+01  2.3143e+01 -8.8588e+01  2.2218e+02  5.5313e+01 -2.1506e+02  3.1413e+02  1.0000e+00
-7.4406e-01  1.0778e+00  1.8883e-01  4.5121e+00 -1.0321e+01  5.9750e+00  1.2751e+01  1.0000e+00
 1.7127e+00 -4.7939e-01  1.1872e+00 -5.0231e+00  4.1902e+00 -4.9629e+00  8.2110e+00  1.0000e+00
-6.2793e-01  9.7502e-01  1.1927e+00  4.5250e+00 -9.5574e+00 -6.3313e-01  1.0593e+01  1.0000e+00
-2.0119e+00  1.3009e+00  8.2614e-01  2.7895e+00 -5.4869e-01 -1.3944e+00  3.1665e+00  1.0000e+00
 2.0791e-01  7.2927e-01  4.6568e-01  3.1103e+00  1.6191e+01  7.4662e+00  1.8099e+01  1.0000e+00
 4.1280e+00 -1.4799e+00 -4.1702e-01  6.6679e+00 -2.1483e+00 -3.3464e-01  7.0135e+00  1.0000e+00
-3.8959e-02  5.4743e-01  4.9081e-01 -4.2481e+00  9.8586e+00 -5.0132e+00  1.1848e+01  1.0000e+00
 4.6706e+00  1.0112e+01  1.7308e+01  1.7334e+01  3.4062e+01  6.1327e+01  7.2261e+01  1.0000e+00
-7.8815e+00 -1.1528e+01 -1.2954e+01 -1.3024e+01 -1.8847e+01 -2.1310e+01  3.1288e+01  1.0000e+00
 1.7509e+00 -3.6239e+00 -1.5594e+01  2.7150e+00 -5.4530e+00 -2.3384e+01  2.4165e+01  1.0000e+00
 1.4209e+00  4.2843e+00 -2.0245e+00  3.1096e+00  1.4659e+00  8.3025e-01  3.5366e+00  1.0000e+00
-3.9178e-01  1.1642e+00  4.5902e-01  1.2997e+01 -1.6668e+00  1.3448e+01  1.8776e+01  1.0000e+00
-3.1109e-01  1.0543e+00  1.5756e-01  1.3344e+01  5.9029e+00 -5.0204e+00  1.5431e+01  1.0000e+00
-1.7390e+00  1.1551e+00 -2.5376e-01 -1.4596e+01  1.0019e+00 -6.4435e+00  1.5986e+01  1.0000e+00
 2.7787e-02  1.3629e+00  2.0944e-01  3.0956e+00 -1.7543e+01 -5.0156e+00  1.8507e+01  1.0000e+00
 1.9983e+01  7.6732e+00 -5.1219e-01  3.3356e+01  1.3227e+01 -8.9566e-01  3.5894e+01  1.0000e+00
 7.9699e-02  8.0225e-01  5.9046e-01  9.2022e+00  2.7194e+00 -5.7444e+00  1.1184e+01  1.0000e+00
 1.4846e+01  8.5427e-01  1.6655e+01  2.4803e+01  1.5473e+00  2.7810e+01  3.7296e+01  1.0000e+00
 8.2145e-01  5.4753e-01  5.8762e-01  6.3604e+00 -2.5265e+00  4.7411e+00  8.3256e+00  1.0000e+00
 5.5460e-01  9.9152e-01  1.8270e-02 -1.8602e+00 -1.3259e+01  1.3295e+00  1.3455e+01  1.0000e+00
-2.4262e+01  5.1391e+00  5.5380e+00 -4.1166e+01  9.0039e+00  9.4807e+00  4.3193e+01  1.0000e+00
-4.4820e-01  3.4734e-01  1.1430e+00  4.3715e+00 -5.6266e-01 -4.8691e+00  6.5677e+00  1.0000e+00
 5.0583e+00 -8.3438e+00  1.5105e+01  7.7957e+00 -1.3659e+01  2.4510e+01  2.9121e+01  1.0000e+00
 5.5898e+00 -5.8121e+00  1.2104e+01  8.6422e+00 -9.2418e+00  1.9295e+01  2.3074e+01  1.0000e+00
 9.9354e+00 -1.1902e+01 -4.6933e+00  1.6655e+01 -1.8959e+01 -6.9830e+00  2.6184e+01  1.0000e+00
 2.9422e+00 -1.1480e+00  9.2690e-01 -2.8139e+00  3.5708e+00  3.4967e-01  4.5597e+00  1.0000e+00
-2.2311e-01  9.1393e-01  4.8294e-02  8.3098e+00 -9.6710e+00 -2.5179e+01  2.8223e+01  1.0000e+00
 1.5198e-01  2.6950e+00  3.4599e-02  8.4822e-01  4.9760e+00 -5.5848e+00  7.5279e+00  1.0000e+00
-9.9598e-01  8.7085e-01 -9.7847e-01 -1.3970e+01 -3.7182e+00 -1.2114e+01  1.8861e+01  1.0000e+00
-3.1994e-01  1.0724e+00  1.5753e-01 -4.1913e+00  2.3436e+00 -7.7696e+00  9.1338e+00  1.0000e+00
-2.3549e-01  9.9608e-01  2.7498e-01  2.6730e+01 -1.5124e+01 -1.4408e+01  3.3924e+01  1.0000e+00
-4.1412e-01  1.0411e+00  4.5111e-02  1.4213e+01  6.7687e+00  8.7839e-02  1.5743e+01  1.0000e+00
-2.1020e-01  1.0527e+00  3.1856e-01  3.7683e+00 -1.5599e+01  8.9632e+00  1.8381e+01  1.0000e+00
-3.2030e+01  1.3280e+01  1.2158e+01 -5.4957e+01  2.2894e+01  2.1195e+01  6.3195e+01  1.0000e+00
-1.4023e-01  1.0186e+00  6.5977e-01 -3.8413e+00  2.2793e+00  1.8953e+00  4.8521e+00  1.0000e+00
 2.6102e-01  3.6672e-01  9.0180e-01  9.5297e-01  4.6892e-01  1.3129e+00  1.6887e+00  1.0000e+00
-4.8520e-02  7.7078e-01  2.4785e-01 -8.6183e+00  6.3316e+00 -1.2815e+01  1.6691e+01  1.0000e+00
 1.1747e+01 -1.0028e+01 -4.0148e+00  1.9209e+01 -1.6139e+01 -6.1078e+00  2.5822e+01  1.0000e+00
-4.7931e-01  7.7652e-01  1.0233e-01  1.0704e+00  8.0279e+00  4.5236e+00  9.2766e+00  1.0000e+00
 7.9219e+00 -6.8612e+00  1.7452e+01  1.2930e+01 -1.1098e+01  2.9279e+01  3.3876e+01  1.0000e+00
 1.2699e+01  2.1764e+00  1.3977e+01  4.3825e+01  5.3476e+00  4.6258e+01  6.3946e+01  1.0000e+00
-2.9643e+00 -3.2142e+00 -1.4411e+01 -5.1455e+00 -4.9033e+00 -2.3302e+01  2.4362e+01  1.0000e+00
 5.5792e-01  2.2198e-01  4.0225e-01 -1.5186e+01  1.0631e+01 -1.6004e+00  1.8606e+01  1.0000e+00
-4.7120e-01  9.0400e-01  5.7541e-01 -3.4393e+00 -1.4518e+00  7.3492e+00  8.2430e+00  1.0000e+00
-4.8370e-01  1.0498e+00  7.1012e-01 -1.4537e+01  2.6991e+00  2.6746e+00  1.5025e+01  1.0000e+00
 1.5366e+00  1.4498e+00 -8.1934e-01 -3.2753e+00  2.7342e+00  1.9905e+00  4.7080e+00  1.0000e+00
-4.7746e-01  1.4427e+00  1.3884e+00 -4.4901e+00  7.6573e+00 -4.3044e+00  9.8652e+00  1.0000e+00
 2.0338e-01  4.0053e-01  2.9648e-02 -1.3629e+01  5.2579e+00  4.5547e+00  1.5302e+01  1.0000e+00
-1.5533e-01  1.1921e+00  8.7095e-02  1.2469e+01 -5.9163e+00  1.1610e+01  1.8035e+01  1.0000e+00
 2.1095e+00 -6.1701e-01  1.3282e+00 -5.7097e+00  5.8221e+00 -7.2253e-01  8.1865e+00  1.0000e+00
-2.4422e+00 -6.8326e+00  1.5667e+01 -3.9695e+00 -1.1512e+01  2.5759e+01  2.8492e+01  1.0000e+00
 2.3552e-01  1.3343e+00  5.5125e-01 -5.8974e+00 -9.2092e+00  2.0827e+00  1.1132e+01  1.0000e+00
-1.3432e-01  1.3033e+00  6.1269e-01  6.3767e-01  5.8055e+00 -1.8988e+00  6.1413e+00  1.0000e+00
-2.1665e+01  4.4075e+00 -6.0955e+00 -3.5494e+01  8.5153e+00 -9.3960e+00  3.7691e+01  1.0000e+00
-1.4313e-01  8.1614e-01  1.9346e-01 -1.0096e+00  8.2560e+00  4.6031e+00  9.5063e+00  1.0000e+00
 1.9999e-01  2.8569e-01 -1.5389e-01 -7.2101e-01  9.6427e+00  1.2609e+00  9.7515e+00  1.0000e+00
-2.3073e-01  1.2350e+00  3.2782e-01  3.0143e+00  3.2810e+00 -1.5109e+01  1.5752e+01  1.0000e+00
-8.4964e+00 -2.8019e+01 -3.1908e+01 -1.4932e+01 -4.4720e+01 -5.2220e+01  7.0355e+01  1.0000e+00
 2.0955e+01 -1.8495e+01  5.2214e+00  3.5485e+01 -3.1204e+01  8.7452e+00  4.8056e+01  1.0000e+00
-1.8334e-01  9.3896e-01  3.7405e-01 -2.8165e+01  1.1884e+01  5.0786e+00  3.0988e+01  1.0000e+00
-2.3455e+00  1.8898e+00  1.3967e+00 -1.1479e+01  6.0673e+00  3.3000e+00  1.3397e+01  1.0000e+00
-1.7343e-01  8.1377e-01  2.5748e-01 -9.3674e+00 -3.0039e+00  1.8260e+00  1.0005e+01  1.0000e+00
-1.1616e+00  1.1714e+00  6.5227e-01 -1.4422e+01  1.7975e+00  1.5311e+00  1.4614e+01  1.0000e+00
 8.3205e-02  8.9312e-01  7.5145e-01 -5.2486e+00  4.4572e-01 -1.1577e+01  1.2719e+01  1.0000e+00
 3.2783e-02  1.0894e+00  1.8131e-01  1.2780e+01 -7.7186e+00  5.0074e+00  1.5747e+01  1.0000e+00
-1.1455e+01  1.7878e+01 -9.5484e+00 -1.9219e+01  3.0408e+01 -1.5883e+01  3.9322e+01  1.0000e+00
-2.2005e+00  1.2218e+00  2.1974e+00 -4.0859e+00  2.6017e+00  1.0605e+01  1.1658e+01  1.0000e+00
-7.9400e-01  9.5304e-01  1.2209e+00 -1.1239e+00  7.5654e-01  1.6548e+01  1.6603e+01  1.0000e+00
-6.1907e-01  8.3567e-01  5.0944e-01  2.7926e+00  1.0154e+01 -7.6415e+00  1.3011e+01  1.0000e+00
-2.9941e-01  1.0981e+00 -1.9698e-02 -1.3908e+00 -1.5163e+01  2.2046e+01  2.6793e+01  1.0000e+00
-5.2328e-01  1.6849e+00 -1.2591e-01 -5.4108e+00 -5.2255e+00 -3.3458e+00  8.2327e+00  1.0000e+00
-2.8642e-01  1.0012e+00  4.2420e-01  1.6362e+01 -9.1009e+00  9.0172e+00  2.0781e+01  1.0000e+00
-1.4123e-01  1.1632e+00 -9.9917e-02  4.3030e+00  6.4835e-01  7.9186e-01  4.4230e+00  1.0000e+00
 1.0846e-02  9.8791e-01  8.5045e-02  2.6259e+01 -5.6315e+00 -5.8523e+00  2.7487e+01  1.0000e+00
-3.7690e-01  1.2124e+00  1.0281e-01 -1.4203e+01  1.4410e+01 -1.5906e+00  2.0295e+01  1.0000e+00
-1.1668e-01  1.0816e+00  2.0466e-01 -4.0748e+00  2.9004e+01 -2.1212e-01  2.9290e+01  1.0000e+00
 5.2588e+00 -8.5875e+00  1.4926e+01  8.6546e+00 -1.3244e+01  2.4823e+01  2.9436e+01  1.0000e+00
 1.4572e-01  1.0303e-01  2.8906e-01  2.5172e+00 -3.5730e+00  2.8117e+00  5.1969e+00  1.0000e+00
 4.0826e+01 -2.7946e+01 -5.7014e+01  6.9252e+01 -4.7253e+01 -9.5417e+01  1.2702e+02  1.0000e+00
 5.9689e-02  2.9523e+00 -1.1083e-01  2.4435e+00  2.1771e+01 -8.2240e+00  2.3400e+01  1.0000e+00
-1.5075e+00  3.1849e+00  1.9427e+00  1.3768e+00 -6.0762e-02 -4.0010e+00  4.2317e+00  1.0000e+00
 1.0546e+01 -3.0491e+00 -2.3170e+00  1.6783e+01 -3.7953e+00 -2.8377e+00  1.7440e+01  1.0000e+00
-1.3573e-02  1.1208e+00  4.0254e-01 -6.0757e+00  1.0615e+01  8.5714e+00  1.4935e+01  1.0000e+00
 2.1537e-01 -8.5917e-01  1.3307e+00  2.5959e+00  5.6590e+00 -4.5062e+00  7.6856e+00  1.0000e+00
 1.2411e-01  1.0327e+00  1.8450e-01 -5.7761e+00  1.8409e+01  4.6137e+00  1.9838e+01  1.0000e+00
-2.8380e-01  1.5714e+00  5.2443e-02  9.4645e-01 -2.7547e+00  6.9704e-03  2.9128e+00  1.0000e+00
-1.4318e-01  1.2095e+00  3.2350e-02  1.5891e+00 -1.4565e+01  6.2686e+00  1.5936e+01  1.0000e+00
-2.3075e-01  4.4992e-01 -1.9900e-01 -3.4767e+00 -1.5276e+00  2.5507e+00  4.5746e+00  1.0000e+00
-5.5364e-01  8.7370e-01  6.9194e-02 -1.7406e+01 -2.8600e-01 -1.8416e+01  2.5342e+01  1.0000e+00
-9.2281e-01  2.3523e-01 -4.5696e-01 -8.1078e+00 -1.1204e+00  1.8393e-01  8.1869e+00  1.0000e+00
 1.0078e+00 -8.1025e+00  1.4350e+01  1.7117e+00 -1.3134e+01  2.3175e+01  2.6693e+01  1.0000e+00
-2.5422e+01  1.9682e+01 -1.6190e+01 -5.8207e+01  4.4392e+01 -3.7328e+01  8.2171e+01  1.0000e+00
-2.0402e+00  1.1914e+00  3.7995e-04 -6.9545e+00  1.2463e+00  3.5805e+00  7.9207e+00  1.0000e+00
-1.1038e+00  2.6426e+00  5.1035e-01  1.1472e+00  1.0220e+00  1.5823e+00  2.2055e+00  1.0000e+00
-3.8775e-01  9.4187e-01  4.6425e-01  2.0726e+01  1.0931e+01 -7.5287e+00  2.4612e+01  1.0000e+00
 2.2405e-01  5.9017e-01  1.1311e+00  5.7842e+00  4.4144e+00  2.5072e+00  7.6961e+00  1.0000e+00
 2.2564e-01  8.6576e-01  2.3998e-01  1.9489e+01 -1.2769e+00  3.0439e+00  1.9767e+01  1.0000e+00
-4.7652e-01  5.1006e-01 -2.5191e-01  3.6592e+00 -6.0915e+00 -9.5333e+00  1.1890e+01  1.0000e+00
-1.3760e+01  1.1596e+01 -3.8460e+00 -2.2372e+01  1.8922e+01 -6.2065e+00  2.9951e+01  1.0000e+00
 8.2792e+00 -6.4834e+00 -2.5337e+01  1.4119e+01 -1.1164e+01 -4.3244e+01  4.6841e+01  1.0000e+00
-3.4962e-01  4.1368e-01  3.3329e-01  1.1426e+01  1.4745e+01  2.8707e+00  1.8874e+01  1.0000e+00
-6.8346e-01 -1.6328e+01 -1.1702e+01 -9.2700e-01 -2.7139e+01 -1.9286e+01  3.3306e+01  1.0000e+00
-6.1071e+00  5.7560e+00 -2.3953e+01 -1.0566e+01  9.9964e+00 -4.0596e+01  4.3123e+01  1.0000e+00
 2.8914e+00 -1.4344e+01  1.3630e-01  4.5695e+00 -2.3269e+01  3.3142e-01  2.3716e+01  1.0000e+00
-2.4193e+00  6.1951e-01  6.2840e-01 -2.7717e+00  3.3988e+00  9.8932e-01  4.4959e+00  1.0000e+00
-2.7859e+00 -3.5977e+00 -1.5529e+01 -4.5995e+00 -6.1548e+00 -2.4605e+01  2.5776e+01  1.0000e+00
 1.6206e+00  3.9150e+00  3.5756e+00  2.8550e+00  5.4686e+00  5.2152e+00  8.0780e+00  1.0000e+00
-4.8149e-01  1.0216e+00  1.8708e-01  2.1240e+00 -3.7084e+00  3.7362e+00  5.6765e+00  1.0000e+00
 9.0993e+00  5.6011e+00  1.2630e+01  1.8233e+01  9.9570e+00  2.4750e+01  3.2313e+01  1.0000e+00
 2.6333e-01  8.0905e-01  9.8766e-01 -2.6335e+00  1.5198e+00 -3.6973e+00  4.7870e+00  1.0000e+00
 9.5965e+00 -1.1964e+01 -4.6279e+00  1.5124e+01 -1.9154e+01 -7.9421e+00  2.5665e+01  1.0000e+00
-6.5566e-01  1.4733e+00 -1.1909e-01  2.0478e+00  1.3478e+00  1.8497e-01  2.4584e+00  1.0000e+00
 2.8753e-02  1.2130e+00  5.3336e-01  1.0830e+00 -1.6059e+01 -4.2201e+00  1.6639e+01  1.0000e+00
-1.6680e+01 -7.5091e+00 -5.2365e+00 -2.7524e+01 -1.2306e+01 -8.4772e+00  3.1319e+01  1.0000e+00
 8.4633e+00  4.5811e+00  8.3502e+00  1.2670e+01  7.6251e+00  1.3585e+01  2.0081e+01  1.0000e+00
-6.2899e-01  8.8262e-01  2.5559e-01 -1.9474e+00  9.8331e-01 -5.9109e+00  6.3006e+00  1.0000e+00
 6.6890e+00 -2.1846e+01 -1.7254e+00  1.1485e+01 -3.6885e+01 -2.9295e+00  3.8743e+01  1.0000e+00
 1.3683e+01 -3.6124e+00  1.0767e+01  8.4760e+01 -2.7182e+01  6.4887e+01  1.1015e+02  1.0000e+00
-3.1889e+01 -3.0482e+00  4.7084e+01 -5.6974e+01 -5.5829e+00  8.4052e+01  1.0170e+02  1.0000e+00
 1.2768e+01 -2.2090e+01 -1.7936e+01  2.2041e+01 -3.7756e+01 -3.0757e+01  5.3453e+01  1.0000e+00
-5.3536e-01  1.2639e+00  4.9788e-01 -7.3003e+00  1.7996e+01  2.3740e+00  1.9565e+01  1.0000e+00
-1.6269e+00  4.4530e+00  1.1289e+00 -1.6860e+00  1.0187e+01  2.1237e+00  1.0542e+01  1.0000e+00
-1.3771e-01  8.7691e-01 -3.8085e-01  5.6222e+00  1.2427e+01 -1.0375e+01  1.7136e+01  1.0000e+00
-7.1340e+00 -1.4905e+00 -5.3321e+00 -1.0143e+01 -4.8160e-01 -7.6567e+00  1.2718e+01  1.0000e+00
-1.0697e+00  5.5368e-01  7.0168e-01 -9.3055e+00 -3.5908e+00  8.2206e+00  1.2925e+01  1.0000e+00
-2.7118e-01  1.2512e+00  3.6946e-01  9.6927e+00  1.6194e+01 -1.7816e+01  2.5954e+01  1.0000e+00
-1.3745e-01 -1.6385e+01 -1.1626e+01 -3.0929e-01 -2.6768e+01 -1.9199e+01  3.2942e+01  1.0000e+00
-5.2058e-01 -2.6339e+00  3.0347e-01 -2.5060e+00 -3.9031e+01 -2.6538e+00  3.9202e+01  1.0000e+00
-3.0425e-01  1.1794e+00  1.5127e-01 -1.5327e+01  1.2321e+01 -1.3567e+01  2.3891e+01  1.0000e+00
-2.7624e-01  1.4721e+00  6.3039e-01  5.5074e+00 -4.1374e+00  6.4518e+00  9.4380e+00  1.0000e+00
 6.3622e-01  8.1174e-01 -5.5665e-03  3.6876e+00 -2.7075e+00  2.4836e+00  5.2055e+00  1.0000e+00
-2.0198e-01  6.9126e-01  2.0349e-01  6.3481e+00  2.0933e+00  3.5864e-01  6.6939e+00  1.0000e+00
-3.1551e+01 -3.7723e+01  1.7604e+01 -5.1371e+01 -6.2604e+01  2.9549e+01  8.6205e+01  1.0000e+00
-3.4965e-01  9.1574e-01  1.8348e-01 -4.4543e+00  1.2053e+01 -1.8522e+01  2.2542e+01  1.0000e+00
-2.7433e+00  4.8482e+00 -2.0476e+00 -4.0718e+00  7.9608e+00 -2.4020e+00  9.2587e+00  1.0000e+00
-1.6845e-01  9.7385e-01  2.6557e-01  2.5683e+01  3.0272e+00  1.0655e+01  2.7970e+01  1.0000e+00
-6.1896e-01  8.5197e-01  1.3057e-01 -4.9156e+00  1.2464e+01 -3.7863e+00  1.3923e+01  1.0000e+00
 3.6583e-01  1.0372e+00 -1.4468e-01 -3.3390e+00 -3.0570e+00  1.4878e+01  1.5551e+01  1.0000e+00
-5.6239e-01  7.9615e-01  2.5581e-01  5.5458e+00  2.1797e+01  1.0491e+01  2.4818e+01  1.0000e+00
-4.6796e-01  1.1418e+00  5.2770e-01 -3.8542e+00 -1.7206e+01  3.3033e+00  1.7939e+01  1.0000e+00
-1.0701e-01 -1.4378e+01  6.8772e+00 -1.9065e-01 -2.3456e+01  1.0986e+01  2.5902e+01  1.0000e+00
-1.8652e+01 -1.1165e+01 -6.6977e+00 -3.2080e+01 -1.8955e+01 -1.1706e+01  3.9057e+01  1.0000e+00
 1.6184e-01  1.1065e+00  2.5549e-01  1.3860e+01 -2.1810e+01 -3.6111e+00  2.6093e+01  1.0000e+00
-6.6932e-01  8.5349e-01  8.8664e-01 -6.2034e+00 -3.6007e+00  6.8019e+00  9.8850e+00  1.0000e+00
 2.3966e+01 -8.5886e+00 -1.4210e+00  4.0725e+01 -1.4513e+01 -2.2793e+00  4.3294e+01  1.0000e+00
-2.5192e-01  1.0250e+00 -8.8748e-01 -1.2278e+01  6.2220e+00 -1.6813e+00  1.3867e+01  1.0000e+00
 2.3650e+02 -2.9275e+02  1.9187e+02  3.8386e+02 -4.7418e+02  3.0947e+02  6.8408e+02  1.0000e+00
-4.3970e-02  5.8269e-01  3.2841e-01 -2.7563e+00 -1.1753e+01  1.1033e+01  1.6354e+01  1.0000e+00
-1.3065e-01  9.8769e-01 -3.7559e-01 -1.0459e+01  8.9677e+00  1.2407e+01  1.8541e+01  1.0000e+00
 2.0847e-01  7.3285e-01 -1.3737e-01  3.1048e+00 -1.4511e+00 -9.6707e+00  1.0260e+01  1.0000e+00
 1.3228e+01  1.0690e+01  1.0059e+00  2.1416e+01  1.7142e+01  1.8769e+00  2.7496e+01  1.0000e+00
-1.0613e+01 -2.7565e+00  5.6803e+00 -1.8867e+01 -4.6235e+00  1.0870e+01  2.2260e+01  1.0000e+00
 3.2639e+00 -1.7973e+01  9.2060e-01  5.2661e+00 -2.9471e+01  1.2273e+00  2.9963e+01  1.0000e+00
-2.8416e-01  4.9081e-01  3.1708e-01 -9.2636e+00 -1.2148e+01 -7.9361e+00  1.7215e+01  1.0000e+00
 8.6962e-01  8.3270e+00 -1.2878e+01  1.2644e+00  1.3256e+01 -2.0769e+01  2.4672e+01  1.0000e+00
-3.5099e+01  1.1814e+01  1.2833e+01 -6.8531e+01  2.3111e+01  2.4983e+01  7.6516e+01  1.0000e+00
-1.7605e-01  1.0091e+00  2.8068e-01  7.1909e+00 -1.2482e+01  4.4430e+00  1.5075e+01  1.0000e+00
-6.2369e-01  6.7179e-01  4.4151e-01 -4.6647e+00 -1.3733e+01 -1.4189e+00  1.4573e+01  1.0000e+00
-2.6847e-01  1.9162e-01  1.3608e-01 -7.9605e-03 -6.6788e+00  4.3870e-01  6.6932e+00  1.0000e+00
 1.6068e+00  1.8236e-01 -3.2278e-01 -5.1470e+00  1.5517e+00  3.5043e+00  6.4171e+00  1.0000e+00
 1.7931e+00 -1.8469e+01  1.4672e+01  2.9634e+00 -3.1189e+01  2.4808e+01  3.9963e+01  1.0000e+00
 1.0187e+01 -1.9005e+01  7.6158e+00  2.3479e+01 -4.4085e+01  1.7194e+01  5.2824e+01  1.0000e+00
-9.0107e-01  1.0739e+01  1.6864e+00 -3.2572e+00  1.5585e+01  3.0176e+00  1.6205e+01  1.0000e+00
 1.0713e-01  1.4607e+00  9.7482e-01  3.6778e+00 -6.3216e-01  3.2897e+00  4.9748e+00  1.0000e+00
 6.6725e-01 -3.9646e-02  4.8971e-01 -1.2204e+01  1.0956e+01 -2.4859e+00  1.6588e+01  1.0000e+00
 1.7641e-02  1.0538e+00  3.9502e-01  2.1977e+00 -1.0963e+01  1.4231e+00  1.1271e+01  1.0000e+00
 9.5198e+00 -3.0972e+00  5.1397e+00  1.4630e+01 -3.7641e+00  7.3889e+00  1.6816e+01  1.0000e+00
-5.1790e-01  1.0478e+00  5.8145e-01  2.6586e-01  8.4601e+00  2.3321e+01  2.4809e+01  1.0000e+00
-1.6446e-01  7.2524e-01 -2.2727e-01  2.3487e+00 -6.3002e+00 -1.4434e+01  1.5923e+01  1.0000e+00
-4.0232e-02  1.1089e+00  2.0875e-01 -1.7884e+01  5.0756e+00 -5.4840e+00  1.9382e+01  1.0000e+00
-3.9388e+00 -3.3717e+00 -1.9908e+01 -6.3869e+00 -5.4239e+00 -3.3096e+01  3.4140e+01  1.0000e+00
-1.4582e+00 -5.7543e-01  4.1455e+00 -2.5479e-01  9.9151e-01  2.5225e+00  2.7223e+00  1.0000e+00
 2.4308e+01 -5.4212e-01 -5.2645e+00  4.1264e+01 -7.3697e-01 -8.5847e+00  4.2154e+01  1.0000e+00
-5.6195e-01 -6.2445e-02  1.0390e-01  6.8459e-01 -7.9924e+00  2.7549e+00  8.4816e+00  1.0000e+00
 8.4740e+00 -1.3806e+00  2.2212e+01  1.4428e+01 -2.8093e+00  3.7800e+01  4.0558e+01  1.0000e+00
-8.9490e-01  1.2101e+00 -1.3684e+00 -2.3910e+00  3.2658e+00 -1.9272e+00  4.4829e+00  1.0000e+00
 1.5875e-02  4.0985e-01  1.3256e+00 -1.1411e+01 -4.0022e+00 -4.7992e+00  1.3010e+01  1.0000e+00
-9.5901e+00  1.6311e+00  1.5607e+01 -1.5507e+01  2.6744e+00  2.5710e+01  3.0143e+01  1.0000e+00
-1.6403e+00  7.6964e+00 -3.0190e-01 -3.8892e+00  7.5575e+00 -8.6495e-01  8.5434e+00  1.0000e+00
-1.6243e-01  1.3758e+00  3.2231e-01 -1.3673e+01  4.2144e+00  1.1298e+00  1.4352e+01  1.0000e+00
 8.6504e-01  3.8215e+01  2.4869e+01  2.8082e-01  6.3468e+01  4.0471e+01  7.5274e+01  1.0000e+00
-5.5143e+00  4.8889e+00 -1.8400e+00 -6.1396e+00  5.4777e+00 -7.4315e-01  8.2615e+00  1.0000e+00
 2.7718e-01  1.4342e+00 -1.8224e-01 -1.7321e+01 -1.4603e+00  2.9875e+00  1.7637e+01  1.0000e+00
 2.1945e-01  9.9410e-01  1.6299e-01 -1.1009e+01 -1.6724e-01  3.3569e+00  1.1511e+01  1.0000e+00
-1.2071e-01  8.0516e-01  4.1027e-01  1.3285e+01 -1.4675e+01  8.4166e+00  2.1510e+01  1.0000e+00
-2.2240e-01  1.0735e+00  3.1536e-01 -9.6793e+00  2.5040e+01  1.2520e+01  2.9622e+01  1.0000e+00
-3.0169e-01  9.3678e-01  3.0508e-01  1.4240e+01  1.9819e+00  7.5844e+00  1.6255e+01  1.0000e+00
-3.0569e+00  2.1397e-01  4.4109e+00 -7.3338e-01  1.4082e+00  2.3826e+00  2.8632e+00  1.0000e+00
 2.2134e-01  6.6062e-01  2.8533e-01  7.3585e+00 -6.2150e+00  2.4106e+00  9.9290e+00  1.0000e+00
-1.3180e+01  1.1042e+01  3.8120e+00 -2.7025e+01  2.2566e+01  7.2020e+00  3.5936e+01  1.0000e+00
 6.8085e-02  1.5650e+00  9.1294e-02 -9.5097e+00  1.1757e+01  1.0243e+00  1.5156e+01  1.0000e+00
-2.7515e-01  8.3562e-01  2.0812e-01  2.9293e+00 -5.3755e+00  1.2199e+01  1.3649e+01  1.0000e+00
-3.1479e-01  1.0041e+00  3.8833e-01 -1.0413e+01 -6.7803e+00 -8.8267e+00  1.5242e+01  1.0000e+00
-3.4592e-01  6.7333e-01  1.1651e-01  1.7586e+01  1.3157e+01 -3.2865e+00  2.2207e+01  1.0000e+00
 8.0052e+00 -1.3496e+01 -6.7510e+00  1.3169e+01 -2.1566e+01 -1.1054e+01  2.7581e+01  1.0000e+00
 3.8571e-01 -3.6640e-01  3.1144e-01 -3.7979e+00  3.8954e+00  2.8225e+00  6.1290e+00  1.0000e+00
 1.0468e+01  2.8922e+00 -2.3450e+01  1.7796e+01  5.2425e+00 -3.8069e+01  4.2349e+01  1.0000e+00
-1.6912e+00  9.1698e+00 -5.7777e+00 -2.5203e+00  1.3428e+01 -7.4488e+00  1.5561e+01  1.0000e+00
-2.0916e+01 -7.3491e+00  4.9732e+00 -3.5518e+01 -1.2126e+01  8.3988e+00  3.8460e+01  1.0000e+00
 2.6214e+01 -2.5264e+00 -1.0745e+01  4.5067e+01 -4.2914e+00 -1.8284e+01  4.8824e+01  1.0000e+00
 1.0162e+01 -5.6155e+01  3.4827e+01  1.7616e+01 -9.7711e+01  6.0738e+01  1.1639e+02  1.0000e+00
-2.3328e-01  1.0101e+00  2.8704e-01 -1.9974e+01  5.9498e+00  1.4098e+01  2.5162e+01  1.0000e+00
-2.0883e-01  8.9005e-01  4.8361e-01  1.5502e+01 -8.7123e+00  1.0674e+01  2.0740e+01  1.0000e+00
-9.6747e-02  1.0923e+00  1.4628e-01 -7.6488e+00 -2.5056e+00 -1.3243e+00  8.1569e+00  1.0000e+00
 8.6476e-01  1.5052e+00  1.5496e-01 -4.1612e+00 -9.2661e-02  9.5147e-01  4.2696e+00  1.0000e+00
-1.2757e+01 -6.3119e+00 -6.5282e+00 -2.0897e+01 -9.5604e+00 -1.0676e+01  2.5339e+01  1.0000e+00
-4.3074e-01  1.0837e+00 -3.0111e-02 -6.7064e+00 -1.5851e+01  1.4571e+01  2.2551e+01  1.0000e+00
-2.4494e-01  9.8499e-01  7.8420e-01 -1.6691e+01 -1.3237e+01  4.4621e+00  2.1765e+01  1.0000e+00
-1.6401e-01  1.0401e+00  5.1215e-01 -4.6020e+00  2.7127e+01 -1.6312e+00  2.7563e+01  1.0000e+00
-2.5274e-01  1.1803e+00  1.9684e-01  3.5892e+00 -1.2445e+01  5.9107e+00  1.4237e+01  1.0000e+00
 2.9597e+00 -2.8132e+00 -3.4833e+00  2.3187e+00 -7.7626e-01 -2.4952e+00  3.4935e+00  1.0000e+00
-9.9700e-01  9.8810e-01  2.9073e-01 -7.6936e-02 -3.8794e-01 -2.1249e+00  2.1614e+00  1.0000e+00
-3.1740e-01  8.8166e-01  6.1982e-02 -9.5567e+00 -1.1467e+01 -7.7387e+00  1.6814e+01  1.0000e+00
 8.6765e+00 -1.0472e+01 -1.2802e+01  1.4181e+01 -1.7653e+01 -2.0710e+01  3.0686e+01  1.0000e+00
 4.0767e+00  2.4437e+00 -2.4141e+00  2.3131e+01  9.1008e+00 -1.0841e+01  2.7118e+01  1.0000e+00
-3.3409e-01  1.2683e+00  1.2774e-01 -2.8511e+00  3.5885e+00  1.5847e+00  4.8495e+00  1.0000e+00
-4.6840e-01  1.2248e+00  1.0758e-01 -6.7630e+00  2.7108e+00 -9.9797e+00  1.2356e+01  1.0000e+00
 2.8645e-01  2.2063e+00  3.1932e-01 -2.5558e+00  1.9997e+00  9.5611e+00  1.0097e+01  1.0000e+00
 9.9098e+00 -4.6601e+00 -6.5172e+00  3.0895e+01 -1.5928e+01 -2.0291e+01  4.0248e+01  1.0000e+00
-1.3197e-01  8.1214e-01  3.9568e-01 -2.1535e+01 -9.2936e+00  1.4726e+01  2.7694e+01  1.0000e+00
-1.0087e+00  1.3256e+00  1.2027e-02  1.4112e+01 -5.2094e+00  4.3330e+00  1.5655e+01  1.0000e+00
-2.8565e+01  6.8902e+00  1.4056e+01 -6.0174e+01  1.4442e+01  2.9704e+01  6.8643e+01  1.0000e+00
 2.1119e-01  1.1482e+00  8.9082e-02 -1.1881e+00  1.2230e+01 -2.9152e+00  1.2629e+01  1.0000e+00
 1.1567e+01  8.2441e+00 -9.6118e-01  1.7798e+01  1.3383e+01 -9.7548e-01  2.2290e+01  1.0000e+00
-1.1567e-01  6.6388e-01  3.9679e-01  8.9024e+00 -2.3248e+00  3.7608e+00  9.9398e+00  1.0000e+00
 9.7418e-02  9.9192e-01 -1.5242e-01 -1.6629e+00  1.2364e+01  4.6609e+00  1.3317e+01  1.0000e+00
-4.2390e-01  1.2156e+00  5.0288e-03 -5.6266e-01 -1.2685e+01  3.7298e+00  1.3234e+01  1.0000e+00
 2.2330e+00  1.0625e+01 -4.3083e-01  3.9037e+00  1.4889e+01 -1.3907e+00  1.5455e+01  1.0000e+00
-2.3514e+02  2.9182e+02 -1.9513e+02 -3.7964e+02  4.7214e+02 -3.1702e+02  6.8377e+02  1.0000e+00
 6.2678e-01  4.8900e-02 -1.4294e-01  6.4395e+00  2.3398e+00  3.0525e+00  7.5006e+00  1.0000e+00
-2.7952e-01  9.4737e-01  2.6172e-01  1.6658e+01 -7.3732e+00  1.0550e+01  2.1051e+01  1.0000e+00
-7.5950e-01  3.0117e+00 -3.7434e-02 -2.9670e+00  8.9887e+00 -9.3671e-01  9.5119e+00  1.0000e+00
 3.2403e-01  7.7416e-01  7.2067e-01 -2.2610e+00  6.2630e+00  3.4975e+00  7.5212e+00  1.0000e+00
-5.1636e-01  9.3410e-01  5.3484e-01  1.3811e+01  2.0084e+01 -1.4196e-01  2.4375e+01  1.0000e+00
 8.2495e+00 -1.2114e+01 -1.1652e+01  1.4779e+01 -1.9140e+01 -1.8480e+01  3.0435e+01  1.0000e+00
 2.4688e+00 -3.0013e-01  4.6193e-01 -3.0849e+00  2.1306e+00  1.6883e+00  4.1118e+00  1.0000e+00
-1.5500e+00  4.2046e-01  2.3298e+00  4.4601e+00  2.8571e+00 -1.8127e+00  5.5983e+00  1.0000e+00
-3.5734e-01  9.6838e-01 -1.1679e-01  3.6067e+00  5.2119e+00 -1.0287e+01  1.2083e+01  1.0000e+00
-1.8124e+01  1.1075e+00  1.5519e+01 -3.0620e+01  2.2684e+00  2.6482e+01  4.0547e+01  1.0000e+00
-1.3369e-02  9.2895e-01  3.8945e-02  1.0083e+01  8.3711e+00  1.8949e+01  2.3039e+01  1.0000e+00
-1.8916e-01  8.8989e-01  5.0984e-01  1.7386e+01 -4.9140e+00 -7.3255e-01  1.8082e+01  1.0000e+00
-1.2261e+01  1.1161e+01 -1.9767e+01 -2.0769e+01  1.9181e+01 -3.3546e+01  4.3871e+01  1.0000e+00
 2.0731e+01 -1.4150e+01  5.7277e+00  3.5166e+01 -2.3840e+01  9.8036e+00  4.3601e+01  1.0000e+00
 1.1022e+01 -6.7676e+00  1.2355e+01  1.7787e+01 -1.0938e+01  2.0425e+01  2.9210e+01  1.0000e+00
-7.2441e-01  1.0845e+00  9.6857e-01 -4.6526e+00  7.4759e-01 -1.3655e+01  1.4445e+01  1.0000e+00
 1.1152e-01  1.3179e+00  5.7727e-02  4.4384e+00  2.6021e+00  2.9989e+00  5.9551e+00  1.0000e+00
-3.4949e-01  9.4941e-01  3.8584e-01  8.4411e+00  2.7029e+01 -6.8957e+00  2.9144e+01  1.0000e+00
-8.3430e+00  1.2404e+00  2.7180e+00 -1.0852e+01  9.7837e-01  3.0242e+00  1.1308e+01  1.0000e+00
-2.1278e-01  1.0751e+00  1.7114e-01  1.2442e+00 -1.0616e+00  1.1504e+01  1.1619e+01  1.0000e+00
-4.0714e-01  1.1521e+00  4.1158e-01  4.1082e+00  3.0125e+00  1.1775e+01  1.2830e+01  1.0000e+00
-4.7687e-01  1.3421e+00  2.7297e-01 -6.3382e+00  3.1654e+00 -1.0238e+01  1.2450e+01  1.0000e+00
-3.2186e-02  8.8686e-01  3.4049e-01 -5.0305e+00  8.4644e+00 -1.0788e+01  1.4606e+01  1.0000e+00
-7.9416e+00  7.8272e+00 -6.6410e+00 -1.1959e+01  1.3207e+01 -9.9565e+00  2.0410e+01  1.0000e+00
-7.6158e-01  1.1415e+00  8.6714e-02 -1.3116e+01 -1.4138e+01 -3.3179e+00  1.9569e+01  1.0000e+00
-6.2597e+00  3.9736e+00 -1.5291e+01 -1.0297e+01  6.4681e+00 -2.4759e+01  2.7584e+01  1.0000e+00
-2.2699e+00  9.5327e+00  3.8995e+00 -5.4358e+00  1.3047e+01  4.1528e+00  1.4732e+01  1.0000e+00
-1.9670e+01 -4.3178e+00 -5.4594e+00 -3.3459e+01 -6.9034e+00 -8.4666e+00  3.5197e+01  1.0000e+00
 1.7571e-01  1.2045e+00 -3.1559e-02  8.8562e+00  1.5791e+01 -1.3571e+01  2.2626e+01  1.0000e+00
-8.6534e-02 -2.2921e-01 -3.1785e+00 -2.4212e-01  7.5821e-01 -7.7658e-01  1.1120e+00  1.0000e+00
 1.5352e-01  1.1130e+00  3.2253e-01 -1.8810e+01 -2.3286e+00  1.0752e+01  2.1791e+01  1.0000e+00
-4.9854e-01  1.0419e+00  9.5514e-01 -3.6097e+00  7.8138e-01 -1.7616e+01  1.7999e+01  1.0000e+00
-1.9009e-01  1.7632e+00  1.3600e+00 -2.4934e-02  5.3307e+00 -3.4642e+00  6.3575e+00  1.0000e+00
-1.4879e-01  9.1287e-01  2.9144e-01  4.8360e-01  1.8741e+01 -1.1502e+01  2.1994e+01  1.0000e+00
-3.7714e-01  6.8509e-01 -3.2672e-01  3.7506e-02 -5.0379e+00  1.7476e-01  5.0411e+00  1.0000e+00
 2.9529e+00 -1.1660e+00 -1.5470e-01 -6.3863e-01  2.4250e+00 -4.7519e+00  5.3730e+00  1.0000e+00
 1.2639e+00  4.4781e+00 -1.0568e+00  4.6825e+00  1.2500e+01 -5.3700e+00  1.4388e+01  1.0000e+00
-6.2997e-02  1.6223e+00 -1.2883e-01  1.7396e+00 -8.1622e+00  8.5003e+00  1.1912e+01  1.0000e+00
-2.5378e+01  2.7989e+01 -1.7046e+01 -4.1943e+01  4.4206e+01 -2.6637e+01  6.6505e+01  1.0000e+00
 6.5462e-02  9.9423e-01 -7.4647e-01 -2.8387e+00  3.4930e+00  1.6695e+01  1.7292e+01  1.0000e+00
 1.3053e+00  2.4166e+00 -5.6199e-01 -8.6570e+00  1.0129e+00  3.0688e+00  9.2405e+00  1.0000e+00
-6.6096e+00 -2.8642e+00 -6.2240e+00 -1.9897e+01 -1.0847e+01 -2.0296e+01  3.0422e+01  1.0000e+00
-2.6008e-01  1.2283e+00  2.6500e-01  1.6995e+00  1.4709e+01  1.3224e+01  1.9853e+01  1.0000e+00
-4.4486e-01 -1.3801e+01 -7.5553e+00 -6.0566e-01 -2.1984e+01 -1.2526e+01  2.5310e+01  1.0000e+00
-4.3323e-01  1.0368e+00  1.6531e-01  1.4861e+01 -7.6123e+00 -1.9813e+01  2.5911e+01  1.0000e+00
 8.2978e+00 -1.2164e+01 -1.1526e+01  1.2704e+01 -2.0528e+01 -1.9507e+01  3.1037e+01  1.0000e+00
-8.7047e-02  6.5112e-01  9.5597e-02  5.2055e+00  6.8951e+00 -5.0037e+00  9.9839e+00  1.0000e+00
-1.4871e+01  4.3041e+00 -7.6272e+00 -9.1119e+01  2.1594e+01 -4.8443e+01  1.0543e+02  1.0000e+00
 9.7470e-01  8.7829e+00  3.5912e+00  2.5249e+00  1.1961e+01  4.0676e+00  1.2883e+01  1.0000e+00
 4.1237e+00 -8.4513e+00  1.3312e+01  7.0179e+00 -1.3581e+01  2.1748e+01  2.6583e+01  1.0000e+00
-3.0220e-03  9.3797e-01  1.9103e-01  1.3770e+01  1.6518e+01 -9.0082e+00  2.3315e+01  1.0000e+00
-1.2857e+01  7.5354e+00 -2.8874e+00 -4.2526e+01  2.3435e+01 -9.9556e+00  4.9566e+01  1.0000e+00
 2.4684e-02  8.5767e-01  3.4041e-01  1.7979e+00  7.7335e+00 -2.8247e+00  8.4273e+00  1.0000e+00
-1.3571e-01  4.3733e-01 -2.9456e-01 -2.4298e-01 -7.8905e+00 -9.0323e+00  1.1996e+01  1.0000e+00
-1.0039e+01 -3.3783e+00  6.0608e+00 -1.5289e+01 -5.2727e+00  8.4920e+00  1.8267e+01  1.0000e+00
-1.1498e-01  9.4144e-01 -9.9752e-02 -1.2603e+01  4.5734e+00  1.1866e+01  1.7904e+01  1.0000e+00
-6.0151e-01  2.3056e+00  4.4062e-01 -1.1908e+01  2.6817e+01  3.8397e+00  2.9592e+01  1.0000e+00
 1.5706e+01 -2.0177e+01 -1.5987e+00  2.6896e+01 -3.4143e+01 -2.7962e+00  4.3554e+01  1.0000e+00
-5.7213e-01  1.9319e+00  2.6510e-01 -7.7098e+00  1.5935e+01  3.7773e+00  1.8101e+01  1.0000e+00
 8.8436e-01 -1.1518e+00  8.9543e-01  1.1653e+00 -8.6088e+00  4.0547e+00  9.5869e+00  1.0000e+00
-5.6276e-01  8.2589e-01  2.4420e-01  1.4030e+01 -1.0930e+01  1.1507e+01  2.1183e+01  1.0000e+00
-2.9380e-01  2.2095e+00  3.1272e-01 -5.2674e+00 -6.0280e-01  6.4732e-01  5.3412e+00  1.0000e+00
 7.3877e-01  1.5158e-01  6.9167e-01 -1.0980e+01  1.2175e+01  1.8784e+00  1.6502e+01  1.0000e+00
-3.4127e-01  6.7453e-01  6.5299e-01 -1.1442e+01 -3.6317e+00  8.9315e+00  1.4962e+01  1.0000e+00
-1.1135e+00  5.7317e-01  1.2559e-01 -1.3745e+01  4.1912e-01 -7.1734e+00  1.5510e+01  1.0000e+00
-5.1594e+00 -1.7911e+00 -1.1058e+00 -6.4830e+00 -1.2429e+00 -7.5412e-01  6.6440e+00  1.0000e+00
-2.2756e-01  1.0054e+00 -4.9865e-01  2.8226e+00  4.1358e+00  8.6181e+00  9.9671e+00  1.0000e+00
-2.6125e-01  1.2260e+00  3.7388e-01 -1.5614e+01  1.1580e+01 -1.6312e+00  1.9508e+01  1.0000e+00
-2.3544e-01  1.0759e+00  3.3454e-01 -2.5782e+00  3.3926e+00  1.0460e+01  1.1294e+01  1.0000e+00
-3.8907e-01  7.0659e-01 -4.1987e-02  1.7806e+01  8.9513e+00  6.4246e+00  2.0939e+01  1.0000e+00
-3.0674e-01  7.9900e-01  2.7653e-01 -7.1985e+00 -8.8393e+00 -1.1712e-01  1.1400e+01  1.0000e+00
-3.5068e-01  6.8871e-01 -1.0718e-01 -1.0891e+01  1.5869e+01  9.6752e+00  2.1541e+01  1.0000e+00
 8.9610e-01 -1.6857e+00 -5.1671e-01  2.2235e+01 -5.1782e+01 -1.3663e+01  5.7987e+01  1.0000e+00
-5.1392e-01  1.2159e+00 -1.4555e-03  7.8482e+00 -1.3654e+01  2.2382e+00  1.5907e+01  1.0000e+00
-2.8621e+01  2.3214e+01  1.0742e+01 -8.1292e+01  6.5142e+01  3.0727e+01  1.0861e+02  1.0000e+00
 6.7884e-01  3.6460e-01  9.0266e-01  9.6143e-01  3.1789e+00 -8.4447e+00  9.0742e+00  1.0000e+00
 1.5032e-01  1.4396e+00  1.1171e+00  9.4337e-01  4.7494e+00  6.6002e+00  8.1859e+00  1.0000e+00
-9.9760e+01  3.4111e+00  8.9538e+01 -2.4181e+02  7.3671e+00  2.1773e+02  3.2547e+02  1.0000e+00
-3.8449e-01  8.0958e-01  4.7090e-01 -1.4097e+01  7.8730e+00 -3.6179e+00  1.6547e+01  1.0000e+00
 1.3063e-02  9.5950e-01  4.6005e-01 -1.0546e+01  1.4862e+01 -2.1273e+01  2.8011e+01  1.0000e+00
-7.2403e-02  1.0215e+00  2.2991e-01  1.4728e+01 -2.3473e+00 -2.4858e+00  1.5120e+01  1.0000e+00
-3.0612e+00  4.5726e+00  1.1759e+01 -4.3208e+00  6.0594e+00  1.6165e+01  1.7796e+01  1.0000e+00
 5.4364e+00  2.1598e+00  1.3324e+00  3.4025e+00  2.8535e+00  1.7599e+00  4.7767e+00  1.0000e+00
 8.7618e+00 -5.0681e+00 -7.5184e+00  1.3344e+01 -8.1578e+00 -1.1252e+01  1.9268e+01  1.0000e+00
-3.0855e-02  1.0302e+00  2.3025e-01  1.2789e+01 -3.9304e-01 -1.3652e+01  1.8710e+01  1.0000e+00
 1.2459e+01 -1.2692e+01 -1.8776e+01  2.1340e+01 -2.1483e+01 -3.1576e+01  4.3749e+01  1.0000e+00
-2.5895e-01  9.9683e-01  2.6997e-01  1.2127e+01  1.0748e+01 -5.8438e+00  1.7226e+01  1.0000e+00
-2.3995e-01  8.7262e-01  2.5150e-01 -4.8076e+00 -1.2663e+01  8.3368e+00  1.5905e+01  1.0000e+00
 8.1462e-02  4.6066e-01  3.7538e-02 -2.5196e+00  1.4814e-01  1.1248e+01  1.1528e+01  1.0000e+00
-7.2408e+00 -1.1210e+01 -1.0731e+01 -2.5004e+01 -4.1675e+01 -3.8378e+01  6.1927e+01  1.0000e+00
 1.2540e-01 -1.0682e-01  8.2884e-01 -6.8898e-01  9.2076e+00  8.8426e-02  9.2338e+00  1.0000e+00
 1.6487e-01  1.0661e+00  1.4361e+00 -3.5914e+00 -1.4324e+00  5.2538e+00  6.5232e+00  1.0000e+00
-1.2012e-01  8.5095e-01  6.8035e-01  4.5377e+00 -3.2928e+00 -5.3404e+00  7.7430e+00  1.0000e+00
-5.0215e-01  1.4893e+00  1.2823e-01  2.9666e+00  7.3150e+00  8.3000e+00  1.1454e+01  1.0000e+00
 6.7079e-02  1.3335e+00 -4.1698e-01  1.4260e+00  9.6568e+00 -8.9987e+00  1.3276e+01  1.0000e+00
-1.3038e+00  2.1502e+00  2.5135e+00 -1.4240e+00  4.0522e+00  2.6105e+00  5.0262e+00  1.0000e+00
-3.2013e+00  4.7711e+00  1.3625e+01 -4.5021e+00  7.8830e+00  2.1353e+01  2.3203e+01  1.0000e+00
 3.3445e-01  1.4391e+00  6.0394e-01  4.8127e+00  1.3531e+01 -1.3393e+01  1.9637e+01  1.0000e+00
-5.4581e-01  8.6099e-01  7.5179e-01 -4.7412e+00  3.8854e+00  1.3712e+01  1.5020e+01  1.0000e+00
-2.3622e-01  9.1248e-01  1.4044e-01 -1.9287e+01  6.1799e+00 -1.4961e+01  2.5179e+01  1.0000e+00
 1.0516e-01  1.1170e+00  3.8363e-01 -6.1513e+00 -1.7642e+01 -2.2106e+01  2.8944e+01  1.0000e+00
 9.5274e+00 -2.3960e+01  4.2387e+01  1.5606e+01 -3.9384e+01  7.0865e+01  8.2562e+01  1.0000e+00
 1.8162e+01  3.4666e+00  1.7106e+01  3.0727e+01  5.8021e+00  2.9200e+01  4.2784e+01  1.0000e+00
-2.8078e+00  1.1588e+00 -6.0587e-01 -4.9316e+00  1.0262e+00 -2.6228e+00  5.6792e+00  1.0000e+00
-1.1269e+00  1.1638e+00  2.2553e-01 -3.3487e+00  1.5118e+00 -6.4301e+00  7.4057e+00  1.0000e+00
-1.4031e-01  8.6963e-01  5.3406e-02  2.9558e+00 -4.6554e+00 -1.9366e+00  5.8446e+00  1.0000e+00
-4.8083e+00  3.1250e+00  1.9034e+01 -8.0202e+00  5.5522e+00  3.1687e+01  3.3155e+01  1.0000e+00
-1.2571e+01 -2.4623e+00 -1.2000e+01 -2.0434e+01 -2.5147e+00 -1.8897e+01  2.7945e+01  1.0000e+00
 6.3406e-01  4.6331e-01 -2.6483e-01 -5.4326e+00  1.2430e+01  3.2750e+00  1.3955e+01  1.0000e+00
-6.7211e+00 -1.1372e+01 -9.4671e-01 -1.2147e+01 -2.2106e+01 -1.2938e+00  2.5256e+01  1.0000e+00
-1.4664e+00 -8.3172e-01  8.2890e-01  3.3909e+00  2.6637e+00 -5.4950e-01  4.3469e+00  1.0000e+00
-2.3867e-01  1.0978e+00  2.3332e-01  3.2516e+00  1.4699e+01 -6.5543e+00  1.6419e+01  1.0000e+00
-2.3096e+00 -1.0979e+00 -7.1201e-02 -1.4596e+00  1.5843e+00  8.2090e-01  2.3053e+00  1.0000e+00
-6.3797e-02  9.3166e-01  7.9641e-02 -1.3350e+01 -1.2251e+00  1.4940e+00  1.3489e+01  1.0000e+00
 6.8128e-02  8.6273e-01  4.9123e-01  1.3061e+01  8.5370e+00 -2.0663e+00  1.5740e+01  1.0000e+00
-6.5323e+00  2.0595e+01 -2.6619e+00 -1.0809e+01  3.4478e+01 -4.3386e+00  3.6392e+01  1.0000e+00
 3.7072e+00  1.3421e+00  3.9268e+00  1.7864e+00  4.0264e+00  4.9704e+00  6.6414e+00  1.0000e+00
-1.1865e+01 -2.5201e-01 -3.0663e+00 -1.7914e+01  3.9309e-01 -4.7985e+00  1.8549e+01  1.0000e+00
 1.3470e+00  1.6897e+00 -2.7570e+00  3.7678e+00  1.9310e+00 -2.4794e+00  4.9063e+00  1.0000e+00
-9.5273e+00 -3.7317e+00  6.5919e+00 -1.4217e+01 -4.6401e+00  9.9768e+00  1.7977e+01  1.0000e+00
 1.7877e-01  5.9790e-01  3.8516e-01 -8.4397e+00  2.2487e-01 -6.7508e+00  1.0810e+01  1.0000e+00
 2.4121e+01  8.7123e+00  2.0202e+00  4.0771e+01  1.4960e+01  3.3375e+00  4.3557e+01  1.0000e+00
 8.7490e+00  1.2202e+01  1.6068e+00  1.4210e+01  1.9326e+01  3.0940e+00  2.4186e+01  1.0000e+00
-1.8836e+01 -1.1355e+01 -7.0527e+00 -3.1585e+01 -1.8424e+01 -1.1398e+01  3.8301e+01  1.0000e+00
 4.5783e-01  2.2970e+00  1.4999e-01  1.2625e+01  8.4759e+00 -9.5490e+00  1.7956e+01  1.0000e+00
-1.8530e+01 -4.6416e-01 -4.8491e+00 -3.0837e+01 -4.5494e-01 -8.1381e+00  3.1896e+01  1.0000e+00
-3.9282e-01  1.0624e+00  2.2062e-01  1.3689e+01 -6.9135e+00  2.8094e+01  3.2007e+01  1.0000e+00
-3.4038e-01  1.1217e+00  2.6432e-01 -2.3858e+00 -1.6610e+01 -8.5617e+00  1.8839e+01  1.0000e+00
-3.8262e+00  1.4998e+01 -5.8068e+00 -5.7148e+00  2.4737e+01 -9.2039e+00  2.7006e+01  1.0000e+00
 2.2066e+01  1.8111e+01 -1.3873e+01  4.7220e+01  3.8212e+01 -2.9479e+01  6.7519e+01  1.0000e+00
-7.7476e-01  6.0624e-01 -4.4048e-01 -2.3364e+00 -4.7122e+00  7.5842e+00  9.2295e+00  1.0000e+00
-9.4386e-01  7.5110e-01 -2.5878e+00  2.2392e+00  3.6993e+00  4.4768e+00  6.2242e+00  1.0000e+00
-2.8781e-01  1.1743e+00 -5.1265e-03  1.1042e+01  1.4732e+01  1.8133e+01  2.5842e+01  1.0000e+00
 3.6117e+00 -2.9566e+00 -3.0946e-01  3.4685e+00 -1.1571e+00  3.9920e+00  5.4134e+00  1.0000e+00
 1.9876e+00 -1.5176e+00  7.8443e-01  5.4623e+00 -1.6347e+00  5.2281e-01  5.7256e+00  1.0000e+00
 1.8531e-01  5.8141e-01 -1.9443e-01 -2.3269e+00 -1.1156e+01 -1.4857e+00  1.1492e+01  1.0000e+00
-1.4345e+01 -7.2153e+00 -2.5178e+01 -2.4847e+01 -1.2619e+01 -4.3911e+01  5.2008e+01  1.0000e+00
-2.5643e+01 -8.5665e+00 -8.4899e-01 -4.3815e+01 -1.4239e+01 -1.5506e+00  4.6097e+01  1.0000e+00
 2.9895e+00 -2.5954e+00 -3.9417e+00  4.6010e+00 -9.0997e-01 -2.6607e+00  5.3923e+00  1.0000e+00
 2.5937e+01  4.4572e+00 -2.6933e+00  4.4022e+01  7.9320e+00 -4.7109e+00  4.4978e+01  1.0000e+00
-1.6818e-01  6.9433e-01  3.9216e-02  8.7408e+00 -1.9982e+00  1.2698e+01  1.5544e+01  1.0000e+00
 9.0035e-02  1.0289e+00  3.8465e-01  6.3523e+00  1.3235e+01 -1.4802e+00  1.4755e+01  1.0000e+00
-2.4447e-01  1.1613e+00  4.4369e-01  5.1686e-02 -9.2544e+00  1.0964e+01  1.4347e+01  1.0000e+00
-1.2748e+00  1.1989e+00 -7.7911e-02 -2.1024e+01  5.2675e+00 -1.9323e+00  2.1760e+01  1.0000e+00
-2.4035e-01  7.5776e-01  4.0208e-01 -2.3341e+00 -9.2171e+00 -1.0820e+01  1.4404e+01  1.0000e+00
-1.1623e-01  7.2228e-01  3.9671e-01  2.4384e+00 -1.3766e+01  2.2924e+01  2.6851e+01  1.0000e+00
-3.3995e-01  1.4033e+00  3.1945e-01  1.0107e+01  1.5449e+01  8.5347e+00  2.0339e+01  1.0000e+00
-1.0458e+01  8.9208e+00 -1.6787e+00 -1.6238e+01  1.3699e+01 -2.2352e+00  2.1362e+01  1.0000e+00
-2.9221e-01  1.6027e+00 -1.1835e-01 -6.2653e+00 -3.4898e+00 -8.4107e+00  1.1053e+01  1.0000e+00
-1.0678e+01 -3.1963e+00 -1.0671e-01 -1.5436e+01 -4.6481e+00 -4.3129e-01  1.6126e+01  1.0000e+00
 4.1522e-02  5.2034e-01  1.2674e+00  4.2508e+00 -2.9638e-02  4.2608e+00  6.0187e+00  1.0000e+00
-5.9734e-01  1.4359e+00  2.5717e-01  9.1523e+00  2.3274e+00  3.8821e+00  1.0210e+01  1.0000e+00
-6.8229e-01  9.5713e-01  4.8766e-02  5.9363e+00  6.9400e+00 -1.2228e+01  1.5262e+01  1.0000e+00
-1.8637e-03  7.8846e-01  2.7874e-01  6.9670e+00  4.9943e+00 -2.8376e+01  2.9642e+01  1.0000e+00
 8.2831e+00 -2.0445e+01 -9.8546e+00  1.4056e+01 -3.4355e+01 -1.6610e+01  4.0666e+01  1.0000e+00
-1.8587e+01 -3.3372e+00  1.6742e+01 -3.1581e+01 -5.2891e+00  2.8423e+01  4.2816e+01  1.0000e+00
-1.7024e-01  1.1092e+00  3.5195e-01 -9.5500e+00  1.8376e+01  9.7209e+00  2.2877e+01  1.0000e+00
-2.4475e+00 -1.0664e+00 -3.6654e+00 -1.7348e+00  1.2899e+00 -5.4490e-01  2.2295e+00  1.0000e+00
 6.6293e-01  2.2286e-01  6.7850e-01 -1.2054e+01  9.6708e+00 -6.5728e+00  1.6793e+01  1.0000e+00
 4.7205e-01  9.2666e-01  6.4407e-01  1.0152e+01 -2.2392e+00  6.7968e+00  1.2421e+01  1.0000e+00
-1.7140e+00 -1.6530e+01 -1.1653e+01 -2.1293e+00 -2.7951e+01 -1.9943e+01  3.4402e+01  1.0000e+00
-2.8000e+00  4.8337e+00 -3.6510e+00 -2.7678e+00  4.7500e+00 -2.0290e+00  5.8601e+00  1.0000e+00
-1.9140e-02  1.0776e+00 -5.3306e-01 -9.9642e+00 -4.1976e+00  6.5422e+00  1.2637e+01  1.0000e+00
 6.5804e-02  1.1724e+00  6.4713e-01 -2.6185e+00 -2.7539e+00  3.5714e+00  5.2149e+00  1.0000e+00
-1.2842e+00  5.1403e-01  6.1352e-01 -8.1805e+00 -2.8953e-01  3.1347e+00  8.7653e+00  1.0000e+00
-3.4633e+00  1.5321e+01 -6.4390e+00 -5.7580e+00  2.4336e+01 -9.8189e+00  2.6866e+01  1.0000e+00
 3.1332e-01  4.7107e-01 -8.5600e-01 -1.3065e+00 -4.5186e-01  2.7382e+00  3.0674e+00  1.0000e+00
 5.0521e-01  2.8676e+00  1.8892e+01  1.8412e+00  5.1239e+00  2.8423e+01  2.8940e+01  1.0000e+00
 2.2094e-01  3.8322e+00 -2.0645e+00  6.5806e-01  7.0239e+00 -5.7416e+00  9.0959e+00  1.0000e+00
 1.2119e-01  1.1417e+00  3.1998e-01 -3.4069e+00  3.3835e+00  7.6556e+00  9.0368e+00  1.0000e+00
 5.2563e-01  4.3233e-01  9.8174e-02 -4.0081e+00  8.6302e+00  6.1486e+00  1.1329e+01  1.0000e+00
-1.2624e-01  8.2207e-01  1.0163e-01  2.3885e-01 -1.0141e+01  1.4866e+01  1.7997e+01  1.0000e+00
 5.7323e+00  1.1774e+01  6.3168e+00  9.2648e+00  1.8775e+01  9.7331e+00  2.3089e+01  1.0000e+00
-2.1105e-01  8.9747e-01  2.0693e-01 -8.8595e+00  4.0780e+00 -1.3092e+01  1.6325e+01  1.0000e+00
 1.1152e+00 -5.0678e-01  1.0740e+00  2.4852e+00 -1.8818e-01  1.1983e+00  2.7654e+00  1.0000e+00
-3.2026e-01  9.5860e-01 -8.5625e-02  5.9924e+00  2.8570e-01  8.8290e-01  6.0638e+00  1.0000e+00
-3.2309e-01  1.3314e+00  2.1309e-01 -2.7931e-01 -1.9757e+01 -1.8733e+00  1.9847e+01  1.0000e+00
-7.0667e-01  5.1355e-01  2.5822e-01  1.2349e+01  5.4208e-01 -2.1889e-01  1.2363e+01  1.0000e+00
-5.1698e-01  1.0927e+00  4.2259e-01  9.4567e+00  2.4891e+00 -5.5244e-01  9.7944e+00  1.0000e+00
 9.1845e+00 -6.7230e+00 -1.1359e+00  1.3686e+01 -9.7532e+00 -1.3608e+00  1.6861e+01  1.0000e+00
 2.3262e-01  1.3420e+00  6.8516e-01  3.1223e+00 -5.9837e+00  7.0701e-01  6.7863e+00  1.0000e+00
 1.6663e+01 -3.1192e+01  1.9922e+01  2.5238e+01 -5.0362e+01  3.2449e+01  6.5009e+01  1.0000e+00
-2.6421e-01  2.0658e+00  9.1271e-01 -2.0209e-01  1.4953e+01 -9.6512e+00  1.7799e+01  1.0000e+00
 1.7103e+00 -8.6625e+00 -2.4746e+01  2.7506e+00 -1.4599e+01 -4.1938e+01  4.4491e+01  1.0000e+00
-6.6697e+00 -9.7443e+00 -1.6750e+01 -1.1719e+01 -1.6215e+01 -2.8005e+01  3.4417e+01  1.0000e+00
-1.2022e+00 -1.7827e+01  1.9286e+00 -1.7600e+00 -2.9546e+01  3.1780e+00  2.9768e+01  1.0000e+00
-2.4726e+01 -1.2508e+01 -6.4674e+00 -4.2456e+01 -2.1128e+01 -1.1002e+01  4.8682e+01  1.0000e+00
-4.8747e-01  7.8233e-01  4.3417e-02  1.9667e+01 -6.9052e+00 -3.3766e+00  2.1116e+01  1.0000e+00
-1.9840e+01 -4.8877e+00 -3.7370e+00 -3.3431e+01 -8.1702e+00 -6.2500e+00  3.4978e+01  1.0000e+00
-1.4093e-01  9.8580e-01  3.5563e-03 -7.0709e-01 -1.0255e+00  2.9642e+01  2.9668e+01  1.0000e+00
-3.9250e-01  4.9920e-01 -3.1955e-02 -6.0711e+00 -3.7868e+00  5.5882e+00  9.0789e+00  1.0000e+00
-3.1457e+00  7.0130e-02 -9.8151e+00 -4.9969e+00  7.6571e-01 -1.6683e+01  1.7432e+01  1.0000e+00
-3.8825e-01  1.9680e-01  1.6879e+00  7.1182e+00  2.1363e+00 -5.2067e-01  7.4501e+00  1.0000e+00
 5.0303e-02  1.1288e+00  3.0062e-01  9.2412e-01  1.3685e+00 -6.4895e+00  6.6963e+00  1.0000e+00
