# limit = 20.7172
#
# x           y           z           vx          vy          vz          s           m
-5.0440e-01 -1.2047e-01  6.9266e-01 -2.3032e+00  1.7467e+01  5.5893e+00  1.8484e+01  1.0000e+00
-1.4388e-01  8.1239e-01  6.1950e-01  1.4722e+00  1.3679e+01 -2.9238e+00  1.4066e+01  1.0000e+00
 2.0730e+01  9.0858e-01  4.0596e+00  3.4098e+01  2.0369e+00  6.6782e+00  3.4805e+01  1.0000e+00
-4.2443e-01  1.1261e+00  4.5043e-01  1.2625e+01 -5.2603e+00 -1.3875e+01  1.9483e+01  1.0000e+00
-1.7549e+01  6.6307e+00  1.0541e+01 -2.9330e+01  1.0868e+01  1.7307e+01  3.5748e+01  1.0000e+00
 7.6277e+00 -2.4075e+00  2.1734e+01  1.2998e+01 -3.5858e+00  3.6250e+01  3.8676e+01  1.0000e+00
 1.1606e+00 -1.7696e+01 -1.2246e+01  1.4288e+00 -2.9345e+01 -2.0034e+01  3.5560e+01  1.0000e+00
-4.6694e-01  1.2280e+00  2.6368e-01 -2.0874e+01  1.3739e+01 -1.2413e+00  2.5021e+01  1.0000e+00
-2.7801e+01  2.0267e+01  6.2714e+01 -4.5547e+01  3.3390e+01  1.0464e+02  1.1890e+02  1.0000e+00
 4.0436e+01 -2.1599e+01  1.0505e+00  1.1448e+02 -6.2010e+01  3.0410e+00  1.3023e+02  1.0000e+00
 2.9242e+00  4.0450e+00  2.5478e+00  4.1246e-01  2.8568e+00  9.7615e-01  3.0470e+00  1.0000e+00
-1.7486e-01  8.3097e-01  2.7243e-01 -2.0688e+01  1.6752e+01 -6.3624e+00  2.7370e+01  1.0000e+00
-1.0669e+00  3.5052e+00  3.6801e-01  1.3602e+00  4.0297e+00  3.9588e+00  5.8104e+00  1.0000e+00
 5.3493e+00  1.4202e+00 -8.0582e-01  5.5290e+00  2.8416e+00  3.3029e-01  6.2253e+00  1.0000e+00
 1.6961e+00 -1.2094e+00  6.2808e-01  2.6029e+00 -2.8384e+00 -1.1334e+00  4.0145e+00  1.0000e+00
-7.3191e+00 -1.3032e+00 -5.4764e+00 -1.0079e+01 -3.1945e+00 -5.8776e+00  1.2097e+01  1.0000e+00
 1.2673e+01 -1.3246e+01 -1.5163e+01  2.1048e+01 -2.2091e+01 -2.5508e+01  3.9770e+01  1.0000e+00
-1.5545e-01  1.5357e+00  4.3025e-01  4.4146e+00 -2.3129e+00 -3.7368e-01  4.9978e+00  1.0000e+00
-1.4331e-01  9.7841e-01  1.0069e-01 -3.1582e+00 -2.1834e+00 -8.5220e+00  9.3470e+00  1.0000e+00
 4.3972e+01  3.5783e+01 -1.5520e+01  7.3441e+01  5.8889e+01 -2.5204e+01  9.7451e+01  1.0000e+00
-4.3966e-01  8.3709e-01  1.3017e-01  1.7599e+01 -7.0226e+00  1.9487e+01  2.7180e+01  1.0000e+00
 3.8512e-01  6.5822e-01  4.1067e-01 -8.1642e+00 -5.2743e+00 -7.8461e-01  9.7514e+00  1.0000e+00
-3.3647e+00 -3.9543e+00  6.4984e+00 -8.3088e+00 -1.1857e+01  1.6180e+01  2.1712e+01  1.0000e+00
-9.4774e+00  1.7929e+01 -1.8127e+01 -1.5936e+01  3.0520e+01 -3.0498e+01  4.5995e+01  1.0000e+00
-6.5238e-01  2.0336e+01 -9.0072e+00 -1.2328e+00  3.3821e+01 -1.4866e+01  3.6965e+01  1.0000e+00
-4.9676e+00  2.8147e+00 -7.7592e+00 -8.1126e+00  5.4462e+00 -1.0308e+01  1.4203e+01  1.0000e+00
 6.4996e+00 -1.5922e+01  3.0556e+00  1.0078e+01 -2.6339e+01  4.7857e+00  2.8604e+01  1.0000e+00
 4.2461e+01 -1.1093e+01 -4.0961e+01  7.5256e+01 -1.9839e+01 -7.2627e+01  1.0645e+02  1.0000e+00
 1.2271e+00 -2.4711e+01 -3.2597e+01  2.1755e+00 -4.2172e+01 -5.5604e+01  6.9822e+01  1.0000e+00
-3.5467e-01  1.1179e+00  3.0529e-01 -7.9326e+00  9.7302e-01  6.0214e+00  1.0007e+01  1.0000e+00
-1.4833e-01  7.8237e-01 -3.3525e-01 -7.8802e+00  9.3381e+00  1.8242e-01  1.2220e+01  1.0000e+00
-1.6895e-01  1.1573e+00  2.3806e-01  6.8160e+00 -3.4283e+00 -7.7489e+00  1.0875e+01  1.0000e+00
-2.1336e-01  6.0143e-01 -2.7032e-01  6.8575e+00 -7.9113e+00  2.2640e-01  1.0472e+01  1.0000e+00
-3.4145e-01  9.3092e-01  1.0968e-01 -4.5764e-01 -9.5997e-01 -1.2960e+01  1.3004e+01  1.0000e+00
-1.5014e-01  8.0881e-01  4.2559e-01 -7.2808e+00  4.1174e+00  7.8494e+00  1.1471e+01  1.0000e+00
-4.1960e-01  1.1257e+00  4.7350e-01  1.0777e+01  1.9252e+01 -8.6270e+00  2.3690e+01  1.0000e+00
 1.3732e-01  2.6763e+00 -1.1150e+00  3.3539e+00 -2.0427e+00  1.8831e+00  4.3551e+00  1.0000e+00
-1.7043e+01  3.2644e+01 -4.1111e+01 -2.8529e+01  5.4674e+01 -6.7946e+01  9.1759e+01  1.0000e+00
-6.2874e-01  6.1894e-01  1.3354e-01  6.6776e+00  8.3597e+00 -8.6170e+00  1.3738e+01  1.0000e+00
 1.2328e+01 -2.7513e+00  1.0368e+01  1.9554e+01 -4.1115e+00  1.6563e+01  2.5954e+01  1.0000e+00
 6.7526e+00  6.2614e+00  8.4405e-01  8.4734e+00  8.3163e+00  2.0877e+00  1.2055e+01  1.0000e+00
 3.1075e+00  9.2778e-01 -6.6404e-01  9.8496e-01  1.1566e+00 -2.1523e+00  2.6345e+00  1.0000e+00
-2.6265e-01  6.7115e-01 -1.3052e-01  1.4491e+01  2.5175e+00 -1.0590e+01  1.8124e+01  1.0000e+00
 2.4904e+00 -7.2858e+00  2.3649e+01  4.3104e+00 -1.2015e+01  3.9640e+01  4.1644e+01  1.0000e+00
 2.2888e+01  1.1065e+01  1.8152e+00  3.8800e+01  1.8594e+01  3.1428e+00  4.3140e+01  1.0000e+00
 1.5615e+00 -1.4700e+01  2.4173e+00  3.2450e+00 -2.3709e+01  4.2049e+00  2.4296e+01  1.0000e+00
-2.3931e-01  9.7893e-01  1.1073e-01 -8.9595e+00  1.3471e+01  1.4240e+01  2.1553e+01  1.0000e+00
 2.6555e+00 -1.3836e+00  6.5816e-02 -1.4752e-01  5.2157e+00  2.4369e+00  5.7588e+00  1.0000e+00
 1.0118e+01 -3.9250e+00  4.5601e+00  1.4575e+01 -5.6569e+00  7.0867e+00  1.7166e+01  1.0000e+00
-4.5198e-01  1.1195e+00  4.9423e-01 -6.8230e+00 -2.6125e+00  1.5118e+00  7.4608e+00  1.0000e+00
-8.4535e-01  1.1734e+00  4.7017e-01 -1.3932e+01  6.2820e+00  6.7259e+00  1.6698e+01  1.0000e+00
-7.1178e-02  8.9521e-01 -1.8274e-01 -2.3126e+00 -7.3986e-01 -7.6770e+00  8.0518e+00  1.0000e+00
-3.0501e+00 -4.8070e+00  4.8455e+00 -3.3350e+00 -5.1285e+00  5.6525e+00  8.3291e+00  1.0000e+00
-2.7647e-01  5.7135e-01 -1.8949e-02  4.7007e+00  1.1974e+01  4.3121e+00  1.3567e+01  1.0000e+00
-3.8323e-02  3.1460e+00  2.9245e+00  2.3161e+00  1.4699e+01  1.6083e+01  2.1911e+01  1.0000e+00
-2.1935e-01  1.2900e+00  1.9210e-01  8.9684e-01  8.8162e+00 -1.3297e+01  1.5979e+01  1.0000e+00
-3.9149e-01  9.9138e-01  2.3305e-01  3.0693e+00  3.8848e+00  1.0070e+01  1.1222e+01  1.0000e+00
 1.2796e-01  9.7404e-01  2.2833e-01  1.5088e+01 -2.3770e+00  1.6049e+00  1.5358e+01  1.0000e+00
-4.0019e-01  8.7024e-01  9.4588e-02  1.0404e+01  1.6121e+01 -6.1043e+00  2.0135e+01  1.0000e+00
 5.7017e+00 -3.1184e+00  1.6926e+01  9.0260e+00 -5.4135e+00  2.7787e+01  2.9714e+01  1.0000e+00
-2.9431e-01  1.3784e+00  4.1982e-01 -6.9809e+00  6.1281e+00  1.4201e+01  1.6969e+01  1.0000e+00
-3.1733e+00 -5.1910e+00  2.5028e+00 -7.4450e+00 -1.4952e+01  5.9474e+00  1.7730e+01  1.0000e+00
 1.0462e+01  1.0175e+00 -5.0478e+00  1.8258e+01  1.9845e+00 -8.7070e+00  2.0325e+01  1.0000e+00
-8.8700e-02  6.8704e-01  3.5783e-01 -1.7918e+01  1.8952e+01  3.7718e+00  2.6352e+01  1.0000e+00
-5.6716e-01  1.8178e+00  2.2999e-01 -9.0786e-02  2.1518e+01  1.6153e+00  2.1578e+01  1.0000e+00
 2.2034e-01  9.7612e-01 -2.5550e-01  6.2695e-01  1.0684e+01 -1.4009e+01  1.7629e+01  1.0000e+00
 3.3391e-02  8.5402e-01  1.7894e-01  1.7923e+00  1.1407e+01  9.3297e-01  1.1584e+01  1.0000e+00
-2.8572e-01  9.5282e-01  4.0383e-01 -1.5386e+01  8.0919e+00  8.1049e+00  1.9181e+01  1.0000e+00
-2.7493e-01  8.2404e-01  2.3644e-01 -2.0840e+01 -3.0422e+00  1.6160e+01  2.6546e+01  1.0000e+00
-5.0193e-01  1.0115e+00  1.4841e-02  4.7677e+00  2.7627e+00 -3.5366e+00  6.5476e+00  1.0000e+00
 2.0362e+01  2.2687e+00  3.7099e+00  3.3934e+01  3.4097e+00  6.0667e+00  3.4640e+01  1.0000e+00
 1.6841e-02  1.0689e+00  8.3377e-02 -1.0955e+01 -3.8195e+00  1.1500e+01  1.6336e+01  1.0000e+00
-1.8478e-02  1.5831e+00 -1.4839e-01 -1.8029e+00  1.1507e+01 -6.3182e+00  1.3250e+01  1.0000e+00
 4.9975e-01  1.4530e+00  1.3069e+00  1.0447e+00  1.0771e+00  3.8797e+00  4.1598e+00  1.0000e+00
-2.2989e-01  1.2624e+00  2.7111e-01  1.6543e+01 -8.0049e+00  5.9213e+00  1.9308e+01  1.0000e+00
-3.8157e-01  1.3107e+00 -3.2161e-02 -3.7028e+00 -8.8058e+00  8.2034e+00  1.2592e+01  1.0000e+00
-2.5766e-01  9.8117e-01  3.1278e-01  1.0916e+01 -1.5857e+01  8.4380e+00  2.1019e+01  1.0000e+00
-1.6232e-01  1.2033e+00 -5.1079e-02  1.0915e+01  5.6314e+00 -1.9637e+01  2.3161e+01  1.0000e+00
 2.4483e+01 -1.1729e+01 -2.8264e+00  4.1504e+01 -1.9504e+01 -4.6889e+00  4.6098e+01  1.0000e+00
-1.4349e+01 -8.7658e+00 -5.5352e+00 -2.3552e+01 -1.3910e+01 -8.7755e+00  2.8727e+01  1.0000e+00
-1.8269e-01  7.8857e-01  2.8472e-01 -2.2679e+01 -8.3672e+00 -5.9336e+00  2.4891e+01  1.0000e+00
 1.4905e+01  3.5265e+00  9.6785e+00  3.2229e+01  6.9569e+00  2.0648e+01  3.8902e+01  1.0000e+00
-1.4375e+00  1.8279e+00 -8.6844e-02  3.7794e-01 -2.0721e-01 -2.7879e+00  2.8210e+00  1.0000e+00
 4.9611e+00  4.3740e+00  6.3733e+00  5.8658e+00  6.2430e+00  8.0177e+00  1.1733e+01  1.0000e+00
-5.3650e-02  6.4023e-01  1.9148e-01  9.4341e+00 -5.4884e+00 -1.2375e+00  1.0984e+01  1.0000e+00
-4.5168e-01  1.8234e+00  2.7380e-02  1.5425e+00  1.4052e+01 -5.4140e-01  1.4147e+01  1.0000e+00
-1.4835e+00  1.4144e+00  8.7022e-01  1.2170e+00 -1.0842e+00 -2.3705e+00  2.8768e+00  1.0000e+00
 1.2269e+00 -5.0309e-01  1.5058e+00 -4.7888e+00  5.9839e+00 -5.3480e+00  9.3456e+00  1.0000e+00
 9.2098e+01  2.3366e+01 -8.9456e+01  2.2218e+02  5.5313e+01 -2.1506e+02  3.1413e+02  1.0000e+00
-7.2142e-01  1.0355e+00  2.1286e-01  6.7362e+00 -1.0641e+01  5.9267e+00  1.3919e+01  1.0000e+00
 1.6922e+00 -4.6231e-01  1.1671e+00 -5.1621e+00  4.2755e+00 -5.0290e+00  8.3796e+00  1.0000e+00
-6.0920e-01  9.3651e-01  1.1884e+00  4.7629e+00 -9.5184e+00 -1.5102e+00  1.0750e+01  1.0000e+00
-2.0000e+00  1.2986e+00  8.2032e-01  3.0936e+00 -5.9884e-01 -1.4920e+00  3.4864e+00  1.0000e+00
 2.1674e-01  7.9639e-01  4.9380e-01  1.2331e+00  1.7066e+01  6.4770e+00  1.8295e+01  1.0000e+00
 4.1548e+00 -1.4885e+00 -4.1835e-01  6.6164e+00 -2.1229e+00 -3.2480e-01  6.9562e+00  1.0000e+00
-5.7531e-02  5.9183e-01  4.6740e-01 -5.0234e+00  1.2259e+01 -6.6614e+00  1.4829e+01  1.0000e+00
 4.7405e+00  1.0249e+01  1.7555e+01  1.7333e+01  3.4059e+01  6.1323e+01  7.2256e+01  1.0000e+00
-7.9341e+00 -1.1605e+01 -1.3040e+01 -1.3022e+01 -1.8844e+01 -2.1307e+01  3.1283e+01  1.0000e+00
 1.7618e+00 -3.6459e+00 -1.5688e+01  2.7139e+00 -5.4517e+00 -2.3379e+01  2.4159e+01  1.0000e+00
 1.4334e+00  4.2901e+00 -2.0210e+00  3.0809e+00  1.4133e+00  8.7062e-01  3.4996e+00  1.0000e+00
-3.4035e-01  1.1519e+00  5.0654e-01  1.2536e+01 -4.2171e+00  9.9125e+00  1.6528e+01  1.0000e+00
-2.6175e-01  1.0815e+00  1.4215e-01  1.1876e+01  6.2810e+00 -2.6664e+00  1.3697e+01  1.0000e+00
-1.7971e+00  1.1591e+00 -2.7944e-01 -1.4220e+01  9.7009e-01 -6.2825e+00  1.5576e+01  1.0000e+00
 3.7261e-02  1.2874e+00  1.8953e-01  1.5377e+00 -1.9932e+01 -4.8180e+00  2.0563e+01  1.0000e+00
 2.0118e+01  7.7266e+00 -5.1581e-01  3.3353e+01  1.3226e+01 -8.9526e-01  3.5890e+01  1.0000e+00
 1.1393e-01  8.1514e-01  5.6337e-01  7.7573e+00  3.6643e+00 -7.6503e+00  1.1495e+01  1.0000e+00
 1.4946e+01  8.6051e-01  1.6767e+01  2.4800e+01  1.5473e+00  2.7807e+01  3.7291e+01  1.0000e+00
 8.4570e-01  5.3768e-01  6.0637e-01  5.6602e+00 -2.3607e+00  4.5527e+00  7.6380e+00  1.0000e+00
 5.4448e-01  9.3778e-01  2.4306e-02 -3.1573e+00 -1.3363e+01  1.6661e+00  1.3832e+01  1.0000e+00
-2.4428e+01  5.1755e+00  5.5762e+00 -4.1163e+01  9.0034e+00  9.4801e+00  4.3190e+01  1.0000e+00
-4.3017e-01  3.4597e-01  1.1221e+00  4.5648e+00 -1.1022e-01 -5.4509e+00  7.1106e+00  1.0000e+00
 5.0898e+00 -8.3989e+00  1.5203e+01  7.8111e+00 -1.3676e+01  2.4490e+01  2.9117e+01  1.0000e+00
 5.6247e+00 -5.8494e+00  1.2181e+01  8.6396e+00 -9.2393e+00  1.9290e+01  2.3068e+01  1.0000e+00
 1.0003e+01 -1.1978e+01 -4.7214e+00  1.6620e+01 -1.8961e+01 -6.9759e+00  2.6161e+01  1.0000e+00
 2.9307e+00 -1.1335e+00  9.2826e-01 -2.8978e+00  3.6198e+00  3.2482e-01  4.6482e+00  1.0000e+00
-1.8786e-01  8.7894e-01 -4.4019e-02  8.7292e+00 -7.9171e+00 -2.1098e+01  2.4166e+01  1.0000e+00
 1.5522e-01  2.7144e+00  1.2139e-02  7.6221e-01  4.6479e+00 -5.5452e+00  7.2755e+00  1.0000e+00
-1.0518e+00  8.5593e-01 -1.0265e+00 -1.3706e+01 -3.6754e+00 -1.1719e+01  1.8404e+01  1.0000e+00
-3.2609e-01  1.0737e+00  1.3161e-01  2.4836e-01 -7.5285e-01 -5.4426e+00  5.5001e+00  1.0000e+00
-1.3106e-01  9.4041e-01  2.2308e-01  2.5486e+01 -1.2708e+01 -1.1214e+01  3.0607e+01  1.0000e+00
-3.5284e-01  1.0672e+00  5.0697e-02  1.6230e+01  5.8220e+00  2.9900e+00  1.7500e+01  1.0000e+00
-2.0152e-01  9.8917e-01  3.4793e-01  8.6854e-01 -1.6225e+01  5.5900e+00  1.7183e+01  1.0000e+00
-3.2252e+01  1.3372e+01  1.2243e+01 -5.4956e+01  2.2894e+01  2.1194e+01  6.3194e+01  1.0000e+00
-1.5667e-01  1.0270e+00  6.6197e-01 -4.2833e+00  1.8989e+00 -8.1243e-01  4.7553e+00  1.0000e+00
 2.6415e-01  3.6975e-01  9.0595e-01  6.0019e-01  1.0307e+00  7.4127e-01  1.4043e+00  1.0000e+00
-8.7762e-02  8.0258e-01  1.9780e-01 -1.1045e+01  9.3248e+00 -1.2174e+01  1.8898e+01  1.0000e+00
 1.1825e+01 -1.0093e+01 -4.0394e+00  1.9204e+01 -1.6136e+01 -6.1067e+00  2.5816e+01  1.0000e+00
-4.6899e-01  8.1538e-01  1.2079e-01  4.4080e+00  1.1490e+01  4.7483e+00  1.3190e+01  1.0000e+00
 7.9741e+00 -6.9060e+00  1.7571e+01  1.2928e+01 -1.1097e+01  2.9275e+01  3.3871e+01  1.0000e+00
 1.2876e+01  2.1980e+00  1.4163e+01  4.3822e+01  5.3469e+00  4.6255e+01  6.3942e+01  1.0000e+00
-2.9850e+00 -3.2340e+00 -1.4505e+01 -5.1440e+00 -4.9026e+00 -2.3299e+01  2.4358e+01  1.0000e+00
 4.9554e-01  2.6602e-01  3.9568e-01 -1.5742e+01  1.1210e+01 -1.6599e+00  1.9397e+01  1.0000e+00
-4.8261e-01  9.0078e-01  6.0016e-01 -2.1386e+00 -2.1645e-01  5.0290e+00  5.4691e+00  1.0000e+00
-5.4027e-01  1.0600e+00  7.1613e-01 -1.3379e+01  2.4649e+00  2.2357e-01  1.3606e+01  1.0000e+00
 1.5229e+00  1.4607e+00 -8.1104e-01 -3.4889e+00  2.6735e+00  2.1252e+00  4.8823e+00  1.0000e+00
-4.9528e-01  1.4731e+00  1.3698e+00 -4.3422e+00  7.4063e+00 -4.8865e+00  9.8786e+00  1.0000e+00
 1.4638e-01  4.2431e-01  4.8832e-02 -1.4653e+01  6.5748e+00  4.9847e+00  1.6817e+01  1.0000e+00
-1.0826e-01  1.1624e+00  1.3673e-01  1.0691e+01 -8.9404e+00  1.3347e+01  1.9296e+01  1.0000e+00
 2.0862e+00 -5.9338e-01  1.3252e+00 -5.8410e+00  5.8928e+00 -7.9246e-01  8.3349e+00  1.0000e+00
-2.4582e+00 -6.8791e+00  1.5771e+01 -3.9682e+00 -1.1510e+01  2.5754e+01  2.8487e+01  1.0000e+00
 2.0928e-01  1.2952e+00  5.5841e-01 -7.1259e+00 -1.0179e+01  1.4266e+00  1.2507e+01  1.0000e+00
-1.3265e-01  1.3236e+00  6.0130e-01  1.6756e-01  4.2640e+00 -3.7383e+00  5.6732e+00  1.0000e+00
-2.1808e+01  4.4418e+00 -6.1335e+00 -3.5491e+01  8.5146e+00 -9.3951e+00  3.7688e+01  1.0000e+00
-1.5130e-01  8.5445e-01  2.1537e-01 -2.8771e+00  1.0407e+01  6.2612e+00  1.2481e+01  1.0000e+00
 1.9604e-01  3.2656e-01 -1.4760e-01 -1.2484e+00  1.0626e+01  1.8624e+00  1.0860e+01  1.0000e+00
-2.2503e-01  1.2444e+00  2.6340e-01 -4.4775e-01  2.7284e+00 -1.6310e+01  1.6542e+01  1.0000e+00
-8.5566e+00 -2.8200e+01 -3.2119e+01 -1.4932e+01 -4.4720e+01 -5.2219e+01  7.0354e+01  1.0000e+00
 2.1099e+01 -1.8621e+01  5.2567e+00  3.5483e+01 -3.1203e+01  8.7448e+00  4.8054e+01  1.0000e+00
-3.0338e-01  9.8455e-01  3.8667e-01 -2.9949e+01  1.0460e+01  1.7344e+00  3.1771e+01  1.0000e+00
-2.3915e+00  1.9141e+00  1.4099e+00 -1.1328e+01  6.0002e+00  3.2203e+00  1.3218e+01  1.0000e+00
-2.1059e-01  8.0924e-01  2.6356e-01 -8.9076e+00  8.2796e-01  1.5281e+00  9.0756e+00  1.0000e+00
-1.2182e+00  1.1783e+00  6.5777e-01 -1.3665e+01  1.6486e+00  1.2007e+00  1.3817e+01  1.0000e+00
 6.0093e-02  8.9528e-01  7.0099e-01 -6.2282e+00  6.3228e-01 -1.3474e+01  1.4857e+01  1.0000e+00
 7.9316e-02  1.0546e+00  2.0399e-01  1.0416e+01 -9.2128e+00  6.1164e+00  1.5191e+01  1.0000e+00
-1.1533e+01  1.8000e+01 -9.6124e+00 -1.9217e+01  3.0405e+01 -1.5882e+01  3.9319e+01  1.0000e+00
-2.2168e+00  1.2323e+00  2.2400e+00 -3.9739e+00  2.5898e+00  1.0493e+01  1.1515e+01  1.0000e+00
-7.9751e-01  9.5617e-01  1.2862e+00 -6.3290e-01  7.8861e-01  1.5828e+01  1.5861e+01  1.0000e+00
-6.0359e-01  8.7842e-01  4.7635e-01  4.9182e+00  1.1016e+01 -8.7619e+00  1.4910e+01  1.0000e+00
-3.0419e-01  1.0352e+00  7.6320e-02 -1.1479e+00 -1.6067e+01  2.5666e+01  3.0302e+01  1.0000e+00
-5.4404e-01  1.6617e+00 -1.3796e-01 -4.8791e+00 -6.2483e+00 -2.6342e+00  8.3538e+00  1.0000e+00
-2.2035e-01  9.6424e-01  4.5000e-01  1.6042e+01 -9.0787e+00  3.7798e+00  1.8816e+01  1.0000e+00
-1.2551e-01  1.1633e+00 -9.0780e-02  3.4262e+00 -5.4262e-01  3.7892e+00  5.1372e+00  1.0000e+00
 1.1018e-01  9.6499e-01  6.6090e-02  2.2971e+01 -5.5235e+00 -3.4264e+00  2.3873e+01  1.0000e+00
-4.2995e-01  1.2657e+00  9.9685e-02 -1.2062e+01  1.1883e+01 -1.1001e-01  1.6933e+01  1.0000e+00
-1.3639e-01  1.1927e+00  2.0446e-01 -5.9335e+00  2.5601e+01  1.8902e-01  2.6281e+01  1.0000e+00
 5.2937e+00 -8.6409e+00  1.5026e+01  8.6356e+00 -1.3221e+01  2.4833e+01  2.9429e+01  1.0000e+00
 1.5528e-01  9.0531e-02  3.0029e-01  2.2231e+00 -2.6240e+00  2.7542e+00  4.4060e+00  1.0000e+00
 4.1105e+01 -2.8137e+01 -5.7399e+01  6.9252e+01 -4.7253e+01 -9.5417e+01  1.2702e+02  1.0000e+00
 6.9480e-02  3.0395e+00 -1.4387e-01  2.4087e+00  2.1475e+01 -8.1550e+00  2.3097e+01  1.0000e+00
-1.5018e+00  3.1845e+00  1.9264e+00  1.4331e+00 -1.5771e-01 -4.0757e+00  4.3232e+00  1.0000e+00
 1.0614e+01 -3.0644e+00 -2.3284e+00  1.6773e+01 -3.7922e+00 -2.8354e+00  1.7429e+01  1.0000e+00
-4.0892e-02  1.1594e+00  4.3271e-01 -7.4762e+00  8.5282e+00  6.4268e+00  1.3036e+01  1.0000e+00
 2.2578e-01 -8.3589e-01  1.3122e+00  2.5669e+00  5.8783e+00 -4.6392e+00  7.9161e+00  1.0000e+00
 9.2928e-02  1.1047e+00  2.0533e-01 -9.9063e+00  1.6603e+01  5.6744e+00  2.0149e+01  1.0000e+00
-2.7988e-01  1.5567e+00  5.3529e-02  1.0033e+00 -4.5578e+00  5.5145e-01  4.6993e+00  1.0000e+00
-1.4043e-01  1.1456e+00  6.3787e-02  8.2701e-03 -1.6911e+01  9.3712e+00  1.9334e+01  1.0000e+00
-2.4461e-01  4.4678e-01 -1.8683e-01 -3.3880e+00 -2.6353e-02  3.4758e+00  4.8539e+00  1.0000e+00
-6.1809e-01  8.7391e-01 -1.5813e-03 -1.4777e+01  4.9416e-01 -1.6670e+01  2.2282e+01  1.0000e+00
-9.5474e-01  2.3154e-01 -4.5547e-01 -7.7154e+00 -7.1275e-01  5.4856e-01  7.7676e+00  1.0000e+00
 1.0147e+00 -8.1555e+00  1.4443e+01  1.7123e+00 -1.3130e+01  2.3171e+01  2.6688e+01  1.0000e+00
-2.5657e+01  1.9861e+01 -1.6341e+01 -5.8206e+01  4.4392e+01 -3.7327e+01  8.2170e+01  1.0000e+00
-2.0676e+00  1.1964e+00  1.4904e-02 -6.6138e+00  1.2114e+00  3.6171e+00  7.6350e+00  1.0000e+00
-1.0988e+00  2.6462e+00  5.1663e-01  1.3106e+00  7.4732e-01  1.5309e+00  2.1494e+00  1.0000e+00
-2.9930e-01  9.8838e-01  4.2653e-01  2.3250e+01  1.1910e+01 -1.1826e+01  2.8675e+01  1.0000e+00
 2.4664e-01  6.0853e-01  1.1397e+00  5.4110e+00  4.6830e+00  1.7904e+00  7.3766e+00  1.0000e+00
 2.9910e-01  8.6212e-01  2.5231e-01  1.6964e+01 -5.5981e-01  3.0575e+00  1.7246e+01  1.0000e+00
-4.6024e-01  4.8762e-01 -2.8822e-01  4.3880e+00 -5.0383e+00 -8.4776e+00  1.0794e+01  1.0000e+00
-1.3850e+01  1.1672e+01 -3.8710e+00 -2.2367e+01  1.8919e+01 -6.2053e+00  2.9945e+01  1.0000e+00
 8.3362e+00 -6.5285e+00 -2.5512e+01  1.4119e+01 -1.1163e+01 -4.3242e+01  4.6838e+01  1.0000e+00
-3.0157e-01  4.7788e-01  3.4273e-01  1.2287e+01  1.6963e+01  1.5256e+00  2.1002e+01  1.0000e+00
-6.8718e-01 -1.6438e+01 -1.1780e+01 -9.1681e-01 -2.7138e+01 -1.9282e+01  3.3303e+01  1.0000e+00
-6.1497e+00  5.7963e+00 -2.4117e+01 -1.0565e+01  9.9959e+00 -4.0593e+01  4.3120e+01  1.0000e+00
 2.9099e+00 -1.4437e+01  1.3763e-01  4.5683e+00 -2.3264e+01  3.3194e-01  2.3710e+01  1.0000e+00
-2.4301e+00  6.3332e-01  6.3231e-01 -2.5442e+00  3.4461e+00  9.5105e-01  4.3879e+00  1.0000e+00
-2.8044e+00 -3.6225e+00 -1.5628e+01 -4.5990e+00 -6.1525e+00 -2.4597e+01  2.5768e+01  1.0000e+00
 1.6321e+00  3.9370e+00  3.5965e+00  2.8343e+00  5.4341e+00  5.1751e+00  8.0215e+00  1.0000e+00
-4.6383e-01  1.0061e+00  2.0227e-01  6.4897e+00 -3.9945e+00  3.8526e+00  8.5390e+00  1.0000e+00
 9.1729e+00  5.6412e+00  1.2730e+01  1.8230e+01  9.9549e+00  2.4745e+01  3.2307e+01  1.0000e+00
 2.5156e-01  8.1543e-01  9.7082e-01 -3.1964e+00  1.6438e+00 -4.6551e+00  5.8812e+00  1.0000e+00
 9.6575e+00 -1.2041e+01 -4.6599e+00  1.5152e+01 -1.9144e+01 -7.9466e+00  2.5676e+01  1.0000e+00
-6.4549e-01  1.4770e+00 -1.1667e-01  2.9931e+00  4.7405e-01  1.0118e+00  3.1949e+00  1.0000e+00
 3.0311e-02  1.1452e+00  5.1253e-01 -3.9079e-01 -1.7495e+01 -6.2253e+00  1.8574e+01  1.0000e+00
-1.6791e+01 -7.5588e+00 -5.2707e+00 -2.7520e+01 -1.2304e+01 -8.4763e+00  3.1314e+01  1.0000e+00
 8.5144e+00  4.6119e+00  8.4049e+00  1.2664e+01  7.6220e+00  1.3579e+01  2.0071e+01  1.0000e+00
-6.3063e-01  8.8723e-01  2.3088e-01  1.0875e+00  1.4149e+00 -6.2796e+00  6.5282e+00  1.0000e+00
 6.7353e+00 -2.1995e+01 -1.7373e+00  1.1484e+01 -3.6882e+01 -2.9292e+00  3.8740e+01  1.0000e+00
 1.4025e+01 -3.7221e+00  1.1029e+01  8.4755e+01 -2.7180e+01  6.4884e+01  1.1015e+02  1.0000e+00
-3.2119e+01 -3.0707e+00  4.7423e+01 -5.6974e+01 -5.5829e+00  8.4052e+01  1.0170e+02  1.0000e+00
 1.2857e+01 -2.2242e+01 -1.8060e+01  2.2040e+01 -3.7754e+01 -3.0755e+01  5.3451e+01  1.0000e+00
-5.6125e-01  1.3330e+00  5.0488e-01 -5.5987e+00  1.6313e+01  1.1371e+00  1.7284e+01  1.0000e+00
-1.6336e+00  4.4939e+00  1.1374e+00 -1.6532e+00  1.0107e+01  2.1032e+00  1.0455e+01  1.0000e+00
-1.1556e-01  9.2773e-01 -4.1902e-01  5.3188e+00  1.2744e+01 -8.5611e+00  1.6248e+01  1.0000e+00
-7.1750e+00 -1.4924e+00 -5.3630e+00 -1.0160e+01 -4.3801e-01 -7.6718e+00  1.2739e+01  1.0000e+00
-1.1060e+00  5.3990e-01  7.3409e-01 -8.7167e+00 -3.2418e+00  7.8486e+00  1.2169e+01  1.0000e+00
-2.3226e-01  1.3033e+00  2.9248e-01  8.8215e+00  9.1896e+00 -2.0366e+01  2.4021e+01  1.0000e+00
-1.3872e-01 -1.6492e+01 -1.1703e+01 -3.2280e-01 -2.6764e+01 -1.9199e+01  3.2939e+01  1.0000e+00
-5.3067e-01 -2.7912e+00  2.9276e-01 -2.4944e+00 -3.8938e+01 -2.6539e+00  3.9108e+01  1.0000e+00
-3.6377e-01  1.2250e+00  1.0047e-01 -1.4165e+01  1.0457e+01 -1.1637e+01  2.1105e+01  1.0000e+00
-2.5368e-01  1.4524e+00  6.5378e-01  5.6622e+00 -5.6147e+00  5.1194e+00  9.4760e+00  1.0000e+00
 6.4885e-01  8.0128e-01  5.0900e-03  2.5650e+00 -2.4743e+00  2.7967e+00  4.5302e+00  1.0000e+00
-1.7547e-01  7.0745e-01  2.0592e-01  6.6681e+00  6.0144e+00  8.5123e-01  9.0200e+00  1.0000e+00
-3.1758e+01 -3.7975e+01  1.7723e+01 -5.1370e+01 -6.2603e+01  2.9548e+01  8.6204e+01  1.0000e+00
-3.5287e-01  9.6966e-01  1.0396e-01  2.4521e+00  1.2819e+01 -2.0067e+01  2.3938e+01  1.0000e+00
-2.7597e+00  4.8802e+00 -2.0573e+00 -4.0477e+00  7.9245e+00 -2.3811e+00  9.2114e+00  1.0000e+00
-7.5530e-02  9.8718e-01  3.0765e-01  2.0849e+01  3.0109e+00  9.5730e+00  2.3138e+01  1.0000e+00
-6.3278e-01  9.0392e-01  1.1624e-01 -2.0229e+00  1.3224e+01 -3.2925e+00  1.3778e+01  1.0000e+00
 3.4939e-01  1.0245e+00 -8.2811e-02 -4.8335e+00 -3.2423e+00  1.5784e+01  1.6823e+01  1.0000e+00
-5.2759e-01  8.8739e-01  2.8520e-01  1.0544e+01  2.2570e+01  6.1847e+00  2.5668e+01  1.0000e+00
-4.7502e-01  1.0694e+00  5.2559e-01  3.5055e-02 -1.8065e+01 -2.7260e+00  1.8269e+01  1.0000e+00
-1.0778e-01 -1.4472e+01  6.9216e+00 -1.9035e-01 -2.3451e+01  1.0984e+01  2.5897e+01  1.0000e+00
-1.8781e+01 -1.1242e+01 -6.7450e+00 -3.2086e+01 -1.8962e+01 -1.1722e+01  3.9070e+01  1.0000e+00
 2.0997e-01  1.0168e+00  2.4120e-01  9.9379e+00 -2.2563e+01 -3.7037e+00  2.4931e+01  1.0000e+00
-6.9267e-01  8.3972e-01  9.1194e-01 -5.3672e+00 -3.2172e+00  5.7516e+00  8.4993e+00  1.0000e+00
 2.4131e+01 -8.6471e+00 -1.4302e+00  4.0723e+01 -1.4512e+01 -2.2792e+00  4.3292e+01  1.0000e+00
-3.0130e-01  1.0500e+00 -8.9262e-01 -1.2195e+01  6.1641e+00 -8.7463e-01  1.3692e+01  1.0000e+00
 2.3805e+02 -2.9466e+02  1.9312e+02  3.8386e+02 -4.7418e+02  3.0947e+02  6.8408e+02  1.0000e+00
-5.6413e-02  5.4269e-01  3.7260e-01 -3.4865e+00 -8.3579e+00  1.0801e+01  1.4095e+01  1.0000e+00
-1.7320e-01  1.0230e+00 -3.2223e-01 -1.0593e+01  8.5176e+00  1.4050e+01  1.9549e+01  1.0000e+00
 2.1852e-01  7.2825e-01 -1.7427e-01  1.8974e+00 -8.3869e-01 -8.6083e+00  8.8548e+00  1.0000e+00
 1.3314e+01  1.0759e+01  1.0135e+00  2.1411e+01  1.7138e+01  1.8766e+00  2.7490e+01  1.0000e+00
-1.0689e+01 -2.7752e+00  5.7242e+00 -1.8855e+01 -4.6245e+00  1.0868e+01  2.2249e+01  1.0000e+00
 3.2851e+00 -1.8092e+01  9.2555e-01  5.2654e+00 -2.9466e+01  1.2271e+00  2.9957e+01  1.0000e+00
-3.2135e-01  4.4534e-01  2.8563e-01 -9.0609e+00 -1.0262e+01 -7.3512e+00  1.5538e+01  1.0000e+00
 8.7473e-01  8.3804e+00 -1.2962e+01  1.2637e+00  1.3253e+01 -2.0763e+01  2.4665e+01  1.0000e+00
-3.5376e+01  1.1908e+01  1.2934e+01 -6.8529e+01  2.3111e+01  2.4983e+01  7.6515e+01  1.0000e+00
-1.5097e-01  9.5460e-01  2.9317e-01  5.4710e+00 -1.3672e+01  1.3658e+00  1.4789e+01  1.0000e+00
-6.3964e-01  6.1903e-01  4.3422e-01 -3.2611e+00 -1.2442e+01 -2.1728e+00  1.3044e+01  1.0000e+00
-2.6824e-01  1.6731e-01  1.3812e-01  1.2239e-01 -5.3813e+00  5.7146e-01  5.4129e+00  1.0000e+00
 1.5856e+00  1.8881e-01 -3.0846e-01 -5.3911e+00  1.6473e+00  3.5928e+00  6.6847e+00  1.0000e+00
 1.8051e+00 -1.8595e+01  1.4772e+01  2.9633e+00 -3.1187e+01  2.4807e+01  3.9959e+01  1.0000e+00
 1.0281e+01 -1.9182e+01  7.6852e+00  2.3478e+01 -4.4082e+01  1.7192e+01  5.2821e+01  1.0000e+00
-9.1421e-01  1.0802e+01  1.6985e+00 -3.2560e+00  1.5570e+01  3.0156e+00  1.6190e+01  1.0000e+00
 1.2138e-01  1.4570e+00  9.8678e-01  3.3817e+00 -1.1847e+00  2.6379e+00  4.4494e+00  1.0000e+00
 6.1723e-01  5.6393e-03  4.7956e-01 -1.2592e+01  1.1495e+01 -2.5457e+00  1.7239e+01  1.0000e+00
 2.2388e-02  1.0084e+00  3.9632e-01 -2.5219e-01 -1.1475e+01 -9.5560e-01  1.1517e+01  1.0000e+00
 9.5787e+00 -3.1124e+00  5.1695e+00  1.4622e+01 -3.7626e+00  7.3827e+00  1.6807e+01  1.0000e+00
-5.1298e-01  1.0813e+00  6.7108e-01  1.9498e+00  8.0111e+00  2.1358e+01  2.2894e+01  1.0000e+00
-1.5570e-01  7.0158e-01 -2.8255e-01  1.9865e+00 -5.4014e+00 -1.2963e+01  1.4183e+01  1.0000e+00
-1.1910e-01  1.1238e+00  1.8744e-01 -2.1248e+01  2.6412e+00 -5.1068e+00  2.2012e+01  1.0000e+00
-3.9646e+00 -3.3936e+00 -2.0042e+01 -6.3861e+00 -5.4233e+00 -3.3092e+01  3.4136e+01  1.0000e+00
-1.4592e+00 -5.7138e-01  4.1555e+00 -2.3636e-01  1.0159e+00  2.4618e+00  2.6737e+00  1.0000e+00
 2.4475e+01 -5.4509e-01 -5.2991e+00  4.1261e+01 -7.3686e-01 -8.5839e+00  4.2151e+01  1.0000e+00
-5.5863e-01 -9.3194e-02  1.1521e-01  9.5872e-01 -7.2529e+00  2.8470e+00  7.8505e+00  1.0000e+00
 8.5322e+00 -1.3920e+00  2.2365e+01  1.4425e+01 -2.8104e+00  3.7797e+01  4.0553e+01  1.0000e+00
-9.0428e-01  1.2232e+00 -1.3755e+00 -2.2568e+00  3.2092e+00 -1.5970e+00  4.2358e+00  1.0000e+00
-3.0176e-02  3.9472e-01  1.3049e+00 -1.1403e+01 -3.5077e+00 -5.4581e+00  1.3120e+01  1.0000e+00
-9.6526e+00  1.6419e+00  1.5711e+01 -1.5505e+01  2.6741e+00  2.5705e+01  3.0138e+01  1.0000e+00
-1.6560e+00  7.7269e+00 -3.0539e-01 -3.8831e+00  7.5292e+00 -8.6262e-01  8.5154e+00  1.0000e+00
-2.2011e-01  1.3859e+00  3.2567e-01 -1.4844e+01  7.1243e-01  5.1518e-01  1.4870e+01  1.0000e+00
 8.6617e-01  3.8472e+01  2.5032e+01  2.8079e-01  6.3467e+01  4.0471e+01  7.5273e+01  1.0000e+00
-5.5390e+00  4.9109e+00 -1.8430e+00 -6.1172e+00  5.4617e+00 -7.3493e-01  8.2335e+00  1.0000e+00
 2.0544e-01  1.4266e+00 -1.6859e-01 -1.8237e+01 -2.3451e+00  3.8047e+00  1.8777e+01  1.0000e+00
 1.6817e-01  9.9405e-01  1.7847e-01 -1.4551e+01  1.7004e-01  4.4717e+00  1.5224e+01  1.0000e+00
-7.9317e-02  7.5062e-01  4.3022e-01  8.6761e+00 -1.2444e+01  3.5201e+00  1.5573e+01  1.0000e+00
-2.6338e-01  1.1620e+00  3.6796e-01 -9.7937e+00  1.9895e+01  1.2354e+01  2.5384e+01  1.0000e+00
-2.3739e-01  9.5069e-01  3.3059e-01  1.7013e+01  4.9179e+00  5.1130e+00  1.8433e+01  1.0000e+00
-3.0598e+00  2.1967e-01  4.4204e+00 -7.0387e-01  1.4152e+00  2.3406e+00  2.8243e+00  1.0000e+00
 2.4739e-01  6.3792e-01  2.9531e-01  5.5813e+00 -5.0417e+00  2.5138e+00  7.9303e+00  1.0000e+00
-1.3289e+01  1.1133e+01  3.8411e+00 -2.7020e+01  2.2562e+01  7.2006e+00  3.5931e+01  1.0000e+00
 2.8174e-02  1.6094e+00  9.5928e-02 -1.0250e+01  1.0242e+01  1.2606e+00  1.4545e+01  1.0000e+00
-2.5630e-01  8.2221e-01  2.5902e-01  6.5052e+00 -1.0858e+00  1.2763e+01  1.4366e+01  1.0000e+00
-3.7236e-01  9.9498e-01  3.5377e-01 -1.4951e+01  2.0187e+00 -8.7009e+00  1.7416e+01  1.0000e+00
-2.7292e-01  7.3223e-01  1.0488e-01  1.8546e+01  1.6098e+01 -2.3570e+00  2.4671e+01  1.0000e+00
 8.0584e+00 -1.3583e+01 -6.7956e+00  1.3167e+01 -2.1561e+01 -1.1052e+01  2.7575e+01  1.0000e+00
 3.7005e-01 -3.4967e-01  3.2283e-01 -3.9657e+00  4.3981e+00  2.8237e+00  6.5607e+00  1.0000e+00
 1.0540e+01  2.9134e+00 -2.3604e+01  1.7795e+01  5.2421e+00 -3.8067e+01  4.2346e+01  1.0000e+00
-1.7013e+00  9.2240e+00 -5.8077e+00 -2.5186e+00  1.3417e+01 -7.4406e+00  1.5547e+01  1.0000e+00
-2.1059e+01 -7.3980e+00  5.0070e+00 -3.5515e+01 -1.2124e+01  8.3979e+00  3.8456e+01  1.0000e+00
 2.6396e+01 -2.5437e+00 -1.0819e+01  4.5065e+01 -4.2912e+00 -1.8283e+01  4.8821e+01  1.0000e+00
 1.0234e+01 -5.6550e+01  3.5072e+01  1.7616e+01 -9.7711e+01  6.0738e+01  1.1639e+02  1.0000e+00
-3.1387e-01  1.0292e+00  3.3295e-01 -1.9772e+01  4.0376e+00  1.0338e+01  2.2674e+01  1.0000e+00
-1.3527e-01  8.6017e-01  5.2209e-01  2.0804e+01 -5.5812e+00  6.3128e+00  2.2446e+01  1.0000e+00
-1.3152e-01  1.0792e+00  1.4717e-01 -9.4950e+00 -3.7472e+00  1.6410e+00  1.0339e+01  1.0000e+00
 8.4671e-01  1.5042e+00  1.5890e-01 -4.7876e+00 -4.0900e-01  1.0023e+00  4.9085e+00  1.0000e+00
-1.2842e+01 -6.3505e+00 -6.5713e+00 -2.0893e+01 -9.5579e+00 -1.0674e+01  2.5334e+01  1.0000e+00
-4.5333e-01  1.0183e+00  3.5058e-02 -4.5218e+00 -1.6517e+01  1.7556e+01  2.4525e+01  1.0000e+00
-3.1200e-01  9.3171e-01  7.9779e-01 -1.6532e+01 -1.3125e+01  2.3072e+00  2.1234e+01  1.0000e+00
-1.8459e-01  1.1475e+00  4.9850e-01 -5.7506e+00  2.5983e+01 -5.1562e+00  2.7107e+01  1.0000e+00
-2.3204e-01  1.1221e+00  2.2403e-01  9.0369e+00 -1.5289e+01  6.4342e+00  1.8890e+01  1.0000e+00
 2.9690e+00 -2.8162e+00 -3.4934e+00  2.3025e+00 -7.4809e-01 -2.4866e+00  3.4705e+00  1.0000e+00
-9.9457e-01  9.8673e-01  2.8194e-01  1.2808e+00 -2.8702e-01 -2.2296e+00  2.5873e+00  1.0000e+00
-3.5322e-01  8.3900e-01  3.6594e-02 -8.3395e+00 -9.6740e+00 -4.8557e+00  1.3664e+01  1.0000e+00
 8.7337e+00 -1.0543e+01 -1.2885e+01  1.4179e+01 -1.7653e+01 -2.0705e+01  3.0682e+01  1.0000e+00
 4.1700e+00  2.4804e+00 -2.4578e+00  2.3093e+01  9.0865e+00 -1.0816e+01  2.7071e+01  1.0000e+00
-3.4383e-01  1.2751e+00  1.3742e-01 -1.9548e+00 -2.7457e-01  3.1230e+00  3.6945e+00  1.0000e+00
-4.8948e-01  1.2317e+00  6.8955e-02 -3.6351e+00  7.4702e-01 -9.0764e+00  9.8058e+00  1.0000e+00
 2.7570e-01  2.2133e+00  3.5775e-01 -2.7719e+00  1.4926e+00  9.4857e+00  9.9945e+00  1.0000e+00
 1.0035e+01 -4.7244e+00 -6.5990e+00  3.0887e+01 -1.5926e+01 -2.0287e+01  4.0239e+01  1.0000e+00
-2.0652e-01  7.7270e-01  4.4806e-01 -1.7186e+01 -8.6342e+00  1.1333e+01  2.2324e+01  1.0000e+00
-9.4968e-01  1.3036e+00  3.0239e-02  1.5156e+01 -5.7033e+00  4.6993e+00  1.6861e+01  1.0000e+00
-2.8808e+01  6.9485e+00  1.4176e+01 -6.0172e+01  1.4441e+01  2.9704e+01  6.8641e+01  1.0000e+00
 2.0167e-01  1.1953e+00  7.9083e-02 -3.4980e+00  1.1117e+01 -2.0386e+00  1.1831e+01  1.0000e+00
 1.1639e+01  8.2981e+00 -9.6511e-01  1.7792e+01  1.3379e+01 -9.7439e-01  2.2282e+01  1.0000e+00
-8.0692e-02  6.6244e-01  4.0941e-01  8.3068e+00  1.3430e+00  2.4533e+00  8.7650e+00  1.0000e+00
 8.7988e-02  1.0413e+00 -1.2991e-01 -3.0207e+00  1.2104e+01  6.5161e+00  1.4074e+01  1.0000e+00
-4.2362e-01  1.1611e+00  2.5388e-02  5.8180e-01 -1.4230e+01  6.3317e+00  1.5586e+01  1.0000e+00
 2.2488e+00  1.0685e+01 -4.3644e-01  3.8999e+00  1.4874e+01 -1.3894e+00  1.5440e+01  1.0000e+00
-2.3667e+02  2.9373e+02 -1.9641e+02 -3.7964e+02  4.7214e+02 -3.1702e+02  6.8377e+02  1.0000e+00
 6.5196e-01  5.9268e-02 -1.3017e-01  6.0365e+00  2.7962e+00  3.2754e+00  7.4153e+00  1.0000e+00
-2.0959e-01  9.2355e-01  3.0597e-01  1.7334e+01 -4.3628e+00  1.1105e+01  2.1043e+01  1.0000e+00
-7.7133e-01  3.0475e+00 -4.1115e-02 -2.8979e+00  8.7425e+00 -8.8771e-01  9.2530e+00  1.0000e+00
 3.1280e-01  8.0017e-01  7.3282e-01 -3.3012e+00  6.6217e+00  2.5190e+00  7.8160e+00  1.0000e+00
-4.5610e-01  1.0164e+00  5.3103e-01  1.5937e+01  2.0875e+01 -1.9712e+00  2.6337e+01  1.0000e+00
 8.3093e+00 -1.2191e+01 -1.1727e+01  1.4839e+01 -1.9211e+01 -1.8302e+01  3.0401e+01  1.0000e+00
 2.4561e+00 -2.9145e-01  4.6873e-01 -3.2176e+00  2.1752e+00  1.6838e+00  4.2331e+00  1.0000e+00
-1.5318e+00  4.3208e-01  2.3222e+00  4.5576e+00  2.9021e+00 -1.9678e+00  5.7503e+00  1.0000e+00
-3.3950e-01  9.8898e-01 -1.5086e-01  5.0603e+00  4.9783e+00 -6.7235e+00  9.7773e+00  1.0000e+00
-1.8248e+01  1.1167e+00  1.5626e+01 -3.0618e+01  2.2682e+00  2.6480e+01  4.0544e+01  1.0000e+00
 2.2532e-02  9.6516e-01  1.2138e-01  7.8516e+00  9.6116e+00  2.1850e+01  2.5129e+01  1.0000e+00
-1.3106e-01  8.6834e-01  4.9748e-01  1.1264e+01 -6.4216e+00 -3.0924e+00  1.3330e+01  1.0000e+00
-1.2344e+01  1.1239e+01 -1.9903e+01 -2.0768e+01  1.9180e+01 -3.3544e+01  4.3868e+01  1.0000e+00
 2.0873e+01 -1.4246e+01  5.7673e+00  3.5163e+01 -2.3839e+01  9.8028e+00  4.3599e+01  1.0000e+00
 1.1094e+01 -6.8118e+00  1.2437e+01  1.7784e+01 -1.0935e+01  2.0422e+01  2.9204e+01  1.0000e+00
-7.4162e-01  1.0870e+00  9.1164e-01 -3.8569e+00  5.0068e-01 -1.4571e+01  1.5081e+01  1.0000e+00
 1.2650e-01  1.3249e+00  7.1519e-02  2.9758e+00  8.5277e-01  3.8273e+00  4.9224e+00  1.0000e+00
-2.8591e-01  1.0418e+00  3.4582e-01  1.9633e+01  1.8509e+01 -1.3264e+01  3.0066e+01  1.0000e+00
-8.3867e+00  1.2443e+00  2.7302e+00 -1.0834e+01  9.7735e-01  3.0185e+00  1.1289e+01  1.0000e+00
-2.0970e-01  1.0687e+00  2.2280e-01  3.5021e-01 -2.0603e+00  1.3783e+01  1.3941e+01  1.0000e+00
-3.8712e-01  1.1594e+00  4.5930e-01  5.3651e+00  1.6976e-01  1.1615e+01  1.2796e+01  1.0000e+00
-4.9858e-01  1.3506e+00  2.3125e-01 -4.4408e+00  1.0826e+00 -1.0385e+01  1.1346e+01  1.0000e+00
-5.7333e-02  9.2244e-01  2.9391e-01 -7.5465e+00  9.5033e+00 -1.2223e+01  1.7224e+01  1.0000e+00
-7.9898e+00  7.8805e+00 -6.6812e+00 -1.1953e+01  1.3201e+01 -9.9510e+00  2.0401e+01  1.0000e+00
-8.1062e-01  1.0833e+00  7.4735e-02 -1.1204e+01 -1.4651e+01 -2.6476e+00  1.8633e+01  1.0000e+00
-6.3012e+00  3.9997e+00 -1.5391e+01 -1.0295e+01  6.4669e+00 -2.4754e+01  2.7578e+01  1.0000e+00
-2.2918e+00  9.5854e+00  3.9162e+00 -5.4317e+00  1.3033e+01  4.1461e+00  1.4716e+01  1.0000e+00
-1.9805e+01 -4.3456e+00 -5.4935e+00 -3.3455e+01 -6.9029e+00 -8.4645e+00  3.5193e+01  1.0000e+00
 2.0834e-01  1.2662e+00 -8.3601e-02  7.3592e+00  1.4801e+01 -1.2269e+01  2.0585e+01  1.0000e+00
-8.7517e-02 -2.2609e-01 -3.1815e+00 -2.4526e-01  7.8997e-01 -6.8741e-01  1.0755e+00  1.0000e+00
 6.7607e-02  1.1024e+00  3.6346e-01 -2.2703e+01 -3.4304e+00  9.2565e+00  2.4756e+01  1.0000e+00
-5.1228e-01  1.0447e+00  8.8117e-01 -3.1723e+00  5.7985e-01 -1.9092e+01  1.9363e+01  1.0000e+00
-1.9021e-01  1.7840e+00  1.3451e+00 -3.6278e-02  4.9828e+00 -3.9290e+00  6.3456e+00  1.0000e+00
-1.5301e-01  9.9391e-01  2.4401e-01 -2.5756e+00  2.0321e+01 -1.1632e+01  2.3556e+01  1.0000e+00
-3.7558e-01  6.6602e-01 -3.2263e-01  7.3249e-01 -4.4052e+00  1.8281e+00  4.8254e+00  1.0000e+00
 2.9501e+00 -1.1562e+00 -1.7382e-01 -7.2706e-01  2.4628e+00 -4.7230e+00  5.3760e+00  1.0000e+00
 1.2828e+00  4.5284e+00 -1.0785e+00  4.6528e+00  1.2429e+01 -5.3486e+00  1.4309e+01  1.0000e+00
-5.5928e-02  1.5859e+00 -9.3304e-02  1.8457e+00 -9.8519e+00  8.9503e+00  1.3438e+01  1.0000e+00
-2.5547e+01  2.8168e+01 -1.7154e+01 -4.1942e+01  4.4205e+01 -2.6637e+01  6.6504e+01  1.0000e+00
 5.3351e-02  1.0083e+00 -6.7708e-01 -3.1740e+00  3.4664e+00  1.7720e+01  1.8333e+01  1.0000e+00
 1.2701e+00  2.4204e+00 -5.4943e-01 -8.8170e+00  8.6359e-01  3.1535e+00  9.4037e+00  1.0000e+00
-6.6899e+00 -2.9079e+00 -6.3059e+00 -1.9888e+01 -1.0839e+01 -2.0286e+01  3.0407e+01  1.0000e+00
-2.4926e-01  1.2834e+00  3.1639e-01  4.1023e+00  1.2973e+01  1.1403e+01  1.7753e+01  1.0000e+00
-4.4730e-01 -1.3889e+01 -7.6058e+00 -6.0538e-01 -2.1980e+01 -1.2524e+01  2.5305e+01  1.0000e+00
-3.6643e-01  1.0045e+00  8.9262e-02  1.8342e+01 -8.4179e+00 -1.7859e+01  2.6949e+01  1.0000e+00
 8.3490e+00 -1.2246e+01 -1.1605e+01  1.2640e+01 -2.0450e+01 -1.9681e+01  3.1069e+01  1.0000e+00
-6.9077e-02  6.8448e-01  7.8528e-02  3.5419e+00  9.6056e+00 -3.3824e+00  1.0782e+01  1.0000e+00
-1.5238e+01  4.3913e+00 -7.8227e+00 -9.1115e+01  2.1593e+01 -4.8441e+01  1.0543e+02  1.0000e+00
 9.8488e-01  8.8311e+00  3.6076e+00  2.5220e+00  1.1943e+01  4.0597e+00  1.2864e+01  1.0000e+00
 4.1520e+00 -8.5060e+00  1.3399e+01  7.0176e+00 -1.3577e+01  2.1746e+01  2.6579e+01  1.0000e+00
 4.6620e-02  1.0072e+00  1.5716e-01  1.0608e+01  1.7743e+01 -7.5700e+00  2.2015e+01  1.0000e+00
-1.3029e+01  7.6300e+00 -2.9275e+00 -4.2520e+01  2.3432e+01 -9.9541e+00  4.9559e+01  1.0000e+00
 2.4697e-02  8.9186e-01  3.2617e-01 -1.6408e+00  9.2880e+00 -4.2347e+00  1.0339e+01  1.0000e+00
-1.3726e-01  4.0779e-01 -3.2870e-01 -5.0592e-01 -6.7620e+00 -7.9141e+00  1.0422e+01  1.0000e+00
-1.0100e+01 -3.3995e+00  6.0951e+00 -1.5280e+01 -5.2687e+00  8.4891e+00  1.8257e+01  1.0000e+00
-1.6731e-01  9.5995e-01 -4.5533e-02 -1.3412e+01  4.5259e+00  1.5119e+01  2.0711e+01  1.0000e+00
-6.4923e-01  2.4127e+00  4.5592e-01 -1.1746e+01  2.6319e+01  3.7475e+00  2.9063e+01  1.0000e+00
 1.5814e+01 -2.0315e+01 -1.6099e+00  2.6894e+01 -3.4141e+01 -2.7961e+00  4.3551e+01  1.0000e+00
-6.0253e-01  1.9944e+00  2.8018e-01 -7.3563e+00  1.5028e+01  3.6979e+00  1.7135e+01  1.0000e+00
 8.8893e-01 -1.1862e+00  9.1170e-01  1.0965e+00 -8.4248e+00  4.0071e+00  9.3934e+00  1.0000e+00
-5.0954e-01  7.8497e-01  3.0094e-01  1.3634e+01 -8.5679e+00  1.4465e+01  2.1646e+01  1.0000e+00
-3.1505e-01  2.2057e+00  3.1526e-01 -5.2650e+00 -1.2766e+00  6.0750e-01  5.4515e+00  1.0000e+00
 6.9299e-01  2.0195e-01  6.9862e-01 -1.1705e+01  1.2788e+01  1.5483e+00  1.7405e+01  1.0000e+00
-3.8623e-01  6.6262e-01  6.8580e-01 -1.0840e+01 -2.3053e+00  7.3651e+00  1.3307e+01  1.0000e+00
-1.1673e+00  5.7566e-01  9.6915e-02 -1.2929e+01  8.0826e-01 -7.0392e+00  1.4744e+01  1.0000e+00
-5.1855e+00 -1.7961e+00 -1.1089e+00 -6.4503e+00 -1.2246e+00 -7.4533e-01  6.6077e+00  1.0000e+00
-2.1553e-01  1.0217e+00 -4.6052e-01  3.1542e+00  3.9007e+00  1.0304e+01  1.1460e+01  1.0000e+00
-3.2134e-01  1.2710e+00  3.5935e-01 -1.3940e+01  9.9296e+00 -4.9968e+00  1.7830e+01  1.0000e+00
-2.4197e-01  1.0888e+00  3.6260e-01 -1.7985e+00  2.6950e+00  5.1132e+00  6.0533e+00  1.0000e+00
-3.1507e-01  7.4583e-01 -1.3994e-02  1.8584e+01  1.0669e+01  7.6619e+00  2.2757e+01  1.0000e+00
-3.3023e-01  7.7075e-01  2.7388e-01 -4.3257e+00 -5.1775e+00 -1.1257e+00  6.8400e+00  1.0000e+00
-3.9148e-01  7.5480e-01 -6.2350e-02 -9.3035e+00  1.7061e+01  1.2496e+01  2.3103e+01  1.0000e+00
 9.8574e-01 -1.8944e+00 -5.7176e-01  2.2195e+01 -5.1664e+01 -1.3621e+01  5.7856e+01  1.0000e+00
-4.7648e-01  1.1582e+00  1.1995e-02  1.0854e+01 -1.4869e+01  4.5575e+00  1.8965e+01  1.0000e+00
-2.8949e+01  2.3477e+01  1.0866e+01 -8.1290e+01  6.5141e+01  3.0726e+01  1.0861e+02  1.0000e+00
 6.8175e-01  3.7791e-01  8.6768e-01  4.7317e-01  3.4187e+00 -8.8976e+00  9.5435e+00  1.0000e+00
 1.5349e-01  1.4580e+00  1.1420e+00  6.3372e-01  4.3787e+00  5.7643e+00  7.2665e+00  1.0000e+00
-1.0074e+02  3.4408e+00  9.0417e+01 -2.4181e+02  7.3671e+00  2.1773e+02  3.2547e+02  1.0000e+00
-4.3788e-01  8.4538e-01  4.5249e-01 -1.2311e+01  9.8023e+00 -5.4819e+00  1.6664e+01  1.0000e+00
-3.2671e-02  1.0204e+00  3.6856e-01 -1.1841e+01  1.5239e+01 -2.3983e+01  3.0784e+01  1.0000e+00
-1.4706e-02  1.0123e+00  2.1870e-01  1.3755e+01 -2.2537e+00 -3.2276e+00  1.4307e+01  1.0000e+00
-3.0787e+00  4.5970e+00  1.1824e+01 -4.3186e+00  6.0566e+00  1.6157e+01  1.7787e+01  1.0000e+00
 5.4501e+00  2.1713e+00  1.3395e+00  3.3648e+00  2.8445e+00  1.7520e+00  4.7416e+00  1.0000e+00
 8.8156e+00 -5.1010e+00 -7.5638e+00  1.3340e+01 -8.1540e+00 -1.1246e+01  1.9259e+01  1.0000e+00
 1.2777e-02  1.0263e+00  1.7661e-01  9.4740e+00 -1.7025e+00 -1.2652e+01  1.5897e+01  1.0000e+00
 1.2545e+01 -1.2779e+01 -1.8903e+01  2.1338e+01 -2.1482e+01 -3.1574e+01  4.3746e+01  1.0000e+00
-2.0511e-01  1.0394e+00  2.5217e-01  1.3355e+01  1.0196e+01 -3.9891e+00  1.7269e+01  1.0000e+00
-2.5667e-01  8.2602e-01  2.8024e-01 -3.3382e+00 -1.0990e+01  4.5390e+00  1.2350e+01  1.0000e+00
 7.0143e-02  4.6408e-01  8.3886e-02 -3.0611e+00  1.5515e+00  1.1687e+01  1.2181e+01  1.0000e+00
-7.3417e+00 -1.1378e+01 -1.0886e+01 -2.5002e+01 -4.1672e+01 -3.8376e+01  6.1923e+01  1.0000e+00
 1.2240e-01 -6.8543e-02  8.2860e-01 -7.9911e-01  9.7660e+00 -2.1183e-01  9.8010e+00  1.0000e+00
 1.5001e-01  1.0602e+00  1.4560e+00 -3.7723e+00 -1.4870e+00  4.6184e+00  6.1458e+00  1.0000e+00
-1.0311e-01  8.3857e-01  6.5326e-01  3.7733e+00 -2.8826e+00 -8.2057e+00  9.4805e+00  1.0000e+00
-4.8818e-01  1.5151e+00  1.6263e-01  3.9393e+00  5.4498e+00  8.7360e+00  1.1024e+01  1.0000e+00
 7.1944e-02  1.3712e+00 -4.5111e-01  9.9363e-01  9.0408e+00 -7.9265e+00  1.2064e+01  1.0000e+00
-1.3094e+00  2.1665e+00  2.5237e+00 -1.3645e+00  3.9864e+00  2.4787e+00  4.8885e+00  1.0000e+00
-3.2195e+00  4.8029e+00  1.3712e+01 -4.5003e+00  7.8806e+00  2.1345e+01  2.3194e+01  1.0000e+00
 3.5180e-01  1.4918e+00  5.4892e-01  3.8118e+00  1.2608e+01 -1.3855e+01  1.9117e+01  1.0000e+00
-5.6313e-01  8.7782e-01  8.0414e-01 -3.8582e+00  4.4474e+00  1.2270e+01  1.3610e+01  1.0000e+00
-3.1247e-01  9.4022e-01  8.5704e-02 -1.8887e+01  7.6626e+00 -1.1880e+01  2.3592e+01  1.0000e+00
 7.6969e-02  1.0454e+00  2.9078e-01 -8.0622e+00 -1.7540e+01 -2.3306e+01  3.0262e+01  1.0000e+00
 9.5903e+00 -2.4119e+01  4.2673e+01  1.5606e+01 -3.9383e+01  7.0865e+01  8.2562e+01  1.0000e+00
 1.8286e+01  3.4900e+00  1.7224e+01  3.0724e+01  5.8015e+00  2.9198e+01  4.2780e+01  1.0000e+00
-2.8274e+00  1.1630e+00 -6.1634e-01 -4.7747e+00  1.0168e+00 -2.5658e+00  5.5150e+00  1.0000e+00
-1.1383e+00  1.1694e+00  1.9962e-01 -2.2770e+00  1.2932e+00 -6.4031e+00  6.9179e+00  1.0000e+00
-1.3098e-01  8.5507e-01  5.2146e-02  1.6853e+00 -2.5008e+00  1.2312e+00  3.2573e+00  1.0000e+00
-4.8407e+00  3.1474e+00  1.9162e+01 -8.0191e+00  5.5515e+00  3.1683e+01  3.3151e+01  1.0000e+00
-1.2653e+01 -2.4724e+00 -1.2077e+01 -2.0430e+01 -2.5139e+00 -1.8893e+01  2.7940e+01  1.0000e+00
 6.1081e-01  5.1416e-01 -2.5073e-01 -6.0951e+00  1.2777e+01  3.7182e+00  1.4636e+01  1.0000e+00
-6.7701e+00 -1.1461e+01 -9.5193e-01 -1.2144e+01 -2.2099e+01 -1.2933e+00  2.5249e+01  1.0000e+00
-1.4525e+00 -8.2061e-01  8.2657e-01  3.5165e+00  2.8432e+00 -6.0530e-01  4.5625e+00  1.0000e+00
-2.3070e-01  1.1537e+00  2.0889e-01 -1.1554e+00  1.1848e+01 -4.6600e+00  1.2784e+01  1.0000e+00
-2.3153e+00 -1.0913e+00 -6.7854e-02 -1.3615e+00  1.6810e+00  8.3831e-01  2.3200e+00  1.0000e+00
-1.2190e-01  9.2876e-01  9.0560e-02 -1.5633e+01  7.3424e-02  4.1630e+00  1.6178e+01  1.0000e+00
 1.1654e-01  8.9839e-01  4.7929e-01  1.0943e+01  9.0748e+00 -3.7902e+00  1.4713e+01  1.0000e+00
-6.5759e+00  2.0734e+01 -2.6794e+00 -1.0808e+01  3.4474e+01 -4.3382e+00  3.6388e+01  1.0000e+00
 3.7143e+00  1.3584e+00  3.9468e+00  1.7538e+00  4.0230e+00  4.9382e+00  6.6066e+00  1.0000e+00
-1.1937e+01 -2.5042e-01 -3.0857e+00 -1.7904e+01  3.9372e-01 -4.7960e+00  1.8540e+01  1.0000e+00
 1.3621e+00  1.6975e+00 -2.7669e+00  3.7225e+00  1.9101e+00 -2.3887e+00  4.8178e+00  1.0000e+00
-9.5847e+00 -3.7504e+00  6.6321e+00 -1.4214e+01 -4.6330e+00  9.9669e+00  1.7968e+01  1.0000e+00
 1.4193e-01  6.0217e-01  3.5667e-01 -9.8028e+00  1.8904e+00 -7.3459e+00  1.2395e+01  1.0000e+00
 2.4286e+01  8.7726e+00  2.0336e+00  4.0768e+01  1.4959e+01  3.3372e+00  4.3553e+01  1.0000e+00
 8.8065e+00  1.2280e+01  1.6193e+00  1.4206e+01  1.9320e+01  3.0934e+00  2.4179e+01  1.0000e+00
-1.8964e+01 -1.1429e+01 -7.0987e+00 -3.1574e+01 -1.8413e+01 -1.1381e+01  3.8281e+01  1.0000e+00
 5.0823e-01  2.3304e+00  1.1158e-01  1.2361e+01  8.0684e+00 -9.4898e+00  1.7549e+01  1.0000e+00
-1.8654e+01 -4.6600e-01 -4.8819e+00 -3.0833e+01 -4.5510e-01 -8.1370e+00  3.1892e+01  1.0000e+00
-3.2834e-01  1.0339e+00  3.3314e-01  1.9118e+01 -7.6157e+00  2.7807e+01  3.4593e+01  1.0000e+00
-3.4144e-01  1.0500e+00  2.3394e-01  1.3231e+00 -1.8594e+01 -6.8162e+00  1.9848e+01  1.0000e+00
-3.8492e+00  1.5097e+01 -5.8439e+00 -5.7106e+00  2.4734e+01 -9.2066e+00  2.7003e+01  1.0000e+00
 2.2257e+01  1.8266e+01 -1.3992e+01  4.7218e+01  3.8211e+01 -2.9478e+01  6.7518e+01  1.0000e+00
-7.8290e-01  5.8796e-01 -4.0842e-01 -1.6964e+00 -4.3402e+00  8.2991e+00  9.5179e+00  1.0000e+00
-9.3475e-01  7.6604e-01 -2.5695e+00  2.2753e+00  3.7095e+00  4.6133e+00  6.3419e+00  1.0000e+00
-2.4223e-01  1.2291e+00  7.3951e-02  1.1384e+01  1.2320e+01  2.0969e+01  2.6853e+01  1.0000e+00
 3.6256e+00 -2.9612e+00 -2.9334e-01  3.4367e+00 -1.1206e+00  3.9974e+00  5.3894e+00  1.0000e+00
 2.0095e+00 -1.5239e+00  7.8649e-01  5.3819e+00 -1.5279e+00  4.9790e-01  5.6167e+00  1.0000e+00
 1.7424e-01  5.3818e-01 -1.9842e-01 -3.1449e+00 -1.0279e+01 -5.0212e-01  1.0761e+01  1.0000e+00
-1.4445e+01 -7.2663e+00 -2.5355e+01 -2.4846e+01 -1.2619e+01 -4.3910e+01  5.2006e+01  1.0000e+00
-2.5820e+01 -8.6239e+00 -8.5525e-01 -4.3813e+01 -1.4238e+01 -1.5507e+00  4.6094e+01  1.0000e+00
 3.0080e+00 -2.5991e+00 -3.9524e+00  4.5839e+00 -8.9813e-01 -2.6236e+00  5.3575e+00  1.0000e+00
 2.6115e+01  4.4893e+00 -2.7123e+00  4.4019e+01  7.9315e+00 -4.7106e+00  4.4975e+01  1.0000e+00
-1.3320e-01  6.9132e-01  9.4466e-02  8.6549e+00  5.7783e-01  1.4641e+01  1.7018e+01  1.0000e+00
 1.0883e-01  1.0840e+00  3.7336e-01  2.6707e+00  1.4090e+01 -4.4168e+00  1.5006e+01  1.0000e+00
-2.4453e-01  1.1200e+00  4.8063e-01  1.0161e-02 -1.1115e+01  7.3900e+00  1.3348e+01  1.0000e+00
-1.3582e+00  1.2199e+00 -8.5183e-02 -2.0328e+01  5.1402e+00 -1.6807e+00  2.1035e+01  1.0000e+00
-2.4661e-01  7.2713e-01  3.5462e-01 -8.3138e-01 -5.8582e+00 -1.2648e+01  1.3963e+01  1.0000e+00
-1.0733e-01  6.7183e-01  4.8360e-01  2.0934e+00 -1.1320e+01  2.0028e+01  2.3101e+01  1.0000e+00
-2.9728e-01  1.4590e+00  3.5277e-01  1.0965e+01  1.2193e+01  8.0009e+00  1.8246e+01  1.0000e+00
-1.0524e+01  8.9761e+00 -1.6877e+00 -1.6231e+01  1.3693e+01 -2.2344e+00  2.1353e+01  1.0000e+00
-3.1721e-01  1.5860e+00 -1.5030e-01 -6.1138e+00 -4.7487e+00 -7.4174e+00  1.0721e+01  1.0000e+00
-1.0740e+01 -3.2150e+00 -1.0845e-01 -1.5426e+01 -4.6438e+00 -4.3120e-01  1.6115e+01  1.0000e+00
 5.8352e-02  5.2044e-01  1.2833e+00  4.0807e+00  9.3290e-02  3.6233e+00  5.4580e+00  1.0000e+00
-5.5713e-01  1.4420e+00  2.7239e-01  1.0782e+01  6.1360e-01  3.6331e+00  1.1394e+01  1.0000e+00
-6.5331e-01  9.8500e-01  1.9524e-03  8.4028e+00  6.8292e+00 -1.0930e+01  1.5385e+01  1.0000e+00
 1.9384e-02  8.1382e-01  1.6359e-01  3.9482e+00  8.0072e+00 -2.8426e+01  2.9795e+01  1.0000e+00
 8.3398e+00 -2.0584e+01 -9.9215e+00  1.4055e+01 -3.4352e+01 -1.6609e+01  4.0663e+01  1.0000e+00
-1.8715e+01 -3.3585e+00  1.6857e+01 -3.1579e+01 -5.2884e+00  2.8421e+01  4.2813e+01  1.0000e+00
-2.1418e-01  1.1771e+00  3.8463e-01 -1.2047e+01  1.5302e+01  6.5974e+00  2.0562e+01  1.0000e+00
-2.4544e+00 -1.0612e+00 -3.6675e+00 -1.7109e+00  1.3117e+00 -5.0329e-01  2.2138e+00  1.0000e+00
 6.1381e-01  2.6230e-01  6.5162e-01 -1.2298e+01  9.8912e+00 -6.7356e+00  1.7160e+01  1.0000e+00
 5.1063e-01  9.1756e-01  6.7024e-01  8.9809e+00 -2.2716e+00  6.1788e+00  1.1135e+01  1.0000e+00
-1.7226e+00 -1.6643e+01 -1.1733e+01 -2.1234e+00 -2.7947e+01 -1.9941e+01  3.4397e+01  1.0000e+00
-2.8112e+00  4.8528e+00 -3.6591e+00 -2.7524e+00  4.7273e+00 -2.0039e+00  5.8257e+00  1.0000e+00
-6.0145e-02  1.0600e+00 -5.0395e-01 -1.0363e+01 -4.5139e+00  7.9145e+00  1.3798e+01  1.0000e+00
 5.2984e-02  1.1598e+00  6.5758e-01 -3.7247e+00 -3.4959e+00  1.6015e+00  5.3535e+00  1.0000e+00
-1.3159e+00  5.1343e-01  6.2583e-01 -7.5542e+00 -8.9523e-03  2.9658e+00  8.1155e+00  1.0000e+00
-3.4865e+00  1.5419e+01 -6.4786e+00 -5.7598e+00  2.4328e+01 -9.8115e+00  2.6857e+01  1.0000e+00
 3.0756e-01  4.6973e-01 -8.4388e-01 -1.5479e+00 -2.1572e-01  3.2699e+00  3.6242e+00  1.0000e+00
 5.1263e-01  2.8883e+00  1.9007e+01  1.8411e+00  5.1232e+00  2.8418e+01  2.8935e+01  1.0000e+00
 2.2358e-01  3.8604e+00 -2.0876e+00  6.5041e-01  6.9546e+00 -5.6816e+00  9.0039e+00  1.0000e+00
 1.0212e-01  1.1454e+00  3.5008e-01 -6.4404e+00 -1.4289e+00  7.0873e+00  9.6824e+00  1.0000e+00
 5.0767e-01  4.6835e-01  1.2336e-01 -4.9022e+00  9.2295e+00  6.3332e+00  1.2220e+01  1.0000e+00
-1.2822e-01  7.8686e-01  1.6648e-01 -1.0745e+00 -7.2794e+00  1.7316e+01  1.8815e+01  1.0000e+00
 5.7697e+00  1.1850e+01  6.3560e+00  9.2614e+00  1.8769e+01  9.7294e+00  2.3080e+01  1.0000e+00
-2.4686e-01  9.1629e-01  1.5773e-01 -8.6797e+00  5.4459e+00 -1.1360e+01  1.5298e+01  1.0000e+00
 1.1249e+00 -5.0720e-01  1.0786e+00  2.3428e+00 -1.7290e-02  1.1092e+00  2.5922e+00  1.0000e+00
-2.9580e-01  9.6066e-01 -7.6881e-02  6.2666e+00  6.6482e-01  3.6155e+00  7.2653e+00  1.0000e+00
-3.2092e-01  1.2437e+00  2.0710e-01  1.4404e+00 -2.3453e+01 -1.2373e+00  2.3529e+01  1.0000e+00
-6.5431e-01  5.1846e-01  2.5694e-01  1.3592e+01  1.9049e+00 -4.0093e-01  1.3731e+01  1.0000e+00
-4.7120e-01  1.1019e+00  4.2008e-01  1.3406e+01  2.1295e+00 -5.4166e-01  1.3585e+01  1.0000e+00
 9.2396e+00 -6.7624e+00 -1.1414e+00  1.3678e+01 -9.7470e+00 -1.3599e+00  1.6851e+01  1.0000e+00
 2.4332e-01  1.3163e+00  6.8568e-01  2.1580e+00 -6.7344e+00 -4.4659e-01  7.0858e+00  1.0000e+00
 1.6765e+01 -3.1395e+01  2.0053e+01  2.5238e+01 -5.0361e+01  3.2448e+01  6.5008e+01  1.0000e+00
-2.6499e-01  2.1251e+00  8.7310e-01 -1.8608e-01  1.4427e+01 -9.9728e+00  1.7539e+01  1.0000e+00
 1.7214e+00 -8.7214e+00 -2.4916e+01  2.7505e+00 -1.4598e+01 -4.1935e+01  4.4489e+01  1.0000e+00
-6.7170e+00 -9.8098e+00 -1.6863e+01 -1.1718e+01 -1.6213e+01 -2.8001e+01  3.4413e+01  1.0000e+00
-1.2093e+00 -1.7946e+01  1.9414e+00 -1.7591e+00 -2.9541e+01  3.1775e+00  2.9763e+01  1.0000e+00
-2.4898e+01 -1.2593e+01 -6.5118e+00 -4.2454e+01 -2.1127e+01 -1.1001e+01  4.8679e+01  1.0000e+00
-4.0420e-01  7.5920e-01  3.4766e-02  2.1632e+01 -4.5107e+00 -1.1692e+00  2.2128e+01  1.0000e+00
-1.9975e+01 -4.9207e+00 -3.7623e+00 -3.3427e+01 -8.1689e+00 -6.2506e+00  3.4974e+01  1.0000e+00
-1.3927e-01  9.7760e-01  1.3284e-01  7.8188e+00 -5.3894e+00  3.3373e+01  3.4698e+01  1.0000e+00
-4.1499e-01  4.8780e-01 -8.0409e-03 -5.1076e+00 -1.8982e+00  6.2581e+00  8.2979e+00  1.0000e+00
-3.1659e+00  7.3222e-02 -9.8824e+00 -4.9937e+00  7.6662e-01 -1.6671e+01  1.7419e+01  1.0000e+00
-3.5940e-01  2.0582e-01  1.6850e+00  7.1781e+00  2.3370e+00 -8.9577e-01  7.6020e+00  1.0000e+00
 5.1085e-02  1.1292e+00  2.7444e-01 -6.0573e-01 -1.3119e+00 -6.4726e+00  6.6320e+00  1.0000e+00
