# limit = 20.8627
#
# x           y           z           vx          vy          vz          s           m
-5.1330e-01 -4.8768e-02  7.1472e-01 -2.1046e+00  1.8069e+01  5.3391e+00  1.8959e+01  1.0000e+00
-1.3589e-01  8.6991e-01  6.0270e-01  2.5130e+00  1.4487e+01 -5.5302e+00  1.5709e+01  1.0000e+00
 2.0867e+01  9.1681e-01  4.0866e+00  3.4093e+01  2.0387e+00  6.6770e+00  3.4801e+01  1.0000e+00
-3.7016e-01  1.1045e+00  3.9716e-01  1.3698e+01 -5.9535e+00 -1.3545e+01  2.0163e+01  1.0000e+00
-1.7667e+01  6.6746e+00  1.0611e+01 -2.9327e+01  1.0867e+01  1.7306e+01  3.5744e+01  1.0000e+00
 7.6801e+00 -2.4219e+00  2.1880e+01  1.2998e+01 -3.5843e+00  3.6247e+01  3.8674e+01  1.0000e+00
 1.1663e+00 -1.7814e+01 -1.2327e+01  1.4269e+00 -2.9341e+01 -2.0031e+01  3.5555e+01  1.0000e+00
-5.4591e-01  1.2802e+00  2.5804e-01 -1.8313e+01  1.2260e+01 -1.5681e+00  2.2094e+01  1.0000e+00
-2.7985e+01  2.0402e+01  6.3136e+01 -4.5547e+01  3.3390e+01  1.0464e+02  1.1890e+02  1.0000e+00
 4.0898e+01 -2.1850e+01  1.0628e+00  1.1448e+02 -6.2009e+01  3.0410e+00  1.3023e+02  1.0000e+00
 2.9258e+00  4.0565e+00  2.5517e+00  3.7834e-01  2.8234e+00  9.5227e-01  3.0036e+00  1.0000e+00
-2.6111e-01  8.9894e-01  2.4624e-01 -2.1042e+01  1.7100e+01 -6.2479e+00  2.7825e+01  1.0000e+00
-1.0613e+00  3.5211e+00  3.8397e-01  1.4199e+00  3.8571e+00  3.9481e+00  5.6992e+00  1.0000e+00
 5.3715e+00  1.4316e+00 -8.0447e-01  5.4875e+00  2.8374e+00  3.3867e-01  6.1869e+00  1.0000e+00
 1.7065e+00 -1.2206e+00  6.2350e-01  2.5231e+00 -2.7309e+00 -1.1383e+00  3.8884e+00  1.0000e+00
-7.3597e+00 -1.3162e+00 -5.5000e+00 -1.0033e+01 -3.2349e+00 -5.8426e+00  1.2052e+01  1.0000e+00
 1.2757e+01 -1.3335e+01 -1.5266e+01  2.1046e+01 -2.2089e+01 -2.5506e+01  3.9767e+01  1.0000e+00
-1.3876e-01  1.5221e+00  4.2720e-01  3.8120e+00 -4.4512e+00 -1.1429e+00  5.9708e+00  1.0000e+00
-1.5864e-01  9.6737e-01  7.4764e-02 -4.7354e+00 -3.0996e+00 -4.4945e+00  7.2272e+00  1.0000e+00
 4.4268e+01  3.6021e+01 -1.5622e+01  7.3441e+01  5.8889e+01 -2.5204e+01  9.7451e+01  1.0000e+00
-3.6525e-01  8.1306e-01  2.0814e-01  1.9612e+01 -4.7135e+00  1.9486e+01  2.8046e+01  1.0000e+00
 3.4918e-01  6.3844e-01  4.0657e-01 -9.6488e+00 -4.5115e+00 -1.2707e+00  1.0727e+01  1.0000e+00
-3.3982e+00 -4.0021e+00  6.5637e+00 -8.3017e+00 -1.1846e+01  1.6165e+01  2.1692e+01  1.0000e+00
-9.5417e+00  1.8052e+01 -1.8251e+01 -1.5935e+01  3.0519e+01 -3.0496e+01  4.5993e+01  1.0000e+00
-6.5735e-01  2.0472e+01 -9.0673e+00 -1.2329e+00  3.3817e+01 -1.4865e+01  3.6960e+01  1.0000e+00
-5.0003e+00  2.8367e+00 -7.8008e+00 -8.1050e+00  5.4428e+00 -1.0294e+01  1.4188e+01  1.0000e+00
 6.5403e+00 -1.6028e+01  3.0749e+00  1.0076e+01 -2.6334e+01  4.7846e+00  2.8599e+01  1.0000e+00
 4.2765e+01 -1.1173e+01 -4.1254e+01  7.5256e+01 -1.9839e+01 -7.2627e+01  1.0645e+02  1.0000e+00
 1.2359e+00 -2.4881e+01 -3.2821e+01  2.1754e+00 -4.2172e+01 -5.5604e+01  6.9821e+01  1.0000e+00
-3.8072e-01  1.1170e+00  3.2932e-01 -5.1230e+00 -1.4057e+00  6.0640e+00  8.0619e+00  1.0000e+00
-1.8044e-01  8.2070e-01 -3.3062e-01 -7.9859e+00  9.6787e+00  2.1089e+00  1.2724e+01  1.0000e+00
-1.4577e-01  1.1368e+00  2.0412e-01  4.5171e+00 -7.1142e+00 -8.7513e+00  1.2149e+01  1.0000e+00
-1.8574e-01  5.7212e-01 -2.6649e-01  6.8065e+00 -6.6105e+00  1.6441e+00  9.6297e+00  1.0000e+00
-3.4068e-01  9.3612e-01  5.6624e-02 -7.6244e-01  2.9953e+00 -1.1561e+01  1.1967e+01  1.0000e+00
-1.8026e-01  8.2918e-01  4.5292e-01 -7.4376e+00  6.0534e+00  5.5074e+00  1.1059e+01  1.0000e+00
-3.7006e-01  1.1973e+00  4.3200e-01  1.3683e+01  1.5953e+01 -1.0969e+01  2.3707e+01  1.0000e+00
 1.5078e-01  2.6677e+00 -1.1071e+00  3.3162e+00 -2.2199e+00  2.0402e+00  4.4819e+00  1.0000e+00
-1.7158e+01  3.2864e+01 -4.1385e+01 -2.8529e+01  5.4673e+01 -6.7946e+01  9.1759e+01  1.0000e+00
-5.9857e-01  6.5546e-01  9.9687e-02  8.2908e+00  9.7439e+00 -8.1346e+00  1.5161e+01  1.0000e+00
 1.2407e+01 -2.7679e+00  1.0435e+01  1.9550e+01 -4.1107e+00  1.6560e+01  2.5949e+01  1.0000e+00
 6.7868e+00  6.2950e+00  8.5248e-01  8.4589e+00  8.3048e+00  2.0866e+00  1.2036e+01  1.0000e+00
 3.1113e+00  9.3244e-01 -6.7266e-01  8.8378e-01  1.1537e+00 -2.1222e+00  2.5721e+00  1.0000e+00
-2.0393e-01  6.8410e-01 -1.6978e-01  1.4580e+01  3.8703e+00 -8.8995e+00  1.7515e+01  1.0000e+00
 2.5078e+00 -7.3343e+00  2.3808e+01  4.3103e+00 -1.2014e+01  3.9637e+01  4.1641e+01  1.0000e+00
 2.3045e+01  1.1140e+01  1.8279e+00  3.8797e+01  1.8593e+01  3.1426e+00  4.3137e+01  1.0000e+00
 1.5746e+00 -1.4795e+01  2.4343e+00  3.2449e+00 -2.3703e+01  4.2035e+00  2.4291e+01  1.0000e+00
-2.7657e-01  1.0332e+00  1.7201e-01 -9.2634e+00  1.3175e+01  1.5820e+01  2.2576e+01  1.0000e+00
 2.6548e+00 -1.3624e+00  7.5662e-02 -2.1058e-01  5.2882e+00  2.4420e+00  5.8286e+00  1.0000e+00
 1.0177e+01 -3.9478e+00  4.5887e+00  1.4566e+01 -5.6508e+00  7.0848e+00  1.7155e+01  1.0000e+00
-4.7156e-01  1.1061e+00  4.9374e-01 -2.9994e+00 -4.0077e+00 -1.4147e+00  5.2018e+00  1.0000e+00
-8.9877e-01  1.1979e+00  4.9629e-01 -1.2573e+01  5.8723e+00  6.2319e+00  1.5212e+01  1.0000e+00
-8.2412e-02  8.9299e-01 -2.0932e-01 -3.2587e+00 -3.7789e-01 -5.4990e+00  6.4032e+00  1.0000e+00
-3.0636e+00 -4.8277e+00  4.8683e+00 -3.3272e+00 -5.1121e+00  5.6400e+00  8.3075e+00  1.0000e+00
-2.5693e-01  6.2423e-01  6.2134e-04  4.9910e+00  1.4272e+01  5.4380e+00  1.6068e+01  1.0000e+00
-2.8989e-02  3.2052e+00  2.9893e+00  2.3094e+00  1.4634e+01  1.6002e+01  2.1807e+01  1.0000e+00
-2.1650e-01  1.3166e+00  1.4229e-01  7.5078e-01  4.1860e+00 -1.1238e+01  1.2016e+01  1.0000e+00
-3.7209e-01  1.0084e+00  2.7317e-01  6.2767e+00  4.2930e+00  9.7555e+00  1.2369e+01  1.0000e+00
 1.8173e-01  9.6752e-01  2.3270e-01  1.1412e+01 -1.0923e+00  6.7366e-01  1.1484e+01  1.0000e+00
-3.5056e-01  9.4075e-01  7.2639e-02  1.5361e+01  1.9296e+01 -5.9071e+00  2.5361e+01  1.0000e+00
 5.7381e+00 -3.1402e+00  1.7039e+01  9.0246e+00 -5.4130e+00  2.7783e+01  2.9709e+01  1.0000e+00
-3.2117e-01  1.3980e+00  4.7343e-01 -6.3077e+00  3.6372e+00  1.2413e+01  1.4391e+01  1.0000e+00
-3.2033e+00 -5.2513e+00  2.5268e+00 -7.4341e+00 -1.4929e+01  5.9400e+00  1.7704e+01  1.0000e+00
 1.0535e+01  1.0255e+00 -5.0829e+00  1.8249e+01  1.9839e+00 -8.7021e+00  2.0314e+01  1.0000e+00
-1.6263e-01  7.6882e-01  3.7227e-01 -1.8723e+01  2.1687e+01  2.9865e+00  2.8807e+01  1.0000e+00
-5.6666e-01  1.9028e+00  2.3645e-01  3.2135e-01  2.0640e+01  1.5900e+00  2.0704e+01  1.0000e+00
 2.2063e-01  1.0192e+00 -3.0933e-01 -4.6039e-01  1.0628e+01 -1.2683e+01  1.6553e+01  1.0000e+00
 3.4344e-02  9.0351e-01  1.8358e-01 -1.3006e+00  1.3511e+01  1.5801e+00  1.3665e+01  1.0000e+00
-3.4482e-01  9.9324e-01  4.2831e-01 -1.3873e+01  1.1185e+01  4.1873e+00  1.8305e+01  1.0000e+00
-3.4888e-01  8.1529e-01  3.0484e-01 -1.6336e+01 -1.4451e+00  1.6574e+01  2.3316e+01  1.0000e+00
-4.7588e-01  1.0221e+00  6.2613e-03  7.9928e+00  2.5196e+00 -7.7152e-01  8.4160e+00  1.0000e+00
 2.0499e+01  2.2824e+00  3.7344e+00  3.3931e+01  3.4076e+00  6.0666e+00  3.4637e+01  1.0000e+00
-3.0927e-02  1.0500e+00  1.3669e-01 -1.2589e+01 -5.4084e+00  1.4860e+01  2.0212e+01  1.0000e+00
-2.7020e-02  1.6269e+00 -1.7125e-01 -2.3457e+00  1.0216e+01 -5.1249e+00  1.1668e+01  1.0000e+00
 5.0330e-01  1.4570e+00  1.3217e+00  7.1198e-01  8.6708e-01  3.4331e+00  3.6118e+00  1.0000e+00
-1.6636e-01  1.2212e+00  2.8741e-01  1.4979e+01 -1.1735e+01  2.9125e+00  1.9250e+01  1.0000e+00
-3.9493e-01  1.2708e+00  5.8650e-03 -2.9600e+00 -1.0989e+01  1.0809e+01  1.5696e+01  1.0000e+00
-2.0330e-01  9.1972e-01  3.5028e-01  1.7064e+01 -1.0236e+01  1.5342e+01  2.5127e+01  1.0000e+00
-1.1838e-01  1.2209e+00 -1.2557e-01  1.0758e+01  3.2351e+00 -1.7188e+01  2.0534e+01  1.0000e+00
 2.4651e+01 -1.1808e+01 -2.8454e+00  4.1502e+01 -1.9503e+01 -4.6885e+00  4.6095e+01  1.0000e+00
-1.4444e+01 -8.8219e+00 -5.5706e+00 -2.3549e+01 -1.3907e+01 -8.7741e+00  2.8722e+01  1.0000e+00
-2.7780e-01  7.7057e-01  2.5868e-01 -2.3352e+01 -5.0909e-01 -5.7483e+00  2.4054e+01  1.0000e+00
 1.5036e+01  3.5546e+00  9.7618e+00  3.2224e+01  6.9558e+00  2.0645e+01  3.8897e+01  1.0000e+00
-1.4352e+00  1.8266e+00 -9.7861e-02  7.4977e-01 -4.7482e-01 -2.6709e+00  2.8145e+00  1.0000e+00
 4.9847e+00  4.3992e+00  6.4056e+00  5.8551e+00  6.2356e+00  8.0044e+00  1.1715e+01  1.0000e+00
-1.8519e-02  6.2383e-01  1.8706e-01  7.9887e+00 -2.7122e+00 -9.3988e-01  8.4888e+00  1.0000e+00
-4.4498e-01  1.8780e+00  2.5854e-02  1.7715e+00  1.2984e+01 -2.1630e-01  1.3106e+01  1.0000e+00
-1.4777e+00  1.4097e+00  8.6020e-01  1.6387e+00 -1.2456e+00 -2.5936e+00  3.3112e+00  1.0000e+00
 1.2073e+00 -4.7869e-01  1.4839e+00 -4.9046e+00  6.1060e+00 -5.4989e+00  9.5696e+00  1.0000e+00
 9.2996e+01  2.3589e+01 -9.0324e+01  2.2218e+02  5.5313e+01 -2.1506e+02  3.1413e+02  1.0000e+00
-6.8934e-01  9.9206e-01  2.3656e-01  9.2171e+00 -1.0886e+01  5.7949e+00  1.5396e+01  1.0000e+00
 1.6710e+00 -4.4488e-01  1.1466e+00 -5.3053e+00  4.3636e+00 -5.0939e+00  8.5519e+00  1.0000e+00
-5.8944e-01  8.9824e-01  1.1805e+00  5.0364e+00 -9.4400e+00 -2.3975e+00  1.0965e+01  1.0000e+00
-1.9869e+00  1.2961e+00  8.1410e-01  3.4025e+00 -6.4938e-01 -1.5913e+00  3.8120e+00  1.0000e+00
 2.1729e-01  8.6679e-01  5.1788e-01 -1.0549e+00  1.7752e+01  5.4073e+00  1.8587e+01  1.0000e+00
 4.1814e+00 -1.4970e+00 -4.1964e-01  6.5656e+00 -2.0978e+00 -3.1522e-01  6.8998e+00  1.0000e+00
-7.9644e-02  6.4776e-01  4.3692e-01 -5.6217e+00  1.5723e+01 -8.5133e+00  1.8743e+01  1.0000e+00
 4.8104e+00  1.0387e+01  1.7803e+01  1.7332e+01  3.4057e+01  6.1320e+01  7.2252e+01  1.0000e+00
-7.9866e+00 -1.1681e+01 -1.3126e+01 -1.3020e+01 -1.8841e+01 -2.1303e+01  3.1278e+01  1.0000e+00
 1.7728e+00 -3.6678e+00 -1.5782e+01  2.7129e+00 -5.4505e+00 -2.3373e+01  2.4153e+01  1.0000e+00
 1.4457e+00  4.2957e+00 -2.0174e+00  3.0520e+00  1.3611e+00  9.1092e-01  3.4637e+00  1.0000e+00
-2.8974e-01  1.1315e+00  5.3841e-01  1.2566e+01 -5.7662e+00  5.9105e+00  1.5037e+01  1.0000e+00
-2.1269e-01  1.1027e+00  1.3687e-01  1.2704e+01  4.2621e+00  4.3310e-01  1.3407e+01  1.0000e+00
-1.8538e+00  1.1629e+00 -3.0448e-01 -1.3868e+01  9.4233e-01 -6.1272e+00  1.5190e+01  1.0000e+00
 3.9624e-02  1.2015e+00  1.7116e-01 -4.3576e-01 -2.2787e+01 -4.0942e+00  2.3156e+01  1.0000e+00
 2.0253e+01  7.7800e+00 -5.1942e-01  3.3350e+01  1.3225e+01 -8.9486e-01  3.5887e+01  1.0000e+00
 1.4237e-01  8.3192e-01  5.2888e-01  6.3507e+00  4.6921e+00 -9.4123e+00  1.2286e+01  1.0000e+00
 1.5046e+01  8.6676e-01  1.6879e+01  2.4797e+01  1.5473e+00  2.7804e+01  3.7287e+01  1.0000e+00
 8.6714e-01  5.2848e-01  6.2438e-01  4.9677e+00 -2.1980e+00  4.3694e+00  6.9714e+00  1.0000e+00
 5.2912e-01  8.8378e-01  3.1771e-02 -4.4504e+00 -1.3379e+01  2.0418e+00  1.4247e+01  1.0000e+00
-2.4594e+01  5.2118e+00  5.6145e+00 -4.1160e+01  9.0028e+00  9.4795e+00  4.3187e+01  1.0000e+00
-4.1136e-01  3.4648e-01  1.0990e+00  4.7583e+00  3.6537e-01 -6.0433e+00  7.7004e+00  1.0000e+00
 5.1214e+00 -8.4541e+00  1.5302e+01  7.8269e+00 -1.3694e+01  2.4470e+01  2.9113e+01  1.0000e+00
 5.6596e+00 -5.8867e+00  1.2259e+01  8.6369e+00 -9.2368e+00  1.9285e+01  2.3062e+01  1.0000e+00
 1.0070e+01 -1.2055e+01 -4.7496e+00  1.6586e+01 -1.8962e+01 -6.9693e+00  2.6139e+01  1.0000e+00
 2.9188e+00 -1.1188e+00  9.2952e-01 -2.9822e+00  3.6687e+00  2.9970e-01  4.7374e+00  1.0000e+00
-1.5375e-01  8.4953e-01 -1.2305e-01  8.1607e+00 -6.7616e+00 -1.8208e+01  2.1068e+01  1.0000e+00
 1.5814e-01  2.7325e+00 -1.0147e-02  6.8185e-01  4.3218e+00 -5.4975e+00  7.0260e+00  1.0000e+00
-1.1066e+00  8.4118e-01 -1.0731e+00 -1.3460e+01 -3.6296e+00 -1.1360e+01  1.7983e+01  1.0000e+00
-3.1999e-01  1.0655e+00  1.1157e-01  2.8175e+00 -3.1358e+00 -4.4358e+00  6.1194e+00  1.0000e+00
-3.3344e-02  8.9263e-01  1.8032e-01  2.2994e+01 -1.0794e+01 -9.8771e+00  2.7255e+01  1.0000e+00
-2.8460e-01  1.0856e+00  7.1017e-02  1.7263e+01  3.2391e+00  7.0625e+00  1.8931e+01  1.0000e+00
-2.0506e-01  9.2281e-01  3.5343e-01 -2.5874e+00 -1.9321e+01 -8.4645e+00  2.1252e+01  1.0000e+00
-3.2474e+01  1.3465e+01  1.2329e+01 -5.4955e+01  2.2893e+01  2.1194e+01  6.3193e+01  1.0000e+00
-1.7466e-01  1.0340e+00  6.5307e-01 -4.6140e+00  1.5541e+00 -3.6289e+00  6.0723e+00  1.0000e+00
 2.6587e-01  3.7503e-01  9.0776e-01  2.5044e-01  1.5833e+00  1.5578e-01  1.6105e+00  1.0000e+00
-1.3834e-01  8.4418e-01  1.5111e-01 -1.3524e+01  1.1398e+01 -1.0730e+01  2.0687e+01  1.0000e+00
 1.1902e+01 -1.0158e+01 -4.0640e+00  1.9199e+01 -1.6133e+01 -6.1056e+00  2.5810e+01  1.0000e+00
-4.4261e-01  8.6647e-01  1.4243e-01  8.3060e+00  1.3663e+01  5.8138e+00  1.7013e+01  1.0000e+00
 8.0263e+00 -6.9508e+00  1.7689e+01  1.2926e+01 -1.1095e+01  2.9271e+01  3.3867e+01  1.0000e+00
 1.3052e+01  2.2196e+00  1.4350e+01  4.3819e+01  5.3462e+00  4.6252e+01  6.3937e+01  1.0000e+00
-3.0058e+00 -3.2538e+00 -1.4599e+01 -5.1425e+00 -4.9020e+00 -2.3295e+01  2.4354e+01  1.0000e+00
 4.3079e-01  3.1259e-01  3.8882e-01 -1.6355e+01  1.1891e+01 -1.7469e+00  2.0296e+01  1.0000e+00
-4.8840e-01  9.0183e-01  6.1640e-01 -7.3656e-01  7.1419e-01  3.0336e+00  3.2024e+00  1.0000e+00
-5.9011e-01  1.0703e+00  7.1312e-01 -1.1391e+01  2.5150e+00 -1.4201e+00  1.1751e+01  1.0000e+00
 1.5084e+00  1.4714e+00 -8.0218e-01 -3.7050e+00  2.6111e+00  2.2616e+00  5.0655e+00  1.0000e+00
-5.1249e-01  1.5025e+00  1.3489e+00 -4.1834e+00  7.1425e+00 -5.4600e+00  9.9160e+00  1.0000e+00
 8.4864e-02  4.5403e-01  7.0437e-02 -1.5825e+01  8.2039e+00  5.8316e+00  1.8755e+01  1.0000e+00
-7.1477e-02  1.1199e+00  1.9496e-01  7.5352e+00 -1.2008e+01  1.5224e+01  2.0803e+01  1.0000e+00
 2.0623e+00 -5.6945e-01  1.3218e+00 -5.9738e+00  5.9642e+00 -8.6407e-01  8.4855e+00  1.0000e+00
-2.4742e+00 -6.9255e+00  1.5875e+01 -3.9669e+00 -1.1507e+01  2.5749e+01  2.8481e+01  1.0000e+00
 1.7786e-01  1.2520e+00  5.6246e-01 -8.4638e+00 -1.1214e+01  5.3899e-01  1.4060e+01  1.0000e+00
-1.3317e-01  1.3376e+00  5.8252e-01 -4.5302e-01  2.6305e+00 -5.5731e+00  6.1793e+00  1.0000e+00
-2.1951e+01  4.4761e+00 -6.1714e+00 -3.5488e+01  8.5138e+00 -9.3941e+00  3.7685e+01  1.0000e+00
-1.6571e-01  9.0038e-01  2.4328e-01 -4.0375e+00  1.2480e+01  7.5372e+00  1.5128e+01  1.0000e+00
 1.8982e-01  3.7156e-01 -1.3886e-01 -1.8488e+00  1.1692e+01  2.4616e+00  1.2091e+01  1.0000e+00
-2.2551e-01  1.2540e+00  2.0361e-01  4.6003e-01  9.1375e-01 -1.4588e+01  1.4624e+01  1.0000e+00
-8.6169e+00 -2.8380e+01 -3.2329e+01 -1.4932e+01 -4.4719e+01 -5.2218e+01  7.0352e+01  1.0000e+00
 2.1242e+01 -1.8747e+01  5.2920e+00  3.5482e+01 -3.1201e+01  8.7444e+00  4.8051e+01  1.0000e+00
-4.1588e-01  1.0306e+00  3.8745e-01 -2.5329e+01  1.2978e+01 -1.1360e+00  2.8483e+01  1.0000e+00
-2.4369e+00  1.9382e+00  1.4227e+00 -1.1182e+01  5.9358e+00  3.1442e+00  1.3045e+01  1.0000e+00
-2.5217e-01  8.1744e-01  2.7647e-01 -1.1871e+01  1.2471e+00  5.6708e+00  1.3215e+01  1.0000e+00
-1.2720e+00  1.1847e+00  6.6203e-01 -1.2966e+01  1.5251e+00  9.1695e-01  1.3088e+01  1.0000e+00
 3.2677e-02  8.9827e-01  6.4229e-01 -7.4066e+00  8.5369e-01 -1.5683e+01  1.7365e+01  1.0000e+00
 1.1296e-01  1.0143e+00  2.2865e-01  5.9728e+00 -1.1147e+01  5.3986e+00  1.3750e+01  1.0000e+00
-1.1610e+01  1.8123e+01 -9.6765e+00 -1.9215e+01  3.0402e+01 -1.5880e+01  3.9316e+01  1.0000e+00
-2.2326e+00  1.2427e+00  2.2821e+00 -3.8655e+00  2.5781e+00  1.0384e+01  1.1376e+01  1.0000e+00
-7.9925e-01  9.5937e-01  1.3487e+00 -2.4273e-01  7.9716e-01  1.5167e+01  1.5190e+01  1.0000e+00
-5.7879e-01  9.2442e-01  4.3863e-01  7.4877e+00  1.1757e+01 -9.9421e+00  1.7122e+01  1.0000e+00
-3.0738e-01  9.6913e-01  1.8367e-01  4.2567e-02 -1.6123e+01  2.7199e+01  3.1619e+01  1.0000e+00
-5.6262e-01  1.6344e+00 -1.4718e-01 -4.3228e+00 -7.2874e+00 -1.9320e+00  8.6905e+00  1.0000e+00
-1.5724e-01  9.2895e-01  4.5669e-01  1.5291e+01 -8.4792e+00 -3.6104e-01  1.7488e+01  1.0000e+00
-1.1414e-01  1.1602e+00 -6.9908e-02  2.2961e+00 -1.0716e+00  6.3392e+00  6.8269e+00  1.0000e+00
 1.9727e-01  9.4382e-01  5.6723e-02  2.0262e+01 -4.9903e+00 -1.3771e+00  2.0913e+01  1.0000e+00
-4.7410e-01  1.3080e+00  1.0094e-01 -9.8357e+00  9.1768e+00  6.7931e-01  1.3469e+01  1.0000e+00
-1.6561e-01  1.2878e+00  2.0678e-01 -8.6984e+00  2.1758e+01  8.2712e-01  2.3447e+01  1.0000e+00
 5.3285e+00 -8.6942e+00  1.5127e+01  8.6164e+00 -1.3197e+01  2.4844e+01  2.9421e+01  1.0000e+00
 1.6369e-01  8.1822e-02  3.1130e-01  1.9439e+00 -1.6941e+00  2.7039e+00  3.7363e+00  1.0000e+00
 4.1384e+01 -2.8327e+01 -5.7784e+01  6.9252e+01 -4.7253e+01 -9.5417e+01  1.2702e+02  1.0000e+00
 7.9129e-02  3.1256e+00 -1.7666e-01  2.3731e+00  2.1206e+01 -8.0938e+00  2.2822e+01  1.0000e+00
-1.4959e+00  3.1836e+00  1.9098e+00  1.4900e+00 -2.5574e-01 -4.1509e+00  4.4176e+00  1.0000e+00
 1.0682e+01 -3.0797e+00 -2.3399e+00  1.6763e+01 -3.7890e+00 -2.8332e+00  1.7418e+01  1.0000e+00
-7.3845e-02  1.1896e+00  4.5435e-01 -8.8668e+00  6.4150e+00  4.2568e+00  1.1743e+01  1.0000e+00
 2.3608e-01 -8.1172e-01  1.2932e+00  2.5352e+00  6.1023e+00 -4.7731e+00  8.1515e+00  1.0000e+00
 4.6008e-02  1.1652e+00  2.3073e-01 -1.3269e+01  1.3187e+01  6.8433e+00  1.9920e+01  1.0000e+00
-2.7564e-01  1.5345e+00  5.7066e-02  1.1054e+00 -6.4609e+00  1.2243e+00  6.6681e+00  1.0000e+00
-1.4308e-01  1.0733e+00  1.0958e-01 -1.5786e+00 -1.8843e+01  1.3545e+01  2.3259e+01  1.0000e+00
-2.5800e-01  4.4973e-01 -1.7105e-01 -3.2319e+00  1.4850e+00  4.3322e+00  5.6052e+00  1.0000e+00
-6.7355e-01  8.7769e-01 -6.5850e-02 -1.2765e+01  1.3222e+00 -1.5227e+01  1.9914e+01  1.0000e+00
-9.8509e-01  2.2945e-01 -4.5256e-01 -7.3285e+00 -3.2336e-01  8.9378e-01  7.3898e+00  1.0000e+00
 1.0216e+00 -8.2085e+00  1.4536e+01  1.7128e+00 -1.3127e+01  2.3166e+01  2.6682e+01  1.0000e+00
-2.5892e+01  2.0040e+01 -1.6491e+01 -5.8205e+01  4.4391e+01 -3.7326e+01  8.2169e+01  1.0000e+00
-2.0936e+00  1.2012e+00  2.9567e-02 -6.2825e+00  1.1776e+00  3.6484e+00  7.3599e+00  1.0000e+00
-1.0932e+00  2.6486e+00  5.2270e-01  1.4812e+00  4.7003e-01  1.4777e+00  2.1445e+00  1.0000e+00
-2.0719e-01  1.0346e+00  3.6800e-01  2.2091e+01  1.0920e+01 -1.6301e+01  2.9546e+01  1.0000e+00
 2.6771e-01  6.2794e-01  1.1455e+00  5.0292e+00  4.9299e+00  1.0690e+00  7.1231e+00  1.0000e+00
 3.6289e-01  8.6103e-01  2.6455e-01  1.4682e+01 -1.0371e-02  2.9929e+00  1.4984e+01  1.0000e+00
-4.4124e-01  4.6931e-01 -3.2041e-01  5.0136e+00 -4.0467e+00 -7.4844e+00  9.8756e+00  1.0000e+00
-1.3940e+01  1.1749e+01 -3.8960e+00 -2.2363e+01  1.8915e+01 -6.2041e+00  2.9940e+01  1.0000e+00
 8.3932e+00 -6.5735e+00 -2.5686e+01  1.4118e+01 -1.1163e+01 -4.3239e+01  4.6836e+01  1.0000e+00
-2.5114e-01  5.5057e-01  3.4732e-01  1.2739e+01  1.9210e+01  8.1964e-01  2.3065e+01  1.0000e+00
-6.9086e-01 -1.6547e+01 -1.1857e+01 -9.0668e-01 -2.7137e+01 -1.9278e+01  3.3300e+01  1.0000e+00
-6.1923e+00  5.8367e+00 -2.4280e+01 -1.0564e+01  9.9953e+00 -4.0590e+01  4.3117e+01  1.0000e+00
 2.9283e+00 -1.4531e+01  1.3898e-01  4.5670e+00 -2.3258e+01  3.3246e-01  2.3704e+01  1.0000e+00
-2.4399e+00  6.4732e-01  6.3607e-01 -2.3178e+00  3.4924e+00  9.1259e-01  4.2898e+00  1.0000e+00
-2.8230e+00 -3.6474e+00 -1.5728e+01 -4.5985e+00 -6.1503e+00 -2.4589e+01  2.5760e+01  1.0000e+00
 1.6435e+00  3.9588e+00  3.6173e+00  2.8138e+00  5.3999e+00  5.1355e+00  7.9656e+00  1.0000e+00
-4.2933e-01  9.8969e-01  2.1867e-01  1.0583e+01 -4.0880e+00  4.3517e+00  1.2151e+01  1.0000e+00
 9.2466e+00  5.6814e+00  1.2830e+01  1.8226e+01  9.9528e+00  2.4741e+01  3.2301e+01  1.0000e+00
 2.3753e-01  8.2234e-01  9.5001e-01 -3.7559e+00  1.7826e+00 -5.6688e+00  7.0299e+00  1.0000e+00
 9.7187e+00 -1.2118e+01 -4.6920e+00  1.5179e+01 -1.9134e+01 -7.9506e+00  2.5686e+01  1.0000e+00
-6.3148e-01  1.4771e+00 -1.1093e-01  3.9536e+00 -3.9358e-01  1.8336e+00  4.3759e+00  1.0000e+00
 2.5132e-02  1.0725e+00  4.8227e-01 -2.2239e+00 -1.8481e+01 -8.8509e+00  2.0612e+01  1.0000e+00
-1.6902e+01 -7.6085e+00 -5.3049e+00 -2.7516e+01 -1.2303e+01 -8.4753e+00  3.1310e+01  1.0000e+00
 8.5655e+00  4.6426e+00  8.4597e+00  1.2657e+01  7.6190e+00  1.3573e+01  2.0062e+01  1.0000e+00
-6.2069e-01  8.9473e-01  2.0513e-01  3.8020e+00  2.3496e+00 -6.4437e+00  7.8420e+00  1.0000e+00
 6.7817e+00 -2.2144e+01 -1.7491e+00  1.1483e+01 -3.6879e+01 -2.9290e+00  3.8737e+01  1.0000e+00
 1.4367e+01 -3.8317e+00  1.1291e+01  8.4751e+01 -2.7178e+01  6.4881e+01  1.1014e+02  1.0000e+00
-3.2349e+01 -3.0932e+00  4.7763e+01 -5.6974e+01 -5.5829e+00  8.4052e+01  1.0170e+02  1.0000e+00
 1.2946e+01 -2.2394e+01 -1.8184e+01  2.2039e+01 -3.7752e+01 -3.0754e+01  5.3449e+01  1.0000e+00
-5.8092e-01  1.3959e+00  5.0733e-01 -4.1807e+00  1.4912e+01  1.0197e-01  1.5487e+01  1.0000e+00
-1.6402e+00  4.5346e+00  1.1459e+00 -1.6210e+00  1.0028e+01  2.0832e+00  1.0369e+01  1.0000e+00
-9.4889e-02  9.7986e-01 -4.5030e-01  4.9095e+00  1.3184e+01 -6.9979e+00  1.5712e+01  1.0000e+00
-7.2160e+00 -1.4941e+00 -5.3940e+00 -1.0182e+01 -3.9150e-01 -7.6885e+00  1.2765e+01  1.0000e+00
-1.1401e+00  5.2748e-01  7.6505e-01 -8.1740e+00 -2.9186e+00  7.4984e+00  1.1470e+01  1.0000e+00
-1.9814e-01  1.3293e+00  2.1055e-01  8.2301e+00  3.9253e+00 -2.0437e+01  2.2379e+01  1.0000e+00
-1.4005e-01 -1.6600e+01 -1.1780e+01 -3.3621e-01 -2.6760e+01 -1.9199e+01  3.2937e+01  1.0000e+00
-5.4071e-01 -2.9482e+00  2.8205e-01 -2.4839e+00 -3.8853e+01 -2.6538e+00  3.9022e+01  1.0000e+00
-4.1859e-01  1.2636e+00  5.7440e-02 -1.3008e+01  8.6683e+00 -9.8860e+00  1.8495e+01  1.0000e+00
-2.3062e-01  1.4268e+00  6.7149e-01  5.7580e+00 -7.0852e+00  3.6256e+00  9.8234e+00  1.0000e+00
 6.5686e-01  7.9178e-01  1.6998e-02  1.3976e+00 -2.2316e+00  3.1034e+00  4.0700e+00  1.0000e+00
-1.4876e-01  7.4076e-01  2.1036e-01  6.6363e+00  1.0677e+01  1.5563e+00  1.2667e+01  1.0000e+00
-3.1966e+01 -3.8228e+01  1.7843e+01 -5.1369e+01 -6.2602e+01  2.9548e+01  8.6203e+01  1.0000e+00
-3.2931e-01  1.0212e+00  1.9171e-02  8.3139e+00  1.1396e+01 -2.0158e+01  2.4604e+01  1.0000e+00
-2.7760e+00  4.9121e+00 -2.0668e+00 -4.0238e+00  7.8885e+00 -2.3605e+00  9.1647e+00  1.0000e+00
 4.0362e-03  9.9939e-01  3.4257e-01  1.8573e+01  2.9389e+00  7.7262e+00  2.0330e+01  1.0000e+00
-6.3563e-01  9.5828e-01  1.0436e-01  6.0802e-01  1.3648e+01 -2.5526e+00  1.3897e+01  1.0000e+00
 3.2655e-01  1.0111e+00 -1.7217e-02 -6.5354e+00 -3.4000e+00  1.6739e+01  1.8288e+01  1.0000e+00
-4.7859e-01  9.8029e-01  3.0881e-01  1.4017e+01  2.3475e+01  5.5466e+00  2.7899e+01  1.0000e+00
-4.6699e-01  9.9686e-01  5.0958e-01  3.5365e+00 -1.7587e+01 -5.1933e+00  1.8675e+01  1.0000e+00
-1.0855e-01 -1.4567e+01  6.9659e+00 -1.9005e-01 -2.3446e+01  1.0981e+01  2.5891e+01  1.0000e+00
-1.8911e+01 -1.1318e+01 -6.7923e+00 -3.2092e+01 -1.8969e+01 -1.1737e+01  3.9083e+01  1.0000e+00
 2.4169e-01  9.2574e-01  2.2560e-01  5.8937e+00 -2.2317e+01 -3.9002e+00  2.3410e+01  1.0000e+00
-7.1266e-01  8.2753e-01  9.3314e-01 -4.5422e+00 -2.8263e+00  4.7649e+00  7.1640e+00  1.0000e+00
 2.4295e+01 -8.7057e+00 -1.4394e+00  4.0721e+01 -1.4511e+01 -2.2792e+00  4.3289e+01  1.0000e+00
-3.5031e-01  1.0748e+00 -8.9457e-01 -1.2088e+01  6.0967e+00 -9.5656e-02  1.3539e+01  1.0000e+00
 2.3960e+02 -2.9658e+02  1.9436e+02  3.8386e+02 -4.7418e+02  3.0947e+02  6.8408e+02  1.0000e+00
-7.1773e-02  5.1458e-01  4.1531e-01 -4.0823e+00 -5.6248e+00  1.0292e+01  1.2419e+01  1.0000e+00
-2.1596e-01  1.0564e+00 -2.6179e-01 -1.0582e+01  8.0568e+00  1.5977e+01  2.0788e+01  1.0000e+00
 2.2393e-01  7.2603e-01 -2.0681e-01  7.9655e-01 -2.6958e-01 -7.5142e+00  7.5611e+00  1.0000e+00
 1.3401e+01  1.0828e+01  1.0211e+00  2.1407e+01  1.7134e+01  1.8762e+00  2.7484e+01  1.0000e+00
-1.0765e+01 -2.7938e+00  5.7681e+00 -1.8843e+01 -4.6254e+00  1.0866e+01  2.2238e+01  1.0000e+00
 3.3064e+00 -1.8211e+01  9.3050e-01  5.2646e+00 -2.9461e+01  1.2270e+00  2.9952e+01  1.0000e+00
-3.5655e-01  4.0832e-01  2.5612e-01 -8.4210e+00 -8.1715e+00 -7.3402e+00  1.3841e+01  1.0000e+00
 8.7983e-01  8.4339e+00 -1.3046e+01  1.2631e+00  1.3249e+01 -2.0758e+01  2.4658e+01  1.0000e+00
-3.5652e+01  1.2001e+01  1.3034e+01 -6.8528e+01  2.3110e+01  2.4982e+01  7.6513e+01  1.0000e+00
-1.3419e-01  9.0159e-01  2.9667e-01  2.8072e+00 -1.2193e+01  5.9523e-01  1.2526e+01  1.0000e+00
-6.5016e-01  5.7123e-01  4.2411e-01 -1.9637e+00 -1.1254e+01 -2.8206e+00  1.1767e+01  1.0000e+00
-2.6748e-01  1.4810e-01  1.4069e-01  2.5118e-01 -4.1472e+00  7.0255e-01  4.2137e+00  1.0000e+00
 1.5633e+00  1.9566e-01 -2.9378e-01 -5.6405e+00  1.7466e+00  3.6823e+00  6.9588e+00  1.0000e+00
 1.8170e+00 -1.8721e+01  1.4872e+01  2.9632e+00 -3.1184e+01  2.4805e+01  3.9956e+01  1.0000e+00
 1.0376e+01 -1.9360e+01  7.7546e+00  2.3476e+01 -4.4079e+01  1.7191e+01  5.2817e+01  1.0000e+00
-9.2735e-01  1.0865e+01  1.7107e+00 -3.2548e+00  1.5555e+01  3.0136e+00  1.6175e+01  1.0000e+00
 1.3438e-01  1.4512e+00  9.9610e-01  3.0555e+00 -1.6932e+00  1.9827e+00  4.0167e+00  1.0000e+00
 5.6558e-01  5.3198e-02  4.6915e-01 -1.3011e+01  1.2081e+01 -2.6155e+00  1.7947e+01  1.0000e+00
 1.5890e-02  9.6294e-01  3.8656e-01 -3.0084e+00 -1.0950e+01 -3.9519e+00  1.2024e+01  1.0000e+00
 9.6377e+00 -3.1275e+00  5.1993e+00  1.4615e+01 -3.7611e+00  7.3767e+00  1.6797e+01  1.0000e+00
-5.0437e-01  1.1115e+00  7.5438e-01  2.3216e+00  6.9880e+00  1.9846e+01  2.1168e+01  1.0000e+00
-1.4850e-01  6.8163e-01 -3.3154e-01  1.5939e+00 -4.5155e+00 -1.1279e+01  1.2254e+01  1.0000e+00
-2.0833e-01  1.1295e+00  1.6996e-01 -2.2381e+01 -2.8498e-01 -3.2693e+00  2.2620e+01  1.0000e+00
-3.9903e+00 -3.4155e+00 -2.0175e+01 -6.3853e+00 -5.4227e+00 -3.3088e+01  3.4132e+01  1.0000e+00
-1.4601e+00 -5.6723e-01  4.1653e+00 -2.1804e-01  1.0401e+00  2.4014e+00  2.6261e+00  1.0000e+00
 2.4642e+01 -5.4805e-01 -5.3337e+00  4.1258e+01 -7.3675e-01 -8.5831e+00  4.2148e+01  1.0000e+00
-5.5423e-01 -1.2103e-01  1.2687e-01  1.2164e+00 -6.5436e+00  2.9295e+00  7.2719e+00  1.0000e+00
 8.5904e+00 -1.4033e+00  2.2517e+01  1.4423e+01 -2.8115e+00  3.7793e+01  4.0549e+01  1.0000e+00
-9.1312e-01  1.2360e+00 -1.3813e+00 -2.1245e+00  3.1518e+00 -1.2729e+00  4.0084e+00  1.0000e+00
-7.6151e-02  3.8144e-01  1.2817e+00 -1.1383e+01 -3.0829e+00 -6.0585e+00  1.3258e+01  1.0000e+00
-9.7152e+00  1.6527e+00  1.5815e+01 -1.5502e+01  2.6738e+00  2.5701e+01  3.0133e+01  1.0000e+00
-1.6716e+00  7.7572e+00 -3.0887e-01 -3.8769e+00  7.5012e+00 -8.6029e-01  8.4875e+00  1.0000e+00
-2.8055e-01  1.3812e+00  3.2648e-01 -1.4835e+01 -2.9965e+00 -1.7946e-02  1.5134e+01  1.0000e+00
 8.6731e-01  3.8728e+01  2.5195e+01  2.8077e-01  6.3467e+01  4.0470e+01  7.5272e+01  1.0000e+00
-5.5636e+00  4.9330e+00 -1.8459e+00 -6.0950e+00  5.4459e+00 -7.2680e-01  8.2059e+00  1.0000e+00
 1.3006e-01  1.4150e+00 -1.5129e-01 -1.9089e+01 -3.4345e+00  4.7889e+00  1.9978e+01  1.0000e+00
 1.0067e-01  9.9532e-01  2.0081e-01 -1.9187e+01  8.6990e-01  6.7421e+00  2.0355e+01  1.0000e+00
-4.7952e-02  7.0272e-01  4.4044e-01  6.8842e+00 -1.1637e+01  1.4258e+00  1.3596e+01  1.0000e+00
-2.9858e-01  1.2372e+00  4.1426e-01 -7.2223e+00  1.7274e+01  1.0515e+01  2.1474e+01  1.0000e+00
-1.6989e-01  9.7136e-01  3.5135e-01  1.5744e+01  3.7204e+00  5.2420e+00  1.7005e+01  1.0000e+00
-3.0626e+00  2.2540e-01  4.4298e+00 -6.7449e-01  1.4222e+00  2.2987e+00  2.7860e+00  1.0000e+00
 2.6670e-01  6.1992e-01  3.0546e-01  4.0328e+00 -3.8766e+00  2.5082e+00  6.1305e+00  1.0000e+00
-1.3398e+01  1.1224e+01  3.8701e+00 -2.7016e+01  2.2559e+01  7.1991e+00  3.5925e+01  1.0000e+00
-1.4493e-02  1.6476e+00  1.0141e-01 -1.0873e+01  8.7140e+00  1.4513e+00  1.4009e+01  1.0000e+00
-2.3614e-01  8.1251e-01  3.1410e-01  3.7697e+00 -3.2954e+00  1.0628e+01  1.1748e+01  1.0000e+00
-4.2300e-01  1.0056e+00  3.1687e-01 -1.0550e+01  3.0521e+00 -9.4287e+00  1.4474e+01  1.0000e+00
-1.9708e-01  8.0316e-01  9.8554e-02  1.8925e+01  1.9022e+01 -6.8021e-01  2.6841e+01  1.0000e+00
 8.1116e+00 -1.3670e+01 -6.8403e+00  1.3165e+01 -2.1557e+01 -1.1050e+01  2.7570e+01  1.0000e+00
 3.5370e-01 -3.3088e-01  3.3423e-01 -4.1377e+00  4.9166e+00  2.8202e+00  7.0176e+00  1.0000e+00
 1.0612e+01  2.9345e+00 -2.3758e+01  1.7794e+01  5.2417e+00 -3.8065e+01  4.2344e+01  1.0000e+00
-1.7115e+00  9.2782e+00 -5.8377e+00 -2.5169e+00  1.3406e+01 -7.4325e+00  1.5534e+01  1.0000e+00
-2.1203e+01 -7.4469e+00  5.0409e+00 -3.5512e+01 -1.2123e+01  8.3969e+00  3.8453e+01  1.0000e+00
 2.6577e+01 -2.5610e+00 -1.0892e+01  4.5062e+01 -4.2910e+00 -1.8282e+01  4.8819e+01  1.0000e+00
 1.0305e+01 -5.6944e+01  3.5317e+01  1.7616e+01 -9.7711e+01  6.0738e+01  1.1639e+02  1.0000e+00
-3.9216e-01  1.0445e+00  3.9968e-01 -1.8854e+01  2.4751e+00  1.6625e+01  2.5258e+01  1.0000e+00
-5.4223e-02  8.4065e-01  5.3630e-01  1.9077e+01 -4.2626e+00  1.6033e+00  1.9613e+01  1.0000e+00
-1.7343e-01  1.0632e+00  1.5995e-01 -1.1223e+01 -3.9784e+00  4.9143e+00  1.2882e+01  1.0000e+00
 8.2610e-01  1.5019e+00  1.6306e-01 -5.4318e+00 -7.3686e-01  1.0548e+00  5.5822e+00  1.0000e+00
-1.2926e+01 -6.3890e+00 -6.6144e+00 -2.0889e+01 -9.5554e+00 -1.0671e+01  2.5328e+01  1.0000e+00
-4.6572e-01  9.5172e-01  1.0882e-01 -1.2784e+00 -1.6335e+01  1.8879e+01  2.4998e+01  1.0000e+00
-3.7825e-01  8.7942e-01  8.0311e-01 -1.6285e+01 -1.2748e+01  3.6318e-01  2.0684e+01  1.0000e+00
-2.1024e-01  1.2481e+00  4.7128e-01 -6.8772e+00  2.3797e+01 -8.2320e+00  2.6103e+01  1.0000e+00
-1.9162e-01  1.0529e+00  2.5171e-01  1.0987e+01 -1.8768e+01  8.2219e+00  2.3250e+01  1.0000e+00
 2.9783e+00 -2.8192e+00 -3.5034e+00  2.2867e+00 -7.2013e-01 -2.4780e+00  3.4479e+00  1.0000e+00
-9.8666e-01  9.8579e-01  2.7274e-01  2.6398e+00 -1.7925e-01 -2.3284e+00  3.5245e+00  1.0000e+00
-3.8414e-01  8.0323e-01  2.1814e-02 -6.9238e+00 -7.9479e+00 -2.7361e+00  1.0890e+01  1.0000e+00
 8.7909e+00 -1.0614e+01 -1.2969e+01  1.4176e+01 -1.7652e+01 -2.0701e+01  3.0677e+01  1.0000e+00
 4.2631e+00  2.5170e+00 -2.5014e+00  2.3056e+01  9.0727e+00 -1.0792e+01  2.7025e+01  1.0000e+00
-3.4942e-01  1.2672e+00  1.5191e-01 -7.0525e-01 -3.4236e+00  4.0337e+00  5.3375e+00  1.0000e+00
-4.9810e-01  1.2315e+00  3.5467e-02 -7.1387e-01 -7.2693e-01 -7.4465e+00  7.5159e+00  1.0000e+00
 2.6406e-01  2.2183e+00  3.9588e-01 -2.9963e+00  9.7571e-01  9.4075e+00  9.9212e+00  1.0000e+00
 1.0159e+01 -4.7886e+00 -6.6809e+00  3.0880e+01 -1.5923e+01 -2.0284e+01  4.0231e+01  1.0000e+00
-2.7349e-01  7.4290e-01  4.8846e-01 -1.6025e+01 -6.2034e+00  8.7534e+00  1.9284e+01  1.0000e+00
-8.8618e-01  1.2795e+00  4.9996e-02  1.6340e+01 -6.2541e+00  5.0953e+00  1.8223e+01  1.0000e+00
-2.9051e+01  7.0067e+00  1.4296e+01 -6.0171e+01  1.4441e+01  2.9703e+01  6.8639e+01  1.0000e+00
 1.8310e-01  1.2379e+00  7.2667e-02 -5.6953e+00  9.9709e+00 -1.1291e+00  1.1538e+01  1.0000e+00
 1.1711e+01  8.3520e+00 -9.6905e-01  1.7785e+01  1.3375e+01 -9.7331e-01  2.2275e+01  1.0000e+00
-5.0001e-02  6.7351e-01  4.1803e-01  6.7370e+00  4.1146e+00  2.2865e+00  8.2186e+00  1.0000e+00
 7.2948e-02  1.0894e+00 -9.9690e-02 -4.4491e+00  1.1671e+01  8.4743e+00  1.5094e+01  1.0000e+00
-4.2160e-01  1.1002e+00  5.2946e-02 -1.5389e-01 -1.6508e+01  5.3130e+00  1.7343e+01  1.0000e+00
 2.2645e+00  1.0745e+01 -4.4205e-01  3.8961e+00  1.4860e+01 -1.3881e+00  1.5425e+01  1.0000e+00
-2.3820e+02  2.9563e+02 -1.9769e+02 -3.7964e+02  4.7214e+02 -3.1702e+02  6.8377e+02  1.0000e+00
 6.7550e-01  7.1450e-02 -1.1651e-01  5.6274e+00  3.2384e+00  3.4903e+00  7.3714e+00  1.0000e+00
-1.4231e-01  9.1301e-01  3.4710e-01  1.5544e+01 -1.0595e+00  8.7426e+00  1.7865e+01  1.0000e+00
-7.8289e-01  3.0823e+00 -4.4598e-02 -2.8303e+00  8.5028e+00 -8.3850e-01  9.0006e+00  1.0000e+00
 2.9737e-01  8.2754e-01  7.4092e-01 -4.3483e+00  6.9310e+00  1.4815e+00  8.3151e+00  1.0000e+00
-3.9081e-01  1.1030e+00  5.1631e-01  1.6678e+01  2.1594e+01 -5.5173e+00  2.7837e+01  1.0000e+00
 8.3693e+00 -1.2269e+01 -1.1800e+01  1.4894e+01 -1.9299e+01 -1.8111e+01  3.0369e+01  1.0000e+00
 2.4428e+00 -2.8258e-01  4.7552e-01 -3.3511e+00  2.2203e+00  1.6791e+00  4.3565e+00  1.0000e+00
-1.5132e+00  4.4389e-01  2.3139e+00  4.6558e+00  2.9475e+00 -2.1256e+00  5.9061e+00  1.0000e+00
-3.1712e-01  1.0085e+00 -1.7174e-01  5.9955e+00  4.6929e+00 -3.6827e+00  8.4576e+00  1.0000e+00
-1.8371e+01  1.1258e+00  1.5732e+01 -3.0616e+01  2.2680e+00  2.6478e+01  4.0541e+01  1.0000e+00
 4.7723e-02  1.0089e+00  2.1594e-01  1.4951e+00  1.0093e+01  2.4298e+01  2.6354e+01  1.0000e+00
-8.7403e-02  8.4262e-01  4.8539e-01  1.0396e+01 -5.9492e+00 -3.5224e+00  1.2485e+01  1.0000e+00
-1.2428e+01  1.1316e+01 -2.0038e+01 -2.0767e+01  1.9179e+01 -3.3542e+01  4.3865e+01  1.0000e+00
 2.1015e+01 -1.4342e+01  5.8069e+00  3.5161e+01 -2.3838e+01  9.8021e+00  4.3596e+01  1.0000e+00
 1.1166e+01 -6.8560e+00  1.2519e+01  1.7781e+01 -1.0933e+01  2.0418e+01  2.9200e+01  1.0000e+00
-7.5534e-01  1.0885e+00  8.5090e-01 -2.9142e+00  2.5348e-01 -1.5533e+01  1.5806e+01  1.0000e+00
 1.3550e-01  1.3246e+00  8.8495e-02  1.4875e+00 -1.0540e+00  4.5587e+00  4.9097e+00  1.0000e+00
-2.0708e-01  1.1119e+00  2.9010e-01  1.9879e+01  1.5984e+01 -1.4722e+01  2.9452e+01  1.0000e+00
-8.4304e+00  1.2483e+00  2.7424e+00 -1.0816e+01  9.7636e-01  3.0128e+00  1.1270e+01  1.0000e+00
-2.0313e-01  1.0590e+00  2.7675e-01  3.1338e+00 -1.8606e+00  1.0781e+01  1.1381e+01  1.0000e+00
-3.6736e-01  1.1525e+00  4.9877e-01  5.0500e+00 -2.9608e+00  7.7016e+00  9.6739e+00  1.0000e+00
-5.1270e-01  1.3509e+00  1.8970e-01 -2.5514e+00 -9.6317e-01 -1.0156e+01  1.0516e+01  1.0000e+00
-9.4249e-02  9.6408e-01  2.4258e-01 -1.1438e+01  1.0762e+01 -1.2753e+01  2.0231e+01  1.0000e+00
-8.0381e+00  7.9338e+00 -6.7213e+00 -1.1948e+01  1.3196e+01 -9.9457e+00  2.0391e+01  1.0000e+00
-8.5218e-01  1.0237e+00  6.5185e-02 -9.4206e+00 -1.4833e+01 -2.0968e+00  1.7696e+01  1.0000e+00
-6.3428e+00  4.0258e+00 -1.5490e+01 -1.0293e+01  6.4656e+00 -2.4749e+01  2.7573e+01  1.0000e+00
-2.3137e+00  9.6380e+00  3.9329e+00 -5.4276e+00  1.3019e+01  4.1395e+00  1.4700e+01  1.0000e+00
-1.9940e+01 -4.3735e+00 -5.5276e+00 -3.3452e+01 -6.9025e+00 -8.4624e+00  3.5189e+01  1.0000e+00
 2.3533e-01  1.3242e+00 -1.3093e-01  6.0240e+00  1.3986e+01 -1.1219e+01  1.8914e+01  1.0000e+00
-8.8513e-02 -2.2283e-01 -3.1840e+00 -2.4837e-01  8.2165e-01 -5.9856e-01  1.0465e+00  1.0000e+00
-2.6574e-02  1.0859e+00  3.9637e-01 -2.4160e+01 -4.8072e+00  7.0147e+00  2.5613e+01  1.0000e+00
-5.2395e-01  1.0466e+00  8.0051e-01 -2.5805e+00  4.2897e-01 -2.0969e+01  2.1132e+01  1.0000e+00
-1.9038e-01  1.8034e+00  1.3283e+00 -4.7402e-02  4.6269e+00 -4.3887e+00  6.3774e+00  1.0000e+00
-1.6839e-01  1.0773e+00  1.9940e-01 -5.0223e+00  2.1256e+01 -9.7305e+00  2.3911e+01  1.0000e+00
-3.7124e-01  6.4962e-01 -3.1214e-01  1.4171e+00 -3.7083e+00  3.3501e+00  5.1945e+00  1.0000e+00
 2.9470e+00 -1.1461e+00 -1.9282e-01 -8.1455e-01  2.5014e+00 -4.6931e+00  5.3801e+00  1.0000e+00
 1.3015e+00  4.5784e+00 -1.1000e+00  4.6238e+00  1.2361e+01 -5.3278e+00  1.4232e+01  1.0000e+00
-4.8820e-02  1.5436e+00 -5.6462e-02  1.5916e+00 -1.1103e+01  9.4204e+00  1.4648e+01  1.0000e+00
-2.5717e+01  2.8346e+01 -1.7262e+01 -4.1941e+01  4.4204e+01 -2.6636e+01  6.6503e+01  1.0000e+00
 3.9739e-02  1.0222e+00 -6.0324e-01 -3.5883e+00  3.4105e+00  1.8902e+01  1.9540e+01  1.0000e+00
 1.2342e+00  2.4236e+00 -5.3653e-01 -8.9799e+00  7.0934e-01  3.2407e+00  9.5730e+00  1.0000e+00
-6.7702e+00 -2.9517e+00 -6.3877e+00 -1.9880e+01 -1.0832e+01 -2.0276e+01  3.0392e+01  1.0000e+00
-2.3189e-01  1.3295e+00  3.5726e-01  4.1469e+00  9.9103e+00  9.3235e+00  1.4225e+01  1.0000e+00
-4.4975e-01 -1.3978e+01 -7.6563e+00 -6.0509e-01 -2.1975e+01 -1.2522e+01  2.5300e+01  1.0000e+00
-2.9593e-01  9.6386e-01  3.3993e-02  1.5918e+01 -1.0225e+01 -1.0514e+01  2.1645e+01  1.0000e+00
 8.3999e+00 -1.2329e+01 -1.1685e+01  1.2582e+01 -2.0355e+01 -1.9867e+01  3.1102e+01  1.0000e+00
-5.8711e-02  7.2812e-01  6.9180e-02  1.6893e+00  1.1991e+01 -1.2507e+00  1.2174e+01  1.0000e+00
-1.5606e+01  4.4784e+00 -8.0182e+00 -9.1110e+01  2.1592e+01 -4.8438e+01  1.0542e+02  1.0000e+00
 9.9505e-01  8.8793e+00  3.6240e+00  2.5191e+00  1.1926e+01  4.0519e+00  1.2845e+01  1.0000e+00
 4.1803e+00 -8.5608e+00  1.3487e+01  7.0172e+00 -1.3573e+01  2.1743e+01  2.6575e+01  1.0000e+00
 7.8950e-02  1.0759e+00  1.3313e-01  5.7415e+00  1.5722e+01 -4.4016e+00  1.7307e+01  1.0000e+00
-1.3201e+01  7.7246e+00 -2.9677e+00 -4.2514e+01  2.3429e+01 -9.9528e+00  4.9552e+01  1.0000e+00
 1.1838e-02  9.3337e-01  3.0614e-01 -4.7180e+00  1.1361e+01 -5.6562e+00  1.3540e+01  1.0000e+00
-1.3966e-01  3.8265e-01 -3.5858e-01 -6.7135e-01 -5.7090e+00 -6.9077e+00  8.9866e+00  1.0000e+00
-1.0162e+01 -3.4208e+00  6.1293e+00 -1.5272e+01 -5.2647e+00  8.4864e+00  1.8247e+01  1.0000e+00
-2.2315e-01  9.7794e-01  2.2693e-02 -1.4303e+01  4.4445e+00  1.8822e+01  2.4054e+01  1.0000e+00
-6.9635e-01  2.5181e+00  4.7088e-01 -1.1611e+01  2.5885e+01  3.6718e+00  2.8607e+01  1.0000e+00
 1.5923e+01 -2.0452e+01 -1.6212e+00  2.6893e+01 -3.4138e+01 -2.7959e+00  4.3548e+01  1.0000e+00
-6.3150e-01  2.0533e+00  2.9494e-01 -6.9955e+00  1.4197e+01  3.6124e+00  1.6234e+01  1.0000e+00
 8.9322e-01 -1.2198e+00  9.2778e-01  1.0308e+00 -8.2458e+00  3.9603e+00  9.2055e+00  1.0000e+00
-4.4980e-01  7.5464e-01  3.5771e-01  1.5987e+01 -6.4306e+00  1.3593e+01  2.1948e+01  1.0000e+00
-3.3628e-01  2.1992e+00  3.1762e-01 -5.2547e+00 -1.9653e+00  5.6273e-01  5.6384e+00  1.0000e+00
 6.4434e-01  2.5477e-01  7.0408e-01 -1.2396e+01  1.3382e+01  1.1513e+00  1.8278e+01  1.0000e+00
-4.2872e-01  6.5572e-01  7.1268e-01 -1.0210e+01 -1.1300e+00  5.9793e+00  1.1886e+01  1.0000e+00
-1.2180e+00  5.7963e-01  6.8780e-02 -1.2187e+01  1.1498e+00 -6.9028e+00  1.4053e+01  1.0000e+00
-5.2115e+00 -1.8010e+00 -1.1119e+00 -6.4178e+00 -1.2064e+00 -7.3663e-01  6.5716e+00  1.0000e+00
-2.0192e-01  1.0368e+00 -4.1542e-01  3.6130e+00  3.5859e+00  1.2030e+01  1.3063e+01  1.0000e+00
-3.7358e-01  1.3052e+00  3.3668e-01 -1.1968e+01  7.0830e+00 -6.0219e+00  1.5155e+01  1.0000e+00
-2.5090e-01  1.0944e+00  3.7713e-01 -2.2435e+00  1.7554e-01  2.1790e+00  3.1325e+00  1.0000e+00
-2.3999e-01  7.9340e-01  2.1889e-02  1.8599e+01  1.2895e+01  1.0224e+01  2.4834e+01  1.0000e+00
-3.4107e-01  7.5795e-01  2.6823e-01 -1.0587e+00 -1.0509e+00 -1.5317e+00  2.1381e+00  1.0000e+00
-4.2495e-01  8.2693e-01 -6.0468e-03 -7.0179e+00  1.8670e+01  1.5475e+01  2.5244e+01  1.0000e+00
 1.0752e+00 -2.1027e+00 -6.2666e-01  2.2159e+01 -5.1562e+01 -1.3586e+01  5.7743e+01  1.0000e+00
-4.2339e-01  1.0965e+00  3.7927e-02  1.6161e+01 -1.5340e+01  1.0166e+01  2.4492e+01  1.0000e+00
-2.9277e+01  2.3739e+01  1.0990e+01 -8.1289e+01  6.5139e+01  3.0726e+01  1.0861e+02  1.0000e+00
 6.8260e-01  3.9218e-01  8.3081e-01 -5.9590e-02  3.6523e+00 -9.3754e+00  1.0062e+01  1.0000e+00
 1.5548e-01  1.4749e+00  1.1637e+00  3.5383e-01  3.9999e+00  4.9738e+00  6.3924e+00  1.0000e+00
-1.0171e+02  3.4705e+00  9.1296e+01 -2.4181e+02  7.3671e+00  2.1773e+02  3.2547e+02  1.0000e+00
-4.8343e-01  8.8828e-01  4.2674e-01 -1.0202e+01  1.1436e+01 -7.2426e+00  1.6951e+01  1.0000e+00
-8.4082e-02  1.0783e+00  2.6719e-01 -1.3810e+01  1.3385e+01 -2.6021e+01  3.2357e+01  1.0000e+00
 4.1229e-02  1.0022e+00  2.0387e-01  1.7648e+01 -3.4212e+00 -3.5253e+00  1.8319e+01  1.0000e+00
-3.0961e+00  4.6214e+00  1.1890e+01 -4.3164e+00  6.0537e+00  1.6150e+01  1.7779e+01  1.0000e+00
 5.4636e+00  2.1828e+00  1.3466e+00  3.3273e+00  2.8356e+00  1.7442e+00  4.7068e+00  1.0000e+00
 8.8694e+00 -5.1339e+00 -7.6092e+00  1.3336e+01 -8.1504e+00 -1.1240e+01  1.9251e+01  1.0000e+00
 5.0028e-02  1.0169e+00  1.2969e-01  8.5000e+00 -2.5562e+00 -9.8118e+00  1.3231e+01  1.0000e+00
 1.2631e+01 -1.2866e+01 -1.9031e+01  2.1336e+01 -2.1481e+01 -3.1572e+01  4.3743e+01  1.0000e+00
-1.5828e-01  1.0813e+00  2.3164e-01  9.3662e+00  9.5895e+00 -6.2802e+00  1.4803e+01  1.0000e+00
-2.5032e-01  7.9547e-01  2.8082e-01  5.4206e+00 -3.3212e+00 -1.5596e+00  6.5457e+00  1.0000e+00
 5.6983e-02  4.7323e-01  1.3131e-01 -3.4640e+00  3.0029e+00  1.1712e+01  1.2577e+01  1.0000e+00
-7.4426e+00 -1.1546e+01 -1.1041e+01 -2.5000e+01 -4.1669e+01 -3.8374e+01  6.1918e+01  1.0000e+00
 1.1894e-01 -2.7960e-02  8.2710e-01 -9.1601e-01  1.0349e+01 -5.3313e-01  1.0404e+01  1.0000e+00
 1.3444e-01  1.0541e+00  1.4733e+00 -3.9392e+00 -1.5371e+00  3.9914e+00  5.8148e+00  1.0000e+00
-9.1162e-02  8.2864e-01  6.1302e-01  2.1889e+00 -1.7573e+00 -1.1733e+01  1.2064e+01  1.0000e+00
-4.7048e-01  1.5330e+00  1.9858e-01  4.8246e+00  3.4365e+00  9.0577e+00  1.0823e+01  1.0000e+00
 7.5154e-02  1.4065e+00 -4.8104e-01  6.0254e-01  8.4496e+00 -6.9134e+00  1.0934e+01  1.0000e+00
-1.3148e+00  2.1824e+00  2.5335e+00 -1.3057e+00  3.9211e+00  2.3484e+00  4.7534e+00  1.0000e+00
-3.2376e+00  4.8347e+00  1.3798e+01 -4.4986e+00  7.8782e+00  2.1338e+01  2.3186e+01  1.0000e+00
 3.6536e-01  1.5409e+00  4.9223e-01  2.9214e+00  1.1752e+01 -1.4225e+01  1.8681e+01  1.0000e+00
-5.7706e-01  8.9680e-01  8.5098e-01 -3.0548e+00  4.9397e+00  1.0945e+01  1.2390e+01  1.0000e+00
-3.8691e-01  9.7415e-01  4.8431e-02 -1.6423e+01  8.4726e+00 -7.1864e+00  1.9828e+01  1.0000e+00
 3.7556e-02  9.7650e-01  1.9204e-01 -1.1757e+01 -1.4218e+01 -2.5664e+01  3.1607e+01  1.0000e+00
 9.6533e+00 -2.4278e+01  4.2959e+01  1.5606e+01 -3.9382e+01  7.0865e+01  8.2561e+01  1.0000e+00
 1.8410e+01  3.5134e+00  1.7341e+01  3.0722e+01  5.8009e+00  2.9196e+01  4.2777e+01  1.0000e+00
-2.8463e+00  1.1670e+00 -6.2658e-01 -4.6199e+00  1.0077e+00 -2.5093e+00  5.3531e+00  1.0000e+00
-1.1454e+00  1.1742e+00  1.7390e-01 -1.2366e+00  1.0846e+00 -6.3348e+00  6.5449e+00  1.0000e+00
-1.2692e-01  8.4918e-01  6.3266e-02  2.6257e-01 -5.0364e-01  4.2975e+00  4.3348e+00  1.0000e+00
-4.8730e+00  3.1698e+00  1.9290e+01 -8.0179e+00  5.5509e+00  3.1679e+01  3.3146e+01  1.0000e+00
-1.2736e+01 -2.4826e+00 -1.2153e+01 -2.0427e+01 -2.5131e+00 -1.8889e+01  2.7935e+01  1.0000e+00
 5.8478e-01  5.6645e-01 -2.3476e-01 -6.8144e+00  1.3137e+01  4.2025e+00  1.5384e+01  1.0000e+00
-6.8192e+00 -1.1550e+01 -9.5716e-01 -1.2140e+01 -2.2092e+01 -1.2928e+00  2.5241e+01  1.0000e+00
-1.4381e+00 -8.0877e-01  8.2402e-01  3.6427e+00  3.0252e+00 -6.6144e-01  4.7811e+00  1.0000e+00
-2.3303e-01  1.1944e+00  1.9296e-01 -2.0951e-02  8.6383e+00 -3.4312e+00  9.2949e+00  1.0000e+00
-2.3206e+00 -1.0843e+00 -6.4436e-02 -1.2636e+00  1.7774e+00  8.5551e-01  2.3426e+00  1.0000e+00
-1.8802e-01  9.3406e-01  1.1314e-01 -1.6809e+01  2.4515e+00  6.6648e+00  1.8247e+01  1.0000e+00
 1.5633e-01  9.3552e-01  4.6100e-01  8.7404e+00  9.2625e+00 -5.2256e+00  1.3766e+01  1.0000e+00
-6.6195e+00  2.0874e+01 -2.6969e+00 -1.0807e+01  3.4470e+01 -4.3378e+00  3.6384e+01  1.0000e+00
 3.7213e+00  1.3746e+00  3.9667e+00  1.7214e+00  4.0196e+00  4.9063e+00  6.5721e+00  1.0000e+00
-1.2009e+01 -2.4883e-01 -3.1050e+00 -1.7895e+01  3.9434e-01 -4.7935e+00  1.8530e+01  1.0000e+00
 1.3771e+00  1.7052e+00 -2.7763e+00  3.6774e+00  1.8896e+00 -2.2991e+00  4.7307e+00  1.0000e+00
-9.6421e+00 -3.7691e+00  6.6723e+00 -1.4211e+01 -4.6261e+00  9.9571e+00  1.7958e+01  1.0000e+00
 9.9577e-02  6.1322e-01  3.2613e-01 -1.1213e+01  3.6071e+00 -7.7585e+00  1.4105e+01  1.0000e+00
 2.4450e+01  8.8330e+00  2.0471e+00  4.0765e+01  1.4959e+01  3.3369e+00  4.3550e+01  1.0000e+00
 8.8639e+00  1.2358e+01  1.6318e+00  1.4201e+01  1.9313e+01  3.0928e+00  2.4171e+01  1.0000e+00
-1.9091e+01 -1.1504e+01 -7.1446e+00 -3.1562e+01 -1.8401e+01 -1.1363e+01  3.8261e+01  1.0000e+00
 5.5763e-01  2.3622e+00  7.3388e-02  1.2118e+01  7.6946e+00 -9.4349e+00  1.7178e+01  1.0000e+00
-1.8778e+01 -4.6783e-01 -4.9147e+00 -3.0829e+01 -4.5525e-01 -8.1358e+00  3.1887e+01  1.0000e+00
-2.4172e-01  9.9962e-01  4.1671e-01  2.2280e+01 -8.3336e+00  1.8640e+01  3.0220e+01  1.0000e+00
-3.3153e-01  9.7367e-01  2.0725e-01  3.7483e+00 -1.8896e+01 -6.7868e+00  2.0425e+01  1.0000e+00
-3.8723e+00  1.5197e+01 -5.8811e+00 -5.7064e+00  2.4731e+01 -9.2092e+00  2.7000e+01  1.0000e+00
 2.2447e+01  1.8420e+01 -1.4111e+01  4.7217e+01  3.8210e+01 -2.9477e+01  6.7516e+01  1.0000e+00
-7.8842e-01  5.7125e-01 -3.7354e-01 -1.0394e+00 -3.9333e+00  8.9834e+00  9.8616e+00  1.0000e+00
-9.2549e-01  7.8104e-01 -2.5506e+00  2.3114e+00  3.7196e+00  4.7516e+00  6.4619e+00  1.0000e+00
-1.9676e-01  1.2732e+00  1.6447e-01  1.0991e+01  9.7288e+00  2.4032e+01  2.8160e+01  1.0000e+00
 3.6394e+00 -2.9657e+00 -2.7720e-01  3.4050e+00 -1.0844e+00  4.0025e+00  5.3656e+00  1.0000e+00
 2.0311e+00 -1.5299e+00  7.8845e-01  5.3025e+00 -1.4233e+00  4.7295e-01  5.5105e+00  1.0000e+00
 1.6005e-01  4.9838e-01 -1.9854e-01 -3.8706e+00 -9.4531e+00  4.3759e-01  1.0224e+01  1.0000e+00
-1.4545e+01 -7.3172e+00 -2.5533e+01 -2.4845e+01 -1.2618e+01 -4.3908e+01  5.2004e+01  1.0000e+00
-2.5997e+01 -8.6813e+00 -8.6151e-01 -4.3810e+01 -1.4237e+01 -1.5508e+00  4.6092e+01  1.0000e+00
 3.0265e+00 -2.6027e+00 -3.9629e+00  4.5666e+00 -8.8638e-01 -2.5868e+00  5.3227e+00  1.0000e+00
 2.6292e+01  4.5213e+00 -2.7313e+00  4.4017e+01  7.9310e+00 -4.7102e+00  4.4973e+01  1.0000e+00
-9.8998e-02  6.9998e-01  1.5640e-01  8.0576e+00  3.7985e+00  1.5978e+01  1.8294e+01  1.0000e+00
 1.0976e-01  1.1412e+00  3.5194e-01 -2.3962e+00  1.3867e+01 -5.7486e+00  1.5201e+01  1.0000e+00
-2.4532e-01  1.0735e+00  5.0311e-01 -5.0212e-01 -1.1799e+01  3.7689e+00  1.2396e+01  1.0000e+00
-1.4390e+00  1.2404e+00 -9.1539e-02 -1.9723e+01  5.0221e+00 -1.4756e+00  2.0406e+01  1.0000e+00
-2.4786e-01  7.1191e-01  2.9996e-01  8.0031e-02 -1.4458e+00 -1.4348e+01  1.4421e+01  1.0000e+00
-9.9101e-02  6.3048e-01  5.5908e-01  1.9476e+00 -9.1908e+00  1.7482e+01  1.9847e+01  1.0000e+00
-2.5221e-01  1.5022e+00  3.8387e-01  1.1288e+01  9.2818e+00  7.4013e+00  1.6382e+01  1.0000e+00
-1.0589e+01  9.0314e+00 -1.6967e+00 -1.6225e+01  1.3688e+01 -2.2336e+00  2.1345e+01  1.0000e+00
-3.4148e-01  1.5644e+00 -1.7818e-01 -5.9081e+00 -5.9341e+00 -6.3944e+00  1.0536e+01  1.0000e+00
-1.0802e+01 -3.2338e+00 -1.1019e-01 -1.5415e+01 -4.6396e+00 -4.3111e-01  1.6104e+01  1.0000e+00
 7.4445e-02  5.2120e-01  1.2966e+00  3.8970e+00  2.9116e-01  2.9440e+00  4.8927e+00  1.0000e+00
-5.1042e-01  1.4406e+00  2.8623e-01  1.2336e+01 -1.3320e+00  3.2035e+00  1.2814e+01  1.0000e+00
-6.1476e-01  1.0120e+00 -3.9129e-02  1.0666e+01  6.5637e+00 -9.3873e+00  1.5652e+01  1.0000e+00
 3.0391e-02  8.5137e-01  5.2964e-02  1.5342e+00  1.0259e+01 -2.6335e+01  2.8305e+01  1.0000e+00
 8.3964e+00 -2.0722e+01 -9.9885e+00  1.4054e+01 -3.4349e+01 -1.6607e+01  4.0659e+01  1.0000e+00
-1.8842e+01 -3.3799e+00  1.6971e+01 -3.1577e+01 -5.2877e+00  2.8419e+01  4.2810e+01  1.0000e+00
-2.6725e-01  1.2329e+00  4.0633e-01 -1.4448e+01  1.2500e+01  4.4817e+00  1.9623e+01  1.0000e+00
-2.4613e+00 -1.0559e+00 -3.6695e+00 -1.6869e+00  1.3334e+00 -4.6180e-01  2.1993e+00  1.0000e+00
 5.6355e-01  3.0286e-01  6.2419e-01 -1.2632e+01  1.0231e+01 -6.8565e+00  1.7642e+01  1.0000e+00
 5.4465e-01  9.0836e-01  6.9398e-01  7.8901e+00 -2.2843e+00  5.5907e+00  9.9362e+00  1.0000e+00
-1.7312e+00 -1.6756e+01 -1.1814e+01 -2.1175e+00 -2.7943e+01 -1.9939e+01  3.4393e+01  1.0000e+00
-2.8222e+00  4.8719e+00 -3.6671e+00 -2.7371e+00  4.7047e+00 -1.9790e+00  5.7916e+00  1.0000e+00
-1.0285e-01  1.0409e+00 -4.6881e-01 -1.0795e+01 -5.0989e+00  9.5779e+00  1.5306e+01  1.0000e+00
 3.5815e-02  1.1442e+00  6.6002e-01 -4.7770e+00 -4.2522e+00 -4.0495e-01  6.4082e+00  1.0000e+00
-1.3452e+00  5.1393e-01  6.3748e-01 -6.9589e+00  2.5113e-01  2.8137e+00  7.5104e+00  1.0000e+00
-3.5098e+00  1.5517e+01 -6.5181e+00 -5.7616e+00  2.4320e+01 -9.8040e+00  2.6847e+01  1.0000e+00
 3.0082e-01  4.6934e-01 -8.2960e-01 -1.7915e+00  2.7289e-02  3.8100e+00  4.2103e+00  1.0000e+00
 5.2006e-01  2.9090e+00  1.9121e+01  1.8410e+00  5.1226e+00  2.8414e+01  2.8930e+01  1.0000e+00
 2.2619e-01  3.8883e+00 -2.1104e+00  6.4293e-01  6.8866e+00 -5.6223e+00  8.9135e+00  1.0000e+00
 7.1574e-02  1.1320e+00  3.7592e-01 -8.0931e+00 -4.8472e+00  5.3279e+00  1.0834e+01  1.0000e+00
 4.8596e-01  5.0688e-01  1.4931e-01 -5.8753e+00  9.8756e+00  6.5282e+00  1.3216e+01  1.0000e+00
-1.3468e-01  7.6451e-01  2.3873e-01 -2.6121e+00 -4.2671e+00  1.7822e+01  1.8511e+01  1.0000e+00
 5.8071e+00  1.1926e+01  6.3953e+00  9.2581e+00  1.8762e+01  9.7258e+00  2.3072e+01  1.0000e+00
-2.8108e-01  9.4289e-01  1.1457e-01 -8.3809e+00  7.7316e+00 -9.9543e+00  1.5136e+01  1.0000e+00
 1.1341e+00 -5.0692e-01  1.0829e+00  2.2039e+00  1.5293e-01  1.0260e+00  2.4358e+00  1.0000e+00
-2.6946e-01  9.6373e-01 -5.5250e-02  6.7235e+00  8.8898e-01  7.3092e+00  9.9710e+00  1.0000e+00
-3.1056e-01  1.1439e+00  2.0292e-01  3.8560e+00 -2.5923e+01 -8.2528e-01  2.6222e+01  1.0000e+00
-5.9698e-01  5.2903e-01  2.5512e-01  1.4821e+01  3.3453e+00 -4.8610e-01  1.5202e+01  1.0000e+00
-4.0703e-01  1.1097e+00  4.1763e-01  1.8523e+01  1.3688e+00 -1.2308e+00  1.8614e+01  1.0000e+00
 9.2948e+00 -6.8017e+00 -1.1469e+00  1.3671e+01 -9.7409e+00 -1.3591e+00  1.6841e+01  1.0000e+00
 2.4986e-01  1.2876e+00  6.8160e-01  1.0648e+00 -7.4982e+00 -1.5692e+00  7.7343e+00  1.0000e+00
 1.6867e+01 -3.1599e+01  2.0184e+01  2.5237e+01 -5.0360e+01  3.2447e+01  6.5007e+01  1.0000e+00
-2.6572e-01  2.1822e+00  8.3225e-01 -1.7433e-01  1.3908e+01 -1.0267e+01  1.7288e+01  1.0000e+00
 1.7325e+00 -8.7803e+00 -2.5085e+01  2.7503e+00 -1.4598e+01 -4.1933e+01  4.4486e+01  1.0000e+00
-6.7643e+00 -9.8752e+00 -1.6976e+01 -1.1716e+01 -1.6211e+01 -2.7998e+01  3.4408e+01  1.0000e+00
-1.2164e+00 -1.8066e+01  1.9543e+00 -1.7582e+00 -2.9536e+01  3.1770e+00  2.9758e+01  1.0000e+00
-2.5069e+01 -1.2678e+01 -6.5563e+00 -4.2451e+01 -2.1126e+01 -1.1001e+01  4.8677e+01  1.0000e+00
-3.1333e-01  7.4720e-01  3.2794e-02  2.3191e+01 -1.3705e+00  2.6674e-01  2.3233e+01  1.0000e+00
-2.0110e+01 -4.9537e+00 -3.7875e+00 -3.3423e+01 -8.1675e+00 -6.2513e+00  3.4970e+01  1.0000e+00
-1.1045e-01  9.5616e-01  2.7006e-01  7.1813e+00 -5.1803e+00  3.4285e+01  3.5410e+01  1.0000e+00
-4.3386e-01  4.8366e-01  1.8524e-02 -4.2541e+00 -1.7501e-01  6.9033e+00  8.1107e+00  1.0000e+00
-3.1860e+00  7.6318e-02 -9.9497e+00 -4.9906e+00  7.6752e-01 -1.6658e+01  1.7407e+01  1.0000e+00
-3.3032e-01  2.1566e-01  1.6806e+00  7.2324e+00  2.5403e+00 -1.2787e+00  7.7715e+00  1.0000e+00
 4.4704e-02  1.1188e+00  2.4629e-01 -2.6735e+00 -3.4232e+00 -7.6896e+00  8.8315e+00  1.0000e+00
