# limit = 21.2996
#
# x           y           z           vx          vy          vz          s           m
-5.3433e-01  1.8190e-01  7.7381e-01 -1.3078e+00  2.0079e+01  4.3536e+00  2.0587e+01  1.0000e+00
-1.0529e-01  1.0423e+00  4.6745e-01  1.9204e+00  1.3052e+01 -1.6748e+01  2.1320e+01  1.0000e+00
 2.1280e+01  9.4153e-01  4.1675e+00  3.4082e+01  2.0438e+00  6.6736e+00  3.4789e+01  1.0000e+00
-1.9856e-01  1.0089e+00  2.1968e-01  1.4840e+01 -1.0027e+01 -1.4572e+01  2.3089e+01  1.0000e+00
-1.8022e+01  6.8062e+00  1.0821e+01 -2.9317e+01  1.0864e+01  1.7300e+01  3.5733e+01  1.0000e+00
 7.8375e+00 -2.4653e+00  2.2320e+01  1.2998e+01 -3.5801e+00  3.6240e+01  3.8667e+01  1.0000e+00
 1.1836e+00 -1.8169e+01 -1.2569e+01  1.4216e+00 -2.9328e+01 -2.0024e+01  3.5540e+01  1.0000e+00
-7.2868e-01  1.4065e+00  2.3477e-01 -1.2340e+01  8.6459e+00 -2.1016e+00  1.5213e+01  1.0000e+00
-2.8536e+01  2.0806e+01  6.4404e+01 -4.5547e+01  3.3390e+01  1.0464e+02  1.1890e+02  1.0000e+00
 4.2285e+01 -2.2600e+01  1.0996e+00  1.1448e+02 -6.2007e+01  3.0410e+00  1.3023e+02  1.0000e+00
 2.9297e+00  4.0901e+00  2.5628e+00  2.7654e-01  2.7238e+00  8.8108e-01  2.8761e+00  1.0000e+00
-5.0869e-01  1.1158e+00  2.0410e-01 -1.5997e+01  1.5298e+01 -2.2944e+00  2.2253e+01  1.0000e+00
-1.0430e+00  3.5647e+00  4.3155e-01  1.5950e+00  3.3394e+00  3.9080e+00  5.3822e+00  1.0000e+00
 5.4372e+00  1.4659e+00 -8.0022e-01  5.3648e+00  2.8249e+00  3.6312e-01  6.0740e+00  1.0000e+00
 1.7356e+00 -1.2518e+00  6.0963e-01  2.2928e+00 -2.4124e+00 -1.1504e+00  3.5214e+00  1.0000e+00
-7.4802e+00 -1.3562e+00 -5.5701e+00 -9.8616e+00 -3.3775e+00 -5.7267e+00  1.1893e+01  1.0000e+00
 1.3012e+01 -1.3602e+01 -1.5575e+01  2.1040e+01 -2.2085e+01 -2.5500e+01  3.9758e+01  1.0000e+00
-1.1157e-01  1.4285e+00  3.9980e-01  4.9147e-01 -1.1386e+01 -3.1750e+00  1.1831e+01  1.0000e+00
-2.5136e-01  9.4524e-01  8.0351e-02 -9.1653e+00  2.0680e+00  5.0118e+00  1.0649e+01  1.0000e+00
 4.5159e+01  3.6735e+01 -1.5927e+01  7.3441e+01  5.8889e+01 -2.5204e+01  9.7451e+01  1.0000e+00
-9.6266e-02  8.1688e-01  4.5170e-01  2.2024e+01  7.2677e+00  1.6599e+01  2.8520e+01  1.0000e+00
 2.0693e-01  6.0026e-01  3.7531e-01 -1.3436e+01 -1.5681e+00 -4.0649e+00  1.4124e+01  1.0000e+00
-3.4986e+00 -4.1454e+00  6.7592e+00 -8.2810e+00 -1.1816e+01  1.6122e+01  2.1636e+01  1.0000e+00
-9.7345e+00  1.8422e+01 -1.8620e+01 -1.5933e+01  3.0514e+01 -3.0491e+01  4.5985e+01  1.0000e+00
-6.7229e-01  2.0882e+01 -9.2476e+00 -1.2332e+00  3.3808e+01 -1.4860e+01  3.6950e+01  1.0000e+00
-5.0983e+00  2.9025e+00 -7.9253e+00 -8.0826e+00  5.4328e+00 -1.0256e+01  1.4143e+01  1.0000e+00
 6.6621e+00 -1.6347e+01  3.1329e+00  1.0070e+01 -2.6322e+01  4.7815e+00  2.8585e+01  1.0000e+00
 4.3676e+01 -1.1413e+01 -4.2132e+01  7.5256e+01 -1.9839e+01 -7.2627e+01  1.0645e+02  1.0000e+00
 1.2622e+00 -2.5391e+01 -3.3494e+01  2.1753e+00 -4.2169e+01 -5.5601e+01  6.9818e+01  1.0000e+00
-3.8920e-01  1.0596e+00  3.8457e-01  3.9189e+00 -7.0339e+00  1.3414e+00  8.1629e+00  1.0000e+00
-2.7096e-01  9.4710e-01 -2.6830e-01 -6.4351e+00  1.1345e+01  8.0983e+00  1.5353e+01  1.0000e+00
-1.2773e-01  1.0679e+00  1.6490e-01 -8.0651e-03 -2.3783e+00  8.8868e-01  2.5389e+00  1.0000e+00
-1.0599e-01  5.1481e-01 -2.2508e-01  6.3444e+00 -2.9173e+00  5.0349e+00  8.6089e+00  1.0000e+00
-3.1022e-01  1.0271e+00  1.5979e-02  4.7589e+00  1.0104e+01  4.9623e+00  1.2222e+01  1.0000e+00
-2.5292e-01  9.3592e-01  4.5541e-01 -3.9225e+00  1.1205e+01 -3.9826e+00  1.2522e+01  1.0000e+00
-1.8009e-01  1.3617e+00  2.9163e-01  1.5982e+01  1.0379e+01 -1.1842e+01  2.2435e+01  1.0000e+00
 1.9020e-01  2.6376e+00 -1.0795e+00  3.1911e+00 -2.7597e+00  2.5248e+00  4.9167e+00  1.0000e+00
-1.7504e+01  3.3526e+01 -4.2208e+01 -2.8528e+01  5.4672e+01 -6.7946e+01  9.1758e+01  1.0000e+00
-4.6425e-01  8.0016e-01  1.6035e-02  1.4484e+01  1.3816e+01 -5.1902e+00  2.0679e+01  1.0000e+00
 1.2643e+01 -2.8177e+00  1.0635e+01  1.9538e+01 -4.1079e+00  1.6551e+01  2.5933e+01  1.0000e+00
 6.8890e+00  6.3953e+00  8.7773e-01  8.4161e+00  8.2712e+00  2.0835e+00  1.1983e+01  1.0000e+00
 3.1201e+00  9.4636e-01 -6.9781e-01  5.8318e-01  1.1455e+00 -2.0306e+00  2.4032e+00  1.0000e+00
-3.1606e-02  7.5586e-01 -2.5013e-01  1.3414e+01  8.1540e+00 -4.6841e+00  1.6382e+01  1.0000e+00
 2.5600e+00 -7.4797e+00  2.4288e+01  4.3100e+00 -1.2011e+01  3.9627e+01  4.1631e+01  1.0000e+00
 2.3515e+01  1.1364e+01  1.8660e+00  3.8790e+01  1.8587e+01  3.1420e+00  4.3128e+01  1.0000e+00
 1.6139e+00 -1.5082e+01  2.4852e+00  3.2445e+00 -2.3686e+01  4.1994e+00  2.4274e+01  1.0000e+00
-3.4813e-01  1.1708e+00  3.3820e-01 -2.8202e+00  7.8302e+00  1.2626e+01  1.5122e+01  1.0000e+00
 2.6510e+00 -1.2970e+00  1.0532e-01 -4.1016e-01  5.4978e+00  2.4562e+00  6.0355e+00  1.0000e+00
 1.0353e+01 -4.0162e+00  4.6746e+00  1.4537e+01 -5.6331e+00  7.0791e+00  1.7122e+01  1.0000e+00
-4.6095e-01  1.0263e+00  4.2909e-01  4.3321e+00 -7.4671e+00 -8.8810e+00  1.2385e+01  1.0000e+00
-1.0302e+00  1.2625e+00  5.6429e-01 -9.2870e+00  4.8428e+00  5.0503e+00  1.1628e+01  1.0000e+00
-1.3633e-01  8.8993e-01 -2.3654e-01 -5.1561e+00  1.0679e-01  7.5621e-01  5.2124e+00  1.0000e+00
-3.1037e+00 -4.8893e+00  4.9363e+00 -3.3045e+00 -5.0641e+00  5.6032e+00  8.2438e+00  1.0000e+00
-1.8602e-01  8.5049e-01  9.8614e-02  6.5356e+00  2.3053e+01  1.1684e+01  2.6658e+01  1.0000e+00
-1.1333e-03  3.3813e+00  3.1817e+00  2.2912e+00  1.4457e+01  1.5779e+01  2.1523e+01  1.0000e+00
-1.9444e-01  1.3062e+00  5.4908e-02  2.6827e+00 -5.7464e+00 -4.2075e+00  7.6106e+00  1.0000e+00
-2.5805e-01  1.0664e+00  3.7044e-01  1.0795e+01  7.8884e+00  6.3294e+00  1.4792e+01  1.0000e+00
 2.5526e-01  9.5634e-01  2.3907e-01  4.7947e-01 -7.8995e-01  1.9653e-01  9.4474e-01  1.0000e+00
-1.4516e-01  1.1451e+00  4.6835e-02  1.6838e+01  1.4863e+01  3.3423e+00  2.2707e+01  1.0000e+00
 5.8474e+00 -3.2057e+00  1.7375e+01  9.0206e+00 -5.4114e+00  2.7769e+01  2.9695e+01  1.0000e+00
-3.8260e-01  1.4021e+00  5.9146e-01 -3.8569e+00 -2.4828e+00  6.9214e+00  8.3033e+00  1.0000e+00
-3.2932e+00 -5.4317e+00  2.5986e+00 -7.4027e+00 -1.4865e+01  5.9188e+00  1.7629e+01  1.0000e+00
 1.0756e+01  1.0496e+00 -5.1882e+00  1.8221e+01  1.9821e+00 -8.6877e+00  2.0284e+01  1.0000e+00
-3.7065e-01  1.0669e+00  3.5725e-01 -1.4263e+01  2.5963e+01 -4.2360e+00  2.9924e+01  1.0000e+00
-5.5754e-01  2.1398e+00  2.5605e-01  1.1323e+00  1.8593e+01  1.6873e+00  1.8704e+01  1.0000e+00
 1.9764e-01  1.1447e+00 -4.4137e-01 -3.2426e+00  1.0035e+01 -9.1781e+00  1.3980e+01  1.0000e+00
-4.3911e-02  1.1038e+00  2.1865e-01 -1.3230e+01  1.6844e+01  2.8914e+00  2.1613e+01  1.0000e+00
-4.9213e-01  1.1353e+00  4.3472e-01 -9.5713e+00  9.9125e+00 -2.3343e+00  1.3976e+01  1.0000e+00
-4.9488e-01  8.3100e-01  4.7595e-01 -7.9689e+00  3.9720e+00  1.1879e+01  1.4846e+01  1.0000e+00
-3.1972e-01  1.0318e+00  5.9493e-02  1.9077e+01  9.4838e-01  6.4294e+00  2.0153e+01  1.0000e+00
 2.0910e+01  2.3236e+00  3.8079e+00  3.3922e+01  3.4016e+00  6.0660e+00  3.4627e+01  1.0000e+00
-2.2176e-01  9.8207e-01  3.4355e-01 -1.6757e+01 -4.9278e+00  1.6908e+01  2.4310e+01  1.0000e+00
-6.0995e-02  1.7301e+00 -2.1914e-01 -3.1979e+00  6.9426e+00 -2.9069e+00  8.1777e+00  1.0000e+00
 5.0605e-01  1.4638e+00  1.3553e+00 -2.4845e-01  2.6446e-01  2.1171e+00  2.1479e+00  1.0000e+00
-1.4789e-02  1.0159e+00  2.8496e-01  9.0071e+00 -2.0938e+01 -2.9188e+00  2.2979e+01  1.0000e+00
-4.1269e-01  1.1054e+00  1.7495e-01  1.3344e+00 -1.7510e+01  1.6302e+01  2.3962e+01  1.0000e+00
-1.3475e-01  8.3422e-01  4.2449e-01  6.7590e+00 -6.8434e+00  5.5924e-01  9.6348e+00  1.0000e+00
 1.5556e-03  1.2382e+00 -2.9693e-01  8.9523e+00 -3.1443e-02 -1.1530e+01  1.4598e+01  1.0000e+00
 2.5153e+01 -1.2044e+01 -2.9022e+00  4.1495e+01 -1.9499e+01 -4.6873e+00  4.6087e+01  1.0000e+00
-1.4729e+01 -8.9901e+00 -5.6767e+00 -2.3539e+01 -1.3897e+01 -8.7701e+00  2.8708e+01  1.0000e+00
-5.1208e-01  8.1788e-01  2.2969e-01 -1.4960e+01  7.7113e+00 -6.7441e-01  1.6844e+01  1.0000e+00
 1.5426e+01  3.6388e+00  1.0012e+01  3.2212e+01  6.9527e+00  2.0638e+01  3.8883e+01  1.0000e+00
-1.4194e+00  1.8160e+00 -1.2796e-01  1.8571e+00 -1.2639e+00 -2.2925e+00  3.2097e+00  1.0000e+00
 5.0555e+00  4.4746e+00  6.5023e+00  5.8237e+00  6.2135e+00  7.9652e+00  1.1661e+01  1.0000e+00
 5.4649e-02  6.3145e-01  1.8827e-01  3.8842e+00  3.7748e+00  1.4392e+00  5.6042e+00  1.0000e+00
-4.2011e-01  2.0185e+00  2.8695e-02  2.3034e+00  1.0323e+01  6.5915e-01  1.0598e+01  1.0000e+00
-1.4499e+00  1.3914e+00  8.2454e-01  2.9574e+00 -1.7812e+00 -3.3124e+00  4.7844e+00  1.0000e+00
 1.1457e+00 -4.0247e-01  1.4144e+00 -5.2670e+00  6.4832e+00 -5.9854e+00  1.0276e+01  1.0000e+00
 9.5687e+01  2.4259e+01 -9.2929e+01  2.2218e+02  5.5313e+01 -2.1506e+02  3.1413e+02  1.0000e+00
-5.2443e-01  8.6693e-01  3.0133e-01  1.8218e+01 -8.9451e+00  4.8092e+00  2.0857e+01  1.0000e+00
 1.6041e+00 -3.9035e-01  1.0838e+00 -5.7660e+00  4.6455e+00 -5.2821e+00  9.0955e+00  1.0000e+00
-5.2331e-01  7.8638e-01  1.1345e+00  5.8718e+00 -8.9640e+00 -5.2261e+00  1.1922e+01  1.0000e+00
-1.9399e+00  1.2873e+00  7.9296e-01  4.3667e+00 -8.0398e-01 -1.9024e+00  4.8305e+00  1.0000e+00
 1.6232e-01  1.0816e+00  5.5216e-01 -7.8175e+00  1.7220e+01  1.1388e-01  1.8912e+01  1.0000e+00
 4.2600e+00 -1.5219e+00 -4.2329e-01  6.4177e+00 -2.0245e+00 -2.8792e-01  6.7356e+00  1.0000e+00
-1.4737e-01  8.9037e-01  3.0512e-01 -6.7518e+00  2.2422e+01 -1.2889e+01  2.6730e+01  1.0000e+00
 5.0204e+00  1.0799e+01  1.8545e+01  1.7330e+01  3.4050e+01  6.1310e+01  7.2241e+01  1.0000e+00
-8.1445e+00 -1.1909e+01 -1.3384e+01 -1.3014e+01 -1.8833e+01 -2.1293e+01  3.1264e+01  1.0000e+00
 1.8056e+00 -3.7338e+00 -1.6065e+01  2.7097e+00 -5.4467e+00 -2.3357e+01  2.4137e+01  1.0000e+00
 1.4822e+00  4.3112e+00 -2.0057e+00  2.9644e+00  1.2072e+00  1.0312e+00  3.3628e+00  1.0000e+00
-1.4105e-01  1.0359e+00  5.4903e-01  1.1596e+01 -9.9768e+00 -3.9427e+00  1.5797e+01  1.0000e+00
-5.2275e-02  1.1378e+00  2.0742e-01  1.2482e+01 -1.2777e+00  6.5252e+00  1.4142e+01  1.0000e+00
-2.0158e+00  1.1739e+00 -3.7602e-01 -1.2923e+01  8.7884e-01 -5.6957e+00  1.4150e+01  1.0000e+00
-1.8140e-02  8.9517e-01  1.6352e-01 -1.0016e+01 -2.4601e+01  2.9027e+00  2.6720e+01  1.0000e+00
 2.0657e+01  7.9403e+00 -5.3026e-01  3.3340e+01  1.3221e+01 -8.9370e-01  3.5877e+01  1.0000e+00
 1.8139e-01  9.0932e-01  3.9038e-01 -7.4916e-01  7.7549e+00 -1.3254e+01  1.5374e+01  1.0000e+00
 1.5346e+01  8.8550e-01  1.7215e+01  2.4790e+01  1.5475e+00  2.7795e+01  3.7276e+01  1.0000e+00
 9.1489e-01  5.0502e-01  6.7396e-01  2.9307e+00 -1.6575e+00  3.8081e+00  5.0831e+00  1.0000e+00
 4.5126e-01  7.2529e-01  6.4886e-02 -8.4872e+00 -1.2512e+01  3.5064e+00  1.5520e+01  1.0000e+00
-2.5093e+01  5.3208e+00  5.7292e+00 -4.1153e+01  9.0011e+00  9.4778e+00  4.3179e+01  1.0000e+00
-3.5015e-01  3.6029e-01  1.0146e+00  5.3542e+00  1.9628e+00 -7.9027e+00  9.7454e+00  1.0000e+00
 5.2165e+00 -8.6203e+00  1.5598e+01  7.8762e+00 -1.3746e+01  2.4412e+01  2.9102e+01  1.0000e+00
 5.7641e+00 -5.9986e+00  1.2493e+01  8.6294e+00 -9.2294e+00  1.9272e+01  2.3044e+01  1.0000e+00
 1.0270e+01 -1.2284e+01 -4.8339e+00  1.6490e+01 -1.8965e+01 -6.9529e+00  2.6076e+01  1.0000e+00
 2.8812e+00 -1.0735e+00  9.3269e-01 -3.2390e+00  3.8153e+00  2.2268e-01  5.0097e+00  1.0000e+00
-6.2983e-02  7.8536e-01 -3.0730e-01  6.8849e+00 -4.2405e+00 -1.2085e+01  1.4541e+01  1.0000e+00
 1.6501e-01  2.7790e+00 -7.5726e-02  4.5673e-01  3.3653e+00 -5.3268e+00  6.3173e+00  1.0000e+00
-1.2656e+00  7.9809e-01 -1.2049e+00 -1.2809e+01 -3.4858e+00 -1.0450e+01  1.6894e+01  1.0000e+00
-2.5595e-01  9.8922e-01  9.3267e-02  6.7131e+00 -8.6528e+00  9.9026e-01  1.0996e+01  1.0000e+00
 2.0455e-01  8.0362e-01  8.4629e-02  1.6381e+01 -5.1593e+00 -5.9919e+00  1.8189e+01  1.0000e+00
-6.5166e-02  1.0828e+00  2.2103e-01  1.7919e+01 -4.5672e+00  1.6120e+01  2.4531e+01  1.0000e+00
-8.5683e-02  7.1541e-01  2.9343e-01  8.6802e+00 -1.0670e+01 -3.7834e+00  1.4265e+01  1.0000e+00
-3.3140e+01  1.3742e+01  1.2585e+01 -5.4953e+01  2.2891e+01  2.1193e+01  6.3190e+01  1.0000e+00
-2.2988e-01  1.0476e+00  5.4569e-01 -3.5400e+00  5.4300e-01 -1.4753e+01  1.5182e+01  1.0000e+00
 2.6240e-01  4.0423e-01  8.9832e-01 -8.4287e-01  3.2500e+00 -1.7655e+00  3.7934e+00  1.0000e+00
-2.9236e-01  1.0186e+00  4.1425e-02 -1.0902e+01  1.7200e+01 -5.1779e+00  2.1012e+01  1.0000e+00
 1.2135e+01 -1.0353e+01 -4.1378e+00  1.9185e+01 -1.6124e+01 -6.1024e+00  2.5793e+01  1.0000e+00
-2.9258e-01  1.0759e+00  2.2689e-01  1.5299e+01  1.8935e+01  8.3464e+00  2.5735e+01  1.0000e+00
 8.1831e+00 -7.0853e+00  1.8044e+01  1.2920e+01 -1.1091e+01  2.9259e+01  3.3853e+01  1.0000e+00
 1.3583e+01  2.2844e+00  1.4910e+01  4.3810e+01  5.3442e+00  4.6243e+01  6.3925e+01  1.0000e+00
-3.0680e+00 -3.3132e+00 -1.4881e+01 -5.1379e+00 -4.9003e+00 -2.3285e+01  2.4343e+01  1.0000e+00
 2.1950e-01  4.7415e-01  3.6499e-01 -1.8662e+01  1.5288e+01 -2.2736e+00  2.4232e+01  1.0000e+00
-4.7266e-01  9.2400e-01  6.1757e-01  3.2679e+00  2.7718e+00 -2.9398e+00  5.1966e+00  1.0000e+00
-7.0169e-01  1.0947e+00  6.7573e-01 -7.6218e+00  1.5541e+00 -4.9102e+00  9.1987e+00  1.0000e+00
 1.4595e+00  1.5018e+00 -7.7226e-01 -4.3709e+00  2.4134e+00  2.6826e+00  5.6680e+00  1.0000e+00
-5.5997e-01  1.5838e+00  1.2726e+00 -3.6402e+00  6.2670e+00 -7.1396e+00  1.0173e+01  1.0000e+00
-1.1746e-01  5.8880e-01  1.6197e-01 -1.7088e+01  1.4590e+01  9.0675e+00  2.4230e+01  1.0000e+00
-3.7489e-02  9.4014e-01  3.6865e-01 -9.7025e-01 -1.6162e+01  1.3346e+01  2.0983e+01  1.0000e+00
 1.9875e+00 -4.9590e-01  1.3100e+00 -6.3820e+00  6.1837e+00 -1.0890e+00  8.9529e+00  1.0000e+00
-2.5223e+00 -7.0649e+00  1.6186e+01 -3.9632e+00 -1.1501e+01  2.5736e+01  2.8466e+01  1.0000e+00
 4.7448e-02  1.0952e+00  5.4418e-01 -1.3283e+01 -1.4888e+01 -4.2341e+00  2.0397e+01  1.0000e+00
-1.5503e-01  1.3369e+00  4.7922e-01 -4.8520e+00 -2.0797e+00 -1.2575e+01  1.3639e+01  1.0000e+00
-2.2381e+01  4.5791e+00 -6.2853e+00 -3.5479e+01  8.5115e+00 -9.3913e+00  3.7675e+01  1.0000e+00
-2.0279e-01  1.0716e+00  3.3464e-01 -1.5488e+00  1.3104e+01  6.5558e+00  1.4734e+01  1.0000e+00
 1.5241e-01  5.3384e-01 -1.0163e-01 -4.4103e+00  1.4914e+01  3.8207e+00  1.6015e+01  1.0000e+00
-2.0576e-01  1.2032e+00  6.9463e-02  2.5537e+00 -8.0168e+00 -5.9649e+00  1.0314e+01  1.0000e+00
-8.7977e+00 -2.8921e+01 -3.2961e+01 -1.4931e+01 -4.4716e+01 -5.2216e+01  7.0349e+01  1.0000e+00
 2.1671e+01 -1.9125e+01  5.3978e+00  3.5477e+01 -3.1197e+01  8.7433e+00  4.8045e+01  1.0000e+00
-6.4836e-01  1.1741e+00  3.6290e-01 -1.4626e+01  1.0217e+01 -3.0291e+00  1.8096e+01  1.0000e+00
-2.5698e+00  2.0090e+00  1.4595e+00 -1.0770e+01  5.7566e+00  2.9349e+00  1.2560e+01  1.0000e+00
-3.4374e-01  8.3591e-01  3.2486e-01 -3.6150e+00  4.4610e+00  2.3800e+00  6.2156e+00  1.0000e+00
-1.4176e+00  1.2016e+00  6.6902e-01 -1.1141e+01  1.2965e+00  2.8934e-01  1.1220e+01  1.0000e+00
-9.1457e-02  9.1128e-01  3.9575e-01 -1.2808e+01  7.8694e-01 -2.5791e+01  2.8807e+01  1.0000e+00
 1.0530e-01  8.8934e-01  2.7333e-01 -5.3646e+00 -8.6248e+00  3.2466e+00  1.0663e+01  1.0000e+00
-1.1843e+01  1.8492e+01 -9.8688e+00 -1.9211e+01  3.0394e+01 -1.5876e+01  3.9306e+01  1.0000e+00
-2.2775e+00  1.2738e+00  2.4059e+00 -3.5605e+00  2.5442e+00  1.0070e+01  1.0980e+01  1.0000e+00
-7.9667e-01  9.6908e-01  1.5218e+00  6.1156e-01  8.0560e-01  1.3481e+01  1.3519e+01  1.0000e+00
-4.2988e-01  1.0585e+00  2.9906e-01  1.6564e+01  1.0216e+01 -1.2955e+01  2.3379e+01  1.0000e+00
-2.6532e-01  7.8702e-01  4.5347e-01  7.0783e+00 -1.2510e+01  1.8578e+01  2.3489e+01  1.0000e+00
-6.0331e-01  1.5256e+00 -1.5617e-01 -2.2202e+00 -1.0765e+01  6.2701e-01  1.1009e+01  1.0000e+00
 3.4557e-03  8.5442e-01  3.9135e-01  9.2475e+00 -3.6067e+00 -9.3793e+00  1.3656e+01  1.0000e+00
-1.0503e-01  1.1227e+00  5.5217e-02 -1.5368e+00 -4.9282e+00  1.4978e+01  1.5842e+01  1.0000e+00
 4.0450e-01  8.9285e-01  6.1685e-02  1.4225e+01 -3.8169e+00  1.8589e+00  1.4845e+01  1.0000e+00
-5.5471e-01  1.3665e+00  1.3904e-01 -3.2186e+00  2.0200e-01  4.5237e+00  5.5555e+00  1.0000e+00
-2.8765e-01  1.4821e+00  1.9997e-01 -1.0025e+01  1.1560e+01 -3.2828e-01  1.5305e+01  1.0000e+00
 5.4325e+00 -8.8536e+00  1.5428e+01  8.5569e+00 -1.3128e+01  2.4875e+01  2.9399e+01  1.0000e+00
 1.8246e-01  7.8019e-02  3.4338e-01  1.1649e+00  1.0688e+00  2.6042e+00  3.0465e+00  1.0000e+00
 4.2222e+01 -2.8900e+01 -5.8940e+01  6.9252e+01 -4.7253e+01 -9.5417e+01  1.2702e+02  1.0000e+00
 1.0725e-01  3.3782e+00 -2.7370e-01  2.2735e+00  2.0524e+01 -7.9368e+00  2.2122e+01  1.0000e+00
-1.4768e+00  3.1787e+00  1.8581e+00  1.6643e+00 -5.5664e-01 -4.3800e+00  4.7185e+00  1.0000e+00
 1.0884e+01 -3.1255e+00 -2.3742e+00  1.6735e+01 -3.7799e+00 -2.8266e+00  1.7388e+01  1.0000e+00
-2.0292e-01  1.2319e+00  4.6582e-01 -1.1795e+01  1.0354e+00 -2.3148e+00  1.2064e+01  1.0000e+00
 2.6612e-01 -7.3360e-01  1.2330e+00  2.4213e+00  6.8074e+00 -5.1812e+00  8.8909e+00  1.0000e+00
-1.5483e-01  1.2624e+00  3.0407e-01 -1.8939e+01  3.5625e+00  5.1513e+00  1.9947e+01  1.0000e+00
-2.5836e-01  1.4165e+00  8.8224e-02  1.8912e+00 -1.3369e+01  4.1557e+00  1.4127e+01  1.0000e+00
-1.8268e-01  8.6890e-01  3.2739e-01 -2.2628e+00 -1.4721e+01  1.9291e+01  2.4372e+01  1.0000e+00
-2.9217e-01  4.9409e-01 -1.0414e-01 -2.3309e+00  5.8078e+00  6.7272e+00  9.1880e+00  1.0000e+00
-8.0125e-01  9.0134e-01 -2.2988e-01 -8.7223e+00  2.3797e+00 -1.2080e+01  1.5089e+01  1.0000e+00
-1.0670e+00  2.3216e-01 -4.3589e-01 -6.2062e+00  7.4810e-01  1.8376e+00  6.5157e+00  1.0000e+00
 1.0423e+00 -8.3676e+00  1.4817e+01  1.7143e+00 -1.3119e+01  2.3152e+01  2.6666e+01  1.0000e+00
-2.6597e+01  2.0578e+01 -1.6943e+01 -5.8203e+01  4.4389e+01 -3.7324e+01  8.2165e+01  1.0000e+00
-2.1639e+00  1.2149e+00  7.4223e-02 -5.3357e+00  1.0840e+00  3.7215e+00  6.5950e+00  1.0000e+00
-1.0719e+00  2.6493e+00  5.3956e-01  2.0594e+00 -3.4088e-01  1.3028e+00  2.4606e+00  1.0000e+00
 3.0914e-02  1.1280e+00  1.3497e-01  1.5242e+01  3.7725e+00 -1.9218e+01  2.4817e+01  1.0000e+00
 3.2141e-01  6.9153e-01  1.1453e+00  3.8218e+00  5.5415e+00 -1.1112e+00  6.8227e+00  1.0000e+00
 5.0455e-01  8.6571e-01  2.9774e-01  8.9701e+00  6.0986e-01  2.4630e+00  9.3221e+00  1.0000e+00
-3.7138e-01  4.3676e-01 -3.9379e-01  6.4219e+00 -1.4196e+00 -4.6743e+00  8.0688e+00  1.0000e+00
-1.4211e+01  1.1978e+01 -3.9711e+00 -2.2352e+01  1.8905e+01 -6.2007e+00  2.9924e+01  1.0000e+00
 8.5643e+00 -6.7087e+00 -2.6210e+01  1.4116e+01 -1.1162e+01 -4.3233e+01  4.6828e+01  1.0000e+00
-9.2300e-02  8.5543e-01  3.4282e-01  1.4453e+01  3.2884e+01 -2.4182e+00  3.6001e+01  1.0000e+00
-7.0165e-01 -1.6875e+01 -1.2091e+01 -8.7671e-01 -2.7135e+01 -1.9266e+01  3.3290e+01  1.0000e+00
-6.3202e+00  5.9577e+00 -2.4772e+01 -1.0563e+01  9.9936e+00 -4.0583e+01  4.3110e+01  1.0000e+00
 2.9836e+00 -1.4813e+01  1.4301e-01  4.5634e+00 -2.3241e+01  3.3396e-01  2.3687e+01  1.0000e+00
-2.4639e+00  6.9043e-01  6.4642e-01 -1.6441e+00  3.6247e+00  7.9547e-01  4.0588e+00  1.0000e+00
-2.8786e+00 -3.7218e+00 -1.6025e+01 -4.5971e+00 -6.1437e+00 -2.4566e+01  2.5736e+01  1.0000e+00
 1.6772e+00  4.0236e+00  3.6788e+00  2.7533e+00  5.2998e+00  5.0191e+00  7.8013e+00  1.0000e+00
-2.3658e-01  9.5985e-01  2.5446e-01  1.9443e+01 -3.2006e-01  6.7503e-01  1.9458e+01  1.0000e+00
 9.4674e+00  5.8018e+00  1.3130e+01  1.8217e+01  9.9465e+00  2.4727e+01  3.2284e+01  1.0000e+00
 1.8158e-01  8.4728e-01  8.6037e-01 -5.5302e+00  2.4067e+00 -9.3343e+00  1.1113e+01  1.0000e+00
 9.9031e+00 -1.2350e+01 -4.7884e+00  1.5257e+01 -1.9106e+01 -7.9595e+00  2.5714e+01  1.0000e+00
-5.6530e-01  1.4559e+00 -7.3738e-02  6.9768e+00 -3.2976e+00  4.3065e+00  8.8372e+00  1.0000e+00
-5.9628e-02  8.4124e-01  3.2956e-01 -1.5659e+01 -1.7935e+01 -1.4677e+01  2.7969e+01  1.0000e+00
-1.7235e+01 -7.7576e+00 -5.4076e+00 -2.7505e+01 -1.2297e+01 -8.4725e+00  3.1297e+01  1.0000e+00
 8.7189e+00  4.7348e+00  8.6239e+00  1.2638e+01  7.6100e+00  1.3555e+01  2.0034e+01  1.0000e+00
-5.2349e-01  9.4231e-01  1.3599e-01  1.2510e+01  5.5385e+00 -4.3469e+00  1.4355e+01  1.0000e+00
 6.9207e+00 -2.2590e+01 -1.7846e+00  1.1481e+01 -3.6870e+01 -2.9285e+00  3.8727e+01  1.0000e+00
 1.5394e+01 -4.1609e+00  1.2077e+01  8.4738e+01 -2.7175e+01  6.4871e+01  1.1012e+02  1.0000e+00
-3.3038e+01 -3.1609e+00  4.8781e+01 -5.6974e+01 -5.5829e+00  8.4052e+01  1.0170e+02  1.0000e+00
 1.3212e+01 -2.2851e+01 -1.8556e+01  2.2037e+01 -3.7748e+01 -3.0751e+01  5.3443e+01  1.0000e+00
-6.0975e-01  1.5533e+00  4.9344e-01 -7.6137e-01  1.1122e+01 -2.2273e+00  1.1368e+01  1.0000e+00
-1.6593e+00  4.6546e+00  1.1707e+00 -1.5284e+00  9.7983e+00  2.0246e+00  1.0121e+01  1.0000e+00
-4.8100e-02  1.1438e+00 -5.0242e-01  3.5197e+00  1.3082e+01 -1.6878e+00  1.3652e+01  1.0000e+00
-7.3399e+00 -1.4979e+00 -5.4875e+00 -1.0282e+01 -2.3038e-01 -7.7511e+00  1.2878e+01  1.0000e+00
-1.2301e+00  4.9746e-01  8.4993e-01 -6.7328e+00 -2.0638e+00  6.5364e+00  9.6080e+00  1.0000e+00
-1.2172e-01  1.2983e+00 -6.3619e-03  4.2133e+00 -6.7603e+00 -1.5100e+01  1.7072e+01  1.0000e+00
-1.4437e-01 -1.6924e+01 -1.2013e+01 -3.7588e-01 -2.6750e+01 -1.9199e+01  3.2929e+01  1.0000e+00
-5.7063e-01 -3.4173e+00  2.4992e-01 -2.4575e+00 -3.8632e+01 -2.6525e+00  3.8801e+01  1.0000e+00
-5.4781e-01  1.3287e+00 -3.5094e-02 -8.5065e+00  2.8552e+00 -5.1140e+00  1.0328e+01  1.0000e+00
-1.6191e-01  1.3162e+00  6.8306e-01  5.4430e+00 -1.1027e+01 -1.9375e+00  1.2449e+01  1.0000e+00
 6.5137e-01  7.6854e-01  6.0007e-02 -2.3362e+00 -1.6288e+00  3.9950e+00  4.9062e+00  1.0000e+00
-9.0475e-02  9.2248e-01  2.6068e-01  2.2393e+00  1.7887e+01  7.0595e+00  1.9360e+01  1.0000e+00
-3.2588e+01 -3.8985e+01  1.8201e+01 -5.1367e+01 -6.2600e+01  2.9547e+01  8.6199e+01  1.0000e+00
-2.1842e-01  1.1341e+00 -1.6103e-01  9.0259e+00  7.4034e+00 -1.0808e+01  1.5909e+01  1.0000e+00
-2.8243e+00  5.0070e+00 -2.0950e+00 -3.9538e+00  7.7830e+00 -2.3003e+00  9.0276e+00  1.0000e+00
 1.7079e-01  1.0240e+00  4.0517e-01  9.8134e+00  1.1939e+00  3.0599e+00  1.0348e+01  1.0000e+00
-5.7888e-01  1.1212e+00  8.9915e-02  8.8899e+00  1.3006e+01  2.8451e-01  1.5757e+01  1.0000e+00
 2.0654e-01  9.6144e-01  2.0493e-01 -1.3710e+01 -4.7429e+00  2.0750e+01  2.5318e+01  1.0000e+00
-2.3964e-01  1.2393e+00  3.5894e-01  2.2122e+01  1.7589e+01  2.7149e+00  2.8393e+01  1.0000e+00
-3.8837e-01  8.0264e-01  4.0193e-01  9.3104e+00 -1.4102e+01 -1.2108e+01  2.0788e+01  1.0000e+00
-1.1084e-01 -1.4851e+01  7.0990e+00 -1.8917e-01 -2.3432e+01  1.0974e+01  2.5875e+01  1.0000e+00
-1.9300e+01 -1.1548e+01 -6.9348e+00 -3.2110e+01 -1.8990e+01 -1.1787e+01  3.9123e+01  1.0000e+00
 2.6867e-01  6.7425e-01  1.8300e-01 -6.4735e-01 -1.9176e+01 -2.9606e+00  1.9414e+01  1.0000e+00
-7.5333e-01  7.9964e-01  9.7469e-01 -2.2179e+00 -1.8376e+00  2.1703e+00  3.6064e+00  1.0000e+00
 2.4788e+01 -8.8813e+00 -1.4670e+00  4.0714e+01 -1.4510e+01 -2.2790e+00  4.3282e+01  1.0000e+00
-4.9413e-01  1.1472e+00 -8.8230e-01 -1.1627e+01  5.8601e+00  2.0849e+00  1.3186e+01  1.0000e+00
 2.4425e+02 -3.0233e+02  1.9811e+02  3.8386e+02 -4.7418e+02  3.0947e+02  6.8408e+02  1.0000e+00
-1.2591e-01  4.8747e-01  5.2493e-01 -4.6182e+00  8.3349e-01  7.7247e+00  9.0384e+00  1.0000e+00
-3.3545e-01  1.1325e+00 -1.8932e-02 -7.3178e+00  3.8741e+00  2.4828e+01  2.6172e+01  1.0000e+00
 2.1534e-01  7.3248e-01 -2.7747e-01 -2.1545e+00  1.3102e+00 -4.1284e+00  4.8376e+00  1.0000e+00
 1.3660e+01  1.1036e+01  1.0438e+00  2.1393e+01  1.7123e+01  1.8754e+00  2.7466e+01  1.0000e+00
-1.0993e+01 -2.8499e+00  5.8997e+00 -1.8808e+01 -4.6282e+00  1.0860e+01  2.2206e+01  1.0000e+00
 3.3702e+00 -1.8568e+01  9.4534e-01  5.2626e+00 -2.9447e+01  1.2265e+00  2.9938e+01  1.0000e+00
-4.4892e-01  3.4016e-01  1.6692e-01 -6.8080e+00 -3.2822e+00 -7.2709e+00  1.0487e+01  1.0000e+00
 8.9511e-01  8.5941e+00 -1.3297e+01  1.2611e+00  1.3240e+01 -2.0740e+01  2.4638e+01  1.0000e+00
-3.6483e+01  1.2281e+01  1.3337e+01 -6.8523e+01  2.3109e+01  2.4981e+01  7.6508e+01  1.0000e+00
-1.3580e-01  7.9497e-01  3.1671e-01 -1.0754e+00 -4.5206e+00  4.2211e+00  6.2778e+00  1.0000e+00
-6.5277e-01  4.5574e-01  3.8169e-01  1.3815e+00 -7.8541e+00 -4.0039e+00  8.9234e+00  1.0000e+00
-2.6229e-01  1.1905e-01  1.5161e-01  5.9853e-01 -7.0035e-01  1.1023e+00  1.4366e+00  1.0000e+00
 1.4903e+00  2.1872e-01 -2.4752e-01 -6.4258e+00  2.0689e+00  3.9594e+00  7.8261e+00  1.0000e+00
 1.8529e+00 -1.9098e+01  1.5173e+01  2.9630e+00 -3.1177e+01  2.4799e+01  3.9947e+01  1.0000e+00
 1.0661e+01 -1.9894e+01  7.9629e+00  2.3472e+01 -4.4072e+01  1.7188e+01  5.2808e+01  1.0000e+00
-9.6674e-01  1.1053e+01  1.7472e+00 -3.2513e+00  1.5511e+01  3.0078e+00  1.6131e+01  1.0000e+00
 1.6486e-01  1.4222e+00  1.0078e+00  1.9537e+00 -3.0710e+00 -8.2403e-02  3.6407e+00  1.0000e+00
 3.9925e-01  2.1186e-01  4.3587e-01 -1.4533e+01  1.4241e+01 -2.9055e+00  2.0553e+01  1.0000e+00
-7.9106e-02  8.5999e-01  3.1817e-01 -1.3182e+01 -7.3151e+00 -2.1057e+00  1.5222e+01  1.0000e+00
 9.8145e+00 -3.1730e+00  5.2885e+00  1.4593e+01 -3.7568e+00  7.3589e+00  1.6769e+01  1.0000e+00
-4.6787e-01  1.1828e+00  9.6531e-01  3.6689e+00  5.1962e+00  1.5313e+01  1.6582e+01  1.0000e+00
-1.3280e-01  6.4045e-01 -4.3813e-01  1.1439e+00 -2.3392e+00 -6.5283e+00  7.0284e+00  1.0000e+00
-4.3888e-01  1.0690e+00  1.5433e-01 -1.5535e+01 -7.4692e+00  1.2648e+00  1.7284e+01  1.0000e+00
-4.0676e+00 -3.4812e+00 -2.0576e+01 -6.3831e+00 -5.4210e+00 -3.3077e+01  3.4121e+01  1.0000e+00
-1.4625e+00 -5.5420e-01  4.1933e+00 -1.6375e-01  1.1124e+00  2.2216e+00  2.4899e+00  1.0000e+00
 2.5142e+01 -5.5696e-01 -5.4376e+00  4.1251e+01 -7.3644e-01 -8.5808e+00  4.2141e+01  1.0000e+00
-5.3522e-01 -1.8802e-01  1.6364e-01  1.9028e+00 -4.5487e+00  3.1321e+00  5.8414e+00  1.0000e+00
 8.7649e+00 -1.4374e+00  2.2975e+01  1.4417e+01 -2.8147e+00  3.7781e+01  4.0536e+01  1.0000e+00
-9.3647e-01  1.2732e+00 -1.3910e+00 -1.7338e+00  2.9806e+00 -3.3220e-01  3.4641e+00  1.0000e+00
-2.1398e-01  3.5131e-01  1.1973e+00 -1.1378e+01 -1.8778e+00 -7.9133e+00  1.3986e+01  1.0000e+00
-9.9029e+00  1.6851e+00  1.6126e+01 -1.5494e+01  2.6731e+00  2.5689e+01  3.0119e+01  1.0000e+00
-1.7185e+00  7.8475e+00 -3.1924e-01 -3.8586e+00  7.4183e+00 -8.5335e-01  8.4052e+00  1.0000e+00
-4.4543e-01  1.2949e+00  3.2049e-01 -1.1835e+01 -1.0028e+01 -1.3778e+00  1.5574e+01  1.0000e+00
 8.7070e-01  3.9497e+01  2.5685e+01  2.8070e-01  6.3464e+01  4.0468e+01  7.5269e+01  1.0000e+00
-5.6371e+00  4.9986e+00 -1.8546e+00 -6.0294e+00  5.3993e+00 -7.0286e-01  8.1241e+00  1.0000e+00
-1.1551e-01  1.3500e+00 -7.0146e-02 -2.1383e+01 -7.7855e+00  9.2420e+00  2.4561e+01  1.0000e+00
-1.8663e-01  1.0153e+00  2.6531e-01 -2.5959e+01  2.0397e+00  6.2157e+00  2.6771e+01  1.0000e+00
-3.1879e-03  6.3329e-01  3.7997e-01  1.6715e+00 -1.6030e-01 -7.1681e+00  7.3621e+00  1.0000e+00
-3.6219e-01  1.3689e+00  4.6050e-01 -5.2847e+00  6.8166e+00 -1.3903e-01  8.6264e+00  1.0000e+00
 1.2987e-04  9.9168e-01  3.6931e-01  1.0543e+01 -9.0012e-01 -2.0841e+00  1.0784e+01  1.0000e+00
-3.0702e+00  2.4275e-01  4.4568e+00 -5.8707e-01  1.4433e+00  2.1736e+00  2.6744e+00  1.0000e+00
 2.9022e-01  5.9474e-01  3.3952e-01 -5.1060e-01 -2.9050e-01  3.1380e+00  3.1925e+00  1.0000e+00
-1.3726e+01  1.1497e+01  3.9572e+00 -2.7004e+01  2.2549e+01  7.1951e+00  3.5909e+01  1.0000e+00
-1.5403e-01  1.7249e+00  1.2312e-01 -1.1992e+01  4.0535e+00  2.1787e+00  1.2845e+01  1.0000e+00
-1.6818e-01  8.1029e-01  3.8386e-01  1.0245e+01  1.6200e+00  2.1981e+00  1.0602e+01  1.0000e+00
-4.9334e-01  1.0507e+00  2.1269e-01  6.8991e-01  4.4652e+00 -9.0035e+00  1.0074e+01  1.0000e+00
 5.8812e-03  1.0538e+00  1.2074e-01  1.2876e+01  2.0885e+01  5.9439e+00  2.5245e+01  1.0000e+00
 8.2712e+00 -1.3931e+01 -6.9742e+00  1.3160e+01 -2.1544e+01 -1.1044e+01  2.7556e+01  1.0000e+00
 3.0032e-01 -2.6142e-01  3.6817e-01 -4.6852e+00  6.5843e+00  2.7760e+00  8.5446e+00  1.0000e+00
 1.0827e+01  2.9981e+00 -2.4219e+01  1.7790e+01  5.2406e+00 -3.8058e+01  4.2336e+01  1.0000e+00
-1.7419e+00  9.4403e+00 -5.9276e+00 -2.5120e+00  1.3374e+01 -7.4089e+00  1.5494e+01  1.0000e+00
-2.1633e+01 -7.5937e+00  5.1425e+00 -3.5503e+01 -1.2120e+01  8.3940e+00  3.8443e+01  1.0000e+00
 2.7123e+01 -2.6130e+00 -1.1114e+01  4.5056e+01 -4.2904e+00 -1.8278e+01  4.8811e+01  1.0000e+00
 1.0518e+01 -5.8127e+01  3.6052e+01  1.7616e+01 -9.7711e+01  6.0738e+01  1.1639e+02  1.0000e+00
-5.6934e-01  1.0866e+00  5.5017e-01 -9.7700e+00  3.0257e+00  9.1311e+00  1.3711e+01  1.0000e+00
 1.3637e-01  8.1444e-01  5.1072e-01  1.2300e+01 -1.6676e-01 -5.5338e+00  1.3489e+01  1.0000e+00
-2.9836e-01  1.0136e+00  2.3932e-01 -9.0882e+00 -5.3314e+00  7.2390e+00  1.2784e+01  1.0000e+00
 7.4798e-01  1.4866e+00  1.7683e-01 -7.5109e+00 -1.8082e+00  1.2228e+00  7.8217e+00  1.0000e+00
-1.3179e+01 -6.5046e+00 -6.7437e+00 -2.0876e+01 -9.5484e+00 -1.0663e+01  2.5312e+01  1.0000e+00
-4.1222e-01  7.7740e-01  3.4486e-01  8.9879e+00 -1.1502e+01  1.9068e+01  2.4013e+01  1.0000e+00
-5.6665e-01  7.3445e-01  7.7814e-01 -1.4499e+01 -1.1365e+01 -4.1886e+00  1.8893e+01  1.0000e+00
-2.9584e-01  1.4899e+00  3.3607e-01 -6.4348e+00  1.5760e+01 -1.2632e+01  2.1198e+01  1.0000e+00
-7.6353e-02  8.4279e-01  3.4369e-01  8.3295e+00 -1.5982e+01  5.5547e+00  1.8859e+01  1.0000e+00
 3.0057e+00 -2.8274e+00 -3.5333e+00  2.2413e+00 -6.3748e-01 -2.4526e+00  3.3830e+00  1.0000e+00
-9.2958e-01  9.8550e-01  2.4291e-01  6.8283e+00  1.3514e-01 -2.5550e+00  7.2919e+00  1.0000e+00
-4.4160e-01  7.4776e-01  2.2262e-02 -3.0893e+00 -1.4268e+00  2.5997e+00  4.2823e+00  1.0000e+00
 8.9626e+00 -1.0828e+01 -1.3220e+01  1.4170e+01 -1.7649e+01 -2.0689e+01  3.0665e+01  1.0000e+00
 4.5417e+00  2.6267e+00 -2.6317e+00  2.2953e+01  9.0344e+00 -1.0724e+01  2.6898e+01  1.0000e+00
-3.2598e-01  1.1777e+00  2.1337e-01  4.3443e+00 -1.1511e+01  5.8559e+00  1.3626e+01  1.0000e+00
-4.6472e-01  1.2069e+00 -2.0808e-02  5.4422e+00 -3.6047e+00 -1.8344e+00  6.7806e+00  1.0000e+00
 2.2367e-01  2.2206e+00  5.0810e-01 -3.6733e+00 -6.0100e-01  9.1030e+00  9.8346e+00  1.0000e+00
 1.0533e+01 -4.9815e+00 -6.9263e+00  3.0859e+01 -1.5915e+01 -2.0273e+01  4.0206e+01  1.0000e+00
-4.4767e-01  7.0442e-01  5.5533e-01 -1.2596e+01 -4.3909e-01  2.7710e+00  1.2905e+01  1.0000e+00
-6.5987e-01  1.1928e+00  1.2003e-01  2.1661e+01 -8.1376e+00  6.5593e+00  2.4051e+01  1.0000e+00
-2.9780e+01  7.1815e+00  1.4656e+01 -6.0166e+01  1.4440e+01  2.9701e+01  6.8634e+01  1.0000e+00
 7.6764e-02  1.3370e+00  8.7035e-02 -1.1489e+01  5.3065e+00  3.6998e+00  1.3185e+01  1.0000e+00
 1.1926e+01  8.5140e+00 -9.8082e-01  1.7766e+01  1.3363e+01 -9.7018e-01  2.2252e+01  1.0000e+00
 1.2154e-03  7.3808e-01  4.7214e-01  1.8282e+00  8.2724e+00  1.8920e+00  8.6807e+00  1.0000e+00
-1.0977e-02  1.2150e+00  4.1458e-02 -9.6350e+00  8.5622e+00  1.5254e+01  1.9970e+01  1.0000e+00
-2.9169e-01  8.8179e-01  1.1442e-01  1.6212e+01 -1.5511e+01  8.6833e+00  2.4059e+01  1.0000e+00
 2.3116e+00  1.0925e+01 -4.5883e-01  3.8850e+00  1.4819e+01 -1.3842e+00  1.5382e+01  1.0000e+00
-2.4280e+02  3.0134e+02 -2.0152e+02 -3.7964e+02  4.7214e+02 -3.1702e+02  6.8377e+02  1.0000e+00
 7.3604e-01  1.1843e-01 -7.0548e-02  4.3598e+00  4.5079e+00  4.0887e+00  7.4865e+00  1.0000e+00
 9.3219e-03  9.3652e-01  4.1522e-01  8.9779e+00  2.1218e+00  1.7811e+00  9.3956e+00  1.0000e+00
-8.1598e-01  3.1810e+00 -5.3847e-02 -2.6364e+00  7.8179e+00 -6.8801e-01  8.2791e+00  1.0000e+00
 2.2492e-01  9.1564e-01  7.3813e-01 -7.6946e+00  7.5117e+00 -2.0761e+00  1.0952e+01  1.0000e+00
-1.6240e-01  1.3542e+00  4.7421e-01  2.0987e+01  1.7627e+01 -5.2293e+00  2.7902e+01  1.0000e+00
 8.5503e+00 -1.2505e+01 -1.2016e+01  1.4988e+01 -1.9729e+01 -1.7423e+01  3.0290e+01  1.0000e+00
 2.3998e+00 -2.5485e-01  4.9576e-01 -3.7579e+00  2.3596e+00  1.6633e+00  4.7388e+00  1.0000e+00
-1.4550e+00  4.8042e-01  2.2852e+00  4.9560e+00  3.0852e+00 -2.6161e+00  6.3972e+00  1.0000e+00
-2.3040e-01  1.0681e+00 -1.6410e-01  8.0016e+00  5.4302e+00  5.0143e+00  1.0893e+01  1.0000e+00
-1.8742e+01  1.1533e+00  1.6053e+01 -3.0609e+01  2.2675e+00  2.6472e+01  4.0532e+01  1.0000e+00
 9.5217e-03  1.0943e+00  4.6703e-01 -7.9679e+00  4.3232e+00  1.8220e+01  2.0351e+01  1.0000e+00
 4.2686e-03  8.1145e-01  4.0680e-01  3.0069e+00  2.1580e+00 -1.0004e+01  1.0667e+01  1.0000e+00
-1.2680e+01  1.1548e+01 -2.0445e+01 -2.0763e+01  1.9175e+01 -3.3535e+01  4.3857e+01  1.0000e+00
 2.1441e+01 -1.4631e+01  5.9256e+00  3.5154e+01 -2.3835e+01  9.8003e+00  4.3588e+01  1.0000e+00
 1.1381e+01 -6.9884e+00  1.2767e+01  1.7772e+01 -1.0926e+01  2.0409e+01  2.9185e+01  1.0000e+00
-7.6793e-01  1.0877e+00  6.4507e-01  1.3536e+00 -3.3355e-01 -1.8367e+01  1.8420e+01  1.0000e+00
 1.2264e-01  1.2716e+00  1.4237e-01 -4.6474e+00 -7.4761e+00  3.8763e+00  9.6185e+00  1.0000e+00
 1.5136e-02  1.2308e+00  9.3825e-02  1.5423e+01  4.5367e+00 -1.5448e+01  2.2296e+01  1.0000e+00
-8.5610e+00  1.2601e+00  2.7788e+00 -1.0763e+01  9.7350e-01  2.9963e+00  1.1214e+01  1.0000e+00
-1.5063e-01  1.0081e+00  3.5903e-01  3.0084e+00 -6.0783e+00  2.5007e+00  7.2284e+00  1.0000e+00
-2.9057e-01  1.0741e+00  4.5349e-01  8.3521e+00 -8.6330e+00 -1.0158e+01  1.5731e+01  1.0000e+00
-5.1627e-01  1.3224e+00  5.6542e-02  1.2391e+00 -2.9729e+00 -1.0746e+01  1.1218e+01  1.0000e+00
-2.5926e-01  1.0955e+00  1.0568e-01 -1.3937e+01  9.2905e+00 -9.2322e+00  1.9125e+01  1.0000e+00
-8.1828e+00  8.0934e+00 -6.8417e+00 -1.1931e+01  1.3180e+01 -9.9299e+00  2.0363e+01  1.0000e+00
-9.3852e-01  8.4646e-01  4.8341e-02 -5.0856e+00 -1.4227e+01 -7.5912e-01  1.5128e+01  1.0000e+00
-6.4676e+00  4.1042e+00 -1.5790e+01 -1.0288e+01  6.4620e+00 -2.4734e+01  2.7557e+01  1.0000e+00
-2.3794e+00  9.7954e+00  3.9829e+00 -5.4156e+00  1.2978e+01  4.1201e+00  1.4654e+01  1.0000e+00
-2.0345e+01 -4.4570e+00 -5.6301e+00 -3.3440e+01 -6.9012e+00 -8.4561e+00  3.5176e+01  1.0000e+00
 2.8834e-01  1.4793e+00 -2.5100e-01  3.0121e+00  1.1681e+01 -8.7668e+00  1.4912e+01  1.0000e+00
-9.1577e-02 -2.1231e-01 -3.1897e+00 -2.5747e-01  9.1626e-01 -3.3387e-01  1.0086e+00  1.0000e+00
-3.3564e-01  1.0026e+00  4.2705e-01 -2.4796e+01 -7.4309e+00 -2.4238e+00  2.5999e+01  1.0000e+00
-5.3778e-01  1.0534e+00  5.1323e-01  6.2029e-01  1.1894e+00 -2.6877e+01  2.6910e+01  1.0000e+00
-1.9116e-01  1.8527e+00  1.2669e+00 -8.1400e-02  3.5053e+00 -5.7466e+00  6.7318e+00  1.0000e+00
-2.1820e-01  1.2722e+00  1.0181e-01 -4.2037e+00  1.1283e+01 -6.4123e+00  1.3641e+01  1.0000e+00
-3.4230e-01  6.1905e-01 -2.4712e-01  3.3078e+00 -1.2487e+00  7.2848e+00  8.0975e+00  1.0000e+00
 2.9356e+00 -1.1151e+00 -2.4909e-01 -1.0706e+00  2.6225e+00 -4.5988e+00  5.4012e+00  1.0000e+00
 1.3570e+00  4.7269e+00 -1.1642e+00  4.5407e+00  1.2163e+01 -5.2678e+00  1.4011e+01  1.0000e+00
-4.1043e-02  1.3779e+00  7.2724e-02 -6.8651e-01 -1.6984e+01  1.1963e+01  2.0785e+01  1.0000e+00
-2.6225e+01  2.8882e+01 -1.7584e+01 -4.1939e+01  4.4202e+01 -2.6635e+01  6.6499e+01  1.0000e+00
-1.6536e-02  1.0621e+00 -3.4832e-01 -5.8108e+00  3.2042e+00  2.3342e+01  2.4267e+01  1.0000e+00
 1.1224e+00  2.4293e+00 -4.9562e-01 -9.4900e+00  2.1361e-01  3.5209e+00  1.0124e+01  1.0000e+00
-7.0108e+00 -3.0827e+00 -6.6331e+00 -1.9856e+01 -1.0812e+01 -2.0247e+01  3.0349e+01  1.0000e+00
-2.0106e-01  1.3962e+00  4.5588e-01  1.7865e+00  1.2538e+00  6.6360e+00  6.9857e+00  1.0000e+00
-4.5707e-01 -1.4244e+01 -7.8080e+00 -6.0427e-01 -2.1961e+01 -1.2516e+01  2.5285e+01  1.0000e+00
-1.0724e-01  8.7707e-01 -2.1635e-02  1.5014e+01 -5.2455e+00  5.5872e-01  1.5914e+01  1.0000e+00
 8.5514e+00 -1.2573e+01 -1.1930e+01  1.2478e+01 -1.9906e+01 -2.0541e+01  3.1207e+01  1.0000e+00
-7.2429e-02  9.1977e-01  9.0999e-02 -4.1546e+00  1.9088e+01  5.2702e+00  2.0233e+01  1.0000e+00
-1.6709e+01  4.7399e+00 -8.6047e+00 -9.1096e+01  2.1589e+01 -4.8432e+01  1.0541e+02  1.0000e+00
 1.0255e+00  9.0234e+00  3.6729e+00  2.5106e+00  1.1876e+01  4.0291e+00  1.2790e+01  1.0000e+00
 4.2653e+00 -8.7250e+00  1.3750e+01  7.0161e+00 -1.3563e+01  2.1735e+01  2.6563e+01  1.0000e+00
 9.2320e-02  1.2360e+00  1.1206e-01 -3.0013e+00  1.1342e+01  1.5112e-01  1.1734e+01  1.0000e+00
-1.3716e+01  8.0085e+00 -3.0881e+00 -4.2495e+01  2.3421e+01 -9.9488e+00  4.9531e+01  1.0000e+00
-9.5531e-02  1.0887e+00  2.1895e-01 -1.0827e+01  1.2736e+01 -9.9829e+00  1.9470e+01  1.0000e+00
-1.4943e-01  3.3071e-01 -4.2600e-01 -9.0008e-01 -2.9631e+00 -4.3130e+00  5.3097e+00  1.0000e+00
-1.0347e+01 -3.4845e+00  6.2320e+00 -1.5247e+01 -5.2530e+00  8.4787e+00  1.8219e+01  1.0000e+00
-3.8754e-01  1.0012e+00  2.7300e-01 -7.9797e+00 -1.8661e+00  1.9125e+01  2.0807e+01  1.0000e+00
-8.3522e-01  2.8250e+00  5.1427e-01 -1.1350e+01  2.4838e+01  3.5026e+00  2.7533e+01  1.0000e+00
 1.6249e+01 -2.0866e+01 -1.6551e+00  2.6888e+01 -3.4131e+01 -2.7955e+00  4.3540e+01  1.0000e+00
-7.0932e-01  2.2121e+00  3.3696e-01 -5.8554e+00  1.2135e+01  3.3267e+00  1.3878e+01  1.0000e+00
 9.0458e-01 -1.3165e+00  9.7490e-01  8.4942e-01 -7.7358e+00  3.8232e+00  8.6707e+00  1.0000e+00
-2.2173e-01  7.2470e-01  4.9246e-01  2.0841e+01  1.8328e+00  8.0081e+00  2.2402e+01  1.0000e+00
-3.9982e-01  2.1624e+00  3.2336e-01 -5.2664e+00 -4.1262e+00  3.5512e-01  6.6997e+00  1.0000e+00
 4.8350e-01  4.2749e-01  7.1027e-01 -1.4135e+01  1.5109e+01 -2.1012e-01  2.0691e+01  1.0000e+00
-5.3996e-01  6.6181e-01  7.6334e-01 -8.1669e+00  2.2177e+00  2.5640e+00  8.8426e+00  1.0000e+00
-1.3536e+00  5.9876e-01 -1.2286e-02 -1.0267e+01  1.9645e+00 -6.4816e+00  1.2300e+01  1.0000e+00
-5.2886e+00 -1.8153e+00 -1.1206e+00 -6.3221e+00 -1.1530e+00 -7.1109e-01  6.4656e+00  1.0000e+00
-1.5284e-01  1.0706e+00 -2.4033e-01  3.8818e+00  1.8908e+00  1.7355e+01  1.7884e+01  1.0000e+00
-4.7927e-01  1.3538e+00  2.6034e-01 -5.3540e+00  1.0998e+00 -6.1233e+00  8.2079e+00  1.0000e+00
-2.7358e-01  1.0723e+00  3.6569e-01  1.3613e+00 -7.3350e+00 -4.4003e+00  8.6613e+00  1.0000e+00
-1.4899e-02  9.7886e-01  2.1011e-01  1.6473e+01  1.6679e+01  1.9071e+01  3.0220e+01  1.0000e+00
-3.0123e-01  8.3608e-01  2.3054e-01  7.0339e+00  1.2037e+01 -2.8610e+00  1.4232e+01  1.0000e+00
-4.5267e-01  1.0790e+00  2.1879e-01  2.4073e+00  2.2189e+01  2.0790e+01  3.0502e+01  1.0000e+00
 1.3431e+00 -2.7257e+00 -7.9068e-01  2.2075e+01 -5.1319e+01 -1.3505e+01  5.7475e+01  1.0000e+00
-2.5136e-01  9.0615e-01  2.4356e-01  1.6393e+01 -1.3702e+01  2.1177e+01  3.0082e+01  1.0000e+00
-3.0261e+01  2.4528e+01  1.1362e+01 -8.1284e+01  6.5134e+01  3.0725e+01  1.0860e+02  1.0000e+00
 6.6999e-01  4.4093e-01  7.0857e-01 -2.1237e+00  4.4839e+00 -1.0735e+01  1.1826e+01  1.0000e+00
 1.5528e-01  1.5165e+00  1.2107e+00 -3.6297e-01  2.8629e+00  2.8508e+00  4.0565e+00  1.0000e+00
-1.0464e+02  3.5598e+00  9.3932e+01 -2.4181e+02  7.3671e+00  2.1773e+02  3.2547e+02  1.0000e+00
-5.5453e-01  1.0665e+00  3.1661e-01 -3.8902e-01  1.6583e+01 -1.0649e+01  1.9712e+01  1.0000e+00
-3.1110e-01  1.1246e+00 -2.4922e-02 -1.9727e+01 -2.3372e+00 -1.9937e+01  2.8144e+01  1.0000e+00
 2.0513e-01  9.5816e-01  2.3972e-01  9.5805e+00 -4.1426e+00  4.2426e+00  1.1267e+01  1.0000e+00
-3.1483e+00  4.6946e+00  1.2085e+01 -4.3099e+00  6.0454e+00  1.6127e+01  1.7754e+01  1.0000e+00
 5.5032e+00  2.2170e+00  1.3676e+00  3.2162e+00  2.8092e+00  1.7208e+00  4.6040e+00  1.0000e+00
 9.0308e+00 -5.2326e+00 -7.7452e+00  1.3323e+01 -8.1399e+00 -1.1223e+01  1.9228e+01  1.0000e+00
 1.0037e-01  9.8276e-01  6.3449e-02 -6.3535e-02 -2.8089e+00 -2.0410e+00  3.4726e+00  1.0000e+00
 1.2890e+01 -1.3126e+01 -1.9413e+01  2.1333e+01 -2.1477e+01 -3.1565e+01  4.3735e+01  1.0000e+00
-9.2562e-02  1.1527e+00  1.1814e-01  1.4096e+00  3.5288e-01 -7.2063e+00  7.3513e+00  1.0000e+00
-1.9405e-01  8.3324e-01  2.8176e-01  6.1654e+00  8.1804e+00  1.7437e+00  1.0391e+01  1.0000e+00
 3.6521e-04  5.4709e-01  2.6995e-01 -5.9031e+00  9.7840e+00  1.1419e+01  1.6154e+01  1.0000e+00
-7.7453e+00 -1.2051e+01 -1.1506e+01 -2.4994e+01 -4.1660e+01 -3.8369e+01  6.1907e+01  1.0000e+00
 1.0547e-01  1.0888e-01  8.1409e-01 -1.3283e+00  1.2309e+01 -1.6636e+00  1.2492e+01  1.0000e+00
 8.4044e-02  1.0347e+00  1.5104e+00 -4.3662e+00 -1.6665e+00  2.1405e+00  5.1403e+00  1.0000e+00
-7.2804e-02  8.4410e-01  4.0621e-01  2.2740e-01  4.6911e+00 -2.3223e+01  2.3693e+01  1.0000e+00
-3.9664e-01  1.5348e+00  3.1072e-01  7.4324e+00 -3.2937e+00  9.2453e+00  1.2311e+01  1.0000e+00
 7.6194e-02  1.4985e+00 -5.4784e-01 -3.8653e-01  6.7675e+00 -4.1882e+00  7.9680e+00  1.0000e+00
-1.3296e+00  2.2287e+00  2.5596e+00 -1.1330e+00  3.7274e+00  1.9653e+00  4.3634e+00  1.0000e+00
-3.2921e+00  4.9299e+00  1.4056e+01 -4.4936e+00  7.8713e+00  2.1315e+01  2.3162e+01  1.0000e+00
 3.8594e-01  1.6683e+00  3.1537e-01  5.3887e-01  9.2937e+00 -1.4861e+01  1.7536e+01  1.0000e+00
-6.0164e-01  9.6029e-01  9.6037e-01 -1.1155e+00  5.3286e+00  7.2591e+00  9.0738e+00  1.0000e+00
-5.1680e-01  1.0932e+00 -3.1217e-04 -5.9642e+00  1.0208e+01 -1.0388e+00  1.1868e+01  1.0000e+00
-1.3894e-01  8.2823e-01 -6.1543e-02 -1.7076e+01 -9.7227e+00 -1.6181e+01  2.5455e+01  1.0000e+00
 9.8421e+00 -2.4755e+01  4.3817e+01  1.5605e+01 -3.9382e+01  7.0865e+01  8.2561e+01  1.0000e+00
 1.8782e+01  3.5836e+00  1.7695e+01  3.0715e+01  5.7992e+00  2.9190e+01  4.2768e+01  1.0000e+00
-2.8995e+00  1.1791e+00 -6.5595e-01 -4.1666e+00  9.8220e-01 -2.3419e+00  4.8796e+00  1.0000e+00
-1.1422e+00  1.1837e+00  9.9464e-02  1.7171e+00  4.9971e-01 -5.9088e+00  6.1735e+00  1.0000e+00
-1.6527e-01  9.1459e-01  1.6014e-01 -4.7683e+00  1.0539e+01  1.0606e+01  1.5694e+01  1.0000e+00
-4.9700e+00  3.2371e+00  1.9673e+01 -8.0145e+00  5.5491e+00  3.1667e+01  3.3133e+01  1.0000e+00
-1.2983e+01 -2.5131e+00 -1.2382e+01 -2.0416e+01 -2.5109e+00 -1.8878e+01  2.7920e+01  1.0000e+00
 4.8716e-01  7.3234e-01 -1.7330e-01 -9.4467e+00  1.4247e+01  6.0817e+00  1.8144e+01  1.0000e+00
-6.9662e+00 -1.1818e+01 -9.7281e-01 -1.2130e+01 -2.2073e+01 -1.2914e+00  2.5219e+01  1.0000e+00
-1.3916e+00 -7.6875e-01  8.1498e-01  4.0260e+00  3.5889e+00 -8.3228e-01  5.4572e+00  1.0000e+00
-2.1181e-01  1.2498e+00  1.4358e-01  3.1354e+00 -2.3331e-02 -6.2242e+00  6.9694e+00  1.0000e+00
-2.3341e+00 -1.0610e+00 -5.3767e-02 -9.7060e-01  2.0654e+00  9.0607e-01  2.4554e+00  1.0000e+00
-3.8326e-01  1.0053e+00  2.1099e-01 -1.3080e+01  9.5841e+00  9.6437e+00  1.8866e+01  1.0000e+00
 2.1144e-01  1.0429e+00  3.7785e-01 -5.5711e-01  7.8847e+00 -8.1481e+00  1.1352e+01  1.0000e+00
-6.7502e+00  2.1291e+01 -2.7494e+00 -1.0803e+01  3.4459e+01 -4.3369e+00  3.6372e+01  1.0000e+00
 3.7416e+00  1.4232e+00  4.0255e+00  1.6261e+00  4.0090e+00  4.8116e+00  6.4705e+00  1.0000e+00
-1.2226e+01 -2.4405e-01 -3.1631e+00 -1.7867e+01  3.9611e-01 -4.7863e+00  1.8501e+01  1.0000e+00
 1.4208e+00  1.7277e+00 -2.8026e+00  3.5432e+00  1.8296e+00 -2.0357e+00  4.4772e+00  1.0000e+00
-9.8143e+00 -3.8250e+00  6.7927e+00 -1.4202e+01 -4.6060e+00  9.9283e+00  1.7930e+01  1.0000e+00
-6.4436e-02  6.9637e-01  2.2898e-01 -1.5621e+01  1.0891e+01 -7.4689e+00  2.0455e+01  1.0000e+00
 2.4943e+01  9.0144e+00  2.0874e+00  4.0755e+01  1.4957e+01  3.3359e+00  4.3541e+01  1.0000e+00
 9.0356e+00  1.2592e+01  1.6693e+00  1.4189e+01  1.9296e+01  3.0909e+00  2.4149e+01  1.0000e+00
-1.9473e+01 -1.1726e+01 -7.2819e+00 -3.1528e+01 -1.8368e+01 -1.1307e+01  3.8200e+01  1.0000e+00
 7.0033e-01  2.4493e+00 -3.9876e-02  1.1463e+01  6.7210e+00 -9.2687e+00  1.6201e+01  1.0000e+00
-1.9151e+01 -4.7335e-01 -5.0132e+00 -3.0816e+01 -4.5570e-01 -8.1325e+00  3.1874e+01  1.0000e+00
 2.1612e-02  8.8802e-01  5.7323e-01  1.9035e+01 -1.0391e+01  7.2490e+00  2.2866e+01  1.0000e+00
-2.2704e-01  7.8354e-01  1.5654e-01  1.0401e+01 -1.2259e+01 -2.3471e+00  1.6247e+01  1.0000e+00
-3.9413e+00  1.5496e+01 -5.9927e+00 -5.6940e+00  2.4722e+01 -9.2173e+00  2.6992e+01  1.0000e+00
 2.3020e+01  1.8882e+01 -1.4468e+01  4.7212e+01  3.8208e+01 -2.9475e+01  6.7510e+01  1.0000e+00
-7.8877e-01  5.3213e-01 -2.5317e-01  9.9552e-01 -2.4641e+00  1.0845e+01  1.1166e+01  1.0000e+00
-8.9685e-01  8.2626e-01 -2.4905e+00  2.4196e+00  3.7489e+00  5.1784e+00  6.8356e+00  1.0000e+00
-8.9687e-02  1.3536e+00  4.5531e-01  6.4245e+00  3.2186e+00  2.2945e+01  2.4044e+01  1.0000e+00
 3.6801e+00 -2.9782e+00 -2.2864e-01  3.3107e+00 -9.7748e-01  4.0165e+00  5.2960e+00  1.0000e+00
 2.0939e+00 -1.5453e+00  7.9373e-01  5.0698e+00 -1.1210e+00  3.9854e-01  5.2075e+00  1.0000e+00
 1.0450e-01  3.9981e-01 -1.7347e-01 -5.2097e+00 -6.4761e+00  3.5824e+00  9.0507e+00  1.0000e+00
-1.4846e+01 -7.4700e+00 -2.6065e+01 -2.4841e+01 -1.2616e+01 -4.3904e+01  5.1998e+01  1.0000e+00
-2.6528e+01 -8.8535e+00 -8.8028e-01 -4.3803e+01 -1.4235e+01 -1.5510e+00  4.6084e+01  1.0000e+00
 3.0815e+00 -2.6132e+00 -3.9936e+00  4.5134e+00 -8.5175e-01 -2.4777e+00  5.2188e+00  1.0000e+00
 2.6826e+01  4.6174e+00 -2.7884e+00  4.4010e+01  7.9296e+00 -4.7090e+00  4.4966e+01  1.0000e+00
-3.6235e-02  8.0578e-01  3.6430e-01  8.4413e-01  1.4484e+01  1.7807e+01  2.2970e+01  1.0000e+00
 2.5975e-02  1.2672e+00  2.6796e-01 -1.0621e+01  6.9253e+00 -8.0289e+00  1.5008e+01  1.0000e+00
-2.4303e-01  9.3090e-01  4.8723e-01  1.5300e+00 -1.1616e+01 -7.6833e+00  1.4011e+01  1.0000e+00
-1.6687e+00  1.2994e+00 -1.0653e-01 -1.8283e+01  4.7315e+00 -1.0330e+00  1.8913e+01  1.0000e+00
-2.3676e-01  7.7742e-01  1.3593e-01  2.3603e+00  1.2960e+01 -1.0493e+01  1.6841e+01  1.0000e+00
-7.9881e-02  5.4863e-01  7.3965e-01  1.2869e+00 -4.8024e+00  1.2714e+01  1.3652e+01  1.0000e+00
-1.1444e-01  1.5687e+00  4.6171e-01  1.1017e+01  1.8749e+00  5.2760e+00  1.2358e+01  1.0000e+00
-1.0786e+01  9.1972e+00 -1.7238e+00 -1.6207e+01  1.3672e+01 -2.2312e+00  2.1320e+01  1.0000e+00
-4.0824e-01  1.4722e+00 -2.3573e-01 -5.0513e+00 -9.2524e+00 -2.9934e+00  1.0958e+01  1.0000e+00
-1.0989e+01 -3.2899e+00 -1.1541e-01 -1.5385e+01 -4.6272e+00 -4.3083e-01  1.6071e+01  1.0000e+00
 1.1863e-01  5.2915e-01  1.3200e+00  3.4051e+00  1.0357e+00  9.3036e-01  3.6788e+00  1.0000e+00
-3.3592e-01  1.3810e+00  3.1895e-01  1.6101e+01 -8.8160e+00  2.3634e+00  1.8508e+01  1.0000e+00
-4.4789e-01  1.0878e+00 -1.1658e-01  1.6608e+01  6.0069e+00 -2.8695e+00  1.7893e+01  1.0000e+00
 1.5909e-02  9.8936e-01 -2.2463e-01 -3.4269e+00  1.1821e+01 -1.9875e+01  2.3377e+01  1.0000e+00
 8.5664e+00 -2.1138e+01 -1.0189e+01  1.4051e+01 -3.4342e+01 -1.6604e+01  4.0651e+01  1.0000e+00
-1.9224e+01 -3.4440e+00  1.7316e+01 -3.1571e+01 -5.2857e+00  2.8413e+01  4.2802e+01  1.0000e+00
-4.3329e-01  1.3710e+00  4.6983e-01 -9.8613e+00  9.5728e+00  4.0077e+00  1.4316e+01  1.0000e+00
-2.4813e+00 -1.0393e+00 -3.6743e+00 -1.6153e+00  1.3980e+00 -3.3804e-01  2.1628e+00  1.0000e+00
 4.0104e-01  4.3607e-01  5.3764e-01 -1.4414e+01  1.1944e+01 -7.5694e+00  2.0192e+01  1.0000e+00
 6.2226e-01  8.8075e-01  7.5156e-01  5.0093e+00 -2.2686e+00  3.9401e+00  6.7649e+00  1.0000e+00
-1.7567e+00 -1.7095e+01 -1.2055e+01 -2.1003e+00 -2.7931e+01 -1.9933e+01  3.4379e+01  1.0000e+00
-2.8551e+00  4.9284e+00 -3.6906e+00 -2.6917e+00  4.6379e+00 -1.9051e+00  5.6907e+00  1.0000e+00
-2.2855e-01  9.7128e-01 -3.1816e-01 -1.0130e+01 -5.7369e+00  1.5894e+01  1.9701e+01  1.0000e+00
-4.0489e-02  1.0783e+00  6.1384e-01 -7.7473e+00 -6.7198e+00 -7.7621e+00  1.2862e+01  1.0000e+00
-1.4193e+00  5.2124e-01  6.6912e-01 -5.3233e+00  9.3496e-01  2.4226e+00  5.9229e+00  1.0000e+00
-3.5796e+00  1.5812e+01 -6.6368e+00 -5.7670e+00  2.4297e+01 -9.7818e+00  2.6819e+01  1.0000e+00
 2.7460e-01  4.7434e-01 -7.7334e-01 -2.5472e+00  8.1473e-01  5.4997e+00  6.1155e+00  1.0000e+00
 5.4234e-01  2.9711e+00  1.9466e+01  1.8406e+00  5.1206e+00  2.8400e+01  2.8916e+01  1.0000e+00
 2.3384e-01  3.9705e+00 -2.1774e+00  6.2136e-01  6.6897e+00 -5.4493e+00  8.6506e+00  1.0000e+00
-6.3165e-02  1.0369e+00  3.9726e-01 -1.3640e+01 -1.1406e+01 -1.9508e+00  1.7887e+01  1.0000e+00
 3.9339e-01  6.4030e-01  2.3221e-01 -9.7444e+00  1.2293e+01  7.1375e+00  1.7234e+01  1.0000e+00
-1.8052e-01  7.8711e-01  4.2849e-01 -2.5929e+00  1.0017e+01  1.1973e+01  1.5825e+01  1.0000e+00
 5.9193e+00  1.2153e+01  6.5130e+00  9.2484e+00  1.8743e+01  9.7150e+00  2.3048e+01  1.0000e+00
-3.5622e-01  1.0555e+00  3.0032e-02 -3.8326e+00  6.7699e+00 -1.1712e+00  7.8671e+00  1.0000e+00
 1.1584e+00 -5.0195e-01  1.0940e+00  1.8016e+00  6.7234e-01  8.0778e-01  2.0857e+00  1.0000e+00
-1.9547e-01  9.6832e-01  1.2357e-01  3.9971e+00 -6.6987e-01  2.0871e+01  2.1261e+01  1.0000e+00
-2.3345e-01  8.1078e-01  2.1433e-01  7.7009e+00 -2.5075e+01  1.8971e+00  2.6300e+01  1.0000e+00
-3.9484e-01  5.9966e-01  2.4835e-01  1.8513e+01  8.7138e+00 -6.1604e-01  2.0470e+01  1.0000e+00
-1.5690e-01  1.0720e+00  3.4363e-01  1.9581e+01 -8.9137e+00 -1.1016e+01  2.4171e+01  1.0000e+00
 9.4601e+00 -6.9196e+00 -1.1633e+00  1.3649e+01 -9.7229e+00 -1.3567e+00  1.6813e+01  1.0000e+00
 2.4077e-01  1.1828e+00  6.4248e-01 -2.6984e+00 -9.8602e+00 -4.9701e+00  1.1367e+01  1.0000e+00
 1.7172e+01 -3.2209e+01  2.0576e+01  2.5236e+01 -5.0358e+01  3.2445e+01  6.5004e+01  1.0000e+00
-2.6772e-01  2.3414e+00  7.0325e-01 -1.6082e-01  1.2390e+01 -1.1000e+01  1.6569e+01  1.0000e+00
 1.7659e+00 -8.9572e+00 -2.5593e+01  2.7499e+00 -1.4595e+01 -4.1926e+01  4.4479e+01  1.0000e+00
-6.9062e+00 -1.0071e+01 -1.7315e+01 -1.1713e+01 -1.6205e+01 -2.7988e+01  3.4396e+01  1.0000e+00
-1.2377e+00 -1.8423e+01  1.9927e+00 -1.7557e+00 -2.9522e+01  3.1754e+00  2.9744e+01  1.0000e+00
-2.5583e+01 -1.2934e+01 -6.6896e+00 -4.2445e+01 -2.1122e+01 -1.0999e+01  4.8669e+01  1.0000e+00
-3.0146e-02  7.7685e-01  7.1418e-02  2.2080e+01  6.2886e+00  6.1935e+00  2.3779e+01  1.0000e+00
-2.0515e+01 -5.0527e+00 -3.8632e+00 -3.3412e+01 -8.1638e+00 -6.2531e+00  3.4959e+01  1.0000e+00
-5.5868e-02  8.9011e-01  6.3988e-01  4.3394e+00 -4.1152e+00  2.5278e+01  2.5975e+01  1.0000e+00
-4.6988e-01  5.1081e-01  1.1350e-01 -1.6020e+00  4.6019e+00  8.7398e+00  1.0006e+01  1.0000e+00
-3.2464e+00  8.5629e-02 -1.0151e+01 -4.9814e+00  7.7010e-01 -1.6623e+01  1.7370e+01  1.0000e+00
-2.4194e-01  2.5019e-01  1.6580e+00  7.3511e+00  3.1658e+00 -2.4814e+00  8.3796e+00  1.0000e+00
-4.7990e-02  1.0404e+00  1.5947e-01 -1.2674e+01 -8.4650e+00 -4.1558e+00  1.5797e+01  1.0000e+00
