# limit = 22.1749
#
# x           y           z           vx          vy          vz          s           m
-5.3329e-01  7.2441e-01  8.3828e-01  1.6957e+00  2.4529e+01  3.0004e-01  2.4589e+01  1.0000e+00
-1.8865e-01  1.1286e+00 -2.6219e-02 -8.9612e+00 -5.0999e+00 -1.5326e+01  1.8472e+01  1.0000e+00
 2.2107e+01  9.9119e-01  4.3294e+00  3.4059e+01  2.0538e+00  6.6672e+00  3.4766e+01  1.0000e+00
-3.6689e-03  8.4293e-01  8.7514e-02  3.4179e+00 -5.9827e-01  4.4203e+00  5.6195e+00  1.0000e+00
-1.8731e+01  7.0694e+00  1.1239e+01 -2.9301e+01  1.0857e+01  1.7289e+01  3.5712e+01  1.0000e+00
 8.1523e+00 -2.5519e+00  2.3199e+01  1.2998e+01 -3.5722e+00  3.6226e+01  3.8653e+01  1.0000e+00
 1.2179e+00 -1.8878e+01 -1.3055e+01  1.4115e+00 -2.9304e+01 -2.0010e+01  3.5512e+01  1.0000e+00
-9.3241e-01  1.5485e+00  1.8829e-01 -5.0609e+00  3.4622e+00 -1.6154e+00  6.3411e+00  1.0000e+00
-2.9639e+01  2.1616e+01  6.6940e+01 -4.5547e+01  3.3390e+01  1.0464e+02  1.1890e+02  1.0000e+00
 4.5059e+01 -2.4103e+01  1.1733e+00  1.1448e+02 -6.2004e+01  3.0410e+00  1.3022e+02  1.0000e+00
 2.9340e+00  4.1537e+00  2.5825e+00  7.5428e-02  2.5269e+00  7.4048e-01  2.6342e+00  1.0000e+00
-6.7725e-01  1.3951e+00  1.7057e-01  1.2219e-01  8.3077e+00 -3.3534e-01  8.3154e+00  1.0000e+00
-1.0003e+00  3.6325e+00  5.2509e-01  1.9030e+00  2.2212e+00  3.8165e+00  4.8084e+00  1.0000e+00
 5.5644e+00  1.5341e+00 -7.9085e-01  5.1287e+00  2.8007e+00  4.0941e-01  5.8579e+00  1.0000e+00
 1.7859e+00 -1.3026e+00  5.8151e-01  1.8641e+00 -1.7885e+00 -1.1694e+00  2.8357e+00  1.0000e+00
-7.7122e+00 -1.4428e+00 -5.7055e+00 -9.1496e+00 -3.8105e+00 -5.4267e+00  1.1300e+01  1.0000e+00
 1.3521e+01 -1.4138e+01 -1.6193e+01  2.1029e+01 -2.2076e+01 -2.5489e+01  3.9740e+01  1.0000e+00
-1.0546e-01  8.5632e-01  3.0399e-01  6.1566e-01 -3.1460e+01 -3.7535e+00  3.1689e+01  1.0000e+00
-2.4799e-01  1.0910e+00  3.4532e-01  9.7053e+00  1.8066e+00  9.5344e+00  1.3724e+01  1.0000e+00
 4.6939e+01  3.8163e+01 -1.6538e+01  7.3441e+01  5.8889e+01 -2.5204e+01  9.7451e+01  1.0000e+00
 3.0621e-01  1.0451e+00  6.1201e-01  1.0811e+01  9.2274e+00  4.7203e-01  1.4222e+01  1.0000e+00
-2.6950e-01  7.4806e-01  2.5010e-01 -2.1374e+01  1.7135e+01 -6.2745e+00  2.8104e+01  1.0000e+00
-3.6989e+00 -4.4311e+00  7.1489e+00 -8.2432e+00 -1.1761e+01  1.6043e+01  2.1533e+01  1.0000e+00
-1.0120e+01  1.9161e+01 -1.9360e+01 -1.5928e+01  3.0505e+01 -3.0482e+01  4.5972e+01  1.0000e+00
-7.0219e-01  2.1701e+01 -9.6081e+00 -1.2339e+00  3.3789e+01 -1.4851e+01  3.6930e+01  1.0000e+00
-5.2937e+00  3.0340e+00 -8.1729e+00 -8.0399e+00  5.4137e+00 -1.0183e+01  1.4058e+01  1.0000e+00
 6.9059e+00 -1.6986e+01  3.2487e+00  1.0059e+01 -2.6298e+01  4.7755e+00  2.8558e+01  1.0000e+00
 4.5499e+01 -1.1894e+01 -4.3893e+01  7.5256e+01 -1.9839e+01 -7.2627e+01  1.0645e+02  1.0000e+00
 1.3149e+00 -2.6413e+01 -3.4840e+01  2.1750e+00 -4.2165e+01 -5.5597e+01  6.9811e+01  1.0000e+00
-1.3554e-01  9.0265e-01  2.2814e-01  1.9222e+01 -2.8882e+00 -8.6326e+00  2.1268e+01  1.0000e+00
-3.3535e-01  1.2137e+00  1.0848e-01  5.3744e+00  9.7736e+00  2.5578e+01  2.7904e+01  1.0000e+00
-2.1092e-01  1.0161e+00  3.2466e-01 -3.0292e+00 -1.8748e+00  1.0266e+01  1.0867e+01  1.0000e+00
 3.1458e-02  5.2928e-01 -2.8858e-02  4.5849e+00  4.2851e+00  1.1325e+01  1.2947e+01  1.0000e+00
-2.3733e-01  1.2808e+00  3.6991e-01  7.4420e+00  4.9147e+00  1.4512e+01  1.7033e+01  1.0000e+00
-1.6658e-01  1.1648e+00  9.4628e-02  9.7191e+00  4.6626e+00 -1.9146e+01  2.1972e+01  1.0000e+00
 1.3912e-01  1.3988e+00  3.2741e-02  9.5731e+00 -5.4003e+00 -8.1041e+00  1.3656e+01  1.0000e+00
 2.6396e-01  2.5571e+00 -1.0059e+00  2.8818e+00 -3.9002e+00  3.5699e+00  6.0217e+00  1.0000e+00
-1.8195e+01  3.4850e+01 -4.3856e+01 -2.8528e+01  5.4672e+01 -6.7946e+01  9.1758e+01  1.0000e+00
-2.7905e-02  1.2114e+00  9.9738e-02  1.7805e+01  1.6479e+01  1.4660e+01  2.8345e+01  1.0000e+00
 1.3117e+01 -2.9173e+00  1.1036e+01  1.9514e+01 -4.1022e+00  1.6532e+01  2.5903e+01  1.0000e+00
 7.0919e+00  6.5950e+00  9.2815e-01  8.3341e+00  8.2068e+00  2.0772e+00  1.1880e+01  1.0000e+00
 3.1271e+00  9.7395e-01 -7.4476e-01 -7.3535e-03  1.1319e+00 -1.8424e+00  2.1623e+00  1.0000e+00
 2.3394e-01  9.8631e-01 -2.7000e-01  8.3424e+00  1.0061e+01  3.2114e+00  1.3458e+01  1.0000e+00
 2.6645e+00 -7.7710e+00  2.5248e+01  4.3094e+00 -1.2005e+01  3.9610e+01  4.1613e+01  1.0000e+00
 2.4456e+01  1.1815e+01  1.9421e+00  3.8777e+01  1.8576e+01  3.1409e+00  4.3111e+01  1.0000e+00
 1.6925e+00 -1.5656e+01  2.5868e+00  3.2436e+00 -2.3655e+01  4.1917e+00  2.4241e+01  1.0000e+00
-3.0927e-01  1.2255e+00  4.7037e-01  6.4951e+00 -2.0084e+00 -2.6228e+00  7.2869e+00  1.0000e+00
 2.6358e+00 -1.1590e+00  1.6528e-01 -8.5533e-01  5.8899e+00  2.4951e+00  6.4535e+00  1.0000e+00
 1.0705e+01 -4.1522e+00  4.8462e+00  1.4483e+01 -5.5992e+00  7.0683e+00  1.7061e+01  1.0000e+00
-3.3081e-03  9.7996e-01  3.0207e-01  2.5279e+01 -2.9807e+00 -6.3286e+00  2.6229e+01  1.0000e+00
-1.1963e+00  1.3606e+00  6.6336e-01 -4.8330e+00  3.3303e+00  3.2520e+00  6.7101e+00  1.0000e+00
-2.6870e-01  9.5213e-01 -5.4712e-02 -4.7241e+00  5.8665e+00  1.5303e+01  1.7057e+01  1.0000e+00
-3.1833e+00 -5.0109e+00  5.0713e+00 -3.2611e+00 -4.9729e+00  5.5320e+00  8.1220e+00  1.0000e+00
-6.6372e-02  1.4158e+00  4.2862e-01  1.8606e+00  1.5765e+01  1.2426e+01  2.0160e+01  1.0000e+00
 5.4032e-02  3.7280e+00  3.5594e+00  2.2627e+00  1.4161e+01  1.5407e+01  2.1049e+01  1.0000e+00
-1.3299e-01  1.0504e+00  2.1300e-01  4.9467e+00 -1.2604e+01  1.8218e+01  2.2699e+01  1.0000e+00
-9.5653e-02  1.1536e+00  2.3935e-01  3.0227e+00 -1.9833e+00 -1.2512e+01  1.3023e+01  1.0000e+00
 8.7105e-02  8.6342e-01  3.6718e-01 -1.7061e+01 -1.3657e+00  4.9152e+00  1.7808e+01  1.0000e+00
 1.4126e-01  1.3922e+00  3.1281e-01  5.1321e+00  7.2904e+00  1.4277e+01  1.6833e+01  1.0000e+00
 6.0660e+00 -3.3368e+00  1.8048e+01  9.0136e+00 -5.4085e+00  2.7744e+01  2.9669e+01  1.0000e+00
-4.2402e-01  1.2560e+00  6.2775e-01  8.8085e-01 -9.0796e+00 -3.9616e+00  9.9453e+00  1.0000e+00
-3.4719e+00 -5.7905e+00  2.7416e+00 -7.3451e+00 -1.4746e+01  5.8800e+00  1.7492e+01  1.0000e+00
 1.1197e+01  1.0976e+00 -5.3984e+00  1.8170e+01  1.9789e+00 -8.6607e+00  2.0226e+01  1.0000e+00
-5.2966e-01  1.4761e+00  1.5195e-01 -1.5683e+00  9.4442e+00 -9.7986e+00  1.3699e+01  1.0000e+00
-5.1725e-01  2.5457e+00  3.0069e-01  1.9940e+00  1.5156e+01  1.9182e+00  1.5406e+01  1.0000e+00
 6.7526e-02  1.3670e+00 -5.7826e-01 -7.0394e+00  8.1689e+00 -2.0708e+00  1.0981e+01  1.0000e+00
-3.4964e-01  1.2889e+00  2.5787e-01 -7.7593e+00 -2.4133e+00  6.5749e-01  8.1525e+00  1.0000e+00
-5.4820e-01  1.2868e+00  2.6412e-01  5.2064e+00  2.3826e+00 -1.0022e+01  1.1542e+01  1.0000e+00
-5.5444e-01  9.8402e-01  6.5555e-01  2.2983e+00  7.5173e+00  2.7684e+00  8.3340e+00  1.0000e+00
 7.4644e-02  1.0452e+00  3.5171e-01  8.2382e+00 -3.4875e+00  1.4893e+01  1.7373e+01  1.0000e+00
 2.1732e+01  2.4059e+00  3.9550e+00  3.3903e+01  3.3900e+00  6.0648e+00  3.4608e+01  1.0000e+00
-4.6502e-01  8.8306e-01  5.7888e-01 -1.9063e+00 -6.8309e+00  4.0910e+00  8.1873e+00  1.0000e+00
-1.4965e-01  1.8321e+00 -2.4660e-01 -3.9402e+00  1.6247e+00  5.3559e-01  4.2956e+00  1.0000e+00
 4.7770e-01  1.4561e+00  1.3746e+00 -2.0856e+00 -8.9330e-01 -5.4856e-01  2.3342e+00  1.0000e+00
-1.5695e-02  6.0416e-01  3.0615e-01 -4.9192e+00 -8.1445e+00  1.7400e+00  9.6726e+00  1.0000e+00
-2.0977e-01  7.7257e-01  5.7609e-01  1.4659e+01 -7.9624e+00  1.0971e+01  1.9966e+01  1.0000e+00
-4.6706e-02  9.3269e-01  2.6111e-01  2.1523e+00  1.0150e+01 -6.5390e+00  1.2264e+01  1.0000e+00
 1.6818e-01  1.1974e+00 -4.8813e-01  4.8746e+00 -2.3928e+00 -4.6938e+00  7.1777e+00  1.0000e+00
 2.6158e+01 -1.2517e+01 -3.0157e+00  4.1482e+01 -1.9493e+01 -4.6850e+00  4.6072e+01  1.0000e+00
-1.5299e+01 -9.3266e+00 -5.8890e+00 -2.3521e+01 -1.3879e+01 -8.7629e+00  2.8682e+01  1.0000e+00
-6.8279e-01  1.0904e+00  2.4425e-01  1.2903e+00  1.2178e+01  1.3715e+00  1.2323e+01  1.0000e+00
 1.6206e+01  3.8074e+00  1.0512e+01  3.2189e+01  6.9470e+00  2.0625e+01  3.8856e+01  1.0000e+00
-1.3469e+00  1.7665e+00 -1.7286e-01  4.1661e+00 -2.8262e+00 -1.3700e+00  5.2173e+00  1.0000e+00
 5.1959e+00  4.6247e+00  6.6944e+00  5.7635e+00  6.1714e+00  7.8902e+00  1.1557e+01  1.0000e+00
-1.4975e-02  8.8399e-01  3.2185e-01 -1.2909e+01  1.7983e+01  9.5963e+00  2.4127e+01  1.0000e+00
-3.5634e-01  2.2150e+00  6.1952e-02  2.8617e+00  6.0259e+00  1.9683e+00  6.9552e+00  1.0000e+00
-1.3449e+00  1.3337e+00  7.2465e-01  5.8726e+00 -2.9141e+00 -4.9464e+00  8.2126e+00  1.0000e+00
 1.0089e+00 -2.3580e-01  1.2565e+00 -6.0402e+00  7.2944e+00 -7.0449e+00  1.1803e+01  1.0000e+00
 1.0107e+02  2.5600e+01 -9.8139e+01  2.2218e+02  5.5313e+01 -2.1506e+02  3.1413e+02  1.0000e+00
 8.9680e-02  8.5648e-01  3.0097e-01  2.4350e+01  1.2125e+01 -7.5930e+00  2.8242e+01  1.0000e+00
 1.4516e+00 -2.7014e-01  9.5160e-01 -6.8541e+00  5.2947e+00 -5.6147e+00  1.0322e+01  1.0000e+00
-3.6058e-01  5.9053e-01  9.3664e-01  7.6138e+00 -6.8817e+00 -1.1266e+01  1.5239e+01  1.0000e+00
-1.8079e+00  1.2638e+00  7.3843e-01  6.6590e+00 -1.1539e+00 -2.6445e+00  7.2572e+00  1.0000e+00
-1.4184e-01  1.3911e+00  4.2868e-01 -1.5622e+01  6.0338e+00 -1.0628e+01  1.9834e+01  1.0000e+00
 4.4121e+00 -1.5693e+00 -4.2966e-01  6.1400e+00 -1.8861e+00 -2.3863e-01  6.4276e+00  1.0000e+00
-1.9133e-01  1.1961e+00  9.8513e-03  2.9988e+00  6.4125e+00 -2.4319e+00  7.4852e+00  1.0000e+00
 5.4404e+00  1.1625e+01  2.0031e+01  1.7325e+01  3.4040e+01  6.1292e+01  7.2219e+01  1.0000e+00
-8.4596e+00 -1.2366e+01 -1.3900e+01 -1.3003e+01 -1.8820e+01 -2.1270e+01  3.1236e+01  1.0000e+00
 1.8712e+00 -3.8657e+00 -1.6631e+01  2.7038e+00 -5.4397e+00 -2.3328e+01  2.4105e+01  1.0000e+00
 1.5519e+00  4.3369e+00 -1.9778e+00  2.7852e+00  9.0973e-01  1.2663e+00  3.1919e+00  1.0000e+00
-4.2326e-02  8.1227e-01  2.5888e-01 -6.8437e+00 -3.7602e+00 -1.2171e+01  1.4461e+01  1.0000e+00
 2.7939e-02  8.8502e-01  3.4561e-01 -3.7483e+00 -1.5740e+01 -3.0699e+00  1.6469e+01  1.0000e+00
-2.3099e+00  1.1943e+00 -5.0502e-01 -1.1416e+01  8.0906e-01 -4.9817e+00  1.2482e+01  1.0000e+00
-3.3854e-01  5.0392e-01  3.3293e-01 -1.1917e+01 -7.7879e+00  7.8162e+00  1.6241e+01  1.0000e+00
 2.1465e+01  8.2607e+00 -5.5188e-01  3.3322e+01  1.3214e+01 -8.9153e-01  3.5857e+01  1.0000e+00
-8.8979e-02  1.0856e+00  8.8764e-02 -2.0497e+01  6.1522e+00 -6.2102e+00  2.2283e+01  1.0000e+00
 1.5947e+01  9.2301e-01  1.7888e+01  2.4776e+01  1.5483e+00  2.7779e+01  3.7255e+01  1.0000e+00
 9.4172e-01  4.8063e-01  7.5058e-01 -5.8438e-01 -3.2638e-01  2.5053e+00  2.5932e+00  1.0000e+00
 1.4231e-01  4.9122e-01  1.9258e-01 -1.6623e+01 -5.8544e+00  6.9398e+00  1.8941e+01  1.0000e+00
-2.6091e+01  5.5388e+00  5.9587e+00 -4.1140e+01  8.9978e+00  9.4744e+00  4.3165e+01  1.0000e+00
-2.0689e-01  4.5964e-01  7.7286e-01  6.5401e+00  6.8592e+00 -1.2354e+01  1.5571e+01  1.0000e+00
 5.4087e+00 -8.9547e+00  1.6189e+01  7.9861e+00 -1.3851e+01  2.4298e+01  2.9086e+01  1.0000e+00
 5.9729e+00 -6.2223e+00  1.2960e+01  8.6149e+00 -9.2157e+00  1.9245e+01  2.3011e+01  1.0000e+00
 1.0667e+01 -1.2744e+01 -5.0021e+00  1.6315e+01 -1.8970e+01 -6.9317e+00  2.5963e+01  1.0000e+00
 2.7963e+00 -9.7747e-01  9.3613e-01 -3.7688e+00  4.1082e+00  5.9770e-02  5.5753e+00  1.0000e+00
 8.5560e-02  7.2183e-01 -4.8235e-01  5.1638e+00 -1.3063e+00 -3.4307e+00  6.3357e+00  1.0000e+00
 1.7095e-01  2.8383e+00 -1.9993e-01  3.8966e-02  1.5451e+00 -4.9065e+00  5.1441e+00  1.0000e+00
-1.5632e+00  7.1693e-01 -1.4410e+00 -1.1805e+01 -3.2196e+00 -9.1157e+00  1.5259e+01  1.0000e+00
-1.0268e-01  9.0612e-01  3.3058e-01  1.0371e+01  2.1749e+00  1.7264e+01  2.0257e+01  1.0000e+00
 4.8942e-01  7.2561e-01  1.0209e-02  7.8094e+00 -1.4677e+00 -5.7581e-01  7.9669e+00  1.0000e+00
 1.5615e-01  9.0183e-01  5.3134e-01  4.2121e-01 -9.1407e+00  7.1552e+00  1.1616e+01  1.0000e+00
 2.0732e-02  7.4780e-01  3.0687e-01 -3.3419e+00  1.4224e+01  3.9741e+00  1.5142e+01  1.0000e+00
-3.4472e+01  1.4297e+01  1.3099e+01 -5.4948e+01  2.2886e+01  2.1191e+01  6.3183e+01  1.0000e+00
-2.6575e-01  9.8385e-01  2.4027e-02  3.5191e+00 -8.6529e-01 -1.9223e+01  1.9561e+01  1.0000e+00
 2.0661e-01  5.2968e-01  7.9928e-01 -4.1604e+00  7.3200e+00 -6.6624e+00  1.0737e+01  1.0000e+00
-4.1051e-01  1.2978e+00  1.1261e-01  3.1089e-01  5.7710e+00  9.5448e+00  1.1158e+01  1.0000e+00
 1.2599e+01 -1.0743e+01 -4.2854e+00  1.9158e+01 -1.6108e+01 -6.0965e+00  2.5761e+01  1.0000e+00
 1.6429e-02  1.3207e+00  4.0202e-01  6.3667e+00  1.4564e+00  4.4248e+00  7.8889e+00  1.0000e+00
 8.4959e+00 -7.3543e+00  1.8753e+01  1.2909e+01 -1.1082e+01  2.9239e+01  3.3828e+01  1.0000e+00
 1.4645e+01  2.4140e+00  1.6031e+01  4.3797e+01  5.3402e+00  4.6228e+01  6.3903e+01  1.0000e+00
-3.1925e+00 -3.4319e+00 -1.5445e+01 -5.1293e+00 -4.8972e+00 -2.3267e+01  2.4323e+01  1.0000e+00
-2.4396e-01  1.0358e+00  2.5574e-01 -1.7111e+01  2.9072e+01 -5.4177e+00  3.4167e+01  1.0000e+00
-2.9764e-01  9.8388e-01  3.5757e-01  1.2425e+01  2.3405e+00 -1.8329e+01  2.2266e+01  1.0000e+00
-7.8626e-01  1.1159e+00  4.6779e-01  1.3486e+00  3.2551e-01 -1.1047e+01  1.1133e+01  1.0000e+00
 1.3364e+00  1.5550e+00 -6.9640e-01 -5.8156e+00  1.9609e+00  3.5962e+00  7.1133e+00  1.0000e+00
-6.3179e-01  1.7100e+00  1.0602e+00 -2.1955e+00  4.0212e+00 -1.0363e+01  1.1331e+01  1.0000e+00
-3.6817e-01  1.1524e+00  4.2264e-01 -1.2976e+00  2.7423e+01  8.0537e+00  2.8610e+01  1.0000e+00
-1.1450e-01  6.3390e-01  5.3145e-01 -4.0069e+00 -5.8766e+00  1.1548e+00  7.2058e+00  1.0000e+00
 1.8224e+00 -3.4041e-01  1.2777e+00 -7.2569e+00  6.6558e+00 -1.5879e+00  9.9741e+00  1.0000e+00
-2.6182e+00 -7.3435e+00  1.6809e+01 -3.9561e+00 -1.1489e+01  2.5710e+01  2.8437e+01  1.0000e+00
-2.9501e-01  7.2576e-01  2.2244e-01 -9.0267e+00 -8.3318e+00 -1.8688e+01  2.2364e+01  1.0000e+00
-2.5454e-01  1.1259e+00  6.0692e-02 -4.4361e+00 -1.4212e+01 -1.8246e+01  2.3549e+01  1.0000e+00
-2.3241e+01  4.7851e+00 -6.5130e+00 -3.5460e+01  8.5070e+00 -9.3864e+00  3.7655e+01  1.0000e+00
-1.9878e-01  1.1596e+00  3.6387e-01  3.7531e+00 -2.2277e+00 -6.6815e+00  7.9807e+00  1.0000e+00
-2.9694e-02  9.8420e-01  1.0394e-01 -1.2076e+01  2.1479e+01  1.7820e+01  3.0410e+01  1.0000e+00
-1.4083e-01  1.0138e+00  1.5104e-01  1.7489e-01 -2.1281e+00  1.2531e+01  1.2712e+01  1.0000e+00
-9.1594e+00 -3.0005e+01 -3.4225e+01 -1.4930e+01 -4.4712e+01 -5.2211e+01  7.0343e+01  1.0000e+00
 2.2532e+01 -1.9880e+01  5.6095e+00  3.5468e+01 -3.1187e+01  8.7410e+00  4.8032e+01  1.0000e+00
-8.5259e-01  1.3698e+00  2.6089e-01 -3.3371e+00  6.1625e+00 -4.8673e+00  8.5325e+00  1.0000e+00
-2.8219e+00  2.1446e+00  1.5262e+00 -1.0047e+01  5.4478e+00  2.5816e+00  1.1717e+01  1.0000e+00
-2.4319e-01  1.0924e+00  3.1670e-01  1.2627e+01  1.6141e+01 -2.4566e+00  2.0640e+01  1.0000e+00
-1.6497e+00  1.2314e+00  6.6690e-01 -8.1858e+00  1.1637e+00 -3.9954e-01  8.2778e+00  1.0000e+00
-3.2960e-01  1.0277e+00 -1.6487e-01 -5.7428e+00  9.1051e+00 -1.5193e+01  1.8620e+01  1.0000e+00
-2.7197e-01  8.6361e-01  2.1677e-01 -1.2183e+01  8.3902e+00 -3.0502e+00  1.5104e+01  1.0000e+00
-1.2309e+01  1.9229e+01 -1.0253e+01 -1.9202e+01  3.0380e+01 -1.5868e+01  3.9287e+01  1.0000e+00
-2.3572e+00  1.3346e+00  2.6429e+00 -3.0279e+00  2.4820e+00  9.4946e+00  1.0270e+01  1.0000e+00
-7.6755e-01  9.8879e-01  1.8154e+00  1.6992e+00  8.2222e-01  1.0872e+01  1.1035e+01  1.0000e+00
 9.1370e-03  1.1621e+00  2.5534e-02  9.3021e+00 -3.2381e+00 -4.9747e+00  1.1035e+01  1.0000e+00
-3.5375e-02  6.2637e-01  7.2194e-01  8.9131e+00 -1.7705e+00  4.1956e+00  1.0009e+01  1.0000e+00
-5.7762e-01  1.1895e+00 -3.2385e-02  5.0680e+00 -1.5511e+01  1.0293e+01  1.9293e+01  1.0000e+00
-4.2255e-02  8.8986e-01  3.2844e-01 -3.5857e+00  7.9192e+00 -2.0242e+00  8.9257e+00  1.0000e+00
-1.9521e-01  9.2079e-01  4.7456e-01 -8.5230e-01 -1.0594e+01  1.0545e+01  1.4972e+01  1.0000e+00
 6.3814e-01  7.9435e-01  1.4555e-01  5.1567e+00 -4.2963e+00  4.8181e+00  8.2622e+00  1.0000e+00
-4.5286e-01  1.2302e+00  2.5716e-01  1.1674e+01 -1.0768e+01  3.7905e+00  1.6328e+01  1.0000e+00
-4.7946e-01  1.6428e+00  2.2465e-01 -5.5752e+00  2.6098e+00  9.5695e-01  6.2297e+00  1.0000e+00
 5.6384e+00 -9.1701e+00  1.6031e+01  8.4279e+00 -1.2992e+01  2.4936e+01  2.9354e+01  1.0000e+00
 1.8882e-01  1.7321e-01  4.0253e-01 -8.0793e-01  6.8309e+00  2.1476e+00  7.2060e+00  1.0000e+00
 4.3902e+01 -3.0044e+01 -6.1252e+01  6.9252e+01 -4.7253e+01 -9.5417e+01  1.2702e+02  1.0000e+00
 1.6039e-01  3.8626e+00 -4.6287e-01  2.1210e+00  1.9514e+01 -7.6847e+00  2.1080e+01  1.0000e+00
-1.4321e+00  3.1576e+00  1.7462e+00  2.0322e+00 -1.1917e+00 -4.8584e+00  5.3994e+00  1.0000e+00
 1.1289e+01 -3.2169e+00 -2.4425e+00  1.6680e+01 -3.7626e+00 -2.8143e+00  1.7329e+01  1.0000e+00
-4.4232e-01  1.1403e+00  2.5514e-01 -5.5056e+00 -7.0173e+00 -1.2088e+01  1.5022e+01  1.0000e+00
 3.2105e-01 -5.4979e-01  1.0971e+00  2.0836e+00  8.4102e+00 -6.0410e+00  1.0563e+01  1.0000e+00
-5.3125e-01  1.1764e+00  3.8017e-01 -6.9159e+00 -9.5960e+00 -1.9941e+00  1.1995e+01  1.0000e+00
-1.3154e-01  8.9176e-01  1.9961e-01  8.7841e+00 -2.3536e+01  7.2035e+00  2.6134e+01  1.0000e+00
-1.0545e-01  6.7862e-01  6.2760e-01  5.3121e+00 -3.2370e+00  7.0491e+00  9.4014e+00  1.0000e+00
-3.0635e-01  7.5467e-01  1.3049e-01  2.1368e+00  1.6688e+01  1.3719e+01  2.1709e+01  1.0000e+00
-9.5273e-01  9.6988e-01 -4.6882e-01 -4.1735e+00  3.1717e+00 -7.8950e+00  9.4767e+00  1.0000e+00
-1.1915e+00  2.7335e-01 -3.7118e-01 -4.0743e+00  2.6099e+00  3.4581e+00  5.9473e+00  1.0000e+00
 1.0839e+00 -8.6857e+00  1.5378e+01  1.7171e+00 -1.3102e+01  2.3127e+01  2.6636e+01  1.0000e+00
-2.8007e+01  2.1654e+01 -1.7847e+01 -5.8199e+01  4.4384e+01 -3.7320e+01  8.2157e+01  1.0000e+00
-2.2716e+00  1.2393e+00  1.6543e-01 -3.5736e+00  9.4376e-01  3.7834e+00  5.2891e+00  1.0000e+00
-1.0086e+00  2.6214e+00  5.6632e-01  3.1640e+00 -2.0310e+00  8.7335e-01  3.8598e+00  1.0000e+00
 2.2843e-01  1.1832e+00 -2.0183e-01  3.6163e+00  1.9331e+00 -9.0691e+00  9.9530e+00  1.0000e+00
 3.8027e-01  8.3651e-01  1.0636e+00  8.7735e-01  6.3490e+00 -5.7024e+00  8.5789e+00  1.0000e+00
 6.0902e-01  8.8491e-01  3.4405e-01 -6.9891e-02  9.3790e-01  1.3521e+00  1.6470e+00  1.0000e+00
-1.9263e-01  4.5212e-01 -4.4629e-01  8.1060e+00  2.4156e+00  1.9439e-01  8.4605e+00  1.0000e+00
-1.4752e+01  1.2435e+01 -4.1212e+00 -2.2330e+01  1.8886e+01 -6.1942e+00  2.9894e+01  1.0000e+00
 8.9065e+00 -6.9794e+00 -2.7258e+01  1.4111e+01 -1.1160e+01 -4.3219e+01  4.6814e+01  1.0000e+00
 1.0224e-01  1.5321e+00  2.1297e-01  2.5338e+00  2.3550e+01 -3.7133e+00  2.3975e+01  1.0000e+00
-7.2219e-01 -1.7532e+01 -1.2558e+01 -8.1812e-01 -2.7130e+01 -1.9243e+01  3.3272e+01  1.0000e+00
-6.5760e+00  6.1997e+00 -2.5756e+01 -1.0559e+01  9.9901e+00 -4.0570e+01  4.3095e+01  1.0000e+00
 3.0941e+00 -1.5376e+01  1.5114e-01  4.5566e+00 -2.3210e+01  3.3681e-01  2.3655e+01  1.0000e+00
-2.4875e+00  7.8124e-01  6.6274e-01 -3.0667e-01  3.8634e+00  5.4708e-01  3.9140e+00  1.0000e+00
-2.9899e+00 -3.8706e+00 -1.6620e+01 -4.5947e+00 -6.1311e+00 -2.4523e+01  2.5692e+01  1.0000e+00
 1.7425e+00  4.1497e+00  3.7977e+00  2.6363e+00  5.1092e+00  4.7968e+00  7.4875e+00  1.0000e+00
 1.2031e-01  1.0350e+00  3.6199e-01  3.0777e+00 -3.8528e-02  3.4897e+00  4.6531e+00  1.0000e+00
 9.9092e+00  6.0427e+00  1.3728e+01  1.8200e+01  9.9349e+00  2.4702e+01  3.2251e+01  1.0000e+00
-1.5027e-02  9.3494e-01  4.8963e-01 -1.1345e+01  5.1599e+00 -2.3592e+01  2.6682e+01  1.0000e+00
 1.0275e+01 -1.2812e+01 -4.9813e+00  1.5398e+01 -1.9055e+01 -7.9665e+00  2.5762e+01  1.0000e+00
-3.3112e-01  1.2315e+00  1.1521e-01  1.3271e+01 -1.8805e+01  1.1948e+01  2.5932e+01  1.0000e+00
-4.4791e-01  6.7437e-01  1.3180e-01 -1.1345e+01  1.2711e-01 -5.0657e+00  1.2426e+01  1.0000e+00
-1.7901e+01 -8.0556e+00 -5.6131e+00 -2.7483e+01 -1.2287e+01 -8.4667e+00  3.1273e+01  1.0000e+00
 9.0245e+00  4.9190e+00  8.9522e+00  1.2602e+01  7.5931e+00  1.3521e+01  1.9982e+01  1.0000e+00
-3.0073e-02  1.1661e+00  1.4551e-01  2.5619e+01  8.1891e+00  5.0787e+00  2.7371e+01  1.0000e+00
 7.1988e+00 -2.3483e+01 -1.8555e+00  1.1476e+01 -3.6852e+01 -2.9273e+00  3.8708e+01  1.0000e+00
 1.7447e+01 -4.8195e+00  1.3649e+01  8.4720e+01 -2.7168e+01  6.4859e+01  1.1010e+02  1.0000e+00
-3.4421e+01 -3.2962e+00  5.0818e+01 -5.6974e+01 -5.5829e+00  8.4052e+01  1.0170e+02  1.0000e+00
 1.3747e+01 -2.3767e+01 -1.9302e+01  2.2033e+01 -3.7739e+01 -3.0744e+01  5.3431e+01  1.0000e+00
-5.6936e-01  1.7349e+00  4.0320e-01  3.7425e+00  3.9379e+00 -4.9751e+00  7.3665e+00  1.0000e+00
-1.6942e+00  4.8868e+00  1.2185e+00 -1.3583e+00  9.3691e+00  1.9139e+00  9.6586e+00  1.0000e+00
 2.8276e-02  1.4272e+00 -4.4495e-01  2.7754e+00  9.8209e+00  5.5598e+00  1.1622e+01  1.0000e+00
-7.5944e+00 -1.4982e+00 -5.6775e+00 -1.0860e+01  2.3971e-01 -7.9487e+00  1.3460e+01  1.0000e+00
-1.3633e+00  4.6486e-01  9.8752e-01 -4.3396e+00 -6.8121e-01  4.8599e+00  6.5509e+00  1.0000e+00
-8.9567e-02  1.0373e+00 -1.9271e-01 -8.9605e-01 -1.2409e+01 -9.1505e-02  1.2442e+01  1.0000e+00
-1.5442e-01 -1.7572e+01 -1.2478e+01 -4.5316e-01 -2.6731e+01 -1.9199e+01  3.2914e+01  1.0000e+00
-6.2971e-01 -4.3494e+00  1.8569e-01 -2.4210e+00 -3.8306e+01 -2.6479e+00  3.8474e+01  1.0000e+00
-6.2229e-01  1.3221e+00 -8.2292e-02  2.3923e+00 -3.9592e+00  6.6689e-01  4.6736e+00  1.0000e+00
-5.6215e-02  9.6286e-01  4.5914e-01  1.9036e+00 -1.7537e+01 -1.8435e+01  2.5515e+01  1.0000e+00
 4.9780e-01  7.6090e-01  1.7605e-01 -1.0180e+01  1.5762e+00  5.3622e+00  1.1614e+01  1.0000e+00
-1.7886e-01  1.2803e+00  3.4485e-01 -9.2112e+00  7.9632e+00 -1.7432e+00  1.2300e+01  1.0000e+00
-3.3833e+01 -4.0501e+01  1.8917e+01 -5.1364e+01 -6.2596e+01  2.9545e+01  8.6193e+01  1.0000e+00
-1.0743e-02  1.2295e+00 -2.4095e-01  7.4122e+00  1.4048e+00  3.1071e+00  8.1589e+00  1.0000e+00
-2.9185e+00  5.1932e+00 -2.1494e+00 -3.8203e+00  7.5816e+00 -2.1868e+00  8.7668e+00  1.0000e+00
 2.0273e-01  1.0059e+00  3.7641e-01 -8.1569e+00 -3.3284e+00 -4.2539e+00  9.7831e+00  1.0000e+00
-2.1917e-01  1.3137e+00  1.8521e-01  1.8427e+01 -9.7917e-01  5.7389e+00  1.9325e+01  1.0000e+00
-2.6096e-01  8.8561e-01  6.3433e-01 -2.1903e+01 -1.2157e+00  8.5842e+00  2.3556e+01  1.0000e+00
 1.8978e-01  1.5278e+00  3.8578e-01  1.3754e+01  6.5566e+00 -7.0929e-01  1.5254e+01  1.0000e+00
-5.4481e-02  6.5301e-01  9.2580e-02  1.6281e+01  2.5759e+00 -9.6725e+00  1.9112e+01  1.0000e+00
-1.1541e-01 -1.5418e+01  7.3648e+00 -1.8752e-01 -2.3404e+01  1.0960e+01  2.5844e+01  1.0000e+00
-2.0078e+01 -1.2009e+01 -7.2217e+00 -3.2152e+01 -1.9036e+01 -1.1896e+01  3.9213e+01  1.0000e+00
 1.7052e-01  3.1441e-01  1.4901e-01 -6.5710e+00 -1.0449e+01 -1.8123e-01  1.2344e+01  1.0000e+00
-7.5732e-01  7.7176e-01  9.6965e-01  1.8349e+00 -4.8192e-01 -2.6216e+00  3.2360e+00  1.0000e+00
 2.5775e+01 -9.2327e+00 -1.5222e+00  4.0700e+01 -1.4506e+01 -2.2787e+00  4.3268e+01  1.0000e+00
-7.5950e-01  1.2823e+00 -7.8447e-01 -1.0166e+01  5.2384e+00  5.8815e+00  1.2860e+01  1.0000e+00
 2.5356e+02 -3.1383e+02  2.0561e+02  3.8386e+02 -4.7418e+02  3.0947e+02  6.8408e+02  1.0000e+00
-2.2195e-01  6.4369e-01  6.3375e-01 -2.2018e+00  1.2036e+01  7.6149e-01  1.2259e+01  1.0000e+00
-3.4749e-01  1.0919e+00  5.8147e-01  5.0382e+00 -4.2033e+00  1.9772e+01  2.0833e+01  1.0000e+00
 9.7296e-02  8.0649e-01 -2.9023e-01 -7.1613e+00  4.8956e+00  3.1645e+00  9.2339e+00  1.0000e+00
 1.4178e+01  1.1450e+01  1.0893e+00  2.1367e+01  1.7103e+01  1.8736e+00  2.7433e+01  1.0000e+00
-1.1448e+01 -2.9621e+00  6.1629e+00 -1.8741e+01 -4.6328e+00  1.0847e+01  2.2144e+01  1.0000e+00
 3.4978e+00 -1.9282e+01  9.7502e-01  5.2586e+00 -2.9420e+01  1.2255e+00  2.9911e+01  1.0000e+00
-5.7088e-01  3.5012e-01  1.1215e-02 -3.2997e+00  3.6783e+00 -5.3064e+00  7.2509e+00  1.0000e+00
 9.2563e-01  8.9145e+00 -1.3799e+01  1.2574e+00  1.3221e+01 -2.0708e+01  2.4601e+01  1.0000e+00
-3.8145e+01  1.2840e+01  1.3943e+01 -6.8514e+01  2.3107e+01  2.4979e+01  7.6499e+01  1.0000e+00
-1.6584e-01  9.8783e-01  3.5082e-01 -3.6078e+00  1.1869e+01 -5.7821e+00  1.3686e+01  1.0000e+00
-5.5707e-01  3.4337e-01  2.7308e-01  6.2241e+00 -1.3764e+00 -4.7753e+00  7.9648e+00  1.0000e+00
-2.3873e-01  1.8264e-01  1.8826e-01  1.4052e+00  6.0605e+00  1.9337e+00  6.5149e+00  1.0000e+00
 1.3135e+00  2.7795e-01 -1.4432e-01 -8.2272e+00  2.8561e+00  4.5729e+00  9.8365e+00  1.0000e+00
 1.9247e+00 -1.9853e+01  1.5773e+01  2.9624e+00 -3.1163e+01  2.4789e+01  3.9930e+01  1.0000e+00
 1.1229e+01 -2.0962e+01  8.3794e+00  2.3465e+01 -4.4058e+01  1.7181e+01  5.2791e+01  1.0000e+00
-1.0455e+00  1.1428e+01  1.8199e+00 -3.2442e+00  1.5427e+01  2.9966e+00  1.6047e+01  1.0000e+00
 1.8117e-01  1.3157e+00  9.4806e-01 -8.0239e-01 -5.7281e+00 -5.1327e+00  7.7330e+00  1.0000e+00
-6.8584e-03  6.5449e-01  3.4812e-01 -1.9658e+01  2.4911e+01 -5.3290e+00  3.2178e+01  1.0000e+00
-2.7066e-01  8.5284e-01  3.7154e-01  1.0190e+00  8.8361e+00  4.5808e-01  8.9065e+00  1.0000e+00
 1.0168e+01 -3.2640e+00  5.4665e+00  1.4551e+01 -3.7490e+00  7.3251e+00  1.6716e+01  1.0000e+00
-3.6032e-01  1.2867e+00  1.2626e+00  4.9954e+00  3.5096e+00  9.5929e+00  1.1371e+01  1.0000e+00
-1.0596e-01  6.2534e-01 -5.0830e-01  1.1031e+00  8.4083e-01  3.7068e-01  1.4357e+00  1.0000e+00
-5.9290e-01  9.7943e-01  3.0341e-01  1.8409e+00  5.7403e-02  6.6176e+00  6.8691e+00  1.0000e+00
-4.2221e+00 -3.6125e+00 -2.1377e+01 -6.3791e+00 -5.4177e+00 -3.3054e+01  3.4097e+01  1.0000e+00
-1.4651e+00 -5.2551e-01  4.2429e+00 -5.7826e-02  1.2546e+00  1.8674e+00  2.2505e+00  1.0000e+00
 2.6142e+01 -5.7477e-01 -5.6453e+00  4.1238e+01 -7.3587e-01 -8.5772e+00  4.2127e+01  1.0000e+00
-4.7534e-01 -2.5330e-01  2.4291e-01  2.9832e+00 -8.8080e-01  3.3774e+00  4.5915e+00  1.0000e+00
 9.1139e+00 -1.5057e+00  2.3891e+01  1.4405e+01 -2.8208e+00  3.7758e+01  4.0511e+01  1.0000e+00
-9.6907e-01  1.3414e+00 -1.3771e+00 -9.5493e-01  2.6517e+00  1.4671e+00  3.1774e+00  1.0000e+00
-4.8128e-01  3.4415e-01  9.5325e-01 -1.0318e+01  1.5766e+00 -1.2144e+01  1.6014e+01  1.0000e+00
-1.0278e+01  1.7499e+00  1.6749e+01 -1.5479e+01  2.6717e+00  2.5666e+01  3.0091e+01  1.0000e+00
-1.8115e+00  8.0254e+00 -3.3976e-01 -3.8220e+00  7.2578e+00 -8.3970e-01  8.2455e+00  1.0000e+00
-5.5144e-01  9.5452e-01  2.4860e-01  1.9450e+00 -1.4242e+01 -2.6879e+00  1.4624e+01  1.0000e+00
 8.7750e-01  4.1035e+01  2.6666e+01  2.8058e-01  6.3460e+01  4.0463e+01  7.5263e+01  1.0000e+00
-5.7816e+00  5.1284e+00 -1.8711e+00 -5.9022e+00  5.3094e+00 -6.5694e-01  7.9660e+00  1.0000e+00
-5.5775e-01  1.0008e+00  2.9360e-01 -1.2889e+01 -1.8107e+01  1.6994e+01  2.7979e+01  1.0000e+00
-6.6631e-01  1.0007e+00  3.7360e-01 -1.2384e+01 -4.9561e-01  9.8816e-01  1.2434e+01  1.0000e+00
-5.4406e-02  8.0208e-01  1.9001e-01 -5.1119e+00  1.4268e+01 -3.1490e+00  1.5479e+01  1.0000e+00
-4.3418e-01  1.3912e+00  3.7583e-01  4.1739e-02 -5.3238e+00 -6.3213e+00  8.2646e+00  1.0000e+00
-7.5372e-03  9.4530e-01  2.8349e-01 -1.0776e+01 -9.6832e+00 -1.1487e+01  1.8488e+01  1.0000e+00
-3.0824e+00  2.7824e-01  4.5065e+00 -4.1529e-01  1.4854e+00  1.9262e+00  2.4676e+00  1.0000e+00
 1.4309e-01  6.8666e-01  3.9714e-01 -1.2464e+01  8.9135e+00  1.3130e+00  1.5379e+01  1.0000e+00
-1.4380e+01  1.2043e+01  4.1317e+00 -2.6981e+01  2.2530e+01  7.1874e+00  3.5878e+01  1.0000e+00
-4.4980e-01  1.7058e+00  1.9352e-01 -1.2108e+01 -6.0558e+00  3.3802e+00  1.3953e+01  1.0000e+00
 1.6354e-02  9.2802e-01  2.6473e-01 -2.0435e+00  1.2451e+01 -1.2617e+01  1.7844e+01  1.0000e+00
-2.5044e-01  1.1507e+00  6.6195e-02  1.9226e+01  3.0919e+00  7.6869e-01  1.9488e+01  1.0000e+00
 6.6329e-02  1.4674e+00  2.6778e-01 -3.7617e+00  8.4290e+00  2.8688e+00  9.6658e+00  1.0000e+00
 8.5905e+00 -1.4452e+01 -7.2417e+00  1.3150e+01 -2.1520e+01 -1.1032e+01  2.7527e+01  1.0000e+00
 1.7208e-01 -5.4483e-02  4.3224e-01 -5.9225e+00  1.0731e+01  2.4338e+00  1.2496e+01  1.0000e+00
 1.1259e+01  3.1251e+00 -2.5141e+01  1.7783e+01  5.2383e+00 -3.8044e+01  4.2321e+01  1.0000e+00
-1.8027e+00  9.7637e+00 -6.1066e+00 -2.5025e+00  1.3314e+01 -7.3638e+00  1.5419e+01  1.0000e+00
-2.2494e+01 -7.8872e+00  5.3456e+00 -3.5486e+01 -1.2113e+01  8.3891e+00  3.8423e+01  1.0000e+00
 2.8215e+01 -2.7168e+00 -1.1557e+01  4.5045e+01 -4.2893e+00 -1.8273e+01  4.8799e+01  1.0000e+00
 1.0945e+01 -6.0494e+01  3.7525e+01  1.7616e+01 -9.7711e+01  6.0738e+01  1.1639e+02  1.0000e+00
-7.0862e-01  1.1342e+00  6.6173e-01 -2.1472e+00  1.0419e+00  8.1061e-01  2.5206e+00  1.0000e+00
 2.4061e-01  8.8005e-01  2.8223e-01 -5.0895e+00  5.5453e+00 -1.1388e+01  1.3651e+01  1.0000e+00
-4.2229e-01  9.0102e-01  2.7023e-01  1.7971e+00 -2.7765e+00 -5.3125e+00  6.2579e+00  1.0000e+00
 5.0467e-01  1.4103e+00  2.1092e-01 -1.3011e+01 -4.7368e+00  1.6258e+00  1.3942e+01  1.0000e+00
-1.3685e+01 -6.7357e+00 -7.0017e+00 -2.0853e+01 -9.5350e+00 -1.0648e+01  2.5281e+01  1.0000e+00
-4.6328e-02  6.8036e-01  6.8128e-01  1.7415e+01  5.9340e-01  7.1999e+00  1.8854e+01  1.0000e+00
-8.1941e-01  4.9702e-01  6.2801e-01 -7.4851e+00 -7.6282e+00 -7.6165e+00  1.3124e+01  1.0000e+00
-4.4608e-01  1.6933e+00  2.9604e-02 -5.3440e+00  2.8512e+00 -1.0942e+01  1.2507e+01  1.0000e+00
-2.6646e-02  7.5457e-01  3.5650e-01 -1.0353e+00  6.2177e+00 -6.1028e+00  8.7736e+00  1.0000e+00
 3.0590e+00 -2.8409e+00 -3.5921e+00  2.1596e+00 -4.7820e-01 -2.4024e+00  3.2656e+00  1.0000e+00
-6.3287e-01  1.0073e+00  1.9755e-01  1.9393e+01  2.4598e+00  4.8827e-01  1.9554e+01  1.0000e+00
-3.8984e-01  8.4226e-01  1.7398e-01  8.6718e+00  9.5248e+00  1.0242e+01  1.6457e+01  1.0000e+00
 9.3059e+00 -1.1256e+01 -1.3721e+01  1.4157e+01 -1.7645e+01 -2.0666e+01  3.0641e+01  1.0000e+00
 5.0958e+00  2.8448e+00 -2.8901e+00  2.2777e+01  8.9687e+00 -1.0611e+01  2.6679e+01  1.0000e+00
-8.5728e-02  8.4853e-01  3.3783e-01  1.9253e+01 -2.1168e+00 -3.6400e+00  1.9708e+01  1.0000e+00
-1.9759e-01  1.0775e+00  1.5998e-01  1.6482e+01 -4.9333e+00  1.6607e+01  2.3912e+01  1.0000e+00
 1.1917e-01  2.1673e+00  7.1710e-01 -4.9049e+00 -3.8183e+00  8.0379e+00  1.0161e+01  1.0000e+00
 1.1280e+01 -5.3671e+00 -7.4173e+00  3.0820e+01 -1.5901e+01 -2.0253e+01  4.0161e+01  1.0000e+00
-6.6031e-01  7.8430e-01  5.4685e-01 -4.8392e+00  6.2279e+00 -2.6990e+00  8.3360e+00  1.0000e+00
 4.9518e-02  9.5069e-01  3.1023e-01  3.0301e+01 -2.3096e+00  9.5463e+00  3.1853e+01  1.0000e+00
-3.1238e+01  7.5316e+00  1.5375e+01 -6.0157e+01  1.4439e+01  2.9696e+01  6.8624e+01  1.0000e+00
-3.0461e-01  1.2141e+00  2.4910e-01 -1.7202e+01 -1.5302e+01  7.6928e+00  2.4274e+01  1.0000e+00
 1.2356e+01  8.8378e+00 -1.0043e+00  1.7731e+01  1.3341e+01 -9.6431e-01  2.2210e+01  1.0000e+00
-1.0459e-01  1.0636e+00  2.7789e-01 -9.4858e+00  1.1755e+01 -1.7816e+01  2.3357e+01  1.0000e+00
-2.7307e-01  1.2357e+00  4.5357e-01 -1.2670e+01 -6.6660e+00  1.2908e+01  1.9277e+01  1.0000e+00
 9.3707e-02  6.7357e-01  4.7449e-01  1.3205e+01  2.9025e-01  1.3670e+01  1.9009e+01  1.0000e+00
 2.4055e+00  1.1283e+01 -4.9229e-01  3.8636e+00  1.4740e+01 -1.3769e+00  1.5300e+01  1.0000e+00
-2.5200e+02  3.1278e+02 -2.0921e+02 -3.7964e+02  4.7214e+02 -3.1702e+02  6.8377e+02  1.0000e+00
 8.0862e-01  2.5717e-01  4.1327e-02  1.5596e+00  6.9232e+00  5.1080e+00  8.7439e+00  1.0000e+00
 3.6216e-03  9.3381e-01  2.7362e-01 -9.2846e+00 -7.4188e+00 -2.5426e+00  1.2153e+01  1.0000e+00
-8.7553e-01  3.3552e+00 -6.6791e-02 -2.2840e+00  6.5842e+00 -3.8232e-01  6.9796e+00  1.0000e+00
-5.0132e-02  1.0741e+00  5.4934e-01 -1.4866e+01  4.5643e+00 -1.5558e+01  2.1998e+01  1.0000e+00
 2.5509e-01  1.5859e+00  2.8129e-01  1.3409e+01  3.9925e+00 -8.8120e+00  1.6535e+01  1.0000e+00
 8.8974e+00 -1.3016e+01 -1.2418e+01  1.1850e+01 -2.3349e+01 -1.7031e+01  3.1236e+01  1.0000e+00
 2.2985e+00 -1.9408e-01  5.3562e-01 -4.6076e+00  2.6614e+00  1.6232e+00  5.5630e+00  1.0000e+00
-1.3273e+00  5.5863e-01  2.2091e+00  5.5912e+00  3.3731e+00 -3.6942e+00  7.5024e+00  1.0000e+00
-5.4815e-02  1.1520e+00  1.7394e-01 -1.0977e+00  9.5446e-01  2.0086e+01  2.0139e+01  1.0000e+00
-1.9484e+01  1.2082e+00  1.6694e+01 -3.0596e+01  2.2663e+00  2.6461e+01  4.0515e+01  1.0000e+00
-2.3928e-01  1.1005e+00  7.2402e-01 -1.0287e+01 -1.5683e+00  2.5737e+00  1.0719e+01  1.0000e+00
-2.0355e-02  9.6237e-01  1.2392e-01 -8.6972e+00  7.4716e+00 -7.4122e+00  1.3653e+01  1.0000e+00
-1.3183e+01  1.2013e+01 -2.1257e+01 -2.0757e+01  1.9168e+01 -3.3522e+01  4.3840e+01  1.0000e+00
 2.2292e+01 -1.5209e+01  6.1631e+00  3.5142e+01 -2.3828e+01  9.7969e+00  4.3574e+01  1.0000e+00
 1.1811e+01 -7.2531e+00  1.3261e+01  1.7754e+01 -1.0914e+01  2.0392e+01  2.9157e+01  1.0000e+00
-5.9058e-01  1.0691e+00  1.6348e-01  1.3574e+01 -2.4024e+00 -2.0192e+01  2.4449e+01  1.0000e+00
-1.7998e-01  9.5167e-01  2.8384e-01 -1.7323e+01 -1.7354e+01  9.0959e+00  2.6154e+01  1.0000e+00
 2.4764e-01  1.2309e+00 -1.5619e-01  4.8697e+00 -3.9974e+00 -6.9467e+00  9.3782e+00  1.0000e+00
-8.8207e+00  1.2836e+00  2.8510e+00 -1.0661e+01  9.6830e-01  2.9647e+00  1.1108e+01  1.0000e+00
-1.4271e-01  8.5847e-01  3.1668e-01  1.5338e+00 -3.1977e+00 -7.8014e+00  8.5697e+00  1.0000e+00
-1.1008e-01  8.9274e-01  1.3912e-01  6.8088e+00 -2.9876e+00 -4.8892e+00  8.8988e+00  1.0000e+00
-3.8599e-01  1.1515e+00 -8.0295e-02  9.5756e+00 -9.9412e+00  2.2890e+00  1.3991e+01  1.0000e+00
-4.4038e-01  1.1905e+00 -2.6774e-02  7.6497e-01  1.6615e+00 -3.1079e-01  1.8554e+00  1.0000e+00
-8.4714e+00  8.4127e+00 -7.0820e+00 -1.1898e+01  1.3150e+01 -9.9001e+00  2.0310e+01  1.0000e+00
-9.8675e-01  5.3162e-01  5.1208e-02  7.1966e-01 -1.1656e+01  8.4831e-01  1.1709e+01  1.0000e+00
-6.7168e+00  4.2610e+00 -1.6390e+01 -1.0277e+01  6.4551e+00 -2.4706e+01  2.7526e+01  1.0000e+00
-2.5103e+00  1.0109e+01  4.0823e+00 -5.3924e+00  1.2900e+01  4.0833e+00  1.4566e+01  1.0000e+00
-2.1156e+01 -4.6241e+00 -5.8349e+00 -3.3419e+01 -6.8990e+00 -8.4443e+00  3.5153e+01  1.0000e+00
 3.1654e-01  1.7168e+00 -4.2064e-01 -3.4987e-01  8.0890e+00 -5.4122e+00  9.7389e+00  1.0000e+00
-9.8029e-02 -1.8782e-01 -3.1914e+00 -2.7485e-01  1.1042e+00  1.8853e-01  1.1534e+00  1.0000e+00
-7.2750e-01  9.3959e-01  2.1456e-01 -8.1019e+00  1.7266e+00 -1.0728e+01  1.3554e+01  1.0000e+00
-2.9632e-01  1.1080e+00 -1.5826e-01  1.7247e+01  3.6836e+00 -2.2527e+01  2.8610e+01  1.0000e+00
-1.9394e-01  1.9074e+00  1.0949e+00 -1.4345e-01  9.0113e-01 -8.4604e+00  8.5095e+00  1.0000e+00
-2.7207e-01  1.3096e+00  6.9819e-02 -1.8050e+00 -8.8712e+00  4.8691e+00  1.0279e+01  1.0000e+00
-2.2529e-01  6.7568e-01  3.0810e-02  6.1566e+00  7.0065e+00  1.6326e+01  1.8803e+01  1.0000e+00
 2.9037e+00 -1.0484e+00 -3.5819e-01 -1.5560e+00  2.8855e+00 -4.4041e+00  5.4902e+00  1.0000e+00
 1.4651e+00  5.0172e+00 -1.2905e+00  4.3890e+00  1.1799e+01 -5.1558e+00  1.3604e+01  1.0000e+00
-2.1230e-01  8.1985e-01  3.9471e-01 -8.0062e+00 -2.2531e+01  1.0805e+01  2.6239e+01  1.0000e+00
-2.7241e+01  2.9953e+01 -1.8230e+01 -4.1935e+01  4.4197e+01 -2.6633e+01  6.6492e+01  1.0000e+00
-1.5474e-01  1.1689e+00  3.5222e-01 -2.4789e+00  3.4010e+00  2.7426e+01  2.7747e+01  1.0000e+00
 8.7877e-01  2.4211e+00 -4.0177e-01 -1.0615e+01 -8.8128e-01  4.2956e+00  1.1485e+01  1.0000e+00
-7.4915e+00 -3.3443e+00 -7.1232e+00 -1.9812e+01 -1.0776e+01 -2.0194e+01  3.0272e+01  1.0000e+00
-1.3758e-01  1.2493e+00  4.7266e-01  2.3038e+00 -1.1880e+01 -6.5531e+00  1.3762e+01  1.0000e+00
-4.7170e-01 -1.4776e+01 -8.1113e+00 -6.0270e-01 -2.1936e+01 -1.2504e+01  2.5257e+01  1.0000e+00
 1.4699e-01  8.3723e-01  1.6453e-01  2.9569e+00  1.7779e+00  1.4542e+01  1.4946e+01  1.0000e+00
 8.8698e+00 -1.3022e+01 -1.2447e+01  1.5598e+01 -1.6249e+01 -2.0907e+01  3.0732e+01  1.0000e+00
-2.6484e-01  1.3019e+00  4.5519e-01 -3.4833e+00  7.3441e+00  1.5642e+01  1.7628e+01  1.0000e+00
-1.8917e+01  5.2629e+00 -9.7784e+00 -9.1078e+01  2.1582e+01 -4.8419e+01  1.0538e+02  1.0000e+00
 1.0862e+00  9.3101e+00  3.7701e+00  2.4942e+00  1.1779e+01  3.9854e+00  1.2683e+01  1.0000e+00
 4.4353e+00 -9.0534e+00  1.4277e+01  7.0144e+00 -1.3543e+01  2.1721e+01  2.6541e+01  1.0000e+00
-1.3782e-01  1.3252e+00  2.0510e-01 -1.3984e+01 -5.4641e+00  6.6822e+00  1.6433e+01  1.0000e+00
-1.4746e+01  8.5761e+00 -3.3290e+00 -4.2463e+01  2.3405e+01 -9.9416e+00  4.9495e+01  1.0000e+00
-3.1429e-01  1.2085e+00  1.0282e-01 -8.3127e+00 -6.8513e+00  9.5679e+00  1.4408e+01  1.0000e+00
-1.7465e-01  3.1605e-01 -4.7736e-01 -1.1486e+00  1.7728e+00 -1.6150e-02  2.1124e+00  1.0000e+00
-1.0716e+01 -3.6115e+00  6.4374e+00 -1.5199e+01 -5.2307e+00  8.4661e+00  1.8167e+01  1.0000e+00
-4.2701e-01  1.0028e+00  6.1276e-01  1.4466e+00  6.7682e+00  7.1399e+00  9.9438e+00  1.0000e+00
-1.1047e+00  3.4086e+00  5.9585e-01 -1.0873e+01  2.3516e+01  3.2341e+00  2.6109e+01  1.0000e+00
 1.6901e+01 -2.1692e+01 -1.7228e+00  2.6879e+01 -3.4118e+01 -2.7947e+00  4.3524e+01  1.0000e+00
-8.2910e-01  2.4704e+00  4.1238e-01 -4.2112e+00  9.4036e+00  2.9551e+00  1.0719e+01  1.0000e+00
 9.2132e-01 -1.4927e+00  1.0643e+00  5.4304e-01 -6.8214e+00  3.5594e+00  7.7134e+00  1.0000e+00
 2.2102e-01  9.3110e-01  4.6198e-01  1.1664e+01  1.2430e+01 -8.5340e+00  1.9063e+01  1.0000e+00
-5.2262e-01  2.0128e+00  3.2381e-01 -4.5202e+00 -8.4289e+00 -2.6641e-01  9.5682e+00  1.0000e+00
 7.8149e-02  8.4245e-01  6.4033e-01 -1.9781e+01  1.9357e+01 -7.4999e+00  2.8675e+01  1.0000e+00
-7.1448e-01  7.7136e-01  7.4552e-01 -4.8718e+00  5.9064e+00 -3.5544e+00  8.4412e+00  1.0000e+00
-1.5644e+00  6.6015e-01 -1.5884e-01 -7.2778e+00  3.0022e+00 -5.6111e+00  9.6677e+00  1.0000e+00
-5.4396e+00 -1.8420e+00 -1.1373e+00 -6.1381e+00 -1.0506e+00 -6.6229e-01  6.2625e+00  1.0000e+00
-2.3010e-01  1.1465e+00  2.8509e-01 -1.1072e+01  1.6870e+00  2.1602e+01  2.4333e+01  1.0000e+00
-5.0945e-01  1.2313e+00  1.3485e-01  4.7973e+00 -9.2723e+00 -3.1452e+00  1.0903e+01  1.0000e+00
-2.7047e-02  8.3170e-01  2.3783e-01  1.1133e+01 -7.0532e+00 -1.6041e+00  1.3277e+01  1.0000e+00
 1.3525e-01  1.2725e+00  6.1979e-01 -1.3972e-01  7.7975e+00  1.2404e+01  1.4652e+01  1.0000e+00
 1.6355e-02  1.1672e+00  2.2873e-01  1.1006e+01  6.5897e+00  2.3580e+00  1.3043e+01  1.0000e+00
-3.2762e-01  1.5376e+00  6.7393e-01  6.8957e+00  1.4753e+01  1.4744e+01  2.1968e+01  1.0000e+00
 1.8767e+00 -3.9653e+00 -1.1167e+00  2.1966e+01 -5.1009e+01 -1.3410e+01  5.7134e+01  1.0000e+00
 2.5731e-01  7.0060e-01  5.8790e-01  1.8384e+01 -3.5203e+00  8.0765e+00  2.0386e+01  1.0000e+00
-3.2231e+01  2.6107e+01  1.2107e+01 -8.1275e+01  6.5132e+01  3.0723e+01  1.0859e+02  1.0000e+00
 5.6035e-01  5.8284e-01  4.2615e-01 -7.3029e+00  7.4797e+00 -1.2442e+01  1.6251e+01  1.0000e+00
 1.3159e-01  1.5593e+00  1.2342e+00 -1.5734e+00  6.7192e-01 -8.7896e-01  1.9235e+00  1.0000e+00
-1.1050e+02  3.7383e+00  9.9208e+01 -2.4181e+02  7.3671e+00  2.1773e+02  3.2547e+02  1.0000e+00
-3.7109e-01  1.3999e+00  5.6616e-02  1.2506e+01  7.4356e+00 -8.5116e+00  1.6856e+01  1.0000e+00
-6.9639e-01  1.0512e+00 -3.4691e-01 -1.2530e+01 -2.8981e+00 -8.8470e+00  1.5610e+01  1.0000e+00
 9.7656e-02  9.4283e-01  2.6507e-01 -1.7523e+01 -1.0591e+00  3.7955e+00  1.7961e+01  1.0000e+00
-3.2526e+00  4.8411e+00  1.2475e+01 -4.2975e+00  6.0295e+00  1.6084e+01  1.7706e+01  1.0000e+00
 5.5785e+00  2.2844e+00  1.4087e+00  2.9994e+00  2.7578e+00  1.6747e+00  4.4053e+00  1.0000e+00
 9.3535e+00 -5.4296e+00 -8.0168e+00  1.3298e+01 -8.1208e+00 -1.1191e+01  1.9184e+01  1.0000e+00
-6.7084e-02  9.3372e-01  1.8317e-01 -1.1755e+01 -6.9311e-01  1.3764e+01  1.8113e+01  1.0000e+00
 1.3407e+01 -1.3647e+01 -2.0177e+01  2.1326e+01 -2.1470e+01 -3.1552e+01  4.3719e+01  1.0000e+00
-2.4753e-01  9.9673e-01  1.6790e-01 -1.0109e+01 -1.0186e+01  1.3884e+01  1.9968e+01  1.0000e+00
-1.1001e-01  1.1370e+00  3.1548e-01 -3.0660e+00  9.8175e+00 -4.2067e+00  1.1112e+01  1.0000e+00
-1.4606e-01  1.0317e+00  4.4857e-01 -7.0767e+00  2.5852e+01 -8.8065e-01  2.6817e+01  1.0000e+00
-8.3507e+00 -1.3060e+01 -1.2435e+01 -2.4985e+01 -4.1642e+01 -3.8361e+01  6.1886e+01  1.0000e+00
 5.7367e-02  4.7007e-01  7.3521e-01 -2.8974e+00  1.8052e+01 -5.2593e+00  1.9025e+01  1.0000e+00
-2.9531e-02  9.9194e-01  1.5172e+00 -4.9533e+00 -1.8313e+00 -1.6317e+00  5.5273e+00  1.0000e+00
-1.8912e-01  1.0611e+00 -9.6461e-02 -7.4029e+00  1.2959e+01 -1.1825e+01  1.9041e+01  1.0000e+00
-1.6842e-01  1.2812e+00  4.7523e-01  1.0930e+01 -1.8896e+01  2.3832e+00  2.1959e+01  1.0000e+00
 4.9681e-02  1.6232e+00 -5.9197e-01 -1.6764e+00  3.4902e+00  4.3465e-01  3.8963e+00  1.0000e+00
-1.3530e+00  2.3144e+00  2.5982e+00 -8.0080e-01  3.3466e+00  1.2294e+00  3.6541e+00  1.0000e+00
-3.4009e+00  5.1205e+00  1.4572e+01 -4.4841e+00  7.8583e+00  2.1272e+01  2.3116e+01  1.0000e+00
 3.5153e-01  1.8361e+00 -4.1573e-02 -3.1422e+00  4.6437e+00 -1.4246e+01  1.5310e+01  1.0000e+00
-5.9114e-01  1.0852e+00  1.0633e+00  1.8898e+00  4.9007e+00  1.3618e+00  5.4261e+00  1.0000e+00
-4.7627e-01  1.3157e+00  1.0454e-01  9.3547e+00  6.0196e+00  8.8994e+00  1.4246e+01  1.0000e+00
-5.2421e-01  6.7762e-01 -3.2163e-01 -1.4126e+01 -3.8269e+00 -6.6249e+00  1.6065e+01  1.0000e+00
 1.0220e+01 -2.5710e+01  4.5534e+01  1.5604e+01 -3.9382e+01  7.0865e+01  8.2561e+01  1.0000e+00
 1.9526e+01  3.7241e+00  1.8402e+01  3.0701e+01  5.7958e+00  2.9179e+01  4.2750e+01  1.0000e+00
-2.9899e+00  1.2023e+00 -7.0872e-01 -3.2952e+00  9.3805e-01 -2.0131e+00  3.9738e+00  1.0000e+00
-1.0301e+00  1.1851e+00 -2.5816e-02  7.6237e+00 -3.3305e-01 -4.2317e+00  8.7257e+00  1.0000e+00
-8.6828e-02  1.2950e+00  4.8887e-01  4.0984e+00  1.1299e+01  7.3197e+00  1.4072e+01  1.0000e+00
-5.1639e+00  3.3715e+00  2.0440e+01 -8.0076e+00  5.5457e+00  3.1643e+01  3.3108e+01  1.0000e+00
-1.3477e+01 -2.5739e+00 -1.2840e+01 -2.0396e+01 -2.5066e+00 -1.8857e+01  2.7891e+01  1.0000e+00
 1.6198e-01  1.0898e+00  4.6385e-02 -1.8759e+01  1.4565e+01  1.2789e+01  2.6974e+01  1.0000e+00
-7.2598e+00 -1.2352e+01 -1.0041e+00 -1.2110e+01 -2.2036e+01 -1.2889e+00  2.5177e+01  1.0000e+00
-1.2845e+00 -6.6719e-01  7.9050e-01  4.8263e+00  4.8169e+00 -1.1927e+00  6.9223e+00  1.0000e+00
-1.5607e-01  9.9252e-01  1.1991e-01  1.5938e+00 -1.8697e+01  1.3616e+01  2.3184e+01  1.0000e+00
-2.3505e+00 -1.0040e+00 -3.0618e-02 -3.8393e-01  2.6402e+00  1.0033e+00  2.8504e+00  1.0000e+00
-4.8094e-01  1.2475e+00  4.0304e-01  4.2816e-01  8.5177e+00  5.7711e+00  1.0298e+01  1.0000e+00
-4.4620e-02  1.1134e+00  1.8643e-01 -2.1494e+01 -1.9466e+00 -5.3806e+00  2.2243e+01  1.0000e+00
-7.0117e+00  2.2127e+01 -2.8544e+00 -1.0797e+01  3.4437e+01 -4.3352e+00  3.6350e+01  1.0000e+00
 3.7788e+00  1.5201e+00  4.1399e+00  1.4423e+00  3.9873e+00  4.6271e+00  6.2760e+00  1.0000e+00
-1.2658e+01 -2.3441e-01 -3.2789e+00 -1.7815e+01  3.9938e-01 -4.7724e+00  1.8447e+01  1.0000e+00
 1.5035e+00  1.7706e+00 -2.8457e+00  3.2789e+00  1.7166e+00 -1.5306e+00  4.0051e+00  1.0000e+00
-1.0159e+01 -3.9362e+00  7.0327e+00 -1.4186e+01 -4.5690e+00  9.8736e+00  1.7878e+01  1.0000e+00
-3.2795e-01  1.1789e+00  1.4603e-01 -2.2996e+00  2.5088e+01  1.1799e+00  2.5221e+01  1.0000e+00
 2.5930e+01  9.3772e+00  2.1683e+00  4.0738e+01  1.4953e+01  3.3341e+00  4.3524e+01  1.0000e+00
 9.3789e+00  1.3059e+01  1.7441e+00  1.4164e+01  1.9262e+01  3.0875e+00  2.4108e+01  1.0000e+00
-2.0237e+01 -1.2171e+01 -7.5545e+00 -3.1457e+01 -1.8300e+01 -1.1185e+01  3.8073e+01  1.0000e+00
 9.6465e-01  2.5926e+00 -2.6121e-01  1.0368e+01  5.1300e+00 -9.0463e+00  1.4685e+01  1.0000e+00
-1.9898e+01 -4.8440e-01 -5.2100e+00 -3.0793e+01 -4.5654e-01 -8.1268e+00  3.1850e+01  1.0000e+00
 3.6254e-01  6.8952e-01  6.0597e-01  9.1207e+00 -6.0276e+00 -2.4703e+00  1.1208e+01  1.0000e+00
 1.9388e-02  7.4978e-01  2.8355e-01  9.5330e+00  1.0464e+01  1.3807e+01  1.9773e+01  1.0000e+00
-4.0790e+00  1.6095e+01 -6.2163e+00 -5.6700e+00  2.4705e+01 -9.2343e+00  2.6977e+01  1.0000e+00
 2.4164e+01  1.9808e+01 -1.5182e+01  4.7207e+01  3.8204e+01 -2.9470e+01  6.7502e+01  1.0000e+00
-7.1121e-01  5.1796e-01  4.8274e-02  5.6207e+00  1.5396e+00  1.3891e+01  1.5064e+01  1.0000e+00
-8.3559e-01  9.1779e-01 -2.3541e+00  2.6347e+00  3.8029e+00  6.0922e+00  7.6497e+00  1.0000e+00
-1.2018e-02  1.3319e+00  8.7954e-01  1.8534e+00 -3.9022e+00  1.2995e+01  1.3695e+01  1.0000e+00
 3.7581e+00 -2.9993e+00 -1.3101e-01  3.1258e+00 -7.7208e-01  4.0381e+00  5.1645e+00  1.0000e+00
 2.2113e+00 -1.5655e+00  8.0162e-01  4.6274e+00 -5.5794e-01  2.5438e-01  4.6679e+00  1.0000e+00
-5.0282e-02  3.2976e-01 -3.7763e-02 -7.1656e+00  8.6519e-01  7.5817e+00  1.0468e+01  1.0000e+00
-1.5448e+01 -7.7755e+00 -2.7129e+01 -2.4836e+01 -1.2614e+01 -4.3894e+01  5.1987e+01  1.0000e+00
-2.7590e+01 -9.1980e+00 -9.1788e-01 -4.3790e+01 -1.4230e+01 -1.5514e+00  4.6070e+01  1.0000e+00
 3.1895e+00 -2.6330e+00 -4.0510e+00  4.4021e+00 -7.8486e-01 -2.2664e+00  5.0131e+00  1.0000e+00
 2.7892e+01  4.8097e+00 -2.9026e+00  4.3996e+01  7.9271e+00 -4.7068e+00  4.4952e+01  1.0000e+00
-1.4761e-01  1.1978e+00  5.2769e-01 -6.4691e+00  1.3321e+01 -2.7334e+00  1.5058e+01  1.0000e+00
-3.3249e-01  1.1880e+00  8.7250e-02 -1.5786e+01 -9.3630e+00 -3.7775e+00  1.8738e+01  1.0000e+00
-9.8760e-02  8.0609e-01  1.5188e-01  9.5918e+00  5.0964e+00 -1.0488e+01  1.5099e+01  1.0000e+00
-2.0864e+00  1.4083e+00 -1.2435e-01 -1.6337e+01  4.2620e+00 -4.7631e-01  1.6890e+01  1.0000e+00
-1.4458e-01  1.2308e+00  1.6339e-01  1.3737e+00  1.5793e+01  6.4566e+00  1.7117e+01  1.0000e+00
-5.8783e-02  4.9617e-01  9.6472e-01  4.6568e-01  1.0605e-01  6.0154e+00  6.0343e+00  1.0000e+00
 1.0926e-01  1.4782e+00  5.2475e-01  7.1064e+00 -8.7162e+00 -4.4426e-01  1.1255e+01  1.0000e+00
-1.1178e+01  9.5279e+00 -1.7778e+00 -1.6171e+01  1.3642e+01 -2.2263e+00  2.1274e+01  1.0000e+00
-4.9222e-01  1.1791e+00 -1.9536e-01 -1.1504e+00 -1.4280e+01  7.1672e+00  1.6019e+01  1.0000e+00
-1.1361e+01 -3.4017e+00 -1.2585e-01 -1.5327e+01 -4.6037e+00 -4.3025e-01  1.6009e+01  1.0000e+00
 1.8774e-01  5.7307e-01  1.2943e+00  2.2128e+00  2.6107e+00 -3.0788e+00  4.6034e+00  1.0000e+00
 8.6489e-03  1.0665e+00  2.0964e-01  5.6282e+00 -1.5789e+01 -1.2517e+01  2.0920e+01  1.0000e+00
-6.3827e-03  1.1772e+00  7.5296e-02  1.6578e+01 -1.8383e+00  2.0096e+01  2.6116e+01  1.0000e+00
-1.1425e-01  1.2839e+00 -5.8469e-01 -5.6713e+00  1.1891e+01 -1.0674e+01  1.6956e+01  1.0000e+00
 8.9069e+00 -2.1971e+01 -1.0592e+01  1.4045e+01 -3.4328e+01 -1.6597e+01  4.0634e+01  1.0000e+00
-1.9989e+01 -3.5722e+00  1.8005e+01 -3.1560e+01 -5.2823e+00  2.8402e+01  4.2785e+01  1.0000e+00
-5.6359e-01  1.4869e+00  4.8127e-01 -1.7045e+00  4.4574e-01 -2.5026e+00  3.0606e+00  1.0000e+00
-2.5187e+00 -1.0039e+00 -3.6795e+00 -1.4731e+00  1.5256e+00 -9.3304e-02  2.1228e+00  1.0000e+00
-3.9250e-02  8.2540e-01  2.9797e-01 -2.3858e+01  2.3603e+01 -1.3763e+01  3.6273e+01  1.0000e+00
 6.8212e-01  8.2773e-01  8.0963e-01  1.4736e-02 -2.0199e+00  8.9174e-01  2.2080e+00  1.0000e+00
-1.8072e+00 -1.7772e+01 -1.2538e+01 -2.0674e+00 -2.7908e+01 -1.9922e+01  3.4352e+01  1.0000e+00
-2.9193e+00  5.0393e+00 -3.7351e+00 -2.6027e+00  4.5080e+00 -1.7609e+00  5.4952e+00  1.0000e+00
-4.1500e-01  9.0980e-01  2.5116e-01 -1.1756e+00  4.2829e-01  2.9666e+01  2.9693e+01  1.0000e+00
-2.4987e-01  8.4673e-01  1.9476e-01 -1.0152e+01 -7.5000e+00 -2.0362e+01  2.3957e+01  1.0000e+00
-1.5132e+00  5.5778e-01  7.1951e-01 -2.4949e+00  2.0390e+00  1.7406e+00  3.6622e+00  1.0000e+00
-3.7195e+00  1.6400e+01 -6.8733e+00 -5.7779e+00  2.4253e+01 -9.7383e+00  2.6766e+01  1.0000e+00
 1.9242e-01  5.1715e-01 -5.9469e-01 -4.3253e+00  2.8680e+00  9.3871e+00  1.0726e+01  1.0000e+00
 5.8696e-01  3.0953e+00  2.0155e+01  1.8399e+00  5.1166e+00  2.8374e+01  2.8891e+01  1.0000e+00
 2.4841e-01  4.1281e+00 -2.3055e+00  5.8138e-01  6.3239e+00 -5.1220e+00  8.1587e+00  1.0000e+00
-2.9682e-01  8.6472e-01  1.3747e-01 -2.9589e+00  7.2585e-01 -8.6538e+00  9.1744e+00  1.0000e+00
-4.5522e-03  1.0067e+00  3.8023e-01 -2.4772e+01  1.6076e+01  5.0720e-01  2.9535e+01  1.0000e+00
-1.5070e-01  1.1114e+00  4.1845e-01  3.5298e+00  1.2081e+01 -1.1958e+01  1.7361e+01  1.0000e+00
 6.1431e+00  1.2607e+01  6.7482e+00  9.2300e+00  1.8707e+01  9.6947e+00  2.3003e+01  1.0000e+00
-2.4604e-01  1.2521e+00  1.0932e-01  8.3551e+00  5.5561e+00  6.4431e-01  1.0054e+01  1.0000e+00
 1.1922e+00 -4.7191e-01  1.1086e+00  9.8262e-01  1.8347e+00  3.7175e-01  2.1142e+00  1.0000e+00
-1.1731e-01  9.4440e-01  4.8217e-01  6.3532e+00  1.6458e+00  1.4951e+00  6.7310e+00  1.0000e+00
-2.2469e-02  4.7172e-01  2.8036e-01  8.5834e+00 -4.4928e+00  3.5827e+00  1.0329e+01  1.0000e+00
 9.4389e-02  1.0337e+00  3.1040e-01  1.3078e+01  2.1500e+01  1.0558e+01  2.7290e+01  1.0000e+00
 1.0601e-01  7.8409e-01  1.5462e-01  1.9584e+00 -8.1517e+00 -2.1780e+00  8.6620e+00  1.0000e+00
 9.7905e+00 -7.1548e+00 -1.1961e+00  1.3608e+01 -9.6888e+00 -1.3522e+00  1.6759e+01  1.0000e+00
 4.9594e-02  8.8294e-01  3.9392e-01 -1.3377e+01 -1.3905e+01 -1.8476e+01  2.6714e+01  1.0000e+00
 1.7783e+01 -3.3431e+01  2.1363e+01  2.5234e+01 -5.0353e+01  3.2440e+01  6.4997e+01  1.0000e+00
-2.7240e-01  2.6066e+00  4.2508e-01 -2.7055e-01  9.5472e+00 -1.1823e+01  1.5199e+01  1.0000e+00
 1.8325e+00 -9.3108e+00 -2.6609e+01  2.7490e+00 -1.4591e+01 -4.1913e+01  4.4465e+01  1.0000e+00
-7.1901e+00 -1.0464e+01 -1.7992e+01 -1.1706e+01 -1.6195e+01 -2.7970e+01  3.4375e+01  1.0000e+00
-1.2802e+00 -1.9137e+01  2.0697e+00 -1.7510e+00 -2.9496e+01  3.1725e+00  2.9718e+01  1.0000e+00
-2.6611e+01 -1.3446e+01 -6.9563e+00 -4.2431e+01 -2.1115e+01 -1.0996e+01  4.8653e+01  1.0000e+00
 3.3085e-01  1.0150e+00  3.4142e-01  5.9051e+00  1.0692e+01  1.3828e+01  1.8450e+01  1.0000e+00
-2.1325e+01 -5.2507e+00 -4.0148e+00 -3.3389e+01 -8.1569e+00 -6.2565e+00  3.4936e+01  1.0000e+00
 2.9208e-02  8.1517e-01  1.1008e+00  2.7985e+00 -2.4874e+00  1.4653e+01  1.5124e+01  1.0000e+00
-4.1600e-01  7.4281e-01  3.4376e-01  7.1050e+00  1.5078e+01  9.0199e+00  1.8953e+01  1.0000e+00
-3.3669e+00  1.0435e-01 -1.0553e+01 -4.9640e+00  7.7491e-01 -1.6555e+01  1.7301e+01  1.0000e+00
-6.3061e-02  3.4298e-01  1.5665e+00  7.3615e+00  4.5260e+00 -5.1258e+00  1.0047e+01  1.0000e+00
-3.7827e-01  8.8394e-01  2.0248e-01 -8.1227e+00 -2.5359e+00  5.3628e+00  1.0058e+01  1.0000e+00
