# limit = 22.9085
#
# x           y           z           vx          vy          vz          s           m
-4.5961e-01  1.2340e+00  7.6980e-01  5.9762e+00  2.4733e+01 -7.7537e+00  2.6600e+01  1.0000e+00
-3.6051e-01  1.0057e+00 -1.9480e-01 -6.5979e+00 -6.5828e+00 -1.7238e+00  9.4782e+00  1.0000e+00
 2.2795e+01  1.0328e+00  4.4639e+00  3.4040e+01  2.0617e+00  6.6621e+00  3.4747e+01  1.0000e+00
-9.2235e-02  9.6174e-01  3.0741e-01 -1.2511e+01  1.3620e+01  1.3974e+01  2.3180e+01  1.0000e+00
-1.9322e+01  7.2888e+00  1.1588e+01 -2.9288e+01  1.0852e+01  1.7281e+01  3.5696e+01  1.0000e+00
 8.4147e+00 -2.6241e+00  2.3931e+01  1.2998e+01 -3.5661e+00  3.6215e+01  3.8642e+01  1.0000e+00
 1.2464e+00 -1.9470e+01 -1.3459e+01  1.4036e+00 -2.9285e+01 -1.9998e+01  3.5490e+01  1.0000e+00
-9.8666e-01  1.5853e+00  1.6227e-01 -3.3191e-01  2.6798e-01 -9.6109e-01  1.0515e+00  1.0000e+00
-3.0560e+01  2.2291e+01  6.9054e+01 -4.5547e+01  3.3390e+01  1.0464e+02  1.1890e+02  1.0000e+00
 4.7372e+01 -2.5357e+01  1.2348e+00  1.1448e+02 -6.2004e+01  3.0410e+00  1.3022e+02  1.0000e+00
 2.9338e+00  4.2031e+00  2.5963e+00 -9.0021e-02  2.3644e+00  6.2476e-01  2.4473e+00  1.0000e+00
-5.9835e-01  1.5099e+00  1.8025e-01  7.4572e+00  3.2530e+00  1.5471e+00  8.2816e+00  1.0000e+00
-9.6216e-01  3.6677e+00  6.0200e-01  1.8980e+00  1.3316e+00  3.7698e+00  4.4258e+00  1.0000e+00
 5.6661e+00  1.5905e+00 -7.8221e-01  4.9404e+00  2.7811e+00  4.4583e-01  5.6869e+00  1.0000e+00
 1.8202e+00 -1.3336e+00  5.5774e-01  1.5308e+00 -1.2803e+00 -1.1825e+00  2.3196e+00  1.0000e+00
-7.8781e+00 -1.5225e+00 -5.8142e+00 -6.6635e+00 -3.6376e+00 -5.6584e+00  9.4684e+00  1.0000e+00
 1.3947e+01 -1.4584e+01 -1.6708e+01  2.1021e+01 -2.2068e+01 -2.5482e+01  3.9727e+01  1.0000e+00
-4.5209e-02  4.2943e-01  2.4032e-01  2.6762e+00 -1.4825e+01 -1.7826e+00  1.5170e+01  1.0000e+00
-1.3491e-01  1.1183e+00  3.4977e-01 -5.1021e+00 -1.0225e+00 -7.3858e+00  9.0348e+00  1.0000e+00
 4.8423e+01  3.9354e+01 -1.7047e+01  7.3441e+01  5.8889e+01 -2.5204e+01  9.7451e+01  1.0000e+00
 4.4548e-01  1.2122e+00  5.6447e-01  2.6612e+00  7.2164e+00 -4.7339e+00  9.0315e+00  1.0000e+00
-5.5898e-01  1.2165e+00  1.5489e-01 -5.8831e+00  2.4367e+01 -2.7981e+00  2.5222e+01  1.0000e+00
-3.8652e+00 -4.6683e+00  7.4726e+00 -8.2147e+00 -1.1719e+01  1.5984e+01  2.1455e+01  1.0000e+00
-1.0442e+01  1.9777e+01 -1.9976e+01 -1.5925e+01  3.0497e+01 -3.0474e+01  4.5960e+01  1.0000e+00
-7.2713e-01  2.2384e+01 -9.9085e+00 -1.2344e+00  3.3774e+01 -1.4844e+01  3.6913e+01  1.0000e+00
-5.4559e+00  3.1432e+00 -8.3782e+00 -8.0062e+00  5.3987e+00 -1.0125e+01  1.3992e+01  1.0000e+00
 7.1090e+00 -1.7518e+01  3.3453e+00  1.0051e+01 -2.6279e+01  4.7708e+00  2.8537e+01  1.0000e+00
 4.7021e+01 -1.2294e+01 -4.5362e+01  7.5256e+01 -1.9839e+01 -7.2627e+01  1.0645e+02  1.0000e+00
 1.3589e+00 -2.7266e+01 -3.5964e+01  2.1748e+00 -4.2161e+01 -5.5593e+01  6.9806e+01  1.0000e+00
 1.1957e-01  8.8237e-01  1.6199e-01  3.8793e+00  1.4124e+00  1.6404e+00  4.4424e+00  1.0000e+00
-9.5454e-02  1.2012e+00  5.2855e-01  1.0521e+01 -7.8684e+00  1.6231e+01  2.0882e+01  1.0000e+00
-1.6872e-01  1.0107e+00  3.5905e-01  3.2288e+00  6.6201e-01 -8.7192e+00  9.3214e+00  1.0000e+00
 7.9451e-02  7.1362e-01  2.5698e-01 -1.0020e+00  1.5006e+01  1.6118e+01  2.2045e+01  1.0000e+00
-1.2056e-01  1.2228e+00  5.7397e-01  3.3861e+00 -8.6662e+00  3.5833e+00  9.9703e+00  1.0000e+00
-3.7688e-02  1.1904e+00 -1.5231e-01  4.3143e+00 -1.1353e+00 -6.3829e+00  7.7874e+00  1.0000e+00
 2.6881e-01  1.2299e+00 -8.3323e-02  3.3384e+00 -1.0708e+01 -3.6159e+00  1.1785e+01  1.0000e+00
 3.1893e-01  2.4678e+00 -9.2399e-01  2.5402e+00 -4.9490e+00  4.5573e+00  7.1912e+00  1.0000e+00
-1.8771e+01  3.5956e+01 -4.5230e+01 -2.8528e+01  5.4672e+01 -6.7946e+01  9.1758e+01  1.0000e+00
 2.4383e-01  1.3913e+00  4.4112e-01  9.3996e+00  3.8086e+00  1.7570e+01  2.0287e+01  1.0000e+00
 1.3511e+01 -3.0001e+00  1.1369e+01  1.9495e+01 -4.0974e+00  1.6517e+01  2.5878e+01  1.0000e+00
 7.2597e+00  6.7603e+00  9.7008e-01  8.2692e+00  8.1560e+00  2.0719e+00  1.1798e+01  1.0000e+00
 3.1220e+00  9.9674e-01 -7.8036e-01 -4.9153e-01  1.1237e+00 -1.6800e+00  2.0800e+00  1.0000e+00
 3.4153e-01  1.2037e+00 -1.5307e-01  1.7268e+00  1.1061e+01  7.6350e+00  1.3551e+01  1.0000e+00
 2.7515e+00 -8.0137e+00  2.6050e+01  4.3089e+00 -1.2001e+01  3.9598e+01  4.1601e+01  1.0000e+00
 2.5240e+01  1.2191e+01  2.0055e+00  3.8765e+01  1.8568e+01  3.1400e+00  4.3097e+01  1.0000e+00
 1.7581e+00 -1.6133e+01  2.6715e+00  3.2429e+00 -2.3630e+01  4.1855e+00  2.4216e+01  1.0000e+00
-8.9205e-02  1.1422e+00  4.0623e-01  8.9156e+00 -8.4184e+00 -9.7421e+00  1.5661e+01  1.0000e+00
 2.6144e+00 -1.0368e+00  2.1617e-01 -1.2669e+00  6.1993e+00  2.5427e+00  6.8192e+00  1.0000e+00
 1.0997e+01 -4.2651e+00  4.9888e+00  1.4441e+01 -5.5724e+00  7.0597e+00  1.7013e+01  1.0000e+00
 3.3756e-01  8.5374e-01  1.6887e-01  1.0496e+01 -5.7635e+00 -5.2184e+00  1.3062e+01  1.0000e+00
-1.2718e+00  1.4074e+00  7.1537e-01 -2.4029e+00  1.2561e+00  1.7371e+00  3.2201e+00  1.0000e+00
-2.6465e-01  1.1402e+00  3.6696e-01  5.9834e+00  8.1769e+00  2.0604e+01  2.2960e+01  1.0000e+00
-3.2489e+00 -5.1107e+00  5.1825e+00 -3.2267e+00 -4.9014e+00  5.4753e+00  8.0258e+00  1.0000e+00
-5.6673e-02  1.6256e+00  6.3059e-01 -4.5610e-01  6.1899e+00  7.8113e+00  9.9769e+00  1.0000e+00
 9.9576e-02  4.0121e+00  3.8682e+00  2.2452e+00  1.3959e+01  1.5153e+01  2.0725e+01  1.0000e+00
-3.3603e-02  7.7929e-01  4.5774e-01  3.5436e+00 -1.0848e+01  4.8346e+00  1.2394e+01  1.0000e+00
-1.0503e-01  9.9271e-01  9.0160e-02 -3.9212e+00 -1.0895e+01  1.1038e+00  1.1632e+01  1.0000e+00
-3.7227e-01  9.8119e-01  2.5960e-01 -2.0419e+01  1.3883e+01 -8.1516e+00  2.6002e+01  1.0000e+00
 1.7283e-01  1.4618e+00  5.8086e-01 -1.2736e+00 -5.7975e-01  1.1488e+01  1.1573e+01  1.0000e+00
 6.2482e+00 -3.4460e+00  1.8609e+01  9.0079e+00 -5.4061e+00  2.7725e+01  2.9648e+01  1.0000e+00
-3.3190e-01  1.0302e+00  4.3161e-01  8.6327e+00 -1.1391e+01 -1.6267e+01  2.1653e+01  1.0000e+00
-3.6199e+00 -6.0876e+00  2.8601e+00 -7.3018e+00 -1.4656e+01  5.8508e+00  1.7388e+01  1.0000e+00
 1.1564e+01  1.1375e+00 -5.5732e+00  1.8130e+01  1.9764e+00 -8.6397e+00  2.0181e+01  1.0000e+00
-5.1326e-01  1.5939e+00 -1.0210e-02  2.6883e+00  2.7068e+00 -5.9456e+00  7.0643e+00  1.0000e+00
-4.7144e-01  2.8314e+00  3.3939e-01  2.5276e+00  1.3183e+01  1.8426e+00  1.3549e+01  1.0000e+00
-8.6806e-02  1.5157e+00 -5.7157e-01 -7.9888e+00  6.5515e+00  2.4817e+00  1.0626e+01  1.0000e+00
-3.7899e-01  1.1353e+00  2.4722e-01  7.1591e+00 -1.0476e+01 -4.4031e-01  1.2696e+01  1.0000e+00
-3.1298e-01  1.2476e+00  9.6312e-02  1.6235e+01 -7.5014e+00 -3.1623e+00  1.8162e+01  1.0000e+00
-4.2506e-01  1.1315e+00  6.3223e-01  1.1196e+01  6.1948e+00 -5.2875e+00  1.3845e+01  1.0000e+00
 1.5213e-01  9.3442e-01  4.8246e-01 -3.5324e+00 -5.6177e+00  8.6390e-01  6.6920e+00  1.0000e+00
 2.2417e+01  2.4744e+00  4.0775e+00  3.3888e+01  3.3808e+00  6.0642e+00  3.4592e+01  1.0000e+00
-4.3296e-01  8.0301e-01  5.9361e-01  4.9164e+00 -6.0835e-01 -2.6443e+00  5.6154e+00  1.0000e+00
-2.2998e-01  1.8230e+00 -2.0902e-01 -3.9565e+00 -2.5579e+00  3.1921e+00  5.6909e+00  1.0000e+00
 4.1969e-01  1.4282e+00  1.3391e+00 -3.6801e+00 -1.8846e+00 -3.0204e+00  5.1203e+00  1.0000e+00
-1.2595e-01  5.7455e-01  3.2319e-01 -5.5232e+00  3.8402e+00 -2.4107e-01  6.7314e+00  1.0000e+00
 7.7829e-02  6.3282e-01  7.1533e-01  1.2166e+01 -4.7871e+00  2.7428e+00  1.3359e+01  1.0000e+00
-1.0787e-01  1.0772e+00  1.7710e-01 -1.2668e+01  4.4849e+00  1.6112e+00  1.3535e+01  1.0000e+00
 2.4055e-01  1.1432e+00 -5.2884e-01  2.3021e+00 -2.9250e+00  6.1743e-01  3.7732e+00  1.0000e+00
 2.6996e+01 -1.2911e+01 -3.1104e+00  4.1472e+01 -1.9487e+01 -4.6831e+00  4.6061e+01  1.0000e+00
-1.5774e+01 -9.6069e+00 -6.0659e+00 -2.3507e+01 -1.3866e+01 -8.7572e+00  2.8662e+01  1.0000e+00
-5.3439e-01  1.3020e+00  2.7654e-01  1.3502e+01  7.9441e+00  1.6032e+00  1.5747e+01  1.0000e+00
 1.6857e+01  3.9478e+00  1.0929e+01  3.2171e+01  6.9427e+00  2.0615e+01  3.8835e+01  1.0000e+00
-1.2411e+00  1.6957e+00 -1.9080e-01  6.3631e+00 -4.2024e+00 -3.5929e-01  7.6340e+00  1.0000e+00
 5.3119e+00  4.7491e+00  6.8533e+00  5.7157e+00  6.1381e+00  7.8308e+00  1.1475e+01  1.0000e+00
-2.8335e-01  1.1205e+00  2.9555e-01 -9.7159e+00  7.3596e+00 -7.7020e+00  1.4418e+01  1.0000e+00
-2.9602e-01  2.3051e+00  1.0828e-01  3.0920e+00  2.9467e+00  2.5623e+00  4.9809e+00  1.0000e+00
-1.1888e+00  1.2768e+00  6.1292e-01  9.4472e+00 -2.6728e+00 -5.9442e+00  1.1477e+01  1.0000e+00
 8.7886e-01 -7.9529e-02  1.1053e+00 -6.8793e+00  8.2332e+00 -7.9348e+00  1.3344e+01  1.0000e+00
 1.0556e+02  2.6718e+01 -1.0249e+02  2.2218e+02  5.5313e+01 -2.1506e+02  3.1413e+02  1.0000e+00
 3.9541e-01  1.1244e+00  1.6244e-01  8.6924e+00  1.2953e+01 -5.3330e+00  1.6486e+01  1.0000e+00
 1.3026e+00 -1.5654e-01  8.3576e-01 -7.9145e+00  5.9827e+00 -5.8472e+00  1.1516e+01  1.0000e+00
-1.8809e-01  4.9460e-01  6.5320e-01  9.3013e+00 -1.8946e+00 -1.6832e+01  1.9324e+01  1.0000e+00
-1.6527e+00  1.2335e+00  6.5222e-01  7.8258e+00 -1.7078e+00 -5.8535e+00  9.9208e+00  1.0000e+00
-4.3683e-01  1.3384e+00  1.8333e-01 -1.1496e+01 -1.0992e+01 -1.2409e+01  2.0174e+01  1.0000e+00
 4.5340e+00 -1.6063e+00 -4.3410e-01  5.9253e+00 -1.7780e+00 -2.0175e-01  6.1896e+00  1.0000e+00
-1.4505e-01  1.2042e+00  1.2178e-01  6.4065e-01 -4.9819e+00  1.2970e+01  1.3909e+01  1.0000e+00
 5.7904e+00  1.2312e+01  2.1269e+01  1.7321e+01  3.4033e+01  6.1280e+01  7.2204e+01  1.0000e+00
-8.7218e+00 -1.2746e+01 -1.4330e+01 -1.2995e+01 -1.8813e+01 -2.1252e+01  3.1216e+01  1.0000e+00
 1.9258e+00 -3.9756e+00 -1.7102e+01  2.6992e+00 -5.4342e+00 -2.3304e+01  2.4081e+01  1.0000e+00
 1.6066e+00  4.3528e+00 -1.9503e+00  2.6324e+00  6.6844e-01  1.4545e+00  3.0809e+00  1.0000e+00
-1.8065e-01  9.7933e-01  2.1057e-01 -7.0649e+00  1.5013e+01  7.8129e+00  1.8339e+01  1.0000e+00
-2.4817e-01  8.8564e-01  1.4244e-01 -5.7019e+00  9.7279e+00 -9.7638e+00  1.4916e+01  1.0000e+00
-2.5305e+00  1.2103e+00 -6.0084e-01 -1.0456e+01  7.7608e-01 -4.5180e+00  1.1416e+01  1.0000e+00
-5.4214e-01  4.2522e-01  4.7582e-01 -8.2379e+00 -5.5271e-01  6.2379e+00  1.0348e+01  1.0000e+00
 2.2138e+01  8.5277e+00 -5.6989e-01  3.3307e+01  1.3208e+01 -8.8983e-01  3.5841e+01  1.0000e+00
-4.7591e-01  1.1833e+00  1.1831e-01 -1.4477e+01  2.4483e+00  7.4179e+00  1.6450e+01  1.0000e+00
 1.6447e+01  9.5431e-01  1.8449e+01  2.4765e+01  1.5498e+00  2.7766e+01  3.7238e+01  1.0000e+00
 9.0300e-01  4.8611e-01  7.8998e-01 -3.2615e+00  8.9382e-01  1.3738e+00  3.6501e+00  1.0000e+00
-2.2074e-01  4.7224e-01  3.5708e-01 -1.7753e+01  4.2831e+00  8.3229e+00  2.0070e+01  1.0000e+00
-2.6923e+01  5.7205e+00  6.1500e+00 -4.1128e+01  8.9959e+00  9.4715e+00  4.3153e+01  1.0000e+00
-6.7044e-02  6.7843e-01  4.6870e-01  6.5695e+00  1.5645e+01 -1.7912e+01  2.4673e+01  1.0000e+00
 5.5711e+00 -9.2355e+00  1.6679e+01  8.0931e+00 -1.3939e+01  2.4204e+01  2.9080e+01  1.0000e+00
 6.1470e+00 -6.4082e+00  1.3349e+01  8.6035e+00 -9.2052e+00  1.9224e+01  2.2985e+01  1.0000e+00
 1.0996e+01 -1.3127e+01 -5.1423e+00  1.6181e+01 -1.8972e+01 -6.9229e+00  2.5878e+01  1.0000e+00
 2.7155e+00 -8.9196e-01  9.3588e-01 -4.2262e+00  4.3542e+00 -8.6954e-02  6.0686e+00  1.0000e+00
 1.6876e-01  7.0960e-01 -5.0131e-01  2.9524e+00  2.4672e-02  1.5160e+00  3.3190e+00  1.0000e+00
 1.6843e-01  2.8546e+00 -2.9486e-01 -2.8586e-01  7.6821e-02 -4.4738e+00  4.4835e+00  1.0000e+00
-1.7950e+00  6.5381e-01 -1.6167e+00 -1.1160e+01 -3.0312e+00 -8.2986e+00  1.4233e+01  1.0000e+00
 7.3952e-02  9.4732e-01  4.4362e-01 -2.5512e+00 -1.0054e+00 -2.9804e+00  4.0500e+00  1.0000e+00
 5.9222e-01  7.1976e-01  3.1035e-02  2.4821e+00  7.9304e-01  2.4387e+00  3.5689e+00  1.0000e+00
 7.9331e-02  7.4453e-01  5.8435e-01 -7.5822e+00 -6.4474e+00 -6.4050e-02  9.9530e+00  1.0000e+00
-9.1513e-02  1.1948e+00  2.4238e-01 -1.2816e+01  2.0710e+01 -4.1074e+00  2.4699e+01  1.0000e+00
-3.5583e+01  1.4759e+01  1.3527e+01 -5.4945e+01  2.2884e+01  2.1189e+01  6.3178e+01  1.0000e+00
-2.1021e-01  1.0023e+00 -2.1830e-01  1.7988e+00  2.2573e+00 -4.9770e+00  5.7534e+00  1.0000e+00
 6.6821e-02  7.3377e-01  6.1536e-01 -9.9256e+00  1.3239e+01 -1.1462e+01  2.0128e+01  1.0000e+00
-2.6964e-01  1.3310e+00  3.1485e-01  1.1692e+01 -6.0858e+00  1.1608e+01  1.7564e+01  1.0000e+00
 1.2986e+01 -1.1068e+01 -4.4085e+00  1.9137e+01 -1.6095e+01 -6.0919e+00  2.5736e+01  1.0000e+00
 6.6753e-02  1.2599e+00  4.4040e-01 -8.2860e-01 -7.1948e+00 -6.8377e-01  7.2746e+00  1.0000e+00
 8.7563e+00 -7.5784e+00  1.9345e+01  1.2900e+01 -1.1075e+01  2.9222e+01  3.3809e+01  1.0000e+00
 1.5530e+01  2.5219e+00  1.6965e+01  4.3786e+01  5.3362e+00  4.6216e+01  6.3887e+01  1.0000e+00
-3.2961e+00 -3.5309e+00 -1.5916e+01 -5.1225e+00 -4.8949e+00 -2.3252e+01  2.4307e+01  1.0000e+00
-4.7751e-01  1.5752e+00  1.8385e-01 -7.1807e+00  2.2500e+01 -1.4265e+00  2.3661e+01  1.0000e+00
 3.0710e-02  1.0496e+00  3.1076e-02  1.3714e+01  3.6642e+00 -8.8103e+00  1.6707e+01  1.0000e+00
-6.5924e-01  1.1044e+00  2.2295e-01  1.1778e+01 -1.3447e+00 -1.2330e+01  1.7104e+01  1.0000e+00
 1.2054e+00  1.5902e+00 -6.1515e-01 -7.1876e+00  1.5000e+00  4.4646e+00  8.5933e+00  1.0000e+00
-6.5921e-01  1.7664e+00  8.2417e-01 -3.9917e-01  1.4165e+00 -1.2974e+01  1.3057e+01  1.0000e+00
-3.1025e-01  1.6179e+00  5.1208e-01  4.7357e+00  1.8083e+01  1.5774e+00  1.8759e+01  1.0000e+00
-1.8440e-01  6.1949e-01  5.1115e-01 -2.3703e+00  4.0384e+00 -3.1104e+00  5.6215e+00  1.0000e+00
 1.6676e+00 -2.0153e-01  1.2409e+00 -8.0773e+00  7.0969e+00 -2.0632e+00  1.0948e+01  1.0000e+00
-2.6981e+00 -7.5758e+00  1.7328e+01 -3.9506e+00 -1.1479e+01  2.5690e+01  2.8414e+01  1.0000e+00
-4.1519e-01  6.9762e-01 -9.9632e-02 -3.7381e+00  3.3410e+00 -1.2868e+01  1.3810e+01  1.0000e+00
-2.9049e-01  8.8698e-01 -1.8168e-01  5.4339e-02 -9.0497e+00 -6.4590e+00  1.1118e+01  1.0000e+00
-2.3959e+01  4.9569e+00 -6.7028e+00 -3.5445e+01  8.5041e+00 -9.3826e+00  3.7639e+01  1.0000e+00
-1.1722e-01  1.0461e+00  2.1719e-01  7.2701e-01 -8.3291e+00 -1.4291e-01  8.3620e+00  1.0000e+00
-3.2890e-01  1.3328e+00  5.3353e-01 -1.4187e+01  1.2650e+01  1.8045e+01  2.6209e+01  1.0000e+00
-1.2407e-01  9.3917e-01  4.3723e-01 -1.3774e-01 -2.2743e+00  8.2634e+00  8.5718e+00  1.0000e+00
-9.4607e+00 -3.0909e+01 -3.5282e+01 -1.4929e+01 -4.4708e+01 -5.2207e+01  7.0337e+01  1.0000e+00
 2.3249e+01 -2.0509e+01  5.7860e+00  3.5460e+01 -3.1180e+01  8.7391e+00  4.8021e+01  1.0000e+00
-8.5522e-01  1.4671e+00  1.6372e-01  2.8570e+00  3.5253e+00 -4.5100e+00  6.3977e+00  1.0000e+00
-3.0195e+00  2.2525e+00  1.5758e+00 -9.5240e+00  5.2273e+00  2.3368e+00  1.1113e+01  1.0000e+00
-1.8885e-02  1.1578e+00  2.5042e-01  4.3895e+00 -7.6651e+00 -5.1679e+00  1.0234e+01  1.0000e+00
-1.7937e+00  1.2567e+00  6.7999e-01 -5.1920e+00  1.2031e+00  1.6779e+00  5.5874e+00  1.0000e+00
-4.0228e-01  1.2169e+00 -3.5927e-01 -1.9698e+00  8.7297e+00 -5.0531e+00  1.0277e+01  1.0000e+00
-4.1452e-01  1.0570e+00  2.3508e-01  1.5237e+00  1.1582e+01  3.4215e+00  1.2173e+01  1.0000e+00
-1.2697e+01  1.9843e+01 -1.0574e+01 -1.9194e+01  3.0369e+01 -1.5862e+01  3.9272e+01  1.0000e+00
-2.4145e+00  1.3843e+00  2.8303e+00 -2.6466e+00  2.4352e+00  9.0597e+00  9.7475e+00  1.0000e+00
-7.2688e-01  1.0056e+00  2.0169e+00  2.2894e+00  8.4270e-01  9.1144e+00  9.4352e+00  1.0000e+00
 9.9027e-02  1.0572e+00  5.7103e-02 -8.5869e-01 -6.6169e+00  6.8836e+00  9.5867e+00  1.0000e+00
 1.3020e-01  6.6724e-01  6.9477e-01  6.1580e+00  5.8079e+00 -6.3824e+00  1.0601e+01  1.0000e+00
-3.3343e-01  9.0036e-01  2.6238e-01  1.9494e+01 -9.2904e+00  1.8847e+01  2.8662e+01  1.0000e+00
-1.7439e-01  1.0787e+00  2.4066e-01 -1.2484e+01  1.2870e+01 -7.1535e+00  1.9305e+01  1.0000e+00
-1.7474e-01  7.7303e-01  5.5515e-01  1.9049e+00 -3.4162e+00 -1.1969e+00  4.0904e+00  1.0000e+00
 6.7841e-01  7.2156e-01  2.5413e-01 -9.5064e-01 -2.7771e+00  5.7323e+00  6.4402e+00  1.0000e+00
-8.1219e-02  9.6290e-01  3.2121e-01  2.1802e+01 -1.3756e+01  2.9485e+00  2.5947e+01  1.0000e+00
-6.5094e-01  1.6053e+00  1.9901e-01 -8.0746e+00 -6.8904e+00 -8.8376e-01  1.0652e+01  1.0000e+00
 5.8075e+00 -9.4316e+00  1.6536e+01  8.3059e+00 -1.2879e+01  2.4990e+01  2.9315e+01  1.0000e+00
 1.4702e-01  3.6507e-01  4.3616e-01 -3.5843e+00  1.2445e+01  1.0662e+00  1.2994e+01  1.0000e+00
 4.5302e+01 -3.1000e+01 -6.3180e+01  6.9252e+01 -4.7253e+01 -9.5417e+01  1.2702e+02  1.0000e+00
 2.0230e-01  4.2504e+00 -6.1641e-01  2.0314e+00  1.8895e+01 -7.5154e+00  2.0436e+01  1.0000e+00
-1.3877e+00  3.1279e+00  1.6438e+00  2.3642e+00 -1.7608e+00 -5.2788e+00  6.0461e+00  1.0000e+00
 1.1626e+01 -3.2928e+00 -2.4993e+00  1.6637e+01 -3.7491e+00 -2.8046e+00  1.7284e+01  1.0000e+00
-4.1974e-01  1.0189e+00  4.3896e-02  6.9016e+00 -4.3334e+00 -5.9269e+00  1.0077e+01  1.0000e+00
 3.5904e-01 -3.6399e-01  9.6725e-01  1.6463e+00  1.0032e+01 -6.8218e+00  1.2243e+01  1.0000e+00
-5.4133e-01  9.6534e-01  2.9712e-01  6.9243e+00 -1.0451e+01 -5.0567e+00  1.3518e+01  1.0000e+00
 1.0021e-01  6.4718e-01  3.7505e-01  9.4570e+00 -4.4197e+00  7.3998e+00  1.2796e+01  1.0000e+00
 3.3192e-02  7.0532e-01  6.8317e-01  1.0514e+01  5.4529e+00 -1.5995e+00  1.1951e+01  1.0000e+00
-1.5104e-01  1.1266e+00  4.9447e-01  1.2225e+01  1.4364e+01  1.4134e+01  2.3570e+01  1.0000e+00
-1.0076e+00  1.0373e+00 -5.9905e-01 -1.2917e+00  3.4351e+00 -4.9663e+00  6.1752e+00  1.0000e+00
-1.2552e+00  3.4074e-01 -2.8901e-01 -2.2056e+00  4.0496e+00  4.6533e+00  6.5511e+00  1.0000e+00
 1.1186e+00 -8.9504e+00  1.5845e+01  1.7192e+00 -1.3089e+01  2.3108e+01  2.6613e+01  1.0000e+00
-2.9183e+01  2.2550e+01 -1.8601e+01 -5.8195e+01  4.4380e+01 -3.7316e+01  8.2150e+01  1.0000e+00
-2.3302e+00  1.2576e+00  2.4171e-01 -2.2489e+00  8.5718e-01  3.7647e+00  4.4683e+00  1.0000e+00
-9.3291e-01  2.5642e+00  5.7645e-01  4.3816e+00 -3.5245e+00 -5.4506e-02  5.6235e+00  1.0000e+00
 2.7178e-01  1.1977e+00 -2.8252e-01  7.3186e-01 -1.9412e+00  4.9407e-01  2.1326e+00  1.0000e+00
 3.6647e-01  9.6831e-01  9.0578e-01 -2.4227e+00  6.6119e+00 -1.0070e+01  1.2288e+01  1.0000e+00
 5.3439e-01  9.0690e-01  3.6386e-01 -7.5561e+00  1.3911e+00  7.9776e-01  7.7244e+00  1.0000e+00
-2.8257e-02  5.3190e-01 -4.0476e-01  7.9553e+00  5.8010e+00  3.9823e+00  1.0621e+01  1.0000e+00
-1.5203e+01  1.2817e+01 -4.2461e+00 -2.2313e+01  1.8870e+01 -6.1890e+00  2.9870e+01  1.0000e+00
 9.1917e+00 -7.2049e+00 -2.8132e+01  1.4108e+01 -1.1158e+01 -4.3209e+01  4.6803e+01  1.0000e+00
 1.2325e-01  1.9327e+00  1.5350e-01 -3.7942e-02  1.6992e+01 -2.5091e+00  1.7176e+01  1.0000e+00
-7.3824e-01 -1.8080e+01 -1.2947e+01 -7.7017e-01 -2.7124e+01 -1.9226e+01  3.3256e+01  1.0000e+00
-6.7892e+00  6.4014e+00 -2.6576e+01 -1.0556e+01  9.9873e+00 -4.0558e+01  4.3083e+01  1.0000e+00
 3.1861e+00 -1.5845e+01  1.5797e-01  4.5514e+00 -2.3185e+01  3.3903e-01  2.3630e+01  1.0000e+00
-2.4824e+00  8.6112e-01  6.7152e-01  8.1250e-01  4.0387e+00  3.1885e-01  4.1319e+00  1.0000e+00
-3.0826e+00 -3.9943e+00 -1.7116e+01 -4.5928e+00 -6.1211e+00 -2.4489e+01  2.5657e+01  1.0000e+00
 1.7948e+00  4.2515e+00  3.8929e+00  2.5423e+00  4.9592e+00  4.6213e+00  7.2397e+00  1.0000e+00
-9.2392e-03  9.5802e-01  3.8413e-01 -1.4653e+01 -6.1873e+00 -1.1082e+00  1.5944e+01  1.0000e+00
 1.0277e+01  6.2435e+00  1.4227e+01  1.8187e+01  9.9261e+00  2.4682e+01  3.2226e+01  1.0000e+00
-3.1340e-01  1.0694e+00 -6.2086e-02 -1.3739e+01  8.4730e+00 -2.1757e+01  2.7091e+01  1.0000e+00
 1.0587e+01 -1.3197e+01 -5.1425e+00  1.5505e+01 -1.9016e+01 -7.9643e+00  2.5796e+01  1.0000e+00
-1.7095e-01  8.5476e-01  3.9384e-01  1.1306e+01 -1.2752e+01  1.4990e+01  2.2697e+01  1.0000e+00
-5.9998e-01  7.5467e-01  7.1646e-02 -3.7905e+00  7.1589e+00 -1.0364e+00  8.1665e+00  1.0000e+00
-1.8456e+01 -8.3035e+00 -5.7843e+00 -2.7466e+01 -1.2280e+01 -8.4625e+00  3.1253e+01  1.0000e+00
 9.2792e+00  5.0724e+00  9.2250e+00  1.2573e+01  7.5800e+00  1.3494e+01  1.9941e+01  1.0000e+00
 3.2646e-01  1.2086e+00  2.8651e-01  1.1613e+01 -1.6479e+00  8.2639e+00  1.4348e+01  1.0000e+00
 7.4306e+00 -2.4226e+01 -1.9146e+00  1.1472e+01 -3.6837e+01 -2.9264e+00  3.8693e+01  1.0000e+00
 1.9159e+01 -5.3684e+00  1.4959e+01  8.4705e+01 -2.7164e+01  6.4852e+01  1.1008e+02  1.0000e+00
-3.5573e+01 -3.4090e+00  5.2516e+01 -5.6974e+01 -5.5829e+00  8.4052e+01  1.0170e+02  1.0000e+00
 1.4192e+01 -2.4530e+01 -1.9924e+01  2.2029e+01 -3.7731e+01 -3.0738e+01  5.3420e+01  1.0000e+00
-4.6862e-01  1.7528e+00  2.8450e-01  5.7845e+00 -2.3341e+00 -6.4268e+00  8.9561e+00  1.0000e+00
-1.7204e+00  5.0728e+00  1.2563e+00 -1.2298e+00  9.0371e+00  1.8272e+00  9.3017e+00  1.0000e+00
 6.9395e-02  1.5924e+00 -2.9356e-01  1.1979e+00  6.4690e+00  9.3314e+00  1.1417e+01  1.0000e+00
-7.8319e+00 -1.4905e+00 -5.8383e+00 -1.3241e+01  9.7504e-02 -7.6360e+00  1.5285e+01  1.0000e+00
-1.4335e+00  4.6099e-01  1.0729e+00 -2.6416e+00  2.7502e-01  3.6055e+00  4.4780e+00  1.0000e+00
-1.3354e-01  8.1717e-01 -7.8846e-02 -3.0447e+00 -8.3446e+00  1.0897e+01  1.4059e+01  1.0000e+00
-1.6421e-01 -1.8112e+01 -1.2866e+01 -5.1600e-01 -2.6717e+01 -1.9199e+01  3.2904e+01  1.0000e+00
-6.7842e-01 -5.1215e+00  1.3222e-01 -2.4008e+00 -3.8110e+01 -2.6433e+00  3.8277e+01  1.0000e+00
-4.9871e-01  1.1977e+00 -7.3025e-05  1.0266e+01 -8.2620e+00  8.0874e+00  1.5461e+01  1.0000e+00
-2.2406e-02  7.7431e-01  9.2659e-03  1.0182e+00 -4.1446e-01 -1.8074e+01  1.8107e+01  1.0000e+00
 2.1111e-01  8.2629e-01  2.9793e-01 -1.8956e+01  5.4584e+00  6.2481e+00  2.0692e+01  1.0000e+00
-3.4697e-01  1.2661e+00  2.8294e-01 -5.2541e+00 -9.6174e+00 -4.4092e+00  1.1813e+01  1.0000e+00
-3.4871e+01 -4.1768e+01  1.9514e+01 -5.1364e+01 -6.2592e+01  2.9543e+01  8.6190e+01  1.0000e+00
 1.0496e-01  1.2208e+00 -9.5895e-02  3.6386e+00 -2.3667e+00  1.0980e+01  1.1807e+01  1.0000e+00
-2.9946e+00  5.3448e+00 -2.1927e+00 -3.7151e+00  7.4228e+00 -2.0984e+00  8.5617e+00  1.0000e+00
-1.4679e-01  9.3361e-01  2.5860e-01 -2.3864e+01 -5.8303e-01 -6.2714e+00  2.4682e+01  1.0000e+00
 5.4451e-02  1.1153e+00  3.1831e-01  6.1830e+00 -1.5783e+01  5.8597e+00  1.7935e+01  1.0000e+00
-6.5946e-01  8.9506e-01  7.0912e-01 -1.7066e+01  1.9067e+00 -2.0303e-01  1.7173e+01  1.0000e+00
 4.1275e-01  1.5964e+00  3.5295e-01  8.5466e+00  7.2670e-01 -2.1436e+00  8.8412e+00  1.0000e+00
 2.2488e-01  7.9760e-01 -1.2727e-02  1.0558e+01  1.0314e+01 -1.2019e+00  1.4808e+01  1.0000e+00
-1.1919e-01 -1.5891e+01  7.5860e+00 -1.8624e-01 -2.3382e+01  1.0949e+01  2.5819e+01  1.0000e+00
-2.0729e+01 -1.2394e+01 -7.4632e+00 -3.2192e+01 -1.9079e+01 -1.2003e+01  3.9299e+01  1.0000e+00
 1.3046e-02  1.6632e-01  1.6175e-01 -8.6971e+00 -4.3582e+00  1.3977e+00  9.8279e+00  1.0000e+00
-6.8519e-01  7.7874e-01  8.7248e-01  5.3663e+00  1.3413e+00 -7.1404e+00  9.0322e+00  1.0000e+00
 2.6597e+01 -9.5255e+00 -1.5682e+00  4.0689e+01 -1.4503e+01 -2.2785e+00  4.3256e+01  1.0000e+00
-9.4865e-01  1.3801e+00 -6.3749e-01 -8.4818e+00  4.3873e+00  8.5951e+00  1.2848e+01  1.0000e+00
 2.6131e+02 -3.2341e+02  2.1187e+02  3.8386e+02 -4.7418e+02  3.0947e+02  6.8408e+02  1.0000e+00
-2.2288e-01  9.5425e-01  5.4992e-01  1.6107e+00  1.8190e+01 -1.0300e+01  2.0966e+01  1.0000e+00
-2.3528e-01  1.0258e+00  8.7733e-01  5.3796e+00 -2.4529e+00  9.3883e+00  1.1095e+01  1.0000e+00
-8.1044e-02  9.3408e-01 -1.4657e-01 -1.0715e+01  7.6784e+00  1.1878e+01  1.7744e+01  1.0000e+00
 1.4610e+01  1.1796e+01  1.1272e+00  2.1346e+01  1.7087e+01  1.8723e+00  2.7407e+01  1.0000e+00
-1.1826e+01 -3.0558e+00  6.3819e+00 -1.8689e+01 -4.6356e+00  1.0835e+01  2.2094e+01  1.0000e+00
 3.6041e+00 -1.9877e+01  9.9976e-01  5.2555e+00 -2.9399e+01  1.2248e+00  2.9890e+01  1.0000e+00
-6.0799e-01  4.7347e-01 -6.9408e-02 -2.6920e-01  8.4324e+00 -2.5868e+00  8.8244e+00  1.0000e+00
 9.5102e-01  9.1815e+00 -1.4218e+01  1.2546e+00  1.3206e+01 -2.0683e+01  2.4572e+01  1.0000e+00
-3.9530e+01  1.3308e+01  1.4447e+01 -6.8507e+01  2.3105e+01  2.4977e+01  7.6491e+01  1.0000e+00
-2.0804e-01  1.1967e+00  2.1452e-01 -1.6291e+00  4.8223e+00 -3.7462e+00  6.3200e+00  1.0000e+00
-3.9938e-01  3.7750e-01  1.8050e-01  9.3255e+00  4.9204e+00 -4.0743e+00  1.1304e+01  1.0000e+00
-2.0050e-01  3.7321e-01  2.3446e-01  2.4825e+00  1.3357e+01  2.5593e+00  1.3825e+01  1.0000e+00
 1.1290e+00  3.4424e-01 -4.5852e-02 -1.0101e+01  3.7562e+00  5.1971e+00  1.1964e+01  1.0000e+00
 1.9846e+00 -2.0483e+01  1.6275e+01  2.9619e+00 -3.1152e+01  2.4781e+01  3.9917e+01  1.0000e+00
 1.1703e+01 -2.1853e+01  8.7266e+00  2.3460e+01 -4.4047e+01  1.7177e+01  5.2778e+01  1.0000e+00
-1.1110e+00  1.1739e+01  1.8804e+00 -3.2385e+00  1.5362e+01  2.9878e+00  1.5981e+01  1.0000e+00
 1.3055e-01  1.1797e+00  7.8721e-01 -4.3571e+00 -7.6036e+00 -1.1184e+01  1.4209e+01  1.0000e+00
-3.4249e-01  1.3133e+00  1.9931e-01 -1.4616e+01  3.1282e+01 -5.9478e+00  3.5037e+01  1.0000e+00
-1.6271e-01  1.1009e+00  2.3218e-01  8.2234e+00  1.0639e+01 -1.4808e+01  2.0002e+01  1.0000e+00
 1.0461e+01 -3.3397e+00  5.6143e+00  1.4518e+01 -3.7433e+00  7.2987e+00  1.6675e+01  1.0000e+00
-2.5361e-01  1.3465e+00  1.4179e+00  5.5122e+00  2.4317e+00  5.8627e+00  8.4065e+00  1.0000e+00
-8.3518e-02  6.6149e-01 -4.4876e-01  1.1651e+00  2.6716e+00  5.6167e+00  6.3279e+00  1.0000e+00
-3.7572e-01  9.5989e-01  4.3082e-01  1.7030e+01  1.4571e+00  2.6209e+00  1.7292e+01  1.0000e+00
-4.3508e+00 -3.7219e+00 -2.2045e+01 -6.3758e+00 -5.4153e+00 -3.3037e+01  3.4079e+01  1.0000e+00
-1.4654e+00 -4.9897e-01  4.2777e+00  2.8111e-02  1.3716e+00  1.5772e+00  2.0903e+00  1.0000e+00
 2.6975e+01 -5.8961e-01 -5.8184e+00  4.1226e+01 -7.3542e-01 -8.5744e+00  4.2115e+01  1.0000e+00
-4.0793e-01 -2.4086e-01  3.1206e-01  3.6577e+00  2.1264e+00  3.4470e+00  5.4573e+00  1.0000e+00
 9.4048e+00 -1.5628e+00  2.4654e+01  1.4395e+01 -2.8256e+00  3.7742e+01  4.0493e+01  1.0000e+00
-9.8168e-01  1.3922e+00 -1.3324e+00 -2.8742e-01  2.3654e+00  2.9571e+00  3.7976e+00  1.0000e+00
-6.6849e-01  4.1249e-01  6.7781e-01 -7.9943e+00  5.2816e+00 -1.5061e+01  1.7850e+01  1.0000e+00
-1.0591e+01  1.8039e+00  1.7268e+01 -1.5468e+01  2.6705e+00  2.5648e+01  3.0070e+01  1.0000e+00
-1.8885e+00  8.1707e+00 -3.5662e-01 -3.7918e+00  7.1291e+00 -8.2853e-01  8.1172e+00  1.0000e+00
-3.8925e-01  7.5246e-01  2.1965e-01  1.3317e+01 -4.8532e+00 -3.0115e-01  1.4177e+01  1.0000e+00
 8.8316e-01  4.2317e+01  2.7484e+01  2.8049e-01  6.3456e+01  4.0459e+01  7.5257e+01  1.0000e+00
-5.8999e+00  5.2349e+00 -1.8840e+00 -5.8003e+00  5.2377e+00 -6.2056e-01  7.8397e+00  1.0000e+00
-7.7835e-01  7.3215e-01  5.6547e-01 -6.9731e+00 -1.0505e+01  1.2357e+01  1.7654e+01  1.0000e+00
-8.0552e-01  1.0047e+00  3.6732e-01 -1.9148e+00  7.4126e-01 -9.6436e-01  2.2685e+00  1.0000e+00
-1.5025e-01  1.1303e+00  2.3479e-01 -7.8881e+00  8.3057e+00  5.3239e-01  1.1467e+01  1.0000e+00
-3.3202e-01  1.1621e+00  2.1105e-01  1.1128e+01 -1.7272e+01 -7.9626e+00  2.2036e+01  1.0000e+00
-2.2687e-01  8.6572e-01  2.0183e-01 -1.2695e+01  4.2733e+00  1.7389e-01  1.3396e+01  1.0000e+00
-3.0894e+00  3.0861e-01  4.5434e+00 -2.7481e-01  1.5205e+00  1.7223e+00  2.3139e+00  1.0000e+00
-2.0187e-01  1.0140e+00  3.4432e-01 -1.7588e+01  2.4074e+01 -6.3038e+00  3.0473e+01  1.0000e+00
-1.4926e+01  1.2498e+01  4.2769e+00 -2.6964e+01  2.2516e+01  7.1816e+00  3.5855e+01  1.0000e+00
-5.6969e-01  1.5282e+00  3.1371e-01 -1.8166e+00 -1.0899e+01  5.5896e+00  1.2383e+01  1.0000e+00
-2.6043e-01  1.0802e+00  3.1735e-01 -1.5503e+01  9.4018e+00  1.2348e+01  2.1936e+01  1.0000e+00
 9.0496e-02  1.1216e+00  2.0024e-01  1.1299e+01 -5.6764e+00  1.1840e+01  1.7323e+01  1.0000e+00
-4.7747e-02  1.5382e+00  3.2928e-01 -7.5207e+00 -1.5418e+00  3.1206e+00  8.2871e+00  1.0000e+00
 8.8566e+00 -1.4887e+01 -7.4644e+00  1.3143e+01 -2.1501e+01 -1.1023e+01  2.7505e+01  1.0000e+00
 4.1410e-02  2.1045e-01  4.7354e-01 -7.0215e+00  1.5841e+01  1.4923e+00  1.7392e+01  1.0000e+00
 1.1618e+01  3.2309e+00 -2.5910e+01  1.7779e+01  5.2369e+00 -3.8033e+01  4.2308e+01  1.0000e+00
-1.8532e+00  1.0032e+01 -6.2551e+00 -2.4949e+00  1.3266e+01 -7.3283e+00  1.5360e+01  1.0000e+00
-2.3211e+01 -8.1321e+00  5.5149e+00 -3.5475e+01 -1.2108e+01  8.3853e+00  3.8410e+01  1.0000e+00
 2.9125e+01 -2.8036e+00 -1.1926e+01  4.5037e+01 -4.2883e+00 -1.8269e+01  4.8790e+01  1.0000e+00
 1.1301e+01 -6.2470e+01  3.8753e+01  1.7616e+01 -9.7711e+01  6.0738e+01  1.1639e+02  1.0000e+00
-6.8369e-01  1.1378e+00  6.2676e-01  4.8284e+00 -7.5424e-01 -4.1948e+00  6.4404e+00  1.0000e+00
-4.2038e-02  9.8664e-01  1.4363e-01 -2.0587e+01  3.1679e-01 -1.1796e+00  2.0623e+01  1.0000e+00
-2.0769e-01  9.7229e-01  1.6936e-01  1.5553e+01  8.2656e+00 -1.3533e+00  1.7665e+01  1.0000e+00
 1.6726e-01  1.2717e+00  2.5444e-01 -2.0889e+01 -1.0080e+01  3.1248e+00  2.3404e+01  1.0000e+00
-1.4106e+01 -6.9284e+00 -7.2168e+00 -2.0834e+01 -9.5245e+00 -1.0636e+01  2.5257e+01  1.0000e+00
 2.5021e-01  6.9764e-01  7.4483e-01  1.1637e+01  1.7975e+00 -1.1434e+00  1.1830e+01  1.0000e+00
-9.3366e-01  3.7512e-01  4.5956e-01 -3.8878e+00 -4.4948e+00 -8.8636e+00  1.0672e+01  1.0000e+00
-5.3345e-01  1.6915e+00 -1.5571e-01 -3.2355e+00 -2.6868e+00 -7.3312e+00  8.4518e+00  1.0000e+00
-1.5798e-01  1.0760e+00  1.5755e-01 -1.1051e+01  1.9696e+01 -6.3937e+00  2.3472e+01  1.0000e+00
 3.1020e+00 -2.8493e+00 -3.6402e+00  2.1005e+00 -3.5170e-01 -2.3610e+00  3.1797e+00  1.0000e+00
-1.0249e-01  1.0951e+00  2.4693e-01  2.9365e+01  5.7967e+00  6.5385e+00  3.0638e+01  1.0000e+00
-1.2946e-01  1.1715e+00  3.4988e-01  1.3348e+01  1.6804e+01  4.1844e+00  2.1864e+01  1.0000e+00
 9.5920e+00 -1.1613e+01 -1.4138e+01  1.4148e+01 -1.7641e+01 -2.0649e+01  3.0623e+01  1.0000e+00
 5.5548e+00  3.0256e+00 -3.1038e+00  2.2652e+01  8.9230e+00 -1.0532e+01  2.6526e+01  1.0000e+00
 1.1568e-01  8.4888e-01  2.1848e-01  3.4813e-01  3.2065e+00 -6.0958e+00  6.8965e+00  1.0000e+00
 9.4256e-02  9.1755e-01  4.7609e-01  1.0018e+01 -5.4744e+00  6.6051e+00  1.3189e+01  1.0000e+00
 1.1178e-02  2.0610e+00  8.6645e-01 -5.7874e+00 -6.7848e+00  6.6597e+00  1.1130e+01  1.0000e+00
 1.1903e+01 -5.6885e+00 -7.8264e+00  3.0792e+01 -1.5889e+01 -2.0236e+01  4.0127e+01  1.0000e+00
-6.8152e-01  9.4426e-01  4.5101e-01  3.0351e+00  9.1138e+00 -6.6887e+00  1.1705e+01  1.0000e+00
 4.8745e-01  9.2665e-01  4.4278e-01  1.6398e+01 -2.8759e-01  4.8545e+00  1.7104e+01  1.0000e+00
-3.2454e+01  7.8234e+00  1.5975e+01 -6.0150e+01  1.4438e+01  2.9692e+01  6.8615e+01  1.0000e+00
-5.2353e-01  9.0745e-01  3.5314e-01 -3.9284e+00 -1.3091e+01  3.0734e+00  1.4009e+01  1.0000e+00
 1.2714e+01  9.1073e+00 -1.0237e+00  1.7703e+01  1.3323e+01 -9.5977e-01  2.2177e+01  1.0000e+00
-3.0854e-01  1.1694e+00 -2.9299e-02 -1.0019e+01  7.7023e-01 -8.2161e+00  1.2980e+01  1.0000e+00
-4.6772e-01  1.0356e+00  4.7665e-01 -2.9974e+00 -1.0886e+01 -3.6255e+00  1.1859e+01  1.0000e+00
 2.8800e-01  7.4759e-01  6.9430e-01  5.8135e+00  5.5123e+00  8.8629e+00  1.1947e+01  1.0000e+00
 2.4834e+00  1.1580e+01 -5.2006e-01  3.8468e+00  1.4678e+01 -1.3710e+00  1.5236e+01  1.0000e+00
-2.5967e+02  3.2233e+02 -2.1562e+02 -3.7964e+02  4.7214e+02 -3.1702e+02  6.8377e+02  1.0000e+00
 8.1319e-01  4.1733e-01  1.5177e-01 -1.1925e+00  8.9440e+00  5.7966e+00  1.0725e+01  1.0000e+00
-2.4511e-01  8.4476e-01  1.6895e-01 -1.2021e+01  3.3159e+00 -2.2177e+00  1.2665e+01  1.0000e+00
-9.1886e-01  3.4789e+00 -7.2156e-02 -2.0045e+00  5.6631e+00 -1.5411e-01  6.0094e+00  1.0000e+00
-3.3486e-01  1.1274e+00  7.8996e-02 -1.0529e+01 -1.0691e+00 -2.2558e+01  2.4917e+01  1.0000e+00
 4.7331e-01  1.6115e+00  1.1274e-01  8.5077e+00 -9.1411e-01 -7.7346e+00  1.1534e+01  1.0000e+00
 9.1265e+00 -1.3448e+01 -1.2825e+01  1.2271e+01 -1.9771e+01 -2.0897e+01  3.1276e+01  1.0000e+00
 2.1978e+00 -1.3748e-01  5.6798e-01 -5.3625e+00  2.9453e+00  1.5778e+00  6.3183e+00  1.0000e+00
-1.2085e+00  6.2944e-01  2.1243e+00  6.1749e+00  3.6403e+00 -4.7194e+00  8.5822e+00  1.0000e+00
-1.7230e-01  1.0310e+00  5.5254e-01 -6.1318e+00 -9.3471e+00  1.2861e+01  1.7040e+01  1.0000e+00
-2.0102e+01  1.2540e+00  1.7228e+01 -3.0587e+01  2.2656e+00  2.6452e+01  4.0501e+01  1.0000e+00
-4.2406e-01  1.0380e+00  6.3492e-01 -6.9344e+00 -2.3964e+00 -1.0977e+01  1.3203e+01  1.0000e+00
-2.6517e-01  1.1257e+00  1.8300e-01 -1.2502e+01  6.1819e+00  1.2216e+01  1.8541e+01  1.0000e+00
-1.3603e+01  1.2400e+01 -2.1934e+01 -2.0751e+01  1.9163e+01 -3.3514e+01  4.3829e+01  1.0000e+00
 2.3002e+01 -1.5690e+01  6.3610e+00  3.5134e+01 -2.3822e+01  9.7941e+00  4.3564e+01  1.0000e+00
 1.2170e+01 -7.4734e+00  1.3673e+01  1.7741e+01 -1.0904e+01  2.0378e+01  2.9136e+01  1.0000e+00
-2.2546e-01  1.0392e+00 -1.4916e-01  2.0611e+01 -1.2871e+00 -9.9744e+00  2.2934e+01  1.0000e+00
-4.3221e-01  7.2811e-01  4.2105e-01 -8.4121e+00 -4.7774e+00  4.4795e+00  1.0661e+01  1.0000e+00
 2.7305e-01  1.1249e+00 -2.8302e-01 -1.5230e+00 -4.4656e+00 -4.5556e+00  6.5585e+00  1.0000e+00
-9.0353e+00  1.3031e+00  2.9106e+00 -1.0581e+01  9.6444e-01  2.9398e+00  1.1024e+01  1.0000e+00
-5.3231e-02  9.7046e-01  1.4974e-01  2.0831e+00  1.3097e+01 -4.2457e+00  1.3924e+01  1.0000e+00
 2.1882e-02  9.0074e-01  2.7814e-01  2.2807e+00  4.2856e+00  1.4279e+01  1.5082e+01  1.0000e+00
-1.3709e-01  9.4156e-01  1.0163e-01  1.3032e+01 -8.6174e+00  1.7009e+01  2.3095e+01  1.0000e+00
-3.4124e-01  1.1616e+00  9.1974e-02  8.9453e+00 -5.3005e+00  1.3246e+01  1.6839e+01  1.0000e+00
-8.7117e+00  8.6781e+00 -7.2818e+00 -1.1873e+01  1.3127e+01 -9.8769e+00  2.0269e+01  1.0000e+00
-9.3531e-01  3.2205e-01  7.8684e-02  4.1846e+00 -9.0106e+00  1.8333e+00  1.0103e+01  1.0000e+00
-6.9243e+00  4.3912e+00 -1.6890e+01 -1.0269e+01  6.4499e+00 -2.4684e+01  2.7502e+01  1.0000e+00
-2.6192e+00  1.0369e+01  4.1646e+00 -5.3737e+00  1.2838e+01  4.0544e+00  1.4496e+01  1.0000e+00
-2.1831e+01 -4.7633e+00 -6.0056e+00 -3.3404e+01 -6.8971e+00 -8.4349e+00  3.5136e+01  1.0000e+00
 2.9033e-01  1.8555e+00 -5.0553e-01 -2.1542e+00  5.7139e+00 -2.9683e+00  6.7897e+00  1.0000e+00
-1.0373e-01 -1.6393e-01 -3.1833e+00 -2.8908e-01  1.2605e+00  6.1956e-01  1.4339e+00  1.0000e+00
-7.9374e-01  9.9834e-01  2.4341e-02  8.6862e-01  3.7028e+00 -7.9421e+00  8.8058e+00  1.0000e+00
 5.1915e-02  1.1634e+00 -4.9843e-01  1.6787e+01  2.2091e+00 -1.2871e+01  2.1269e+01  1.0000e+00
-1.9695e-01  1.8970e+00  8.9903e-01 -1.1267e-01 -2.2641e+00 -1.0986e+01  1.1217e+01  1.0000e+00
-2.5802e-01  9.9357e-01  2.9534e-01  4.9506e+00 -1.8193e+01  1.6104e+01  2.4796e+01  1.0000e+00
-7.6674e-02  1.0021e+00  4.2900e-01  5.7139e+00  2.5281e+01  1.8878e+01  3.2065e+01  1.0000e+00
 2.8683e+00 -9.8778e-01 -4.4557e-01 -1.9423e+00  3.1174e+00 -4.2431e+00  5.6120e+00  1.0000e+00
 1.5527e+00  5.2528e+00 -1.3938e+00  4.2748e+00  1.1526e+01 -5.0662e+00  1.3296e+01  1.0000e+00
-3.1822e-01  4.8205e-01  5.4667e-01 -3.1450e+00 -1.2145e+01  5.4281e+00  1.3670e+01  1.0000e+00
-2.8088e+01  3.0846e+01 -1.8768e+01 -4.1931e+01  4.4194e+01 -2.6631e+01  6.6487e+01  1.0000e+00
-2.1018e-01  1.1587e+00  7.3522e-01 -3.1515e+00 -2.5613e+00  1.1521e+01  1.2216e+01  1.0000e+00
 6.5544e-01  2.3922e+00 -3.0856e-01 -1.1528e+01 -2.0846e+00  4.9096e+00  1.2703e+01  1.0000e+00
-7.8915e+00 -3.5618e+00 -7.5309e+00 -1.9778e+01 -1.0750e+01 -2.0155e+01  3.0215e+01  1.0000e+00
-1.6013e-01  9.4242e-01  2.5038e-01 -1.4796e+00 -1.3143e+01 -1.5479e+01  2.0360e+01  1.0000e+00
-4.8386e-01 -1.5220e+01 -8.3640e+00 -6.0147e-01 -2.1917e+01 -1.2495e+01  2.5235e+01  1.0000e+00
 3.7728e-02  9.6495e-01  4.9636e-01 -9.1450e+00  1.1251e+01  1.8670e+01  2.3639e+01  1.0000e+00
 9.1952e+00 -1.3390e+01 -1.2807e+01  1.5163e+01 -1.9798e+01 -1.7021e+01  3.0192e+01  1.0000e+00
-2.9563e-01  1.3280e+00  6.5321e-01 -1.0542e-01 -3.0856e+00  4.4622e+00  5.4262e+00  1.0000e+00
-2.0758e+01  5.6992e+00 -1.0757e+01 -9.1062e+01  2.1579e+01 -4.8411e+01  1.0536e+02  1.0000e+00
 1.1364e+00  9.5473e+00  3.8503e+00  2.4810e+00  1.1703e+01  3.9511e+00  1.2599e+01  1.0000e+00
 4.5769e+00 -9.3271e+00  1.4715e+01  7.0130e+00 -1.3528e+01  2.1709e+01  2.6523e+01  1.0000e+00
-3.8916e-01  1.0537e+00  3.1376e-01 -6.6861e+00 -1.7685e+01  4.3164e+00  1.9393e+01  1.0000e+00
-1.5604e+01  9.0491e+00 -3.5298e+00 -4.2440e+01  2.3394e+01 -9.9364e+00  4.9469e+01  1.0000e+00
-3.3399e-01  1.0757e+00  4.5245e-01  6.1864e+00 -8.8429e+00  1.4742e+01  1.8270e+01  1.0000e+00
-1.9372e-01  3.9207e-01 -4.4284e-01 -6.6728e-01  5.6446e+00  3.4529e+00  6.6505e+00  1.0000e+00
-1.1023e+01 -3.7171e+00  6.6086e+00 -1.5162e+01 -5.2132e+00  8.4580e+00  1.8128e+01  1.0000e+00
-3.3609e-01  1.1299e+00  6.6489e-01  6.6463e+00  4.2143e+00 -3.3777e+00  8.5640e+00  1.0000e+00
-1.3185e+00  3.8773e+00  6.5884e-01 -1.0324e+01  2.2839e+01  3.0312e+00  2.5247e+01  1.0000e+00
 1.7445e+01 -2.2381e+01 -1.7793e+00  2.6871e+01 -3.4110e+01 -2.7939e+00  4.3512e+01  1.0000e+00
-9.0725e-01  2.6435e+00  4.7330e-01 -3.6136e+00  7.6528e+00  3.2554e+00  9.0676e+00  1.0000e+00
 9.3009e-01 -1.6236e+00  1.1342e+00  3.2969e-01 -6.1517e+00  3.3523e+00  7.0136e+00  1.0000e+00
 3.2068e-01  1.1748e+00  2.4260e-01 -9.4241e-01  1.1729e+01 -1.1291e+01  1.6308e+01  1.0000e+00
-5.9558e-01  1.7907e+00  3.1443e-01 -2.2497e+00 -1.3963e+01 -7.3679e-01  1.4163e+01  1.0000e+00
-3.4688e-01  1.2332e+00  3.2880e-01 -1.8969e+01  1.7298e+01 -2.3240e+01  3.4629e+01  1.0000e+00
-7.5473e-01  9.1329e-01  6.3128e-01  1.3153e+00  7.9612e+00 -7.7951e+00  1.1219e+01  1.0000e+00
-1.6908e+00  7.2656e-01 -2.6499e-01 -5.2874e+00  3.5364e+00 -4.8966e+00  8.0274e+00  1.0000e+00
-5.5622e+00 -1.8624e+00 -1.1503e+00 -5.9916e+00 -9.6911e-01 -6.2382e-01  6.1014e+00  1.0000e+00
-3.4077e-01  1.1096e+00  6.3530e-01 -2.9849e+00 -3.4107e+00  1.2357e+01  1.3162e+01  1.0000e+00
-2.8972e-01  9.8536e-01  1.3593e-01  1.5875e+01 -1.3353e+01  5.2684e+00  2.1403e+01  1.0000e+00
 1.4881e-02  8.5843e-01  3.0213e-01 -4.5240e+00  8.9484e+00  3.7945e+00  1.0721e+01  1.0000e+00
 8.4686e-02  1.3861e+00  8.0119e-01 -4.2866e+00  3.4537e+00  5.7813e+00  7.9830e+00  1.0000e+00
 1.1308e-01  1.1825e+00  2.5912e-01 -1.1274e+00 -3.7490e+00  2.2259e+00  4.5034e+00  1.0000e+00
-1.8016e-01  1.7856e+00  9.2783e-01  7.4653e+00  1.0435e+01  1.0766e+01  1.6749e+01  1.0000e+00
 2.3200e+00 -4.9945e+00 -1.3872e+00  2.1907e+01 -5.0845e+01 -1.3364e+01  5.6954e+01  1.0000e+00
 5.8154e-01  6.5516e-01  6.9664e-01  1.3557e+01 -1.1377e+00  3.3214e+00  1.4005e+01  1.0000e+00
-3.3875e+01  2.7423e+01  1.2728e+01 -8.1274e+01  6.5132e+01  3.0721e+01  1.0859e+02  1.0000e+00
 3.4842e-01  7.7386e-01  1.7205e-01 -1.4238e+01  1.1809e+01 -1.2108e+01  2.2108e+01  1.0000e+00
 8.9453e-02  1.5533e+00  1.1840e+00 -2.6149e+00 -1.3062e+00 -4.1586e+00  5.0831e+00  1.0000e+00
-1.1539e+02  3.8872e+00  1.0361e+02 -2.4181e+02  7.3671e+00  2.1773e+02  3.2547e+02  1.0000e+00
-1.0571e-01  1.4401e+00 -3.9152e-02  1.2794e+01 -2.4902e+00 -1.2433e+00  1.3093e+01  1.0000e+00
-9.1691e-01  9.9462e-01 -4.8511e-01 -9.5848e+00 -2.6422e+00 -5.2686e+00  1.1252e+01  1.0000e+00
-4.0319e-01  9.8076e-01  3.4809e-01 -2.1911e+01  5.7232e+00  1.0123e+00  2.2669e+01  1.0000e+00
-3.3394e+00  4.9627e+00  1.2800e+01 -4.2877e+00  6.0172e+00  1.6050e+01  1.7669e+01  1.0000e+00
 5.6374e+00  2.3397e+00  1.4422e+00  2.8239e+00  2.7162e+00  1.6369e+00  4.2464e+00  1.0000e+00
 9.6223e+00 -5.5936e+00 -8.2429e+00  1.3278e+01 -8.1064e+00 -1.1168e+01  1.9151e+01  1.0000e+00
-2.5075e-01  9.6571e-01  4.1761e-01 -5.0788e+00  7.5862e+00  3.6720e+00  9.8401e+00  1.0000e+00
 1.3838e+01 -1.4081e+01 -2.0814e+01  2.1320e+01 -2.1465e+01 -3.1543e+01  4.3706e+01  1.0000e+00
-3.4341e-01  8.5924e-01  4.0441e-01  4.1233e-01 -4.3303e-01  7.5260e+00  7.5497e+00  1.0000e+00
-2.1725e-01  1.1911e+00  2.9427e-01 -6.1261e+00 -4.9113e+00  3.9297e-02  7.8519e+00  1.0000e+00
-2.5902e-01  1.4648e+00  3.3025e-01 -4.5609e+00  1.2373e+01 -7.4776e+00  1.5159e+01  1.0000e+00
-8.8551e+00 -1.3901e+01 -1.3211e+01 -2.4978e+01 -4.1624e+01 -3.8357e+01  6.1869e+01  1.0000e+00
-3.9597e-02  9.0094e-01  5.8806e-01 -6.6815e+00  2.3066e+01 -1.0920e+01  2.6381e+01  1.0000e+00
-1.3206e-01  9.5500e-01  1.4494e+00 -5.1150e+00 -1.7875e+00 -5.1427e+00  7.4703e+00  1.0000e+00
-3.3920e-01  1.2877e+00 -1.8665e-01 -6.7250e+00  8.6675e+00  1.0108e+00  1.1017e+01  1.0000e+00
-1.7239e-02  8.1458e-01  3.0982e-01  4.7880e+00 -2.0310e+01 -1.4290e+01  2.5291e+01  1.0000e+00
 7.7832e-03  1.6645e+00 -5.4687e-01 -2.4974e+00  5.9195e-01  3.9878e+00  4.7424e+00  1.0000e+00
-1.3664e+00  2.3789e+00  2.6171e+00 -5.3059e-01  3.0316e+00  6.3923e-01  3.1434e+00  1.0000e+00
-3.4915e+00  5.2793e+00  1.5002e+01 -4.4767e+00  7.8480e+00  2.1238e+01  2.3080e+01  1.0000e+00
 2.6618e-01  1.8961e+00 -3.1518e-01 -5.1620e+00  1.4044e+00 -1.2810e+01  1.3882e+01  1.0000e+00
-5.2892e-01  1.1769e+00  1.0400e+00  4.3029e+00  4.1054e+00 -3.8182e+00  7.0674e+00  1.0000e+00
-2.7674e-01  1.2333e+00  3.6494e-01  9.5646e+00 -9.6151e+00  1.2572e+01  1.8493e+01  1.0000e+00
-7.8182e-01  6.2614e-01 -4.1282e-01 -1.1435e+01 -1.4316e+00 -2.6996e+00  1.1836e+01  1.0000e+00
 1.0536e+01 -2.6505e+01  4.6965e+01  1.5603e+01 -3.9382e+01  7.0865e+01  8.2561e+01  1.0000e+00
 2.0146e+01  3.8412e+00  1.8992e+01  3.0691e+01  5.7929e+00  2.9169e+01  4.2736e+01  1.0000e+00
-3.0493e+00  1.2210e+00 -7.4664e-01 -2.5827e+00  9.0656e-01 -1.7390e+00  3.2429e+00  1.0000e+00
-8.2159e-01  1.1711e+00 -8.7077e-02  1.3150e+01 -1.1318e+00 -1.5246e+00  1.3286e+01  1.0000e+00
-5.8505e-02  1.4159e+00  5.3953e-01 -4.8672e-01  1.2456e+00 -1.2936e+00  1.8606e+00  1.0000e+00
-5.3256e+00  3.4836e+00  2.1079e+01 -8.0026e+00  5.5428e+00  3.1624e+01  3.3089e+01  1.0000e+00
-1.3889e+01 -2.6244e+00 -1.3220e+01 -2.0381e+01 -2.5034e+00 -1.8842e+01  2.7869e+01  1.0000e+00
-3.4033e-01  1.3017e+00  3.8881e-01 -2.8046e+01  3.4165e+00  1.6711e+01  3.2825e+01  1.0000e+00
-7.5045e+00 -1.2797e+01 -1.0300e+00 -1.2095e+01 -2.2008e+01 -1.2869e+00  2.5145e+01  1.0000e+00
-1.1798e+00 -5.5829e-01  7.6306e-01  5.5471e+00  5.9879e+00 -1.5304e+00  8.3046e+00  1.0000e+00
-1.4979e-02  7.3673e-01  4.7602e-01  7.8037e+00 -4.6255e+00  1.5688e+01  1.8122e+01  1.0000e+00
-2.3533e+00 -9.4577e-01 -9.5582e-03  1.1182e-01  3.1235e+00  1.0802e+00  3.3069e+00  1.0000e+00
-3.6688e-01  1.3426e+00  4.4829e-01  1.0324e+01  1.3626e-01 -1.5522e+00  1.0441e+01  1.0000e+00
-3.9001e-01  1.0562e+00  2.2568e-01 -9.6979e+00 -4.1537e+00  7.6198e+00  1.3014e+01  1.0000e+00
-7.2300e+00  2.2823e+01 -2.9419e+00 -1.0792e+01  3.4422e+01 -4.3337e+00  3.6334e+01  1.0000e+00
 3.8064e+00  1.6005e+00  4.2319e+00  1.2954e+00  3.9688e+00  4.4776e+00  6.1220e+00  1.0000e+00
-1.3018e+01 -2.2631e-01 -3.3752e+00 -1.7774e+01  4.0185e-01 -4.7615e+00  1.8405e+01  1.0000e+00
 1.5675e+00  1.8044e+00 -2.8726e+00  3.0619e+00  1.6285e+00 -1.1288e+00  3.6471e+00  1.0000e+00
-1.0445e+01 -4.0283e+00  7.2318e+00 -1.4174e+01 -4.5410e+00  9.8306e+00  1.7837e+01  1.0000e+00
-2.6056e-01  1.5799e+00  1.7882e-01  4.0437e+00  1.3433e+01  4.0475e+00  1.4601e+01  1.0000e+00
 2.6754e+01  9.6795e+00  2.2358e+00  4.0726e+01  1.4950e+01  3.3327e+00  4.3512e+01  1.0000e+00
 9.6650e+00  1.3448e+01  1.8064e+00  1.4146e+01  1.9236e+01  3.0847e+00  2.4075e+01  1.0000e+00
-2.0872e+01 -1.2540e+01 -7.7794e+00 -3.1394e+01 -1.8239e+01 -1.1070e+01  3.7958e+01  1.0000e+00
 1.1646e+00  2.6849e+00 -4.4118e-01  9.4579e+00  4.0866e+00 -8.7314e+00  1.3505e+01  1.0000e+00
-2.0519e+01 -4.9364e-01 -5.3740e+00 -3.0774e+01 -4.5722e-01 -8.1220e+00  3.1831e+01  1.0000e+00
 4.6917e-01  6.1143e-01  5.3853e-01  2.3106e+00 -1.7863e+00 -3.8575e+00  4.8385e+00  1.0000e+00
-6.2261e-02  1.1243e+00  4.9703e-01 -1.0095e+01  1.9639e+01  3.1622e+00  2.2307e+01  1.0000e+00
-4.1935e+00  1.6595e+01 -6.4031e+00 -5.6507e+00  2.4692e+01 -9.2493e+00  2.6966e+01  1.0000e+00
 2.5118e+01  2.0581e+01 -1.5778e+01  4.7203e+01  3.8200e+01 -2.9467e+01  6.7495e+01  1.0000e+00
-5.4504e-01  5.9877e-01  3.4222e-01  1.1041e+01  6.9408e+00  1.4817e+01  1.9739e+01  1.0000e+00
-7.8054e-01  9.9504e-01 -2.2226e+00  2.8141e+00  3.8405e+00  6.9292e+00  8.4072e+00  1.0000e+00
 1.4817e-02  1.2284e+00  1.0805e+00  7.7261e-01 -6.0101e+00  7.0209e+00  9.2742e+00  1.0000e+00
 3.8198e+00 -3.0133e+00 -4.9271e-02  2.9773e+00 -6.0877e-01  4.0508e+00  5.0640e+00  1.0000e+00
 2.3013e+00 -1.5723e+00  8.0561e-01  4.2763e+00 -1.2099e-01  1.4190e-01  4.2803e+00  1.0000e+00
-1.9692e-01  4.1505e-01  1.5085e-01 -7.1624e+00  7.7167e+00  1.1307e+01  1.5450e+01  1.0000e+00
-1.5950e+01 -8.0305e+00 -2.8016e+01 -2.4833e+01 -1.2612e+01 -4.3887e+01  5.1979e+01  1.0000e+00
-2.8475e+01 -9.4857e+00 -9.4924e-01 -4.3778e+01 -1.4226e+01 -1.5518e+00  4.6058e+01  1.0000e+00
 3.2775e+00 -2.6483e+00 -4.0951e+00  4.3050e+00 -7.3089e-01 -2.0979e+00  4.8444e+00  1.0000e+00
 2.8781e+01  4.9699e+00 -2.9977e+00  4.3985e+01  7.9252e+00 -4.7048e+00  4.4940e+01  1.0000e+00
-2.5241e-01  1.3635e+00  2.7698e-01 -5.6064e+00  1.3620e+00 -1.7749e+01  1.8663e+01  1.0000e+00
-5.0115e-01  9.9902e-01  1.6837e-01  1.3213e-01 -1.0010e+01  9.0647e+00  1.3505e+01  1.0000e+00
 4.2436e-02  1.0464e+00  1.9552e-01 -1.0486e+00  1.7364e+01  1.0370e+01  2.0252e+01  1.0000e+00
-2.4042e+00  1.4907e+00 -1.3044e-01 -1.5148e+01  3.9091e+00 -1.4953e-01  1.5645e+01  1.0000e+00
-1.6372e-01  1.3911e+00  3.8211e-01 -3.6823e+00 -2.6258e-01  1.1480e+01  1.2059e+01  1.0000e+00
-5.3797e-02  5.3279e-01  1.0356e+00  9.7956e-02  3.4206e+00  1.1534e+00  3.6111e+00  1.0000e+00
 1.9702e-01  1.2356e+00  4.5207e-01  1.8843e+00 -1.4427e+01 -6.8878e+00  1.6097e+01  1.0000e+00
-1.1504e+01  9.8035e+00 -1.8227e+00 -1.6143e+01  1.3619e+01 -2.2225e+00  2.1237e+01  1.0000e+00
-4.3629e-01  8.9537e-01  5.4021e-02  7.3927e+00 -1.2231e+01  1.7424e+01  2.2535e+01  1.0000e+00
-1.1670e+01 -3.4946e+00 -1.3453e-01 -1.5282e+01 -4.5853e+00 -4.2975e-01  1.5960e+01  1.0000e+00
 2.1776e-01  6.4119e-01  1.1967e+00  6.6079e-01  4.1730e+00 -6.5848e+00  7.8237e+00  1.0000e+00
-6.0389e-02  7.3081e-01  1.1005e-01 -9.1586e+00 -1.4371e+01  9.9270e-01  1.7070e+01  1.0000e+00
 2.0165e-01  1.1399e+00  5.4487e-01  4.8004e+00 -2.7523e+00  2.1643e+01  2.2339e+01  1.0000e+00
-2.2314e-01  1.5120e+00 -7.5113e-01 -5.1036e+00  1.0637e+01 -6.0653e+00  1.3265e+01  1.0000e+00
 9.1911e+00 -2.2665e+01 -1.0928e+01  1.4041e+01 -3.4317e+01 -1.6591e+01  4.0621e+01  1.0000e+00
-2.0626e+01 -3.6790e+00  1.8579e+01 -3.1551e+01 -5.2794e+00  2.8394e+01  4.2773e+01  1.0000e+00
-5.3716e-01  1.4287e+00  3.9087e-01  4.7160e+00 -6.2716e+00 -6.4778e+00  1.0175e+01  1.0000e+00
-2.5473e+00 -9.7199e-01 -3.6794e+00 -1.3552e+00  1.6309e+00  1.0867e-01  2.1232e+00  1.0000e+00
-4.3795e-01  1.3471e+00  1.3580e-01 -1.6559e+01  2.2454e+01 -1.2129e+00  2.7926e+01  1.0000e+00
 6.4117e-01  7.9241e-01  8.0216e-01 -4.1445e+00 -1.4597e+00 -1.7070e+00  4.7139e+00  1.0000e+00
-1.8487e+00 -1.8337e+01 -1.2941e+01 -2.0415e+00 -2.7891e+01 -1.9912e+01  3.4331e+01  1.0000e+00
-2.9711e+00  5.1293e+00 -3.7695e+00 -2.5305e+00  4.4035e+00 -1.6444e+00  5.3384e+00  1.0000e+00
-3.7212e-01  8.8579e-01  7.4835e-01  5.0602e+00  8.3801e-01  1.9916e+01  2.0566e+01  1.0000e+00
-4.1508e-01  8.2112e-01 -9.5422e-02 -5.4925e+00  2.8407e+00 -9.4305e+00  1.1277e+01  1.0000e+00
-1.5417e+00  6.0708e-01  7.4873e-01 -3.3944e-01  2.8262e+00  1.1402e+00  3.0664e+00  1.0000e+00
-3.8364e+00  1.6890e+01 -7.0698e+00 -5.7870e+00  2.4218e+01 -9.7028e+00  2.6724e+01  1.0000e+00
 8.4227e-02  6.0306e-01 -3.6632e-01 -6.5441e+00  5.8204e+00  1.3229e+01  1.5865e+01  1.0000e+00
 6.2415e-01  3.1987e+00  2.0729e+01  1.8393e+00  5.1136e+00  2.8354e+01  2.8870e+01  1.0000e+00
 2.5984e-01  4.2531e+00 -2.4064e+00  5.5038e-01  6.0437e+00 -4.8660e+00  7.7786e+00  1.0000e+00
-2.7259e-01  9.4357e-01  1.1577e-01  4.8779e+00  8.7134e+00  6.2208e+00  1.1765e+01  1.0000e+00
-4.8210e-01  1.2661e+00  2.9927e-01 -1.7612e+01  8.9970e+00 -7.8709e+00  2.1286e+01  1.0000e+00
-1.5574e-01  1.2968e+00  1.1983e-01 -2.2592e+00  1.1765e+00 -1.2084e+01  1.2349e+01  1.0000e+00
 6.3295e+00  1.2984e+01  6.9440e+00  9.2157e+00  1.8678e+01  9.6788e+00  2.2967e+01  1.0000e+00
-1.1744e-01  1.2214e+00  2.2730e-01  3.3465e+00 -8.3918e+00  1.1118e+01  1.4326e+01  1.0000e+00
 1.2049e+00 -4.2455e-01  1.1110e+00  2.6393e-01  2.8479e+00 -1.5261e-01  2.8642e+00  1.0000e+00
-2.5533e-02  9.9093e-01  3.1185e-01 -1.2336e+00  1.8632e+00 -1.4729e+01  1.4897e+01  1.0000e+00
 1.1931e-01  4.8563e-01  3.3772e-01  4.7666e+00  5.1274e+00  2.4113e+00  7.4043e+00  1.0000e+00
 2.1431e-01  1.3685e+00  5.0859e-01 -1.4137e-01  1.3067e+01  7.8318e+00  1.5235e+01  1.0000e+00
 2.6418e-02  7.3904e-01  1.9471e-01 -8.5081e+00  3.0976e+00  5.2253e+00  1.0454e+01  1.0000e+00
 1.0065e+01 -7.3503e+00 -1.2234e+00  1.3576e+01 -9.6622e+00 -1.3487e+00  1.6717e+01  1.0000e+00
-8.4231e-02  6.3124e-01  1.3479e-01 -7.2406e+00 -5.3865e+00 -8.7136e+00  1.2545e+01  1.0000e+00
 1.8293e+01 -3.4449e+01  2.2019e+01  2.5232e+01 -5.0349e+01  3.2437e+01  6.4991e+01  1.0000e+00
-2.8129e-01  2.7784e+00  1.8438e-01 -6.0693e-01  7.5321e+00 -1.1876e+01  1.4076e+01  1.0000e+00
 1.8881e+00 -9.6055e+00 -2.7456e+01  2.7485e+00 -1.4587e+01 -4.1901e+01  4.4453e+01  1.0000e+00
-7.4266e+00 -1.0791e+01 -1.8557e+01 -1.1701e+01 -1.6188e+01 -2.7955e+01  3.4357e+01  1.0000e+00
-1.3155e+00 -1.9733e+01  2.1338e+00 -1.7473e+00 -2.9475e+01  3.1702e+00  2.9696e+01  1.0000e+00
-2.7468e+01 -1.3872e+01 -7.1785e+00 -4.2423e+01 -2.1110e+01 -1.0993e+01  4.8643e+01  1.0000e+00
 3.3697e-01  1.2043e+00  5.9341e-01 -3.7453e+00  8.2854e+00  1.0562e+01  1.3937e+01  1.0000e+00
-2.2000e+01 -5.4157e+00 -4.1412e+00 -3.3372e+01 -8.1512e+00 -6.2594e+00  3.4919e+01  1.0000e+00
 7.6930e-02  7.7161e-01  1.3500e+00  1.9832e+00 -1.8312e+00  1.0256e+01  1.0605e+01  1.0000e+00
-1.5938e-01  1.1417e+00  4.2181e-01  1.8796e+01  2.1697e+01 -3.3550e+00  2.8902e+01  1.0000e+00
-3.4671e+00  1.2005e-01 -1.0887e+01 -4.9504e+00  7.7857e-01 -1.6503e+01  1.7247e+01  1.0000e+00
 8.3596e-02  4.4799e-01  1.4375e+00  7.0947e+00  5.9304e+00 -7.7232e+00  1.2048e+01  1.0000e+00
-3.3615e-01  9.4946e-01  3.0485e-01  1.0238e+01  1.0562e+01  3.7482e+00  1.5180e+01  1.0000e+00
