# limit = 23.2013
#
# x           y           z           vx          vy          vz          s           m
-4.0341e-01  1.4268e+00  6.9301e-01  7.6050e+00  2.2838e+01 -1.1607e+01  2.6723e+01  1.0000e+00
-4.0605e-01  9.5463e-01 -1.9203e-01 -4.7856e+00 -6.0194e+00  2.2828e+00  8.0216e+00  1.0000e+00
 2.3071e+01  1.0495e+00  4.5177e+00  3.4032e+01  2.0648e+00  6.6601e+00  3.4739e+01  1.0000e+00
-1.9741e-01  1.0788e+00  4.1024e-01 -1.4074e+01  1.4920e+01  1.0739e+01  2.3152e+01  1.0000e+00
-1.9559e+01  7.3765e+00  1.1728e+01 -2.9282e+01  1.0851e+01  1.7278e+01  3.5689e+01  1.0000e+00
 8.5200e+00 -2.6529e+00  2.4224e+01  1.2998e+01 -3.5637e+00  3.6210e+01  3.8637e+01  1.0000e+00
 1.2577e+00 -1.9706e+01 -1.3621e+01  1.4005e+00 -2.9279e+01 -1.9994e+01  3.5482e+01  1.0000e+00
-9.8146e-01  1.5827e+00  1.5546e-01  1.6365e+00 -8.9801e-01 -7.2633e-01  2.0030e+00  1.0000e+00
-3.0929e+01  2.2561e+01  6.9899e+01 -4.5547e+01  3.3390e+01  1.0464e+02  1.1890e+02  1.0000e+00
 4.8298e+01 -2.5858e+01  1.2594e+00  1.1448e+02 -6.2004e+01  3.0410e+00  1.3022e+02  1.0000e+00
 2.9328e+00  4.2220e+00  2.6011e+00 -1.5572e-01  2.2998e+00  5.7879e-01  2.3766e+00  1.0000e+00
-5.2833e-01  1.5257e+00  1.9609e-01  9.7884e+00  2.3213e-01  1.9149e+00  9.9766e+00  1.0000e+00
-9.4655e-01  3.6772e+00  6.3227e-01  1.9649e+00  1.0236e+00  3.7155e+00  4.3259e+00  1.0000e+00
 5.7058e+00  1.6130e+00 -7.7855e-01  4.8671e+00  2.7735e+00  4.5994e-01  5.6207e+00  1.0000e+00
 1.8321e+00 -1.3432e+00  5.4816e-01  1.4019e+00 -1.0794e+00 -1.1868e+00  2.1305e+00  1.0000e+00
-7.9275e+00 -1.5449e+00 -5.8647e+00 -5.9644e+00 -1.7800e+00 -6.8970e+00  9.2903e+00  1.0000e+00
 1.4117e+01 -1.4763e+01 -1.6914e+01  2.1018e+01 -2.2065e+01 -2.5479e+01  3.9721e+01  1.0000e+00
-2.7446e-02  3.2277e-01  2.2847e-01  1.7817e+00 -1.1647e+01 -1.1590e+00  1.1839e+01  1.0000e+00
-1.8469e-01  1.1029e+00  2.7736e-01 -7.7613e+00 -2.8594e+00 -1.0777e+01  1.3586e+01  1.0000e+00
 4.9017e+01  3.9830e+01 -1.7251e+01  7.3441e+01  5.8889e+01 -2.5204e+01  9.7451e+01  1.0000e+00
 4.5396e-01  1.2668e+00  5.2217e-01 -4.7468e-01  6.2673e+00 -5.6848e+00  8.4747e+00  1.0000e+00
-5.8548e-01  1.4054e+00  1.4011e-01 -1.0753e+00  2.2330e+01 -7.9773e-01  2.2370e+01  1.0000e+00
-3.9315e+00 -4.7630e+00  7.6017e+00 -8.2041e+00 -1.1703e+01  1.5962e+01  2.1426e+01  1.0000e+00
-1.0571e+01  2.0023e+01 -2.0222e+01 -1.5923e+01  3.0494e+01 -3.0471e+01  4.5956e+01  1.0000e+00
-7.3711e-01  2.2657e+01 -1.0029e+01 -1.2345e+00  3.3768e+01 -1.4842e+01  3.6906e+01  1.0000e+00
-5.5205e+00  3.1869e+00 -8.4599e+00 -7.9932e+00  5.3928e+00 -1.0103e+01  1.3966e+01  1.0000e+00
 7.1903e+00 -1.7731e+01  3.3838e+00  1.0047e+01 -2.6272e+01  4.7691e+00  2.8529e+01  1.0000e+00
 4.7630e+01 -1.2455e+01 -4.5949e+01  7.5256e+01 -1.9839e+01 -7.2627e+01  1.0645e+02  1.0000e+00
 1.3765e+00 -2.7607e+01 -3.6414e+01  2.1747e+00 -4.2159e+01 -5.5592e+01  6.9804e+01  1.0000e+00
 1.2206e-01  8.9035e-01  1.9350e-01 -5.8162e+00  1.3765e-01  4.0173e+00  7.0701e+00  1.0000e+00
-3.1109e-02  1.1293e+00  6.3540e-01  5.7467e+00 -9.3803e+00  9.7418e+00  1.4694e+01  1.0000e+00
-1.4575e-01  1.0234e+00  2.7760e-01  2.1766e+00  2.6260e+00 -1.0904e+01  1.1425e+01  1.0000e+00
 5.5313e-02  8.5509e-01  3.8675e-01 -5.1745e+00  2.0668e+01  1.5079e+01  2.6102e+01  1.0000e+00
-8.6617e-02  1.1378e+00  5.6949e-01  5.0967e+00 -1.1139e+01 -4.1860e+00  1.2945e+01  1.0000e+00
-7.4138e-03  1.1758e+00 -1.8904e-01  3.1592e+00 -2.4396e+00 -2.7799e+00  4.8641e+00  1.0000e+00
 2.8769e-01  1.1402e+00 -1.0676e-01  1.2120e+00 -1.1273e+01 -2.0252e+00  1.1517e+01  1.0000e+00
 3.3879e-01  2.4260e+00 -8.8540e-01  2.3669e+00 -5.4037e+00  4.9931e+00  7.7287e+00  1.0000e+00
-1.9002e+01  3.6399e+01 -4.5779e+01 -2.8528e+01  5.4672e+01 -6.7946e+01  9.1758e+01  1.0000e+00
 3.0491e-01  1.4123e+00  5.8356e-01  5.8275e+00  1.6286e+00  1.7320e+01  1.8347e+01  1.0000e+00
 1.3668e+01 -3.0332e+00  1.1503e+01  1.9488e+01 -4.0955e+00  1.6512e+01  2.5869e+01  1.0000e+00
 7.3265e+00  6.8262e+00  9.8682e-01  8.2440e+00  8.1364e+00  2.0698e+00  1.1766e+01  1.0000e+00
 3.1173e+00  1.0058e+00 -7.9368e-01 -6.8379e-01  1.1211e+00 -1.6135e+00  2.0803e+00  1.0000e+00
 3.4309e-01  1.2881e+00 -8.3813e-02 -1.1661e+00  9.6601e+00  9.3970e+00  1.3527e+01  1.0000e+00
 2.7863e+00 -8.1106e+00  2.6370e+01  4.3088e+00 -1.1999e+01  3.9594e+01  4.1596e+01  1.0000e+00
 2.5553e+01  1.2341e+01  2.0309e+00  3.8762e+01  1.8565e+01  3.1397e+00  4.3093e+01  1.0000e+00
 1.7843e+00 -1.6324e+01  2.7053e+00  3.2426e+00 -2.3621e+01  4.1832e+00  2.4207e+01  1.0000e+00
-3.6898e-02  1.0670e+00  3.1350e-01  4.4280e+00 -9.7749e+00 -1.2875e+01  1.6761e+01  1.0000e+00
 2.6035e+00 -9.8617e-01  2.3682e-01 -1.4404e+00  6.3205e+00  2.5649e+00  6.9715e+00  1.0000e+00
 1.1113e+01 -4.3101e+00  5.0458e+00  1.4425e+01 -5.5621e+00  7.0562e+00  1.6994e+01  1.0000e+00
 4.0568e-01  8.0790e-01  1.3005e-01  6.6128e+00 -5.1697e+00 -4.3871e+00  9.4711e+00  1.0000e+00
-1.2864e+00  1.4155e+00  7.2701e-01 -1.2338e+00  7.7148e-01  1.1521e+00  1.8561e+00  1.0000e+00
-2.0833e-01  1.1971e+00  5.0524e-01  7.8955e+00  5.4367e+00  1.3561e+01  1.6607e+01  1.0000e+00
-3.2749e+00 -5.1502e+00  5.2267e+00 -3.2135e+00 -4.8738e+00  5.4532e+00  7.9886e+00  1.0000e+00
-6.2747e-02  1.6654e+00  6.8781e-01 -1.0311e+00  3.7139e+00  6.3699e+00  7.4452e+00  1.0000e+00
 1.1771e-01  4.1247e+00  3.9903e+00  2.2394e+00  1.3887e+01  1.5062e+01  2.0609e+01  1.0000e+00
-7.7490e-03  7.0129e-01  4.9229e-01  2.6885e+00 -7.5358e+00  3.8117e+00  8.8626e+00  1.0000e+00
-1.4402e-01  9.1365e-01  1.3832e-01 -6.2566e+00 -7.9259e+00  1.0538e+01  1.4595e+01  1.0000e+00
-5.0871e-01  1.1129e+00  2.0926e-01 -1.3341e+01  1.7035e+01 -4.5568e+00  2.2112e+01  1.0000e+00
 1.5639e-01  1.4458e+00  6.6490e-01 -2.7253e+00 -3.2393e+00  9.2388e+00  1.0162e+01  1.0000e+00
 6.3210e+00 -3.4897e+00  1.8833e+01  9.0056e+00 -5.4052e+00  2.7717e+01  2.9640e+01  1.0000e+00
-2.4640e-01  9.4609e-01  2.8662e-01  1.2321e+01 -8.1904e+00 -1.9072e+01  2.4138e+01  1.0000e+00
-3.6789e+00 -6.2060e+00  2.9074e+00 -7.2855e+00 -1.4622e+01  5.8397e+00  1.7349e+01  1.0000e+00
 1.1711e+01  1.1535e+00 -5.6431e+00  1.8115e+01  1.9754e+00 -8.6317e+00  2.0163e+01  1.0000e+00
-4.8709e-01  1.6066e+00 -5.1246e-02  3.7284e+00  4.3514e-01 -4.1866e+00  5.6230e+00  1.0000e+00
-4.5049e-01  2.9352e+00  3.5389e-01  2.6411e+00  1.2493e+01  1.7470e+00  1.2888e+01  1.0000e+00
-1.5145e-01  1.5660e+00 -5.4506e-01 -7.9689e+00  5.8678e+00  4.0715e+00  1.0701e+01  1.0000e+00
-2.9957e-01  1.0469e+00  2.4664e-01  1.2387e+01 -9.7913e+00  4.8169e-01  1.5797e+01  1.0000e+00
-1.7792e-01  1.1677e+00  9.5928e-02  1.6780e+01 -1.1790e+01  3.9718e+00  2.0889e+01  1.0000e+00
-3.1740e-01  1.1731e+00  5.7687e-01  1.5383e+01  3.9777e+00 -8.3069e+00  1.7930e+01  1.0000e+00
 9.7777e-02  8.7468e-01  4.9713e-01 -7.4991e+00 -8.1503e+00  2.5193e+00  1.1358e+01  1.0000e+00
 2.2690e+01  2.5017e+00  4.1265e+00  3.3882e+01  3.3772e+00  6.0641e+00  3.4586e+01  1.0000e+00
-3.8374e-01  8.0864e-01  5.5908e-01  7.2656e+00  2.0265e+00 -5.9989e+00  9.6376e+00  1.0000e+00
-2.6183e-01  1.7951e+00 -1.7870e-01 -3.9254e+00 -4.3497e+00  4.3225e+00  7.2810e+00  1.0000e+00
 3.8714e-01  1.4112e+00  1.3102e+00 -4.3772e+00 -2.3106e+00 -4.1412e+00  6.4535e+00  1.0000e+00
-1.7038e-01  6.2200e-01  3.2128e-01 -5.4304e+00  7.9355e+00 -2.6709e-01  9.6194e+00  1.0000e+00
 1.7319e-01  6.0889e-01  7.2400e-01  1.1194e+01 -1.4224e+00 -3.6562e-01  1.1290e+01  1.0000e+00
-2.2854e-01  1.1163e+00  2.1716e-01 -1.6657e+01  5.4750e+00  7.9097e+00  1.9235e+01  1.0000e+00
 2.5412e-01  1.1193e+00 -5.1571e-01  1.0141e+00 -2.9345e+00  2.5670e+00  4.0285e+00  1.0000e+00
 2.7331e+01 -1.3068e+01 -3.1483e+00  4.1469e+01 -1.9485e+01 -4.6823e+00  4.6057e+01  1.0000e+00
-1.5964e+01 -9.7191e+00 -6.1367e+00 -2.3501e+01 -1.3860e+01 -8.7549e+00  2.8654e+01  1.0000e+00
-4.0934e-01  1.3446e+00  2.8770e-01  1.6691e+01  3.2072e+00  9.9562e-01  1.7026e+01  1.0000e+00
 1.7117e+01  4.0040e+00  1.1095e+01  3.2164e+01  6.9411e+00  2.0611e+01  3.8827e+01  1.0000e+00
-1.1856e+00  1.6593e+00 -1.9174e-01  7.3809e+00 -4.8047e+00  1.3670e-01  8.8080e+00  1.0000e+00
 5.3580e+00  4.7987e+00  6.9165e+00  5.6972e+00  6.1251e+00  7.8078e+00  1.1443e+01  1.0000e+00
-3.9189e-01  1.1437e+00  2.4089e-01 -1.9688e+01 -2.6862e+00 -1.8615e+00  1.9958e+01  1.0000e+00
-2.7075e-01  2.3242e+00  1.2968e-01  3.1553e+00  1.7535e+00  2.7245e+00  4.5225e+00  1.0000e+00
-1.1064e+00  1.2542e+00  5.6308e-01  1.0967e+01 -2.9235e+00 -6.4034e+00  1.3032e+01  1.0000e+00
 8.2152e-01 -1.0992e-02  1.0396e+00 -7.3121e+00  8.7314e+00 -8.3266e+00  1.4108e+01  1.0000e+00
 1.0736e+02  2.7165e+01 -1.0423e+02  2.2218e+02  5.5313e+01 -2.1506e+02  3.1413e+02  1.0000e+00
 4.5088e-01  1.2269e+00  1.2430e-01  5.1637e+00  1.2301e+01 -4.1992e+00  1.3986e+01  1.0000e+00
 1.2367e+00 -1.0678e-01  7.8809e-01 -8.3860e+00  6.3317e+00 -5.9439e+00  1.2073e+01  1.0000e+00
-1.1247e-01  4.9179e-01  5.0870e-01  9.3616e+00  1.3243e+00 -1.8783e+01  2.1028e+01  1.0000e+00
-1.5865e+00  1.2195e+00  6.0422e-01  8.5888e+00 -1.7679e+00 -6.0214e+00  1.0637e+01  1.0000e+00
-5.1711e-01  1.2391e+00  9.1480e-02 -8.3288e+00 -1.3403e+01 -9.7389e+00  1.8544e+01  1.0000e+00
 4.5816e+00 -1.6205e+00 -4.3568e-01  5.8431e+00 -1.7364e+00 -1.8783e-01  6.0986e+00  1.0000e+00
-1.5490e-01  1.1372e+00  2.5003e-01 -3.9915e+00 -1.1529e+01  1.7385e+01  2.1239e+01  1.0000e+00
 5.9304e+00  1.2587e+01  2.1764e+01  1.7320e+01  3.4030e+01  6.1275e+01  7.2199e+01  1.0000e+00
-8.8267e+00 -1.2898e+01 -1.4502e+01 -1.2992e+01 -1.8811e+01 -2.1246e+01  3.1209e+01  1.0000e+00
 1.9477e+00 -4.0195e+00 -1.7290e+01  2.6974e+00 -5.4321e+00 -2.3295e+01  2.4072e+01  1.0000e+00
 1.6276e+00  4.3578e+00 -1.9382e+00  2.5704e+00  5.7268e-01  1.5277e+00  3.0445e+00  1.0000e+00
-2.3230e-01  1.1069e+00  2.7544e-01 -5.8076e+00  1.6810e+01  7.5062e+00  1.9304e+01  1.0000e+00
-2.8295e-01  9.8513e-01  9.6002e-02 -2.8979e+00  1.3891e+01 -1.7779e+00  1.4301e+01  1.0000e+00
-2.6137e+00  1.2165e+00 -6.3672e-01 -1.0132e+01  7.6643e-01 -4.3606e+00  1.1057e+01  1.0000e+00
-6.0308e-01  4.3018e-01  5.2379e-01 -6.8971e+00  1.7453e+00  5.6321e+00  9.0740e+00  1.0000e+00
 2.2407e+01  8.6345e+00 -5.7709e-01  3.3302e+01  1.3206e+01 -8.8919e-01  3.5836e+01  1.0000e+00
-5.7363e-01  1.1991e+00  1.8789e-01 -9.5491e+00  1.3971e+00  9.3821e+00  1.3460e+01  1.0000e+00
 1.6647e+01  9.6685e-01  1.8673e+01  2.4760e+01  1.5507e+00  2.7760e+01  3.7231e+01  1.0000e+00
 8.7206e-01  4.9556e-01  7.9906e-01 -4.4062e+00  1.4564e+00  8.6142e-01  4.7199e+00  1.0000e+00
-3.5987e-01  5.2109e-01  4.2195e-01 -1.6550e+01  7.7797e+00  7.6887e+00  1.9838e+01  1.0000e+00
-2.7255e+01  5.7932e+00  6.2267e+00 -4.1124e+01  8.9952e+00  9.4704e+00  4.3148e+01  1.0000e+00
-1.4218e-02  8.2706e-01  3.2238e-01  6.1958e+00  2.1123e+01 -1.8188e+01  2.8555e+01  1.0000e+00
 5.6367e+00 -9.3484e+00  1.6874e+01  8.1412e+00 -1.3976e+01  2.4166e+01  2.9079e+01  1.0000e+00
 6.2166e+00 -6.4826e+00  1.3504e+01  8.5993e+00 -9.2010e+00  1.9217e+01  2.2976e+01  1.0000e+00
 1.1126e+01 -1.3281e+01 -5.1981e+00  1.6130e+01 -1.8973e+01 -6.9212e+00  2.5847e+01  1.0000e+00
 2.6806e+00 -8.5635e-01  9.3493e-01 -4.4130e+00  4.4542e+00 -1.4882e-01  6.2719e+00  1.0000e+00
 1.8854e-01  7.1249e-01 -4.8131e-01  1.9367e+00  7.0989e-01  3.4212e+00  3.9949e+00  1.0000e+00
 1.6560e-01  2.8529e+00 -3.3024e-01 -4.1435e-01 -5.0848e-01 -4.2756e+00  4.3256e+00  1.0000e+00
-1.8844e+00  6.2958e-01 -1.6826e+00 -1.0935e+01 -2.9622e+00 -8.0211e+00  1.3881e+01  1.0000e+00
 3.6960e-02  9.3980e-01  4.1128e-01 -6.9207e+00 -9.4017e-01 -6.1380e+00  9.2981e+00  1.0000e+00
 6.0410e-01  7.2949e-01  5.4664e-02  4.5616e-01  1.6097e+00  3.3928e+00  3.7829e+00  1.0000e+00
 1.1702e-03  7.1461e-01  5.7732e-01 -8.2642e+00 -1.1152e+00 -4.4860e+00  9.4692e+00  1.0000e+00
-2.4022e-01  1.3080e+00  2.2069e-01 -1.9633e+01  9.2956e+00 -1.9460e+00  2.1809e+01  1.0000e+00
-3.6027e+01  1.4944e+01  1.3699e+01 -5.4943e+01  2.2883e+01  2.1188e+01  6.3177e+01  1.0000e+00
-1.9455e-01  1.0230e+00 -2.3700e-01  2.1518e+00  2.7184e+00 -1.4383e-02  3.4670e+00  1.0000e+00
-1.0559e-02  8.3513e-01  4.9842e-01 -1.0270e+01  1.2636e+01 -1.6416e+01  2.3122e+01  1.0000e+00
-1.7445e-01  1.2583e+00  4.0201e-01  1.1773e+01 -1.1823e+01  1.0036e+01  1.9471e+01  1.0000e+00
 1.3141e+01 -1.1198e+01 -4.4577e+00  1.9128e+01 -1.6090e+01 -6.0902e+00  2.5727e+01  1.0000e+00
 4.4974e-02  1.1878e+00  4.2585e-01 -4.8880e+00 -1.0512e+01 -3.0674e+00  1.1992e+01  1.0000e+00
 8.8604e+00 -7.6680e+00  1.9581e+01  1.2897e+01 -1.1073e+01  2.9216e+01  3.3801e+01  1.0000e+00
 1.5884e+01  2.5650e+00  1.7339e+01  4.3783e+01  5.3344e+00  4.6212e+01  6.3882e+01  1.0000e+00
-3.3374e+00 -3.5704e+00 -1.6103e+01 -5.1198e+00 -4.8942e+00 -2.3247e+01  2.4302e+01  1.0000e+00
-5.3146e-01  1.7441e+00  1.7587e-01 -6.0450e+00  1.9331e+01 -5.3992e-01  2.0261e+01  1.0000e+00
 1.3088e-01  1.0773e+00 -1.9903e-02  1.0959e+01  3.2936e+00 -4.2888e+00  1.2221e+01  1.0000e+00
-5.4259e-01  1.0937e+00  1.2774e-01  1.7147e+01 -1.1265e+00 -1.0749e+01  2.0269e+01  1.0000e+00
 1.1448e+00  1.6014e+00 -5.7751e-01 -7.7943e+00  1.2818e+00  4.8501e+00  9.2692e+00  1.0000e+00
-6.5874e-01  1.7726e+00  7.1514e-01  5.4124e-01  7.4996e-02 -1.3985e+01  1.3996e+01  1.0000e+00
-2.7039e-01  1.7518e+00  5.1972e-01  5.0663e+00  1.5146e+01  4.1373e-01  1.5976e+01  1.0000e+00
-1.9964e-01  6.6813e-01  4.7786e-01 -1.3377e+00  8.1121e+00 -5.1066e+00  9.6785e+00  1.0000e+00
 1.6009e+00 -1.4337e-01  1.2234e+00 -8.4396e+00  7.2888e+00 -2.2732e+00  1.1381e+01  1.0000e+00
-2.7301e+00 -7.6686e+00  1.7535e+01 -3.9485e+00 -1.1476e+01  2.5682e+01  2.8405e+01  1.0000e+00
-4.3945e-01  7.3559e-01 -1.9337e-01 -2.2743e+00  5.9572e+00 -1.0310e+01  1.2123e+01  1.0000e+00
-2.8753e-01  8.2150e-01 -2.1846e-01  5.7192e-01 -7.2154e+00 -2.7604e+00  7.7465e+00  1.0000e+00
-2.4245e+01  5.0258e+00 -6.7787e+00 -3.5439e+01  8.5030e+00 -9.3812e+00  3.7633e+01  1.0000e+00
-1.2850e-01  9.8777e-01  2.1787e-01 -2.9941e+00 -5.9660e+00  6.2687e-02  6.6755e+00  1.0000e+00
-4.3636e-01  1.4212e+00  6.6724e-01 -1.2160e+01  9.3930e+00  1.5771e+01  2.2019e+01  1.0000e+00
-1.2767e-01  9.3334e-01  4.8415e-01 -8.3448e-01  5.6853e-01  3.3223e+00  3.4724e+00  1.0000e+00
-9.5813e+00 -3.1271e+01 -3.5705e+01 -1.4929e+01 -4.4707e+01 -5.2206e+01  7.0335e+01  1.0000e+00
 2.3536e+01 -2.0761e+01  5.8567e+00  3.5457e+01 -3.1177e+01  8.7383e+00  4.8016e+01  1.0000e+00
-8.2239e-01  1.4914e+00  1.2934e-01  5.3273e+00  2.4569e+00 -3.9331e+00  7.0630e+00  1.0000e+00
-3.0957e+00  2.2944e+00  1.5944e+00 -9.3316e+00  5.1466e+00  2.2485e+00  1.0891e+01  1.0000e+00
-2.1319e-03  1.0786e+00  2.2362e-01  1.6342e-01 -1.0836e+01 -1.0335e+00  1.0886e+01  1.0000e+00
-1.8317e+00  1.2659e+00  6.9250e-01 -4.2558e+00  1.0696e+00  1.4223e+00  4.6129e+00  1.0000e+00
-4.1455e-01  1.2846e+00 -3.8856e-01 -1.1083e+00  7.9922e+00 -2.2418e+00  8.3743e+00  1.0000e+00
-3.5534e-01  1.1256e+00  2.6332e-01  1.1252e+01  8.6439e+00  3.3521e+00  1.4579e+01  1.0000e+00
-1.2852e+01  2.0089e+01 -1.0702e+01 -1.9191e+01  3.0364e+01 -1.5860e+01  3.9266e+01  1.0000e+00
-2.4353e+00  1.4039e+00  2.9029e+00 -2.5072e+00  2.4175e+00  8.8958e+00  9.5533e+00  1.0000e+00
-7.0762e-01  1.0125e+00  2.0880e+00  2.4711e+00  8.4824e-01  8.4782e+00  8.8716e+00  1.0000e+00
 7.2283e-02  1.0037e+00  1.2553e-01 -5.4866e+00 -6.5197e+00  1.0255e+01  1.3333e+01  1.0000e+00
 1.6687e-01  7.2222e-01  6.3439e-01  2.7899e+00  7.9720e+00 -8.4987e+00  1.1982e+01  1.0000e+00
-1.6549e-01  8.5625e-01  4.1350e-01  2.0673e+01 -1.3938e+00  1.8297e+01  2.7643e+01  1.0000e+00
-2.5509e-01  1.1867e+00  1.8867e-01 -7.4673e+00  1.2054e+01 -4.1933e+00  1.4787e+01  1.0000e+00
-1.5485e-01  7.5873e-01  5.2912e-01  3.1467e+00 -3.9298e-02 -5.3142e+00  6.1761e+00  1.0000e+00
 6.6200e-01  7.0217e-01  3.0107e-01 -3.0896e+00 -2.0120e+00  5.8679e+00  6.9301e+00  1.0000e+00
 7.6951e-02  8.6416e-01  3.3887e-01  1.6221e+01 -1.2112e+01  5.9384e+00  2.1097e+01  1.0000e+00
-7.0497e-01  1.5390e+00  1.9350e-01 -5.2738e+00 -9.3740e+00 -5.1871e-01  1.0768e+01  1.0000e+00
 5.8744e+00 -9.5355e+00  1.6738e+01  8.2521e+00 -1.2833e+01  2.5012e+01  2.9298e+01  1.0000e+00
 1.1206e-01  4.7786e-01  4.4184e-01 -5.0633e+00  1.5604e+01  2.8604e-01  1.6407e+01  1.0000e+00
 4.5862e+01 -3.1382e+01 -6.3952e+01  6.9252e+01 -4.7253e+01 -9.5417e+01  1.2702e+02  1.0000e+00
 2.1861e-01  4.4024e+00 -6.7695e-01  2.0022e+00  1.8686e+01 -7.4561e+00  2.0218e+01  1.0000e+00
-1.3680e+00  3.1126e+00  1.6005e+00  2.5052e+00 -2.0014e+00 -5.4521e+00  6.3252e+00  1.0000e+00
 1.1761e+01 -3.3232e+00 -2.5220e+00  1.6621e+01 -3.7440e+00 -2.8009e+00  1.7266e+01  1.0000e+00
-3.4924e-01  9.8948e-01  1.4778e-02  1.0285e+01 -2.8808e+00 -1.1819e+00  1.0746e+01  1.0000e+00
 3.7144e-01 -2.7986e-01  9.1075e-01  1.4150e+00  1.0789e+01 -7.1535e+00  1.3022e+01  1.0000e+00
-4.6106e-01  8.9259e-01  2.5669e-01  1.2467e+01 -6.3234e+00 -5.1859e+00  1.4910e+01  1.0000e+00
 1.6513e-01  6.2554e-01  4.3258e-01  6.5895e+00 -1.1559e+00  6.8298e+00  9.5606e+00  1.0000e+00
 1.1703e-01  7.5571e-01  6.5254e-01  9.9466e+00  6.7555e+00 -5.9050e+00  1.3396e+01  1.0000e+00
-4.9401e-02  1.2344e+00  5.8857e-01  1.1918e+01  1.0831e+01  9.2912e+00  1.8593e+01  1.0000e+00
-1.0138e+00  1.0648e+00 -6.3401e-01 -2.7762e-01  3.3348e+00 -3.6760e+00  4.9710e+00  1.0000e+00
-1.2698e+00  3.7577e-01 -2.4959e-01 -1.3977e+00  4.6134e+00  5.0905e+00  7.0108e+00  1.0000e+00
 1.1326e+00 -9.0561e+00  1.6032e+01  1.7201e+00 -1.3084e+01  2.3100e+01  2.6604e+01  1.0000e+00
-2.9654e+01  2.2909e+01 -1.8903e+01 -5.8193e+01  4.4379e+01 -3.7314e+01  8.2148e+01  1.0000e+00
-2.3464e+00  1.2643e+00  2.7214e-01 -1.7498e+00  8.1394e-01  3.7623e+00  4.2284e+00  1.0000e+00
-8.9597e-01  2.5342e+00  5.7434e-01  4.7347e+00 -3.9214e+00 -4.2276e-01  6.1623e+00  1.0000e+00
 2.7085e-01  1.1749e+00 -2.6974e-01 -1.0042e+00 -3.5736e+00  2.5863e+00  4.5242e+00  1.0000e+00
 3.3986e-01  1.0216e+00  8.1598e-01 -4.2457e+00  6.5487e+00 -1.2192e+01  1.4476e+01  1.0000e+00
 4.6129e-01  9.2010e-01  3.7232e-01 -1.0462e+01  1.8497e+00  1.1282e+00  1.0684e+01  1.0000e+00
 3.4607e-02  5.8649e-01 -3.6482e-01  7.4748e+00  7.7112e+00  5.9734e+00  1.2289e+01  1.0000e+00
-1.5383e+01  1.2969e+01 -4.2961e+00 -2.2306e+01  1.8864e+01 -6.1871e+00  2.9861e+01  1.0000e+00
 9.3057e+00 -7.2951e+00 -2.8481e+01  1.4106e+01 -1.1157e+01 -4.3206e+01  4.6800e+01  1.0000e+00
 1.2042e-01  2.0633e+00  1.3406e-01 -6.4065e-01  1.5376e+01 -2.3044e+00  1.5561e+01  1.0000e+00
-7.4439e-01 -1.8299e+01 -1.3102e+01 -7.5111e-01 -2.7122e+01 -1.9219e+01  3.3250e+01  1.0000e+00
-6.8747e+00  6.4821e+00 -2.6904e+01 -1.0555e+01  9.9861e+00 -4.0554e+01  4.3078e+01  1.0000e+00
 3.2229e+00 -1.6032e+01  1.6071e-01  4.5493e+00 -2.3176e+01  3.3988e-01  2.3621e+01  1.0000e+00
-2.4740e+00  8.9404e-01  6.7371e-01  1.2642e+00  4.1044e+00  2.2068e-01  4.3003e+00  1.0000e+00
-3.1197e+00 -4.0438e+00 -1.7314e+01 -4.5921e+00 -6.1172e+00 -2.4476e+01  2.5643e+01  1.0000e+00
 1.8152e+00  4.2913e+00  3.9300e+00  2.5055e+00  4.9013e+00  4.5535e+00  7.1439e+00  1.0000e+00
-1.3924e-01  9.1783e-01  3.5915e-01 -1.6739e+01 -3.4733e+00 -4.3988e+00  1.7653e+01  1.0000e+00
 1.0424e+01  6.3238e+00  1.4426e+01  1.8181e+01  9.9227e+00  2.4675e+01  3.2216e+01  1.0000e+00
-4.1799e-01  1.1371e+00 -2.1829e-01 -1.2147e+01  8.1493e+00 -1.7063e+01  2.2475e+01  1.0000e+00
 1.0712e+01 -1.3351e+01 -5.2069e+00  1.5545e+01 -1.9002e+01 -7.9618e+00  2.5809e+01  1.0000e+00
-7.7338e-02  7.7059e-01  5.0491e-01  1.1668e+01 -8.5186e+00  1.2479e+01  1.9090e+01  1.0000e+00
-6.1805e-01  8.2116e-01  6.9492e-02 -6.5860e-01  9.2341e+00  5.3223e-01  9.2728e+00  1.0000e+00
-1.8678e+01 -8.4027e+00 -5.8527e+00 -2.7459e+01 -1.2277e+01 -8.4610e+00  3.1246e+01  1.0000e+00
 9.3807e+00  5.1336e+00  9.3341e+00  1.2563e+01  7.5750e+00  1.3483e+01  1.9925e+01  1.0000e+00
 4.0428e-01  1.1891e+00  3.4990e-01  7.8012e+00 -2.9815e+00  7.6820e+00  1.1347e+01  1.0000e+00
 7.5232e+00 -2.4524e+01 -1.9383e+00  1.1471e+01 -3.6831e+01 -2.9260e+00  3.8687e+01  1.0000e+00
 1.9844e+01 -5.5881e+00  1.5484e+01  8.4700e+01 -2.7163e+01  6.4849e+01  1.1008e+02  1.0000e+00
-3.6033e+01 -3.4541e+00  5.3195e+01 -5.6974e+01 -5.5829e+00  8.4052e+01  1.0170e+02  1.0000e+00
 1.4370e+01 -2.4835e+01 -2.0173e+01  2.2027e+01 -3.7728e+01 -3.0737e+01  5.3417e+01  1.0000e+00
-4.2040e-01  1.7211e+00  2.3196e-01  6.0798e+00 -5.5588e+00 -6.5904e+00  1.0550e+01  1.0000e+00
-1.7301e+00  5.1453e+00  1.2709e+00 -1.1813e+00  8.9097e+00  1.7934e+00  9.1649e+00  1.0000e+00
 7.6003e-02  1.6387e+00 -2.1268e-01  4.2243e-01  4.9564e+00  1.0649e+01  1.1754e+01  1.0000e+00
-7.9433e+00 -1.4966e+00 -5.8951e+00 -1.3899e+01 -1.7479e+00 -6.3660e+00  1.5387e+01  1.0000e+00
-1.4523e+00  4.6463e-01  1.1001e+00 -2.0076e+00  6.2343e-01  3.1282e+00  3.7689e+00  1.0000e+00
-1.5869e-01  7.6168e-01  2.5135e-02 -3.1679e+00 -5.3051e+00  1.4768e+01  1.6009e+01  1.0000e+00
-1.6849e-01 -1.8328e+01 -1.3022e+01 -5.4085e-01 -2.6712e+01 -1.9199e+01  3.2900e+01  1.0000e+00
-6.9781e-01 -5.4294e+00  1.1085e-01 -2.3944e+00 -3.8045e+01 -2.6415e+00  3.8212e+01  1.0000e+00
-3.9981e-01  1.1253e+00  8.2001e-02  1.4116e+01 -9.5392e+00  1.2149e+01  2.0925e+01  1.0000e+00
-2.1910e-02  7.8183e-01 -1.2239e-01 -7.5337e-01  2.0548e+00 -1.4615e+01  1.4778e+01  1.0000e+00
 3.4599e-02  8.8170e-01  3.4425e-01 -2.3997e+01  9.6060e+00  2.7861e+00  2.5998e+01  1.0000e+00
-3.7934e-01  1.1690e+00  2.5441e-01 -9.1689e-01 -1.5643e+01 -3.6147e+00  1.6081e+01  1.0000e+00
-3.5286e+01 -4.2274e+01  1.9753e+01 -5.1364e+01 -6.2590e+01  2.9542e+01  8.6189e+01  1.0000e+00
 1.2556e-01  1.1943e+00  4.0723e-03  1.3515e+00 -4.2601e+00  1.3716e+01  1.4426e+01  1.0000e+00
-3.0245e+00  5.4046e+00 -2.2095e+00 -3.6745e+00  7.3613e+00 -2.0645e+00  8.4825e+00  1.0000e+00
-3.3332e-01  9.4917e-01  1.7003e-01 -2.1267e+01  1.8356e+00 -1.0325e+01  2.3712e+01  1.0000e+00
 8.0198e-02  9.8408e-01  3.5816e-01  1.3663e-01 -1.6552e+01  4.2133e+00  1.7080e+01  1.0000e+00
-7.8878e-01  9.1343e-01  6.9793e-01 -1.4823e+01  2.5904e+00 -2.4422e+00  1.5244e+01  1.0000e+00
 4.7465e-01  1.5954e+00  3.3504e-01  6.7822e+00 -9.4567e-01 -2.2673e+00  7.2134e+00  1.0000e+00
 2.9938e-01  8.8674e-01 -1.1820e-02  7.8053e+00  1.1609e+01  1.4342e+00  1.4062e+01  1.0000e+00
-1.2069e-01 -1.6080e+01  7.6745e+00 -1.8575e-01 -2.3374e+01  1.0945e+01  2.5810e+01  1.0000e+00
-2.0989e+01 -1.2549e+01 -7.5604e+00 -3.2210e+01 -1.9099e+01 -1.2051e+01  3.9337e+01  1.0000e+00
-5.9019e-02  1.4048e-01  1.7520e-01 -9.0827e+00 -2.0256e+00  1.9169e+00  9.5012e+00  1.0000e+00
-6.3569e-01  7.9361e-01  8.0616e-01  6.8843e+00  2.3472e+00 -9.2751e+00  1.1787e+01  1.0000e+00
 2.6926e+01 -9.6426e+00 -1.5866e+00  4.0684e+01 -1.4502e+01 -2.2784e+00  4.3252e+01  1.0000e+00
-1.0140e+00  1.4140e+00 -5.6404e-01 -7.6725e+00  3.9749e+00  9.5592e+00  1.2886e+01  1.0000e+00
 2.6441e+02 -3.2724e+02  2.1437e+02  3.8386e+02 -4.7418e+02  3.0947e+02  6.8408e+02  1.0000e+00
-2.0595e-01  1.1074e+00  4.4439e-01  2.5005e+00  1.9246e+01 -1.5917e+01  2.5100e+01  1.0000e+00
-1.9122e-01  1.0071e+00  9.3838e-01  5.4829e+00 -2.1685e+00  5.7778e+00  8.2551e+00  1.0000e+00
-1.7292e-01  1.0006e+00 -3.2888e-02 -1.1814e+01  8.7114e+00  1.6411e+01  2.2018e+01  1.0000e+00
 1.4783e+01  1.1934e+01  1.1423e+00  2.1339e+01  1.7081e+01  1.8718e+00  2.7397e+01  1.0000e+00
-1.1977e+01 -3.0933e+00  6.4695e+00 -1.8669e+01 -4.6365e+00  1.0830e+01  2.2075e+01  1.0000e+00
 3.6467e+00 -2.0115e+01  1.0097e+00  5.2543e+00 -2.9391e+01  1.2245e+00  2.9882e+01  1.0000e+00
-6.0451e-01  5.4908e-01 -8.5429e-02  1.1584e+00  1.0270e+01 -1.3564e+00  1.0424e+01  1.0000e+00
 9.6115e-01  9.2883e+00 -1.4385e+01  1.2535e+00  1.3200e+01 -2.0673e+01  2.4560e+01  1.0000e+00
-4.0083e+01  1.3495e+01  1.4649e+01 -6.8504e+01  2.3104e+01  2.4976e+01  7.6488e+01  1.0000e+00
-2.1651e-01  1.2011e+00  1.9773e-01 -1.4455e+00 -4.6209e+00 -6.1701e-01  4.8809e+00  1.0000e+00
-3.1831e-01  4.2911e-01  1.5108e-01  1.0734e+01  7.9488e+00 -3.0787e+00  1.3707e+01  1.0000e+00
-1.8179e-01  4.9741e-01  2.5279e-01  1.6677e+00  1.7347e+01  2.0715e+00  1.7549e+01  1.0000e+00
 1.0438e+00  3.7647e-01 -2.6221e-03 -1.0994e+01  4.2280e+00  5.5014e+00  1.3000e+01  1.0000e+00
 2.0085e+00 -2.0735e+01  1.6475e+01  2.9617e+00 -3.1148e+01  2.4778e+01  3.9912e+01  1.0000e+00
 1.1893e+01 -2.2209e+01  8.8654e+00  2.3457e+01 -4.4042e+01  1.7175e+01  5.2773e+01  1.0000e+00
-1.1371e+00  1.1863e+01  1.9045e+00 -3.2362e+00  1.5337e+01  2.9844e+00  1.5956e+01  1.0000e+00
 8.8161e-02  1.1152e+00  6.8308e-01 -6.2581e+00 -8.3446e+00 -1.4728e+01  1.8047e+01  1.0000e+00
-4.5684e-01  1.5464e+00  1.5873e-01 -1.3966e+01  2.6776e+01 -4.2889e+00  3.0503e+01  1.0000e+00
-1.1864e-01  1.1771e+00  1.3735e-01  2.4668e+00  7.6902e+00 -8.5340e+00  1.1750e+01  1.0000e+00
 1.0579e+01 -3.3700e+00  5.6732e+00  1.4505e+01 -3.7411e+00  7.2886e+00  1.6659e+01  1.0000e+00
-2.0850e-01  1.3646e+00  1.4597e+00  5.6358e+00  2.0303e+00  4.4726e+00  7.4759e+00  1.0000e+00
-7.3676e-02  6.8613e-01 -3.9388e-01  1.2619e+00  3.4586e+00  7.9970e+00  8.8038e+00  1.0000e+00
-2.1891e-01  9.9083e-01  4.2916e-01  2.0802e+01  6.3804e+00 -2.9202e+00  2.1954e+01  1.0000e+00
-4.4023e+00 -3.7657e+00 -2.2312e+01 -6.3747e+00 -5.4144e+00 -3.3030e+01  3.4073e+01  1.0000e+00
-1.4651e+00 -4.8769e-01  4.2900e+00  6.2038e-02  1.4180e+00  1.4621e+00  2.0377e+00  1.0000e+00
 2.7309e+01 -5.9555e-01 -5.8878e+00  4.1222e+01 -7.3526e-01 -8.5732e+00  4.2110e+01  1.0000e+00
-3.7743e-01 -2.1866e-01  3.3992e-01  3.8807e+00  3.3705e+00  3.4396e+00  6.1847e+00  1.0000e+00
 9.5211e+00 -1.5856e+00  2.4959e+01  1.4391e+01 -2.8274e+00  3.7736e+01  4.0486e+01  1.0000e+00
-9.8288e-01  1.4108e+00 -1.3061e+00 -9.2218e-03  2.2427e+00  3.5665e+00  4.2131e+00  1.0000e+00
-7.2734e-01  4.6188e-01  5.5163e-01 -6.4474e+00  6.9355e+00 -1.6096e+01  1.8675e+01  1.0000e+00
-1.0716e+01  1.8255e+00  1.7475e+01 -1.5464e+01  2.6701e+00  2.5641e+01  3.0062e+01  1.0000e+00
-1.9191e+00  8.2282e+00 -3.6330e-01 -3.7798e+00  7.0789e+00 -8.2412e-01  8.0670e+00  1.0000e+00
-2.7101e-01  7.3371e-01  2.2142e-01  1.5666e+01  2.7766e-01  7.3953e-01  1.5686e+01  1.0000e+00
 8.8543e-01  4.2830e+01  2.7811e+01  2.8046e-01  6.3454e+01  4.0458e+01  7.5255e+01  1.0000e+00
-5.9466e+00  5.2772e+00 -1.8889e+00 -5.7604e+00  5.2097e+00 -6.0646e-01  7.7904e+00  1.0000e+00
-8.2558e-01  6.5268e-01  6.6143e-01 -4.8001e+00 -9.2172e+00  1.1354e+01  1.5392e+01  1.0000e+00
-8.0582e-01  1.0118e+00  3.5865e-01  1.8415e+00  1.0175e+00 -1.1658e+00  2.4053e+00  1.0000e+00
-2.2343e-01  1.1646e+00  2.2989e-01 -1.0257e+01  1.1897e+00 -1.8062e+00  1.0483e+01  1.0000e+00
-2.1990e-01  1.0225e+00  1.7120e-01  1.5633e+01 -1.6773e+01 -1.2158e+00  2.2961e+01  1.0000e+00
-3.2239e-01  9.2430e-01  1.9485e-01 -1.0444e+01  1.0004e+01 -3.0901e+00  1.4789e+01  1.0000e+00
-3.0914e+00  3.2096e-01  4.5570e+00 -2.1920e-01  1.5346e+00  1.6413e+00  2.2577e+00  1.0000e+00
-3.3601e-01  1.2054e+00  2.7726e-01 -1.4789e+01  2.0349e+01 -1.1735e+01  2.7758e+01  1.0000e+00
-1.5144e+01  1.2680e+01  4.3349e+00 -2.6957e+01  2.2510e+01  7.1794e+00  3.5846e+01  1.0000e+00
-5.7289e-01  1.4273e+00  3.5453e-01  1.2095e+00 -1.4080e+01  4.3629e+00  1.4790e+01  1.0000e+00
-3.6799e-01  1.1511e+00  3.9926e-01 -1.0776e+01  7.7260e+00  7.7042e+00  1.5335e+01  1.0000e+00
 1.5383e-01  1.0730e+00  3.0449e-01  4.2093e+00 -5.9729e+00  1.3497e+01  1.5348e+01  1.0000e+00
-1.1458e-01  1.5091e+00  3.5405e-01 -8.9488e+00 -5.7092e+00  2.9824e+00  1.1026e+01  1.0000e+00
 8.9630e+00 -1.5061e+01 -7.5535e+00  1.3140e+01 -2.1494e+01 -1.1019e+01  2.7497e+01  1.0000e+00
-1.7302e-02  3.4959e-01  4.8287e-01 -7.5102e+00  1.8689e+01  7.7226e-01  2.0156e+01  1.0000e+00
 1.1762e+01  3.2733e+00 -2.6218e+01  1.7778e+01  5.2363e+00 -3.8028e+01  4.2304e+01  1.0000e+00
-1.8734e+00  1.0139e+01 -6.3143e+00 -2.4920e+00  1.3248e+01 -7.3147e+00  1.5337e+01  1.0000e+00
-2.3498e+01 -8.2301e+00  5.5826e+00 -3.5470e+01 -1.2106e+01  8.3837e+00  3.8405e+01  1.0000e+00
 2.9489e+01 -2.8383e+00 -1.2073e+01  4.5034e+01 -4.2879e+00 -1.8268e+01  4.8787e+01  1.0000e+00
 1.1443e+01 -6.3261e+01  3.9245e+01  1.7616e+01 -9.7711e+01  6.0738e+01  1.1639e+02  1.0000e+00
-6.3221e-01  1.1285e+00  5.8430e-01  7.9329e+00 -1.5294e+00 -6.3739e+00  1.0291e+01  1.0000e+00
-1.8359e-01  9.6731e-01  1.7314e-01 -1.7853e+01 -1.0438e+00  6.4089e+00  1.8997e+01  1.0000e+00
-8.2028e-02  1.0439e+00  1.8492e-01  1.4457e+01  8.4366e+00  5.0348e+00  1.7480e+01  1.0000e+00
-1.7305e-02  1.1664e+00  2.8356e-01 -2.2803e+01 -1.7510e+01  4.7441e+00  2.9139e+01  1.0000e+00
-1.4275e+01 -7.0054e+00 -7.3028e+00 -2.0827e+01 -9.5205e+00 -1.0632e+01  2.5248e+01  1.0000e+00
 3.3661e-01  7.2274e-01  7.2485e-01  9.5953e+00  4.4880e+00 -3.4223e+00  1.1132e+01  1.0000e+00
-9.5963e-01  3.4354e-01  3.8701e-01 -2.5447e+00 -3.3242e+00 -9.0553e+00  9.9762e+00  1.0000e+00
-5.5571e-01  1.6625e+00 -2.0841e-01 -2.2558e+00 -4.4424e+00 -5.6819e+00  7.5570e+00  1.0000e+00
-2.4302e-01  1.2241e+00  1.4603e-01 -9.9770e+00  1.5874e+01  3.0380e+00  1.8993e+01  1.0000e+00
 3.1189e+00 -2.8519e+00 -3.6592e+00  2.0790e+00 -3.0257e-01 -2.3445e+00  3.1481e+00  1.0000e+00
 1.1301e-01  1.1414e+00  2.8666e-01  2.2534e+01  7.6253e+00  1.7071e+00  2.3851e+01  1.0000e+00
-2.7623e-02  1.2852e+00  3.8902e-01  1.5606e+01  1.4700e+01  5.5395e+00  2.2144e+01  1.0000e+00
 9.7065e+00 -1.1756e+01 -1.4306e+01  1.4144e+01 -1.7640e+01 -2.0642e+01  3.0615e+01  1.0000e+00
 5.7378e+00  3.0977e+00 -3.1888e+00  2.2607e+01  8.9066e+00 -1.0504e+01  2.6471e+01  1.0000e+00
 1.1057e-01  8.9524e-01  1.7174e-01  1.0208e+00  8.7826e+00 -3.3147e+00  9.4426e+00  1.0000e+00
 1.5845e-01  8.9977e-01  4.9546e-01  3.8552e+00 -2.2354e-01 -1.4557e+00  4.1269e+00  1.0000e+00
-3.7239e-02  2.0006e+00  9.1742e-01 -6.1946e+00 -8.1918e+00  5.9257e+00  1.1857e+01  1.0000e+00
 1.2152e+01 -5.8171e+00 -7.9901e+00  3.0782e+01 -1.5885e+01 -2.0230e+01  4.0114e+01  1.0000e+00
-6.4057e-01  1.0209e+00  3.9211e-01  7.2767e+00  9.7568e+00 -7.8762e+00  1.4498e+01  1.0000e+00
 6.0853e-01  9.2474e-01  4.7679e-01  1.3541e+01 -1.7659e-01  3.7621e+00  1.4055e+01  1.0000e+00
-3.2941e+01  7.9401e+00  1.6216e+01 -6.0146e+01  1.4438e+01  2.9691e+01  6.8612e+01  1.0000e+00
-5.3578e-01  8.1529e-01  3.7252e-01  7.4652e-01 -9.8014e+00  1.8684e+00  1.0006e+01  1.0000e+00
 1.2857e+01  9.2149e+00 -1.0315e+00  1.7692e+01  1.3316e+01 -9.5804e-01  2.2164e+01  1.0000e+00
-3.8592e-01  1.1649e+00 -7.3978e-02 -9.2886e+00 -2.1821e+00 -3.0572e+00  1.0019e+01  1.0000e+00
-4.7154e-01  9.5016e-01  4.3312e-01  1.8483e+00 -9.9309e+00 -7.0458e+00  1.2316e+01  1.0000e+00
 3.2342e-01  7.9026e-01  7.5957e-01  3.1813e+00  4.9148e+00  6.9805e+00  9.1106e+00  1.0000e+00
 2.5145e+00  1.1699e+01 -5.3114e-01  3.8403e+00  1.4654e+01 -1.3687e+00  1.5211e+01  1.0000e+00
-2.6274e+02  3.2615e+02 -2.1818e+02 -3.7964e+02  4.7214e+02 -3.1702e+02  6.8377e+02  1.0000e+00
 7.9842e-01  4.9308e-01  1.9964e-01 -2.4901e+00  9.7952e+00  6.0418e+00  1.1775e+01  1.0000e+00
-3.2542e-01  9.1089e-01  1.7446e-01 -7.5179e+00  1.3261e+01  4.8169e+00  1.5986e+01  1.0000e+00
-9.3462e-01  3.5232e+00 -7.3066e-02 -1.8928e+00  5.3118e+00 -7.1658e-02  5.6394e+00  1.0000e+00
-4.0861e-01  1.1205e+00 -8.1573e-02 -7.6049e+00 -4.2553e-01 -1.7786e+01  1.9348e+01  1.0000e+00
 5.3565e-01  1.5987e+00  5.2335e-02  6.9272e+00 -2.2194e+00 -7.2006e+00  1.0235e+01  1.0000e+00
 9.2283e+00 -1.3606e+01 -1.2993e+01  1.2855e+01 -1.9333e+01 -2.0654e+01  3.1074e+01  1.0000e+00
 2.1532e+00 -1.1316e-01  5.8066e-01 -5.6796e+00  3.0698e+00  1.5557e+00  6.6409e+00  1.0000e+00
-1.1576e+00  6.5935e-01  2.0843e+00  6.4280e+00  3.7569e+00 -5.1677e+00  9.0630e+00  1.0000e+00
-2.2262e-01  9.5848e-01  6.2961e-01 -6.0420e+00 -8.1943e+00  6.4856e+00  1.2071e+01  1.0000e+00
-2.0349e+01  1.2723e+00  1.7441e+01 -3.0583e+01  2.2653e+00  2.6449e+01  4.0497e+01  1.0000e+00
-4.6550e-01  1.0226e+00  5.3002e-01 -3.2636e+00 -1.6647e+00 -1.4939e+01  1.5381e+01  1.0000e+00
-3.1243e-01  1.1793e+00  2.8422e-01  4.7822e+00  9.3388e+00  1.0496e+01  1.4841e+01  1.0000e+00
-1.3771e+01  1.2555e+01 -2.2205e+01 -2.0749e+01  1.9162e+01 -3.3511e+01  4.3825e+01  1.0000e+00
 2.3286e+01 -1.5883e+01  6.4401e+00  3.5131e+01 -2.3820e+01  9.7929e+00  4.3560e+01  1.0000e+00
 1.2313e+01 -7.5615e+00  1.3838e+01  1.7736e+01 -1.0900e+01  2.0373e+01  2.9128e+01  1.0000e+00
-6.2370e-02  1.0262e+00 -2.1528e-01  1.9523e+01 -1.6920e+00 -6.2892e+00  2.0581e+01  1.0000e+00
-4.8944e-01  7.0172e-01  4.5120e-01 -5.4703e+00 -2.3274e+00  2.9660e+00  6.6436e+00  1.0000e+00
 2.5424e-01  1.0936e+00 -3.0997e-01 -3.0734e+00 -3.4060e+00 -2.0754e+00  5.0353e+00  1.0000e+00
-9.1208e+00  1.3109e+00  2.9344e+00 -1.0550e+01  9.6301e-01  2.9302e+00  1.0992e+01  1.0000e+00
-1.0375e-01  1.1082e+00  1.1884e-01 -9.4829e+00  1.6545e+01 -4.4451e-01  1.9075e+01  1.0000e+00
 2.8251e-03  9.3042e-01  3.8682e-01 -5.7064e+00  3.3894e+00  1.1161e+01  1.2985e+01  1.0000e+00
-4.2270e-02  8.9872e-01  2.5695e-01  1.0009e+01 -2.5670e+00  2.0673e+01  2.3111e+01  1.0000e+00
-2.5259e-01  1.1067e+00  2.2273e-01  1.4034e+01 -7.4077e+00  1.9570e+01  2.5195e+01  1.0000e+00
-8.8079e+00  8.7842e+00 -7.3617e+00 -1.1863e+01  1.3118e+01 -9.8680e+00  2.0253e+01  1.0000e+00
-8.9695e-01  2.5388e-01  9.4977e-02  5.2764e+00 -7.8396e+00  2.1988e+00  9.7023e+00  1.0000e+00
-7.0072e+00  4.4433e+00 -1.7090e+01 -1.0266e+01  6.4478e+00 -2.4676e+01  2.7493e+01  1.0000e+00
-2.6626e+00  1.0473e+01  4.1973e+00 -5.3665e+00  1.2814e+01  4.0432e+00  1.4469e+01  1.0000e+00
-2.2101e+01 -4.8190e+00 -6.0739e+00 -3.3398e+01 -6.8964e+00 -8.4315e+00  3.5129e+01  1.0000e+00
 2.7031e-01  1.8983e+00 -5.2503e-01 -2.8161e+00  4.8870e+00 -1.8065e+00  5.9225e+00  1.0000e+00
-1.0609e-01 -1.5348e-01 -3.1776e+00 -2.9481e-01  1.3231e+00  7.9145e-01  1.5697e+00  1.0000e+00
-7.7472e-01  1.0304e+00 -3.4480e-02  3.8275e+00  4.2412e+00 -6.5815e+00  8.7152e+00  1.0000e+00
 1.8637e-01  1.1799e+00 -5.9353e-01  1.6480e+01  1.8266e+00 -1.0658e+01  1.9711e+01  1.0000e+00
-1.9693e-01  1.8716e+00  8.0724e-01  1.0869e-01 -3.9636e+00 -1.1738e+01  1.2390e+01  1.0000e+00
-2.1214e-01  8.6257e-01  4.1666e-01  7.0706e+00 -1.4640e+01  1.3386e+01  2.1060e+01  1.0000e+00
-4.3746e-02  1.2055e+00  5.6463e-01  2.0782e+00  2.4777e+01  1.5575e+01  2.9339e+01  1.0000e+00
 2.8520e+00 -9.6219e-01 -4.7962e-01 -2.0943e+00  3.2119e+00 -4.1789e+00  5.6715e+00  1.0000e+00
 1.5871e+00  5.3456e+00 -1.4346e+00  4.2317e+00  1.1423e+01 -5.0310e+00  1.3180e+01  1.0000e+00
-3.3931e-01  3.9562e-01  5.8446e-01 -2.1516e+00 -9.2767e+00  3.9185e+00  1.0298e+01  1.0000e+00
-2.8427e+01  3.1203e+01 -1.8983e+01 -4.1929e+01  4.4192e+01 -2.6630e+01  6.6484e+01  1.0000e+00
-2.3618e-01  1.1340e+00  8.0943e-01 -3.1515e+00 -3.4752e+00  6.9238e+00  8.3634e+00  1.0000e+00
 5.6050e-01  2.3728e+00 -2.6787e-01 -1.1955e+01 -2.7141e+00  5.1549e+00  1.3299e+01  1.0000e+00
-8.0514e+00 -3.6487e+00 -7.6938e+00 -1.9765e+01 -1.0741e+01 -2.0141e+01  3.0194e+01  1.0000e+00
-1.8164e-01  8.6562e-01  1.6529e-01 -2.9176e+00 -4.0628e+00 -9.5851e+00  1.0812e+01  1.0000e+00
-4.8873e-01 -1.5397e+01 -8.4651e+00 -6.0099e-01 -2.1909e+01 -1.2491e+01  2.5227e+01  1.0000e+00
-4.9695e-02  1.0559e+00  6.2584e-01 -1.2274e+01  1.1684e+01  1.3360e+01  2.1579e+01  1.0000e+00
 9.3153e+00 -1.3552e+01 -1.2945e+01  1.4574e+01 -2.0225e+01 -1.7257e+01  3.0319e+01  1.0000e+00
-2.9412e-01  1.2917e+00  6.7338e-01  5.3023e-01 -5.8305e+00  5.6230e-01  5.8815e+00  1.0000e+00
-2.1494e+01  5.8737e+00 -1.1148e+01 -9.1056e+01  2.1577e+01 -4.8408e+01  1.0536e+02  1.0000e+00
 1.1565e+00  9.6419e+00  3.8822e+00  2.4758e+00  1.1674e+01  3.9379e+00  1.2566e+01  1.0000e+00
 4.6335e+00 -9.4366e+00  1.4891e+01  7.0124e+00 -1.3522e+01  2.1705e+01  2.6516e+01  1.0000e+00
-4.2324e-01  9.1549e-01  3.3923e-01 -2.1294e+00 -1.5711e+01  2.1750e+00  1.6003e+01  1.0000e+00
-1.5947e+01  9.2383e+00 -3.6101e+00 -4.2431e+01  2.3390e+01 -9.9345e+00  4.9458e+01  1.0000e+00
-2.6997e-01  9.9980e-01  5.4677e-01  9.4702e+00 -9.1779e+00  8.7119e+00  1.5806e+01  1.0000e+00
-1.9828e-01  4.4367e-01 -4.0890e-01 -4.6693e-01  7.1273e+00  4.9660e+00  8.6993e+00  1.0000e+00
-1.1145e+01 -3.7592e+00  6.6771e+00 -1.5148e+01 -5.2065e+00  8.4553e+00  1.8113e+01  1.0000e+00
-2.8642e-01  1.1483e+00  6.1386e-01  6.0776e+00  1.4914e+00 -8.9660e+00  1.0934e+01  1.0000e+00
-1.4014e+00  4.0610e+00  6.8320e-01 -1.0201e+01  2.2584e+01  2.9927e+00  2.4961e+01  1.0000e+00
 1.7662e+01 -2.2657e+01 -1.8019e+00  2.6868e+01 -3.4107e+01 -2.7937e+00  4.3508e+01  1.0000e+00
-9.3524e-01  2.7018e+00  5.0025e-01 -3.2896e+00  6.7806e+00  3.3651e+00  8.2536e+00  1.0000e+00
 9.3244e-01 -1.6724e+00  1.1609e+00  2.5232e-01 -5.9033e+00  3.2734e+00  6.7548e+00  1.0000e+00
 2.9999e-01  1.2643e+00  1.5734e-01 -4.1008e+00  1.0181e+01 -1.0013e+01  1.4856e+01  1.0000e+00
-6.0723e-01  1.6671e+00  3.0642e-01 -5.6381e-01 -1.6635e+01 -1.3324e+00  1.6698e+01  1.0000e+00
-4.7874e-01  1.3553e+00  1.3283e-01 -1.4877e+01  1.3181e+01 -2.3643e+01  3.0888e+01  1.0000e+00
-7.3160e-01  9.7942e-01  5.6300e-01  4.3910e+00  8.3956e+00 -9.1218e+00  1.3152e+01  1.0000e+00
-1.7306e+00  7.5585e-01 -3.0345e-01 -4.5651e+00  3.7043e+00 -4.6149e+00  7.4739e+00  1.0000e+00
-5.6104e+00 -1.8701e+00 -1.1552e+00 -5.9346e+00 -9.3744e-01 -6.0896e-01  6.0389e+00  1.0000e+00
-3.5288e-01  1.0934e+00  7.1808e-01 -1.8867e-01 -1.5583e+00  7.6502e+00  7.8096e+00  1.0000e+00
-1.5786e-01  8.8622e-01  1.7471e-01  1.5864e+01 -1.0828e+01  6.2891e+00  2.0210e+01  1.0000e+00
-2.1282e-02  9.6210e-01  3.4427e-01 -3.7165e+00  1.4745e+01  7.2465e+00  1.6845e+01  1.0000e+00
 4.5802e-02  1.4073e+00  8.3772e-01 -5.2847e+00  1.8103e+00  3.2488e+00  6.4622e+00  1.0000e+00
 7.9511e-02  1.1357e+00  2.8059e-01 -6.4964e+00 -9.6868e+00  4.9907e+00  1.2686e+01  1.0000e+00
-1.2026e-01  1.8661e+00  1.0087e+00  7.3620e+00  9.4156e+00  9.2715e+00  1.5127e+01  1.0000e+00
 2.4970e+00 -5.4054e+00 -1.4952e+00  2.1888e+01 -5.0794e+01 -1.3349e+01  5.6897e+01  1.0000e+00
 6.8401e-01  6.4988e-01  7.2027e-01  1.1801e+01 -1.9080e-01  2.5636e+00  1.2077e+01  1.0000e+00
-3.4532e+01  2.7949e+01  1.2976e+01 -8.1274e+01  6.5132e+01  3.0720e+01  1.0859e+02  1.0000e+00
 2.2218e-01  8.7989e-01  7.9975e-02 -1.7135e+01  1.4023e+01 -1.0535e+01  2.4520e+01  1.0000e+00
 6.6510e-02  1.5392e+00  1.1445e+00 -3.0604e+00 -2.1951e+00 -5.6469e+00  6.7877e+00  1.0000e+00
-1.1734e+02  3.9468e+00  1.0537e+02 -2.4181e+02  7.3671e+00  2.1773e+02  3.2547e+02  1.0000e+00
-6.6165e-03  1.4080e+00 -3.9329e-02  1.1629e+01 -5.3965e+00  1.1570e+00  1.2872e+01  1.0000e+00
-9.9080e-01  9.7441e-01 -5.2423e-01 -8.6811e+00 -2.3289e+00 -4.4359e+00  1.0023e+01  1.0000e+00
-5.5162e-01  1.0341e+00  3.4503e-01 -1.5148e+01  6.8563e+00 -1.3850e+00  1.6685e+01  1.0000e+00
-3.3740e+00  5.0113e+00  1.2930e+01 -4.2839e+00  6.0124e+00  1.6037e+01  1.7654e+01  1.0000e+00
 5.6599e+00  2.3616e+00  1.4553e+00  2.7549e+00  2.6999e+00  1.6219e+00  4.1844e+00  1.0000e+00
 9.7295e+00 -5.6592e+00 -8.3333e+00  1.3270e+01 -8.1010e+00 -1.1159e+01  1.9138e+01  1.0000e+00
-2.8868e-01  1.0327e+00  4.2663e-01 -3.2224e+00  7.9667e+00 -1.0808e+00  8.6614e+00  1.0000e+00
 1.4010e+01 -1.4254e+01 -2.1069e+01  2.1318e+01 -2.1462e+01 -3.1539e+01  4.3701e+01  1.0000e+00
-3.2718e-01  8.7646e-01  4.5288e-01  3.6506e+00  4.3296e+00  4.4041e+00  7.1741e+00  1.0000e+00
-2.6456e-01  1.1274e+00  2.8492e-01 -5.3319e+00 -1.0370e+01 -3.1051e+00  1.2066e+01  1.0000e+00
-2.9509e-01  1.5446e+00  2.6812e-01 -4.3908e+00  7.7262e+00 -7.7898e+00  1.1818e+01  1.0000e+00
-9.0569e+00 -1.4238e+01 -1.3521e+01 -2.4975e+01 -4.1616e+01 -3.8355e+01  6.1861e+01  1.0000e+00
-9.8764e-02  1.0933e+00  4.7814e-01 -8.2335e+00  2.4181e+01 -1.5889e+01  3.0083e+01  1.0000e+00
-1.7313e-01  9.4092e-01  1.4017e+00 -5.0283e+00 -1.6820e+00 -6.6744e+00  8.5241e+00  1.0000e+00
-3.8996e-01  1.3498e+00 -1.6509e-01 -5.8324e+00  6.6763e+00  4.2364e+00  9.8253e+00  1.0000e+00
 1.4284e-02  6.7415e-01  1.9354e-01  2.5938e+00 -1.4553e+01 -1.3993e+01  2.0355e+01  1.0000e+00
-1.4098e-02  1.6647e+00 -5.0914e-01 -2.9267e+00 -5.3378e-01  5.3391e+00  6.1120e+00  1.0000e+00
-1.3703e+00  2.4029e+00  2.6213e+00 -4.2305e-01  2.9055e+00  4.0772e-01  2.9643e+00  1.0000e+00
-3.5276e+00  5.3428e+00  1.5173e+01 -4.4739e+00  7.8441e+00  2.1225e+01  2.3066e+01  1.0000e+00
 2.2211e-01  1.9028e+00 -4.1675e-01 -5.6892e+00  2.7939e-01 -1.2352e+01  1.3602e+01  1.0000e+00
-4.8985e-01  1.2084e+00  9.9989e-01  5.3775e+00  3.6626e+00 -6.1154e+00  8.9292e+00  1.0000e+00
-1.9413e-01  1.1326e+00  4.5601e-01  1.0443e+01 -1.4884e+01  1.0289e+01  2.0892e+01  1.0000e+00
-8.7030e-01  6.1765e-01 -4.2985e-01 -1.0456e+01 -6.8072e-01 -1.5438e+00  1.0592e+01  1.0000e+00
 1.0662e+01 -2.6823e+01  4.7539e+01  1.5603e+01 -3.9382e+01  7.0865e+01  8.2561e+01  1.0000e+00
 2.0394e+01  3.8880e+00  1.9227e+01  3.0687e+01  5.7919e+00  2.9166e+01  4.2731e+01  1.0000e+00
-3.0690e+00  1.2283e+00 -7.6025e-01 -2.2942e+00  8.9545e-01 -1.6272e+00  2.9518e+00  1.0000e+00
-7.0518e-01  1.1600e+00 -9.2339e-02  1.5674e+01 -1.6137e+00  3.2745e-01  1.5760e+01  1.0000e+00
-6.7874e-02  1.4105e+00  5.1940e-01 -1.8844e+00 -2.7165e+00 -3.6651e+00  4.9359e+00  1.0000e+00
-5.3903e+00  3.5284e+00  2.1335e+01 -8.0007e+00  5.5418e+00  3.1617e+01  3.3082e+01  1.0000e+00
-1.4054e+01 -2.6447e+00 -1.3372e+01 -2.0375e+01 -2.5021e+00 -1.8836e+01  2.7860e+01  1.0000e+00
-5.5236e-01  1.3177e+00  5.1390e-01 -2.4526e+01  8.1295e-01  1.4214e+01  2.8358e+01  1.0000e+00
-7.6023e+00 -1.2975e+01 -1.0404e+00 -1.2089e+01 -2.1997e+01 -1.2862e+00  2.5133e+01  1.0000e+00
-1.1337e+00 -5.0779e-01  7.5009e-01  5.8553e+00  6.5086e+00 -1.6799e+00  8.9145e+00  1.0000e+00
 3.6219e-02  7.1845e-01  5.9577e-01  3.1046e+00 -6.3863e-01  1.5150e+01  1.5478e+01  1.0000e+00
-2.3516e+00 -9.1972e-01 -7.0189e-04  3.1306e-01  3.3188e+00  1.1100e+00  3.5135e+00  1.0000e+00
-2.7620e-01  1.3236e+00  4.2241e-01  1.2198e+01 -4.7196e+00 -4.4820e+00  1.3826e+01  1.0000e+00
-4.5941e-01  1.0401e+00  2.9360e-01 -5.9743e+00 -1.3415e+00  7.8022e+00  9.9180e+00  1.0000e+00
-7.3173e+00  2.3101e+01 -2.9769e+00 -1.0790e+01  3.4416e+01 -4.3332e+00  3.6327e+01  1.0000e+00
 3.8167e+00  1.6326e+00  4.2678e+00  1.2381e+00  3.9613e+00  4.4188e+00  6.0622e+00  1.0000e+00
-1.3162e+01 -2.2306e-01 -3.4137e+00 -1.7758e+01  4.0278e-01 -4.7573e+00  1.8388e+01  1.0000e+00
 1.5919e+00  1.8175e+00 -2.8811e+00  2.9757e+00  1.5945e+00 -9.7227e-01  3.5132e+00  1.0000e+00
-1.0560e+01 -4.0649e+00  7.3112e+00 -1.4169e+01 -4.5305e+00  9.8141e+00  1.7821e+01  1.0000e+00
-2.2911e-01  1.6730e+00  2.1532e-01  3.6526e+00  9.6964e+00  4.8929e+00  1.1459e+01  1.0000e+00
 2.7084e+01  9.8004e+00  2.2627e+00  4.0722e+01  1.4949e+01  3.3321e+00  4.3507e+01  1.0000e+00
 9.7794e+00  1.3603e+01  1.8314e+00  1.4138e+01  1.9226e+01  3.0837e+00  2.4063e+01  1.0000e+00
-2.1126e+01 -1.2687e+01 -7.8687e+00 -3.1368e+01 -1.8213e+01 -1.1018e+01  3.7908e+01  1.0000e+00
 1.2398e+00  2.7167e+00 -5.1120e-01  9.1550e+00  3.7644e+00 -8.5862e+00  1.3104e+01  1.0000e+00
-2.0768e+01 -4.9733e-01 -5.4396e+00 -3.0767e+01 -4.5750e-01 -8.1201e+00  3.1824e+01  1.0000e+00
 4.7953e-01  6.0308e-01  5.0533e-01  2.5011e-01 -2.7640e-01 -4.3357e+00  4.3517e+00  1.0000e+00
-1.5765e-01  1.2695e+00  5.1354e-01 -1.2372e+01  1.5583e+01  8.3802e-01  1.9914e+01  1.0000e+00
-4.2391e+00  1.6795e+01 -6.4778e+00 -5.6432e+00  2.4686e+01 -9.2554e+00  2.6962e+01  1.0000e+00
 2.5499e+01  2.0890e+01 -1.6016e+01  4.7201e+01  3.8198e+01 -2.9465e+01  6.7493e+01  1.0000e+00
-4.4563e-01  6.6875e-01  4.6092e-01  1.3278e+01  1.0919e+01  1.4337e+01  2.2385e+01  1.0000e+00
-7.5749e-01  1.0262e+00 -2.1652e+00  2.8869e+00  3.8535e+00  7.2882e+00  8.7351e+00  1.0000e+00
 1.9087e-02  1.1780e+00  1.1283e+00  2.8455e-01 -6.4273e+00  4.8135e+00  8.0350e+00  1.0000e+00
 3.8436e+00 -3.0179e+00 -1.6496e-02  2.9194e+00 -5.4502e-01  4.0549e+00  5.0262e+00  1.0000e+00
 2.3353e+00 -1.5726e+00  8.0659e-01  4.1385e+00  4.6902e-02  9.9480e-02  4.1400e+00  1.0000e+00
-2.5036e-01  4.8881e-01  2.5136e-01 -5.5856e+00  1.0724e+01  1.3274e+01  1.7955e+01  1.0000e+00
-1.6151e+01 -8.1323e+00 -2.8371e+01 -2.4831e+01 -1.2611e+01 -4.3884e+01  5.1975e+01  1.0000e+00
-2.8829e+01 -9.6009e+00 -9.6178e-01 -4.3774e+01 -1.4225e+01 -1.5519e+00  4.6053e+01  1.0000e+00
 3.3122e+00 -2.6541e+00 -4.1118e+00  4.2652e+00 -7.0957e-01 -2.0327e+00  4.7778e+00  1.0000e+00
 2.9137e+01  5.0340e+00 -3.0357e+00  4.3980e+01  7.9244e+00 -4.7041e+00  4.4935e+01  1.0000e+00
-2.9783e-01  1.3494e+00  1.4079e-01 -5.3228e+00 -4.5598e+00 -1.5752e+01  1.7241e+01  1.0000e+00
-4.7570e-01  9.2590e-01  2.5417e-01  6.2254e+00 -8.6791e+00  1.2317e+01  1.6303e+01  1.0000e+00
 7.1267e-03  1.1840e+00  2.9435e-01 -8.9182e+00  1.6531e+01  1.3206e+01  2.2961e+01  1.0000e+00
-2.5250e+00  1.5219e+00 -1.3127e-01 -1.4731e+01  3.7908e+00 -5.8651e-02  1.5211e+01  1.0000e+00
-1.9756e-01  1.3673e+00  4.6677e-01 -4.3863e+00 -5.6693e+00  9.3716e+00  1.1799e+01  1.0000e+00
-5.3252e-02  5.6538e-01  1.0377e+00  3.9361e-02  4.6420e+00 -6.4136e-01  4.6863e+00  1.0000e+00
 1.9537e-01  1.1122e+00  3.9064e-01 -2.6052e+00 -1.6041e+01 -8.3821e+00  1.8286e+01  1.0000e+00
-1.1635e+01  9.9138e+00 -1.8407e+00 -1.6133e+01  1.3610e+01 -2.2210e+00  2.1224e+01  1.0000e+00
-3.6047e-01  8.1150e-01  2.0771e-01  1.1425e+01 -8.0069e+00  2.0319e+01  2.4648e+01  1.0000e+00
-1.1794e+01 -3.5316e+00 -1.3801e-01 -1.5264e+01 -4.5782e+00 -4.2954e-01  1.5942e+01  1.0000e+00
 2.2019e-01  6.7751e-01  1.1375e+00 -6.6466e-02  4.8114e+00 -8.0924e+00  9.4149e+00  1.0000e+00
-1.3809e-01  6.2740e-01  1.2748e-01 -1.0034e+01 -1.1464e+01  2.7275e+00  1.5477e+01  1.0000e+00
 2.2821e-01  1.1155e+00  7.0935e-01  1.8328e+00 -3.2510e+00  1.9067e+01  1.9429e+01  1.0000e+00
-2.6369e-01  1.5958e+00 -7.9419e-01 -4.9325e+00  1.0084e+01 -4.6175e+00  1.2138e+01  1.0000e+00
 9.3048e+00 -2.2943e+01 -1.1062e+01  1.4039e+01 -3.4312e+01 -1.6589e+01  4.0616e+01  1.0000e+00
-2.0881e+01 -3.7217e+00  1.8809e+01 -3.1548e+01 -5.2783e+00  2.8391e+01  4.2769e+01  1.0000e+00
-4.8698e-01  1.3657e+00  3.3048e-01  7.6457e+00 -9.3249e+00 -8.4410e+00  1.4719e+01  1.0000e+00
-2.5581e+00 -9.5863e-01 -3.6782e+00 -1.3081e+00  1.6728e+00  1.8912e-01  2.1320e+00  1.0000e+00
-5.6064e-01  1.5112e+00  1.3994e-01 -1.3891e+01  1.8807e+01  1.9155e+00  2.3459e+01  1.0000e+00
 6.0053e-01  7.8128e-01  7.8338e-01 -5.8987e+00 -1.2859e+00 -2.9493e+00  6.7191e+00  1.0000e+00
-1.8652e+00 -1.8563e+01 -1.3101e+01 -2.0315e+00 -2.7884e+01 -1.9909e+01  3.4322e+01  1.0000e+00
-2.9915e+00  5.1647e+00 -3.7826e+00 -2.5021e+00  4.3625e+00 -1.5986e+00  5.2771e+00  1.0000e+00
-3.2636e-01  8.9787e-01  8.9507e-01  6.2035e+00  2.0754e+00  1.6495e+01  1.7744e+01  1.0000e+00
-4.5070e-01  8.5083e-01 -1.5953e-01 -3.3240e+00  4.4308e+00 -6.5330e+00  8.5651e+00  1.0000e+00
-1.5410e+00  6.3113e-01  7.5690e-01  5.0941e-01  3.1219e+00  8.7856e-01  3.2829e+00  1.0000e+00
-3.8832e+00  1.7086e+01 -7.1482e+00 -5.7906e+00  2.4205e+01 -9.6887e+00  2.6707e+01  1.0000e+00
 2.6465e-02  6.5500e-01 -2.5330e-01 -7.7010e+00  7.0750e+00  1.4739e+01  1.8072e+01  1.0000e+00
 6.3903e-01  3.2401e+00  2.0958e+01  1.8391e+00  5.1125e+00  2.8347e+01  2.8863e+01  1.0000e+00
 2.6424e-01  4.3015e+00 -2.4453e+00  5.3831e-01  5.9371e+00 -4.7674e+00  7.6333e+00  1.0000e+00
-2.1481e-01  1.0170e+00  2.1488e-01  8.4615e+00  9.8158e+00  1.4840e+01  1.9702e+01  1.0000e+00
-6.0335e-01  1.3394e+00  2.3059e-01 -1.2446e+01  8.5090e+00 -8.7762e+00  1.7445e+01  1.0000e+00
-1.7991e-01  1.2845e+00  4.0008e-02 -3.6313e+00 -3.9476e+00 -7.5411e+00  9.2541e+00  1.0000e+00
 6.4041e+00  1.3136e+01  7.0222e+00  9.2102e+00  1.8668e+01  9.6727e+00  2.2954e+01  1.0000e+00
-7.5680e-02  1.1472e+00  3.1295e-01  3.8443e+00 -1.1150e+01  1.0052e+01  1.5497e+01  1.0000e+00
 1.2058e+00 -3.9991e-01  1.1089e+00 -3.2063e-02  3.2459e+00 -3.7496e-01  3.2677e+00  1.0000e+00
-5.9943e-02  1.0081e+00  1.9696e-01 -7.3251e+00  3.0014e+00 -1.3294e+01  1.5473e+01  1.0000e+00
 1.4998e-01  5.3994e-01  3.5870e-01  2.7492e+00  8.3123e+00  2.9076e+00  9.2253e+00  1.0000e+00
 2.0697e-01  1.4646e+00  5.6474e-01 -1.6480e+00  1.0555e+01  6.4670e+00  1.2488e+01  1.0000e+00
-4.9036e-02  7.8066e-01  2.5084e-01 -9.9337e+00  7.1617e+00  8.4532e+00  1.4880e+01  1.0000e+00
 1.0175e+01 -7.4284e+00 -1.2343e+00  1.3563e+01 -9.6519e+00 -1.3473e+00  1.6701e+01  1.0000e+00
-1.4325e-01  6.0848e-01  7.4243e-02 -7.2807e+00 -1.4960e-01 -5.7166e+00  9.2580e+00  1.0000e+00
 1.8496e+01 -3.4857e+01  2.2281e+01  2.5231e+01 -5.0348e+01  3.2435e+01  6.4989e+01  1.0000e+00
-2.8641e-01  2.8365e+00  8.8824e-02 -6.4914e-01  6.8282e+00 -1.1754e+01  1.3609e+01  1.0000e+00
 1.9103e+00 -9.7233e+00 -2.7795e+01  2.7483e+00 -1.4585e+01 -4.1897e+01  4.4448e+01  1.0000e+00
-7.5212e+00 -1.0922e+01 -1.8783e+01 -1.1699e+01 -1.6185e+01 -2.7950e+01  3.4351e+01  1.0000e+00
-1.3296e+00 -1.9971e+01  2.1595e+00 -1.7459e+00 -2.9467e+01  3.1694e+00  2.9689e+01  1.0000e+00
-2.7812e+01 -1.4043e+01 -7.2673e+00 -4.2420e+01 -2.1107e+01 -1.0992e+01  4.8639e+01  1.0000e+00
 2.9554e-01  1.2669e+00  6.7033e-01 -6.4758e+00  7.1507e+00  8.4941e+00  1.2854e+01  1.0000e+00
-2.2270e+01 -5.4817e+00 -4.1917e+00 -3.3366e+01 -8.1489e+00 -6.2605e+00  3.4912e+01  1.0000e+00
 9.1753e-02  7.5791e-01  1.4269e+00  1.6836e+00 -1.5592e+00  8.7696e+00  9.0648e+00  1.0000e+00
-1.9743e-02  1.2935e+00  3.6621e-01  1.1438e+01  1.2698e+01 -9.3175e+00  1.9465e+01  1.0000e+00
-3.5071e+00  1.2635e-01 -1.1021e+01 -4.9453e+00  7.7996e-01 -1.6483e+01  1.7227e+01  1.0000e+00
 1.4007e-01  4.9873e-01  1.3703e+00  6.8527e+00  6.6349e+00 -8.9126e+00  1.3054e+01  1.0000e+00
-2.3744e-01  1.0460e+00  3.3411e-01  1.3781e+01  1.2656e+01  3.0496e+00  1.8958e+01  1.0000e+00
