# limit = 23.4203
#
# x           y           z           vx          vy          vz          s           m
-3.5806e-01  1.5584e+00  6.1693e-01  7.7369e+00  2.0665e+01 -1.3257e+01  2.5741e+01  1.0000e+00
-4.3247e-01  9.1845e-01 -1.7034e-01 -4.1149e+00 -6.0829e+00  4.6823e+00  8.7097e+00  1.0000e+00
 2.3277e+01  1.0620e+00  4.5580e+00  3.4028e+01  2.0671e+00  6.6587e+00  3.4735e+01  1.0000e+00
-2.7597e-01  1.1728e+00  4.6767e-01 -1.1611e+01  1.5097e+01  7.8891e+00  2.0615e+01  1.0000e+00
-1.9736e+01  7.4423e+00  1.1833e+01 -2.9279e+01  1.0849e+01  1.7276e+01  3.5685e+01  1.0000e+00
 8.5989e+00 -2.6745e+00  2.4444e+01  1.2998e+01 -3.5620e+00  3.6207e+01  3.8634e+01  1.0000e+00
 1.2662e+00 -1.9883e+01 -1.3742e+01  1.3983e+00 -2.9273e+01 -1.9991e+01  3.5476e+01  1.0000e+00
-9.6682e-01  1.5746e+00  1.5156e-01  3.2072e+00 -1.7623e+00 -5.6051e-01  3.7021e+00  1.0000e+00
-3.1205e+01  2.2764e+01  7.0533e+01 -4.5547e+01  3.3390e+01  1.0464e+02  1.1890e+02  1.0000e+00
 4.8993e+01 -2.6234e+01  1.2778e+00  1.1448e+02 -6.2004e+01  3.0410e+00  1.3022e+02  1.0000e+00
 2.9317e+00  4.2358e+00  2.6045e+00 -2.0482e-01  2.2513e+00  5.4441e-01  2.3253e+00  1.0000e+00
-4.6647e-01  1.5211e+00  2.0621e-01  1.0545e+01 -1.7851e+00  1.6455e+00  1.0821e+01  1.0000e+00
-9.3446e-01  3.6827e+00  6.5467e-01  2.0233e+00  7.8712e-01  3.6704e+00  4.2644e+00  1.0000e+00
 5.7351e+00  1.6298e+00 -7.7572e-01  4.8127e+00  2.7678e+00  4.7037e-01  5.5717e+00  1.0000e+00
 1.8403e+00 -1.3493e+00  5.4096e-01  1.3065e+00 -9.2945e-01 -1.1896e+00  1.9965e+00  1.0000e+00
-7.9657e+00 -1.5523e+00 -5.9086e+00 -6.6917e+00 -8.0901e-01 -7.4637e+00  1.0057e+01  1.0000e+00
 1.4244e+01 -1.4897e+01 -1.7069e+01  2.1016e+01 -2.2063e+01 -2.5476e+01  3.9717e+01  1.0000e+00
-1.8185e-02  2.5826e-01  2.2256e-01  1.2730e+00 -9.6770e+00 -8.1443e-01  9.7943e+00  1.0000e+00
-2.4339e-01  1.0834e+00  2.2126e-01 -1.0443e+01 -3.7376e+00 -6.7450e+00  1.2982e+01  1.0000e+00
 4.9462e+01  4.0187e+01 -1.7404e+01  7.3441e+01  5.8889e+01 -2.5204e+01  9.7451e+01  1.0000e+00
 4.4463e-01  1.3022e+00  4.8587e-01 -2.5690e+00  5.3662e+00 -6.2683e+00  8.6422e+00  1.0000e+00
-5.8563e-01  1.5371e+00  1.3894e-01  7.6230e-01  2.1086e+01  3.3474e-01  2.1103e+01  1.0000e+00
-3.9813e+00 -4.8340e+00  7.6985e+00 -8.1963e+00 -1.1691e+01  1.5946e+01  2.1405e+01  1.0000e+00
-1.0668e+01  2.0208e+01 -2.0407e+01 -1.5923e+01  3.0492e+01 -3.0469e+01  4.5953e+01  1.0000e+00
-7.4461e-01  2.2862e+01 -1.0119e+01 -1.2347e+00  3.3764e+01 -1.4840e+01  3.6901e+01  1.0000e+00
-5.5690e+00  3.2195e+00 -8.5211e+00 -7.9836e+00  5.3885e+00 -1.0087e+01  1.3947e+01  1.0000e+00
 7.2512e+00 -1.7890e+01  3.4127e+00  1.0045e+01 -2.6266e+01  4.7678e+00  2.8523e+01  1.0000e+00
 4.8087e+01 -1.2575e+01 -4.6390e+01  7.5256e+01 -1.9839e+01 -7.2627e+01  1.0645e+02  1.0000e+00
 1.3897e+00 -2.7863e+01 -3.6752e+01  2.1746e+00 -4.2158e+01 -5.5590e+01  6.9802e+01  1.0000e+00
 7.3818e-02  9.0373e-01  2.1121e-01 -9.8211e+00  4.1978e+00  3.0670e+00  1.1112e+01  1.0000e+00
-2.5714e-03  1.0698e+00  6.8225e-01  3.8432e+00 -1.0027e+01  5.7535e+00  1.2183e+01  1.0000e+00
-1.4117e-01  1.0420e+00  2.1191e-01 -4.9989e-01  3.0755e+00 -9.6176e+00  1.0110e+01  1.0000e+00
 8.6100e-03  9.9010e-01  4.6635e-01 -1.0531e+01  2.2589e+01  1.0774e+01  2.7152e+01  1.0000e+00
-5.9675e-02  1.0683e+00  5.3407e-01  3.5733e+00 -1.1843e+01 -7.7026e+00  1.4572e+01  1.0000e+00
 9.3004e-03  1.1583e+00 -1.9851e-01  2.3846e+00 -3.3325e+00 -3.7732e-01  4.1152e+00  1.0000e+00
 2.8902e-01  1.0711e+00 -1.1452e-01 -8.0901e-01 -1.1456e+01 -5.0339e-01  1.1496e+01  1.0000e+00
 3.5270e-01  2.3921e+00 -8.5407e-01  2.2165e+00 -5.7610e+00  5.3379e+00  8.1606e+00  1.0000e+00
-1.9174e+01  3.6731e+01 -4.6191e+01 -2.8528e+01  5.4672e+01 -6.7946e+01  9.1758e+01  1.0000e+00
 3.3417e-01  1.4180e+00  6.8598e-01  3.8684e+00  2.7707e-01  1.6420e+01  1.6871e+01  1.0000e+00
 1.3786e+01 -3.0581e+00  1.1603e+01  1.9482e+01 -4.0942e+00  1.6508e+01  2.5862e+01  1.0000e+00
 7.3764e+00  6.8755e+00  9.9937e-01  8.2255e+00  8.1219e+00  2.0683e+00  1.1743e+01  1.0000e+00
 3.1127e+00  1.0126e+00 -8.0331e-01 -8.2760e-01  1.1194e+00 -1.5629e+00  2.0930e+00  1.0000e+00
 3.3087e-01  1.3433e+00 -2.3161e-02 -2.8514e+00  8.5261e+00  1.0623e+01  1.3917e+01  1.0000e+00
 2.8124e+00 -8.1832e+00  2.6610e+01  4.3086e+00 -1.1998e+01  3.9590e+01  4.1592e+01  1.0000e+00
 2.5788e+01  1.2454e+01  2.0499e+00  3.8759e+01  1.8563e+01  3.1395e+00  4.3090e+01  1.0000e+00
 1.8040e+00 -1.6467e+01  2.7307e+00  3.2424e+00 -2.3614e+01  4.1815e+00  2.4200e+01  1.0000e+00
-1.9078e-02  1.0089e+00  2.3019e-01  4.8226e+00 -4.2676e+00 -2.4343e+01  2.5180e+01  1.0000e+00
 2.5943e+00 -9.4755e-01  2.5243e-01 -1.5737e+00  6.4110e+00  2.5823e+00  7.0884e+00  1.0000e+00
 1.1201e+01 -4.3439e+00  5.0886e+00  1.4413e+01 -5.5544e+00  7.0538e+00  1.6980e+01  1.0000e+00
 4.3970e-01  7.7927e-01  1.0559e-01  4.6822e+00 -4.2839e+00 -3.6663e+00  7.3292e+00  1.0000e+00
-1.2913e+00  1.4192e+00  7.3274e-01 -3.9453e-01  4.5419e-01  7.3709e-01  9.5144e-01  1.0000e+00
-1.6003e-01  1.2229e+00  5.7591e-01  7.6221e+00  3.0784e+00  9.6423e+00  1.2671e+01  1.0000e+00
-3.2944e+00 -5.1797e+00  5.2597e+00 -3.2037e+00 -4.8535e+00  5.4368e+00  7.9610e+00  1.0000e+00
-7.0185e-02  1.6829e+00  7.2339e-01 -1.4172e+00  2.0826e+00  5.3629e+00  5.9250e+00  1.0000e+00
 1.3128e-01  4.2088e+00  4.0815e+00  2.2354e+00  1.3836e+01  1.4998e+01  2.0527e+01  1.0000e+00
 3.9721e-03  6.6765e-01  5.1474e-01  1.0881e+00 -3.4598e+00  3.5476e+00  5.0735e+00  1.0000e+00
-1.8606e-01  8.7292e-01  2.1649e-01 -6.9308e+00 -4.1058e+00  1.3970e+01  1.6126e+01  1.0000e+00
-5.7888e-01  1.2153e+00  1.8440e-01 -1.0098e+01  1.6559e+01 -3.3582e+00  1.9684e+01  1.0000e+00
 1.3666e-01  1.4213e+00  7.1593e-01 -3.8078e+00 -4.8480e+00  7.6104e+00  9.7939e+00  1.0000e+00
 6.3757e+00 -3.5224e+00  1.9001e+01  9.0039e+00 -5.4045e+00  2.7711e+01  2.9634e+01  1.0000e+00
-1.6554e-01  9.0911e-01  1.6947e-01  1.4558e+01 -4.4560e+00 -1.8402e+01  2.3884e+01  1.0000e+00
-3.7230e+00 -6.2946e+00  2.9428e+00 -7.2736e+00 -1.4598e+01  5.8317e+00  1.7321e+01  1.0000e+00
 1.1820e+01  1.1655e+00 -5.6954e+00  1.8104e+01  1.9747e+00 -8.6257e+00  2.0151e+01  1.0000e+00
-4.6270e-01  1.6041e+00 -7.2429e-02  4.2801e+00 -1.2514e+00 -2.7998e+00  5.2653e+00  1.0000e+00
-4.3431e-01  3.0095e+00  3.6431e-01  2.6912e+00  1.2016e+01  1.6875e+00  1.2429e+01  1.0000e+00
-1.9952e-01  1.5998e+00 -5.1675e-01 -7.8756e+00  5.2699e+00  5.2628e+00  1.0839e+01  1.0000e+00
-2.1152e-01  9.9624e-01  2.5124e-01  1.5902e+01 -7.0552e+00  9.5023e-01  1.7422e+01  1.0000e+00
-7.3692e-02  1.0975e+00  1.4256e-01  1.6464e+01 -1.1534e+01  1.0639e+01  2.2744e+01  1.0000e+00
-2.1583e-01  1.1883e+00  5.2103e-01  1.7401e+01  8.5134e-01 -1.0206e+01  2.0191e+01  1.0000e+00
 4.4097e-02  8.3071e-01  5.0364e-01 -1.0214e+01 -6.2521e+00 -2.4970e-01  1.1978e+01  1.0000e+00
 2.2896e+01  2.5222e+00  4.1633e+00  3.3878e+01  3.3746e+00  6.0639e+00  3.4582e+01  1.0000e+00
-3.3386e-01  8.2712e-01  5.1411e-01  9.2248e+00  4.0401e+00 -8.8284e+00  1.3393e+01  1.0000e+00
-2.8566e-01  1.7644e+00 -1.4971e-01 -3.9406e+00 -5.7911e+00  5.2489e+00  8.7531e+00  1.0000e+00
 3.5892e-01  1.3962e+00  1.2824e+00 -4.9344e+00 -2.6508e+00 -5.0577e+00  7.5469e+00  1.0000e+00
-2.0264e-01  6.7986e-01  3.1904e-01 -5.1225e+00  1.1212e+01 -5.1510e-01  1.2338e+01  1.0000e+00
 2.3769e-01  6.0596e-01  7.1654e-01  1.0045e+01  4.1250e-01 -2.0366e+00  1.0258e+01  1.0000e+00
-3.2209e-01  1.1426e+00  2.8575e-01 -1.2651e+01  4.6312e+00  1.2403e+01  1.8312e+01  1.0000e+00
 2.5768e-01  1.1017e+00 -4.9610e-01  1.9349e-01 -2.8885e+00  3.9369e+00  4.8867e+00  1.0000e+00
 2.7583e+01 -1.3186e+01 -3.1767e+00  4.1466e+01 -1.9483e+01 -4.6817e+00  4.6054e+01  1.0000e+00
-1.6107e+01 -9.8032e+00 -6.1898e+00 -2.3497e+01 -1.3856e+01 -8.7532e+00  2.8649e+01  1.0000e+00
-3.0396e-01  1.3525e+00  2.9200e-01  1.7892e+01 -8.3285e-01  2.2391e-01  1.7912e+01  1.0000e+00
 1.7312e+01  4.0460e+00  1.1220e+01  3.2160e+01  6.9400e+00  2.0608e+01  3.8822e+01  1.0000e+00
-1.1383e+00  1.6287e+00 -1.8966e-01  8.2285e+00 -5.2887e+00  5.5577e-01  9.7974e+00  1.0000e+00
 5.3925e+00  4.8358e+00  6.9638e+00  5.6835e+00  6.1156e+00  7.7907e+00  1.1419e+01  1.0000e+00
-4.8916e-01  1.1276e+00  2.3561e-01 -1.3619e+01 -3.0816e+00 -4.9165e-01  1.3972e+01  1.0000e+00
-2.5150e-01  2.3321e+00  1.4652e-01  3.1897e+00  8.4555e-01  2.8261e+00  4.3447e+00  1.0000e+00
-1.0358e+00  1.2358e+00  5.2299e-01  1.2364e+01 -3.1694e+00 -6.8250e+00  1.4474e+01  1.0000e+00
 7.7606e-01  4.3266e-02  9.8809e-01 -7.6841e+00  9.1672e+00 -8.6444e+00  1.4758e+01  1.0000e+00
 1.0871e+02  2.7500e+01 -1.0553e+02  2.2218e+02  5.5313e+01 -2.1506e+02  3.1413e+02  1.0000e+00
 4.7548e-01  1.2994e+00  1.0057e-01  3.0019e+00  1.1611e+01 -3.6486e+00  1.2535e+01  1.0000e+00
 1.1847e+00 -6.7480e-02  7.5180e-01 -8.7674e+00  6.6315e+00 -6.0210e+00  1.2534e+01  1.0000e+00
-5.5680e-02  5.0791e-01  3.9234e-01  9.2939e+00  4.0250e+00 -1.9313e+01  2.1807e+01  1.0000e+00
-1.5323e+00  1.2086e+00  5.6728e-01  9.3150e+00 -1.8202e+00 -6.1568e+00  1.1313e+01  1.0000e+00
-5.5936e-01  1.1542e+00  3.9551e-02 -5.5812e+00 -1.4421e+01 -7.4837e+00  1.7179e+01  1.0000e+00
 4.6169e+00 -1.6310e+00 -4.3679e-01  5.7828e+00 -1.7057e+00 -1.7767e-01  6.0317e+00  1.0000e+00
-1.9302e-01  1.0584e+00  3.4775e-01 -5.3041e+00 -1.2248e+01  1.2162e+01  1.8057e+01  1.0000e+00
 6.0354e+00  1.2794e+01  2.2136e+01  1.7319e+01  3.4027e+01  6.1272e+01  7.2194e+01  1.0000e+00
-8.9054e+00 -1.3012e+01 -1.4631e+01 -1.2990e+01 -1.8809e+01 -2.1241e+01  3.1204e+01  1.0000e+00
 1.9640e+00 -4.0524e+00 -1.7432e+01  2.6961e+00 -5.4305e+00 -2.3288e+01  2.4065e+01  1.0000e+00
 1.6431e+00  4.3611e+00 -1.9288e+00  2.5236e+00  5.0099e-01  1.5820e+00  3.0203e+00  1.0000e+00
-2.7127e-01  1.1958e+00  3.0720e-01 -6.9029e+00  1.2267e+01  3.5786e+00  1.4524e+01  1.0000e+00
-2.9613e-01  1.0713e+00  9.9666e-02 -1.3459e+00  1.4297e+01  3.0167e+00  1.4674e+01  1.0000e+00
-2.6745e+00  1.2212e+00 -6.6284e-01 -9.9103e+00  7.6052e-01 -4.2521e+00  1.0811e+01  1.0000e+00
-6.4232e-01  4.4576e-01  5.5609e-01 -6.0043e+00  3.3710e+00  4.9769e+00  8.4962e+00  1.0000e+00
 2.2609e+01  8.7146e+00 -5.8249e-01  3.3298e+01  1.3204e+01 -8.8872e-01  3.5832e+01  1.0000e+00
-6.1869e-01  1.2037e+00  2.4558e-01 -5.2552e+00  1.6500e-01  9.3899e+00  1.0762e+01  1.0000e+00
 1.6797e+01  9.7626e-01  1.8842e+01  2.4757e+01  1.5516e+00  2.7756e+01  3.7225e+01  1.0000e+00
 8.4256e-01  5.0587e-01  8.0298e-01 -5.3289e+00  1.9615e+00  4.1945e-01  5.6939e+00  1.0000e+00
-4.5655e-01  5.7630e-01  4.6670e-01 -1.5282e+01  1.0425e+01  7.0288e+00  1.9790e+01  1.0000e+00
-2.7505e+01  5.8477e+00  6.2842e+00 -4.1120e+01  8.9946e+00  9.4695e+00  4.3145e+01  1.0000e+00
 1.3812e-02  9.7003e-01  2.1897e-01  3.0311e+00  2.5469e+01 -1.6253e+01  3.0365e+01  1.0000e+00
 5.6862e+00 -9.4333e+00  1.7021e+01  8.1797e+00 -1.4004e+01  2.4138e+01  2.9080e+01  1.0000e+00
 6.2688e+00 -6.5384e+00  1.3620e+01  8.5961e+00 -9.1980e+00  1.9211e+01  2.2969e+01  1.0000e+00
 1.1224e+01 -1.3396e+01 -5.2401e+00  1.6093e+01 -1.8973e+01 -6.9206e+00  2.5824e+01  1.0000e+00
 2.6534e+00 -8.2910e-01  9.3388e-01 -4.5546e+00  4.5303e+00 -1.9651e-01  6.4270e+00  1.0000e+00
 1.9792e-01  7.1853e-01 -4.5622e-01  1.1489e+00  1.2912e+00  4.8576e+00  5.1559e+00  1.0000e+00
 1.6279e-01  2.8485e+00 -3.5570e-01 -5.1262e-01 -9.4856e-01 -4.1157e+00  4.2546e+00  1.0000e+00
-1.9502e+00  6.1176e-01 -1.7307e+00 -1.0777e+01 -2.9125e+00 -7.8277e+00  1.3634e+01  1.0000e+00
-2.3999e-02  9.3226e-01  3.6875e-01 -1.2289e+01 -1.1563e+00 -6.7239e+00  1.4056e+01  1.0000e+00
 6.0214e-01  7.4108e-01  7.7340e-02 -1.1221e+00  2.2076e+00  4.0813e+00  4.7739e+00  1.0000e+00
-4.7913e-02  7.2111e-01  5.4132e-01 -7.2626e+00  4.1005e+00 -7.0113e+00  1.0896e+01  1.0000e+00
-3.5875e-01  1.3488e+00  2.1123e-01 -1.9194e+01  4.2485e+00 -9.9084e-01  1.9683e+01  1.0000e+00
-3.6360e+01  1.5083e+01  1.3827e+01 -5.4942e+01  2.2882e+01  2.1187e+01  6.3175e+01  1.0000e+00
-1.8146e-01  1.0397e+00 -2.2837e-01  2.1315e+00  2.7655e+00  2.8187e+00  4.4874e+00  1.0000e+00
-7.6101e-02  9.2032e-01  3.8955e-01 -1.0967e+01  1.6003e+01 -1.9364e+01  2.7411e+01  1.0000e+00
-1.0665e-01  1.1734e+00  4.5673e-01  1.0190e+01 -1.5953e+01  7.2572e+00  2.0273e+01  1.0000e+00
 1.3257e+01 -1.1296e+01 -4.4946e+00  1.9123e+01 -1.6087e+01 -6.0889e+00  2.5720e+01  1.0000e+00
 4.2632e-03  1.1175e+00  4.0066e-01 -8.7258e+00 -1.2881e+01 -5.2221e+00  1.6411e+01  1.0000e+00
 8.9385e+00 -7.7351e+00  1.9758e+01  1.2895e+01 -1.1071e+01  2.9212e+01  3.3796e+01  1.0000e+00
 1.6149e+01  2.5973e+00  1.7620e+01  4.3781e+01  5.3330e+00  4.6210e+01  6.3879e+01  1.0000e+00
-3.3685e+00 -3.6001e+00 -1.6244e+01 -5.1178e+00 -4.8936e+00 -2.3243e+01  2.4297e+01  1.0000e+00
-5.6535e-01  1.8544e+00  1.7362e-01 -5.1820e+00  1.7130e+01 -2.6496e-01  1.7899e+01  1.0000e+00
 1.9146e-01  1.0969e+00 -3.9036e-02  9.0562e+00  3.0786e+00 -2.1272e+00  9.7989e+00  1.0000e+00
-4.2801e-01  1.0881e+00  7.0430e-02  2.0464e+01 -8.9339e-01 -8.0022e+00  2.1991e+01  1.0000e+00
 1.0961e+00  1.6087e+00 -5.4716e-01 -8.2765e+00  1.1002e+00  5.1577e+00  9.8139e+00  1.0000e+00
-6.5305e-01  1.7696e+00  6.2808e-01  1.3487e+00 -1.0911e+00 -1.4712e+01  1.4814e+01  1.0000e+00
-2.3934e-01  1.8380e+00  5.2049e-01  5.1530e+00  1.3280e+01 -1.1528e-01  1.4245e+01  1.0000e+00
-2.0439e-01  7.2849e-01  4.4265e-01 -1.2966e-01  1.1944e+01 -6.4491e+00  1.3574e+01  1.0000e+00
 1.5488e+00 -9.8701e-02  1.2091e+00 -8.7273e+00  7.4394e+00 -2.4401e+00  1.1725e+01  1.0000e+00
-2.7540e+00 -7.7383e+00  1.7691e+01 -3.9469e+00 -1.1473e+01  2.5676e+01  2.8399e+01  1.0000e+00
-4.5002e-01  7.7688e-01 -2.4985e-01 -1.2209e+00  7.6139e+00 -8.2752e+00  1.1311e+01  1.0000e+00
-2.8353e-01  7.8144e-01 -2.2800e-01  7.5296e-01 -5.9938e+00 -4.4273e-01  6.0571e+00  1.0000e+00
-2.4461e+01  5.0774e+00 -6.8356e+00 -3.5435e+01  8.5021e+00 -9.3803e+00  3.7628e+01  1.0000e+00
-1.5435e-01  9.6046e-01  2.2248e-01 -5.2177e+00 -3.4715e+00  1.1053e+00  6.3637e+00  1.0000e+00
-5.0295e-01  1.4746e+00  7.5796e-01 -1.0276e+01  8.1742e+00  1.4075e+01  1.9249e+01  1.0000e+00
-1.3309e-01  9.4024e-01  4.9182e-01 -6.4453e-01  1.8065e+00 -7.8171e-01  2.0712e+00  1.0000e+00
-9.6720e+00 -3.1542e+01 -3.6022e+01 -1.4929e+01 -4.4705e+01 -5.2205e+01  7.0333e+01  1.0000e+00
 2.3751e+01 -2.0950e+01  5.9097e+00  3.5455e+01 -3.1175e+01  8.7377e+00  4.8013e+01  1.0000e+00
-7.8344e-01  1.5035e+00  1.0777e-01  7.5699e+00  1.4947e+00 -3.0881e+00  8.3111e+00  1.0000e+00
-3.1519e+00  2.3254e+00  1.6078e+00 -9.1929e+00  5.0884e+00  2.1854e+00  1.0732e+01  1.0000e+00
-1.8769e-02  1.0105e+00  2.2861e-01 -8.4444e+00 -1.6452e+01  1.2847e+01  2.2517e+01  1.0000e+00
-1.8557e+00  1.2721e+00  7.0060e-01 -3.6685e+00  9.8695e-01  1.2521e+00  3.9999e+00  1.0000e+00
-4.1978e-01  1.3311e+00 -3.9615e-01 -6.4203e-01  7.3446e+00 -2.7955e-01  7.3779e+00  1.0000e+00
-2.7349e-01  1.1741e+00  2.8015e-01  1.5904e+01  6.0757e+00  2.5914e+00  1.7221e+01  1.0000e+00
-1.2969e+01  2.0273e+01 -1.0798e+01 -1.9189e+01  3.0361e+01 -1.5858e+01  3.9262e+01  1.0000e+00
-2.4502e+00  1.4186e+00  2.9565e+00 -2.4071e+00  2.4045e+00  8.7763e+00  9.4127e+00  1.0000e+00
-6.9226e-01  1.0176e+00  2.1380e+00  2.5912e+00  8.5075e-01  8.0190e+00  8.4701e+00  1.0000e+00
 2.8894e-02  9.6461e-01  1.9827e-01 -9.1990e+00 -6.2309e+00  1.4300e+01  1.8109e+01  1.0000e+00
 1.7292e-01  7.7921e-01  5.8114e-01 -7.7089e-01  1.1357e+01 -8.2505e+00  1.4058e+01  1.0000e+00
-4.1805e-02  8.5757e-01  5.1696e-01  2.0144e+01  1.6006e+00  1.5394e+01  2.5403e+01  1.0000e+00
-2.9018e-01  1.2495e+00  1.7535e-01 -5.0247e+00  9.0304e+00 -5.2210e-01  1.0347e+01  1.0000e+00
-1.3342e-01  7.6794e-01  4.8775e-01  3.1944e+00  3.5274e+00 -8.2830e+00  9.5528e+00  1.0000e+00
 6.3853e-01  6.9176e-01  3.3688e-01 -4.6457e+00 -1.4173e+00  5.9358e+00  7.6698e+00  1.0000e+00
 1.6045e-01  8.0063e-01  3.7704e-01  1.1812e+01 -9.0745e+00  6.4478e+00  1.6231e+01  1.0000e+00
-7.3023e-01  1.4776e+00  1.9017e-01 -3.0424e+00 -1.0795e+01 -6.5340e-01  1.1234e+01  1.0000e+00
 5.9244e+00 -9.6133e+00  1.6890e+01  8.2093e+00 -1.2798e+01  2.5029e+01  2.9286e+01  1.0000e+00
 7.8212e-02  5.8134e-01  4.4154e-01 -6.0983e+00  1.8574e+01 -3.5222e-01  1.9553e+01  1.0000e+00
 4.6282e+01 -3.1669e+01 -6.4532e+01  6.9252e+01 -4.7253e+01 -9.5417e+01  1.2702e+02  1.0000e+00
 2.3069e-01  4.5153e+00 -7.2205e-01  1.9823e+00  1.8541e+01 -7.4144e+00  2.0067e+01  1.0000e+00
-1.3525e+00  3.0999e+00  1.5670e+00  2.6148e+00 -2.1878e+00 -5.5845e+00  6.5429e+00  1.0000e+00
 1.1861e+01 -3.3458e+00 -2.5389e+00  1.6609e+01 -3.7402e+00 -2.7982e+00  1.7253e+01  1.0000e+00
-2.8139e-01  9.7612e-01  2.0894e-02  1.1905e+01 -1.3904e+00  3.2787e+00  1.2426e+01  1.0000e+00
 3.7943e-01 -2.1254e-01  8.6658e-01  1.2137e+00  1.1413e+01 -7.4105e+00  1.3662e+01  1.0000e+00
-3.7814e-01  8.6840e-01  2.3164e-01  1.5086e+01 -2.2225e+00 -3.1421e+00  1.5570e+01  1.0000e+00
 1.9813e-01  6.2432e-01  4.7211e-01  4.2350e+00  7.9380e-01  6.1333e+00  7.4955e+00  1.0000e+00
 1.7532e-01  7.9553e-01  6.0560e-01  9.0892e+00  5.8489e+00 -1.0296e+01  1.4928e+01  1.0000e+00
-2.1522e-03  1.2921e+00  6.2085e-01  4.9738e+00  9.6522e+00  3.7107e+00  1.1475e+01  1.0000e+00
-1.0136e+00  1.0846e+00 -6.5346e-01  3.3696e-01  3.2015e+00 -2.7469e+00  4.2318e+00  1.0000e+00
-1.2764e+00  4.0504e-01 -2.1776e-01 -7.6514e-01  5.0365e+00  5.4006e+00  7.4242e+00  1.0000e+00
 1.1430e+00 -9.1353e+00  1.6172e+01  1.7207e+00 -1.3080e+01  2.3094e+01  2.6597e+01  1.0000e+00
-3.0007e+01  2.3178e+01 -1.9129e+01 -5.8192e+01  4.4378e+01 -3.7313e+01  8.2146e+01  1.0000e+00
-2.3558e+00  1.2691e+00  2.9497e-01 -1.3803e+00  7.7735e-01  3.7635e+00  4.0833e+00  1.0000e+00
-8.6653e-01  2.5092e+00  5.7126e-01  4.9715e+00 -4.3346e+00 -5.8701e-01  6.6219e+00  1.0000e+00
 2.6050e-01  1.1503e+00 -2.4967e-01 -2.4236e+00 -4.5042e+00  4.0365e+00  6.5157e+00  1.0000e+00
 3.0848e-01  1.0613e+00  7.3692e-01 -6.2063e+00  6.5479e+00 -1.3788e+01  1.6477e+01  1.0000e+00
 3.9049e-01  9.3233e-01  3.7884e-01 -1.2966e+01  2.1906e+00  1.0184e+00  1.3189e+01  1.0000e+00
 7.7724e-02  6.3730e-01 -3.2389e-01  6.7104e+00  9.0233e+00  7.5034e+00  1.3519e+01  1.0000e+00
-1.5519e+01  1.3084e+01 -4.3336e+00 -2.2302e+01  1.8860e+01 -6.1856e+00  2.9855e+01  1.0000e+00
 9.3913e+00 -7.3628e+00 -2.8743e+01  1.4106e+01 -1.1156e+01 -4.3204e+01  4.6798e+01  1.0000e+00
 1.1536e-01  2.1534e+00  1.2049e-01 -1.0192e+00  1.4333e+01 -2.1711e+00  1.4533e+01  1.0000e+00
-7.4890e-01 -1.8464e+01 -1.3219e+01 -7.3682e-01 -2.7120e+01 -1.9214e+01  3.3245e+01  1.0000e+00
-6.9388e+00  6.5426e+00 -2.7150e+01 -1.0555e+01  9.9853e+00 -4.0550e+01  4.3075e+01  1.0000e+00
 3.2505e+00 -1.6173e+01  1.6278e-01  4.5478e+00 -2.3169e+01  3.4050e-01  2.3614e+01  1.0000e+00
-2.4653e+00  9.1909e-01  6.7482e-01  1.6054e+00  4.1528e+00  1.4406e-01  4.4546e+00  1.0000e+00
-3.1476e+00 -4.0808e+00 -1.7462e+01 -4.5915e+00 -6.1144e+00 -2.4466e+01  2.5633e+01  1.0000e+00
 1.8303e+00  4.3209e+00  3.9575e+00  2.4783e+00  4.8586e+00  4.5034e+00  7.0731e+00  1.0000e+00
-2.3861e-01  9.0602e-01  3.2894e-01 -1.5608e+01 -3.2548e-01 -5.6854e+00  1.6615e+01  1.0000e+00
 1.0534e+01  6.3840e+00  1.4576e+01  1.8177e+01  9.9201e+00  2.4669e+01  3.2209e+01  1.0000e+00
-4.8856e-01  1.1854e+00 -3.1345e-01 -1.1147e+01  7.7894e+00 -1.4429e+01  1.9827e+01  1.0000e+00
 1.0807e+01 -1.3466e+01 -5.2553e+00  1.5575e+01 -1.8991e+01 -7.9593e+00  2.5818e+01  1.0000e+00
-7.9703e-03  7.2086e-01  5.7359e-01  1.0299e+01 -8.8404e+00  9.4933e+00  1.6564e+01  1.0000e+00
-6.1460e-01  8.8147e-01  7.6472e-02  1.8339e+00  1.0640e+01  1.7740e+00  1.0942e+01  1.0000e+00
-1.8844e+01 -8.4771e+00 -5.9041e+00 -2.7455e+01 -1.2275e+01 -8.4599e+00  3.1241e+01  1.0000e+00
 9.4568e+00  5.1795e+00  9.4159e+00  1.2555e+01  7.5712e+00  1.3476e+01  1.9913e+01  1.0000e+00
 4.4412e-01  1.1690e+00  3.9622e-01  5.3607e+00 -3.5932e+00  7.5827e+00  9.9572e+00  1.0000e+00
 7.5928e+00 -2.4747e+01 -1.9560e+00  1.1470e+01 -3.6828e+01 -2.9257e+00  3.8684e+01  1.0000e+00
 2.0358e+01 -5.7529e+00  1.5877e+01  8.4698e+01 -2.7162e+01  6.4847e+01  1.1008e+02  1.0000e+00
-3.6379e+01 -3.4879e+00  5.3705e+01 -5.6974e+01 -5.5829e+00  8.4052e+01  1.0170e+02  1.0000e+00
 1.4504e+01 -2.5064e+01 -2.0359e+01  2.2026e+01 -3.7726e+01 -3.0735e+01  5.3414e+01  1.0000e+00
-3.8301e-01  1.6797e+00  1.9210e-01  6.2567e+00 -8.1099e+00 -6.4866e+00  1.2124e+01  1.0000e+00
-1.7372e+00  5.1991e+00  1.2817e+00 -1.1459e+00  8.8159e+00  1.7682e+00  9.0642e+00  1.0000e+00
 7.6673e-02  1.6650e+00 -1.4531e-01 -2.0708e-01  3.7108e+00  1.1550e+01  1.2133e+01  1.0000e+00
-8.0255e+00 -1.5105e+00 -5.9317e+00 -1.3142e+01 -2.7098e+00 -5.7760e+00  1.4609e+01  1.0000e+00
-1.4631e+00  4.6918e-01  1.1180e+00 -1.5431e+00  8.7509e-01  2.7777e+00  3.2959e+00  1.0000e+00
-1.7820e-01  7.3751e-01  1.2367e-01 -3.2275e+00 -2.5092e+00  1.7720e+01  1.8185e+01  1.0000e+00
-1.7182e-01 -1.8490e+01 -1.3138e+01 -5.5942e-01 -2.6709e+01 -1.9199e+01  3.2898e+01  1.0000e+00
-7.1232e-01 -5.6601e+00  9.4832e-02 -2.3901e+00 -3.8000e+01 -2.6402e+00  3.8166e+01  1.0000e+00
-3.0570e-01  1.0651e+00  1.6692e-01  1.7021e+01 -1.0273e+01  1.5786e+01  2.5386e+01  1.0000e+00
-2.8859e-02  7.9748e-01 -2.0471e-01 -1.4820e+00  2.9437e+00 -1.2545e+01  1.2971e+01  1.0000e+00
-1.1342e-01  9.4786e-01  3.6168e-01 -2.4092e+01  1.2110e+01  2.9004e+00  2.7120e+01  1.0000e+00
-3.7239e-01  1.0668e+00  2.3375e-01  3.4781e+00 -1.6975e+01 -3.0845e+00  1.7600e+01  1.0000e+00
-3.5597e+01 -4.2654e+01  1.9932e+01 -5.1364e+01 -6.2589e+01  2.9541e+01  8.6188e+01  1.0000e+00
 1.2750e-01  1.1637e+00  9.2893e-02 -7.9838e-01 -5.7841e+00  1.5547e+01  1.6607e+01  1.0000e+00
-3.0467e+00  5.4491e+00 -2.2220e+00 -3.6445e+00  7.3159e+00 -2.0396e+00  8.4241e+00  1.0000e+00
-4.4368e-01  9.6118e-01  1.2553e-01 -1.5859e+01  3.2557e+00 -5.2123e+00  1.7008e+01  1.0000e+00
 6.2826e-02  8.8357e-01  3.8365e-01 -5.9372e+00 -1.5840e+01  4.1369e+00  1.7415e+01  1.0000e+00
-8.7336e-01  9.3022e-01  6.7947e-01 -1.3094e+01  2.9317e+00 -3.5850e+00  1.3889e+01  1.0000e+00
 5.1192e-01  1.5862e+00  3.2113e-01  5.5066e+00 -2.0630e+00 -2.3180e+00  6.3208e+00  1.0000e+00
 3.3974e-01  9.5915e-01  1.6979e-03  5.5132e+00  1.2232e+01  2.9113e+00  1.3729e+01  1.0000e+00
-1.2182e-01 -1.6222e+01  7.7409e+00 -1.8540e-01 -2.3367e+01  1.0942e+01  2.5803e+01  1.0000e+00
-2.1184e+01 -1.2665e+01 -7.6337e+00 -3.2224e+01 -1.9114e+01 -1.2089e+01  3.9368e+01  1.0000e+00
-1.1447e-01  1.3359e-01  1.8789e-01 -9.1625e+00 -2.4851e-01  2.2607e+00  9.4405e+00  1.0000e+00
-5.9009e-01  8.1021e-01  7.4491e-01  8.1960e+00  3.1361e+00 -1.0937e+01  1.4023e+01  1.0000e+00
 2.7172e+01 -9.7304e+00 -1.6004e+00  4.0681e+01 -1.4501e+01 -2.2783e+00  4.3248e+01  1.0000e+00
-1.0586e+00  1.4371e+00 -5.0395e-01 -7.0009e+00  3.6677e+00  1.0246e+01  1.2940e+01  1.0000e+00
 2.6673e+02 -3.3012e+02  2.1625e+02  3.8386e+02 -4.7418e+02  3.0947e+02  6.8408e+02  1.0000e+00
-1.8710e-01  1.2123e+00  3.4365e-01  3.3335e+00  1.5357e+01 -1.7134e+01  2.3249e+01  1.0000e+00
-1.5816e-01  9.9457e-01  9.6586e-01  5.3901e+00 -1.9691e+00  3.3177e+00  6.6285e+00  1.0000e+00
-2.4624e-01  1.0548e+00  8.0911e-02 -1.2450e+01  9.0423e+00  2.1361e+01  2.6326e+01  1.0000e+00
 1.4912e+01  1.2037e+01  1.1537e+00  2.1333e+01  1.7076e+01  1.8714e+00  2.7390e+01  1.0000e+00
-1.2090e+01 -3.1214e+00  6.5352e+00 -1.8654e+01 -4.6371e+00  1.0826e+01  2.2061e+01  1.0000e+00
 3.6786e+00 -2.0294e+01  1.0171e+00  5.2535e+00 -2.9385e+01  1.2243e+00  2.9876e+01  1.0000e+00
-5.9393e-01  6.1561e-01 -9.0630e-02  2.3478e+00  1.1671e+01 -3.4208e-01  1.1910e+01  1.0000e+00
 9.6875e-01  9.3685e+00 -1.4510e+01  1.2527e+00  1.3196e+01 -2.0666e+01  2.4552e+01  1.0000e+00
-4.0499e+01  1.3635e+01  1.4801e+01 -6.8501e+01  2.3104e+01  2.4976e+01  7.6485e+01  1.0000e+00
-2.3722e-01  1.1558e+00  2.0659e-01 -5.0138e+00 -9.6522e+00  3.8312e+00  1.1532e+01  1.0000e+00
-2.5049e-01  4.8540e-01  1.3556e-01  1.1616e+01  1.0726e+01 -2.0331e+00  1.5940e+01  1.0000e+00
-1.7353e-01  6.1241e-01  2.6692e-01  1.1739e+00  2.0747e+01  2.6158e+00  2.0944e+01  1.0000e+00
 9.7490e-01  4.0335e-01  3.1520e-02 -1.1733e+01  4.6457e+00  5.7596e+00  1.3872e+01  1.0000e+00
 2.0265e+00 -2.0924e+01  1.6626e+01  2.9616e+00 -3.1145e+01  2.4776e+01  3.9908e+01  1.0000e+00
 1.2035e+01 -2.2477e+01  8.9696e+00  2.3456e+01 -4.4039e+01  1.7174e+01  5.2769e+01  1.0000e+00
-1.1568e+00  1.1956e+01  1.9226e+00 -3.2344e+00  1.5318e+01  2.9819e+00  1.5937e+01  1.0000e+00
 4.2284e-02  1.0635e+00  5.8529e-01 -9.0166e+00 -8.7387e+00 -1.7498e+01  2.1537e+01  1.0000e+00
-5.4100e-01  1.7005e+00  1.3587e-01 -1.3587e+01  2.4131e+01 -3.3627e+00  2.7896e+01  1.0000e+00
-1.1474e-01  1.2072e+00  9.6012e-02 -1.1864e+00  2.5646e+00 -4.8464e+00  5.6100e+00  1.0000e+00
 1.0667e+01 -3.3926e+00  5.7174e+00  1.4496e+01 -3.7396e+00  7.2811e+00  1.6647e+01  1.0000e+00
-1.7412e-01  1.3760e+00  1.4837e+00  5.6962e+00  1.7364e+00  3.4512e+00  6.8828e+00  1.0000e+00
-6.6010e-02  7.0941e-01 -3.3948e-01  1.2454e+00  4.2615e+00  9.9710e+00  1.0915e+01  1.0000e+00
-9.1616e-02  1.0346e+00  4.0174e-01  2.1103e+01  7.7486e+00 -6.2673e+00  2.3338e+01  1.0000e+00
-4.4409e+00 -3.7985e+00 -2.2512e+01 -6.3738e+00 -5.4137e+00 -3.3026e+01  3.4068e+01  1.0000e+00
-1.4646e+00 -4.7898e-01  4.2986e+00  8.7352e-02  1.4527e+00  1.3761e+00  2.0029e+00  1.0000e+00
 2.7559e+01 -6.0000e-01 -5.9399e+00  4.1218e+01 -7.3513e-01 -8.5724e+00  4.2107e+01  1.0000e+00
-3.5342e-01 -1.9531e-01  3.6072e-01  4.0355e+00  4.3314e+00  3.4161e+00  6.8349e+00  1.0000e+00
 9.6084e+00 -1.6028e+00  2.5188e+01  1.4388e+01 -2.8287e+00  3.7731e+01  4.0481e+01  1.0000e+00
-9.8229e-01  1.4241e+00 -1.2830e+00  2.0554e-01  2.1468e+00  4.0334e+00  4.5737e+00  1.0000e+00
-7.6196e-01  5.0751e-01  4.5275e-01 -4.9653e+00  8.0981e+00 -1.6433e+01  1.8981e+01  1.0000e+00
-1.0810e+01  1.8417e+00  1.7631e+01 -1.5461e+01  2.6698e+00  2.5636e+01  3.0056e+01  1.0000e+00
-1.9420e+00  8.2710e+00 -3.6829e-01 -3.7707e+00  7.0417e+00 -8.2083e-01  8.0298e+00  1.0000e+00
-1.7299e-01  7.4697e-01  2.2906e-01  1.6497e+01  4.1121e+00  1.8558e+00  1.7103e+01  1.0000e+00
 8.8713e-01  4.3214e+01  2.8057e+01  2.8043e-01  6.3453e+01  4.0456e+01  7.5254e+01  1.0000e+00
-5.9815e+00  5.3087e+00 -1.8926e+00 -5.7309e+00  5.1890e+00 -5.9604e-01  7.7540e+00  1.0000e+00
-8.5062e-01  5.9922e-01  7.2779e-01 -3.4993e+00 -8.4186e+00  1.0523e+01  1.3923e+01  1.0000e+00
-7.8597e-01  1.0189e+00  3.5117e-01  4.7281e+00  1.3789e+00 -1.3028e+00  5.0945e+00  1.0000e+00
-2.8445e-01  1.1562e+00  2.2470e-01 -9.0000e+00 -3.2360e+00  9.1315e-01  9.6076e+00  1.0000e+00
-1.2649e-01  9.2078e-01  1.8411e-01  1.4208e+01 -1.6104e+01  5.1920e+00  2.2095e+01  1.0000e+00
-3.1201e-01  9.5919e-01  2.2428e-01  7.4359e+00  6.5123e+00  9.2487e+00  1.3537e+01  1.0000e+00
-3.0926e+00  3.3031e-01  4.5667e+00 -1.7768e-01  1.5452e+00  1.5807e+00  2.2176e+00  1.0000e+00
-4.1436e-01  1.3144e+00  2.0734e-01 -1.1233e+01  1.6511e+01 -1.0962e+01  2.2781e+01  1.0000e+00
-1.5308e+01  1.2816e+01  4.3783e+00 -2.6953e+01  2.2506e+01  7.1778e+00  3.5840e+01  1.0000e+00
-5.5811e-01  1.3358e+00  3.7725e-01  3.6679e+00 -1.6025e+01  3.1348e+00  1.6736e+01  1.0000e+00
-4.2255e-01  1.1929e+00  4.3760e-01 -7.2901e+00  6.0640e+00  5.0616e+00  1.0749e+01  1.0000e+00
 1.7673e-01  1.0353e+00  3.8524e-01  4.3193e+00 -7.4137e+00  1.1353e+01  1.4231e+01  1.0000e+00
-1.7110e-01  1.4642e+00  3.7166e-01 -9.6191e+00 -9.1720e+00  2.8069e+00  1.3584e+01  1.0000e+00
 9.0429e+00 -1.5192e+01 -7.6203e+00  1.3137e+01 -2.1489e+01 -1.1017e+01  2.7490e+01  1.0000e+00
-6.4189e-02  4.7142e-01  4.8508e-01 -7.9125e+00  2.1626e+01 -2.0000e-01  2.3029e+01  1.0000e+00
 1.1870e+01  3.3050e+00 -2.6448e+01  1.7776e+01  5.2359e+00 -3.8026e+01  4.2301e+01  1.0000e+00
-1.8885e+00  1.0220e+01 -6.3586e+00 -2.4898e+00  1.3234e+01 -7.3046e+00  1.5320e+01  1.0000e+00
-2.3713e+01 -8.3037e+00  5.6334e+00 -3.5467e+01 -1.2105e+01  8.3826e+00  3.8401e+01  1.0000e+00
 2.9762e+01 -2.8643e+00 -1.2184e+01  4.5032e+01 -4.2876e+00 -1.8267e+01  4.8784e+01  1.0000e+00
 1.1550e+01 -6.3853e+01  3.9613e+01  1.7616e+01 -9.7711e+01  6.0738e+01  1.1639e+02  1.0000e+00
-5.7679e-01  1.1177e+00  5.3977e-01  1.0344e+01 -2.0273e+00 -8.3758e+00  1.3463e+01  1.0000e+00
-2.8581e-01  9.7288e-01  2.2216e-01 -1.5902e+01  2.2466e+00  9.5553e+00  1.8688e+01  1.0000e+00
-2.4963e-03  1.0850e+00  2.2746e-01  1.1511e+01  4.6876e+00  8.8405e+00  1.5252e+01  1.0000e+00
-1.6648e-01  1.0522e+00  3.1936e-01 -2.7611e+01 -1.8239e+01  7.0075e+00  3.3825e+01  1.0000e+00
-1.4401e+01 -7.0632e+00 -7.3673e+00 -2.0822e+01 -9.5176e+00 -1.0629e+01  2.5241e+01  1.0000e+00
 3.8912e-01  7.5410e-01  7.0132e-01  7.7296e+00  5.7187e+00 -4.3380e+00  1.0548e+01  1.0000e+00
-9.7211e-01  3.2595e-01  3.3185e-01 -1.5766e+00 -2.4780e+00 -9.1211e+00  9.5823e+00  1.0000e+00
-5.6705e-01  1.6319e+00 -2.3893e-01 -1.4825e+00 -5.6424e+00 -4.3679e+00  7.2878e+00  1.0000e+00
-3.0200e-01  1.3033e+00  1.7873e-01 -9.5939e+00  1.0343e+01  7.0873e+00  1.5788e+01  1.0000e+00
 3.1315e+00 -2.8537e+00 -3.6734e+00  2.0637e+00 -2.6624e-01 -2.3322e+00  3.1255e+00  1.0000e+00
 2.3520e-01  1.1799e+00  2.9908e-01  1.8326e+01  5.3635e+00  2.2964e+00  1.9232e+01  1.0000e+00
 6.0804e-02  1.3652e+00  4.1055e-01  1.3283e+01  1.1618e+01  2.6154e+00  1.7840e+01  1.0000e+00
 9.7923e+00 -1.1863e+01 -1.4431e+01  1.4141e+01 -1.7638e+01 -2.0637e+01  3.0610e+01  1.0000e+00
 5.8749e+00  3.1517e+00 -3.2525e+00  2.2575e+01  8.8949e+00 -1.0484e+01  2.6432e+01  1.0000e+00
 1.0713e-01  9.4787e-01  1.7046e-01 -2.9536e+00  8.8703e+00  1.8210e+00  9.5248e+00  1.0000e+00
 1.6892e-01  8.9979e-01  4.8088e-01 -2.5600e-01  2.8125e-01 -3.2837e+00  3.3056e+00  1.0000e+00
-7.5739e-02  1.9473e+00  9.5179e-01 -6.4746e+00 -9.3729e+00  5.4557e+00  1.2631e+01  1.0000e+00
 1.2339e+01 -5.9135e+00 -8.1128e+00  3.0774e+01 -1.5882e+01 -2.0226e+01  4.0105e+01  1.0000e+00
-5.8517e-01  1.0814e+00  3.3309e-01  9.4152e+00  1.0016e+01 -1.2487e+01  1.8571e+01  1.0000e+00
 6.8496e-01  9.2384e-01  4.9854e-01  1.1701e+01 -1.3181e-01  3.4285e+00  1.2194e+01  1.0000e+00
-3.3306e+01  8.0277e+00  1.6396e+01 -6.0144e+01  1.4438e+01  2.9689e+01  6.8609e+01  1.0000e+00
-5.2143e-01  7.6263e-01  3.8244e-01  3.9774e+00 -7.5597e+00  1.4569e+00  8.6655e+00  1.0000e+00
 1.2965e+01  9.2956e+00 -1.0373e+00  1.7684e+01  1.3311e+01 -9.5678e-01  2.2154e+01  1.0000e+00
-4.4038e-01  1.1454e+00 -8.6357e-02 -8.4896e+00 -3.7993e+00 -1.0206e+00  9.3568e+00  1.0000e+00
-4.5017e-01  8.9376e-01  3.8353e-01  5.2861e+00 -8.7463e+00 -9.3673e+00  1.3863e+01  1.0000e+00
 3.3858e-01  8.2018e-01  7.9586e-01  1.8293e+00  5.0443e+00  5.0167e+00  7.3457e+00  1.0000e+00
 2.5378e+00  1.1788e+01 -5.3943e-01  3.8355e+00  1.4637e+01 -1.3670e+00  1.5192e+01  1.0000e+00
-2.6505e+02  3.2902e+02 -2.2011e+02 -3.7964e+02  4.7214e+02 -3.1702e+02  6.8377e+02  1.0000e+00
 7.8000e-01  5.5449e-01  2.3685e-01 -3.6070e+00  1.0456e+01  6.2296e+00  1.2694e+01  1.0000e+00
-4.3235e-01  1.0395e+00  1.5822e-01 -1.9731e+01  2.2820e+01 -5.9288e+00  3.0744e+01  1.0000e+00
-9.4585e-01  3.5547e+00 -7.3320e-02 -1.8090e+00  5.0530e+00 -1.2784e-02  5.3671e+00  1.0000e+00
-4.4886e-01  1.1207e+00 -1.7853e-01 -5.9496e+00  1.9131e-01 -1.4278e+01  1.5469e+01  1.0000e+00
 5.7419e-01  1.5825e+00  9.9306e-03  5.7813e+00 -3.0912e+00 -6.7740e+00  9.4269e+00  1.0000e+00
 9.3073e+00 -1.3723e+01 -1.3118e+01  1.3177e+01 -1.9146e+01 -2.0449e+01  3.0957e+01  1.0000e+00
 2.1180e+00 -9.4247e-02  5.9004e-01 -5.9240e+00  3.1681e+00  1.5374e+00  6.8916e+00  1.0000e+00
-1.1180e+00  6.8241e-01  2.0519e+00  6.6262e+00  3.8479e+00 -5.5198e+00  9.4436e+00  1.0000e+00
-2.5689e-01  9.1317e-01  6.5592e-01 -5.0752e+00 -6.7424e+00  2.2077e+00  8.7231e+00  1.0000e+00
-2.0534e+01  1.2860e+00  1.7602e+01 -3.0580e+01  2.2651e+00  2.6447e+01  4.0493e+01  1.0000e+00
-4.7649e-01  1.0131e+00  4.3097e-01 -3.1258e-01 -1.4097e+00 -1.7672e+01  1.7731e+01  1.0000e+00
-2.7679e-01  1.2209e+00  3.3863e-01  7.3842e+00  3.8788e+00  7.2873e+00  1.1076e+01  1.0000e+00
-1.3897e+01  1.2671e+01 -2.2408e+01 -2.0747e+01  1.9161e+01 -3.3509e+01  4.3822e+01  1.0000e+00
 2.3498e+01 -1.6027e+01  6.4995e+00  3.5129e+01 -2.3818e+01  9.7921e+00  4.3557e+01  1.0000e+00
 1.2421e+01 -7.6276e+00  1.3961e+01  1.7732e+01 -1.0898e+01  2.0369e+01  2.9122e+01  1.0000e+00
 5.3560e-02  1.0167e+00 -2.4559e-01  1.8713e+01 -1.4253e+00 -3.7770e+00  1.9144e+01  1.0000e+00
-5.1378e-01  6.9396e-01  4.6656e-01 -2.7632e+00 -1.4274e-01  1.9745e+00  3.3991e+00  1.0000e+00
 2.3247e-01  1.0743e+00 -3.1664e-01 -4.0998e+00 -2.9813e+00 -1.0686e-01  5.0703e+00  1.0000e+00
-9.1847e+00  1.3168e+00  2.9521e+00 -1.0527e+01  9.6197e-01  2.9231e+00  1.0968e+01  1.0000e+00
-1.7146e-01  1.2019e+00  1.2312e-01 -1.1651e+01  1.3879e+01  1.8119e+00  1.8211e+01  1.0000e+00
-2.5020e-02  9.5195e-01  4.4172e-01 -4.4746e+00  3.6750e+00  6.6925e+00  8.8497e+00  1.0000e+00
 1.3943e-02  8.9123e-01  3.8817e-01  7.9393e+00  9.9932e-01  2.2210e+01  2.3607e+01  1.0000e+00
-1.5370e-01  1.0716e+00  3.4262e-01  1.6815e+01 -6.6829e+00  1.9649e+01  2.6711e+01  1.0000e+00
-8.8797e+00  8.8637e+00 -7.4215e+00 -1.1856e+01  1.3111e+01 -9.8614e+00  2.0242e+01  1.0000e+00
-8.6273e-01  2.0909e-01  1.0918e-01  5.9925e+00 -6.9193e+00  2.4837e+00  9.4845e+00  1.0000e+00
-7.0695e+00  4.4824e+00 -1.7240e+01 -1.0263e+01  6.4463e+00 -2.4670e+01  2.7486e+01  1.0000e+00
-2.6951e+00  1.0550e+01  4.2218e+00 -5.3610e+00  1.2797e+01  4.0350e+00  1.4449e+01  1.0000e+00
-2.2304e+01 -4.8608e+00 -6.1250e+00 -3.3393e+01 -6.8960e+00 -8.4289e+00  3.5124e+01  1.0000e+00
 2.5107e-01  1.9259e+00 -5.3268e-01 -3.6221e+00  4.1767e+00 -6.9231e-01  5.5717e+00  1.0000e+00
-1.0789e-01 -1.4531e-01 -3.1724e+00 -2.9911e-01  1.3701e+00  9.2029e-01  1.6774e+00  1.0000e+00
-7.4469e-01  1.0573e+00 -7.0921e-02  6.0842e+00  4.6078e+00 -5.3959e+00  9.3469e+00  1.0000e+00
 2.8504e-01  1.1899e+00 -6.5339e-01  1.6003e+01  1.5115e+00 -9.1429e+00  1.8492e+01  1.0000e+00
-1.9595e-01  1.8436e+00  7.3386e-01  2.0812e-01 -5.3075e+00 -1.2475e+01  1.3558e+01  1.0000e+00
-1.6168e-01  7.8305e-01  4.9232e-01  9.6026e+00 -1.2165e+01  1.1534e+01  1.9319e+01  1.0000e+00
-1.6270e-02  1.3493e+00  6.6579e-01  5.8795e+00  2.1480e+01  1.5682e+01  2.7237e+01  1.0000e+00
 2.8390e+00 -9.4249e-01 -5.0482e-01 -2.2077e+00  3.2833e+00 -4.1306e+00  5.7198e+00  1.0000e+00
 1.6126e+00  5.4147e+00 -1.4650e+00  4.2002e+00  1.1350e+01 -5.0048e+00  1.3096e+01  1.0000e+00
-3.5074e-01  3.4533e-01  6.0522e-01 -1.6319e+00 -7.3358e+00  2.9649e+00  8.0789e+00  1.0000e+00
-2.8681e+01  3.1471e+01 -1.9144e+01 -4.1928e+01  4.4191e+01 -2.6630e+01  6.6483e+01  1.0000e+00
-2.5429e-01  1.1114e+00  8.4201e-01 -2.7898e+00 -3.9446e+00  3.8584e+00  6.1830e+00  1.0000e+00
 4.8698e-01  2.3548e+00 -2.3602e-01 -1.2288e+01 -3.2380e+00  5.3475e+00  1.3786e+01  1.0000e+00
-8.1713e+00 -3.7139e+00 -7.8160e+00 -1.9756e+01 -1.0734e+01 -2.0131e+01  3.0179e+01  1.0000e+00
-1.9228e-01  8.5840e-01  1.2082e-01 -1.1419e+00  1.0137e+00 -4.8177e+00  5.0539e+00  1.0000e+00
-4.9237e-01 -1.5530e+01 -8.5409e+00 -6.0063e-01 -2.1903e+01 -1.2489e+01  2.5221e+01  1.0000e+00
-1.2447e-01  1.1292e+00  6.9448e-01 -1.2308e+01  1.1989e+01  9.2854e+00  1.9531e+01  1.0000e+00
 9.4027e+00 -1.3675e+01 -1.3050e+01  1.4248e+01 -2.0403e+01 -1.7457e+01  3.0398e+01  1.0000e+00
-2.8770e-01  1.2504e+00  6.6721e-01  1.6860e+00 -7.7068e+00 -2.6564e+00  8.3243e+00  1.0000e+00
-2.2046e+01  6.0046e+00 -1.1442e+01 -9.1052e+01  2.1576e+01 -4.8406e+01  1.0535e+02  1.0000e+00
 1.1715e+00  9.7126e+00  3.9060e+00  2.4720e+00  1.1652e+01  3.9281e+00  1.2542e+01  1.0000e+00
 4.6760e+00 -9.5187e+00  1.5022e+01  7.0120e+00 -1.3518e+01  2.1702e+01  2.6512e+01  1.0000e+00
-4.2887e-01  8.2911e-01  3.4745e-01  2.9637e-01 -1.2209e+01  5.7083e-01  1.2226e+01  1.0000e+00
-1.6205e+01  9.3802e+00 -3.6703e+00 -4.2424e+01  2.3387e+01 -9.9331e+00  4.9451e+01  1.0000e+00
-2.0790e-01  9.4669e-01  5.8874e-01  1.0822e+01 -8.3722e+00  5.1545e+00  1.4621e+01  1.0000e+00
-2.0071e-01  4.9043e-01 -3.7504e-01 -3.3533e-01  8.3045e+00  6.2190e+00  1.0380e+01  1.0000e+00
-1.1237e+01 -3.7908e+00  6.7284e+00 -1.5138e+01 -5.2015e+00  8.4534e+00  1.8102e+01  1.0000e+00
-2.4562e-01  1.1596e+00  5.4228e-01  7.9706e+00  2.4374e+00 -1.4759e+01  1.6950e+01  1.0000e+00
-1.4631e+00  4.1975e+00  7.0128e-01 -1.0124e+01  2.2415e+01  2.9689e+00  2.4774e+01  1.0000e+00
 1.7825e+01 -2.2864e+01 -1.8189e+00  2.6866e+01 -3.4104e+01 -2.7934e+00  4.3505e+01  1.0000e+00
-9.5439e-01  2.7412e+00  5.2058e-01 -3.0273e+00  6.2319e+00  3.3273e+00  7.6858e+00  1.0000e+00
 9.3380e-01 -1.7076e+00  1.1806e+00  1.9679e-01 -5.7232e+00  3.2156e+00  6.5677e+00  1.0000e+00
 2.6881e-01  1.3217e+00  9.8684e-02 -6.1155e+00  8.7332e+00 -9.3327e+00  1.4169e+01  1.0000e+00
-6.0618e-01  1.5598e+00  2.9598e-01  9.3184e-01 -1.8699e+01 -2.1811e+00  1.8849e+01  1.0000e+00
-5.6469e-01  1.4302e+00 -4.8807e-03 -1.3436e+01  1.1640e+01 -2.1777e+01  2.8111e+01  1.0000e+00
-6.9745e-01  1.0315e+00  5.0384e-01  6.9390e+00  8.7788e+00 -1.0429e+01  1.5296e+01  1.0000e+00
-1.7567e+00  7.7868e-01 -3.3080e-01 -4.0428e+00  3.8190e+00 -4.4045e+00  7.0943e+00  1.0000e+00
-5.6462e+00 -1.8757e+00 -1.1589e+00 -5.8924e+00 -9.1400e-01 -5.9801e-01  5.9928e+00  1.0000e+00
-3.4896e-01  1.0838e+00  7.5517e-01  1.4620e+00 -1.5957e+00  4.6821e+00  5.1581e+00  1.0000e+00
-7.1020e-02  8.3521e-01  2.1542e-01  1.2986e+01 -6.1454e+00  7.7960e+00  1.6345e+01  1.0000e+00
-4.9464e-02  1.0490e+00  3.8542e-01 -6.3204e+00  1.4175e+01  5.8213e+00  1.6576e+01  1.0000e+00
 1.1975e-02  1.4146e+00  8.5152e-01 -5.8366e+00  5.8831e-01  1.2793e+00  6.0040e+00  1.0000e+00
 2.9008e-02  1.0715e+00  3.1319e-01 -1.0686e+01 -1.1712e+01  5.5772e+00  1.6806e+01  1.0000e+00
-7.5649e-02  1.9210e+00  1.0618e+00  7.3346e+00  8.6724e+00  8.1697e+00  1.3991e+01  1.0000e+00
 2.6298e+00 -5.7134e+00 -1.5762e+00  2.1875e+01 -5.0760e+01 -1.3340e+01  5.6859e+01  1.0000e+00
 7.5182e-01  6.5035e-01  7.3431e-01  1.0582e+01  3.0261e-01  2.0721e+00  1.0787e+01  1.0000e+00
-3.5026e+01  2.8344e+01  1.3162e+01 -8.1274e+01  6.5132e+01  3.0719e+01  1.0859e+02  1.0000e+00
 1.1057e-01  9.6820e-01  2.2522e-02 -1.9602e+01  1.5029e+01 -8.2208e+00  2.6033e+01  1.0000e+00
 4.6931e-02  1.5237e+00  1.1065e+00 -3.3938e+00 -2.9199e+00 -6.8828e+00  8.2108e+00  1.0000e+00
-1.1881e+02  3.9915e+00  1.0669e+02 -2.4181e+02  7.3671e+00  2.1773e+02  3.2547e+02  1.0000e+00
 6.0601e-02  1.3693e+00 -2.7212e-02  1.0514e+01 -7.3267e+00  2.8297e+00  1.3124e+01  1.0000e+00
-1.0413e+00  9.6117e-01 -5.4938e-01 -7.9486e+00 -2.0392e+00 -3.8549e+00  9.0663e+00  1.0000e+00
-6.3167e-01  1.0755e+00  3.4338e-01 -9.7288e+00  6.9054e+00  1.8562e+00  1.2074e+01  1.0000e+00
-3.4000e+00  5.0478e+00  1.3027e+01 -4.2811e+00  6.0089e+00  1.6027e+01  1.7644e+01  1.0000e+00
 5.6765e+00  2.3780e+00  1.4652e+00  2.7035e+00  2.6878e+00  1.6108e+00  4.1386e+00  1.0000e+00
 9.8099e+00 -5.7083e+00 -8.4010e+00  1.3264e+01 -8.0969e+00 -1.1153e+01  1.9128e+01  1.0000e+00
-2.9739e-01  1.0841e+00  4.1036e-01  2.7088e-01  8.8865e+00 -4.2606e+00  9.8588e+00  1.0000e+00
 1.4140e+01 -1.4384e+01 -2.1260e+01  2.1316e+01 -2.1461e+01 -3.1536e+01  4.3698e+01  1.0000e+00
-2.9837e-01  9.0914e-01  4.7259e-01  5.8167e+00  6.2170e+00  2.0572e+00  8.7588e+00  1.0000e+00
-2.7601e-01  1.0674e+00  2.5669e-01  5.7975e-01 -8.7587e+00 -5.3963e+00  1.0304e+01  1.0000e+00
-3.2170e-01  1.5833e+00  2.2116e-01 -4.4260e+00  5.1215e+00 -7.6488e+00  1.0214e+01  1.0000e+00
-9.2085e+00 -1.4490e+01 -1.3753e+01 -2.4972e+01 -4.1611e+01 -3.8353e+01  6.1855e+01  1.0000e+00
-1.5688e-01  1.2358e+00  3.7445e-01 -1.0837e+01  2.2062e+01 -1.7878e+01  3.0394e+01  1.0000e+00
-2.0329e-01  9.3110e-01  1.3575e+00 -4.9070e+00 -1.5496e+00 -7.9105e+00  9.4370e+00  1.0000e+00
-4.2342e-01  1.3859e+00 -1.3274e-01 -5.2084e+00  5.2475e+00  6.4117e+00  9.7864e+00  1.0000e+00
 2.4949e-02  5.9448e-01  1.1281e-01  9.8683e-01 -1.1823e+01 -1.2617e+01  1.7319e+01  1.0000e+00
-3.2933e-02  1.6591e+00 -4.7369e-01 -3.2866e+00 -1.3275e+00  6.3466e+00  7.2693e+00  1.0000e+00
-1.3726e+00  2.4202e+00  2.6233e+00 -3.4246e-01  2.8108e+00  2.3553e-01  2.8414e+00  1.0000e+00
-3.5547e+00  5.3904e+00  1.5302e+01 -4.4718e+00  7.8412e+00  2.1216e+01  2.3057e+01  1.0000e+00
 1.8733e-01  1.9024e+00 -4.9123e-01 -5.6660e+00 -3.6702e-01 -1.2221e+01  1.3476e+01  1.0000e+00
-4.5457e-01  1.2293e+00  9.5727e-01  6.2691e+00  3.2202e+00 -7.9598e+00  1.0632e+01  1.0000e+00
-1.3420e-01  1.0386e+00  4.9994e-01  9.9107e+00 -1.5580e+01  4.9038e+00  1.9105e+01  1.0000e+00
-9.3160e-01  6.1512e-01 -4.3688e-01 -9.7570e+00 -1.5953e-01 -7.8631e-01  9.7899e+00  1.0000e+00
 1.0757e+01 -2.7062e+01  4.7969e+01  1.5602e+01 -3.9382e+01  7.0865e+01  8.2561e+01  1.0000e+00
 2.0580e+01  3.9231e+00  1.9404e+01  3.0684e+01  5.7911e+00  2.9164e+01  4.2727e+01  1.0000e+00
-3.0822e+00  1.2337e+00 -7.6987e-01 -2.0736e+00  8.8770e-01 -1.5417e+00  2.7322e+00  1.0000e+00
-6.0387e-01  1.1491e+00 -8.5016e-02  1.7780e+01 -1.9598e+00  2.1675e+00  1.8018e+01  1.0000e+00
-8.3008e-02  1.3834e+00  4.9226e-01 -3.1213e+00 -6.2271e+00 -5.2400e+00  8.7165e+00  1.0000e+00
-5.4388e+00  3.5620e+00  2.1526e+01 -7.9993e+00  5.5410e+00  3.1612e+01  3.3076e+01  1.0000e+00
-1.4178e+01 -2.6598e+00 -1.3486e+01 -2.0371e+01 -2.5012e+00 -1.8831e+01  2.7854e+01  1.0000e+00
-6.9451e-01  1.3187e+00  5.9537e-01 -2.2409e+01 -3.8471e-01  1.2701e+01  2.5761e+01  1.0000e+00
-7.6757e+00 -1.3109e+01 -1.0482e+00 -1.2085e+01 -2.1989e+01 -1.2856e+00  2.5124e+01  1.0000e+00
-1.0974e+00 -4.6706e-01  7.3954e-01  6.0959e+00  6.9232e+00 -1.7986e+00  9.3981e+00  1.0000e+00
 5.0004e-02  7.2103e-01  6.7692e-01  1.7559e+00  1.4380e+00  1.1730e+01  1.1948e+01  1.0000e+00
-2.3492e+00 -8.9914e-01  6.0981e-03  4.6527e-01  3.4661e+00  1.1319e+00  3.6758e+00  1.0000e+00
-1.9830e-01  1.2828e+00  3.9201e-01  1.3213e+01 -9.0018e+00 -5.5340e+00  1.6919e+01  1.0000e+00
-4.8404e-01  1.0333e+00  3.3906e-01 -2.2435e+00 -8.7381e-01  7.1617e+00  7.5555e+00  1.0000e+00
-7.3829e+00  2.3310e+01 -3.0032e+00 -1.0789e+01  3.4411e+01 -4.3327e+00  3.6323e+01  1.0000e+00
 3.8241e+00  1.6566e+00  4.2945e+00  1.1956e+00  3.9556e+00  4.3751e+00  6.0181e+00  1.0000e+00
-1.3269e+01 -2.2061e-01 -3.4426e+00 -1.7746e+01  4.0347e-01 -4.7542e+00  1.8376e+01  1.0000e+00
 1.6098e+00  1.8271e+00 -2.8866e+00  2.9113e+00  1.5695e+00 -8.5638e-01  3.4165e+00  1.0000e+00
-1.0646e+01 -4.0924e+00  7.3707e+00 -1.4165e+01 -4.5228e+00  9.8019e+00  1.7810e+01  1.0000e+00
-2.0849e-01  1.7243e+00  2.4597e-01  3.1399e+00  7.2364e+00  5.1625e+00  9.4274e+00  1.0000e+00
 2.7331e+01  9.8911e+00  2.2830e+00  4.0718e+01  1.4948e+01  3.3317e+00  4.3503e+01  1.0000e+00
 9.8653e+00  1.3720e+01  1.8501e+00  1.4133e+01  1.9218e+01  3.0829e+00  2.4054e+01  1.0000e+00
-2.1316e+01 -1.2798e+01 -7.9354e+00 -3.1347e+01 -1.8192e+01 -1.0977e+01  3.7870e+01  1.0000e+00
 1.2947e+00  2.7388e+00 -5.6296e-01  8.9423e+00  3.5436e+00 -8.4782e+00  1.2822e+01  1.0000e+00
-2.0955e+01 -5.0011e-01 -5.4888e+00 -3.0762e+01 -4.5770e-01 -8.1187e+00  3.1819e+01  1.0000e+00
 4.7631e-01  6.0493e-01  4.7812e-01 -1.3163e+00  8.9710e-01 -4.6256e+00  4.8922e+00  1.0000e+00
-2.3733e-01  1.3422e+00  4.9448e-01 -1.3516e+01  2.6874e+00 -9.3996e+00  1.6681e+01  1.0000e+00
-4.2733e+00  1.6945e+01 -6.5340e+00 -5.6376e+00  2.4683e+01 -9.2600e+00  2.6959e+01  1.0000e+00
 2.5785e+01  2.1122e+01 -1.6195e+01  4.7200e+01  3.8197e+01 -2.9464e+01  6.7491e+01  1.0000e+00
-3.6189e-01  7.4341e-01  5.4266e-01  1.4598e+01  1.3670e+01  1.2443e+01  2.3555e+01  1.0000e+00
-7.3981e-01  1.0496e+00 -2.1201e+00  2.9422e+00  3.8626e+00  7.5683e+00  8.9919e+00  1.0000e+00
 1.9720e-02  1.1383e+00  1.1525e+00 -7.4752e-02 -6.6531e+00  3.1689e+00  7.3696e+00  1.0000e+00
 3.8612e+00 -3.0211e+00  8.1103e-03  2.8764e+00 -4.9771e-01  4.0576e+00  4.9986e+00  1.0000e+00
 2.3601e+00 -1.5720e+00  8.0710e-01  4.0358e+00  1.7033e-01  6.8711e-02  4.0400e+00  1.0000e+00
-2.7968e-01  5.6346e-01  3.3194e-01 -4.1391e+00  1.3981e+01  1.3216e+01  1.9679e+01  1.0000e+00
-1.6301e+01 -8.2087e+00 -2.8637e+01 -2.4830e+01 -1.2611e+01 -4.3881e+01  5.1972e+01  1.0000e+00
-2.9094e+01 -9.6873e+00 -9.7119e-01 -4.3770e+01 -1.4224e+01 -1.5520e+00  4.6050e+01  1.0000e+00
 3.3379e+00 -2.6584e+00 -4.1240e+00  4.2350e+00 -6.9364e-01 -1.9845e+00  4.7280e+00  1.0000e+00
 2.9403e+01  5.0821e+00 -3.0643e+00  4.3977e+01  7.9239e+00 -4.7037e+00  4.4932e+01  1.0000e+00
-3.2739e-01  1.3106e+00  5.3922e-02 -4.4196e+00 -7.9972e+00 -1.2731e+01  1.5671e+01  1.0000e+00
-4.2178e-01  8.7320e-01  3.2921e-01  1.0915e+01 -8.3409e+00  1.2747e+01  1.8740e+01  1.0000e+00
-5.8016e-02  1.2710e+00  3.7484e-01 -1.2166e+01  1.2482e+01  1.3328e+01  2.1941e+01  1.0000e+00
-2.6134e+00  1.5446e+00 -1.3145e-01 -1.4439e+01  3.7109e+00 -3.6313e-03  1.4908e+01  1.0000e+00
-2.1857e-01  1.3309e+00  5.3285e-01 -2.5276e+00 -5.2557e-01  1.4696e+01  1.4921e+01  1.0000e+00
-5.3137e-02  5.9638e-01  1.0296e+00 -1.3376e-03  5.5859e+00 -2.0348e+00  5.9450e+00  1.0000e+00
 1.5524e-01  1.0134e+00  3.3732e-01 -1.1558e+01 -1.5604e+01 -7.3315e+00  2.0757e+01  1.0000e+00
-1.1733e+01  9.9963e+00 -1.8542e+00 -1.6125e+01  1.3604e+01 -2.2198e+00  2.1213e+01  1.0000e+00
-2.8439e-01  7.7471e-01  3.3288e-01  1.3568e+01 -4.2260e+00  2.0723e+01  2.5127e+01  1.0000e+00
-1.1887e+01 -3.5594e+00 -1.4061e-01 -1.5251e+01 -4.5730e+00 -4.2939e-01  1.5928e+01  1.0000e+00
 2.1802e-01  7.0821e-01  1.0846e+00 -6.5950e-01  5.3165e+00 -9.3630e+00  1.0787e+01  1.0000e+00
-1.9939e-01  5.6670e-01  1.4561e-01 -1.0088e+01 -8.4656e+00  3.4905e+00  1.3624e+01  1.0000e+00
 2.3452e-01  1.0944e+00  8.1899e-01  4.0284e-01 -3.6925e+00  1.7023e+01  1.7424e+01  1.0000e+00
-2.9330e-01  1.6557e+00 -8.1922e-01 -4.8308e+00  9.6672e+00 -3.6500e+00  1.1407e+01  1.0000e+00
 9.3900e+00 -2.3151e+01 -1.1163e+01  1.4038e+01 -3.4309e+01 -1.6588e+01  4.0612e+01  1.0000e+00
-2.1072e+01 -3.7538e+00  1.8981e+01 -3.1545e+01 -5.2776e+00  2.8389e+01  4.2766e+01  1.0000e+00
-4.3272e-01  1.3018e+00  2.7642e-01  1.0444e+01 -1.1836e+01 -9.4111e+00  1.8378e+01  1.0000e+00
-2.5659e+00 -9.4838e-01 -3.6769e+00 -1.2729e+00  1.7043e+00  2.4936e-01  2.1417e+00  1.0000e+00
-6.3843e-01  1.6181e+00  1.5538e-01 -1.1848e+01  1.6398e+01  2.9094e+00  2.0439e+01  1.0000e+00
 5.6060e-01  7.7421e-01  7.6265e-01 -7.3033e+00 -1.0152e+00 -3.8875e+00  8.3355e+00  1.0000e+00
-1.8775e+00 -1.8732e+01 -1.3222e+01 -2.0241e+00 -2.7879e+01 -1.9906e+01  3.4316e+01  1.0000e+00
-3.0066e+00  5.1911e+00 -3.7922e+00 -2.4809e+00  4.3321e+00 -1.5645e+00  5.2316e+00  1.0000e+00
-2.8652e-01  9.1270e-01  9.8831e-01  6.9167e+00  2.7886e+00  1.4279e+01  1.6109e+01  1.0000e+00
-4.6557e-01  8.8173e-01 -1.9317e-01 -1.4378e+00  5.9182e+00 -4.4500e+00  7.5429e+00  1.0000e+00
-1.5360e+00  6.5073e-01  7.6161e-01  1.1480e+00  3.3388e+00  6.7267e-01  3.5942e+00  1.0000e+00
-3.9183e+00  1.7233e+01 -7.2069e+00 -5.7933e+00  2.4195e+01 -9.6781e+00  2.6695e+01  1.0000e+00
-2.2516e-02  7.0230e-01 -1.5948e-01 -8.4478e+00  8.6636e+00  1.6228e+01  2.0243e+01  1.0000e+00
 6.5019e-01  3.2712e+00  2.1130e+01  1.8389e+00  5.1116e+00  2.8341e+01  2.8857e+01  1.0000e+00
 2.6748e-01  4.3373e+00 -2.4740e+00  5.2932e-01  5.8591e+00 -4.6949e+00  7.5267e+00  1.0000e+00
-1.6270e-01  1.0848e+00  3.1145e-01  8.8207e+00  1.1620e+01  1.9189e+01  2.4105e+01  1.0000e+00
-6.7006e-01  1.3879e+00  1.7765e-01 -9.7172e+00  7.5593e+00 -8.5874e+00  1.5010e+01  1.0000e+00
-2.0378e-01  1.2521e+00  5.3404e-03 -4.1869e+00 -6.5822e+00 -3.8714e+00  8.7088e+00  1.0000e+00
 6.4599e+00  1.3249e+01  7.0809e+00  9.2062e+00  1.8660e+01  9.6681e+00  2.2944e+01  1.0000e+00
-5.9611e-02  1.0723e+00  3.6501e-01  1.0011e+00 -1.3973e+01  7.7744e+00  1.6022e+01  1.0000e+00
 1.2049e+00 -3.7931e-01  1.1061e+00 -2.5725e-01  3.5446e+00 -5.4011e-01  3.5947e+00  1.0000e+00
-1.1437e-01  1.0336e+00  1.3094e-01 -1.0124e+01  4.6030e+00 -8.1294e+00  1.3776e+01  1.0000e+00
 1.6106e-01  5.9780e-01  3.7879e-01  8.3661e-01  1.0787e+01  3.7566e+00  1.1453e+01  1.0000e+00
 1.9285e-01  1.5224e+00  6.0258e-01 -3.0028e+00  8.5121e+00  5.9694e+00  1.0822e+01  1.0000e+00
-1.1232e-01  8.3821e-01  3.0522e-01 -1.0927e+01  1.1802e+01  9.1395e+00  1.8499e+01  1.0000e+00
 1.0257e+01 -7.4869e+00 -1.2425e+00  1.3554e+01 -9.6444e+00 -1.3463e+00  1.6689e+01  1.0000e+00
-1.8759e-01  6.1626e-01  4.9045e-02 -7.3065e+00  2.5814e+00 -2.7772e+00  8.2318e+00  1.0000e+00
 1.8649e+01 -3.5162e+01  2.2478e+01  2.5231e+01 -5.0347e+01  3.2434e+01  6.4987e+01  1.0000e+00
-2.9035e-01  2.8763e+00  1.7823e-02 -6.4643e-01  6.3231e+00 -1.1654e+01  1.3274e+01  1.0000e+00
 1.9270e+00 -9.8117e+00 -2.8049e+01  2.7482e+00 -1.4585e+01 -4.1893e+01  4.4444e+01  1.0000e+00
-7.5921e+00 -1.1020e+01 -1.8952e+01 -1.1698e+01 -1.6182e+01 -2.7946e+01  3.4346e+01  1.0000e+00
-1.3402e+00 -2.0149e+01  2.1787e+00 -1.7449e+00 -2.9462e+01  3.1687e+00  2.9683e+01  1.0000e+00
-2.8069e+01 -1.4171e+01 -7.3340e+00 -4.2417e+01 -2.1106e+01 -1.0992e+01  4.8636e+01  1.0000e+00
 2.5072e-01  1.3078e+00  7.1731e-01 -8.2535e+00  6.3684e+00  6.9933e+00  1.2553e+01  1.0000e+00
-2.2473e+01 -5.5312e+00 -4.2297e+00 -3.3361e+01 -8.1473e+00 -6.2614e+00  3.4908e+01  1.0000e+00
 1.0132e-01  7.4907e-01  1.4769e+00  1.4757e+00 -1.3547e+00  7.7017e+00  7.9580e+00  1.0000e+00
 4.1182e-02  1.3569e+00  3.1957e-01  8.8633e+00  8.6787e+00 -6.8872e+00  1.4188e+01  1.0000e+00
-3.5371e+00  1.3109e-01 -1.1121e+01 -4.9415e+00  7.8098e-01 -1.6468e+01  1.7212e+01  1.0000e+00
 1.8086e-01  5.4071e-01  1.3134e+00  6.5828e+00  7.2103e+00 -9.8579e+00  1.3874e+01  1.0000e+00
-1.5146e-01  1.1227e+00  3.3724e-01  1.3904e+01  1.0163e+01 -2.5833e+00  1.7415e+01  1.0000e+00
