# limit = 23.5659
#
# x           y           z           vx          vy          vz          s           m
-3.2593e-01  1.6393e+00  5.6171e-01  8.1395e+00  1.9353e+01 -1.4030e+01  2.5251e+01  1.0000e+00
-4.4928e-01  8.9379e-01 -1.5052e-01 -4.1027e+00 -5.8728e+00  5.0161e+00  8.7455e+00  1.0000e+00
 2.3415e+01  1.0704e+00  4.5849e+00  3.4025e+01  2.0686e+00  6.6578e+00  3.4731e+01  1.0000e+00
-3.1870e-01  1.2311e+00  4.9573e-01 -9.6450e+00  1.3763e+01  5.9085e+00  1.7814e+01  1.0000e+00
-1.9854e+01  7.4862e+00  1.1903e+01 -2.9277e+01  1.0848e+01  1.7274e+01  3.5682e+01  1.0000e+00
 8.6515e+00 -2.6889e+00  2.4590e+01  1.2998e+01 -3.5608e+00  3.6205e+01  3.8632e+01  1.0000e+00
 1.2718e+00 -2.0002e+01 -1.3823e+01  1.3968e+00 -2.9270e+01 -1.9989e+01  3.5472e+01  1.0000e+00
-9.5165e-01  1.5664e+00  1.4951e-01  4.3041e+00 -2.3407e+00 -4.5286e-01  4.9203e+00  1.0000e+00
-3.1389e+01  2.2899e+01  7.0956e+01 -4.5547e+01  3.3390e+01  1.0464e+02  1.1890e+02  1.0000e+00
 4.9456e+01 -2.6484e+01  1.2901e+00  1.1448e+02 -6.2004e+01  3.0410e+00  1.3022e+02  1.0000e+00
 2.9308e+00  4.2448e+00  2.6067e+00 -2.3745e-01  2.2191e+00  5.2156e-01  2.2919e+00  1.0000e+00
-4.2254e-01  1.5107e+00  2.1315e-01  1.1216e+01 -3.3869e+00  1.7768e+00  1.1850e+01  1.0000e+00
-9.2620e-01  3.6855e+00  6.6945e-01  2.0639e+00  6.2753e-01  3.6388e+00  4.2301e+00  1.0000e+00
 5.7545e+00  1.6409e+00 -7.7381e-01  4.7768e+00  2.7640e+00  4.7724e-01  5.5395e+00  1.0000e+00
 1.8454e+00 -1.3528e+00  5.3614e-01  1.2433e+00 -8.2989e-01 -1.1913e+00  1.9115e+00  1.0000e+00
-7.9937e+00 -1.5550e+00 -5.9390e+00 -7.1770e+00 -5.4124e-01 -7.5941e+00  1.0463e+01  1.0000e+00
 1.4329e+01 -1.4986e+01 -1.7172e+01  2.1014e+01 -2.2061e+01 -2.5475e+01  3.9715e+01  1.0000e+00
-1.3728e-02  2.2153e-01  2.1962e-01  9.3385e-01 -8.5066e+00 -6.4568e-01  8.5820e+00  1.0000e+00
-2.8599e-01  1.0649e+00  1.9871e-01 -1.0004e+01 -5.4915e+00 -4.2944e+00  1.2193e+01  1.0000e+00
 4.9759e+01  4.0425e+01 -1.7505e+01  7.3441e+01  5.8889e+01 -2.5204e+01  9.7451e+01  1.0000e+00
 4.3158e-01  1.3224e+00  4.5986e-01 -3.8841e+00  4.6431e+00 -6.5887e+00  8.9474e+00  1.0000e+00
-5.8119e-01  1.6203e+00  1.4140e-01  1.4068e+00  2.0011e+01  8.3106e-01  2.0077e+01  1.0000e+00
-4.0144e+00 -4.8813e+00  7.7629e+00 -8.1913e+00 -1.1684e+01  1.5936e+01  2.1391e+01  1.0000e+00
-1.0732e+01  2.0331e+01 -2.0530e+01 -1.5922e+01  3.0491e+01 -3.0467e+01  4.5950e+01  1.0000e+00
-7.4960e-01  2.2999e+01 -1.0179e+01 -1.2348e+00  3.3761e+01 -1.4838e+01  3.6898e+01  1.0000e+00
-5.6013e+00  3.2413e+00 -8.5619e+00 -7.9773e+00  5.3857e+00 -1.0076e+01  1.3935e+01  1.0000e+00
 7.2918e+00 -1.7996e+01  3.4320e+00  1.0043e+01 -2.6263e+01  4.7669e+00  2.8519e+01  1.0000e+00
 4.8391e+01 -1.2656e+01 -4.6683e+01  7.5256e+01 -1.9839e+01 -7.2627e+01  1.0645e+02  1.0000e+00
 1.3985e+00 -2.8033e+01 -3.6977e+01  2.1746e+00 -4.2157e+01 -5.5590e+01  6.9801e+01  1.0000e+00
 2.7288e-02  9.2598e-01  2.2619e-01 -1.3360e+01  6.4788e+00  4.5752e+00  1.5537e+01  1.0000e+00
 1.1032e-02  1.0289e+00  7.0046e-01  2.8973e+00 -1.0175e+01  3.2882e+00  1.1079e+01  1.0000e+00
-1.4506e-01  1.0528e+00  1.7726e-01 -1.4279e+00  2.2880e+00 -7.5259e+00  7.9946e+00  1.0000e+00
-4.0445e-02  1.0798e+00  5.0522e-01 -1.3714e+01  2.1214e+01  8.4137e+00  2.6625e+01  1.0000e+00
-4.6612e-02  1.0190e+00  4.9560e-01  3.1328e+00 -1.2156e+01 -1.1469e+01  1.7004e+01  1.0000e+00
 1.8056e-02  1.1437e+00 -1.9693e-01  1.9500e+00 -3.8534e+00  1.1626e+00  4.4725e+00  1.0000e+00
 2.8294e-01  1.0250e+00 -1.1429e-01 -2.1815e+00 -1.1303e+01  6.1789e-01  1.1528e+01  1.0000e+00
 3.6143e-01  2.3683e+00 -8.3201e-01  2.1043e+00 -6.0079e+00  5.5764e+00  8.4628e+00  1.0000e+00
-1.9289e+01  3.6952e+01 -4.6465e+01 -2.8528e+01  5.4672e+01 -6.7946e+01  9.1758e+01  1.0000e+00
 3.4737e-01  1.4175e+00  7.5099e-01  2.6779e+00 -5.1912e-01  1.5730e+01  1.5965e+01  1.0000e+00
 1.3865e+01 -3.0746e+00  1.1670e+01  1.9479e+01 -4.0933e+00  1.6505e+01  2.5857e+01  1.0000e+00
 7.4096e+00  6.9083e+00  1.0077e+00  8.2133e+00  8.1123e+00  2.0672e+00  1.1728e+01  1.0000e+00
 3.1092e+00  1.0171e+00 -8.0956e-01 -9.2329e-01  1.1184e+00 -1.5290e+00  2.1074e+00  1.0000e+00
 3.1693e-01  1.3761e+00  2.1598e-02 -4.0991e+00  7.6693e+00  1.1525e+01  1.4437e+01  1.0000e+00
 2.8298e+00 -8.2317e+00  2.6770e+01  4.3085e+00 -1.1998e+01  3.9588e+01  4.1590e+01  1.0000e+00
 2.5945e+01  1.2529e+01  2.0626e+00  3.8758e+01  1.8561e+01  3.1394e+00  4.3088e+01  1.0000e+00
 1.8171e+00 -1.6562e+01  2.7476e+00  3.2423e+00 -2.3610e+01  4.1803e+00  2.4195e+01  1.0000e+00
-4.8720e-02  1.0969e+00  1.8482e-01 -7.5858e+00  2.0727e+01 -1.0729e+01  2.4541e+01  1.0000e+00
 2.5878e+00 -9.2152e-01  2.6289e-01 -1.6640e+00  6.4711e+00  2.5943e+00  7.1676e+00  1.0000e+00
 1.1259e+01 -4.3663e+00  5.1171e+00  1.4405e+01 -5.5493e+00  7.0522e+00  1.6972e+01  1.0000e+00
 4.5644e-01  7.6307e-01  9.1803e-02  3.6298e+00 -3.7390e+00 -3.1499e+00  6.0891e+00  1.0000e+00
-1.2918e+00  1.4206e+00  7.3516e-01  1.5954e-01  2.5020e-01  4.6157e-01  5.4873e-01  1.0000e+00
-1.3029e-01  1.2324e+00  6.0960e-01  7.1155e+00  1.6693e+00  7.1236e+00  1.0206e+01  1.0000e+00
-3.3073e+00 -5.1993e+00  5.2817e+00 -3.1972e+00 -4.8401e+00  5.4260e+00  7.9429e+00  1.0000e+00
-7.6404e-02  1.6892e+00  7.4369e-01 -1.6545e+00  1.0631e+00  4.6743e+00  5.0712e+00  1.0000e+00
 1.4031e-01  4.2646e+00  4.1421e+00  2.2328e+00  1.3803e+01  1.4956e+01  2.0474e+01  1.0000e+00
 6.6408e-03  6.5904e-01  5.2771e-01  3.0521e-01 -8.4545e-01  2.7614e+00  2.9040e+00  1.0000e+00
-2.1199e-01  8.6231e-01  2.7480e-01 -5.9592e+00 -1.2052e+00  1.4953e+01  1.6142e+01  1.0000e+00
-6.1585e-01  1.2805e+00  1.7281e-01 -8.2007e+00  1.5703e+01 -2.4624e+00  1.7885e+01  1.0000e+00
 1.1959e-01  1.3995e+00  7.4453e-01 -4.6575e+00 -5.8883e+00  6.5267e+00  9.9480e+00  1.0000e+00
 6.4121e+00 -3.5442e+00  1.9113e+01  9.0029e+00 -5.4041e+00  2.7708e+01  2.9631e+01  1.0000e+00
-1.0659e-01  8.9427e-01  1.0249e-01  1.4223e+01 -2.9915e+00 -1.4927e+01  2.0834e+01  1.0000e+00
-3.7524e+00 -6.3536e+00  2.9663e+00 -7.2659e+00 -1.4582e+01  5.8265e+00  1.7302e+01  1.0000e+00
 1.1894e+01  1.1735e+00 -5.7303e+00  1.8097e+01  1.9743e+00 -8.6219e+00  2.0143e+01  1.0000e+00
-4.4481e-01  1.5968e+00 -8.1936e-02  4.5626e+00 -2.3817e+00 -1.9087e+00  5.4893e+00  1.0000e+00
-4.2338e-01  3.0575e+00  3.7106e-01  2.7151e+00  1.1714e+01  1.6532e+00  1.2138e+01  1.0000e+00
-2.3122e-01  1.6202e+00 -4.9387e-01 -7.8065e+00  4.8135e+00  6.0613e+00  1.0993e+01  1.0000e+00
-1.4612e-01  9.6865e-01  2.5556e-01  1.5914e+01 -6.9627e+00  1.0723e+00  1.7404e+01  1.0000e+00
-1.0756e-02  1.0478e+00  1.9284e-01  1.4645e+01 -1.2478e+01  1.4316e+01  2.3982e+01  1.0000e+00
-1.4705e-01  1.1878e+00  4.7590e-01  1.6604e+01 -1.1280e+00 -1.2251e+01  2.0666e+01  1.0000e+00
-8.1273e-04  8.0912e-01  4.9993e-01 -1.1823e+01 -4.3622e+00 -1.5607e+00  1.2699e+01  1.0000e+00
 2.3033e+01  2.5358e+00  4.1878e+00  3.3876e+01  3.3728e+00  6.0638e+00  3.4579e+01  1.0000e+00
-2.9349e-01  8.4632e-01  4.7487e-01  1.0808e+01  5.5328e+00 -1.0616e+01  1.6129e+01  1.0000e+00
-3.0167e-01  1.7389e+00 -1.2715e-01 -3.9826e+00 -6.8217e+00  5.9162e+00  9.8690e+00  1.0000e+00
 3.3819e-01  1.3850e+00  1.2606e+00 -5.3248e+00 -2.8913e+00 -5.7146e+00  8.3289e+00  1.0000e+00
-2.2201e-01  7.3028e-01  3.1679e-01 -4.3096e+00  1.3795e+01 -5.2872e-01  1.4462e+01  1.0000e+00
 2.7661e-01  6.0991e-01  7.0633e-01  9.2010e+00  1.5336e+00 -2.9971e+00  9.7977e+00  1.0000e+00
-3.6640e-01  1.1599e+00  3.3411e-01 -9.5155e+00  3.8623e+00  1.1545e+01  1.5452e+01  1.0000e+00
 2.5741e-01  1.0900e+00 -4.7809e-01 -3.3240e-01 -2.9321e+00  4.9935e+00  5.8002e+00  1.0000e+00
 2.7751e+01 -1.3265e+01 -3.1956e+00  4.1465e+01 -1.9482e+01 -4.6813e+00  4.6052e+01  1.0000e+00
-1.6202e+01 -9.8593e+00 -6.2251e+00 -2.3495e+01 -1.3854e+01 -8.7520e+00  2.8645e+01  1.0000e+00
-2.3088e-01  1.3427e+00  2.9269e-01  1.8400e+01 -4.2313e+00  3.4123e-01  1.8884e+01  1.0000e+00
 1.7442e+01  4.0740e+00  1.1304e+01  3.2157e+01  6.9392e+00  2.0607e+01  3.8818e+01  1.0000e+00
-1.1039e+00  1.6066e+00 -1.8681e-01  8.8427e+00 -5.6304e+00  8.5953e-01  1.0518e+01  1.0000e+00
 5.4155e+00  4.8605e+00  6.9953e+00  5.6745e+00  6.1093e+00  7.7795e+00  1.1404e+01  1.0000e+00
-5.3959e-01  1.1143e+00  2.3476e-01 -1.1410e+01 -3.3922e+00  2.9633e-01  1.1907e+01  1.0000e+00
-2.3857e-01  2.3342e+00  1.5807e-01  3.2066e+00  2.3090e-01  2.8855e+00  4.3200e+00  1.0000e+00
-9.8367e-01  1.2226e+00  4.9478e-01  1.3456e+01 -3.3462e+00 -7.1331e+00  1.5593e+01  1.0000e+00
 7.4445e-01  8.0972e-02  9.5269e-01 -7.9584e+00  9.4933e+00 -8.8699e+00  1.5236e+01  1.0000e+00
 1.0960e+02  2.7723e+01 -1.0640e+02  2.2218e+02  5.5313e+01 -2.1506e+02  3.1413e+02  1.0000e+00
 4.8497e-01  1.3454e+00  8.6485e-02  1.7096e+00  1.1135e+01 -3.3187e+00  1.1744e+01  1.0000e+00
 1.1487e+00 -4.0233e-02  7.2735e-01 -9.0380e+00  6.8519e+00 -6.0744e+00  1.2866e+01  1.0000e+00
-1.8949e-02  5.2852e-01  3.1467e-01  8.8349e+00  6.1973e+00 -1.9101e+01  2.1939e+01  1.0000e+00
-1.4935e+00  1.2012e+00  5.4221e-01  9.8483e+00 -1.8538e+00 -6.2475e+00  1.1809e+01  1.0000e+00
-5.7822e-01  1.0956e+00  1.1493e-02 -3.7316e+00 -1.4513e+01 -6.4261e+00  1.6305e+01  1.0000e+00
 4.6402e+00 -1.6378e+00 -4.3749e-01  5.7432e+00 -1.6855e+00 -1.7102e-01  5.9879e+00  1.0000e+00
-2.0876e-01  1.0081e+00  3.8881e-01 -2.8537e+00 -1.3593e+01  7.9481e+00  1.6003e+01  1.0000e+00
 6.1054e+00  1.2931e+01  2.2384e+01  1.7318e+01  3.4026e+01  6.1270e+01  7.2192e+01  1.0000e+00
-8.9578e+00 -1.3089e+01 -1.4717e+01 -1.2989e+01 -1.8808e+01 -2.1238e+01  3.1201e+01  1.0000e+00
 1.9749e+00 -4.0743e+00 -1.7526e+01  2.6953e+00 -5.4294e+00 -2.3284e+01  2.4060e+01  1.0000e+00
 1.6532e+00  4.3630e+00 -1.9223e+00  2.4922e+00  4.5325e-01  1.6179e+00  3.0057e+00  1.0000e+00
-2.9428e-01  1.2400e+00  3.2174e-01 -4.3855e+00  9.7400e+00  3.7235e+00  1.1312e+01  1.0000e+00
-2.9695e-01  1.1261e+00  1.1941e-01  6.4029e-01  1.2678e+01  6.8848e+00  1.4441e+01  1.0000e+00
-2.7143e+00  1.2242e+00 -6.7989e-01 -9.7735e+00  7.5728e-01 -4.1842e+00  1.0658e+01  1.0000e+00
-6.6517e-01  4.6143e-01  5.7524e-01 -5.2899e+00  4.3697e+00  4.4972e+00  8.2038e+00  1.0000e+00
 2.2744e+01  8.7680e+00 -5.8607e-01  3.3296e+01  1.3203e+01 -8.8841e-01  3.5829e+01  1.0000e+00
-6.3487e-01  1.2031e+00  2.8318e-01 -2.7877e+00 -5.0730e-01  9.2549e+00  9.6789e+00  1.0000e+00
 1.6897e+01  9.8253e-01  1.8954e+01  2.4755e+01  1.5522e+00  2.7754e+01  3.7222e+01  1.0000e+00
 8.1974e-01  5.1461e-01  8.0400e-01 -5.9609e+00  2.3762e+00  7.8517e-02  6.4176e+00  1.0000e+00
-5.1642e-01  6.2216e-01  4.9387e-01 -1.4310e+01  1.2317e+01  6.3572e+00  1.9922e+01  1.0000e+00
-2.7671e+01  5.8840e+00  6.3225e+00 -4.1118e+01  8.9942e+00  9.4690e+00  4.3142e+01  1.0000e+00
 2.0262e-02  1.0697e+00  1.5730e-01 -2.2880e-01  2.4339e+01 -1.3750e+01  2.7955e+01  1.0000e+00
 5.7194e+00 -9.4899e+00  1.7118e+01  8.2067e+00 -1.4023e+01  2.4118e+01  2.9081e+01  1.0000e+00
 6.3036e+00 -6.5756e+00  1.3698e+01  8.5940e+00 -9.1961e+00  1.9207e+01  2.2964e+01  1.0000e+00
 1.1289e+01 -1.3472e+01 -5.2680e+00  1.6068e+01 -1.8974e+01 -6.9205e+00  2.5809e+01  1.0000e+00
 2.6348e+00 -8.1068e-01  9.3302e-01 -4.6496e+00  4.5816e+00 -2.2895e-01  6.5316e+00  1.0000e+00
 2.0146e-01  7.2460e-01 -4.3458e-01  5.9824e-01  1.7191e+00  5.8561e+00  6.1325e+00  1.0000e+00
 1.6058e-01  2.8441e+00 -3.7211e-01 -5.7973e-01 -1.2424e+00 -4.0034e+00  4.2317e+00  1.0000e+00
-1.9936e+00  6.0005e-01 -1.7621e+00 -1.0676e+01 -2.8803e+00 -7.7052e+00  1.3477e+01  1.0000e+00
-7.9039e-02  9.3162e-01  3.4196e-01 -1.4738e+01  1.0430e+00 -6.7667e+00  1.6250e+01  1.0000e+00
 5.9534e-01  7.5079e-01  9.4744e-02 -2.2579e+00  2.5926e+00  4.5256e+00  5.6834e+00  1.0000e+00
-7.7270e-02  7.4181e-01  5.1011e-01 -7.6980e+00  6.2657e+00 -8.4666e+00  1.3046e+01  1.0000e+00
-4.3563e-01  1.3600e+00  2.0744e-01 -1.8808e+01  1.6489e+00 -1.2411e+00  1.8921e+01  1.0000e+00
-3.6581e+01  1.5176e+01  1.3913e+01 -5.4941e+01  2.2882e+01  2.1187e+01  6.3174e+01  1.0000e+00
-1.7297e-01  1.0508e+00 -2.1328e-01  2.0699e+00  2.7534e+00  4.6510e+00  5.7877e+00  1.0000e+00
-1.2096e-01  9.8929e-01  3.0999e-01 -1.1325e+01  1.7601e+01 -1.9614e+01  2.8684e+01  1.0000e+00
-6.7789e-02  1.1046e+00  4.8130e-01  9.1654e+00 -1.8378e+01  4.7452e+00  2.1078e+01  1.0000e+00
 1.3335e+01 -1.1361e+01 -4.5192e+00  1.9119e+01 -1.6084e+01 -6.0881e+00  2.5716e+01  1.0000e+00
-3.9685e-02  1.0574e+00  3.7555e-01 -1.2206e+01 -1.7617e+01 -8.4824e+00  2.3049e+01  1.0000e+00
 8.9906e+00 -7.7798e+00  1.9877e+01  1.2893e+01 -1.1069e+01  2.9209e+01  3.3792e+01  1.0000e+00
 1.6326e+01  2.6189e+00  1.7806e+01  4.3779e+01  5.3319e+00  4.6208e+01  6.3877e+01  1.0000e+00
-3.3892e+00 -3.6199e+00 -1.6338e+01 -5.1166e+00 -4.8932e+00 -2.3240e+01  2.4294e+01  1.0000e+00
-5.8540e-01  1.9211e+00  1.7268e-01 -4.7565e+00  1.5845e+01 -2.1187e-01  1.6545e+01  1.0000e+00
 2.2568e-01  1.1086e+00 -4.5437e-02  7.8785e+00  2.6879e+00 -1.0851e+00  8.3948e+00  1.0000e+00
-3.4199e-01  1.0842e+00  4.3150e-02  2.2016e+01 -9.7182e-01 -5.4040e+00  2.2691e+01  1.0000e+00
 1.0619e+00  1.6128e+00 -5.2588e-01 -8.6127e+00  9.6894e-01  5.3730e+00  1.0197e+01  1.0000e+00
-6.4643e-01  1.7635e+00  5.6768e-01  1.9278e+00 -1.9350e+00 -1.5170e+01  1.5414e+01  1.0000e+00
-2.1848e-01  1.8893e+00  5.1955e-01  5.1639e+00  1.2115e+01 -3.4038e-01  1.3174e+01  1.0000e+00
-2.0353e-01  7.8199e-01  4.1449e-01 -3.5539e-02  1.4207e+01 -7.7174e+00  1.6168e+01  1.0000e+00
 1.5131e+00 -6.8418e-02  1.1990e+00 -8.9273e+00  7.5432e+00 -2.5562e+00  1.1964e+01  1.0000e+00
-2.7700e+00 -7.7847e+00  1.7795e+01 -3.9459e+00 -1.1471e+01  2.5672e+01  2.8394e+01  1.0000e+00
-4.5364e-01  8.0961e-01 -2.8032e-01 -5.8666e-01  8.5508e+00 -6.7775e+00  1.0927e+01  1.0000e+00
-2.8014e-01  7.5889e-01 -2.2694e-01  9.3617e-01 -5.1594e+00  9.5550e-01  5.3300e+00  1.0000e+00
-2.4604e+01  5.1118e+00 -6.8736e+00 -3.5432e+01  8.5015e+00 -9.3798e+00  3.7626e+01  1.0000e+00
-1.7633e-01  9.5036e-01  2.3136e-01 -5.3260e+00 -1.1573e+00  3.8454e+00  6.6703e+00  1.0000e+00
-5.4312e-01  1.5061e+00  8.1284e-01 -9.6150e+00  7.4160e+00  1.3106e+01  1.7866e+01  1.0000e+00
-1.3425e-01  9.5095e-01  4.8352e-01  2.6328e-01  3.6167e+00 -3.2209e+00  4.8502e+00  1.0000e+00
-9.7325e+00 -3.1722e+01 -3.6233e+01 -1.4928e+01 -4.4705e+01 -5.2204e+01  7.0332e+01  1.0000e+00
 2.3894e+01 -2.1077e+01  5.9451e+00  3.5453e+01 -3.1173e+01  8.7373e+00  4.8011e+01  1.0000e+00
-7.4980e-01  1.5078e+00  9.6817e-02  9.0444e+00  5.6849e-01 -2.3310e+00  9.3573e+00  1.0000e+00
-3.1889e+00  2.3459e+00  1.6166e+00 -9.1029e+00  5.0508e+00  2.1447e+00  1.0629e+01  1.0000e+00
-4.8215e-03  8.3950e-01  2.3003e-01  2.9177e+00 -4.1254e+01  7.1249e-01  4.1364e+01  1.0000e+00
-1.8698e+00  1.2760e+00  7.0545e-01 -3.3012e+00  9.3564e-01  1.1444e+00  3.6170e+00  1.0000e+00
-4.2191e-01  1.3599e+00 -3.9476e-01 -4.2104e-01  6.8740e+00  9.5676e-01  6.9531e+00  1.0000e+00
-2.0964e-01  1.1966e+00  2.9306e-01  1.5658e+01  4.9615e+00  3.6390e+00  1.6823e+01  1.0000e+00
-1.3046e+01  2.0396e+01 -1.0862e+01 -1.9188e+01  3.0359e+01 -1.5857e+01  3.9259e+01  1.0000e+00
-2.4598e+00  1.4283e+00  2.9918e+00 -2.3423e+00  2.3960e+00  8.6982e+00  9.3213e+00  1.0000e+00
-6.8163e-01  1.0210e+00  2.1699e+00  2.6648e+00  8.5189e-01  7.7201e+00  8.2114e+00  1.0000e+00
-1.7461e-02  9.4483e-01  2.6176e-01 -1.2749e+01 -4.6977e+00  1.6273e+01  2.1199e+01  1.0000e+00
 1.7204e-01  8.2995e-01  5.5268e-01  8.6565e-01  1.2919e+01 -6.6862e+00  1.4572e+01  1.0000e+00
 3.8215e-02  8.6583e-01  5.7363e-01  1.9264e+01  2.3926e+00  1.2582e+01  2.3133e+01  1.0000e+00
-3.0985e-01  1.2832e+00  1.7733e-01 -4.6998e+00  7.5970e+00  1.4778e+00  9.0546e+00  1.0000e+00
-1.2449e-01  7.8657e-01  4.5512e-01  1.9198e+00  5.4495e+00 -8.1955e+00  1.0027e+01  1.0000e+00
 6.1765e-01  6.8685e-01  3.6094e-01 -5.6867e+00 -1.0115e+00  5.9624e+00  8.3013e+00  1.0000e+00
 2.0370e-01  7.6679e-01  4.0360e-01  9.6118e+00 -7.7318e+00  6.7001e+00  1.4038e+01  1.0000e+00
-7.3908e-01  1.4321e+00  1.8685e-01 -1.2010e+00 -1.1747e+01 -1.1164e+00  1.1861e+01  1.0000e+00
 5.9575e+00 -9.6650e+00  1.6991e+01  8.1796e+00 -1.2775e+01  2.5041e+01  2.9277e+01  1.0000e+00
 5.1826e-02  6.6076e-01  4.3971e-01 -7.0194e+00  2.0751e+01 -4.9066e-01  2.1912e+01  1.0000e+00
 4.6562e+01 -3.1860e+01 -6.4917e+01  6.9252e+01 -4.7253e+01 -9.5417e+01  1.2702e+02  1.0000e+00
 2.3868e-01  4.5901e+00 -7.5197e-01  1.9698e+00  1.8449e+01 -7.3878e+00  1.9971e+01  1.0000e+00
-1.3417e+00  3.0908e+00  1.5442e+00  2.6897e+00 -2.3151e+00 -5.6739e+00  6.6924e+00  1.0000e+00
 1.1928e+01 -3.3609e+00 -2.5502e+00  1.6601e+01 -3.7377e+00 -2.7964e+00  1.7245e+01  1.0000e+00
-2.3216e-01  9.7253e-01  4.0257e-02  1.2420e+01 -4.4110e-01  6.2946e+00  1.3931e+01  1.0000e+00
 3.8404e-01 -1.6551e-01  8.3627e-01  1.0638e+00  1.1861e+01 -7.5859e+00  1.4119e+01  1.0000e+00
-3.1292e-01  8.6416e-01  2.2163e-01  1.7178e+01  2.0158e-01 -1.6718e+00  1.7260e+01  1.0000e+00
 2.1195e-01  6.3068e-01  4.9563e-01  2.6224e+00  2.3992e+00  5.4924e+00  6.5422e+00  1.0000e+00
 2.0280e-01  8.1774e-01  5.5358e-01  3.8460e+00  5.9736e+00 -1.4611e+01  1.6247e+01  1.0000e+00
 1.5801e-02  1.3293e+00  6.3338e-01  3.9524e+00  8.6682e+00  2.4976e+00  9.8487e+00  1.0000e+00
-1.0115e+00  1.0974e+00 -6.6338e-01  7.0500e-01  3.1265e+00 -2.1697e+00  3.8704e+00  1.0000e+00
-1.2786e+00  4.2597e-01 -1.9553e-01 -3.2924e-01  5.3197e+00  5.5992e+00  7.7304e+00  1.0000e+00
 1.1500e+00 -9.1881e+00  1.6265e+01  1.7211e+00 -1.3078e+01  2.3091e+01  2.6592e+01  1.0000e+00
-3.0243e+01  2.3357e+01 -1.9280e+01 -5.8191e+01  4.4377e+01 -3.7312e+01  8.2145e+01  1.0000e+00
-2.3609e+00  1.2722e+00  3.1019e-01 -1.1353e+00  7.5120e-01  3.7655e+00  4.0040e+00  1.0000e+00
-8.4610e-01  2.4911e+00  5.6869e-01  5.1374e+00 -4.6581e+00 -6.8469e-01  6.9685e+00  1.0000e+00
 2.4868e-01  1.1310e+00 -2.3134e-01 -3.4379e+00 -5.0722e+00  5.0375e+00  7.9324e+00  1.0000e+00
 2.8063e-01  1.0874e+00  6.7932e-01 -7.5745e+00  6.3371e+00 -1.4741e+01  1.7743e+01  1.0000e+00
 3.3414e-01  9.4163e-01  3.8286e-01 -1.4962e+01  2.4000e+00  9.9069e-01  1.5186e+01  1.0000e+00
 1.0367e-01  6.7548e-01 -2.9158e-01  6.1164e+00  9.8614e+00  8.4795e+00  1.4372e+01  1.0000e+00
-1.5609e+01  1.3160e+01 -4.3586e+00 -2.2299e+01  1.8857e+01 -6.1847e+00  2.9851e+01  1.0000e+00
 9.4483e+00 -7.4079e+00 -2.8918e+01  1.4105e+01 -1.1156e+01 -4.3202e+01  4.6796e+01  1.0000e+00
 1.1077e-01  2.2100e+00  1.1189e-01 -1.2445e+00  1.3698e+01 -2.0889e+00  1.3912e+01  1.0000e+00
-7.5186e-01 -1.8573e+01 -1.3296e+01 -7.2730e-01 -2.7119e+01 -1.9210e+01  3.3242e+01  1.0000e+00
-6.9815e+00  6.5830e+00 -2.7314e+01 -1.0554e+01  9.9847e+00 -4.0548e+01  4.3072e+01  1.0000e+00
 3.2689e+00 -1.6267e+01  1.6416e-01  4.5468e+00 -2.3165e+01  3.4091e-01  2.3609e+01  1.0000e+00
-2.4583e+00  9.3594e-01  6.7529e-01  1.8343e+00  4.1848e+00  9.1451e-02  4.5701e+00  1.0000e+00
-3.1661e+00 -4.1055e+00 -1.7561e+01 -4.5911e+00 -6.1125e+00 -2.4460e+01  2.5627e+01  1.0000e+00
 1.8403e+00  4.3405e+00  3.9756e+00  2.4604e+00  4.8305e+00  4.4705e+00  7.0266e+00  1.0000e+00
-2.9843e-01  9.0911e-01  3.0433e-01 -1.3911e+01  1.9214e+00 -6.4059e+00  1.5436e+01  1.0000e+00
 1.0608e+01  6.4241e+00  1.4676e+01  1.8175e+01  9.9186e+00  2.4666e+01  3.2204e+01  1.0000e+00
-5.3236e-01  1.2165e+00 -3.6883e-01 -1.0525e+01  7.5951e+00 -1.3006e+01  1.8375e+01  1.0000e+00
 1.0870e+01 -1.3543e+01 -5.2875e+00  1.5594e+01 -1.8984e+01 -7.9574e+00  2.5824e+01  1.0000e+00
 3.1689e-02  6.8847e-01  6.0704e-01  9.3958e+00 -7.1620e+00  7.1822e+00  1.3826e+01  1.0000e+00
-6.0353e-01  9.2641e-01  8.5372e-02  3.6807e+00  1.1615e+01  2.6380e+00  1.2466e+01  1.0000e+00
-1.8955e+01 -8.5267e+00 -5.9383e+00 -2.7452e+01 -1.2273e+01 -8.4591e+00  3.1237e+01  1.0000e+00
 9.5075e+00  5.2101e+00  9.4704e+00  1.2549e+01  7.5688e+00  1.3471e+01  1.9906e+01  1.0000e+00
 4.6259e-01  1.1539e+00  4.2660e-01  3.7771e+00 -3.8883e+00  7.4289e+00  9.1964e+00  1.0000e+00
 7.6391e+00 -2.4896e+01 -1.9679e+00  1.1469e+01 -3.6826e+01 -2.9256e+00  3.8681e+01  1.0000e+00
 2.0701e+01 -5.8627e+00  1.6139e+01  8.4696e+01 -2.7161e+01  6.4845e+01  1.1007e+02  1.0000e+00
-3.6609e+01 -3.5105e+00  5.4045e+01 -5.6974e+01 -5.5829e+00  8.4052e+01  1.0170e+02  1.0000e+00
 1.4593e+01 -2.5216e+01 -2.0483e+01  2.2025e+01 -3.7724e+01 -3.0735e+01  5.3412e+01  1.0000e+00
-3.5716e-01  1.6430e+00  1.6664e-01  6.5945e+00 -1.0235e+01 -5.9918e+00  1.3570e+01  1.0000e+00
-1.7418e+00  5.2346e+00  1.2888e+00 -1.1228e+00  8.7541e+00  1.7514e+00  8.9979e+00  1.0000e+00
 7.4957e-02  1.6783e+00 -9.7468e-02 -6.4470e-01  2.8240e+00  1.2115e+01  1.2456e+01  1.0000e+00
-8.0775e+00 -1.5221e+00 -5.9547e+00 -1.2637e+01 -2.9715e+00 -5.6303e+00  1.4150e+01  1.0000e+00
-1.4687e+00  4.7305e-01  1.1288e+00 -1.2373e+00  1.0390e+00  2.5473e+00  3.0165e+00  1.0000e+00
-1.9063e-01  7.3215e-01  1.9930e-01 -2.8168e+00 -8.9134e-02  1.9694e+01  1.9895e+01  1.0000e+00
-1.7411e-01 -1.8598e+01 -1.3216e+01 -5.7176e-01 -2.6707e+01 -1.9199e+01  3.2896e+01  1.0000e+00
-7.2198e-01 -5.8136e+00  8.4161e-02 -2.3875e+00 -3.7971e+01 -2.6392e+00  3.8138e+01  1.0000e+00
-2.3456e-01  1.0269e+00  2.3790e-01  1.6594e+01 -8.3063e+00  1.9305e+01  2.6777e+01  1.0000e+00
-3.5694e-02  8.1010e-01 -2.5261e-01 -1.8981e+00  3.2761e+00 -1.1187e+01  1.1810e+01  1.0000e+00
-2.0889e-01  1.0006e+00  3.7169e-01 -2.3589e+01  1.4595e+01  2.5926e+00  2.7860e+01  1.0000e+00
-3.5093e-01  9.9866e-01  2.2265e-01  7.3507e+00 -1.6644e+01 -2.0498e+00  1.8310e+01  1.0000e+00
-3.5805e+01 -4.2907e+01  2.0052e+01 -5.1364e+01 -6.2588e+01  2.9541e+01  8.6187e+01  1.0000e+00
 1.2054e-01  1.1383e+00  1.5820e-01 -2.7646e+00 -6.8681e+00  1.6770e+01  1.8332e+01  1.0000e+00
-3.0614e+00  5.4786e+00 -2.2302e+00 -3.6248e+00  7.2860e+00 -2.0232e+00  8.3856e+00  1.0000e+00
-5.0351e-01  9.7714e-01  1.0757e-01 -1.3841e+01  4.5165e+00 -3.7570e+00  1.5036e+01  1.0000e+00
 3.2240e-02  8.2440e-01  4.0126e-01 -8.7404e+00 -1.3498e+01  4.5372e+00  1.6708e+01  1.0000e+00
-9.2414e-01  9.4249e-01  6.6372e-01 -1.2043e+01  3.1349e+00 -4.1931e+00  1.3132e+01  1.0000e+00
 5.3246e-01  1.5764e+00  3.1170e-01  4.6531e+00 -2.7686e+00 -2.3448e+00  5.9004e+00  1.0000e+00
 3.5892e-01  1.0092e+00  1.4911e-02  3.9647e+00  1.2499e+01  3.5948e+00  1.3597e+01  1.0000e+00
-1.2256e-01 -1.6317e+01  7.7851e+00 -1.8516e-01 -2.3363e+01  1.0939e+01  2.5798e+01  1.0000e+00
-2.1315e+01 -1.2742e+01 -7.6826e+00 -3.2234e+01 -1.9124e+01 -1.2116e+01  3.9390e+01  1.0000e+00
-1.5140e-01  1.3493e-01  1.9745e-01 -9.0954e+00  9.0344e-01  2.4609e+00  9.4657e+00  1.0000e+00
-5.5487e-01  8.2403e-01  6.9829e-01  9.2592e+00  3.7057e+00 -1.2146e+01  1.5716e+01  1.0000e+00
 2.7337e+01 -9.7891e+00 -1.6096e+00  4.0678e+01 -1.4501e+01 -2.2783e+00  4.3246e+01  1.0000e+00
-1.0859e+00  1.4516e+00 -4.6162e-01 -6.5180e+00  3.4695e+00  1.0695e+01  1.2996e+01  1.0000e+00
 2.6828e+02 -3.3203e+02  2.1750e+02  3.8386e+02 -4.7418e+02  3.0947e+02  6.8408e+02  1.0000e+00
-1.7536e-01  1.2711e+00  2.7755e-01  2.1558e+00  1.3673e+01 -1.5418e+01  2.0720e+01  1.0000e+00
-1.3662e-01  9.8686e-01  9.7618e-01  5.2648e+00 -1.8463e+00  1.8038e+00  5.8635e+00  1.0000e+00
-2.9801e-01  1.0927e+00  1.7446e-01 -1.2492e+01  9.4298e+00  2.4963e+01  2.9464e+01  1.0000e+00
 1.4998e+01  1.2106e+01  1.1612e+00  2.1329e+01  1.7073e+01  1.8712e+00  2.7385e+01  1.0000e+00
-1.2166e+01 -3.1401e+00  6.5789e+00 -1.8644e+01 -4.6375e+00  1.0823e+01  2.2051e+01  1.0000e+00
 3.6998e+00 -2.0413e+01  1.0221e+00  5.2529e+00 -2.9381e+01  1.2242e+00  2.9872e+01  1.0000e+00
-5.8272e-01  6.6472e-01 -9.0539e-02  3.2115e+00  1.2631e+01  3.9699e-01  1.3039e+01  1.0000e+00
 9.7381e-01  9.4218e+00 -1.4594e+01  1.2521e+00  1.3194e+01 -2.0662e+01  2.4547e+01  1.0000e+00
-4.0776e+01  1.3728e+01  1.4902e+01 -6.8500e+01  2.3103e+01  2.4975e+01  7.6484e+01  1.0000e+00
-2.6012e-01  1.1120e+00  2.2671e-01 -6.1866e+00 -1.2071e+01  5.6595e+00  1.4698e+01  1.0000e+00
-2.0262e-01  5.3461e-01  1.2981e-01  1.1646e+01  1.3751e+01 -4.3398e-01  1.8026e+01  1.0000e+00
-1.6930e-01  7.0228e-01  2.7870e-01  8.9567e-01  2.3863e+01  3.2321e+00  2.4097e+01  1.0000e+00
 9.2641e-01  4.2276e-01  5.5178e-02 -1.2265e+01  4.9616e+00  5.9474e+00  1.4506e+01  1.0000e+00
 2.0384e+00 -2.1049e+01  1.6726e+01  2.9615e+00 -3.1144e+01  2.4774e+01  3.9906e+01  1.0000e+00
 1.2130e+01 -2.2655e+01  9.0390e+00  2.3455e+01 -4.4036e+01  1.7173e+01  5.2766e+01  1.0000e+00
-1.1699e+00  1.2018e+01  1.9347e+00 -3.2333e+00  1.5306e+01  2.9802e+00  1.5925e+01  1.0000e+00
 6.1335e-04  1.0271e+00  5.0893e-01 -1.2106e+01 -9.2002e+00 -2.0586e+01  2.5592e+01  1.0000e+00
-5.9499e-01  1.7952e+00  1.2301e-01 -1.3125e+01  2.2769e+01 -3.0061e+00  2.6452e+01  1.0000e+00
-1.2292e-01  1.2141e+00  8.1236e-02 -2.7268e+00  9.1252e-01 -2.5317e+00  3.8312e+00  1.0000e+00
 1.0725e+01 -3.4078e+00  5.7468e+00  1.4490e+01 -3.7386e+00  7.2762e+00  1.6639e+01  1.0000e+00
-1.5104e-01  1.3826e+00  1.4963e+00  5.7209e+00  1.5431e+00  2.7789e+00  6.5446e+00  1.0000e+00
-6.1095e-02  7.2810e-01 -2.9628e-01  1.1853e+00  5.0435e+00  1.1424e+01  1.2544e+01  1.0000e+00
-1.3783e-02  1.0702e+00  3.6360e-01  1.5038e+01  9.1246e+00 -9.0417e+00  1.9777e+01  1.0000e+00
-4.4667e+00 -3.8204e+00 -2.2645e+01 -6.3733e+00 -5.4132e+00 -3.3023e+01  3.4065e+01  1.0000e+00
-1.4642e+00 -4.7306e-01  4.3040e+00  1.0416e-01  1.4758e+00  1.3189e+00  1.9820e+00  1.0000e+00
 2.7725e+01 -6.0297e-01 -5.9746e+00  4.1216e+01 -7.3505e-01 -8.5718e+00  4.2104e+01  1.0000e+00
-3.3690e-01 -1.7648e-01  3.7448e-01  4.1341e+00  4.9893e+00  3.3899e+00  7.3127e+00  1.0000e+00
 9.6666e+00 -1.6142e+00  2.5340e+01  1.4387e+01 -2.8296e+00  3.7728e+01  4.0477e+01  1.0000e+00
-9.8116e-01  1.4326e+00 -1.2661e+00  3.5214e-01  2.0808e+00  4.3504e+00  4.8352e+00  1.0000e+00
-7.8006e-01  5.4180e-01  3.8614e-01 -3.9863e+00  8.8721e+00 -1.6510e+01  1.9162e+01  1.0000e+00
-1.0873e+01  1.8525e+00  1.7734e+01 -1.5458e+01  2.6696e+00  2.5633e+01  3.0052e+01  1.0000e+00
-1.9572e+00  8.2994e+00 -3.7160e-01 -3.7647e+00  7.0170e+00 -8.1865e-01  8.0051e+00  1.0000e+00
-1.0697e-01  7.6900e-01  2.3835e-01  1.6012e+01  6.8134e+00  2.8018e+00  1.7626e+01  1.0000e+00
 8.8826e-01  4.3470e+01  2.8220e+01  2.8041e-01  6.3453e+01  4.0456e+01  7.5253e+01  1.0000e+00
-6.0046e+00  5.3297e+00 -1.8950e+00 -5.7114e+00  5.1753e+00 -5.8918e-01  7.7298e+00  1.0000e+00
-8.6325e-01  5.6620e-01  7.6923e-01 -2.7640e+00 -7.9242e+00  9.9841e+00  1.3043e+01  1.0000e+00
-7.6273e-01  1.0252e+00  3.4570e-01  6.7990e+00  1.7769e+00 -1.4041e+00  7.1663e+00  1.0000e+00
-3.1492e-01  1.1390e+00  2.3159e-01 -6.0820e+00 -5.3568e+00  2.1700e+00  8.3902e+00  1.0000e+00
-7.2870e-02  8.5974e-01  2.0900e-01  1.2812e+01 -1.4100e+01  7.2202e+00  2.0374e+01  1.0000e+00
-2.8853e-01  1.0137e+00  2.5825e-01  4.5525e+00  1.6153e+01  8.0085e+00  1.8595e+01  1.0000e+00
-3.0932e+00  3.3657e-01  4.5731e+00 -1.5011e-01  1.5523e+00  1.5405e+00  2.1920e+00  1.0000e+00
-4.5408e-01  1.3779e+00  1.6638e-01 -8.4577e+00  1.4777e+01 -9.0708e+00  1.9291e+01  1.0000e+00
-1.5417e+01  1.2907e+01  4.4073e+00 -2.6950e+01  2.2504e+01  7.1768e+00  3.5836e+01  1.0000e+00
-5.3975e-01  1.2684e+00  3.8818e-01  5.4535e+00 -1.7335e+01  2.2588e+00  1.8313e+01  1.0000e+00
-4.4791e-01  1.2152e+00  4.5490e-01 -5.3088e+00  4.9879e+00  3.4941e+00  8.0791e+00  1.0000e+00
 1.8820e-01  1.0041e+00  4.2939e-01  1.4517e+00 -8.0178e+00  1.0617e+01  1.3383e+01  1.0000e+00
-2.1053e-01  1.4217e+00  3.8247e-01 -9.8491e+00 -1.1947e+01  2.4719e+00  1.5680e+01  1.0000e+00
 9.0960e+00 -1.5279e+01 -7.6648e+00  1.3136e+01 -2.1486e+01 -1.1015e+01  2.7486e+01  1.0000e+00
-9.6242e-02  5.6325e-01  4.8260e-01 -7.9216e+00  2.3880e+01 -9.9087e-01  2.5179e+01  1.0000e+00
 1.1942e+01  3.3262e+00 -2.6602e+01  1.7776e+01  5.2356e+00 -3.8024e+01  4.2300e+01  1.0000e+00
-1.8985e+00  1.0273e+01 -6.3882e+00 -2.4884e+00  1.3225e+01 -7.2980e+00  1.5309e+01  1.0000e+00
-2.3856e+01 -8.3527e+00  5.6672e+00 -3.5464e+01 -1.2104e+01  8.3818e+00  3.8399e+01  1.0000e+00
 2.9944e+01 -2.8817e+00 -1.2258e+01  4.5030e+01 -4.2875e+00 -1.8266e+01  4.8783e+01  1.0000e+00
 1.1621e+01 -6.4248e+01  3.9859e+01  1.7616e+01 -9.7711e+01  6.0738e+01  1.1639e+02  1.0000e+00
-5.3157e-01  1.1089e+00  5.0275e-01  1.2059e+01 -2.2828e+00 -9.9777e+00  1.5817e+01  1.0000e+00
-3.3409e-01  9.6272e-01  2.6737e-01 -8.0089e+00 -2.8295e+00  1.1740e+01  1.4490e+01  1.0000e+00
 3.7975e-02  1.0988e+00  2.6552e-01  8.4436e+00  2.3300e+00  9.7945e+00  1.3140e+01  1.0000e+00
-2.7481e-01  9.8271e-01  3.5072e-01 -2.5571e+01 -1.6716e+01  7.6451e+00  3.1493e+01  1.0000e+00
-1.4485e+01 -7.1017e+00 -7.4103e+00 -2.0819e+01 -9.5157e+00 -1.0627e+01  2.5237e+01  1.0000e+00
 4.1799e-01  7.7832e-01  6.8256e-01  6.5743e+00  6.2351e+00 -4.9348e+00  1.0317e+01  1.0000e+00
-9.7721e-01  3.1705e-01  2.9494e-01 -9.5142e-01 -1.9304e+00 -9.1363e+00  9.3863e+00  1.0000e+00
-5.7200e-01  1.6075e+00 -2.5475e-01 -9.6534e-01 -6.4150e+00 -3.4522e+00  7.3486e+00  1.0000e+00
-3.4017e-01  1.3388e+00  2.0994e-01 -9.2046e+00  7.2686e+00  8.1879e+00  1.4304e+01  1.0000e+00
 3.1398e+00 -2.8547e+00 -3.6828e+00  2.0538e+00 -2.4227e-01 -2.3239e+00  3.1108e+00  1.0000e+00
 3.0535e-01  1.1998e+00  3.0864e-01  1.6442e+01  4.5308e+00  2.4230e+00  1.7226e+01  1.0000e+00
 1.1133e-01  1.4086e+00  4.2004e-01  1.1770e+01  9.8967e+00  2.1211e+00  1.5524e+01  1.0000e+00
 9.8495e+00 -1.1934e+01 -1.4514e+01  1.4139e+01 -1.7638e+01 -2.0634e+01  3.0606e+01  1.0000e+00
 5.9661e+00  3.1876e+00 -3.2948e+00  2.2554e+01  8.8873e+00 -1.0471e+01  2.6407e+01  1.0000e+00
 8.8050e-02  9.8464e-01  1.8213e-01 -6.4036e+00  9.3099e+00  3.8858e+00  1.1949e+01  1.0000e+00
 1.6279e-01  9.0160e-01  4.6569e-01 -2.7791e+00  6.0559e-01 -4.1535e+00  5.0341e+00  1.0000e+00
-1.0201e-01  1.9080e+00  9.7335e-01 -6.5032e+00 -1.0037e+01  5.1792e+00  1.3033e+01  1.0000e+00
 1.2463e+01 -5.9777e+00 -8.1946e+00  3.0769e+01 -1.5880e+01 -2.0223e+01  4.0099e+01  1.0000e+00
-5.4313e-01  1.1217e+00  2.8213e-01  1.1587e+01  9.9061e+00 -1.2950e+01  2.0003e+01  1.0000e+00
 7.2999e-01  9.2331e-01  5.1203e-01  1.0592e+01 -1.3011e-01  3.2442e+00  1.1078e+01  1.0000e+00
-3.3549e+01  8.0860e+00  1.6516e+01 -6.0144e+01  1.4437e+01  2.9689e+01  6.8608e+01  1.0000e+00
-5.0108e-01  7.3512e-01  3.8808e-01  6.0747e+00 -6.0411e+00  1.3548e+00  8.6736e+00  1.0000e+00
 1.3036e+01  9.3493e+00 -1.0411e+00  1.7679e+01  1.3308e+01 -9.5595e-01  2.2148e+01  1.0000e+00
-4.7337e-01  1.1294e+00 -8.7163e-02 -7.9653e+00 -4.0757e+00  6.7363e-01  8.9728e+00  1.0000e+00
-4.2183e-01  8.5865e-01  3.4287e-01  8.8518e+00 -8.5988e+00 -1.0269e+01  1.6055e+01  1.0000e+00
 3.4418e-01  8.4103e-01  8.1370e-01  9.3874e-01  5.2690e+00  3.8216e+00  6.5763e+00  1.0000e+00
 2.5533e+00  1.1847e+01 -5.4496e-01  3.8323e+00  1.4625e+01 -1.3659e+00  1.5180e+01  1.0000e+00
-2.6658e+02  3.3093e+02 -2.2139e+02 -3.7964e+02  4.7214e+02 -3.1702e+02  6.8377e+02  1.0000e+00
 7.6375e-01  5.9766e-01  2.6230e-01 -4.4505e+00  1.0898e+01  6.3614e+00  1.3380e+01  1.0000e+00
-5.0718e-01  1.1320e+00  1.3697e-01 -1.7452e+01  2.2790e+01 -4.5569e+00  2.9064e+01  1.0000e+00
-9.5305e-01  3.5747e+00 -7.3295e-02 -1.7531e+00  4.8826e+00  2.5122e-02  5.1878e+00  1.0000e+00
-4.7169e-01  1.1214e+00 -2.3238e-01 -5.3573e+00  1.1904e-01 -1.2407e+01  1.3514e+01  1.0000e+00
 5.9602e-01  1.5689e+00 -1.6834e-02  5.0200e+00 -3.6324e+00 -6.4635e+00  8.9538e+00  1.0000e+00
 9.3609e+00 -1.3800e+01 -1.3200e+01  1.3356e+01 -1.9060e+01 -2.0312e+01  3.0891e+01  1.0000e+00
 2.0937e+00 -8.1303e-02  5.9623e-01 -6.0903e+00  3.2361e+00  1.5243e+00  7.0631e+00  1.0000e+00
-1.0909e+00  6.9809e-01  2.0291e+00  6.7623e+00  3.9099e+00 -5.7629e+00  9.7071e+00  1.0000e+00
-2.7535e-01  8.8759e-01  6.5956e-01 -4.0579e+00 -5.9550e+00 -3.7768e-01  7.2161e+00  1.0000e+00
-2.0658e+01  1.2952e+00  1.7708e+01 -3.0578e+01  2.2650e+00  2.6445e+01  4.0490e+01  1.0000e+00
-4.7422e-01  1.0097e+00  3.5502e-01  8.3785e-01  8.2175e-01 -1.9748e+01  1.9783e+01  1.0000e+00
-2.4454e-01  1.2300e+00  3.6173e-01  8.3410e+00  1.0906e+00  4.4463e+00  9.5148e+00  1.0000e+00
-1.3980e+01  1.2749e+01 -2.2543e+01 -2.0746e+01  1.9160e+01 -3.3507e+01  4.3820e+01  1.0000e+00
 2.3640e+01 -1.6124e+01  6.5390e+00  3.5127e+01 -2.3817e+01  9.7915e+00  4.3555e+01  1.0000e+00
 1.2492e+01 -7.6717e+00  1.4044e+01  1.7729e+01 -1.0896e+01  2.0367e+01  2.9118e+01  1.0000e+00
 1.2820e-01  1.0114e+00 -2.5790e-01  1.8233e+01 -1.1892e+00 -2.3590e+00  1.8423e+01  1.0000e+00
-5.2171e-01  6.9607e-01  4.7265e-01 -1.1470e+00  1.0990e+00  1.0343e+00  1.8956e+00  1.0000e+00
 2.1446e-01  1.0626e+00 -3.1430e-01 -4.8318e+00 -2.8522e+00  1.2862e+00  5.7563e+00  1.0000e+00
-9.2272e+00  1.3206e+00  2.9639e+00 -1.0512e+01  9.6130e-01  2.9184e+00  1.0952e+01  1.0000e+00
-2.1943e-01  1.2538e+00  1.3448e-01 -1.2129e+01  1.1796e+01  3.8101e+00  1.7343e+01  1.0000e+00
-4.6428e-02  9.6983e-01  4.6436e-01 -6.2292e+00  5.3966e+00  4.6801e+00  9.4778e+00  1.0000e+00
 4.2498e-02  8.9794e-01  4.7545e-01  5.9997e+00  2.0990e+00  2.0961e+01  2.1903e+01  1.0000e+00
-8.6683e-02  1.0446e+00  4.1704e-01  1.7410e+01 -6.6166e+00  1.7552e+01  2.5592e+01  1.0000e+00
-8.9276e+00  8.9167e+00 -7.4613e+00 -1.1851e+01  1.3107e+01 -9.8571e+00  2.0234e+01  1.0000e+00
-8.3762e-01  1.8240e-01  1.1960e-01  6.4215e+00 -6.2838e+00  2.6706e+00  9.3730e+00  1.0000e+00
-7.1109e+00  4.5084e+00 -1.7339e+01 -1.0262e+01  6.4453e+00 -2.4666e+01  2.7482e+01  1.0000e+00
-2.7168e+00  1.0602e+01  4.2381e+00 -5.3575e+00  1.2785e+01  4.0296e+00  1.4436e+01  1.0000e+00
-2.2439e+01 -4.8886e+00 -6.1590e+00 -3.3390e+01 -6.8957e+00 -8.4272e+00  3.5121e+01  1.0000e+00
 2.3480e-01  1.9415e+00 -5.3422e-01 -4.4276e+00  3.5000e+00 -1.3790e-01  5.6456e+00  1.0000e+00
-1.0910e-01 -1.3971e-01 -3.1685e+00 -3.0197e-01  1.4015e+00  1.0061e+00  1.7515e+00  1.0000e+00
-7.1700e-01  1.0763e+00 -9.0882e-02  7.6169e+00  4.7826e+00 -4.4554e+00  1.0037e+01  1.0000e+00
 3.4895e-01  1.1957e+00 -6.8869e-01  1.5616e+01  1.3853e+00 -8.3445e+00  1.7760e+01  1.0000e+00
-1.9501e-01  1.8201e+00  6.8233e-01  2.5376e-01 -6.3281e+00 -1.3024e+01  1.4483e+01  1.0000e+00
-1.1778e-01  7.3732e-01  5.3141e-01  1.1626e+01 -1.0146e+01  8.1010e+00  1.7427e+01  1.0000e+00
 6.6827e-03  1.4331e+00  7.2610e-01  5.5278e+00  2.0034e+01  1.4297e+01  2.5226e+01  1.0000e+00
 2.8299e+00 -9.2912e-01 -5.2146e-01 -2.2830e+00  3.3311e+00 -4.0984e+00  5.7537e+00  1.0000e+00
 1.6296e+00  5.4604e+00 -1.4852e+00  4.1797e+00  1.1302e+01 -4.9875e+00  1.3041e+01  1.0000e+00
-3.5671e-01  3.1811e-01  6.1611e-01 -1.3239e+00 -6.1485e+00  2.4343e+00  6.7441e+00  1.0000e+00
-2.8851e+01  3.1650e+01 -1.9252e+01 -4.1927e+01  4.4190e+01 -2.6629e+01  6.6482e+01  1.0000e+00
-2.6497e-01  1.0950e+00  8.5361e-01 -2.4927e+00 -4.1556e+00  1.8786e+00  5.1973e+00  1.0000e+00
 4.3685e-01  2.3410e+00 -2.1413e-01 -1.2514e+01 -3.6134e+00  5.4824e+00  1.4132e+01  1.0000e+00
-8.2511e+00 -3.7572e+00 -7.8974e+00 -1.9750e+01 -1.0730e+01 -2.0124e+01  3.0169e+01  1.0000e+00
-1.9527e-01  8.6715e-01  1.0765e-01 -3.4009e-01  3.2190e+00 -1.8336e+00  3.7202e+00  1.0000e+00
-4.9480e-01 -1.5618e+01 -8.5914e+00 -6.0040e-01 -2.1899e+01 -1.2487e+01  2.5216e+01  1.0000e+00
-1.7446e-01  1.1767e+00  7.2701e-01 -1.2402e+01  1.1508e+01  6.8527e+00  1.8254e+01  1.0000e+00
 9.4599e+00 -1.3758e+01 -1.3121e+01  1.4066e+01 -2.0485e+01 -1.7590e+01  3.0445e+01  1.0000e+00
-2.7891e-01  1.2172e+00  6.5197e-01  2.6839e+00 -8.6968e+00 -4.8701e+00  1.0323e+01  1.0000e+00
-2.2414e+01  6.0918e+00 -1.1637e+01 -9.1049e+01  2.1575e+01 -4.8404e+01  1.0535e+02  1.0000e+00
 1.1815e+00  9.7597e+00  3.9219e+00  2.4695e+00  1.1637e+01  3.9217e+00  1.2526e+01  1.0000e+00
 4.7043e+00 -9.5734e+00  1.5110e+01  7.0117e+00 -1.3515e+01  2.1700e+01  2.6509e+01  1.0000e+00
-4.2315e-01  7.8671e-01  3.4956e-01  2.5415e+00 -8.9350e+00  6.0017e-01  9.3088e+00  1.0000e+00
-1.6376e+01  9.4748e+00 -3.7104e+00 -4.2420e+01  2.3385e+01 -9.9321e+00  4.9446e+01  1.0000e+00
-1.6314e-01  9.1415e-01  6.0406e-01  1.1287e+01 -7.6859e+00  2.3398e+00  1.3854e+01  1.0000e+00
-2.0190e-01  5.2568e-01 -3.4808e-01 -2.5264e-01  9.1423e+00  7.1299e+00  1.1597e+01  1.0000e+00
-1.1298e+01 -3.8118e+00  6.7626e+00 -1.5131e+01 -5.1983e+00  8.4522e+00  1.8095e+01  1.0000e+00
-2.0962e-01  1.1697e+00  4.7615e-01  9.7413e+00  2.2831e+00 -1.7733e+01  2.0361e+01  1.0000e+00
-1.5039e+00  4.2879e+00  7.1325e-01 -1.0079e+01  2.2312e+01  2.9548e+00  2.4660e+01  1.0000e+00
 1.7934e+01 -2.3002e+01 -1.8302e+00  2.6865e+01 -3.4103e+01 -2.7933e+00  4.3503e+01  1.0000e+00
-9.6629e-01  2.7657e+00  5.3394e-01 -2.8624e+00  5.9048e+00  3.2841e+00  7.3380e+00  1.0000e+00
 9.3452e-01 -1.7305e+00  1.1936e+00  1.6088e-01 -5.6061e+00  3.1779e+00  6.4461e+00  1.0000e+00
 2.4191e-01  1.3551e+00  6.1750e-02 -7.1261e+00  7.8094e+00 -8.9506e+00  1.3852e+01  1.0000e+00
-6.0027e-01  1.4817e+00  2.8595e-01  2.0181e+00 -1.9941e+01 -2.7536e+00  2.0231e+01  1.0000e+00
-6.1702e-01  1.4756e+00 -9.0755e-02 -1.2460e+01  1.0845e+01 -2.0732e+01  2.6508e+01  1.0000e+00
-6.6556e-01  1.0675e+00  4.5959e-01  8.8680e+00  9.0089e+00 -1.1503e+01  1.7091e+01  1.0000e+00
-1.7724e+00  7.9426e-01 -3.4832e-01 -3.7024e+00  3.8909e+00 -4.2645e+00  6.8580e+00  1.0000e+00
-5.6700e+00 -1.8794e+00 -1.1613e+00 -5.8645e+00 -8.9854e-01 -5.9081e-01  5.9623e+00  1.0000e+00
-3.4088e-01  1.0773e+00  7.7055e-01  2.5362e+00 -1.6019e+00  2.9507e+00  4.2077e+00  1.0000e+00
-2.2069e-02  8.1655e-01  2.4946e-01  1.1314e+01 -2.8170e+00  8.7991e+00  1.4607e+01  1.0000e+00
-8.1357e-02  1.0952e+00  3.9731e-01 -8.2270e+00  8.5151e+00  1.5254e+00  1.1938e+01  1.0000e+00
-1.2152e-02  1.4153e+00  8.5384e-01 -6.0768e+00 -2.2979e-01 -1.5810e-01  6.0832e+00  1.0000e+00
-2.1602e-02  1.0225e+00  3.3704e-01 -1.4365e+01 -1.2009e+01  6.6689e+00  1.9876e+01  1.0000e+00
-4.6243e-02  1.9549e+00  1.0932e+00  7.1986e+00  8.0970e+00  7.4078e+00  1.3125e+01  1.0000e+00
 2.7182e+00 -5.9186e+00 -1.6301e+00  2.1867e+01 -5.0738e+01 -1.3334e+01  5.6836e+01  1.0000e+00
 7.9309e-01  6.5199e-01  7.4209e-01  9.8386e+00  4.8871e-01  1.7840e+00  1.0011e+01  1.0000e+00
-3.5354e+01  2.8608e+01  1.3286e+01 -8.1274e+01  6.5132e+01  3.0719e+01  1.0859e+02  1.0000e+00
 2.8580e-02  1.0297e+00 -6.7663e-03 -2.0912e+01  1.5323e+01 -6.2238e+00  2.6661e+01  1.0000e+00
 3.2770e-02  1.5109e+00  1.0769e+00 -3.6119e+00 -3.4460e+00 -7.7910e+00  9.2531e+00  1.0000e+00
-1.1979e+02  4.0213e+00  1.0757e+02 -2.4181e+02  7.3671e+00  2.1773e+02  3.2547e+02  1.0000e+00
 1.0155e-01  1.3373e+00 -1.3527e-02  9.7446e+00 -8.4940e+00  3.9469e+00  1.3516e+01  1.0000e+00
-1.0724e+00  9.5329e-01 -5.6416e-01 -7.4516e+00 -1.8628e+00 -3.4539e+00  8.4217e+00  1.0000e+00
-6.6499e-01  1.1037e+00  3.4976e-01 -6.9892e+00  7.0170e+00  1.3568e+00  9.9964e+00  1.0000e+00
-3.4173e+00  5.0721e+00  1.3092e+01 -4.2793e+00  6.0066e+00  1.6020e+01  1.7636e+01  1.0000e+00
 5.6873e+00  2.3888e+00  1.4716e+00  2.6695e+00  2.6797e+00  1.6034e+00  4.1083e+00  1.0000e+00
 9.8634e+00 -5.7410e+00 -8.4460e+00  1.3261e+01 -8.0943e+00 -1.1149e+01  1.9122e+01  1.0000e+00
-2.9195e-01  1.1199e+00  3.8893e-01  2.3433e+00  8.6754e+00 -6.3014e+00  1.0975e+01  1.0000e+00
 1.4226e+01 -1.4471e+01 -2.1388e+01  2.1315e+01 -2.1460e+01 -3.1534e+01  4.3695e+01  1.0000e+00
-2.7175e-01  9.3562e-01  4.7704e-01  7.4085e+00  6.8317e+00  1.9129e-02  1.0078e+01  1.0000e+00
-2.6908e-01  1.0329e+00  2.3107e-01  3.0864e+00 -8.6805e+00 -7.2031e+00  1.1695e+01  1.0000e+00
-3.4009e-01  1.6012e+00  1.9047e-01 -4.7369e+00  3.8465e+00 -7.6068e+00  9.7518e+00  1.0000e+00
-9.3095e+00 -1.4658e+01 -1.3908e+01 -2.4971e+01 -4.1608e+01 -3.8352e+01  6.1852e+01  1.0000e+00
-2.0428e-01  1.3175e+00  3.0222e-01 -1.2229e+01  1.8216e+01 -1.7866e+01  2.8294e+01  1.0000e+00
-2.2291e-01  9.2506e-01  1.3238e+00 -4.7934e+00 -1.4349e+00 -8.8044e+00  1.0127e+01  1.0000e+00
-4.4366e-01  1.4053e+00 -1.0399e-01 -4.8023e+00  4.3549e+00  7.7983e+00  1.0141e+01  1.0000e+00
 2.7193e-02  5.4992e-01  6.3654e-02  1.5616e-01 -1.0244e+01 -1.1710e+01  1.5559e+01  1.0000e+00
-4.6720e-02  1.6527e+00 -4.4667e-01 -3.5355e+00 -1.8443e+00  7.0272e+00  8.0798e+00  1.0000e+00
-1.3739e+00  2.4315e+00  2.6240e+00 -2.8878e-01  2.7477e+00  1.2140e-01  2.7655e+00  1.0000e+00
-3.5728e+00  5.4221e+00  1.5388e+01 -4.4705e+00  7.8393e+00  2.1210e+01  2.3050e+01  1.0000e+00
 1.6509e-01  1.9005e+00 -5.4019e-01 -5.3329e+00 -5.4244e-01 -1.1936e+01  1.3084e+01  1.0000e+00
-4.2794e-01  1.2416e+00  9.2247e-01  6.9109e+00  2.8417e+00 -9.2652e+00  1.1903e+01  1.0000e+00
-9.2776e-02  9.7551e-01  5.1311e-01  1.0526e+01 -1.5453e+01  1.3592e+00  1.8747e+01  1.0000e+00
-9.7013e-01  6.1515e-01 -4.3911e-01 -9.3072e+00  1.7082e-01 -3.2391e-01  9.3144e+00  1.0000e+00
 1.0820e+01 -2.7222e+01  4.8256e+01  1.5602e+01 -3.9382e+01  7.0865e+01  8.2561e+01  1.0000e+00
 2.0703e+01  3.9465e+00  1.9522e+01  3.0682e+01  5.7907e+00  2.9162e+01  4.2724e+01  1.0000e+00
-3.0903e+00  1.2372e+00 -7.7598e-01 -1.9234e+00  8.8277e-01 -1.4838e+00  2.5847e+00  1.0000e+00
-5.2880e-01  1.1407e+00 -7.3154e-02  1.9438e+01 -2.2894e+00  3.7189e+00  1.9923e+01  1.0000e+00
-9.7466e-02  1.3533e+00  4.6876e-01 -4.0787e+00 -8.7762e+00 -6.5140e+00  1.1666e+01  1.0000e+00
-5.4711e+00  3.5844e+00  2.1654e+01 -7.9983e+00  5.5406e+00  3.1609e+01  3.3073e+01  1.0000e+00
-1.4260e+01 -2.6699e+00 -1.3562e+01 -2.0368e+01 -2.5006e+00 -1.8828e+01  2.7849e+01  1.0000e+00
-7.8268e-01  1.3160e+00  6.4499e-01 -2.1249e+01 -9.1911e-01  1.1867e+01  2.4355e+01  1.0000e+00
-7.7245e+00 -1.3197e+01 -1.0534e+00 -1.2082e+01 -2.1984e+01 -1.2853e+00  2.5118e+01  1.0000e+00
-1.0724e+00 -4.3849e-01  7.3211e-01  6.2613e+00  7.2122e+00 -1.8809e+00  9.7343e+00  1.0000e+00
 5.5798e-02  7.2918e-01  7.2006e-01  1.1149e+00  2.5613e+00  9.6352e+00  1.0032e+01  1.0000e+00
-2.3472e+00 -8.8493e-01  1.0703e-02  5.6734e-01  3.5647e+00  1.1463e+00  3.7872e+00  1.0000e+00
-1.4499e-01  1.2396e+00  3.6444e-01  1.2718e+01 -1.1959e+01 -7.7771e+00  1.9111e+01  1.0000e+00
-4.8763e-01  1.0292e+00  3.6835e-01  1.1445e+00 -2.1942e+00  7.2442e+00  7.6552e+00  1.0000e+00
-7.4265e+00  2.3450e+01 -3.0207e+00 -1.0788e+01  3.4408e+01 -4.3325e+00  3.6319e+01  1.0000e+00
 3.8288e+00  1.6726e+00  4.3121e+00  1.1676e+00  3.9517e+00  4.3461e+00  5.9890e+00  1.0000e+00
-1.3341e+01 -2.1898e-01 -3.4618e+00 -1.7739e+01  4.0391e-01 -4.7522e+00  1.8369e+01  1.0000e+00
 1.6215e+00  1.8334e+00 -2.8899e+00  2.8684e+00  1.5530e+00 -7.7982e-01  3.3538e+00  1.0000e+00
-1.0703e+01 -4.1107e+00  7.4103e+00 -1.4163e+01 -4.5178e+00  9.7939e+00  1.7802e+01  1.0000e+00
-1.9643e-01  1.7504e+00  2.6698e-01  2.8422e+00  5.7345e+00  5.2247e+00  8.2619e+00  1.0000e+00
 2.7496e+01  9.9516e+00  2.2965e+00  4.0716e+01  1.4948e+01  3.3314e+00  4.3501e+01  1.0000e+00
 9.9225e+00  1.3798e+01  1.8625e+00  1.4129e+01  1.9214e+01  3.0824e+00  2.4048e+01  1.0000e+00
-2.1442e+01 -1.2871e+01 -7.9797e+00 -3.1333e+01 -1.8179e+01 -1.0949e+01  3.7843e+01  1.0000e+00
 1.3306e+00  2.7529e+00 -5.9709e-01  8.8063e+00  3.4051e+00 -8.4068e+00  1.2642e+01  1.0000e+00
-2.1079e+01 -5.0196e-01 -5.5216e+00 -3.0759e+01 -4.5784e-01 -8.1178e+00  3.1815e+01  1.0000e+00
 4.6885e-01  6.1021e-01  4.5910e-01 -2.3779e+00  1.7270e+00 -4.7827e+00  5.6135e+00  1.0000e+00
-2.8971e-01  1.3477e+00  4.5475e-01 -1.2446e+01  1.3213e-01 -1.0462e+01  1.6259e+01  1.0000e+00
-4.2961e+00  1.7045e+01 -6.5715e+00 -5.6339e+00  2.4681e+01 -9.2632e+00  2.6957e+01  1.0000e+00
 2.5976e+01  2.1276e+01 -1.6314e+01  4.7200e+01  3.8196e+01 -2.9463e+01  6.7490e+01  1.0000e+00
-3.0028e-01  8.0240e-01  5.8901e-01  1.5881e+01  1.5462e+01  1.0416e+01  2.4490e+01  1.0000e+00
-7.2784e-01  1.0652e+00 -2.0891e+00  2.9794e+00  3.8683e+00  7.7605e+00  9.1687e+00  1.0000e+00
 1.8939e-02  1.1111e+00  1.1631e+00 -3.1115e-01 -6.7753e+00  2.0619e+00  7.0889e+00  1.0000e+00
 3.8727e+00 -3.0231e+00  2.4517e-02  2.8480e+00 -4.6643e-01  4.0593e+00  4.9806e+00  1.0000e+00
 2.3763e+00 -1.5711e+00  8.0733e-01  3.9676e+00  2.5138e-01  4.8714e-02  3.9758e+00  1.0000e+00
-2.9453e-01  6.2493e-01  3.8490e-01 -3.1903e+00  1.6483e+01  1.2949e+01  2.1203e+01  1.0000e+00
-1.6401e+01 -8.2596e+00 -2.8814e+01 -2.4829e+01 -1.2610e+01 -4.3880e+01  5.1971e+01  1.0000e+00
-2.9271e+01 -9.7449e+00 -9.7747e-01 -4.3768e+01 -1.4223e+01 -1.5521e+00  4.6047e+01  1.0000e+00
 3.3550e+00 -2.6612e+00 -4.1320e+00  4.2147e+00 -6.8303e-01 -1.9528e+00  4.6951e+00  1.0000e+00
 2.9581e+01  5.1141e+00 -3.0833e+00  4.3974e+01  7.9235e+00 -4.7034e+00  4.4929e+01  1.0000e+00
-3.4406e-01  1.2751e+00  6.6430e-03 -3.8230e+00 -9.4907e+00 -1.0682e+01  1.4791e+01  1.0000e+00
-3.7635e-01  8.4144e-01  3.8123e-01  1.1491e+01 -7.1075e+00  1.2450e+01  1.8373e+01  1.0000e+00
-1.1104e-01  1.3164e+00  4.2777e-01 -1.3936e+01  1.0067e+01  1.2817e+01  2.1444e+01  1.0000e+00
-2.6714e+00  1.5595e+00 -1.3140e-01 -1.4253e+01  3.6615e+00  2.7847e-02  1.4716e+01  1.0000e+00
-2.2843e-01  1.3246e+00  5.8729e-01 -2.2502e+00 -2.5787e+00  1.2429e+01  1.2892e+01  1.0000e+00
-5.3196e-02  6.2029e-01  1.0194e+00 -2.7763e-02  6.2483e+00 -3.0216e+00  6.9406e+00  1.0000e+00
 1.0242e-01  9.5069e-01  3.0862e-01 -1.4674e+01 -1.5356e+01 -6.9510e+00  2.2348e+01  1.0000e+00
-1.1798e+01  1.0051e+01 -1.8632e+00 -1.6119e+01  1.3600e+01 -2.2191e+00  2.1206e+01  1.0000e+00
-2.2624e-01  7.6231e-01  4.1623e-01  1.5711e+01 -1.6118e+00  2.0524e+01  2.5897e+01  1.0000e+00
-1.1948e+01 -3.5779e+00 -1.4235e-01 -1.5243e+01 -4.5696e+00 -4.2929e-01  1.5919e+01  1.0000e+00
 2.1448e-01  7.3043e-01  1.0449e+00 -1.0951e+00  5.6863e+00 -1.0301e+01  1.1817e+01  1.0000e+00
-2.3964e-01  5.3505e-01  1.6019e-01 -9.4123e+00 -7.3260e+00  3.3143e+00  1.2379e+01  1.0000e+00
 2.3447e-01  1.0791e+00  8.8493e-01 -4.3026e-01 -3.8617e+00  1.5636e+01  1.6112e+01  1.0000e+00
-3.1270e-01  1.6942e+00 -8.3276e-01 -4.7697e+00  9.3904e+00 -3.0523e+00  1.0966e+01  1.0000e+00
 9.4468e+00 -2.3290e+01 -1.1230e+01  1.4037e+01 -3.4306e+01 -1.6588e+01  4.0609e+01  1.0000e+00
-2.1199e+01 -3.7751e+00  1.9096e+01 -3.1544e+01 -5.2771e+00  2.8388e+01  4.2763e+01  1.0000e+00
-3.8621e-01  1.2512e+00  2.3726e-01  1.2562e+01 -1.3156e+01 -9.7281e+00  2.0628e+01  1.0000e+00
-2.5710e+00 -9.4145e-01 -3.6758e+00 -1.2494e+00  1.7252e+00  2.8945e-01  2.1497e+00  1.0000e+00
-6.8383e-01  1.6815e+00  1.6743e-01 -1.0646e+01  1.5028e+01  3.0115e+00  1.8661e+01  1.0000e+00
 5.2888e-01  7.7064e-01  7.4560e-01 -8.4223e+00 -7.3872e-01 -4.5590e+00  9.6054e+00  1.0000e+00
-1.8857e+00 -1.8845e+01 -1.3303e+01 -2.0192e+00 -2.7876e+01 -1.9904e+01  3.4312e+01  1.0000e+00
-3.0166e+00  5.2086e+00 -3.7984e+00 -2.4669e+00  4.3120e+00 -1.5420e+00  5.2016e+00  1.0000e+00
-2.5769e-01  9.2477e-01  1.0432e+00  7.3407e+00  3.1712e+00  1.2885e+01  1.5165e+01  1.0000e+00
-4.6801e-01  9.0768e-01 -2.0646e-01  1.1324e-01  6.6895e+00 -2.0504e+00  6.9976e+00  1.0000e+00
-1.5305e+00  6.6452e-01  7.6404e-01  1.5764e+00  3.4819e+00  5.3051e-01  3.8588e+00  1.0000e+00
-3.9417e+00  1.7331e+01 -7.2460e+00 -5.7951e+00  2.4189e+01 -9.6711e+00  2.6687e+01  1.0000e+00
-5.7592e-02  7.3970e-01 -9.1731e-02 -8.9047e+00  9.8110e+00  1.7353e+01  2.1833e+01  1.0000e+00
 6.5762e-01  3.2919e+00  2.1244e+01  1.8388e+00  5.1110e+00  2.8337e+01  2.8853e+01  1.0000e+00
 2.6961e-01  4.3609e+00 -2.4929e+00  5.2336e-01  5.8080e+00 -4.6472e+00  7.4568e+00  1.0000e+00
-1.2583e-01  1.1279e+00  3.9147e-01  9.5887e+00  9.7710e+00  1.9538e+01  2.3857e+01  1.0000e+00
-7.0690e-01  1.4179e+00  1.4389e-01 -8.6591e+00  7.3529e+00 -7.9506e+00  1.3866e+01  1.0000e+00
-2.2126e-01  1.2228e+00 -5.2002e-03 -4.4562e+00 -7.8559e+00 -1.3408e+00  9.1308e+00  1.0000e+00
 6.4971e+00  1.3324e+01  7.1199e+00  9.2035e+00  1.8654e+01  9.6651e+00  2.2937e+01  1.0000e+00
-5.2840e-02  1.0205e+00  4.1582e-01  2.0813e+00 -1.0353e+01  1.4188e+01  1.7686e+01  1.0000e+00
 1.2036e+00 -3.6458e-01  1.1037e+00 -4.0903e-01  3.7449e+00 -6.4909e-01  3.8227e+00  1.0000e+00
-1.5695e-01  1.0520e+00  1.0586e-01 -1.0898e+01  4.4656e+00 -4.3073e+00  1.2540e+01  1.0000e+00
 1.6152e-01  6.4498e-01  3.9510e-01 -6.2493e-01  1.2595e+01  4.2871e+00  1.3320e+01  1.0000e+00
 1.7896e-01  1.5542e+00  6.2585e-01 -3.8635e+00  7.2377e+00  5.5376e+00  9.8983e+00  1.0000e+00
-1.5714e-01  8.9181e-01  3.4165e-01 -1.1143e+01  1.4649e+01  8.7812e+00  2.0393e+01  1.0000e+00
 1.0312e+01 -7.5259e+00 -1.2479e+00  1.3548e+01 -9.6394e+00 -1.3456e+00  1.6682e+01  1.0000e+00
-2.1682e-01  6.2992e-01  4.1062e-02 -7.1153e+00  4.1553e+00 -1.1970e+00  8.3262e+00  1.0000e+00
 1.8751e+01 -3.5366e+01  2.2609e+01  2.5230e+01 -5.0346e+01  3.2433e+01  6.4986e+01  1.0000e+00
-2.9295e-01  2.9012e+00 -2.9147e-02 -6.3596e-01  5.9964e+00 -1.1584e+01  1.3059e+01  1.0000e+00
 1.9381e+00 -9.8707e+00 -2.8218e+01  2.7481e+00 -1.4584e+01 -4.1891e+01  4.4442e+01  1.0000e+00
-7.6394e+00 -1.1085e+01 -1.9065e+01 -1.1697e+01 -1.6181e+01 -2.7943e+01  3.4343e+01  1.0000e+00
-1.3473e+00 -2.0268e+01  2.1916e+00 -1.7442e+00 -2.9458e+01  3.1683e+00  2.9679e+01  1.0000e+00
-2.8241e+01 -1.4256e+01 -7.3784e+00 -4.2416e+01 -2.1104e+01 -1.0992e+01  4.8634e+01  1.0000e+00
 2.1512e-01  1.3326e+00  7.4357e-01 -9.3697e+00  5.9065e+00  5.9995e+00  1.2597e+01  1.0000e+00
-2.2608e+01 -5.5641e+00 -4.2550e+00 -3.3358e+01 -8.1464e+00 -6.2620e+00  3.4905e+01  1.0000e+00
 1.0703e-01  7.4389e-01  1.5066e+00  1.3471e+00 -1.2061e+00  7.0146e+00  7.2439e+00  1.0000e+00
 7.4142e-02  1.3882e+00  2.9286e-01  7.4756e+00  6.8439e+00 -6.3738e+00  1.1973e+01  1.0000e+00
-3.5570e+00  1.3425e-01 -1.1187e+01 -4.9390e+00  7.8164e-01 -1.6459e+01  1.7202e+01  1.0000e+00
 2.0703e-01  5.7065e-01  1.2722e+00  6.3542e+00  7.6002e+00 -1.0529e+01  1.4457e+01  1.0000e+00
-9.8981e-02  1.1549e+00  3.2738e-01  1.2115e+01  6.2732e+00 -1.8535e+00  1.3768e+01  1.0000e+00
