# limit = 24.58
#
# x           y           z           vx          vy          vz          s           m
-7.8739e-02  2.0639e+00  1.3839e-01  8.6298e+00  1.1196e+01 -1.4950e+01  2.0574e+01  1.0000e+00
-5.2204e-01  8.4880e-01  9.2084e-02  2.8081e-01  2.9929e+00  1.2504e+01  1.2861e+01  1.0000e+00
 2.4378e+01  1.1290e+00  4.7730e+00  3.4003e+01  2.0789e+00  6.6512e+00  3.4710e+01  1.0000e+00
-4.6512e-01  1.4628e+00  5.0206e-01  5.3986e-01  3.9023e+00 -4.2360e+00  5.7848e+00  1.0000e+00
-2.0682e+01  7.7930e+00  1.2391e+01 -2.9261e+01  1.0842e+01  1.7264e+01  3.5662e+01  1.0000e+00
 9.0197e+00 -2.7896e+00  2.5614e+01  1.2998e+01 -3.5532e+00  3.6191e+01  3.8618e+01  1.0000e+00
 1.3112e+00 -2.0829e+01 -1.4388e+01  1.3870e+00 -2.9247e+01 -1.9976e+01  3.5445e+01  1.0000e+00
-6.9636e-01  1.4405e+00  1.3678e-01  1.4307e+01 -6.2805e+00 -5.5041e-01  1.5635e+01  1.0000e+00
-3.2679e+01  2.3843e+01  7.3914e+01 -4.5547e+01  3.3390e+01  1.0464e+02  1.1890e+02  1.0000e+00
 5.2695e+01 -2.8239e+01  1.3762e+00  1.1448e+02 -6.2004e+01  3.0410e+00  1.3022e+02  1.0000e+00
 2.9209e+00  4.3045e+00  2.6192e+00 -4.6415e-01  1.9944e+00  3.6243e-01  2.0795e+00  1.0000e+00
-9.8556e-02  1.1918e+00  2.5703e-01  7.5433e+00 -2.1573e+01  3.3032e+00  2.3091e+01  1.0000e+00
-8.6368e-01  3.6871e+00  7.6894e-01  2.3548e+00 -5.2322e-01  3.3831e+00  4.1550e+00  1.0000e+00
 5.8862e+00  1.7188e+00 -7.5964e-01  4.5324e+00  2.7380e+00  5.2375e-01  5.3210e+00  1.0000e+00
 1.8744e+00 -1.3665e+00  5.0231e-01  8.0634e-01 -1.4019e-01 -1.1983e+00  1.4512e+00  1.0000e+00
-8.2228e+00 -1.5660e+00 -6.1539e+00 -8.6381e+00 -4.1008e-01 -7.5074e+00  1.1452e+01  1.0000e+00
 1.4924e+01 -1.5610e+01 -1.7892e+01  2.1004e+01 -2.2053e+01 -2.5464e+01  3.9698e+01  1.0000e+00
-1.1201e-02  8.4753e-02  2.2224e-01 -5.3692e-01 -1.5899e+00  1.1866e+00  2.0553e+00  1.0000e+00
-3.7042e-01  9.6537e-01  3.1918e-01  2.9886e+00 -2.2099e+00  8.5176e+00  9.2933e+00  1.0000e+00
 5.1836e+01  4.2089e+01 -1.8218e+01  7.3441e+01  5.8889e+01 -2.5204e+01  9.7451e+01  1.0000e+00
 1.9207e-01  1.3705e+00  2.5126e-01 -1.3241e+01 -1.6670e+00 -7.8003e+00  1.5458e+01  1.0000e+00
-5.0065e-01  2.0783e+00  1.8212e-01  3.8205e+00  1.2885e+01  1.7965e+00  1.3559e+01  1.0000e+00
-4.2456e+00 -5.2112e+00  8.2129e+00 -8.1582e+00 -1.1634e+01  1.5868e+01  2.1300e+01  1.0000e+00
-1.1183e+01  2.1193e+01 -2.1392e+01 -1.5918e+01  3.0482e+01 -3.0458e+01  4.5938e+01  1.0000e+00
-7.8453e-01  2.3954e+01 -1.0599e+01 -1.2354e+00  3.3743e+01 -1.4830e+01  3.6879e+01  1.0000e+00
-5.8264e+00  3.3935e+00 -8.8460e+00 -7.9347e+00  5.3666e+00 -1.0005e+01  1.3851e+01  1.0000e+00
 7.5759e+00 -1.8738e+01  3.5667e+00  1.0032e+01 -2.6240e+01  4.7611e+00  2.8493e+01  1.0000e+00
 5.0520e+01 -1.3217e+01 -4.8738e+01  7.5256e+01 -1.9839e+01 -7.2627e+01  1.0645e+02  1.0000e+00
 1.4600e+00 -2.9226e+01 -3.8551e+01  2.1742e+00 -4.2152e+01 -5.5584e+01  6.9794e+01  1.0000e+00
-4.3322e-01  9.4208e-01  5.3908e-01 -9.8589e+00 -6.3153e+00  1.1877e+01  1.6677e+01  1.0000e+00
 9.4569e-02  7.5199e-01  5.2492e-01  8.1245e+00 -6.0560e+00 -1.1806e+01  1.5558e+01  1.0000e+00
-2.7225e-01  9.7244e-01  2.6267e-01 -2.8428e+00 -5.0072e+00  1.2823e+01  1.4057e+01  1.0000e+00
-4.7164e-01  1.4983e+00  4.9530e-01 -1.5751e+01  6.6878e+00 -4.0706e+00  1.7589e+01  1.0000e+00
-3.2959e-01  9.2437e-01  9.7180e-02 -1.1966e+01  2.8576e+00 -8.3876e+00  1.4890e+01  1.0000e+00
 2.4249e-02  9.9899e-01  3.4464e-03 -5.4227e-01 -6.6285e+00  1.4777e+01  1.6205e+01  1.0000e+00
 8.6037e-02  7.7158e-01 -2.3310e-02 -1.1947e+01 -4.5923e+00  4.9255e+00  1.3714e+01  1.0000e+00
 4.0634e-01  2.1718e+00 -6.4884e-01  9.5575e-01 -7.9387e+00  7.4174e+00  1.0907e+01  1.0000e+00
-2.0098e+01  3.8499e+01 -4.8387e+01 -2.8528e+01  5.4672e+01 -6.7946e+01  9.1758e+01  1.0000e+00
 3.3573e-01  1.3496e+00  1.1252e+00 -2.9484e+00 -3.9683e+00  1.0673e+01  1.1762e+01  1.0000e+00
 1.4416e+01 -3.1903e+00  1.2137e+01  1.9455e+01 -4.0873e+00  1.6487e+01  2.5826e+01  1.0000e+00
 7.6409e+00  7.1370e+00  1.0661e+00  8.1307e+00  8.0479e+00  2.0599e+00  1.1624e+01  1.0000e+00
 3.0736e+00  1.0487e+00 -8.4939e-01 -1.5922e+00  1.1134e+00 -1.2842e+00  2.3289e+00  1.0000e+00
 6.7171e-02  1.4794e+00  3.7751e-01 -1.2889e+01 -1.2600e+00  1.2365e+01  1.7905e+01  1.0000e+00
 2.9518e+00 -8.5705e+00  2.7891e+01  4.3079e+00 -1.1992e+01  3.9572e+01  4.1573e+01  1.0000e+00
 2.7042e+01  1.3054e+01  2.1513e+00  3.8747e+01  1.8551e+01  3.1384e+00  4.3073e+01  1.0000e+00
 1.9088e+00 -1.7229e+01  2.8658e+00  3.2413e+00 -2.3579e+01  4.1727e+00  2.4164e+01  1.0000e+00
-3.4764e-01  1.5248e+00  2.7669e-02 -1.1318e+01  9.6599e+00 -1.9391e+00  1.5006e+01  1.0000e+00
 2.5314e+00 -7.3245e-01  3.3753e-01 -2.3316e+00  6.8924e+00  2.6821e+00  7.7547e+00  1.0000e+00
 1.1666e+01 -4.5229e+00  5.3165e+00  1.4353e+01 -5.5152e+00  7.0411e+00  1.6911e+01  1.0000e+00
 4.6827e-01  7.1702e-01  6.6928e-02 -3.1396e+00  6.2831e-01  1.4421e+00  3.5116e+00  1.0000e+00
-1.2295e+00  1.4065e+00  7.2178e-01  4.3153e+00 -1.3208e+00 -1.3288e+00  4.7045e+00  1.0000e+00
 4.2146e-02  1.1899e+00  6.1776e-01  5.1307e+00 -3.7719e+00 -4.5746e+00  7.8408e+00  1.0000e+00
-3.3971e+00 -5.3349e+00  5.4341e+00 -3.1535e+00 -4.7499e+00  5.3528e+00  7.8204e+00  1.0000e+00
-1.2933e-01  1.6154e+00  8.0664e-01 -1.8489e+00 -6.4052e+00 -4.6198e-01  6.6827e+00  1.0000e+00
 2.0327e-01  4.6522e+00  4.5615e+00  2.2174e+00  1.3596e+01  1.4697e+01  2.0144e+01  1.0000e+00
-3.1142e-02  8.9564e-01  5.2247e-01  1.3159e+00  1.6181e+01 -5.5022e+00  1.7141e+01  1.0000e+00
-1.2347e-01  1.0245e+00  5.4807e-01  6.8056e+00  8.5816e+00  8.0739e-01  1.0982e+01  1.0000e+00
-7.2151e-01  1.6208e+00  1.0947e-01 -6.7943e-01  8.0933e+00 -2.8571e+00  8.6097e+00  1.0000e+00
-5.4274e-02  1.1899e+00  7.9464e-01 -7.6163e+00 -8.5075e+00 -4.3403e+00  1.2216e+01  1.0000e+00
 6.6668e+00 -3.6970e+00  1.9898e+01  8.9963e+00 -5.4015e+00  2.7684e+01  2.9606e+01  1.0000e+00
 1.9902e-01  8.9479e-01 -1.3122e-01  6.6486e+00  1.6933e+00 -2.6219e+00  7.3447e+00  1.0000e+00
-3.9573e+00 -6.7647e+00  3.1307e+00 -7.2154e+00 -1.4477e+01  5.7921e+00  1.7181e+01  1.0000e+00
 1.2405e+01  1.2293e+00 -5.9739e+00  1.8048e+01  1.9713e+00 -8.5961e+00  2.0087e+01  1.0000e+00
-2.9424e-01  1.4322e+00 -1.3183e-02  5.7032e+00 -8.9675e+00  8.1346e+00  1.3383e+01  1.0000e+00
-3.4540e-01  3.3621e+00  4.1514e-01  2.7702e+00  9.8846e+00  1.4766e+00  1.0371e+01  1.0000e+00
-4.4478e-01  1.6942e+00 -2.4011e-01 -7.0780e+00 -1.9588e-01  1.2053e+01  1.3979e+01  1.0000e+00
 1.0437e-01  8.9251e-01  4.9504e-01 -7.2578e-01  2.7111e-01  1.3462e+01  1.3485e+01  1.0000e+00
 1.1853e-01  7.4379e-01  6.8095e-01 -5.0984e+00 -8.2979e+00  1.4895e+01  1.7796e+01  1.0000e+00
 9.4433e-02  9.7548e-01  8.6735e-02 -5.0244e-01 -8.2360e+00 -9.7191e+00  1.2749e+01  1.0000e+00
-4.2251e-01  9.7960e-01  2.7889e-01 -1.1646e+01  1.6266e+01 -8.6080e+00  2.1779e+01  1.0000e+00
 2.3991e+01  2.6311e+00  4.3592e+00  3.3860e+01  3.3610e+00  6.0631e+00  3.4563e+01  1.0000e+00
 3.7551e-02  1.1183e+00  8.2778e-02  7.9713e+00  7.8555e+00 -8.2481e+00  1.3903e+01  1.0000e+00
-4.1924e-01  1.4311e+00  1.3100e-01 -3.1727e+00 -1.5828e+01  1.2206e+01  2.0238e+01  1.0000e+00
 1.4582e-01  1.2744e+00  1.0182e+00 -8.2864e+00 -5.1367e+00 -1.1939e+01  1.5414e+01  1.0000e+00
-1.5340e-01  1.3220e+00  3.2831e-01  3.7319e+00  1.8221e+01  4.2366e-02  1.8599e+01  1.0000e+00
 4.2477e-01  7.6034e-01  5.4078e-01 -3.1214e-01  8.4168e+00 -8.5072e+00  1.1971e+01  1.0000e+00
-4.3610e-01  1.2013e+00  4.8961e-01  4.3860e+00  5.8625e-01 -2.0064e+00  4.8586e+00  1.0000e+00
 1.8508e-01  9.9805e-01 -2.0989e-01 -5.2305e+00 -3.6099e+00  1.4617e+01  1.5939e+01  1.0000e+00
 2.8925e+01 -1.3816e+01 -3.3280e+00  4.1454e+01 -1.9474e+01 -4.6791e+00  4.6039e+01  1.0000e+00
-1.6866e+01 -1.0251e+01 -6.4726e+00 -2.3477e+01 -1.3836e+01 -8.7453e+00  2.8620e+01  1.0000e+00
 1.0280e-01  8.6219e-01  2.5254e-01  5.4160e-01 -2.1661e+01  2.8621e-01  2.1670e+01  1.0000e+00
 1.8352e+01  4.2701e+00  1.1887e+01  3.2135e+01  6.9341e+00  2.0594e+01  3.8793e+01  1.0000e+00
-7.7908e-01  1.4118e+00 -1.2094e-01  1.4636e+01 -8.0074e+00  4.5090e+00  1.7282e+01  1.0000e+00
 5.5752e+00  5.0328e+00  7.2143e+00  5.6135e+00  6.0669e+00  7.7038e+00  1.1299e+01  1.0000e+00
-6.1564e-01  1.0651e+00  3.1195e-01  5.9417e+00  2.3469e-01  3.1799e+00  6.7432e+00  1.0000e+00
-1.4785e-01  2.2773e+00  2.4364e-01  3.1389e+00 -4.3936e+00  3.0962e+00  6.2244e+00  1.0000e+00
-4.2135e-01  1.1212e+00  2.4916e-01  2.8683e+01 -3.7552e+00 -1.0753e+01  3.0862e+01  1.0000e+00
 4.8293e-01  3.9362e-01  6.7526e-01 -1.0944e+01  1.3085e+01 -1.0887e+01  2.0237e+01  1.0000e+00
 1.1589e+02  2.9289e+01 -1.1248e+02  2.2218e+02  5.5313e+01 -2.1506e+02  3.1413e+02  1.0000e+00
 4.3359e-01  1.6046e+00  3.0002e-02 -4.7947e+00  6.8377e+00 -6.1057e-01  8.3735e+00  1.0000e+00
 8.6103e-01  1.8134e-01  5.4998e-01 -1.1484e+01  9.0152e+00 -6.4574e+00  1.5964e+01  1.0000e+00
 1.5321e-01  8.9336e-01 -1.3877e-01  4.9758e+00  1.8551e+01 -1.1461e+01  2.2366e+01  1.0000e+00
-1.1495e+00  1.1454e+00  3.5794e-01  1.4921e+01 -2.1279e+00 -6.6433e+00  1.6471e+01  1.0000e+00
-5.1729e-01  7.4381e-01 -4.6411e-02  7.2274e+00 -9.1204e+00  2.5292e+00  1.1909e+01  1.0000e+00
 4.7989e+00 -1.6836e+00 -4.4170e-01  5.4780e+00 -1.5495e+00 -1.2695e-01  5.6943e+00  1.0000e+00
-2.4955e-01  7.5168e-01  3.6421e-01 -3.2791e+00  2.6416e+00 -5.6374e+00  7.0364e+00  1.0000e+00
 6.5956e+00  1.3894e+01  2.4118e+01  1.7315e+01  3.4015e+01  6.1254e+01  7.2172e+01  1.0000e+00
-9.3247e+00 -1.3621e+01 -1.5317e+01 -1.2981e+01 -1.8800e+01 -2.1222e+01  3.1182e+01  1.0000e+00
 2.0510e+00 -4.2277e+00 -1.8185e+01  2.6895e+00 -5.4226e+00 -2.3255e+01  2.4030e+01  1.0000e+00
 1.7206e+00  4.3711e+00 -1.8731e+00  2.2686e+00  1.1878e-01  1.8637e+00  2.9384e+00  1.0000e+00
-3.2920e-01  1.2910e+00  3.8046e-01  1.7722e+00 -6.8056e+00 -7.2238e-01  7.0695e+00  1.0000e+00
-2.2427e-01  1.2759e+00  4.6133e-01  5.0872e+00 -3.5782e+00  9.7041e+00  1.1526e+01  1.0000e+00
-2.9808e+00  1.2456e+00 -7.9263e-01 -9.2449e+00  7.7276e-01 -3.8203e+00  1.0033e+01  1.0000e+00
-7.3767e-01  6.6900e-01  6.5532e-01  3.2860e-01  9.9413e+00  9.0338e-01  9.9877e+00  1.0000e+00
 2.3686e+01  9.1415e+00 -6.1117e-01  3.3280e+01  1.3197e+01 -8.8633e-01  3.5812e+01  1.0000e+00
-5.1166e-01  1.1203e+00  4.7516e-01  1.1983e+01 -3.3910e+00  2.4820e+00  1.2699e+01  1.0000e+00
 1.7596e+01  1.0265e+00  1.9738e+01  2.4742e+01  1.5583e+00  2.7736e+01  3.7201e+01  1.0000e+00
 5.9013e-01  6.2566e-01  7.6734e-01 -1.0678e+01  5.4523e+00 -2.8471e+00  1.2323e+01  1.0000e+00
-7.6199e-01  1.0790e+00  5.7684e-01 -3.3755e+00  1.7873e+01 -4.5076e-02  1.8189e+01  1.0000e+00
-2.8834e+01  6.1386e+00  6.5907e+00 -4.1102e+01  8.9916e+00  9.4662e+00  4.3126e+01  1.0000e+00
-1.2368e-01  1.6394e+00 -7.2776e-02 -7.7454e+00  1.5521e+01 -4.4415e+00  1.7906e+01  1.0000e+00
 5.9546e+00 -9.8886e+00  1.7799e+01  8.4351e+00 -1.4164e+01  2.3979e+01  2.9099e+01  1.0000e+00
 6.5464e+00 -6.8357e+00  1.4241e+01  8.5800e+00 -9.1827e+00  1.9182e+01  2.2932e+01  1.0000e+00
 1.1741e+01 -1.4009e+01 -5.4641e+00  1.5902e+01 -1.8976e+01 -6.9253e+00  2.5709e+01  1.0000e+00
 2.4936e+00 -6.7577e-01  9.2317e-01 -5.3326e+00  4.9609e+00 -4.7257e-01  7.2986e+00  1.0000e+00
 1.5912e-01  8.3347e-01 -1.5459e-01 -3.9563e+00  7.2013e+00  1.5217e+01  1.7293e+01  1.0000e+00
 1.3698e-01  2.7798e+00 -4.7288e-01 -1.1056e+00 -3.3006e+00 -3.0776e+00  4.6463e+00  1.0000e+00
-2.2865e+00  5.2155e-01 -1.9692e+00 -1.0055e+01 -2.6733e+00 -6.9665e+00  1.2521e+01  1.0000e+00
-3.5651e-01  8.5202e-01  4.3215e-01  1.6351e+00 -4.2692e+00  4.1695e+00  6.1874e+00  1.0000e+00
 4.0546e-01  8.5411e-01  2.5714e-01 -1.1562e+01  4.8814e+00  7.0895e+00  1.4414e+01  1.0000e+00
-2.8828e-01  1.1761e+00  2.2436e-01 -2.8471e+00  1.9769e+01 -8.5701e+00  2.1734e+01  1.0000e+00
-8.3727e-01  1.3126e+00  1.7823e-01 -8.8653e+00 -3.5573e+00 -6.3412e-01  9.5734e+00  1.0000e+00
-3.8134e+01  1.5823e+01  1.4512e+01 -5.4936e+01  2.2879e+01  2.1184e+01  6.3168e+01  1.0000e+00
-1.3374e-01  1.1190e+00  1.4164e-01  5.4722e-01  1.1390e+00  2.2015e+01  2.2051e+01  1.0000e+00
-4.7359e-01  1.3600e+00 -8.6752e-02 -1.1294e+01  1.0303e+01 -7.5933e+00  1.7070e+01  1.0000e+00
 5.7652e-02  5.3395e-01  3.9819e-01  1.8170e+00 -1.2414e+01 -5.4369e+00  1.3674e+01  1.0000e+00
 1.3875e+01 -1.1816e+01 -4.6913e+00  1.9093e+01 -1.6068e+01 -6.0826e+00  2.5685e+01  1.0000e+00
-3.8942e-01  6.9432e-01  3.9586e-01 -8.1653e+00 -1.4757e+00  5.4066e+00  9.9036e+00  1.0000e+00
 9.3548e+00 -8.0928e+00  2.0704e+01  1.2883e+01 -1.1061e+01  2.9188e+01  3.3768e+01  1.0000e+00
 1.7564e+01  2.7696e+00  1.9114e+01  4.3768e+01  5.3234e+00  4.6198e+01  6.3861e+01  1.0000e+00
-3.5339e+00 -3.7583e+00 -1.6994e+01 -5.1079e+00 -4.8908e+00 -2.3222e+01  2.4275e+01  1.0000e+00
-6.9909e-01  2.2725e+00  1.6415e-01 -3.3666e+00  9.8135e+00 -2.7164e-01  1.0378e+01  1.0000e+00
 3.2098e-01  1.1517e+00  1.8854e-02 -1.7657e+00  2.1026e-01  6.0139e+00  6.2713e+00  1.0000e+00
 2.2997e-01  1.0538e+00  1.4502e-01  1.4275e+01 -1.9271e+00  1.0453e+01  1.7797e+01  1.0000e+00
 7.8050e-01  1.6237e+00 -3.4910e-01 -1.1439e+01 -3.5447e-01  7.2621e+00  1.3554e+01  1.0000e+00
-5.2964e-01  1.6068e+00  9.9991e-02  6.3718e+00 -1.0096e+01 -1.7380e+01  2.1086e+01  1.0000e+00
-7.9804e-02  2.1285e+00  4.8567e-01  4.5215e+00  5.3335e+00 -2.1053e+00  7.3022e+00  1.0000e+00
-1.5172e-01  1.2430e+00  2.8907e-01 -2.0878e-05  1.2062e+01 -1.1973e+00  1.2122e+01  1.0000e+00
 1.2386e+00  1.5645e-01  1.1138e+00 -1.0540e+01  8.3984e+00 -3.5156e+00  1.3928e+01  1.0000e+00
-2.8816e+00 -8.1090e+00  1.8520e+01 -3.9391e+00 -1.1460e+01  2.5648e+01  2.8366e+01  1.0000e+00
-4.2432e-01  1.1082e+00 -3.2038e-01  2.3817e+00  1.1822e+01  3.8223e+00  1.2650e+01  1.0000e+00
-2.0876e-01  7.1226e-01 -7.9861e-02  4.2451e+00  3.0899e+00  9.4620e+00  1.0821e+01  1.0000e+00
-2.5607e+01  5.3526e+00 -7.1390e+00 -3.5416e+01  8.4975e+00 -9.3758e+00  3.7609e+01  1.0000e+00
-1.5719e-01  1.1001e+00  3.4167e-01  1.1294e+01  1.3231e+01  4.7554e+00  1.8034e+01  1.0000e+00
-7.6396e-01  1.6623e+00  1.1117e+00 -6.2748e+00  4.0238e+00  8.4321e+00  1.1255e+01  1.0000e+00
-1.5253e-01  1.0797e+00  2.3990e-01 -6.3945e+00  7.3621e+00 -6.6703e+00  1.1815e+01  1.0000e+00
-1.0155e+01 -3.2987e+01 -3.7711e+01 -1.4927e+01 -4.4699e+01 -5.2199e+01  7.0325e+01  1.0000e+00
 2.4897e+01 -2.1960e+01  6.1925e+00  3.5443e+01 -3.1165e+01  8.7347e+00  4.7998e+01  1.0000e+00
-3.7484e-01  1.3936e+00  1.2811e-01  1.7587e+01 -7.7626e+00  5.7734e+00  2.0072e+01  1.0000e+00
-3.4381e+00  2.4853e+00  1.6735e+00 -8.5202e+00  4.8083e+00  1.8860e+00  9.9635e+00  1.0000e+00
-2.0320e-02 -1.3206e-01  3.3058e-01 -1.4093e+00 -3.0329e+01  3.5365e+00  3.0567e+01  1.0000e+00
-1.9295e+00  1.2978e+00  7.2781e-01 -9.6137e-01  6.1524e-01  4.4834e-01  1.2263e+00  1.0000e+00
-4.1783e-01  1.5098e+00 -2.5152e-01  7.5002e-01  3.4611e+00  9.4263e+00  1.0070e+01  1.0000e+00
 1.2711e-01  1.0608e+00  3.3230e-01  3.7047e+00 -1.3063e+01 -4.3397e+00  1.4255e+01  1.0000e+00
-1.3589e+01  2.1255e+01 -1.1310e+01 -1.9180e+01  3.0346e+01 -1.5849e+01  3.9242e+01  1.0000e+00
-2.5200e+00  1.4953e+00  3.2306e+00 -1.9271e+00  2.3386e+00  8.1826e+00  8.7256e+00  1.0000e+00
-6.0000e-01  1.0453e+00  2.3600e+00  3.0816e+00  8.6992e-01  5.7585e+00  6.5888e+00  1.0000e+00
-4.4820e-01  9.9670e-01  4.5624e-01 -6.8944e+00  2.1573e+00 -4.3098e+00  8.4119e+00  1.0000e+00
-7.4372e-03  1.1727e+00  2.6585e-01 -1.5967e+01  8.0439e+00 -1.0492e+01  2.0730e+01  1.0000e+00
 4.2176e-01  9.6801e-01  7.4865e-01  8.0023e+00  3.6137e+00  2.2124e+00  9.0549e+00  1.0000e+00
-4.5227e-01  1.4318e+00  2.7586e-01 -4.1196e+00  1.4032e-01  4.5150e+00  6.1136e+00  1.0000e+00
-1.9105e-01  1.1686e+00  2.3652e-01 -4.7380e+00  1.5449e+01 -3.4089e+00  1.6514e+01  1.0000e+00
 3.2854e-01  7.1515e-01  5.2794e-01 -1.5540e+01  4.0541e+00  6.2121e+00  1.7220e+01  1.0000e+00
 2.8436e-01  6.7766e-01  5.9848e-01 -2.9815e+00  2.2940e+00  6.0214e+00  7.0999e+00  1.0000e+00
-5.6764e-01  1.0703e+00  1.5907e-01  1.3158e+01 -1.4414e+01  3.7843e-01  1.9521e+01  1.0000e+00
 6.1856e+00 -1.0024e+01  1.7701e+01  7.9327e+00 -1.2604e+01  2.5129e+01  2.9211e+01  1.0000e+00
-3.4000e-01  1.3795e+00  2.6734e-01 -1.4479e+01  2.3336e+01 -1.4560e+01  3.1083e+01  1.0000e+00
 4.8520e+01 -3.3199e+01 -6.7617e+01  6.9252e+01 -4.7253e+01 -9.5417e+01  1.2702e+02  1.0000e+00
 2.9334e-01  5.1040e+00 -9.5862e-01  1.8978e+00  1.7896e+01 -7.2243e+00  1.9392e+01  1.0000e+00
-1.2577e+00  3.0119e+00  1.3744e+00  3.2661e+00 -3.2917e+00 -6.3412e+00  7.8558e+00  1.0000e+00
 1.2397e+01 -3.4665e+00 -2.6292e+00  1.6548e+01 -3.7210e+00 -2.7845e+00  1.7188e+01  1.0000e+00
 1.1715e-02  1.0231e+00  4.7048e-01  2.8210e+00  3.5838e+00  1.7674e+01  1.8253e+01  1.0000e+00
 3.9367e-01  2.2548e-01  6.0330e-01 -6.3789e-01  1.6246e+01 -8.8849e+00  1.8528e+01  1.0000e+00
 9.5750e-02  1.0883e+00  3.9142e-01  6.0275e+00  1.1681e+01  7.5187e+00  1.5143e+01  1.0000e+00
 1.3431e-01  8.5314e-01  5.7736e-01 -9.9539e+00  1.0218e+01 -1.0895e-01  1.4265e+01  1.0000e+00
-2.6010e-02  1.0938e+00  1.8033e-01 -1.5324e+01  8.9983e+00 -8.5827e+00  1.9735e+01  1.0000e+00
 4.9290e-02  1.4525e+00  6.2694e-01 -1.7190e+00 -1.9836e-01 -2.6422e+00  3.1584e+00  1.0000e+00
-9.5539e-01  1.1832e+00 -6.7156e-01  3.3087e+00  3.0487e+00  1.5653e+00  4.7636e+00  1.0000e+00
-1.2405e+00  6.0493e-01 -1.9024e-02  3.1777e+00  7.3356e+00  6.8314e+00  1.0516e+01  1.0000e+00
 1.1987e+00 -9.5576e+00  1.6919e+01  1.7237e+00 -1.3062e+01  2.3066e+01  2.6564e+01  1.0000e+00
-3.1889e+01  2.4614e+01 -2.0337e+01 -5.8186e+01  4.4371e+01 -3.7307e+01  8.2136e+01  1.0000e+00
-2.3688e+00  1.2905e+00  4.1719e-01  5.8337e-01  5.2883e-01  3.8090e+00  3.8895e+00  1.0000e+00
-6.8237e-01  2.3193e+00  5.3770e-01  6.4752e+00 -7.6947e+00 -1.6182e+00  1.0186e+01  1.0000e+00
 4.5468e-02  9.5417e-01  2.2215e-02 -1.0906e+01 -4.6430e+00  1.5621e+01  1.9609e+01  1.0000e+00
-1.5417e-01  1.1447e+00  2.1350e-01 -2.5245e+01 -4.0786e+00 -1.2545e+01  2.8484e+01  1.0000e+00
-3.1245e-01  9.8260e-01  3.9829e-01 -2.6558e+01  3.5050e+00 -3.4287e+00  2.7007e+01  1.0000e+00
 1.8901e-01  1.0230e+00  6.4747e-02 -2.5253e+00  1.3820e+01  1.7545e+01  2.2476e+01  1.0000e+00
-1.6239e+01  1.3694e+01 -4.5333e+00 -2.2278e+01  1.8838e+01 -6.1784e+00  2.9822e+01  1.0000e+00
 9.8471e+00 -7.7234e+00 -3.0140e+01  1.4101e+01 -1.1153e+01 -4.3192e+01  4.6784e+01  1.0000e+00
 5.7814e-02  2.5416e+00  5.9386e-02 -2.3984e+00  9.8306e+00 -1.6383e+00  1.0251e+01  1.0000e+00
-7.7150e-01 -1.9342e+01 -1.3839e+01 -6.6043e-01 -2.7111e+01 -1.9189e+01  3.3221e+01  1.0000e+00
-7.2803e+00  6.8656e+00 -2.8462e+01 -1.0552e+01  9.9813e+00 -4.0532e+01  4.3056e+01  1.0000e+00
 3.3975e+00 -1.6922e+01  1.7384e-01  4.5402e+00 -2.3134e+01  3.4365e-01  2.3578e+01  1.0000e+00
-2.3832e+00  1.0576e+00  6.7224e-01  3.4941e+00  4.4250e+00 -3.2288e-01  5.6474e+00  1.0000e+00
-3.2959e+00 -4.2782e+00 -1.8252e+01 -4.5891e+00 -6.0996e+00 -2.4418e+01  2.5583e+01  1.0000e+00
 1.9082e+00  4.4745e+00  4.0989e+00  2.3384e+00  4.6412e+00  4.2482e+00  6.7124e+00  1.0000e+00
-4.3642e-01  1.1248e+00  2.2038e-01  3.8517e+00  9.9178e+00  1.9101e+00  1.0810e+01  1.0000e+00
 1.1121e+01  6.7048e+00  1.5373e+01  1.8159e+01  9.9079e+00  2.4642e+01  3.2174e+01  1.0000e+00
-7.8135e-01  1.4153e+00 -6.3514e-01 -7.4089e+00  6.4793e+00 -6.5713e+00  1.1835e+01  1.0000e+00
 1.1313e+01 -1.4079e+01 -5.5123e+00  1.5727e+01 -1.8936e+01 -7.9389e+00  2.5864e+01  1.0000e+00
 2.0833e-01  6.6704e-01  6.5924e-01  2.5407e+00  6.5814e+00 -3.0532e+00  7.6871e+00  1.0000e+00
-3.4736e-01  1.3497e+00  1.5666e-01  1.3884e+01  1.3238e+01  6.1124e+00  2.0134e+01  1.0000e+00
-1.9732e+01 -8.8735e+00 -6.1777e+00 -2.7430e+01 -1.2264e+01 -8.4538e+00  3.1214e+01  1.0000e+00
 9.8623e+00  5.4242e+00  9.8510e+00  1.2514e+01  7.5524e+00  1.3437e+01  1.9854e+01  1.0000e+00
 4.2044e-01  1.0129e+00  6.0278e-01 -6.6247e+00 -6.5047e+00  4.5606e+00  1.0344e+01  1.0000e+00
 7.9634e+00 -2.5938e+01 -2.0506e+00  1.1464e+01 -3.6810e+01 -2.9246e+00  3.8664e+01  1.0000e+00
 2.3096e+01 -6.6311e+00  1.7975e+01  8.4685e+01 -2.7156e+01  6.4834e+01  1.1006e+02  1.0000e+00
-3.8221e+01 -3.6686e+00  5.6425e+01 -5.6974e+01 -5.5829e+00  8.4052e+01  1.0170e+02  1.0000e+00
 1.5216e+01 -2.6284e+01 -2.1353e+01  2.2020e+01 -3.7719e+01 -3.0729e+01  5.3403e+01  1.0000e+00
-2.6374e-01  1.1598e+00  1.8127e-01  2.8451e+00 -2.3199e+01  5.9964e+00  2.4129e+01  1.0000e+00
-1.7714e+00  5.4763e+00  1.3367e+00 -9.7284e-01  8.3337e+00  1.6297e+00  8.5471e+00  1.0000e+00
 7.4064e-03  1.6497e+00  2.9008e-01 -4.3335e+00 -5.5395e+00  1.4697e+01  1.6293e+01  1.0000e+00
-8.4073e+00 -1.6099e+00 -6.1126e+00 -1.1044e+01 -3.0613e+00 -5.6135e+00  1.2761e+01  1.0000e+00
-1.4738e+00  5.1812e-01  1.1785e+00  8.7006e-01  2.1361e+00  9.7604e-01  2.5045e+00  1.0000e+00
-1.7214e-01  1.0431e+00  7.4400e-01  1.3984e+00  1.6303e+01  1.2148e+01  2.0379e+01  1.0000e+00
-1.9151e-01 -1.9353e+01 -1.3759e+01 -6.5770e-01 -2.6692e+01 -1.9201e+01  3.2887e+01  1.0000e+00
-7.8931e-01 -6.8856e+00  9.5655e-03 -2.3724e+00 -3.7804e+01 -2.6332e+00  3.7969e+01  1.0000e+00
 1.8720e-01  7.0286e-01  7.0067e-01  1.2116e+01 -6.6388e+00  8.5845e+00  1.6265e+01  1.0000e+00
-1.1068e-01  9.2912e-01 -4.2295e-01 -3.0578e+00  5.4271e+00 -1.1219e+00  6.3295e+00  1.0000e+00
-6.8294e-01  1.3366e+00  3.8492e-01 -9.8542e+00  8.2378e+00 -2.1775e+00  1.3027e+01  1.0000e+00
-1.7791e-02  7.5562e-01  3.6808e-01  1.0781e+01  7.7399e-01  8.7919e+00  1.3933e+01  1.0000e+00
-3.7256e+01 -4.4679e+01  2.0887e+01 -5.1364e+01 -6.2584e+01  2.9541e+01  8.6184e+01  1.0000e+00
-1.8913e-01  9.0715e-01  6.3958e-01 -1.4523e+01 -7.3447e+00  1.0817e+01  1.9542e+01  1.0000e+00
-3.1620e+00  5.6819e+00 -2.2859e+00 -3.4914e+00  7.0837e+00 -1.9131e+00  8.1258e+00  1.0000e+00
-6.7566e-01  1.1048e+00  1.9912e-01  2.5115e+00  5.9507e+00  6.5266e+00  9.1823e+00  1.0000e+00
-2.8129e-01  7.3787e-01  4.9810e-01 -1.0449e+01  7.4441e+00 -1.2475e+00  1.2890e+01  1.0000e+00
-1.1729e+00  1.0485e+00  5.0406e-01 -5.7934e+00  4.2924e+00 -6.7397e+00  9.8698e+00  1.0000e+00
 5.7207e-01  1.4335e+00  2.4434e-01 -2.1038e+00 -7.2159e+00 -2.2551e+00  7.8473e+00  1.0000e+00
 3.1556e-01  1.3417e+00  1.6899e-01 -6.9924e+00  9.6961e+00  7.2792e+00  1.3996e+01  1.0000e+00
-1.2778e-01 -1.6978e+01  8.0946e+00 -1.8359e-01 -2.3336e+01  1.0926e+01  2.5768e+01  1.0000e+00
-2.2228e+01 -1.3284e+01 -8.0285e+00 -3.2316e+01 -1.9211e+01 -1.2348e+01  3.9571e+01  1.0000e+00
-3.9245e-01  2.6412e-01  2.8252e-01 -7.7274e+00  8.1902e+00  3.5017e+00  1.1792e+01  1.0000e+00
-1.6787e-01  1.0003e+00  1.7696e-01  1.5943e+01  8.8495e+00 -2.0842e+01  2.7693e+01  1.0000e+00
 2.8486e+01 -1.0200e+01 -1.6742e+00  4.0666e+01 -1.4498e+01 -2.2779e+00  4.3233e+01  1.0000e+00
-1.2116e+00  1.5302e+00 -1.1863e-01 -2.1564e+00  2.0334e+00  1.3283e+01  1.3610e+01  1.0000e+00
 2.7914e+02 -3.4544e+02  2.2625e+02  3.8386e+02 -4.7418e+02  3.0947e+02  6.8408e+02  1.0000e+00
-2.2256e-01  1.4421e+00 -2.9480e-02 -5.2330e+00 -1.0507e-01 -6.8808e+00  8.6452e+00  1.0000e+00
 6.3672e-03  9.4565e-01  8.7876e-01  5.3494e+00 -1.2353e+00 -9.7680e+00  1.1205e+01  1.0000e+00
-4.8432e-01  1.3300e+00  7.0470e-01 -2.1741e+00  5.5422e+00  1.2746e+01  1.4068e+01  1.0000e+00
 1.5601e+01  1.2589e+01  1.2141e+00  2.1304e+01  1.7053e+01  1.8695e+00  2.7353e+01  1.0000e+00
-1.2692e+01 -3.2714e+00  6.8850e+00 -1.8580e+01 -4.6390e+00  1.0806e+01  2.1989e+01  1.0000e+00
 3.8486e+00 -2.1243e+01  1.0567e+00  5.2489e+00 -2.9355e+01  1.2233e+00  2.9846e+01  1.0000e+00
-3.5866e-01  1.1085e+00  2.8881e-02  1.2589e+01  1.7671e+01  9.4045e+00  2.3647e+01  1.0000e+00
 1.0092e+00  9.7953e+00 -1.5178e+01  1.2486e+00  1.3176e+01 -2.0631e+01  2.4511e+01  1.0000e+00
-4.2713e+01  1.4382e+01  1.5609e+01 -6.8489e+01  2.3100e+01  2.4972e+01  7.6472e+01  1.0000e+00
-2.1665e-01  1.0650e+00  4.3088e-01  9.6106e+00  1.8970e+01 -7.9577e-02  2.1266e+01  1.0000e+00
 6.4370e-02  1.1276e+00  2.5714e-01  3.5427e+00  2.6373e+01  9.3599e+00  2.8208e+01  1.0000e+00
-2.1185e-01  1.3323e+00  3.9974e-01 -3.6816e+00  1.2929e+01  6.3068e-02  1.3443e+01  1.0000e+00
 5.1293e-01  6.0721e-01  2.4553e-01 -1.7570e+01  8.6517e+00  7.5953e+00  2.1005e+01  1.0000e+00
 2.1222e+00 -2.1930e+01  1.7428e+01  2.9608e+00 -3.1130e+01  2.4764e+01  3.9888e+01  1.0000e+00
 1.2793e+01 -2.3901e+01  9.5245e+00  2.3448e+01 -4.4023e+01  1.7168e+01  5.2750e+01  1.0000e+00
-1.2612e+00  1.2450e+01  2.0189e+00 -3.2256e+00  1.5223e+01  2.9690e+00  1.5842e+01  1.0000e+00
-5.3524e-01  8.0848e-01  1.3453e-01 -1.4252e+01 -5.1307e-01 -8.0478e+00  1.6375e+01  1.0000e+00
-9.1514e-01  2.3604e+00  6.7455e-02 -9.7829e+00  1.7839e+01 -1.2590e+00  2.0384e+01  1.0000e+00
-2.6039e-01  1.0974e+00  2.2869e-01 -4.6646e+00 -7.4000e+00  1.3458e+01  1.6051e+01  1.0000e+00
 1.1135e+01 -3.5135e+00  5.9523e+00  1.4448e+01 -3.7322e+00  7.2434e+00  1.6588e+01  1.0000e+00
 9.7207e-03  1.4073e+00  1.5094e+00  5.5334e+00  1.9512e-01 -1.8365e+00  5.8335e+00  1.0000e+00
-4.8866e-02  9.7971e-01  1.6990e-01 -2.5953e-01  1.4150e+01  2.3107e+01  2.7097e+01  1.0000e+00
 2.0701e-01  1.1327e+00  1.8848e-01 -2.2383e-01 -2.6038e+00 -3.9133e+00  4.7057e+00  1.0000e+00
-4.6468e+00 -3.9735e+00 -2.3579e+01 -6.3693e+00 -5.4100e+00 -3.3001e+01  3.4043e+01  1.0000e+00
-1.4596e+00 -4.2903e-01  4.3357e+00  2.2065e-01  1.6363e+00  9.2122e-01  1.8907e+00  1.0000e+00
 2.8891e+01 -6.2373e-01 -6.2173e+00  4.1200e+01 -7.3449e-01 -8.5678e+00  4.2088e+01  1.0000e+00
-2.1093e-01  3.6604e-02  4.6440e-01  4.7703e+00  1.0301e+01  2.8274e+00  1.1699e+01  1.0000e+00
 1.0073e+01 -1.6944e+00  2.6407e+01  1.4375e+01 -2.8354e+00  3.7707e+01  4.0453e+01  1.0000e+00
-9.5560e-01  1.4844e+00 -1.1097e+00  1.4945e+00  1.5649e+00  6.7780e+00  7.1150e+00  1.0000e+00
-7.8908e-01  8.6590e-01 -6.4800e-02  3.5645e+00  1.3748e+01 -1.4515e+01  2.0307e+01  1.0000e+00
-1.1310e+01  1.9280e+00  1.8460e+01 -1.5444e+01  2.6682e+00  2.5611e+01  3.0026e+01  1.0000e+00
-2.0632e+00  8.4956e+00 -3.9455e-01 -3.7232e+00  6.8491e+00 -8.0357e-01  7.8369e+00  1.0000e+00
 2.2989e-01  1.1162e+00  4.4784e-01  2.9180e+00  1.3660e+01  8.3781e+00  1.6288e+01  1.0000e+00
 8.9618e-01  4.5265e+01  2.9365e+01  2.8029e-01  6.3447e+01  4.0453e+01  7.5247e+01  1.0000e+00
-6.1643e+00  5.4748e+00 -1.9110e+00 -5.5781e+00  5.0823e+00 -5.4270e-01  7.5657e+00  1.0000e+00
-8.8661e-01  3.8567e-01  1.0054e+00  7.4353e-01 -4.9501e+00  6.8812e+00  8.5092e+00  1.0000e+00
-3.4977e-01  1.1388e+00  2.7012e-01  2.1764e+01  4.5509e+00 -4.5241e+00  2.2690e+01  1.0000e+00
-2.8786e-01  8.8646e-01  5.0034e-01  5.2602e+00  1.3887e+00  9.2485e+00  1.0730e+01  1.0000e+00
 8.8863e-02  7.8332e-01  5.9565e-01 -1.6016e+00  7.7065e+00  1.5634e+01  1.7503e+01  1.0000e+00
-1.6471e-01  1.3285e+00  4.0345e-01 -7.3184e-01 -7.8417e-02  2.1323e+00  2.2558e+00  1.0000e+00
-3.0948e+00  3.8119e-01  4.6127e+00  4.1120e-02  1.6021e+00  1.2599e+00  2.0385e+00  1.0000e+00
-6.0441e-01  1.6306e+00  2.0335e-03 -2.2962e+00  3.9573e+00 -3.2234e+00  5.5967e+00  1.0000e+00
-1.6179e+01  1.3544e+01  4.6101e+00 -2.6928e+01  2.2486e+01  7.1698e+00  3.5807e+01  1.0000e+00
-1.1992e-01  5.1823e-01  4.9059e-01  1.9951e+01 -3.9708e+01  8.1766e+00  4.5184e+01  1.0000e+00
-3.9797e-01  1.2068e+00  3.9817e-01  8.9745e+00 -4.5495e+00 -5.5828e+00  1.1507e+01  1.0000e+00
-3.2559e-02  7.5012e-01  5.7350e-01 -1.0772e+01 -4.2265e+00  9.3004e-01  1.1609e+01  1.0000e+00
-4.1430e-01  8.8373e-01  3.4686e-01  8.3341e-01 -2.0611e+01 -4.1089e+00  2.1033e+01  1.0000e+00
 9.4682e+00 -1.5886e+01 -7.9762e+00  1.3127e+01 -2.1462e+01 -1.1003e+01  2.7459e+01  1.0000e+00
-2.5506e-01  1.4014e+00  2.8007e-01 -4.3255e+00  2.3508e+01 -8.7668e+00  2.5460e+01  1.0000e+00
 1.2445e+01  3.4743e+00 -2.7677e+01  1.7770e+01  5.2336e+00 -3.8014e+01  4.2287e+01  1.0000e+00
-1.9688e+00  1.0647e+01 -6.5940e+00 -2.4788e+00  1.3165e+01 -7.2534e+00  1.5234e+01  1.0000e+00
-2.4859e+01 -8.6955e+00  5.9040e+00 -3.5448e+01 -1.2097e+01  8.3765e+00  3.8381e+01  1.0000e+00
 3.1218e+01 -3.0031e+00 -1.2774e+01  4.5019e+01 -4.2861e+00 -1.8261e+01  4.8771e+01  1.0000e+00
 1.2120e+01 -6.7012e+01  4.1577e+01  1.7616e+01 -9.7711e+01  6.0738e+01  1.1639e+02  1.0000e+00
-1.2641e-02  1.0197e+00  1.8220e-01  2.3257e+01 -2.4536e+00 -2.2832e+00  2.3498e+01  1.0000e+00
-2.4896e-01  9.6640e-01  4.5118e-01  1.1587e+01  3.6452e+00 -3.3983e+00  1.2614e+01  1.0000e+00
-7.4123e-02  1.0456e+00  4.3214e-01 -1.0488e+01 -5.2949e+00 -3.2484e-01  1.1753e+01  1.0000e+00
-7.6747e-01  6.1924e-01  4.7580e-01 -1.1796e+01 -9.2637e+00  3.1962e+00  1.5336e+01  1.0000e+00
-1.5074e+01 -7.3707e+00 -7.7109e+00 -2.0796e+01 -9.5028e+00 -1.0612e+01  2.5207e+01  1.0000e+00
 4.7040e-01  9.6343e-01  5.0634e-01 -3.5273e+00  6.7041e+00 -7.4910e+00  1.0654e+01  1.0000e+00
-9.4804e-01  3.1444e-01  4.2425e-02  2.8505e+00  1.7388e+00 -8.4853e+00  9.1186e+00  1.0000e+00
-5.5018e-01  1.3614e+00 -2.5501e-01  3.0119e+00 -1.0361e+01  3.8046e+00  1.1441e+01  1.0000e+00
-4.5165e-01  1.3070e+00  4.1466e-01  3.9272e+00 -1.0631e+01  3.9859e+00  1.2013e+01  1.0000e+00
 3.1970e+00 -2.8592e+00 -3.7478e+00  1.9913e+00 -7.9719e-02 -2.2652e+00  3.0171e+00  1.0000e+00
 6.2459e-01  1.2810e+00  3.8410e-01  6.6850e+00  1.4838e+00  2.5040e+00  7.2912e+00  1.0000e+00
 3.3896e-01  1.5629e+00  4.4817e-01  4.6055e+00  1.6250e+00 -1.4287e-01  4.8858e+00  1.0000e+00
 1.0250e+01 -1.2433e+01 -1.5098e+01  1.4127e+01 -1.7634e+01 -2.0612e+01  3.0584e+01  1.0000e+00
 6.6024e+00  3.4384e+00 -3.5899e+00  2.2423e+01  8.8401e+00 -1.0391e+01  2.6247e+01  1.0000e+00
-2.9598e-01  1.1794e+00  4.7273e-01 -1.7146e+01  2.9504e+00  9.4544e+00  1.9801e+01  1.0000e+00
-9.1761e-02  9.9308e-01  3.1602e-01 -1.4403e+01  8.0860e+00 -6.8159e+00  1.7869e+01  1.0000e+00
-2.7935e-01  1.5603e+00  1.0571e+00 -5.8061e+00 -1.4509e+01  1.6812e-01  1.5629e+01  1.0000e+00
 1.3333e+01 -6.4267e+00 -8.7668e+00  3.0739e+01 -1.5867e+01 -2.0203e+01  4.0060e+01  1.0000e+00
-9.0276e-02  1.2998e+00 -7.1427e-04  1.6470e+01  2.1569e+00 -4.4973e+00  1.7208e+01  1.0000e+00
 9.3386e-01  9.1895e-01  5.8745e-01  4.1038e+00 -1.3291e-01  2.1378e+00  4.6292e+00  1.0000e+00
-3.5251e+01  8.4942e+00  1.7356e+01 -6.0138e+01  1.4436e+01  2.9683e+01  6.8601e+01  1.0000e+00
-2.1223e-01  7.7719e-01  3.8070e-01  1.1833e+01  5.8490e+00  1.7389e+00  1.3314e+01  1.0000e+00
 1.3536e+01  9.7255e+00 -1.0681e+00  1.7644e+01  1.3286e+01 -9.5042e-01  2.2107e+01  1.0000e+00
-5.7349e-01  1.0543e+00  1.3968e-01  2.3163e+00 -6.7385e-01  1.3995e+01  1.4201e+01  1.0000e+00
 9.0748e-03  8.6140e-01  1.9288e-01  1.6581e+01  9.5573e+00  1.0849e+00  1.9169e+01  1.0000e+00
 2.6539e-01  9.9652e-01  8.0265e-01 -6.8720e+00  5.0204e+00 -5.2620e+00  1.0006e+01  1.0000e+00
 2.6614e+00  1.2260e+01 -5.8350e-01  3.8109e+00  1.4547e+01 -1.3583e+00  1.5099e+01  1.0000e+00
-2.7734e+02  3.4429e+02 -2.3035e+02 -3.7964e+02  4.7214e+02 -3.1702e+02  6.8377e+02  1.0000e+00
 5.2796e-01  9.3978e-01  4.5317e-01 -1.3227e+01  1.2952e+01  7.1023e+00  1.9828e+01  1.0000e+00
-8.4368e-01  1.7314e+00  1.1545e-01 -7.0697e+00  1.8262e+01  1.1701e+00  1.9618e+01  1.0000e+00
-9.9716e-01  3.6964e+00 -6.9094e-02 -1.3663e+00  3.7248e+00  2.6512e-01  3.9763e+00  1.0000e+00
-5.6789e-01  1.1185e+00 -4.4170e-01 -1.4522e+00 -7.3732e-02 -2.9930e+00  3.3276e+00  1.0000e+00
 6.6301e-01  1.4232e+00 -1.6230e-01 -2.1390e-01 -6.3525e+00 -3.7232e+00  7.3663e+00  1.0000e+00
 9.7520e+00 -1.4335e+01 -1.3762e+01  1.4202e+01 -1.8858e+01 -1.9393e+01  3.0552e+01  1.0000e+00
 1.9040e+00  1.7659e-02  6.3781e-01 -7.3459e+00  3.7799e+00  1.4062e+00  8.3801e+00  1.0000e+00
-8.8526e-01  8.1506e-01  1.8394e+00  7.7953e+00  4.3611e+00 -7.7348e+00  1.1816e+01  1.0000e+00
-2.5704e-01  8.4176e-01  3.8148e-01  3.9935e+00  4.6267e+00 -1.8460e+01  1.9446e+01  1.0000e+00
-2.1522e+01  1.3592e+00  1.8455e+01 -3.0565e+01  2.2640e+00  2.6434e+01  4.0474e+01  1.0000e+00
-2.4488e-01  1.0968e+00 -6.5485e-02  1.1762e+01  3.9347e+00 -7.7400e+00  1.4620e+01  1.0000e+00
-8.6899e-02  1.0488e+00  3.3728e-01 -6.7986e-01 -1.3036e+01 -6.4745e+00  1.4571e+01  1.0000e+00
-1.4567e+01  1.3290e+01 -2.3491e+01 -2.0739e+01  1.9154e+01 -3.3496e+01  4.3806e+01  1.0000e+00
 2.4634e+01 -1.6799e+01  6.8158e+00  3.5117e+01 -2.3810e+01  9.7875e+00  4.3542e+01  1.0000e+00
 1.2994e+01 -7.9798e+00  1.4620e+01  1.7712e+01 -1.0884e+01  2.0351e+01  2.9092e+01  1.0000e+00
 5.5019e-01  1.0164e+00 -2.3089e-01  1.1416e+01  6.0982e-01  3.9641e+00  1.2100e+01  1.0000e+00
-3.9324e-01  8.6751e-01  4.2131e-01  1.2967e+01  1.2260e+01 -5.5321e+00  1.8683e+01  1.0000e+00
 3.0118e-02  9.6957e-01 -1.0575e-01 -7.9810e+00 -3.0458e+00  1.4482e+01  1.6814e+01  1.0000e+00
-9.5232e+00  1.3478e+00  3.0461e+00 -1.0410e+01  9.5702e-01  2.8869e+00  1.0845e+01  1.0000e+00
-4.3769e-01  1.2855e+00  4.1251e-01 -2.4917e+00 -5.0790e+00  1.1670e+01  1.2969e+01  1.0000e+00
-2.0492e-01  1.0655e+00  2.6364e-01 -1.2414e+01  1.1149e+00 -1.2148e+01  1.7405e+01  1.0000e+00
 6.0989e-02  9.6264e-01  8.6607e-01 -3.0671e+00  9.0550e-01  6.7994e+00  7.5139e+00  1.0000e+00
 7.7753e-02  7.2432e-01  6.3585e-01  1.6365e+00 -6.0112e+00 -4.9168e+00  7.9365e+00  1.0000e+00
-9.2624e+00  9.2875e+00 -7.7399e+00 -1.1820e+01  1.3078e+01 -9.8283e+00  2.0183e+01  1.0000e+00
-6.1980e-01  6.9904e-02  2.0944e-01  8.9033e+00 -1.6088e+00  3.5989e+00  9.7370e+00  1.0000e+00
-7.4011e+00  4.6905e+00 -1.8037e+01 -1.0252e+01  6.4387e+00 -2.4639e+01  2.7452e+01  1.0000e+00
-2.8680e+00  1.0963e+01  4.3517e+00 -5.3331e+00  1.2708e+01  3.9934e+00  1.4348e+01  1.0000e+00
-2.3383e+01 -5.0838e+00 -6.3972e+00 -3.3369e+01 -6.8937e+00 -8.4156e+00  3.5097e+01  1.0000e+00
 7.3613e-02  1.9889e+00 -5.0991e-01 -6.4475e+00  1.3132e-01  2.0853e+00  6.7776e+00  1.0000e+00
-1.1793e-01 -9.6933e-02 -3.1315e+00 -3.2157e-01  1.6224e+00  1.6077e+00  2.3066e+00  1.0000e+00
-3.6260e-01  1.1983e+00 -8.0833e-02  1.6292e+01  2.9267e+00  6.2463e+00  1.7692e+01  1.0000e+00
 7.5708e-01  1.2289e+00 -8.6900e-01  1.3353e+01  1.0430e+00 -4.7950e+00  1.4227e+01  1.0000e+00
-1.9189e-01  1.5239e+00  2.6270e-01 -3.7028e-01 -1.5877e+01 -1.5916e+01  2.2484e+01  1.0000e+00
 1.8914e-01  7.2492e-01  5.3651e-01  6.9378e+00  9.6852e+00 -2.9727e+00  1.2279e+01  1.0000e+00
 1.2663e-01  1.8976e+00  1.0493e+00  3.0985e+00  1.3804e+01  9.1701e+00  1.6860e+01  1.0000e+00
 2.7578e+00 -8.3009e-01 -6.3419e-01 -2.8092e+00  3.6695e+00 -3.8680e+00  6.0265e+00  1.0000e+00
 1.7459e+00  5.7757e+00 -1.6247e+00  4.0440e+00  1.0991e+01 -4.8702e+00  1.2684e+01  1.0000e+00
-3.6641e-01  2.4513e-01  6.4194e-01  6.2119e-01  7.0889e-01 -5.2489e-01  1.0788e+00  1.0000e+00
-3.0038e+01  3.2899e+01 -2.0004e+01 -4.1922e+01  4.4185e+01 -2.6627e+01  6.6474e+01  1.0000e+00
-2.6814e-01  9.9989e-01  6.7065e-01  4.8570e+00 -1.4156e+00 -1.4597e+01  1.5449e+01  1.0000e+00
 5.9387e-02  2.1951e+00 -4.2339e-02 -1.4160e+01 -6.9261e+00  6.7760e+00  1.7158e+01  1.0000e+00
-8.8095e+00 -4.0604e+00 -8.4660e+00 -1.9711e+01 -1.0703e+01 -2.0081e+01  3.0105e+01  1.0000e+00
-1.7487e-01  1.0898e+00  3.5853e-01 -2.3634e+00  3.7966e+00  1.0631e+01  1.1533e+01  1.0000e+00
-5.1176e-01 -1.6237e+01 -8.9449e+00 -5.9884e-01 -2.1875e+01 -1.2475e+01  2.5190e+01  1.0000e+00
-4.7841e-01  1.3965e+00  7.3513e-01 -7.8913e+00  3.7924e+00 -6.0315e+00  1.0632e+01  1.0000e+00
 9.8445e+00 -1.4341e+01 -1.3632e+01  1.3203e+01 -2.0650e+01 -1.8485e+01  3.0699e+01  1.0000e+00
-1.3902e-01  9.1685e-01  2.8361e-01  5.7974e+00 -9.9477e+00 -1.8210e+01  2.1545e+01  1.0000e+00
-2.4991e+01  6.7021e+00 -1.3007e+01 -9.1038e+01  2.1571e+01 -4.8394e+01  1.0533e+02  1.0000e+00
 1.2511e+00  1.0088e+01  4.0323e+00  2.4522e+00  1.1540e+01  3.8785e+00  1.2419e+01  1.0000e+00
 4.9024e+00 -9.9556e+00  1.5724e+01  7.0097e+00 -1.3496e+01  2.1686e+01  2.6487e+01  1.0000e+00
-1.5187e-01  8.4157e-01  3.8960e-01  1.2457e+01  1.6628e+01  1.8866e-01  2.0778e+01  1.0000e+00
-1.7577e+01  1.0136e+01 -3.9913e+00 -4.2393e+01  2.3372e+01 -9.9264e+00  4.9416e+01  1.0000e+00
 1.2652e-01  8.2254e-01  4.5338e-01  6.1871e+00  1.2793e+00 -6.1847e+00  8.8413e+00  1.0000e+00
-2.2040e-01  8.7832e-01 -2.0233e-02 -1.2499e+00  1.5682e+01  1.7185e+01  2.3298e+01  1.0000e+00
-1.1726e+01 -3.9586e+00  7.0014e+00 -1.5085e+01 -5.1768e+00  8.4454e+00  1.8047e+01  1.0000e+00
 7.5888e-02  1.0860e+00  6.6280e-03  6.5698e+00 -8.5165e+00 -9.7340e+00  1.4507e+01  1.0000e+00
-1.7853e+00  4.9106e+00  7.9577e-01 -9.8238e+00  2.1740e+01  2.8861e+00  2.4030e+01  1.0000e+00
 1.8694e+01 -2.3968e+01 -1.9092e+00  2.6857e+01 -3.4092e+01 -2.7924e+00  4.3490e+01  1.0000e+00
-1.0328e+00  2.9045e+00  6.2163e-01 -1.8713e+00  3.9704e+00  2.9028e+00  5.2624e+00  1.0000e+00
 9.3573e-01 -1.8781e+00  1.2799e+00 -7.0026e-02 -4.8397e+00  2.9272e+00  5.6565e+00  1.0000e+00
-4.2083e-02  1.4758e+00 -1.0091e-01 -1.3082e+01  9.3332e-01 -1.9666e+00  1.3262e+01  1.0000e+00
-3.5089e-01  8.5053e-01  2.1645e-01  1.7420e+01 -1.9696e+01  7.6317e-01  2.6305e+01  1.0000e+00
-8.9775e-01  1.7267e+00 -6.0372e-01 -8.1956e+00  7.3424e+00 -1.6055e+01  1.9463e+01  1.0000e+00
-2.5021e-01  1.3067e+00  9.1179e-02  1.7682e+01  5.4445e+00 -1.0110e+01  2.1083e+01  1.0000e+00
-1.8448e+00  9.1059e-01 -4.5511e-01 -1.4495e+00  4.3050e+00 -3.2808e+00  5.6034e+00  1.0000e+00
-5.8333e+00 -1.9033e+00 -1.1773e+00 -5.6756e+00 -7.9357e-01 -5.4227e-01  5.7564e+00  1.0000e+00
-1.9820e-01  1.0185e+00  7.1451e-01  7.0153e+00 -3.0502e+00 -8.0992e+00  1.1141e+01  1.0000e+00
 5.9444e-02  9.5465e-01  4.7960e-01 -1.9780e+00  9.1180e+00  6.5232e+00  1.1384e+01  1.0000e+00
-2.7919e-01  1.2448e+00  3.0358e-01 -1.1023e+00  1.2455e+00 -4.7122e+00  4.9972e+00  1.0000e+00
-1.7428e-01  1.3277e+00  7.1805e-01 -4.3905e+00 -6.1510e+00 -9.0974e+00  1.1827e+01  1.0000e+00
-3.2536e-01  8.1032e-01  3.8713e-01 -1.9191e+00  1.3215e+00  8.3185e-01  2.4741e+00  1.0000e+00
 1.4448e-01  2.1334e+00  1.2570e+00  6.3142e+00  4.7755e+00  4.4269e+00  9.0704e+00  1.0000e+00
 3.3362e+00 -7.3525e+00 -2.0069e+00  2.1820e+01 -5.0619e+01 -1.3302e+01  5.6704e+01  1.0000e+00
 9.9778e-01  6.7928e-01  7.6740e-01  4.8233e+00  1.5791e+00  2.2245e-02  5.0753e+00  1.0000e+00
-3.7654e+01  3.0451e+01  1.4156e+01 -8.1274e+01  6.5132e+01  3.0716e+01  1.0859e+02  1.0000e+00
-5.9212e-01  1.3920e+00  4.6948e-02 -1.8797e+01  9.4693e+00  8.4722e+00  2.2689e+01  1.0000e+00
-1.0350e-01  1.3548e+00  7.1872e-01 -8.0030e+00 -7.3670e+00 -1.8927e+01  2.1830e+01  1.0000e+00
-1.2663e+02  4.2299e+00  1.1373e+02 -2.4181e+02  7.3671e+00  2.1773e+02  3.2547e+02  1.0000e+00
 2.5502e-01  1.0266e+00  1.9731e-01 -1.6905e+00 -1.2103e+01  1.0012e+01  1.5798e+01  1.0000e+00
-1.2381e+00  9.1358e-01 -6.2230e-01 -4.3914e+00 -1.0219e+00 -7.1165e-01  4.5645e+00  1.0000e+00
-6.1337e-01  1.2624e+00  3.5263e-01  1.0049e+01  3.6584e+00 -8.0063e-01  1.0724e+01  1.0000e+00
-3.5382e+00  5.2419e+00  1.3545e+01 -4.2669e+00  5.9912e+00  1.5977e+01  1.7588e+01  1.0000e+00
 5.7595e+00  2.4639e+00  1.5163e+00  2.4358e+00  2.6244e+00  1.5522e+00  3.9025e+00  1.0000e+00
 1.0238e+01 -5.9697e+00 -8.7608e+00  1.3234e+01 -8.0766e+00 -1.1121e+01  1.9080e+01  1.0000e+00
-1.2479e-01  1.1725e+00  2.3570e-01  5.7147e+00 -6.7511e+00  1.0773e+00  8.9104e+00  1.0000e+00
 1.4829e+01 -1.5078e+01 -2.2279e+01  2.1307e+01 -2.1455e+01 -3.1522e+01  4.3680e+01  1.0000e+00
-1.0728e-02  1.0305e+00  1.8811e-01  2.9920e+00  4.5527e-02 -1.5648e+01  1.5932e+01  1.0000e+00
-1.2279e-01  9.1413e-01  3.5198e-01  3.7665e+00  4.4755e+00  1.2237e+01  1.3563e+01  1.0000e+00
-3.8745e-01  1.5123e+00 -6.4741e-02 -6.2137e-01 -1.0718e+01 -5.8655e+00  1.2234e+01  1.0000e+00
-1.0016e+01 -1.5835e+01 -1.4993e+01 -2.4960e+01 -4.1587e+01 -3.8341e+01  6.1827e+01  1.0000e+00
-5.0571e-01  1.6835e+00 -5.6530e-02 -8.8458e+00  6.5477e+00 -1.1574e+01  1.5972e+01  1.0000e+00
-3.2622e-01  9.0675e-01  9.6621e-01 -2.0308e+00  4.0814e-01 -1.6858e+01  1.6985e+01  1.0000e+00
-5.2905e-01  1.4463e+00  2.0462e-01  2.1873e-03 -2.1365e+00  1.0880e+01  1.1088e+01  1.0000e+00
-1.0809e-02  3.8506e-01 -1.8799e-01 -2.2143e+00 -2.2010e+00 -6.4238e+00  7.1423e+00  1.0000e+00
-1.7328e-01  1.5401e+00 -1.6726e-01 -5.4558e+00 -6.6727e+00  1.3595e+01  1.6097e+01  1.0000e+00
-1.3767e+00  2.5029e+00  2.6162e+00  8.7248e-02  2.3012e+00 -6.6888e-01  2.3980e+00  1.0000e+00
-3.6992e+00  5.6436e+00  1.5987e+01 -4.4615e+00  7.8265e+00  2.1169e+01  2.3006e+01  1.0000e+00
 1.2681e-02  1.8617e+00 -8.2143e-01 -5.7418e+00 -2.2972e+00 -8.1154e+00  1.0203e+01  1.0000e+00
-1.5354e-01  1.2702e+00  4.9702e-01  1.0382e+01 -2.7478e+00 -2.1274e+01  2.3831e+01  1.0000e+00
 9.1282e-02  7.6557e-01  4.3418e-01  2.7577e+00  4.4339e-01  7.2355e-01  2.8853e+00  1.0000e+00
-1.1915e+00  6.4945e-01 -4.0884e-01 -6.3691e+00  2.1716e+00  2.3223e+00  7.1186e+00  1.0000e+00
 1.1261e+01 -2.8337e+01  5.0262e+01  1.5601e+01 -3.9382e+01  7.0865e+01  8.2560e+01  1.0000e+00
 2.1571e+01  4.1104e+00  2.0347e+01  3.0669e+01  5.7873e+00  2.9151e+01  4.2707e+01  1.0000e+00
-3.1279e+00  1.2617e+00 -8.1181e-01 -5.9145e-01  8.2948e-01 -1.0291e+00  1.4481e+00  1.0000e+00
 7.4623e-02  1.0408e+00  2.0703e-01  1.9899e+01 -2.6511e+00  1.8585e+01  2.7357e+01  1.0000e+00
-2.6820e-01  8.2550e-01  2.7921e-01 -4.5607e+00 -1.8762e+01 -2.1698e+00  1.9430e+01  1.0000e+00
-5.6972e+00  3.7412e+00  2.2548e+01 -7.9920e+00  5.5372e+00  3.1586e+01  3.3049e+01  1.0000e+00
-1.4836e+01 -2.7406e+00 -1.4095e+01 -2.0349e+01 -2.4967e+00 -1.8808e+01  2.7822e+01  1.0000e+00
-1.3060e+00  1.2656e+00  9.2307e-01 -1.6386e+01 -2.1612e+00  8.2226e+00  1.8461e+01  1.0000e+00
-8.0660e+00 -1.3819e+01 -1.0898e+00 -1.2063e+01 -2.1950e+01 -1.2830e+00  2.5079e+01  1.0000e+00
-8.7729e-01 -2.0220e-01  6.6984e-01  7.5939e+00  9.6183e+00 -2.5525e+00  1.2518e+01  1.0000e+00
 4.2962e-02  8.9763e-01  8.0573e-01 -1.7939e+00  9.1680e+00 -3.4715e+00  9.9660e+00  1.0000e+00
-2.3208e+00 -7.7419e-01  4.4537e-02  1.2997e+00  4.2658e+00  1.2444e+00  4.6298e+00  1.0000e+00
 5.2269e-02  8.6176e-01  2.1874e-01  9.2410e-03 -8.0149e+00 -1.0666e+00  8.0856e+00  1.0000e+00
-2.1970e-01  1.0465e+00  3.0328e-01  1.4706e+01  5.1521e+00 -1.2769e+01  2.0145e+01  1.0000e+00
-7.7320e+00  2.4423e+01 -3.1434e+00 -1.0782e+01  3.4387e+01 -4.3305e+00  3.6297e+01  1.0000e+00
 3.8591e+00  1.7840e+00  4.4323e+00  9.7650e-01  3.9243e+00  4.1470e+00  5.7924e+00  1.0000e+00
-1.3842e+01 -2.0751e-01 -3.5961e+00 -1.7687e+01  4.0688e-01 -4.7386e+00  1.8315e+01  1.0000e+00
 1.6984e+00  1.8757e+00 -2.9045e+00  2.5703e+00  1.4415e+00 -2.5715e-01  2.9581e+00  1.0000e+00
-1.1103e+01 -4.2380e+00  7.6867e+00 -1.4148e+01 -4.4850e+00  9.7402e+00  1.7752e+01  1.0000e+00
-1.4172e-01  1.7887e+00  4.1838e-01  1.2246e+00 -2.9061e+00  4.9270e+00  5.8498e+00  1.0000e+00
 2.8648e+01  1.0374e+01  2.3908e+00  4.0700e+01  1.4945e+01  3.3298e+00  4.3485e+01  1.0000e+00
 1.0322e+01  1.4341e+01  1.9497e+00  1.4106e+01  1.9181e+01  3.0789e+00  2.4008e+01  1.0000e+00
-2.2328e+01 -1.3384e+01 -8.2863e+00 -3.1222e+01 -1.8070e+01 -1.0706e+01  3.7630e+01  1.0000e+00
 1.5674e+00  2.8371e+00 -8.2806e-01  7.9611e+00  2.5912e+00 -7.9236e+00  1.1527e+01  1.0000e+00
-2.1949e+01 -5.1493e-01 -5.7511e+00 -3.0736e+01 -4.5880e-01 -8.1123e+00  3.1792e+01  1.0000e+00
 2.9270e-01  7.5596e-01  3.3547e-01 -1.0644e+01  8.8422e+00 -2.9712e+00  1.4153e+01  1.0000e+00
-4.6748e-01  1.1607e+00  9.6516e-02  9.9831e-01 -1.0786e+01 -1.0982e+01  1.5425e+01  1.0000e+00
-4.4551e+00  1.7744e+01 -6.8339e+00 -5.6084e+00  2.4665e+01 -9.2862e+00  2.6945e+01  1.0000e+00
 2.7312e+01  2.2356e+01 -1.7147e+01  4.7194e+01  3.8191e+01 -2.9459e+01  6.7481e+01  1.0000e+00
 1.6203e-01  1.2786e+00  6.6048e-01  1.3063e+01  1.5360e+01 -3.6389e+00  2.0489e+01  1.0000e+00
-6.3978e-01  1.1751e+00 -1.8490e+00  3.2474e+00  3.8989e+00  9.2590e+00  1.0558e+01  1.0000e+00
-1.2513e-02  9.1530e-01  1.1050e+00 -1.6657e+00 -6.5187e+00 -6.3277e+00  9.2362e+00  1.0000e+00
 3.9506e+00 -3.0332e+00  1.3951e-01  2.6531e+00 -2.5267e-01  4.0673e+00  4.8627e+00  1.0000e+00
 2.4818e+00 -1.5563e+00  8.0684e-01  3.4937e+00  7.9052e-01 -8.0191e-02  3.5829e+00  1.0000e+00
-2.2432e-01  1.2688e+00  5.5085e-01  6.3858e+00  2.2927e+01 -3.9154e+00  2.4120e+01  1.0000e+00
-1.7103e+01 -8.6161e+00 -3.0055e+01 -2.4824e+01 -1.2608e+01 -4.3869e+01  5.1958e+01  1.0000e+00
-3.0509e+01 -1.0148e+01 -1.0214e+00 -4.3755e+01 -1.4218e+01 -1.5526e+00  4.6034e+01  1.0000e+00
 3.4722e+00 -2.6795e+00 -4.1842e+00  4.0699e+00 -6.0884e-01 -1.7393e+00  4.4677e+00  1.0000e+00
 3.0824e+01  5.3382e+00 -3.2164e+00  4.3958e+01  7.9208e+00 -4.7014e+00  4.4913e+01  1.0000e+00
-3.8795e-01  9.4371e-01 -9.4252e-02  4.5090e-01 -1.0687e+01  3.4206e+00  1.1230e+01  1.0000e+00
 6.4070e-02  8.5744e-01  5.3124e-01  1.6303e+01  5.1438e+00  9.4294e-01  1.7121e+01  1.0000e+00
-4.6128e-01  1.3904e+00  6.6293e-01 -1.0672e+01 -3.4237e+00  3.4980e+00  1.1741e+01  1.0000e+00
-3.0582e+00  1.6589e+00 -1.2832e-01 -1.3127e+01  3.3797e+00  1.7245e-01  1.3556e+01  1.0000e+00
-2.6477e-01  1.1398e+00  7.6726e-01  2.8722e-02 -8.5722e+00 -3.0727e-01  8.5777e+00  1.0000e+00
-4.7980e-02  8.7616e-01  8.0696e-01  1.1762e+00  1.2341e+01 -1.3121e+01  1.8051e+01  1.0000e+00
-4.5670e-01  7.1881e-01  2.4797e-01 -1.8582e+01  1.3976e+00  2.3609e+00  1.8783e+01  1.0000e+00
-1.2254e+01  1.0435e+01 -1.9259e+00 -1.6084e+01  1.3571e+01 -2.2141e+00  2.1161e+01  1.0000e+00
 2.2943e-01  9.5082e-01  7.2552e-01  1.0757e+01  8.8669e+00  3.3859e+00  1.4345e+01  1.0000e+00
-1.2379e+01 -3.7068e+00 -1.5449e-01 -1.5186e+01 -4.5464e+00 -4.2858e-01  1.5858e+01  1.0000e+00
 1.1805e-01  9.3681e-01  6.1370e-01 -5.9690e+00  8.1776e+00 -2.1975e+01  2.4195e+01  1.0000e+00
-4.4066e-01  5.0779e-01  2.9005e-01 -4.9367e+00  4.7187e+00  5.6342e+00  8.8533e+00  1.0000e+00
 1.5598e-01  9.6100e-01  1.2121e+00 -4.7220e+00 -4.1629e+00  7.6173e+00  9.8819e+00  1.0000e+00
-4.4152e-01  1.9327e+00 -8.6751e-01 -4.3146e+00  7.4658e+00  4.2645e-01  8.6334e+00  1.0000e+00
 9.8443e+00 -2.4261e+01 -1.1700e+01  1.4032e+01 -3.4290e+01 -1.6582e+01  4.0592e+01  1.0000e+00
-2.2092e+01 -3.9245e+00  1.9899e+01 -3.1533e+01 -5.2738e+00  2.8377e+01  4.2748e+01  1.0000e+00
 7.9963e-02  9.6464e-01  2.9964e-02  1.4486e+01 -5.1729e+00 -3.0957e+00  1.5691e+01  1.0000e+00
-2.6040e+00 -8.9056e-01 -3.6636e+00 -1.0853e+00  1.8716e+00  5.6919e-01  2.2371e+00  1.0000e+00
-9.0558e-01  2.0235e+00  2.5097e-01 -5.6668e+00  9.7585e+00  2.8318e+00  1.1634e+01  1.0000e+00
 1.4332e-01  8.0268e-01  5.2611e-01 -2.1734e+01  3.3168e+00 -9.9350e+00  2.4127e+01  1.0000e+00
-1.9423e+00 -1.9634e+01 -1.3866e+01 -1.9865e+00 -2.7854e+01 -1.9892e+01  3.4285e+01  1.0000e+00
-3.0850e+00  5.3286e+00 -3.8399e+00 -2.3704e+00  4.1741e+00 -1.3872e+00  4.9967e+00  1.0000e+00
-2.9707e-02  1.0284e+00  1.2879e+00  8.4697e+00  3.7823e+00  4.4996e+00  1.0310e+01  1.0000e+00
-3.9387e-01  1.1210e+00 -8.9242e-02  5.4852e+00  8.4310e+00  1.1219e+01  1.5067e+01  1.0000e+00
-1.4420e+00  7.7732e-01  7.6369e-01  4.7404e+00  4.5059e+00 -5.9772e-01  6.5675e+00  1.0000e+00
-4.1058e+00  1.8014e+01 -7.5190e+00 -5.8078e+00  2.4145e+01 -9.6227e+00  2.6633e+01  1.0000e+00
-3.0237e-01  1.1743e+00  5.2614e-01 -4.3797e+00  1.7743e+01  1.9163e+01  2.6481e+01  1.0000e+00
 7.0965e-01  3.4365e+00  2.2045e+01  1.8380e+00  5.1070e+00  2.8312e+01  2.8828e+01  1.0000e+00
 2.8383e-01  4.5203e+00 -2.6198e+00  4.8206e-01  5.4682e+00 -4.3266e+00  6.9895e+00  1.0000e+00
 1.6688e-02  1.2526e+00  7.7447e-01  2.4785e-01 -8.3901e-01  8.5582e+00  8.6028e+00  1.0000e+00
-8.0876e-01  1.5584e+00  8.3110e-04  1.1945e+00  2.6232e+00 -2.2121e+00  3.6333e+00  1.0000e+00
-3.0884e-01  9.5036e-01  1.9229e-01 -9.4103e-02 -8.6322e+00  1.5083e+01  1.7379e+01  1.0000e+00
 6.7572e+00  1.3851e+01  7.3932e+00  9.1856e+00  1.8619e+01  9.6455e+00  2.2893e+01  1.0000e+00
 9.4474e-02  7.3153e-01  6.0788e-01  4.7850e+00 -1.4802e+01 -9.2486e-01  1.5584e+01  1.0000e+00
 1.1763e+00 -2.3817e-01  1.0746e+00 -1.5513e+00  5.2086e+00 -1.4075e+00  5.6140e+00  1.0000e+00
-3.8767e-01  1.1572e+00  2.2794e-01 -3.5718e+00  1.7403e+00  1.0685e+01  1.1400e+01  1.0000e+00
-4.5245e-02  1.1430e+00  4.5828e-01 -1.4495e+01  1.7143e+01 -4.1151e+00  2.2823e+01  1.0000e+00
-1.6001e-04  1.6448e+00  7.3577e-01 -8.3777e+00 -7.7564e-01  1.9563e+00  8.6379e+00  1.0000e+00
-3.3517e-01  1.2457e+00  4.4691e-01 -1.1357e+00  8.0811e+00 -3.5100e+00  8.8833e+00  1.0000e+00
 1.0695e+01 -7.7982e+00 -1.2860e+00  1.3507e+01 -9.6063e+00 -1.3412e+00  1.6629e+01  1.0000e+00
-3.5735e-01  9.1713e-01  1.5146e-01 -1.4081e+00  1.6959e+01  9.7494e+00  1.9612e+01  1.0000e+00
 1.9466e+01 -3.6791e+01  2.3527e+01  2.5228e+01 -5.0341e+01  3.2428e+01  6.4978e+01  1.0000e+00
-3.0916e-01  3.0406e+00 -3.4898e-01 -5.0362e-01  3.9067e+00 -1.0987e+01  1.1672e+01  1.0000e+00
 2.0158e+00 -1.0283e+01 -2.9403e+01  2.7474e+00 -1.4580e+01 -4.1879e+01  4.4430e+01  1.0000e+00
-7.9702e+00 -1.1543e+01 -1.9855e+01 -1.1690e+01 -1.6171e+01 -2.7925e+01  3.4321e+01  1.0000e+00
-1.3966e+00 -2.1100e+01  2.2813e+00 -1.7397e+00 -2.9432e+01  3.1655e+00  2.9653e+01  1.0000e+00
-2.9441e+01 -1.4854e+01 -7.6892e+00 -4.2405e+01 -2.1099e+01 -1.0989e+01  4.8622e+01  1.0000e+00
-1.6004e-01  1.3947e+00  8.2199e-01 -1.3597e+01 -3.6390e+00 -7.3700e-01  1.4094e+01  1.0000e+00
-2.3552e+01 -5.7943e+00 -4.4325e+00 -3.3337e+01 -8.1397e+00 -6.2655e+00  3.4884e+01  1.0000e+00
 1.3353e-01  7.2585e-01  1.6436e+00  5.5227e-01 -6.6654e-02  2.8117e+00  2.8662e+00  1.0000e+00
 1.9154e-01  1.4427e+00  1.5034e-01  1.1371e+00 -2.4794e+00 -2.9018e+00  3.9826e+00  1.0000e+00
-3.6966e+00  1.5643e-01 -1.1652e+01 -4.9223e+00  7.8604e-01 -1.6394e+01  1.7135e+01  1.0000e+00
 3.4668e-01  8.2835e-01  8.9053e-01  2.6774e+00  1.0729e+01 -1.7125e+01  2.0385e+01  1.0000e+00
-7.4465e-04  1.1056e+00  3.4715e-01 -2.1116e+00 -8.7158e+00 -1.0604e-01  8.9686e+00  1.0000e+00
