# limit = 25.2321
#
# x           y           z           vx          vy          vz          s           m
 5.9045e-02  2.2404e+00 -1.3808e-01  6.5732e+00  8.1825e+00 -1.4956e+01  1.8271e+01  1.0000e+00
-4.4802e-01  9.5196e-01  3.5585e-01  9.2913e+00  9.2751e+00  1.5771e+01  2.0521e+01  1.0000e+00
 2.4998e+01  1.1670e+00  4.8940e+00  3.3989e+01  2.0853e+00  6.6473e+00  3.4696e+01  1.0000e+00
-4.3096e-01  1.4808e+00  3.8528e-01  4.1093e+00 -3.4510e+00 -8.2438e+00  9.8365e+00  1.0000e+00
-2.1214e+01  7.9904e+00  1.2705e+01 -2.9250e+01  1.0838e+01  1.7257e+01  3.5649e+01  1.0000e+00
 9.2566e+00 -2.8542e+00  2.6274e+01  1.2998e+01 -3.5486e+00  3.6184e+01  3.8611e+01  1.0000e+00
 1.3364e+00 -2.1361e+01 -1.4752e+01  1.3811e+00 -2.9233e+01 -1.9967e+01  3.5428e+01  1.0000e+00
-3.7153e-01  1.2945e+00  1.4093e-01  2.1971e+01 -1.0707e+01  2.4863e+00  2.4567e+01  1.0000e+00
-3.3510e+01  2.4451e+01  7.5823e+01 -4.5547e+01  3.3390e+01  1.0464e+02  1.1890e+02  1.0000e+00
 5.4779e+01 -2.9369e+01  1.4315e+00  1.1448e+02 -6.2004e+01  3.0410e+00  1.3022e+02  1.0000e+00
 2.9111e+00  4.3395e+00  2.6249e+00 -6.0881e-01  1.8502e+00  2.6042e-01  1.9651e+00  1.0000e+00
-5.5789e-02  8.1399e-01  3.2381e-01  7.3172e-02 -1.4995e+01  4.7278e+00  1.5722e+01  1.0000e+00
-8.1911e-01  3.6706e+00  8.2879e-01  2.5379e+00 -1.2930e+00  3.1831e+00  4.2714e+00  1.0000e+00
 5.9673e+00  1.7685e+00 -7.4984e-01  4.3807e+00  2.7216e+00  5.5224e-01  5.1868e+00  1.0000e+00
 1.8866e+00 -1.3651e+00  4.8048e-01  5.2447e-01  2.9633e-01 -1.1989e+00  1.3417e+00  1.0000e+00
-8.3832e+00 -1.5744e+00 -6.2895e+00 -8.9407e+00 -5.0662e-01 -7.3799e+00  1.1604e+01  1.0000e+00
 1.5307e+01 -1.6012e+01 -1.8356e+01  2.0997e+01 -2.2048e+01 -2.5458e+01  3.9687e+01  1.0000e+00
-2.5967e-02  9.1229e-02  2.5178e-01 -1.0498e+00  2.3739e+00  2.0304e+00  3.2955e+00  1.0000e+00
-2.5075e-01  8.9663e-01  4.8427e-01  5.0673e+00 -6.3759e+00  9.4169e+00  1.2450e+01  1.0000e+00
 5.3175e+01  4.3161e+01 -1.8676e+01  7.3441e+01  5.8889e+01 -2.5204e+01  9.7451e+01  1.0000e+00
-1.0457e-01  1.2771e+00  1.3093e-01 -1.9392e+01 -9.6511e+00 -3.9078e+00  2.2010e+01  1.0000e+00
-4.2432e-01  2.2826e+00  2.1689e-01  4.5089e+00  9.6086e+00  2.0090e+00  1.0802e+01  1.0000e+00
-4.3941e+00 -5.4228e+00  8.5016e+00 -8.1389e+00 -1.1604e+01  1.5828e+01  2.1247e+01  1.0000e+00
-1.1473e+01  2.1748e+01 -2.1946e+01 -1.5915e+01  3.0477e+01 -3.0453e+01  4.5930e+01  1.0000e+00
-8.0705e-01  2.4568e+01 -1.0869e+01 -1.2357e+00  3.3733e+01 -1.4825e+01  3.6867e+01  1.0000e+00
-5.9707e+00  3.4911e+00 -9.0279e+00 -7.9087e+00  5.3549e+00 -9.9610e+00  1.3800e+01  1.0000e+00
 7.7588e+00 -1.9215e+01  3.6534e+00  1.0025e+01 -2.6226e+01  4.7576e+00  2.8477e+01  1.0000e+00
 5.1890e+01 -1.3579e+01 -5.0059e+01  7.5256e+01 -1.9839e+01 -7.2627e+01  1.0645e+02  1.0000e+00
 1.4996e+00 -2.9993e+01 -3.9563e+01  2.1740e+00 -4.2149e+01 -5.5581e+01  6.9789e+01  1.0000e+00
-5.4344e-01  8.6165e-01  6.8892e-01 -2.7431e+00 -2.6767e+00  5.2652e+00  6.5124e+00  1.0000e+00
 1.9654e-01  7.6988e-01  3.1361e-01  2.6923e+00  7.5387e+00 -9.8985e+00  1.2730e+01  1.0000e+00
-2.4848e-01  9.9469e-01  4.3178e-01  6.2920e+00  5.3649e-01 -1.1539e+00  6.4194e+00  1.0000e+00
-6.9544e-01  1.5386e+00  3.9700e-01 -9.4977e+00 -7.6541e-01 -6.5355e+00  1.1554e+01  1.0000e+00
-4.9595e-01  1.0290e+00  2.8793e-02 -5.5351e+00  8.2457e+00 -2.8456e-02  9.9312e+00  1.0000e+00
-3.7632e-02  8.9299e-01  3.6840e-01 -7.6631e+00 -2.0992e+00  2.2713e+01  2.4062e+01  1.0000e+00
-1.5151e-01  7.7065e-01  1.2708e-01 -1.3638e+01  5.7698e+00  1.2095e+01  1.9120e+01  1.0000e+00
 4.1412e-01  2.0144e+00 -5.0132e-01 -1.5462e-01 -9.3773e+00  8.8293e+00  1.2881e+01  1.0000e+00
-2.0618e+01  3.9495e+01 -4.9624e+01 -2.8528e+01  5.4672e+01 -6.7946e+01  9.1758e+01  1.0000e+00
 2.6197e-01  1.2649e+00  1.2874e+00 -5.0412e+00 -5.2137e+00  7.1830e+00  1.0207e+01  1.0000e+00
 1.4770e+01 -3.2648e+00  1.2437e+01  1.9441e+01 -4.0838e+00  1.6476e+01  2.5808e+01  1.0000e+00
 7.7885e+00  7.2832e+00  1.1036e+00  8.0801e+00  8.0086e+00  2.0552e+00  1.1561e+01  1.0000e+00
 3.0406e+00  1.0690e+00 -8.7130e-01 -2.0249e+00  1.1124e+00 -1.1198e+00  2.5674e+00  1.0000e+00
-2.0564e-01  1.3840e+00  5.7298e-01 -1.5797e+01 -9.2785e+00  7.7453e+00  1.9890e+01  1.0000e+00
 3.0303e+00 -8.7885e+00  2.8612e+01  4.3074e+00 -1.1989e+01  3.9562e+01  4.1562e+01  1.0000e+00
 2.7747e+01  1.3393e+01  2.2083e+00  3.8740e+01  1.8544e+01  3.1377e+00  4.3064e+01  1.0000e+00
 1.9678e+00 -1.7659e+01  2.9417e+00  3.2406e+00 -2.3560e+01  4.1679e+00  2.4145e+01  1.0000e+00
-5.4757e-01  1.6373e+00  1.6247e-02 -1.2420e+01  5.2715e+00  3.1733e-01  1.3496e+01  1.0000e+00
 2.4847e+00 -6.0441e-01  3.8691e-01 -2.7989e+00  7.1672e+00  2.7400e+00  8.1676e+00  1.0000e+00
 1.1927e+01 -4.6231e+00  5.4448e+00  1.4321e+01 -5.4944e+00  7.0342e+00  1.6875e+01  1.0000e+00
 3.6088e-01  7.6005e-01  1.2208e-01 -8.9098e+00  4.3608e+00  4.7126e+00  1.0982e+01  1.0000e+00
-1.1247e+00  1.3740e+00  6.8572e-01  7.3100e+00 -2.2146e+00 -2.7065e+00  8.1035e+00  1.0000e+00
 7.2151e-02  1.0744e+00  4.7304e-01 -3.3240e+00 -8.2765e+00 -1.0793e+01  1.4001e+01  1.0000e+00
-3.4543e+00 -5.4210e+00  5.5313e+00 -3.1267e+00 -4.6947e+00  5.3078e+00  7.7453e+00  1.0000e+00
-1.6086e-01  1.4558e+00  7.5022e-01 -1.7338e+00 -1.1046e+01 -6.1999e+00  1.2785e+01  1.0000e+00
 2.4358e-01  4.8988e+00  4.8279e+00  2.2087e+00  1.3482e+01  1.4553e+01  1.9961e+01  1.0000e+00
-1.1364e-02  1.2210e+00  3.5548e-01  1.7616e+00  1.9935e+01 -1.1014e+01  2.2843e+01  1.0000e+00
-1.3669e-02  1.1554e+00  4.6867e-01  3.8671e+00  4.4331e+00 -8.7437e+00  1.0538e+01  1.0000e+00
-6.9315e-01  1.7246e+00  5.7796e-02  3.9041e+00  3.1941e+00 -2.8152e+00  5.7766e+00  1.0000e+00
-2.0085e-01  1.0173e+00  6.3218e-01 -7.7338e+00 -1.0161e+01 -1.4324e+01  1.9189e+01  1.0000e+00
 6.8308e+00 -3.7953e+00  2.0402e+01  8.9920e+00 -5.3998e+00  2.7669e+01  2.9591e+01  1.0000e+00
 2.3990e-01  9.5939e-01 -1.1773e-01 -1.0758e+00  4.8764e+00  4.6027e+00  6.7912e+00  1.0000e+00
-4.0884e+00 -7.0279e+00  3.2360e+00 -7.1858e+00 -1.4415e+01  5.7719e+00  1.7110e+01  1.0000e+00
 1.2734e+01  1.2652e+00 -6.1303e+00  1.8018e+01  1.9696e+00 -8.5806e+00  2.0054e+01  1.0000e+00
-1.5605e-01  1.2013e+00  2.0228e-01  8.6150e+00 -1.7149e+01  1.6019e+01  2.4998e+01  1.0000e+00
-2.9515e-01  3.5329e+00  4.4127e-01  2.7400e+00  8.8864e+00  1.3954e+00  9.4034e+00  1.0000e+00
-5.6673e-01  1.6453e+00  2.4560e-02 -4.8278e+00 -5.9079e+00  1.6952e+01  1.8590e+01  1.0000e+00
 4.1883e-02  9.0170e-01  7.2329e-01 -5.0633e+00  3.7810e+00  9.0030e+00  1.0999e+01  1.0000e+00
 1.7507e-02  6.4640e-01  8.6534e-01 -5.8695e+00 -2.4678e+00  6.7376e+00  9.2702e+00  1.0000e+00
 5.3297e-02  8.8659e-01 -4.1182e-02 -2.5920e+00 -5.3770e-01 -2.0167e+00  3.3279e+00  1.0000e+00
-5.3677e-01  1.2838e+00  1.5606e-01 -1.0246e+00  1.5991e+01 -4.3562e+00  1.6605e+01  1.0000e+00
 2.4607e+01  2.6922e+00  4.4695e+00  3.3850e+01  3.3537e+00  6.0627e+00  3.4552e+01  1.0000e+00
 1.2662e-01  1.2143e+00  6.9719e-03  1.5157e+00  3.5352e+00 -4.4252e-01  3.8718e+00  1.0000e+00
-3.8707e-01  1.0886e+00  3.9271e-01  8.9994e+00 -2.0879e+01  1.6102e+01  2.7860e+01  1.0000e+00
-3.9533e-02  1.1658e+00  7.3975e-01 -1.2396e+01 -6.5374e+00 -1.8986e+01  2.3598e+01  1.0000e+00
-1.2741e-01  1.5400e+00  3.3482e-01 -9.6880e-02  5.9745e+00  3.3023e-01  5.9844e+00  1.0000e+00
 3.3500e-01  9.4349e-01  3.7870e-01 -1.0169e+01  1.1944e+01 -8.8297e+00  1.8001e+01  1.0000e+00
-3.2175e-01  1.2011e+00  3.9206e-01  8.5145e+00 -3.3558e+00 -8.7710e+00  1.2676e+01  1.0000e+00
 4.5811e-02  9.2954e-01  1.3463e-01 -1.0753e+01 -1.2269e+00  2.3366e+01  2.5751e+01  1.0000e+00
 2.9680e+01 -1.4170e+01 -3.4132e+00  4.1447e+01 -1.9470e+01 -4.6778e+00  4.6031e+01  1.0000e+00
-1.7293e+01 -1.0504e+01 -6.6318e+00 -2.3467e+01 -1.3826e+01 -8.7410e+00  2.8605e+01  1.0000e+00
 5.6951e-02  5.6067e-01  2.8048e-01 -4.3293e+00 -1.1623e+01  2.9251e+00  1.2743e+01  1.0000e+00
 1.8937e+01  4.3963e+00  1.2262e+01  3.2122e+01  6.9311e+00  2.0587e+01  3.8777e+01  1.0000e+00
-4.5941e-01  1.2574e+00  8.0666e-04  2.0865e+01 -9.0339e+00  9.2289e+00  2.4538e+01  1.0000e+00
 5.6771e+00  5.1431e+00  7.3542e+00  5.5761e+00  6.0409e+00  7.6574e+00  1.1235e+01  1.0000e+00
-3.8971e-01  1.0686e+00  3.5895e-01  1.9186e+01  1.2760e-01  3.5852e+00  1.9519e+01  1.0000e+00
-9.2865e-02  2.1661e+00  2.9920e-01  2.8453e+00 -7.8607e+00  3.0499e+00  8.8988e+00  1.0000e+00
 1.4369e-01  1.0882e+00  1.3147e-01  2.9309e+01 -9.2114e-01 -1.0524e+00  2.9342e+01  1.0000e+00
 2.4723e-01  6.7291e-01  4.6252e-01 -1.5647e+01  1.8320e+01 -1.2357e+01  2.7077e+01  1.0000e+00
 1.1994e+02  3.0297e+01 -1.1640e+02  2.2218e+02  5.5313e+01 -2.1506e+02  3.1413e+02  1.0000e+00
 3.1529e-01  1.6975e+00  3.5189e-02 -8.1458e+00  3.2674e+00  1.1928e+00  8.8573e+00  1.0000e+00
 6.3102e-01  3.6488e-01  4.3063e-01 -1.3935e+01  1.1306e+01 -6.6240e+00  1.9128e+01  1.0000e+00
 2.1630e-01  1.2397e+00 -2.5304e-01  1.4929e+00  1.8715e+01 -2.3467e+00  1.8921e+01  1.0000e+00
-8.3377e-01  1.1089e+00  2.3751e-01  2.0204e+01 -1.6396e+00 -6.5226e+00  2.1294e+01  1.0000e+00
-3.5365e-01  6.3038e-01  4.5684e-02  1.0569e+01 -3.1075e+00  7.4338e+00  1.3290e+01  1.0000e+00
 4.8972e+00 -1.7110e+00 -4.4377e-01  5.3172e+00 -1.4665e+00 -1.0068e-01  5.5166e+00  1.0000e+00
-2.8488e-01  9.3012e-01  2.7548e-01  1.0539e+00  1.5774e+01 -1.9525e+00  1.5930e+01  1.0000e+00
 6.9110e+00  1.4514e+01  2.5234e+01  1.7314e+01  3.4011e+01  6.1247e+01  7.2164e+01  1.0000e+00
-9.5607e+00 -1.3963e+01 -1.5703e+01 -1.2976e+01 -1.8794e+01 -2.1213e+01  3.1170e+01  1.0000e+00
 2.0999e+00 -4.3265e+00 -1.8609e+01  2.6861e+00 -5.4183e+00 -2.3237e+01  2.4011e+01  1.0000e+00
 1.7606e+00  4.3713e+00 -1.8377e+00  2.1213e+00 -9.7920e-02  2.0183e+00  2.9296e+00  1.0000e+00
-2.6124e-01  1.0995e+00  3.4207e-01  6.5302e+00 -1.0570e+01 -3.9522e+00  1.3038e+01  1.0000e+00
-1.3166e-01  1.1711e+00  5.4981e-01  4.9949e+00 -8.2399e+00 -1.4483e+00  9.7438e+00  1.0000e+00
-3.1593e+00  1.2773e+00 -8.3535e-01 -7.1707e+00  3.8758e+00  2.0586e+00  8.4070e+00  1.0000e+00
-6.9067e-01  8.7514e-01  6.4394e-01  5.2616e+00  1.2663e+01 -2.2403e+00  1.3895e+01  1.0000e+00
 2.4292e+01  9.3819e+00 -6.2732e-01  3.3270e+01  1.3192e+01 -8.8509e-01  3.5801e+01  1.0000e+00
-2.0795e-01  1.0788e+00  4.4509e-01  1.9915e+01 -1.1109e+00 -6.3329e+00  2.0927e+01  1.0000e+00
 1.8048e+01  1.0550e+00  2.0243e+01  2.4735e+01  1.5632e+00  2.7726e+01  3.7189e+01  1.0000e+00
 3.4957e-01  7.4994e-01  6.8840e-01 -1.6199e+01  8.4161e+00 -6.1100e+00  1.9250e+01  1.0000e+00
-7.6446e-01  1.4017e+00  5.4593e-01  3.0749e+00  1.7091e+01 -3.2242e+00  1.7662e+01  1.0000e+00
-2.9583e+01  6.3025e+00  6.7632e+00 -4.1094e+01  8.9898e+00  9.4645e+00  4.3117e+01  1.0000e+00
-2.7673e-01  1.8706e+00 -1.2436e-01 -8.7420e+00  1.0278e+01 -1.3239e+00  1.3558e+01  1.0000e+00
 6.1101e+00 -1.0148e+01  1.8235e+01  8.6391e+00 -1.4266e+01  2.3883e+01  2.9130e+01  1.0000e+00
 6.7026e+00 -7.0031e+00  1.4590e+01  8.5714e+00 -9.1750e+00  1.9166e+01  2.2913e+01  1.0000e+00
 1.2030e+01 -1.4355e+01 -5.5903e+00  1.5799e+01 -1.8978e+01 -6.9335e+00  2.5649e+01  1.0000e+00
 2.3923e+00 -5.8298e-01  9.1299e-01 -5.7916e+00  5.2309e+00 -6.4784e-01  7.8310e+00  1.0000e+00
 4.3428e-02  1.0311e+00  1.8273e-01 -9.0921e+00  1.3169e+01  2.1167e+01  2.6536e+01  1.0000e+00
 1.1341e-01  2.7076e+00 -5.2241e-01 -1.4847e+00 -4.6326e+00 -2.3395e+00  5.3980e+00  1.0000e+00
-2.4666e+00  4.7394e-01 -2.0925e+00 -9.7188e+00 -2.5561e+00 -6.5794e+00  1.2012e+01  1.0000e+00
-2.7438e-01  8.7434e-01  4.1927e-01  7.9693e+00  9.9520e+00 -3.6905e+00  1.3273e+01  1.0000e+00
 9.5987e-02  9.6243e-01  3.9756e-01 -2.2803e+01  6.0039e+00  7.6342e+00  2.4785e+01  1.0000e+00
-2.7590e-01  1.4476e+00  1.3029e-01  3.4976e+00  9.1357e+00 -2.4750e+00  1.0091e+01  1.0000e+00
-9.4003e-01  1.2403e+00  1.7598e-01 -2.6574e+00 -4.3176e+00  4.9760e-01  5.0943e+00  1.0000e+00
-3.9134e+01  1.6240e+01  1.4898e+01 -5.4932e+01  2.2878e+01  2.1182e+01  6.3164e+01  1.0000e+00
-1.3677e-01  1.1111e+00  5.7949e-01 -4.3156e-02 -8.8302e-01  2.0561e+01  2.0580e+01  1.0000e+00
-6.3861e-01  1.5285e+00 -1.7183e-01 -6.8501e+00  8.2378e+00 -1.9140e+00  1.0883e+01  1.0000e+00
 7.6010e-02  3.7797e-01  3.0632e-01  2.5281e-01 -5.0386e+00 -4.6898e+00  6.8880e+00  1.0000e+00
 1.4222e+01 -1.2108e+01 -4.8020e+00  1.9077e+01 -1.6058e+01 -6.0792e+00  2.5666e+01  1.0000e+00
-4.7834e-01  7.5374e-01  4.6696e-01 -1.6099e+00  7.1056e+00  2.2867e+00  7.6361e+00  1.0000e+00
 9.5891e+00 -8.2945e+00  2.1236e+01  1.2877e+01 -1.1056e+01  2.9176e+01  3.3754e+01  1.0000e+00
 1.8361e+01  2.8666e+00  1.9955e+01  4.3761e+01  5.3171e+00  4.6191e+01  6.3851e+01  1.0000e+00
-3.6268e+00 -3.8473e+00 -1.7417e+01 -5.1027e+00 -4.8895e+00 -2.3211e+01  2.4263e+01  1.0000e+00
-7.5154e-01  2.4279e+00  1.6169e-01 -2.4039e+00  7.3155e+00 -1.6473e-03  7.7004e+00  1.0000e+00
 2.0902e-01  1.1285e+00  1.7628e-01 -1.1042e+01 -3.3717e+00  1.1235e+01  1.6110e+01  1.0000e+00
 3.8201e-01  1.0078e+00  3.6974e-01  2.6942e+00 -2.8783e+00  1.3794e+01  1.4346e+01  1.0000e+00
 5.5084e-01  1.6038e+00 -2.0125e-01 -1.3887e+01 -1.9563e+00  9.0625e+00  1.6698e+01  1.0000e+00
-3.7817e-01  1.3782e+00 -1.8757e-01  1.0344e+01 -1.4751e+01 -1.2672e+01  2.2027e+01  1.0000e+00
-4.3744e-03  2.1952e+00  4.3753e-01  3.6654e+00  1.9933e+00 -3.2042e+00  5.2607e+00  1.0000e+00
-1.9064e-01  1.3520e+00  2.7107e-01 -3.5228e+00 -1.0296e-01 -1.2857e+00  3.7515e+00  1.0000e+00
 1.0352e+00  3.1628e-01  1.0425e+00 -1.1846e+01  9.1986e+00 -4.3445e+00  1.5615e+01  1.0000e+00
-2.9532e+00 -8.3176e+00  1.8987e+01 -3.9350e+00 -1.1453e+01  2.5632e+01  2.8349e+01  1.0000e+00
-3.6746e-01  1.3267e+00 -1.8405e-01  3.7311e+00  1.2128e+01  1.1931e+01  1.7417e+01  1.0000e+00
-1.1749e-01  8.3306e-01  1.5517e-01  6.3084e+00  1.0158e+01  1.6503e+01  2.0379e+01  1.0000e+00
-2.6252e+01  5.5075e+00 -7.3098e+00 -3.5406e+01  8.4950e+00 -9.3732e+00  3.7598e+01  1.0000e+00
-3.5929e-02  1.2741e+00  4.0232e-01  2.4387e+00  5.1253e+00  1.7938e+00  5.9526e+00  1.0000e+00
-8.6408e-01  1.7225e+00  1.2450e+00 -4.7727e+00  2.6505e+00  6.2733e+00  8.3162e+00  1.0000e+00
-2.7012e-01  1.2174e+00  1.9453e-01 -6.7210e+00  8.0605e+00  3.1969e+00  1.0971e+01  1.0000e+00
-1.0427e+01 -3.3801e+01 -3.8662e+01 -1.4926e+01 -4.4696e+01 -5.2195e+01  7.0320e+01  1.0000e+00
 2.5543e+01 -2.2528e+01  6.3517e+00  3.5436e+01 -3.1160e+01  8.7330e+00  4.7989e+01  1.0000e+00
-4.9630e-02  1.1798e+00  3.0654e-01  1.5278e+01 -1.5752e+01  1.1976e+01  2.5000e+01  1.0000e+00
-3.5901e+00  2.5716e+00  1.7065e+00 -8.1820e+00  4.6688e+00  1.7400e+00  9.5797e+00  1.0000e+00
-4.8160e-02 -6.6057e-01  3.9541e-01 -1.5953e+00 -2.7981e+01  3.5648e+00  2.8253e+01  1.0000e+00
-1.9340e+00  1.3073e+00  7.3216e-01  4.5859e-01  4.2631e-01  3.4634e-02  6.2710e-01  1.0000e+00
-3.9408e-01  1.5323e+00 -1.6982e-02  1.9453e+00 -1.7157e+00  1.5851e+01  1.6062e+01  1.0000e+00
 1.2558e-01  8.4831e-01  2.5389e-01 -3.6870e+00 -9.2543e+00 -1.4390e+00  1.0065e+01  1.0000e+00
-1.3939e+01  2.1807e+01 -1.1599e+01 -1.9175e+01  3.0337e+01 -1.5845e+01  3.9231e+01  1.0000e+00
-2.5530e+00  1.5375e+00  3.3768e+00 -1.6902e+00  2.3032e+00  7.8750e+00  8.3772e+00  1.0000e+00
-5.4193e-01  1.0614e+00  2.4543e+00  3.2865e+00  8.9883e-01  4.6067e+00  5.7299e+00  1.0000e+00
-4.6273e-01  1.0785e+00  3.0949e-01  7.1436e+00  8.0735e+00 -1.0049e+01  1.4737e+01  1.0000e+00
-3.4131e-01  1.2169e+00  1.4072e-01 -1.1377e+01  8.5208e-01  3.1886e+00  1.1846e+01  1.0000e+00
 5.0283e-01  1.0289e+00  7.4735e-01  9.5892e-01  3.2157e+00 -2.2471e+00  4.0385e+00  1.0000e+00
-4.9432e-01  1.3421e+00  3.8871e-01  2.7992e+00 -9.9066e+00  9.8573e+00  1.4253e+01  1.0000e+00
-2.5916e-01  1.3501e+00  2.0778e-01 -1.8492e+00  4.3096e+00  1.7763e-01  4.6929e+00  1.0000e+00
-1.5469e-02  8.4118e-01  6.2268e-01 -1.9908e+01  1.0550e+01  2.5611e+00  2.2676e+01  1.0000e+00
 1.3298e-01  8.1330e-01  6.4522e-01 -1.1696e+01  1.2321e+01 -2.2304e+00  1.7134e+01  1.0000e+00
-3.2679e-01  8.4934e-01  2.0626e-01  1.6743e+01 -8.6257e+00  5.8451e+00  1.9721e+01  1.0000e+00
 6.3283e+00 -1.0253e+01  1.8159e+01  7.7175e+00 -1.2483e+01  2.5195e+01  2.9158e+01  1.0000e+00
-5.6981e-01  1.7224e+00  1.4842e-03 -1.1193e+01  1.4186e+01 -1.5233e+01  2.3634e+01  1.0000e+00
 4.9780e+01 -3.4060e+01 -6.9355e+01  6.9252e+01 -4.7253e+01 -9.5417e+01  1.2702e+02  1.0000e+00
 3.2758e-01  5.4272e+00 -1.0894e+00  1.8618e+00  1.7604e+01 -7.1354e+00  1.9086e+01  1.0000e+00
-1.1944e+00  2.9454e+00  1.2546e+00  3.6984e+00 -4.0222e+00 -6.8293e+00  8.7462e+00  1.0000e+00
 1.2699e+01 -3.5342e+00 -2.6798e+00  1.6516e+01 -3.7109e+00 -2.7773e+00  1.7154e+01  1.0000e+00
 1.6055e-02  1.0502e+00  7.0354e-01 -5.3587e+00  1.4725e+00  8.3286e+00  1.0012e+01  1.0000e+00
 3.5775e-01  5.6598e-01  4.3633e-01 -3.9710e+00  2.1546e+01 -9.3401e+00  2.3817e+01  1.0000e+00
 1.2173e-01  1.2507e+00  4.9828e-01 -3.1485e+00  5.5963e+00  4.0894e+00  7.6127e+00  1.0000e+00
-7.4362e-02  1.0412e+00  4.5636e-01 -1.5509e+01  1.2082e+01 -7.4070e+00  2.1009e+01  1.0000e+00
-3.6209e-01  1.2436e+00  1.4837e-01 -2.1901e+01  8.0821e+00  5.4438e-01  2.3351e+01  1.0000e+00
-2.0964e-02  1.3887e+00  5.3425e-01 -6.2623e+00 -7.1245e+00 -8.0822e+00  1.2462e+01  1.0000e+00
-8.7885e-01  1.2404e+00 -6.2106e-01  5.0984e+00  3.2240e+00  4.0068e+00  7.2417e+00  1.0000e+00
-1.1576e+00  7.5070e-01  1.1186e-01  6.0384e+00  8.6894e+00  7.5420e+00  1.2994e+01  1.0000e+00
 1.2301e+00 -9.7954e+00  1.7340e+01  1.7253e+00 -1.3052e+01  2.3051e+01  2.6546e+01  1.0000e+00
-3.2949e+01  2.5422e+01 -2.1017e+01 -5.8183e+01  4.4368e+01 -3.7304e+01  8.2130e+01  1.0000e+00
-2.3478e+00  1.2984e+00  4.8732e-01  1.7434e+00  3.1736e-01  3.9079e+00  4.2909e+00  1.0000e+00
-5.5575e-01  2.1560e+00  4.9971e-01  7.4529e+00 -1.0349e+01 -2.5894e+00  1.3013e+01  1.0000e+00
-1.1905e-01  9.3181e-01  3.6659e-01 -4.4305e+00 -1.6726e+01  2.3524e+01  2.9202e+01  1.0000e+00
-5.5688e-01  1.0437e+00  1.1232e-01 -1.7462e+01 -5.0953e+00 -1.5650e+00  1.8257e+01  1.0000e+00
-6.9577e-01  1.0771e+00  3.0906e-01 -1.5101e+01  7.0393e+00 -5.2843e+00  1.7479e+01  1.0000e+00
 7.7569e-02  1.2489e+00  4.2122e-01 -1.0765e+01  9.4575e+00  2.0261e+01  2.4816e+01  1.0000e+00
-1.6645e+01  1.4037e+01 -4.6458e+00 -2.2266e+01  1.8826e+01 -6.1745e+00  2.9805e+01  1.0000e+00
 1.0104e+01 -7.9263e+00 -3.0926e+01  1.4098e+01 -1.1152e+01 -4.3185e+01  4.6777e+01  1.0000e+00
 9.4743e-03  2.7010e+00  3.2209e-02 -2.8748e+00  7.7321e+00 -1.3550e+00  8.3598e+00  1.0000e+00
-7.8313e-01 -1.9836e+01 -1.4189e+01 -6.1685e-01 -2.7106e+01 -1.9175e+01  3.3208e+01  1.0000e+00
-7.4725e+00  7.0475e+00 -2.9200e+01 -1.0550e+01  9.9796e+00 -4.0524e+01  4.3048e+01  1.0000e+00
 3.4801e+00 -1.7343e+01  1.8012e-01  4.5363e+00 -2.3115e+01  3.4529e-01  2.3559e+01  1.0000e+00
-2.3093e+00  1.1401e+00  6.6335e-01  4.6380e+00  4.6407e+00 -6.7067e-01  6.5952e+00  1.0000e+00
-3.3796e+00 -4.3894e+00 -1.8697e+01 -4.5878e+00 -6.0917e+00 -2.4392e+01  2.5557e+01  1.0000e+00
 1.9501e+00  4.5580e+00  4.1751e+00  2.2635e+00  4.5256e+00  4.1121e+00  6.5203e+00  1.0000e+00
-2.3541e-01  1.2626e+00  3.3166e-01  1.4350e+01  3.0694e+00  8.1879e+00  1.6805e+01  1.0000e+00
 1.1452e+01  6.8851e+00  1.5822e+01  1.8149e+01  9.9018e+00  2.4628e+01  3.2155e+01  1.0000e+00
-9.0366e-01  1.5266e+00 -7.3170e-01 -6.0418e+00  5.7473e+00 -4.1905e+00  9.3325e+00  1.0000e+00
 1.1600e+01 -1.4424e+01 -5.6568e+00  1.5809e+01 -1.8908e+01 -7.9225e+00  2.5888e+01  1.0000e+00
 2.1957e-01  8.2972e-01  5.6742e-01 -2.7794e+00  1.1003e+01 -6.8000e+00  1.3230e+01  1.0000e+00
-1.0384e-01  1.4928e+00  2.7064e-01  1.2667e+01  1.6883e+00  7.7688e+00  1.4956e+01  1.0000e+00
-2.0231e+01 -9.0967e+00 -6.3318e+00 -2.7418e+01 -1.2258e+01 -8.4503e+00  3.1199e+01  1.0000e+00
 1.0090e+01  5.5615e+00  1.0096e+01  1.2493e+01  7.5426e+00  1.3417e+01  1.9823e+01  1.0000e+00
 2.3572e-01  8.9445e-01  6.5428e-01 -1.3742e+01 -5.5124e+00  2.3557e-02  1.4806e+01  1.0000e+00
 8.1720e+00 -2.6609e+01 -2.1038e+00  1.1462e+01 -3.6799e+01 -2.9239e+00  3.8654e+01  1.0000e+00
 2.4640e+01 -7.1259e+00  1.9156e+01  8.4679e+01 -2.7154e+01  6.4827e+01  1.1005e+02  1.0000e+00
-3.9258e+01 -3.7703e+00  5.7956e+01 -5.6974e+01 -5.5829e+00  8.4052e+01  1.0170e+02  1.0000e+00
 1.5617e+01 -2.6970e+01 -2.1913e+01  2.2017e+01 -3.7716e+01 -3.0726e+01  5.3397e+01  1.0000e+00
-1.9245e-01  8.5319e-01  4.3743e-01  5.0250e+00 -8.8275e+00  1.6037e+01  1.8983e+01  1.0000e+00
-1.7883e+00  5.6257e+00  1.3656e+00 -8.9210e-01  8.0724e+00  1.5395e+00  8.2661e+00  1.0000e+00
-1.0141e-01  1.4732e+00  5.4867e-01 -7.6665e+00 -1.4341e+01  1.2481e+01  2.0499e+01  1.0000e+00
-8.6047e+00 -1.6645e+00 -6.2154e+00 -1.0661e+01 -2.9389e+00 -5.6777e+00  1.2431e+01  1.0000e+00
-1.4456e+00  5.6334e-01  1.1871e+00  2.2403e+00  2.8302e+00 -3.6440e-02  3.6097e+00  1.0000e+00
-1.3833e-01  1.3222e+00  8.6870e-01  2.3373e+00  1.3952e+01  2.2710e+00  1.4327e+01  1.0000e+00
-2.0399e-01 -1.9838e+01 -1.4109e+01 -7.1299e-01 -2.6685e+01 -1.9203e+01  3.2883e+01  1.0000e+00
-8.3246e-01 -7.5734e+00 -3.8369e-02 -2.3651e+00 -3.7718e+01 -2.6297e+00  3.7883e+01  1.0000e+00
 3.6352e-01  6.3421e-01  7.7634e-01  7.5922e+00 -1.1281e+00  1.2068e+00  7.7699e+00  1.0000e+00
-1.6912e-01  1.0399e+00 -3.8865e-01 -3.3060e+00  6.6922e+00  4.9456e+00  8.9540e+00  1.0000e+00
-7.9279e-01  1.4580e+00  3.2977e-01 -2.6864e+00  5.3348e+00 -3.5449e+00  6.9457e+00  1.0000e+00
 1.8828e-01  8.6775e-01  4.7791e-01  8.6367e+00  1.0440e+01  1.9597e-01  1.3551e+01  1.0000e+00
-3.8193e+01 -4.5819e+01  2.1425e+01 -5.1364e+01 -6.2584e+01  2.9541e+01  8.6184e+01  1.0000e+00
-4.2172e-01  8.2950e-01  7.5965e-01 -1.0763e+01 -1.3883e+00  2.7332e+00  1.1192e+01  1.0000e+00
-3.2249e+00  5.8098e+00 -2.3201e+00 -3.4097e+00  6.9596e+00 -1.8462e+00  7.9668e+00  1.0000e+00
-5.2577e-01  1.2075e+00  3.3195e-01  1.4269e+01  4.9844e+00  7.6752e+00  1.6952e+01  1.0000e+00
-3.9844e-01  9.7463e-01  3.8974e-01  3.2204e-02  1.7502e+01 -9.5499e+00  1.9938e+01  1.0000e+00
-1.2434e+00  1.1308e+00  3.7373e-01 -1.9772e+00  4.6645e+00 -7.3970e+00  8.9656e+00  1.0000e+00
 4.8553e-01  1.2784e+00  2.1158e-01 -7.7259e+00 -9.7764e+00 -1.1583e+00  1.2514e+01  1.0000e+00
 1.2177e-01  1.4716e+00  3.1158e-01 -1.4112e+01  3.8323e+00  8.3039e+00  1.6816e+01  1.0000e+00
-1.3112e-01 -1.7404e+01  8.2937e+00 -1.8265e-01 -2.3320e+01  1.0918e+01  2.5750e+01  1.0000e+00
-2.2817e+01 -1.3635e+01 -8.2553e+00 -3.2388e+01 -1.9285e+01 -1.2563e+01  3.9733e+01  1.0000e+00
-5.1641e-01  4.5990e-01  3.5011e-01 -5.5396e+00  1.3494e+01  3.8330e+00  1.5082e+01  1.0000e+00
 1.1130e-01  1.1804e+00 -9.2342e-02  1.3782e+01  9.6103e+00 -9.2917e+00  1.9200e+01  1.0000e+00
 2.9227e+01 -1.0464e+01 -1.7157e+00  4.0659e+01 -1.4496e+01 -2.2777e+00  4.3226e+01  1.0000e+00
-1.2222e+00  1.5577e+00  1.3203e-01  1.0437e+00  9.6105e-01  1.4136e+01  1.4207e+01  1.0000e+00
 2.8614e+02 -3.5407e+02  2.3189e+02  3.8386e+02 -4.7418e+02  3.0947e+02  6.8408e+02  1.0000e+00
-3.2183e-01  1.4007e+00 -8.3594e-02 -4.7885e+00 -3.2884e+00  8.6178e-01  5.8725e+00  1.0000e+00
 8.6015e-02  9.5690e-01  5.9350e-01  1.7288e+00  2.1317e+00 -2.0379e+01  2.0563e+01  1.0000e+00
-4.8845e-01  1.4258e+00  8.5803e-01  1.6063e+00  3.8359e+00  4.9082e+00  6.4331e+00  1.0000e+00
 1.5989e+01  1.2900e+01  1.2481e+00  2.1288e+01  1.7041e+01  1.8684e+00  2.7333e+01  1.0000e+00
-1.3030e+01 -3.3559e+00  7.0817e+00 -1.8541e+01 -4.6393e+00  1.0795e+01  2.1951e+01  1.0000e+00
 3.9441e+00 -2.1777e+01  1.0791e+00  5.2467e+00 -2.9340e+01  1.2228e+00  2.9830e+01  1.0000e+00
-1.1238e-01  1.3937e+00  2.9261e-01  1.1778e+01  1.0926e+01  1.8459e+01  2.4471e+01  1.0000e+00
 1.0319e+00  1.0035e+01 -1.5554e+01  1.2465e+00  1.3165e+01 -2.0612e+01  2.4489e+01  1.0000e+00
-4.3959e+01  1.4802e+01  1.6063e+01 -6.8482e+01  2.3099e+01  2.4971e+01  7.6465e+01  1.0000e+00
-3.9633e-02  1.3524e+00  3.4072e-01  7.6870e+00  1.0292e+01 -6.7767e+00  1.4524e+01  1.0000e+00
 4.8655e-02  1.5370e+00  4.2731e-01 -4.2610e+00  1.8291e+01  8.8207e+00  2.0749e+01  1.0000e+00
-2.4911e-01  1.4438e+00  3.6971e-01 -9.2979e-01 -4.8922e-01 -3.4834e+00  3.6384e+00  1.0000e+00
 1.3149e-01  8.1487e-01  3.9721e-01 -2.5481e+01  1.6007e+01  8.5803e+00  3.1291e+01  1.0000e+00
 2.1760e+00 -2.2496e+01  1.7879e+01  2.9605e+00 -3.1122e+01  2.4758e+01  3.9878e+01  1.0000e+00
 1.3221e+01 -2.4702e+01  9.8370e+00  2.3444e+01 -4.4016e+01  1.7165e+01  5.2742e+01  1.0000e+00
-1.3199e+00  1.2727e+01  2.0729e+00 -3.2208e+00  1.5173e+01  2.9621e+00  1.5792e+01  1.0000e+00
-7.2347e-01  8.5336e-01  2.0188e-02 -7.2818e+00  4.3767e+00 -4.5047e+00  9.6162e+00  1.0000e+00
-1.0821e+00  2.6682e+00  4.8418e-02 -8.6360e+00  1.6075e+01 -8.6922e-01  1.8268e+01  1.0000e+00
-2.5118e-01  9.8249e-01  4.6766e-01  6.9641e+00  2.8436e-01  1.5617e+01  1.7102e+01  1.0000e+00
 1.1398e+01 -3.5815e+00  6.0840e+00  1.4423e+01 -3.7286e+00  7.2236e+00  1.6556e+01  1.0000e+00
 1.0680e-01  1.4022e+00  1.4486e+00  5.0912e+00 -7.9672e-01 -4.8797e+00  7.0970e+00  1.0000e+00
-1.1865e-01  1.2440e+00  5.8404e-01 -7.1693e+00  1.0364e+01  1.9158e+01  2.2931e+01  1.0000e+00
 9.8642e-02  1.0269e+00  1.5839e-01 -1.1021e+01 -7.3500e+00  1.2932e+00  1.3310e+01  1.0000e+00
-4.7626e+00 -4.0721e+00 -2.4180e+01 -6.3670e+00 -5.4083e+00 -3.2988e+01  3.4029e+01  1.0000e+00
-1.4549e+00 -3.9829e-01  4.3502e+00  2.9452e-01  1.7390e+00  6.6675e-01  1.8855e+00  1.0000e+00
 2.9642e+01 -6.3708e-01 -6.3735e+00  4.1192e+01 -7.3417e-01 -8.5652e+00  4.2079e+01  1.0000e+00
-1.2142e-01  2.6268e-01  5.1010e-01  5.0019e+00  1.4727e+01  2.1021e+00  1.5694e+01  1.0000e+00
 1.0335e+01 -1.7460e+00  2.7094e+01  1.4368e+01 -2.8389e+00  3.7693e+01  4.0438e+01  1.0000e+00
-9.2047e-01  1.5098e+00 -9.6932e-01  2.3826e+00  1.2261e+00  8.7064e+00  9.1095e+00  1.0000e+00
-6.8342e-01  1.1317e+00 -2.9624e-01  7.8328e+00  1.5207e+01 -1.0742e+01  2.0199e+01  1.0000e+00
-1.1592e+01  1.9766e+00  1.8927e+01 -1.5436e+01  2.6674e+00  2.5597e+01  3.0010e+01  1.0000e+00
-2.1307e+00  8.6194e+00 -4.0910e-01 -3.6967e+00  6.7447e+00 -7.9399e-01  7.7322e+00  1.0000e+00
 2.0279e-01  1.3218e+00  5.6998e-01 -5.6085e+00  8.4355e+00  4.5894e+00  1.1121e+01  1.0000e+00
 9.0128e-01  4.6422e+01  3.0101e+01  2.8024e-01  6.3444e+01  4.0453e+01  7.5244e+01  1.0000e+00
-6.2652e+00  5.5668e+00 -1.9206e+00 -5.4953e+00  5.0248e+00 -5.1413e-01  7.4640e+00  1.0000e+00
-8.5909e-01  3.1051e-01  1.1155e+00  2.2198e+00 -3.3218e+00  5.2266e+00  6.5787e+00  1.0000e+00
 5.2075e-02  1.1795e+00  1.8017e-01  1.8027e+01  1.0756e+00 -4.7098e+00  1.8663e+01  1.0000e+00
-1.5745e-01  9.7403e-01  5.7664e-01  8.7507e+00  8.5086e+00 -1.2249e+00  1.2267e+01  1.0000e+00
 4.5394e-02  9.6356e-01  7.8777e-01 -3.6331e+00  1.2345e+01  4.6920e+00  1.3698e+01  1.0000e+00
-2.2846e-01  1.2086e+00  3.7943e-01 -8.8510e+00 -1.6479e+01 -1.3735e+00  1.8756e+01  1.0000e+00
-3.0929e+00  4.1067e-01  4.6340e+00  1.6282e-01  1.6346e+00  1.0801e+00  1.9660e+00  1.0000e+00
-6.0535e-01  1.6578e+00 -3.3225e-02  3.0847e+00 -7.3728e-01  1.8488e-02  3.1716e+00  1.0000e+00
-1.6670e+01  1.3953e+01  4.7406e+00 -2.6916e+01  2.2476e+01  7.1656e+00  3.5791e+01  1.0000e+00
 2.4072e-01 -1.5311e-01  6.2718e-01  1.9409e+01 -3.4947e+01  7.0232e+00  4.0588e+01  1.0000e+00
-1.8883e-01  1.1399e+00  2.7505e-01  1.0222e+01 -1.0213e+00 -7.5482e+00  1.2748e+01  1.0000e+00
-2.0623e-01  7.5824e-01  5.3887e-01 -8.6553e+00  5.5532e+00 -4.8666e+00  1.1377e+01  1.0000e+00
-3.1605e-01  5.9698e-01  2.6788e-01  1.6127e+00 -6.5642e+00 -8.3951e+00  1.0778e+01  1.0000e+00
 9.7076e+00 -1.6278e+01 -8.1763e+00  1.3121e+01 -2.1448e+01 -1.0997e+01  2.7443e+01  1.0000e+00
-3.3037e-01  1.7311e+00  1.2146e-01 -3.8383e+00  1.3726e+01 -8.2538e+00  1.6470e+01  1.0000e+00
 1.2768e+01  3.5695e+00 -2.8369e+01  1.7767e+01  5.2323e+00 -3.8007e+01  4.2280e+01  1.0000e+00
-2.0139e+00  1.0886e+01 -6.7259e+00 -2.4729e+00  1.3128e+01 -7.2263e+00  1.5188e+01  1.0000e+00
-2.5505e+01 -8.9160e+00  6.0565e+00 -3.5438e+01 -1.2093e+01  8.3739e+00  3.8369e+01  1.0000e+00
 3.2039e+01 -3.0812e+00 -1.3107e+01  4.5013e+01 -4.2857e+00 -1.8257e+01  4.8763e+01  1.0000e+00
 1.2441e+01 -6.8791e+01  4.2682e+01  1.7616e+01 -9.7711e+01  6.0738e+01  1.1639e+02  1.0000e+00
 2.6293e-01  1.0658e+00  1.7376e-01  9.3559e+00  3.3223e+00  2.0388e+00  1.0135e+01  1.0000e+00
-6.2088e-02  1.1265e+00  3.7656e-01  7.6121e+00  1.1431e+01 -3.7119e+00  1.4226e+01  1.0000e+00
-2.4764e-01  8.9954e-01  3.2606e-01 -1.5392e+01 -9.3268e+00 -6.4635e+00  1.9123e+01  1.0000e+00
-9.4680e-01  4.7910e-01  5.2565e-01 -8.1538e+00 -6.3163e+00  2.2998e+00  1.0567e+01  1.0000e+00
-1.5452e+01 -7.5437e+00 -7.9040e+00 -2.0782e+01 -9.4951e+00 -1.0604e+01  2.5189e+01  1.0000e+00
 3.8215e-01  1.0968e+00  4.1656e-01 -9.4073e+00  6.7625e+00 -4.0799e+00  1.2283e+01  1.0000e+00
-8.7683e-01  3.6775e-01 -1.0254e-01  4.9368e+00  4.1112e+00 -7.3389e+00  9.7537e+00  1.0000e+00
-4.6096e-01  1.1690e+00 -1.2617e-01  7.0729e+00 -1.0253e+01  1.0579e+01  1.6342e+01  1.0000e+00
-3.2828e-01  1.0747e+00  5.5284e-01  1.1251e+01 -1.2366e+01  2.1757e+00  1.6859e+01  1.0000e+00
 3.2330e+00 -2.8598e+00 -3.7887e+00  1.9567e+00  2.0164e-02 -2.2259e+00  2.9637e+00  1.0000e+00
 6.9772e-01  1.2932e+00  4.2508e-01  1.3594e+00 -1.2076e-01  2.0092e+00  2.4289e+00  1.0000e+00
 3.8168e-01  1.5518e+00  4.3580e-01 -8.6733e-02 -2.9336e+00 -1.0425e+00  3.1146e+00  1.0000e+00
 1.0507e+01 -1.2754e+01 -1.5473e+01  1.4120e+01 -1.7632e+01 -2.0598e+01  3.0571e+01  1.0000e+00
 7.0101e+00  3.5992e+00 -3.7788e+00  2.2350e+01  8.8140e+00 -1.0347e+01  2.6158e+01  1.0000e+00
-5.5009e-01  1.2267e+00  5.3351e-01 -9.3322e+00  1.6262e+00 -1.6510e+00  9.6156e+00  1.0000e+00
-3.2672e-01  1.2064e+00  2.0904e-01 -8.1208e+00  1.4451e+01 -3.9582e+00  1.7042e+01  1.0000e+00
-3.7466e-01  1.2745e+00  1.0147e+00 -4.4681e+00 -1.6612e+01 -5.1826e+00  1.7966e+01  1.0000e+00
 1.3893e+01 -6.7155e+00 -9.1350e+00  3.0721e+01 -1.5860e+01 -2.0192e+01  4.0038e+01  1.0000e+00
 1.6598e-01  1.2926e+00 -1.1406e-02  1.1090e+01 -3.2039e+00  3.2359e+00  1.1989e+01  1.0000e+00
 9.7661e-01  9.1789e-01  6.2098e-01  6.5756e-01  3.3134e-02  1.5414e+00  1.6762e+00  1.0000e+00
-3.6346e+01  8.7569e+00  1.7897e+01 -6.0135e+01  1.4435e+01  2.9681e+01  6.8597e+01  1.0000e+00
-2.0578e-02  9.8871e-01  3.9594e-01  8.0451e+00  1.6240e+01 -1.0812e-01  1.8124e+01  1.0000e+00
 1.3857e+01  9.9675e+00 -1.0854e+00  1.7623e+01  1.3272e+01 -9.4712e-01  2.2082e+01  1.0000e+00
-3.5604e-01  1.0713e+00  4.3740e-01  1.6517e+01  3.4342e+00  1.5310e+01  2.2781e+01  1.0000e+00
 2.5664e-01  1.0695e+00  2.6810e-01  8.7396e+00  1.2122e+01  5.6395e+00  1.5973e+01  1.0000e+00
 9.6764e-02  1.0635e+00  6.2952e-01 -1.2702e+01  2.4396e+00 -1.3785e+01  1.8903e+01  1.0000e+00
 2.7307e+00  1.2524e+01 -6.0820e-01  3.7978e+00  1.4499e+01 -1.3537e+00  1.5050e+01  1.0000e+00
-2.8426e+02  3.5289e+02 -2.3613e+02 -3.7964e+02  4.7214e+02 -3.1702e+02  6.8377e+02  1.0000e+00
 1.5270e-01  1.1434e+00  5.1886e-01 -2.5841e+01  9.0114e+00  8.6560e-01  2.7381e+01  1.0000e+00
-9.4264e-01  2.0351e+00  1.4062e-01 -4.1251e+00  1.5362e+01  1.6282e+00  1.5989e+01  1.0000e+00
-1.0198e+00  3.7576e+00 -6.3001e-02 -1.1238e+00  3.0018e+00  4.0214e-01  3.2304e+00  1.0000e+00
-5.7530e-01  1.1226e+00 -4.5198e-01  5.3849e-01  5.2967e-01  1.8250e+00  1.9752e+00  1.0000e+00
 6.2932e-01  1.2977e+00 -2.1137e-01 -3.5356e+00 -7.3630e+00 -1.5508e+00  8.3138e+00  1.0000e+00
 1.0014e+01 -1.4679e+01 -1.4109e+01  1.4564e+01 -1.8946e+01 -1.8775e+01  3.0390e+01  1.0000e+00
 1.7620e+00  9.0306e-02  6.6247e-01 -8.2602e+00  4.2082e+00  1.2961e+00  9.3605e+00  1.0000e+00
-7.3652e-01  8.9729e-01  1.6839e+00  8.5530e+00  4.6710e+00 -9.4147e+00  1.3550e+01  1.0000e+00
-1.7081e-01  1.0051e+00  8.8028e-02  6.1777e+00  1.2612e+01 -1.1327e+01  1.8043e+01  1.0000e+00
-2.2078e+01  1.4004e+00  1.8936e+01 -3.0559e+01  2.2633e+00  2.6427e+01  4.0464e+01  1.0000e+00
-3.5913e-02  1.1718e+00 -1.0641e-01  1.1134e+01  4.0371e+00  3.1712e+00  1.2261e+01  1.0000e+00
-1.3845e-01  8.8531e-01  2.2817e-01 -1.9237e+00 -2.8685e+00 -2.6511e+00  4.3540e+00  1.0000e+00
-1.4945e+01  1.3639e+01 -2.4100e+01 -2.0735e+01  1.9151e+01 -3.3490e+01  4.3798e+01  1.0000e+00
 2.5275e+01 -1.7233e+01  6.9939e+00  3.5110e+01 -2.3806e+01  9.7857e+00  4.3534e+01  1.0000e+00
 1.3317e+01 -8.1781e+00  1.4991e+01  1.7702e+01 -1.0877e+01  2.0340e+01  2.9076e+01  1.0000e+00
 7.2295e-01  1.0310e+00 -1.3305e-01  7.5793e+00  1.0230e+00  6.5940e+00  1.0098e+01  1.0000e+00
-1.1175e-01  1.1094e+00  2.6986e-01  1.5745e+01  1.3848e+01 -7.6831e+00  2.2331e+01  1.0000e+00
-1.1431e-01  9.4904e-01  2.6956e-01 -8.3548e+00  1.5148e+00  2.6859e+01  2.8169e+01  1.0000e+00
-9.7123e+00  1.3652e+00  3.0985e+00 -1.0348e+01  9.5462e-01  2.8677e+00  1.0780e+01  1.0000e+00
-2.9465e-01  1.1154e+00  4.4582e-01  1.5663e+01 -1.1793e+01 -3.4638e+00  1.9910e+01  1.0000e+00
-3.5697e-01  1.1056e+00  6.4573e-02 -4.8757e+00  3.9784e+00 -6.6660e+00  9.1671e+00  1.0000e+00
-2.9097e-02  9.7088e-01  8.8522e-01 -5.4701e+00  8.8999e-01 -4.0985e+00  6.8929e+00  1.0000e+00
 1.6390e-01  6.4797e-01  4.8991e-01  4.0432e+00 -7.7682e-01 -8.2363e+00  9.2080e+00  1.0000e+00
-9.4778e+00  9.5252e+00 -7.9188e+00 -1.1801e+01  1.3060e+01 -9.8109e+00  2.0151e+01  1.0000e+00
-4.4521e-01  7.1064e-02  2.7967e-01  1.0194e+01  1.8020e+00  4.0961e+00  1.1133e+01  1.0000e+00
-7.5877e+00  4.8076e+00 -1.8485e+01 -1.0246e+01  6.4348e+00 -2.4623e+01  2.7435e+01  1.0000e+00
-2.9650e+00  1.1194e+01  4.4242e+00 -5.3181e+00  1.2660e+01  3.9714e+00  1.4295e+01  1.0000e+00
-2.3991e+01 -5.2095e+00 -6.5504e+00 -3.3357e+01 -6.8924e+00 -8.4088e+00  3.5084e+01  1.0000e+00
-5.0083e-02  1.9730e+00 -4.5370e-01 -7.1052e+00 -1.9149e+00  4.1612e+00  8.4538e+00  1.0000e+00
-1.2389e-01 -6.6073e-02 -3.0987e+00 -3.3323e-01  1.7660e+00  1.9976e+00  2.6870e+00  1.0000e+00
-6.5104e-02  1.2277e+00  1.3862e-01  1.5243e+01  3.9130e-01  1.8386e+01  2.3886e+01  1.0000e+00
 9.8938e-01  1.2470e+00 -9.4264e-01  1.2178e+01  9.5597e-01 -3.3625e+00  1.2670e+01  1.0000e+00
-2.5638e-01  1.1496e+00  3.6048e-02 -6.2874e+00 -2.2592e+01 -5.3628e+00  2.4056e+01  1.0000e+00
 2.3060e-01  9.4562e-01  4.7188e-01 -2.5780e+00  1.4046e+01 -4.6235e+00  1.5010e+01  1.0000e+00
 1.7581e-01  2.1308e+00  1.2006e+00  2.4072e+00  1.1959e+01  7.6137e+00  1.4380e+01  1.0000e+00
 2.7036e+00 -7.6123e-01 -7.0325e-01 -3.1496e+00  3.8909e+00 -3.7131e+00  6.2327e+00  1.0000e+00
 1.8188e+00  5.9743e+00 -1.7127e+00  3.9636e+00  1.0812e+01 -4.7986e+00  1.2476e+01  1.0000e+00
-3.4309e-01  2.9547e-01  6.1544e-01  1.9529e+00  4.8919e+00 -2.3915e+00  5.7848e+00  1.0000e+00
-3.0802e+01  3.3702e+01 -2.0490e+01 -4.1919e+01  4.4181e+01 -2.6625e+01  6.6468e+01  1.0000e+00
-1.3738e-01  9.9234e-01  3.2015e-01  1.0377e+01 -1.6687e+00 -2.6802e+01  2.8789e+01  1.0000e+00
-1.9490e-01  2.0388e+00  1.0382e-01 -1.3728e+01 -1.0307e+01  8.8778e+00  1.9326e+01  1.0000e+00
-9.1683e+00 -4.2553e+00 -8.8316e+00 -1.9689e+01 -1.0687e+01 -2.0056e+01  3.0069e+01  1.0000e+00
-1.7545e-01  1.1626e+00  4.7860e-01  1.2115e+00  2.7798e+00  2.5817e+00  3.9825e+00  1.0000e+00
-5.2265e-01 -1.6635e+01 -9.1723e+00 -5.9787e-01 -2.1860e+01 -1.2468e+01  2.5173e+01  1.0000e+00
-5.7397e-01  1.3750e+00  5.6441e-01 -2.5491e+00 -4.5962e+00 -1.1406e+01  1.2559e+01  1.0000e+00
 1.0081e+01 -1.4716e+01 -1.3974e+01  1.2830e+01 -2.0541e+01 -1.9088e+01  3.0836e+01  1.0000e+00
-4.0125e-02  8.2935e-01  1.5533e-02  5.0298e+00 -6.6878e-01 -1.0413e+01  1.1583e+01  1.0000e+00
-2.6649e+01  7.0951e+00 -1.3889e+01 -9.1032e+01  2.1569e+01 -4.8390e+01  1.0533e+02  1.0000e+00
 1.2957e+00  1.0297e+01  4.1027e+00  2.4415e+00  1.1481e+01  3.8522e+00  1.2354e+01  1.0000e+00
 5.0302e+00 -1.0201e+01  1.6119e+01  7.0084e+00 -1.3485e+01  2.1678e+01  2.6474e+01  1.0000e+00
-1.2091e-02  1.2180e+00  4.1868e-01 -1.5370e+00  1.6798e+01  2.2054e+00  1.7012e+01  1.0000e+00
-1.8349e+01  1.0562e+01 -4.1720e+00 -4.2377e+01  2.3365e+01 -9.9230e+00  4.9399e+01  1.0000e+00
 1.4392e-01  8.7130e-01  3.5643e-01 -7.3289e+00  2.7873e+00 -6.9130e+00  1.0453e+01  1.0000e+00
-2.2729e-01  1.2196e+00  3.9382e-01  3.3346e+00  2.1785e+01  2.3789e+01  3.2429e+01  1.0000e+00
-1.2000e+01 -4.0526e+00  7.1550e+00 -1.5057e+01 -5.1639e+00  8.4421e+00  1.8018e+01  1.0000e+00
 1.4525e-01  8.9718e-01 -6.9526e-02  9.8469e-01 -1.0588e+01  1.3823e+00  1.0723e+01  1.0000e+00
-1.9630e+00  5.3040e+00  8.4816e-01 -9.6924e+00  2.1471e+01  2.8709e+00  2.3731e+01  1.0000e+00
 1.9183e+01 -2.4589e+01 -1.9601e+00  2.6852e+01 -3.4085e+01 -2.7919e+00  4.3481e+01  1.0000e+00
-1.0617e+00  2.9666e+00  6.7209e-01 -1.3142e+00  2.8611e+00  2.6362e+00  4.1064e+00  1.0000e+00
 9.3322e-01 -1.9621e+00  1.3318e+00 -2.0407e-01 -4.3880e+00  2.7762e+00  5.1964e+00  1.0000e+00
-3.1945e-01  1.4435e+00 -7.2815e-02 -1.7173e+01 -5.8486e+00  5.2304e+00  1.8881e+01  1.0000e+00
-1.6320e-02  5.9012e-01  2.9160e-01  1.8543e+01 -9.1207e+00  5.7351e+00  2.1445e+01  1.0000e+00
-1.0346e+00  1.8491e+00 -8.7994e-01 -6.9063e+00  6.1698e+00 -1.4366e+01  1.7093e+01  1.0000e+00
 4.0899e-02  1.3520e+00 -1.8610e-02  1.4090e+01 -7.3465e-01 -1.9252e+00  1.4240e+01  1.0000e+00
-1.8588e+00  9.9079e-01 -5.0901e-01 -9.1057e-02  4.4908e+00 -2.6350e+00  5.2075e+00  1.0000e+00
-5.9356e+00 -1.9172e+00 -1.1869e+00 -5.5591e+00 -7.2890e-01 -5.1264e-01  5.6300e+00  1.0000e+00
-5.5425e-02  9.9138e-01  4.7466e-01  8.4758e+00  2.8600e+00 -1.9408e+01  2.1370e+01  1.0000e+00
-6.6008e-02  1.1025e+00  5.2536e-01 -1.6978e+01  6.3744e+00 -1.1480e+01  2.1463e+01  1.0000e+00
-2.5862e-01  1.1923e+00  2.2062e-01  2.8876e+00 -5.3331e+00 -4.6342e+00  7.6326e+00  1.0000e+00
-2.2545e-01  1.1701e+00  4.5284e-01 -2.9998e-01 -1.2277e+01 -2.0947e+01  2.4281e+01  1.0000e+00
-2.8553e-01  9.4190e-01  4.1159e-01  8.7209e+00  1.2409e+01  2.7540e+00  1.5415e+01  1.0000e+00
 2.5385e-01  2.2046e+00  1.3228e+00  5.6405e+00  3.0377e+00  2.7675e+00  6.9787e+00  1.0000e+00
 3.7335e+00 -8.2740e+00 -2.2491e+00  2.1798e+01 -5.0563e+01 -1.3287e+01  5.6642e+01  1.0000e+00
 1.0609e+00  7.1576e-01  7.5866e-01  2.1487e+00  2.4256e+00 -9.6097e-01  3.3800e+00  1.0000e+00
-3.9134e+01  3.1638e+01  1.4715e+01 -8.1274e+01  6.5132e+01  3.0715e+01  1.0859e+02  1.0000e+00
-8.7560e-01  1.5393e+00  2.3002e-01 -1.2580e+01  6.6970e+00  1.0659e+01  1.7797e+01  1.0000e+00
-2.6741e-01  1.1475e+00  3.0847e-01 -7.5188e+00 -1.4371e+01 -2.5648e+01  3.0346e+01  1.0000e+00
-1.3104e+02  4.3642e+00  1.1770e+02 -2.4181e+02  7.3671e+00  2.1773e+02  3.2547e+02  1.0000e+00
 1.3268e-01  8.4535e-01  4.0608e-01 -7.0412e+00 -5.2465e+00  1.4806e+01  1.7214e+01  1.0000e+00
-1.3028e+00  8.9879e-01 -6.2076e-01 -2.7458e+00 -6.0354e-01  8.5938e-01  2.9398e+00  1.0000e+00
-3.3221e-01  1.2927e+00  3.2520e-01  2.2664e+01 -1.4880e+00 -1.9762e+00  2.2799e+01  1.0000e+00
-3.6159e+00  5.3509e+00  1.3836e+01 -4.2594e+00  5.9819e+00  1.5950e+01  1.7559e+01  1.0000e+00
 5.8026e+00  2.5113e+00  1.5443e+00  2.2891e+00  2.5896e+00  1.5197e+00  3.7757e+00  1.0000e+00
 1.0479e+01 -6.1169e+00 -8.9634e+00  1.3218e+01 -8.0660e+00 -1.1104e+01  1.9054e+01  1.0000e+00
-8.6082e-02  9.7728e-01  3.1262e-01 -1.9416e+00 -1.2477e+01  7.5295e+00  1.4702e+01  1.0000e+00
 1.5217e+01 -1.5469e+01 -2.2852e+01  2.1302e+01 -2.1452e+01 -3.1515e+01  4.3671e+01  1.0000e+00
 6.6806e-02  9.4290e-01 -1.2509e-02  3.5950e+00 -5.3153e+00 -6.2034e+00  8.9251e+00  1.0000e+00
-5.4541e-02  1.0371e+00  4.9228e-01  4.3596e+00  8.5696e+00  1.6441e+00  9.7544e+00  1.0000e+00
-3.7666e-01  1.2887e+00 -1.0968e-01  1.9594e+00 -1.2818e+01  9.6223e-01  1.3003e+01  1.0000e+00
-1.0471e+01 -1.6592e+01 -1.5692e+01 -2.4953e+01 -4.1577e+01 -3.8334e+01  6.1813e+01  1.0000e+00
-6.4102e-01  1.7505e+00 -2.3390e-01 -6.0207e+00  1.3348e+00 -7.6807e+00  9.8501e+00  1.0000e+00
-3.2959e-01  9.3548e-01  5.8836e-01  2.4947e+00  3.2301e+00 -2.5270e+01  2.5598e+01  1.0000e+00
-4.2768e-01  1.3613e+00  3.5877e-01  9.0761e+00 -7.4201e+00  3.7366e+00  1.2304e+01  1.0000e+00
-5.6308e-02  3.7790e-01 -2.7807e-01 -2.7313e+00  1.3017e+00 -3.4677e+00  4.6021e+00  1.0000e+00
-2.8389e-01  1.3544e+00  1.3757e-01 -6.1927e+00 -1.4185e+01  2.0569e+01  2.5742e+01  1.0000e+00
-1.3729e+00  2.5422e+00  2.5994e+00  3.3104e-01  2.0076e+00 -1.1760e+00  2.3501e+00  1.0000e+00
-3.7804e+00  5.7861e+00  1.6373e+01 -4.4560e+00  7.8188e+00  2.1144e+01  2.2980e+01  1.0000e+00
-9.5649e-02  1.8104e+00 -9.4970e-01 -6.1224e+00 -3.2946e+00 -5.9855e+00  9.1741e+00  1.0000e+00
-2.7052e-02  1.1243e+00  9.6625e-02  6.1825e+00 -1.2491e+01 -1.9376e+01  2.3868e+01  1.0000e+00
 1.0823e-01  8.5254e-01  5.1635e-01  9.4237e-01  8.8318e+00  7.3361e+00  1.1520e+01  1.0000e+00
-1.2904e+00  6.9892e-01 -3.5434e-01 -4.4910e+00  3.2348e+00  3.6119e+00  6.6090e+00  1.0000e+00
 1.1546e+01 -2.9054e+01  5.1553e+01  1.5600e+01 -3.9382e+01  7.0865e+01  8.2560e+01  1.0000e+00
 2.2129e+01  4.2160e+00  2.0877e+01  3.0661e+01  5.7852e+00  2.9145e+01  4.2696e+01  1.0000e+00
-3.1186e+00  1.2591e+00 -8.5302e-01 -1.5848e+00 -2.2839e+00 -6.4298e+00  7.0050e+00  1.0000e+00
 3.3308e-01  9.7126e-01  5.5423e-01  8.2933e+00 -4.0078e+00  1.8445e+01  2.0617e+01  1.0000e+00
-3.2261e-01  5.9517e-01  2.8895e-01  4.8345e+00 -1.2091e+01  6.3890e+00  1.4505e+01  1.0000e+00
-5.8427e+00  3.8420e+00  2.3123e+01 -7.9881e+00  5.5351e+00  3.1572e+01  3.3034e+01  1.0000e+00
-1.5207e+01 -2.7861e+00 -1.4437e+01 -2.0337e+01 -2.4944e+00 -1.8796e+01  2.7805e+01  1.0000e+00
-1.5860e+00  1.2243e+00  1.0605e+00 -1.4462e+01 -2.3529e+00  6.9592e+00  1.6221e+01  1.0000e+00
-8.2857e+00 -1.4219e+01 -1.1132e+00 -1.2052e+01 -2.1929e+01 -1.2816e+00  2.5056e+01  1.0000e+00
-7.2903e-01 -8.6439e-03  6.1836e-01  8.7328e+00  1.1738e+01 -3.1231e+00  1.4960e+01  1.0000e+00
 2.8862e-03  1.0629e+00  6.8935e-01  9.4883e-01  7.2342e+00 -1.2575e+01  1.4538e+01  1.0000e+00
-2.2927e+00 -6.9228e-01  6.7772e-02  1.7935e+00  4.7294e+00  1.3066e+00  5.2241e+00  1.0000e+00
 1.0778e-02  8.2269e-01  2.3072e-01 -4.3437e+00  3.5278e+00  3.3327e+00  6.5131e+00  1.0000e+00
 1.1961e-02  1.1751e+00  1.1535e-01  8.2889e+00  5.9079e+00 -4.3361e+00  1.1064e+01  1.0000e+00
-7.9285e+00  2.5050e+01 -3.2223e+00 -1.0779e+01  3.4375e+01 -4.3293e+00  3.6284e+01  1.0000e+00
 3.8758e+00  1.8553e+00  4.5067e+00  8.5817e-01  3.9062e+00  4.0222e+00  5.6721e+00  1.0000e+00
-1.4164e+01 -2.0008e-01 -3.6823e+00 -1.7656e+01  4.0865e-01 -4.7303e+00  1.8283e+01  1.0000e+00
 1.7435e+00  1.9013e+00 -2.9062e+00  2.3795e+00  1.3726e+00  6.9368e-02  2.7479e+00  1.0000e+00
-1.1360e+01 -4.3195e+00  7.8638e+00 -1.4138e+01 -4.4657e+00  9.7077e+00  1.7722e+01  1.0000e+00
-1.2473e-01  1.6741e+00  4.9420e-01  6.1149e-01 -1.0257e+01  3.1202e+00  1.0739e+01  1.0000e+00
 2.9390e+01  1.0647e+01  2.4516e+00  4.0690e+01  1.4943e+01  3.3287e+00  4.3474e+01  1.0000e+00
 1.0579e+01  1.4690e+01  2.0058e+00  1.4092e+01  1.9162e+01  3.0768e+00  2.3984e+01  1.0000e+00
-2.2896e+01 -1.3713e+01 -8.4794e+00 -3.1133e+01 -1.7984e+01 -1.0483e+01  3.7451e+01  1.0000e+00
 1.7081e+00  2.8804e+00 -9.6971e-01  7.4953e+00  2.1777e+00 -7.6312e+00  1.0916e+01  1.0000e+00
-2.2508e+01 -5.2330e-01 -5.8987e+00 -3.0723e+01 -4.5939e-01 -8.1089e+00  3.1778e+01  1.0000e+00
 3.5886e-02  9.7874e-01  3.0301e-01 -1.7046e+01  1.5041e+01 -6.3026e-01  2.2742e+01  1.0000e+00
-3.8278e-01  9.6685e-01 -2.1238e-02  7.0653e+00 -9.5145e+00 -1.5532e+00  1.1952e+01  1.0000e+00
-4.5572e+00  1.8193e+01 -7.0032e+00 -5.5925e+00  2.4655e+01 -9.3016e+00  2.6939e+01  1.0000e+00
 2.8172e+01  2.3052e+01 -1.7684e+01  4.7191e+01  3.8188e+01 -2.9457e+01  6.7476e+01  1.0000e+00
 3.4865e-01  1.5155e+00  5.5782e-01  7.6169e+00  1.0674e+01 -7.3585e+00  1.5037e+01  1.0000e+00
-5.7898e-01  1.2462e+00 -1.6702e+00  3.4288e+00  3.9076e+00  1.0408e+01  1.1635e+01  1.0000e+00
-4.2850e-02  8.1569e-01  9.3039e-01 -1.6434e+00 -4.0241e+00 -1.3139e+01  1.3840e+01  1.0000e+00
 3.9978e+00 -3.0366e+00  2.1362e-01  2.5310e+00 -1.1972e-01  4.0692e+00  4.7935e+00  1.0000e+00
 2.5427e+00 -1.5389e+00  8.0470e-01  3.1920e+00  1.1106e+00 -1.5389e-01  3.3832e+00  1.0000e+00
-1.0654e-01  1.5937e+00  4.0939e-01  6.4389e+00  1.2494e+01 -9.8978e+00  1.7191e+01  1.0000e+00
-1.7555e+01 -8.8462e+00 -3.0854e+01 -2.4820e+01 -1.2606e+01 -4.3862e+01  5.1951e+01  1.0000e+00
-3.1305e+01 -1.0407e+01 -1.0497e+00 -4.3748e+01 -1.4216e+01 -1.5529e+00  4.6026e+01  1.0000e+00
 3.5455e+00 -2.6901e+00 -4.2147e+00  3.9744e+00 -5.6081e-01 -1.6095e+00  4.3245e+00  1.0000e+00
 3.1624e+01  5.4824e+00 -3.3020e+00  4.3951e+01  7.9195e+00 -4.7001e+00  4.4906e+01  1.0000e+00
-3.4830e-01  7.9155e-01  4.3945e-02  3.9349e+00 -5.6008e+00  1.1352e+01  1.3256e+01  1.0000e+00
 2.7221e-01  1.0109e+00  5.2229e-01  7.5028e+00  8.5506e+00 -2.7387e+00  1.1701e+01  1.0000e+00
-6.0905e-01  1.3270e+00  7.0315e-01 -5.1075e+00 -3.6850e+00 -5.8995e-01  6.3256e+00  1.0000e+00
-3.2917e+00  1.7192e+00 -1.2465e-01 -1.2526e+01  3.2429e+00  2.2785e-01  1.2941e+01  1.0000e+00
-2.2112e-01  9.8179e-01  6.7223e-01  4.9740e+00 -7.5624e+00 -1.1145e+01  1.4358e+01  1.0000e+00
 1.7788e-02  1.1305e+00  5.1919e-01  9.3292e+00  1.5031e+01 -1.1842e+01  2.1288e+01  1.0000e+00
-7.2982e-01  8.0606e-01  3.0144e-01 -1.1539e+01  7.2667e+00  3.2634e+00  1.4021e+01  1.0000e+00
-1.2546e+01  1.0683e+01 -1.9662e+00 -1.6063e+01  1.3554e+01 -2.2111e+00  2.1133e+01  1.0000e+00
 3.6417e-01  1.1067e+00  7.4162e-01  4.1589e+00  7.6468e+00 -2.2285e+00  8.9853e+00  1.0000e+00
-1.2655e+01 -3.7895e+00 -1.6229e-01 -1.5152e+01 -4.5324e+00 -4.2813e-01  1.5821e+01  1.0000e+00
-8.4668e-02  1.0721e+00  1.8444e-01 -1.5962e+01  7.6047e+00 -2.1768e+01  2.8044e+01  1.0000e+00
-4.9487e-01  6.5972e-01  3.9471e-01 -5.2779e-01  1.1983e+01  5.6345e+00  1.3252e+01  1.0000e+00
 5.6083e-02  8.9428e-01  1.3102e+00 -5.9706e+00 -3.0350e+00  3.2982e+00  7.4658e+00  1.0000e+00
-5.1688e-01  2.0572e+00 -8.4279e-01 -3.9519e+00  6.1972e+00  2.2469e+00  7.6858e+00  1.0000e+00
 1.0100e+01 -2.4886e+01 -1.2002e+01  1.4028e+01 -3.4282e+01 -1.6579e+01  4.0582e+01  1.0000e+00
-2.2667e+01 -4.0206e+00  2.0415e+01 -3.1526e+01 -5.2716e+00  2.8370e+01  4.2738e+01  1.0000e+00
 2.2784e-01  9.1168e-01  5.5665e-02  2.8317e+00 -7.1539e-01  4.4418e+00  5.3160e+00  1.0000e+00
-2.6228e+00 -8.5561e-01 -3.6516e+00 -9.7963e-01  1.9657e+00  7.4867e-01  2.3204e+00  1.0000e+00
-9.8961e-01  2.1795e+00  3.0024e-01 -3.6229e+00  7.4172e+00  2.5415e+00  8.6371e+00  1.0000e+00
-2.4742e-01  9.6252e-01  3.0943e-01 -1.2369e+01  1.7105e+01 -1.3715e+01  2.5172e+01  1.0000e+00
-1.9783e+00 -2.0142e+01 -1.4228e+01 -1.9666e+00 -2.7840e+01 -1.9885e+01  3.4269e+01  1.0000e+00
-3.1277e+00  5.4039e+00 -3.8643e+00 -2.3098e+00  4.0881e+00 -1.2902e+00  4.8695e+00  1.0000e+00
 1.2316e-01  1.0946e+00  1.3280e+00  8.1101e+00  3.4514e+00  5.8939e-02  8.8142e+00  1.0000e+00
-2.3804e-01  1.2634e+00  2.1773e-01  1.0758e+01  3.3420e+00  2.3200e+01  2.5790e+01  1.0000e+00
-1.3351e+00  8.6584e-01  7.4496e-01  7.0432e+00  5.2126e+00 -1.4881e+00  8.8878e+00  1.0000e+00
-4.2118e+00  1.8454e+01 -7.6940e+00 -5.8159e+00  2.4119e+01 -9.5918e+00  2.6600e+01  1.0000e+00
-3.4778e-01  1.4598e+00  7.8237e-01 -9.5161e-01  1.2977e+01  1.0653e+01  1.6816e+01  1.0000e+00
 7.4312e-01  3.5294e+00  2.2560e+01  1.8376e+00  5.1047e+00  2.8297e+01  2.8812e+01  1.0000e+00
 2.9238e-01  4.6181e+00 -2.6969e+00  4.5590e-01  5.2643e+00 -4.1316e+00  6.7075e+00  1.0000e+00
 3.4450e-03  1.1927e+00  8.6139e-01 -1.0207e+00 -6.0886e+00 -5.6598e-03  6.1736e+00  1.0000e+00
-7.3613e-01  1.5829e+00 -1.5716e-02  6.8373e+00  2.5389e-01  3.7432e-01  6.8522e+00  1.0000e+00
-2.6673e-01  8.9273e-01  5.0866e-01  5.4671e+00  4.9330e+00  1.3548e+01  1.5420e+01  1.0000e+00
 6.9246e+00  1.4190e+01  7.5687e+00  9.1748e+00  1.8598e+01  9.6334e+00  2.2866e+01  1.0000e+00
 1.1795e-01  6.2603e-01  5.6568e-01  5.1329e-01  7.5935e-01 -5.6145e+00  5.6888e+00  1.0000e+00
 1.1404e+00 -1.3437e-01  1.0443e+00 -2.4098e+00  6.1895e+00 -1.9242e+00  6.9152e+00  1.0000e+00
-3.5971e-01  1.1539e+00  3.9520e-01  7.5717e+00 -8.9031e-01  7.1638e+00  1.0461e+01  1.0000e+00
-3.2430e-01  1.3949e+00  3.3347e-01 -1.3477e+01  8.5244e+00 -8.0614e+00  1.7868e+01  1.0000e+00
-1.7028e-01  1.5757e+00  7.3895e-01 -9.9193e+00 -7.2107e+00 -2.0127e+00  1.2427e+01  1.0000e+00
-3.0926e-01  1.2968e+00  3.1896e-01  3.8179e+00 -3.4576e+00 -8.7846e+00  1.0183e+01  1.0000e+00
 1.0940e+01 -7.9730e+00 -1.3104e+00  1.3483e+01 -9.5862e+00 -1.3385e+00  1.6597e+01  1.0000e+00
-2.9374e-01  1.2687e+00  3.8437e-01  8.5646e+00  1.8787e+01  1.3429e+01  2.4630e+01  1.0000e+00
 1.9926e+01 -3.7707e+01  2.4118e+01  2.5226e+01 -5.0337e+01  3.2424e+01  6.4973e+01  1.0000e+00
-3.1760e-01  3.1009e+00 -5.4475e-01 -4.2719e-01  2.7358e+00 -1.0496e+01  1.0855e+01  1.0000e+00
 2.0658e+00 -1.0548e+01 -3.0165e+01  2.7470e+00 -1.4577e+01 -4.1872e+01  4.4422e+01  1.0000e+00
-8.1831e+00 -1.1837e+01 -2.0363e+01 -1.1686e+01 -1.6166e+01 -2.7915e+01  3.4309e+01  1.0000e+00
-1.4282e+00 -2.1636e+01  2.3390e+00 -1.7369e+00 -2.9417e+01  3.1638e+00  2.9638e+01  1.0000e+00
-3.0214e+01 -1.5238e+01 -7.8892e+00 -4.2398e+01 -2.1096e+01 -1.0987e+01  4.8614e+01  1.0000e+00
-3.9578e-01  1.2912e+00  7.3580e-01 -1.1702e+01 -7.0467e+00 -8.7403e+00  1.6217e+01  1.0000e+00
-2.4160e+01 -5.9424e+00 -4.5466e+00 -3.3323e+01 -8.1354e+00 -6.2676e+00  3.4870e+01  1.0000e+00
 1.3939e-01  7.3123e-01  1.6727e+00  9.0750e-02  6.5901e-01  3.9964e-01  7.7604e-01  1.0000e+00
 1.6180e-01  1.3390e+00  1.3354e-01 -4.9612e+00 -8.8457e+00  1.0199e+00  1.0193e+01  1.0000e+00
-3.7861e+00  1.7077e-01 -1.1950e+01 -4.9123e+00  7.8866e-01 -1.6356e+01  1.7096e+01  1.0000e+00
 3.3378e-01  1.0379e+00  5.2014e-01 -5.8384e+00  1.0972e+01 -2.3476e+01  2.6563e+01  1.0000e+00
-1.3761e-01  9.9019e-01  3.1571e-01 -1.5767e+01  1.8279e+01 -1.3897e-01  2.4140e+01  1.0000e+00
