# limit = 25.3775
#
# x           y           z           vx          vy          vz          s           m
 8.5274e-02  2.2724e+00 -1.9813e-01  6.3858e+00  7.6269e+00 -1.4710e+01  1.7758e+01  1.0000e+00
-4.0213e-01  9.9465e-01  4.1959e-01  1.3415e+01  1.1727e+01  1.5474e+01  2.3599e+01  1.0000e+00
 2.5135e+01  1.1754e+00  4.9209e+00  3.3986e+01  2.0867e+00  6.6464e+00  3.4693e+01  1.0000e+00
-4.1121e-01  1.4619e+00  3.5074e-01  5.7289e+00 -5.9370e+00 -8.8463e+00  1.2096e+01  1.0000e+00
-2.1332e+01  8.0342e+00  1.2775e+01 -2.9248e+01  1.0837e+01  1.7256e+01  3.5647e+01  1.0000e+00
 9.3092e+00 -2.8686e+00  2.6420e+01  1.2998e+01 -3.5476e+00  3.6183e+01  3.8610e+01  1.0000e+00
 1.3420e+00 -2.1479e+01 -1.4833e+01  1.3798e+00 -2.9230e+01 -1.9965e+01  3.5425e+01  1.0000e+00
-2.8020e-01  1.2455e+00  1.5711e-01  2.2776e+01 -1.2963e+01  5.9753e+00  2.6879e+01  1.0000e+00
-3.3695e+01  2.4586e+01  7.6247e+01 -4.5547e+01  3.3390e+01  1.0464e+02  1.1890e+02  1.0000e+00
 5.5243e+01 -2.9620e+01  1.4438e+00  1.1448e+02 -6.2004e+01  3.0410e+00  1.3022e+02  1.0000e+00
 2.9086e+00  4.3469e+00  2.6259e+00 -6.4088e-01  1.8182e+00  2.3774e-01  1.9424e+00  1.0000e+00
-5.6069e-02  7.6001e-01  3.4353e-01 -2.0169e-01 -1.1711e+01  5.0041e+00  1.2737e+01  1.0000e+00
-8.0875e-01  3.6651e+00  8.4158e-01  2.5774e+00 -1.4670e+00  3.1344e+00  4.3151e+00  1.0000e+00
 5.9850e+00  1.7795e+00 -7.4759e-01  4.3476e+00  2.7181e+00  5.5841e-01  5.1576e+00  1.0000e+00
 1.8885e+00 -1.3637e+00  4.7562e-01  4.6128e-01  3.9244e-01 -1.1986e+00  1.3429e+00  1.0000e+00
-8.4195e+00 -1.5764e+00 -6.3193e+00 -8.9861e+00 -5.2668e-01 -7.3542e+00  1.1624e+01  1.0000e+00
 1.5392e+01 -1.6101e+01 -1.8459e+01  2.0996e+01 -2.2047e+01 -2.5456e+01  3.9685e+01  1.0000e+00
-3.0418e-02  1.0276e-01  2.6030e-01 -1.1486e+00  3.3271e+00  2.1799e+00  4.1401e+00  1.0000e+00
-2.3078e-01  8.7827e-01  5.2339e-01  5.2837e+00 -2.4374e+00  9.4808e+00  1.1124e+01  1.0000e+00
 5.3473e+01  4.3400e+01 -1.8778e+01  7.3441e+01  5.8889e+01 -2.5204e+01  9.7451e+01  1.0000e+00
-1.8408e-01  1.2344e+00  1.2053e-01 -1.9941e+01 -1.1291e+01 -1.1537e+00  2.2944e+01  1.0000e+00
-4.0584e-01  2.3201e+00  2.2509e-01  4.6148e+00  8.9067e+00  2.0413e+00  1.0237e+01  1.0000e+00
-4.4270e+00 -5.4698e+00  8.5657e+00 -8.1348e+00 -1.1598e+01  1.5820e+01  2.1236e+01  1.0000e+00
-1.1538e+01  2.1871e+01 -2.2070e+01 -1.5915e+01  3.0476e+01 -3.0452e+01  4.5928e+01  1.0000e+00
-8.1206e-01  2.4705e+01 -1.0929e+01 -1.2358e+00  3.3731e+01 -1.4823e+01  3.6865e+01  1.0000e+00
-6.0027e+00  3.5128e+00 -9.0681e+00 -7.9031e+00  5.3523e+00 -9.9516e+00  1.3789e+01  1.0000e+00
 7.7994e+00 -1.9321e+01  3.6727e+00  1.0024e+01 -2.6223e+01  4.7569e+00  2.8474e+01  1.0000e+00
 5.2194e+01 -1.3659e+01 -5.0353e+01  7.5256e+01 -1.9839e+01 -7.2627e+01  1.0645e+02  1.0000e+00
 1.5084e+00 -3.0164e+01 -3.9789e+01  2.1740e+00 -4.2148e+01 -5.5580e+01  6.9788e+01  1.0000e+00
-5.5186e-01  8.5230e-01  7.0791e-01 -1.4060e+00 -1.9394e+00  4.1335e+00  4.7774e+00  1.0000e+00
 2.0322e-01  8.0461e-01  2.7529e-01  5.7761e-01  9.5292e+00 -9.0483e+00  1.3153e+01  1.0000e+00
-2.2323e-01  9.9738e-01  4.2658e-01  4.9965e+00  8.5201e-01 -1.9305e+00  5.4238e+00  1.0000e+00
-7.3189e-01  1.5333e+00  3.6982e-01 -8.5363e+00 -1.8459e+00 -6.8870e+00  1.1122e+01  1.0000e+00
-5.1520e-01  1.0638e+00  3.1832e-02 -3.9357e+00  8.9531e+00  1.4884e+00  9.8926e+00  1.0000e+00
-7.1229e-02  8.9056e-01  4.5899e-01 -8.9369e+00  8.7291e-01  2.1905e+01  2.3674e+01  1.0000e+00
-2.0568e-01  7.9927e-01  1.7976e-01 -1.3163e+01  8.3686e+00  1.3955e+01  2.0930e+01  1.0000e+00
 4.1290e-01  1.9757e+00 -4.6484e-01 -4.5097e-01 -9.7335e+00  9.1924e+00  1.3396e+01  1.0000e+00
-2.0733e+01  3.9716e+01 -4.9900e+01 -2.8528e+01  5.4672e+01 -6.7946e+01  9.1758e+01  1.0000e+00
 2.4069e-01  1.2434e+00  1.3150e+00 -5.4715e+00 -5.4276e+00  6.4483e+00  1.0049e+01  1.0000e+00
 1.4849e+01 -3.2813e+00  1.2504e+01  1.9438e+01 -4.0831e+00  1.6473e+01  2.5804e+01  1.0000e+00
 7.8212e+00  7.3156e+00  1.1119e+00  8.0691e+00  8.0000e+00  2.0541e+00  1.1547e+01  1.0000e+00
 3.0322e+00  1.0735e+00 -8.7575e-01 -2.1216e+00  1.1125e+00 -1.0825e+00  2.6288e+00  1.0000e+00
-2.6805e-01  1.3429e+00  6.0065e-01 -1.4918e+01 -1.1031e+01  5.8784e+00  1.9462e+01  1.0000e+00
 3.0478e+00 -8.8370e+00  2.8772e+01  4.3073e+00 -1.1988e+01  3.9560e+01  4.1560e+01  1.0000e+00
 2.7904e+01  1.3468e+01  2.2210e+00  3.8739e+01  1.8543e+01  3.1376e+00  4.3062e+01  1.0000e+00
 1.9809e+00 -1.7754e+01  2.9586e+00  3.2405e+00 -2.3557e+01  4.1669e+00  2.4141e+01  1.0000e+00
-6.0297e-01  1.6575e+00  2.4507e-02 -1.3678e+01  4.3614e+00  2.5481e+00  1.4581e+01  1.0000e+00
 2.4732e+00 -5.7526e-01  3.9803e-01 -2.9076e+00  7.2287e+00  2.7528e+00  8.2635e+00  1.0000e+00
 1.1985e+01 -4.6454e+00  5.4733e+00  1.4314e+01 -5.4898e+00  7.0327e+00  1.6867e+01  1.0000e+00
 3.2170e-01  7.7991e-01  1.4285e-01 -1.0470e+01  5.4773e+00  5.5642e+00  1.3061e+01  1.0000e+00
-1.0935e+00  1.3647e+00  6.7402e-01  8.0835e+00 -2.3953e+00 -3.0751e+00  8.9742e+00  1.0000e+00
 5.2736e-02  1.0408e+00  4.2771e-01 -6.5549e+00 -8.3712e+00 -1.1698e+01  1.5807e+01  1.0000e+00
-3.4670e+00 -5.4399e+00  5.5527e+00 -3.1209e+00 -4.6827e+00  5.2980e+00  7.7289e+00  1.0000e+00
-1.6798e-01  1.4087e+00  7.2173e-01 -1.7566e+00 -1.2289e+01 -7.9340e+00  1.4733e+01  1.0000e+00
 2.5252e-01  4.9533e+00  4.8868e+00  2.2068e+00  1.3458e+01  1.4524e+01  1.9923e+01  1.0000e+00
-8.6741e-03  1.2977e+00  3.1375e-01 -3.5038e-01  1.7909e+01 -9.6215e+00  2.0332e+01  1.0000e+00
-7.9724e-04  1.1707e+00  4.3164e-01  2.4853e+00  3.1929e+00 -9.5211e+00  1.0345e+01  1.0000e+00
-6.7480e-01  1.7350e+00  4.6287e-02  5.1599e+00  1.9106e+00 -2.8750e+00  6.2081e+00  1.0000e+00
-2.2995e-01  9.7603e-01  5.6863e-01 -6.5262e+00 -1.0049e+01 -1.7361e+01  2.1095e+01  1.0000e+00
 6.8672e+00 -3.8171e+00  2.0514e+01  8.9910e+00 -5.3994e+00  2.7666e+01  2.9587e+01  1.0000e+00
 2.3273e-01  9.7977e-01 -9.5609e-02 -2.4586e+00  5.1879e+00  6.3195e+00  8.5378e+00  1.0000e+00
-4.1175e+00 -7.0862e+00  3.2594e+00 -7.1795e+00 -1.4402e+01  5.7676e+00  1.7095e+01  1.0000e+00
 1.2807e+01  1.2732e+00 -6.1650e+00  1.8012e+01  1.9692e+00 -8.5773e+00  2.0047e+01  1.0000e+00
-1.2395e-01  1.1289e+00  2.7200e-01  6.5063e+00 -1.8640e+01  1.7969e+01  2.6696e+01  1.0000e+00
-2.8408e-01  3.5684e+00  4.4689e-01  2.7288e+00  8.6780e+00  1.3797e+00  9.2009e+00  1.0000e+00
-5.8041e-01  1.6202e+00  8.4896e-02 -3.0020e+00 -6.2700e+00  1.3922e+01  1.5561e+01  1.0000e+00
 2.0182e-02  9.1986e-01  7.5537e-01 -5.6815e+00  5.1661e+00  6.8228e+00  1.0272e+01  1.0000e+00
-6.6324e-03  6.3881e-01  8.9014e-01 -6.0556e+00 -1.2847e+00  5.5175e+00  8.2924e+00  1.0000e+00
 4.2815e-02  8.8824e-01 -4.4397e-02 -2.4635e+00  1.3423e+00  4.1596e-01  2.8361e+00  1.0000e+00
-5.3637e-01  1.3469e+00  1.4008e-01  1.1943e+00  1.5125e+01 -3.5384e+00  1.5579e+01  1.0000e+00
 2.4744e+01  2.7058e+00  4.4940e+00  3.3848e+01  3.3521e+00  6.0626e+00  3.4549e+01  1.0000e+00
 1.3028e-01  1.2278e+00  8.4414e-03  3.3770e-01  3.1611e+00  1.2081e+00  3.4009e+00  1.0000e+00
-3.4243e-01  1.0050e+00  4.5382e-01  1.2920e+01 -2.0188e+01  1.4191e+01  2.7855e+01  1.0000e+00
-9.0175e-02  1.1371e+00  6.5709e-01 -1.2716e+01 -7.7237e+00 -2.2008e+01  2.6565e+01  1.0000e+00
-1.2767e-01  1.5589e+00  3.3626e-01  3.6348e-02  3.4023e+00  4.2423e-01  3.4288e+00  1.0000e+00
 2.8941e-01  9.9386e-01  3.4421e-01 -1.2396e+01  1.2875e+01 -8.1519e+00  1.9644e+01  1.0000e+00
-2.8135e-01  1.1840e+00  3.5525e-01  1.1536e+01 -5.3506e+00 -9.1155e+00  1.5646e+01  1.0000e+00
-9.9198e-05  9.2781e-01  2.3334e-01 -1.2002e+01  3.3853e-01  2.5380e+01  2.8077e+01  1.0000e+00
 2.9848e+01 -1.4249e+01 -3.4321e+00  4.1446e+01 -1.9469e+01 -4.6776e+00  4.6029e+01  1.0000e+00
-1.7388e+01 -1.0560e+01 -6.6672e+00 -2.3464e+01 -1.3824e+01 -8.7401e+00  2.8602e+01  1.0000e+00
 3.7079e-02  5.1913e-01  2.9405e-01 -5.2180e+00 -8.5712e+00  3.9631e+00  1.0789e+01  1.0000e+00
 1.9067e+01  4.4243e+00  1.2345e+01  3.2119e+01  6.9304e+00  2.0586e+01  3.8774e+01  1.0000e+00
-3.7165e-01  1.2199e+00  4.1891e-02  2.2414e+01 -9.4995e+00  1.1213e+01  2.6803e+01  1.0000e+00
 5.6997e+00  5.1675e+00  7.3852e+00  5.5680e+00  6.0353e+00  7.6473e+00  1.1221e+01  1.0000e+00
-3.0604e-01  1.0704e+00  3.7727e-01  2.2232e+01  6.4981e-01  4.9397e+00  2.2784e+01  1.0000e+00
-8.1540e-02  2.1326e+00  3.1162e-01  2.7480e+00 -8.6593e+00  3.0905e+00  9.5962e+00  1.0000e+00
 2.5844e-01  1.0846e+00  1.3150e-01  2.7414e+01 -8.6882e-01  1.0516e+00  2.7448e+01  1.0000e+00
 1.8019e-01  7.5050e-01  4.1244e-01 -1.7426e+01  2.0056e+01 -1.2353e+01  2.9300e+01  1.0000e+00
 1.2084e+02  3.0521e+01 -1.1727e+02  2.2218e+02  5.5313e+01 -2.1506e+02  3.1413e+02  1.0000e+00
 2.8088e-01  1.7090e+00  4.0875e-02 -8.8478e+00  2.3634e+00  1.6193e+00  9.3001e+00  1.0000e+00
 5.7321e-01  4.1201e-01  4.0378e-01 -1.4634e+01  1.1985e+01 -6.6374e+00  2.0046e+01  1.0000e+00
 2.2074e-01  1.3148e+00 -2.5967e-01  7.0844e-01  1.8327e+01 -9.3600e-01  1.8365e+01  1.0000e+00
-7.4852e-01  1.1026e+00  2.1188e-01  2.1936e+01 -1.4802e+00 -5.9937e+00  2.2789e+01  1.0000e+00
-3.0960e-01  6.2100e-01  7.7990e-02  1.1173e+01 -1.5073e+00  8.5378e+00  1.4143e+01  1.0000e+00
 4.9187e+00 -1.7170e+00 -4.4417e-01  5.2824e+00 -1.4485e+00 -9.5038e-02  5.4782e+00  1.0000e+00
-2.7522e-01  1.0008e+00  2.7302e-01  3.3026e+00  1.9727e+01  3.9481e-01  2.0006e+01  1.0000e+00
 6.9811e+00  1.4652e+01  2.5482e+01  1.7313e+01  3.4010e+01  6.1245e+01  7.2162e+01  1.0000e+00
-9.6132e+00 -1.4039e+01 -1.5789e+01 -1.2975e+01 -1.8792e+01 -2.1211e+01  3.1168e+01  1.0000e+00
 2.1108e+00 -4.3484e+00 -1.8703e+01  2.6853e+00 -5.4174e+00 -2.3234e+01  2.4007e+01  1.0000e+00
 1.7691e+00  4.3708e+00 -1.8295e+00  2.0881e+00 -1.4635e-01  2.0524e+00  2.9315e+00  1.0000e+00
-2.3251e-01  1.0586e+00  3.2776e-01  7.6860e+00 -9.6690e+00 -2.8542e+00  1.2677e+01  1.0000e+00
-1.1146e-01  1.1338e+00  5.3760e-01  4.8732e+00 -1.0065e+01 -4.8297e+00  1.2181e+01  1.0000e+00
-3.1862e+00  1.2920e+00 -8.2794e-01 -6.3218e+00  3.4658e+00  1.6580e+00  7.3977e+00  1.0000e+00
-6.6637e-01  9.2743e-01  6.3334e-01  6.7610e+00  1.3147e+01 -3.0031e+00  1.5085e+01  1.0000e+00
 2.4426e+01  9.4353e+00 -6.3090e-01  3.3267e+01  1.3191e+01 -8.8483e-01  3.5798e+01  1.0000e+00
-1.2576e-01  1.0758e+00  4.1810e-01  2.1208e+01  1.4182e+00 -5.2625e+00  2.1897e+01  1.0000e+00
 1.8148e+01  1.0613e+00  2.0355e+01  2.4734e+01  1.5643e+00  2.7724e+01  3.7187e+01  1.0000e+00
 2.8099e-01  7.8613e-01  6.6139e-01 -1.7706e+01  9.5273e+00 -7.2823e+00  2.1385e+01  1.0000e+00
-7.4929e-01  1.4697e+00  5.3155e-01  4.3923e+00  1.6479e+01 -3.8888e+00  1.7492e+01  1.0000e+00
-2.9749e+01  6.3389e+00  6.8015e+00 -4.1093e+01  8.9895e+00  9.4641e+00  4.3116e+01  1.0000e+00
-3.1217e-01  1.9103e+00 -1.2847e-01 -8.7597e+00  9.3640e+00 -7.0978e-01  1.2842e+01  1.0000e+00
 6.1451e+00 -1.0205e+01  1.8331e+01  8.6941e+00 -1.4291e+01  2.3861e+01  2.9140e+01  1.0000e+00
 6.7373e+00 -7.0402e+00  1.4668e+01  8.5695e+00 -9.1732e+00  1.9163e+01  2.2908e+01  1.0000e+00
 1.2094e+01 -1.4432e+01 -5.6183e+00  1.5777e+01 -1.8978e+01 -6.9359e+00  2.5636e+01  1.0000e+00
 2.3687e+00 -5.6167e-01  9.1028e-01 -5.8960e+00  5.2944e+00 -6.8907e-01  7.9541e+00  1.0000e+00
 3.7337e-03  1.0847e+00  2.7139e-01 -1.0853e+01  1.3241e+01  2.2882e+01  2.8578e+01  1.0000e+00
 1.0723e-01  2.6882e+00 -5.3152e-01 -1.5707e+00 -4.9347e+00 -2.1567e+00  5.6098e+00  1.0000e+00
-2.5058e+00  4.6364e-01 -2.1190e+00 -9.6495e+00 -2.5315e+00 -6.5009e+00  1.1907e+01  1.0000e+00
-2.3826e-01  9.2243e-01  4.0455e-01  9.7983e+00  1.3793e+01 -3.4984e+00  1.7277e+01  1.0000e+00
-1.3869e-03  9.8922e-01  4.2791e-01 -2.5437e+01  7.7518e+00  7.0884e+00  2.7520e+01  1.0000e+00
-2.6137e-01  1.4795e+00  1.2305e-01  3.6369e+00  6.7350e+00 -1.1284e+00  7.7370e+00  1.0000e+00
-9.4819e-01  1.2226e+00  1.7855e-01 -1.3757e+00 -4.4052e+00  7.6530e-01  4.6780e+00  1.0000e+00
-3.9357e+01  1.6332e+01  1.4984e+01 -5.4932e+01  2.2877e+01  2.1182e+01  6.3163e+01  1.0000e+00
-1.3580e-01  1.1070e+00  6.5534e-01  6.6543e-01 -1.1143e+00  1.7020e+01  1.7069e+01  1.0000e+00
-6.6472e-01  1.5612e+00 -1.7731e-01 -6.0558e+00  7.8916e+00 -8.0031e-01  9.9795e+00  1.0000e+00
 7.6250e-02  3.6065e-01  2.8771e-01 -1.3939e-01 -3.5150e+00 -4.4903e+00  5.7042e+00  1.0000e+00
 1.4300e+01 -1.2173e+01 -4.8266e+00  1.9074e+01 -1.6056e+01 -6.0785e+00  2.5662e+01  1.0000e+00
-4.8171e-01  7.8528e-01  4.7477e-01 -3.0034e-02  8.4407e+00  1.5550e+00  8.5828e+00  1.0000e+00
 9.6411e+00 -8.3393e+00  2.1354e+01  1.2875e+01 -1.1055e+01  2.9174e+01  3.3750e+01  1.0000e+00
 1.8538e+01  2.8881e+00  2.0142e+01  4.3760e+01  5.3158e+00  4.6189e+01  6.3849e+01  1.0000e+00
-3.6475e+00 -3.8671e+00 -1.7511e+01 -5.1016e+00 -4.8892e+00 -2.3209e+01  2.4261e+01  1.0000e+00
-7.6087e-01  2.4565e+00  1.6179e-01 -2.2079e+00  6.8064e+00  5.1472e-02  7.1557e+00  1.0000e+00
 1.5989e-01  1.1129e+00  2.2300e-01 -1.3198e+01 -4.1306e+00  1.1876e+01  1.8229e+01  1.0000e+00
 3.8681e-01  9.9661e-01  4.2609e-01 -3.3410e-01 -2.5082e+00  1.3923e+01  1.4151e+01  1.0000e+00
 4.9328e-01  1.5949e+00 -1.6357e-01 -1.4555e+01 -2.4341e+00  9.5590e+00  1.7583e+01  1.0000e+00
-3.3518e-01  1.3152e+00 -2.3206e-01  1.0746e+01 -1.5837e+01 -9.5417e+00  2.1385e+01  1.0000e+00
 9.9219e-03  2.2017e+00  4.2405e-01  3.3929e+00  1.2049e+00 -3.4495e+00  4.9863e+00  1.0000e+00
-2.0664e-01  1.3452e+00  2.6729e-01 -4.4341e+00 -3.3856e+00 -4.5447e-01  5.5973e+00  1.0000e+00
 9.8655e-01  3.5397e-01  1.0245e+00 -1.2179e+01  9.4202e+00 -4.5648e+00  1.6059e+01  1.0000e+00
-2.9692e+00 -8.3639e+00  1.9091e+01 -3.9341e+00 -1.1451e+01  2.5629e+01  2.8345e+01  1.0000e+00
-3.5183e-01  1.3767e+00 -1.3332e-01  4.0872e+00  1.2121e+01  1.3421e+01  1.8541e+01  1.0000e+00
-9.3130e-02  8.7907e-01  2.2677e-01  5.4397e+00  1.2675e+01  1.8872e+01  2.3375e+01  1.0000e+00
-2.6396e+01  5.5420e+00 -7.3478e+00 -3.5403e+01  8.4944e+00 -9.3726e+00  3.7595e+01  1.0000e+00
-2.6249e-02  1.2860e+00  4.0998e-01  3.0625e+00  1.5863e-02  4.0802e+00  5.1017e+00  1.0000e+00
-8.8280e-01  1.7327e+00  1.2696e+00 -4.4752e+00  2.3898e+00  5.8432e+00  7.7383e+00  1.0000e+00
-2.9632e-01  1.2474e+00  2.1295e-01 -6.3139e+00  7.2262e+00  5.2687e+00  1.0947e+01  1.0000e+00
-1.0488e+01 -3.3982e+01 -3.8873e+01 -1.4926e+01 -4.4695e+01 -5.2194e+01  7.0319e+01  1.0000e+00
 2.5686e+01 -2.2654e+01  6.3871e+00  3.5435e+01 -3.1159e+01  8.7326e+00  4.7987e+01  1.0000e+00
 7.3889e-03  1.1141e+00  3.5844e-01  1.2584e+01 -1.6501e+01  1.3586e+01  2.4804e+01  1.0000e+00
-3.6231e+00  2.5905e+00  1.7135e+00 -8.1102e+00  4.6393e+00  1.7094e+00  9.4985e+00  1.0000e+00
-5.4646e-02 -7.7315e-01  4.0984e-01 -1.6074e+00 -2.7638e+01  3.5620e+00  2.7913e+01  1.0000e+00
-1.9315e+00  1.3089e+00  7.3213e-01  7.6807e-01  3.8464e-01 -5.3151e-02  8.6064e-01  1.0000e+00
-3.8516e-01  1.5223e+00  4.9043e-02  2.4742e+00 -3.2694e+00  1.6760e+01  1.7254e+01  1.0000e+00
 1.0734e-01  8.1463e-01  2.5118e-01 -5.2537e+00 -7.2973e+00  7.6794e-02  8.9922e+00  1.0000e+00
-1.4016e+01  2.1930e+01 -1.1663e+01 -1.9173e+01  3.0335e+01 -1.5844e+01  3.9229e+01  1.0000e+00
-2.5597e+00  1.5468e+00  3.4085e+00 -1.6403e+00  2.2955e+00  7.8090e+00  8.3030e+00  1.0000e+00
-5.2854e-01  1.0651e+00  2.4725e+00  3.3262e+00  9.0639e-01  4.3604e+00  5.5586e+00  1.0000e+00
-4.2711e-01  1.1121e+00  2.7071e-01  1.0432e+01  8.5042e+00 -9.1215e+00  1.6259e+01  1.0000e+00
-3.8432e-01  1.2240e+00  1.6009e-01 -9.3994e+00  2.3511e+00  6.1397e+00  1.1470e+01  1.0000e+00
 5.0372e-01  1.0421e+00  7.3643e-01 -5.1845e-01  3.2604e+00 -3.1496e+00  4.5628e+00  1.0000e+00
-4.7773e-01  1.2996e+00  4.2676e-01  5.3348e+00 -1.1111e+01  8.8949e+00  1.5200e+01  1.0000e+00
-2.6652e-01  1.3607e+00  2.1085e-01 -1.7767e+00  7.7162e-01  1.5499e+00  2.4808e+00  1.0000e+00
-9.6235e-02  8.8805e-01  6.2899e-01 -2.0053e+01  1.2622e+01  4.0022e-01  2.3699e+01  1.0000e+00
 8.4061e-02  8.6689e-01  6.3203e-01 -1.2428e+01  1.4147e+01 -4.3441e+00  1.9326e+01  1.0000e+00
-2.5575e-01  8.1912e-01  2.3291e-01  1.8315e+01 -6.2404e+00  7.2577e+00  2.0665e+01  1.0000e+00
 6.3594e+00 -1.0303e+01  1.8261e+01  7.6601e+00 -1.2455e+01  2.5211e+01  2.9144e+01  1.0000e+00
-6.1444e-01  1.7755e+00 -5.8761e-02 -1.0820e+01  1.2252e+01 -1.4474e+01  2.1833e+01  1.0000e+00
 5.0061e+01 -3.4252e+01 -6.9741e+01  6.9252e+01 -4.7253e+01 -9.5417e+01  1.2702e+02  1.0000e+00
 3.3510e-01  5.4984e+00 -1.1182e+00  1.8547e+00  1.7545e+01 -7.1170e+00  1.9024e+01  1.0000e+00
-1.1792e+00  2.9288e+00  1.2267e+00  3.8025e+00 -4.1979e+00 -6.9469e+00  8.9633e+00  1.0000e+00
 1.2766e+01 -3.5492e+00 -2.6911e+00  1.6509e+01 -3.7088e+00 -2.7757e+00  1.7147e+01  1.0000e+00
-8.7098e-03  1.0588e+00  7.2758e-01 -6.5067e+00  2.2488e+00  4.2254e+00  8.0776e+00  1.0000e+00
 3.3887e-01  6.5606e-01  3.9849e-01 -5.4106e+00  2.2953e+01 -9.3426e+00  2.5365e+01  1.0000e+00
 1.0357e-01  1.2695e+00  5.1185e-01 -5.9812e+00  3.7122e+00  2.5876e+00  7.5000e+00  1.0000e+00
-1.3833e-01  1.0897e+00  4.2491e-01 -1.6993e+01  1.0131e+01 -9.8413e+00  2.2096e+01  1.0000e+00
-4.4188e-01  1.2736e+00  1.5388e-01 -1.7848e+01  6.6976e+00  2.1499e+00  1.9184e+01  1.0000e+00
-4.8390e-02  1.3554e+00  4.9840e-01 -7.2088e+00 -9.4849e+00 -9.6938e+00  1.5359e+01  1.0000e+00
-8.5738e-01  1.2535e+00 -6.0367e-01  5.5090e+00  3.2405e+00  4.5910e+00  7.8694e+00  1.0000e+00
-1.1316e+00  7.8653e-01  1.4272e-01  6.7876e+00  9.0159e+00  7.7002e+00  1.3662e+01  1.0000e+00
 1.2371e+00 -9.8482e+00  1.7433e+01  1.7257e+00 -1.3050e+01  2.3048e+01  2.6543e+01  1.0000e+00
-3.3185e+01  2.5602e+01 -2.1168e+01 -5.8182e+01  4.4367e+01 -3.7303e+01  8.2128e+01  1.0000e+00
-2.3401e+00  1.2995e+00  5.0322e-01  2.0197e+00  2.5350e-01  3.9484e+00  4.4422e+00  1.0000e+00
-5.2508e-01  2.1127e+00  4.8875e-01  7.6980e+00 -1.1051e+01 -2.8293e+00  1.3762e+01  1.0000e+00
-1.3667e-01  8.7015e-01  4.6009e-01 -4.2835e+00 -1.3705e+01  2.2752e+01  2.6904e+01  1.0000e+00
-6.2353e-01  1.0243e+00  1.0755e-01 -1.5524e+01 -4.4716e+00 -7.9222e-01  1.6174e+01  1.0000e+00
-7.5347e-01  1.1062e+00  2.8728e-01 -1.3449e+01  7.3053e+00 -5.5965e+00  1.6296e+01  1.0000e+00
 2.8949e-02  1.2826e+00  5.0194e-01 -1.3034e+01  7.0832e+00  1.9263e+01  2.4313e+01  1.0000e+00
-1.6735e+01  1.4113e+01 -4.6707e+00 -2.2263e+01  1.8824e+01 -6.1736e+00  2.9801e+01  1.0000e+00
 1.0161e+01 -7.9714e+00 -3.1101e+01  1.4098e+01 -1.1151e+01 -4.3183e+01  4.6775e+01  1.0000e+00
-2.3319e-03  2.7315e+00  2.6837e-02 -2.9559e+00  7.3077e+00 -1.2986e+00  7.9892e+00  1.0000e+00
-7.8561e-01 -1.9946e+01 -1.4266e+01 -6.0707e-01 -2.7105e+01 -1.9172e+01  3.3205e+01  1.0000e+00
-7.5152e+00  7.0880e+00 -2.9364e+01 -1.0550e+01  9.9792e+00 -4.0523e+01  4.3046e+01  1.0000e+00
 3.4985e+00 -1.7436e+01  1.8151e-01  4.5355e+00 -2.3112e+01  3.4565e-01  2.3555e+01  1.0000e+00
-2.2900e+00  1.1590e+00  6.6045e-01  4.8968e+00  4.7050e+00 -7.6660e-01  6.8340e+00  1.0000e+00
-3.3982e+00 -4.4141e+00 -1.8796e+01 -4.5876e+00 -6.0900e+00 -2.4387e+01  2.5551e+01  1.0000e+00
 1.9592e+00  4.5762e+00  4.1916e+00  2.2472e+00  4.5005e+00  4.0825e+00  6.4785e+00  1.0000e+00
-1.7905e-01  1.2702e+00  3.6442e-01  1.3491e+01  7.7592e-01  7.5819e+00  1.5495e+01  1.0000e+00
 1.1525e+01  6.9251e+00  1.5922e+01  1.8147e+01  9.9004e+00  2.4625e+01  3.2152e+01  1.0000e+00
-9.2752e-01  1.5495e+00 -7.4786e-01 -5.7412e+00  5.5864e+00 -3.8022e+00  8.8672e+00  1.0000e+00
 1.1664e+01 -1.4500e+01 -5.6888e+00  1.5827e+01 -1.8902e+01 -7.9184e+00  2.5894e+01  1.0000e+00
 2.0392e-01  8.7779e-01  5.3705e-01 -5.0254e+00  1.2739e+01 -8.2523e+00  1.5988e+01  1.0000e+00
-5.4423e-02  1.4944e+00  3.0429e-01  1.1749e+01 -8.9805e-01  8.8423e+00  1.4732e+01  1.0000e+00
-2.0342e+01 -9.1463e+00 -6.3660e+00 -2.7415e+01 -1.2257e+01 -8.4496e+00  3.1196e+01  1.0000e+00
 1.0140e+01  5.5920e+00  1.0150e+01  1.2488e+01  7.5405e+00  1.3412e+01  1.9817e+01  1.0000e+00
 1.7644e-01  8.7349e-01  6.5000e-01 -1.5541e+01 -4.7570e+00 -2.1735e+00  1.6397e+01  1.0000e+00
 8.2184e+00 -2.6758e+01 -2.1156e+00  1.1461e+01 -3.6797e+01 -2.9238e+00  3.8651e+01  1.0000e+00
 2.4982e+01 -7.2358e+00  1.9418e+01  8.4677e+01 -2.7154e+01  6.4826e+01  1.1005e+02  1.0000e+00
-3.9488e+01 -3.7929e+00  5.8297e+01 -5.6974e+01 -5.5829e+00  8.4052e+01  1.0170e+02  1.0000e+00
 1.5706e+01 -2.7123e+01 -2.2037e+01  2.2016e+01 -3.7715e+01 -3.0725e+01  5.3396e+01  1.0000e+00
-1.7251e-01  8.2492e-01  5.0059e-01  4.8817e+00 -5.1081e+00  1.5071e+01  1.6645e+01  1.0000e+00
-1.7919e+00  5.6583e+00  1.3718e+00 -8.7691e-01  8.0161e+00  1.5176e+00  8.2055e+00  1.0000e+00
-1.3294e-01  1.4107e+00  5.9627e-01 -7.8900e+00 -1.6535e+01  1.0979e+01  2.1358e+01  1.0000e+00
-8.6477e+00 -1.6764e+00 -6.2384e+00 -1.0598e+01 -2.9132e+00 -5.6897e+00  1.2377e+01  1.0000e+00
-1.4359e+00  5.7512e-01  1.1865e+00  2.5507e+00  2.9859e+00 -2.6602e-01  3.9361e+00  1.0000e+00
-1.2896e-01  1.3772e+00  8.7412e-01  2.2690e+00  1.3176e+01  3.9882e-01  1.3376e+01  1.0000e+00
-2.0690e-01 -1.9946e+01 -1.4186e+01 -7.2531e-01 -2.6683e+01 -1.9203e+01  3.2883e+01  1.0000e+00
-8.4203e-01 -7.7261e+00 -4.9014e-02 -2.3636e+00 -3.7700e+01 -2.6289e+00  3.7866e+01  1.0000e+00
 3.9239e-01  6.3157e-01  7.7938e-01  6.6768e+00 -2.0431e-01  3.2531e-01  6.6879e+00  1.0000e+00
-1.8255e-01  1.0675e+00 -3.6572e-01 -3.3236e+00  6.9224e+00  6.3974e+00  9.9946e+00  1.0000e+00
-8.0097e-01  1.4787e+00  3.1534e-01 -1.3493e+00  4.9265e+00 -3.5518e+00  6.2214e+00  1.0000e+00
 2.1841e-01  9.1269e-01  4.7783e-01  6.1880e+00  1.1707e+01 -1.1080e-01  1.3242e+01  1.0000e+00
-3.8401e+01 -4.6072e+01  2.1544e+01 -5.1364e+01 -6.2584e+01  2.9541e+01  8.6184e+01  1.0000e+00
-4.6362e-01  8.2579e-01  7.6752e-01 -9.9520e+00 -4.4620e-01  1.1640e+00  1.0030e+01  1.0000e+00
-3.2387e+00  5.8379e+00 -2.3275e+00 -3.3919e+00  6.9326e+00 -1.8317e+00  7.9323e+00  1.0000e+00
-4.6214e-01  1.2269e+00  3.6278e-01  1.7176e+01  4.6079e+00  7.5182e+00  1.9307e+01  1.0000e+00
-3.9255e-01  1.0483e+00  3.5122e-01  3.2172e+00  1.8713e+01 -9.1666e+00  2.1085e+01  1.0000e+00
-1.2497e+00  1.1498e+00  3.4369e-01 -1.1524e+00  4.7045e+00 -7.4411e+00  8.8787e+00  1.0000e+00
 4.5097e-01  1.2377e+00  2.0770e-01 -9.3951e+00 -1.0362e+01 -7.3978e-01  1.4007e+01  1.0000e+00
 6.1319e-02  1.4832e+00  3.4575e-01 -1.5810e+01  1.8510e+00  8.5426e+00  1.8065e+01  1.0000e+00
-1.3186e-01 -1.7499e+01  8.3380e+00 -1.8245e-01 -2.3317e+01  1.0916e+01  2.5746e+01  1.0000e+00
-2.2948e+01 -1.3713e+01 -8.3063e+00 -3.2407e+01 -1.9304e+01 -1.2623e+01  3.9777e+01  1.0000e+00
-5.3718e-01  5.1716e-01  3.6563e-01 -4.6950e+00  1.4793e+01  3.8273e+00  1.5985e+01  1.0000e+00
 1.6499e-01  1.2189e+00 -1.2554e-01  1.2732e+01  9.3994e+00 -7.1591e+00  1.7369e+01  1.0000e+00
 2.9392e+01 -1.0523e+01 -1.7249e+00  4.0658e+01 -1.4495e+01 -2.2777e+00  4.3224e+01  1.0000e+00
-1.2164e+00  1.5610e+00  1.8949e-01  1.8057e+00  6.9551e-01  1.4243e+01  1.4373e+01  1.0000e+00
 2.8770e+02 -3.5599e+02  2.3314e+02  3.8386e+02 -4.7418e+02  3.0947e+02  6.8408e+02  1.0000e+00
-3.4226e-01  1.3881e+00 -7.6129e-02 -5.4435e+00 -3.2192e+00  2.7031e+00  6.8776e+00  1.0000e+00
 9.0162e-02  9.6697e-01  5.0721e-01  1.9778e-01  2.7763e+00 -2.2216e+01  2.2390e+01  1.0000e+00
-4.8027e-01  1.4399e+00  8.7530e-01  2.4271e+00  3.1577e+00  3.6300e+00  5.3888e+00  1.0000e+00
 1.6075e+01  1.2969e+01  1.2557e+00  2.1285e+01  1.7039e+01  1.8682e+00  2.7329e+01  1.0000e+00
-1.3105e+01 -3.3747e+00  7.1254e+00 -1.8533e+01 -4.6393e+00  1.0792e+01  2.1942e+01  1.0000e+00
 3.9653e+00 -2.1896e+01  1.0840e+00  5.2462e+00 -2.9336e+01  1.2227e+00  2.9827e+01  1.0000e+00
-6.5918e-02  1.4327e+00  3.6769e-01  1.1276e+01  8.3618e+00  1.8424e+01  2.3162e+01  1.0000e+00
 1.0370e+00  1.0088e+01 -1.5637e+01  1.2461e+00  1.3162e+01 -2.0607e+01  2.4484e+01  1.0000e+00
-4.4236e+01  1.4896e+01  1.6165e+01 -6.8481e+01  2.3098e+01  2.4970e+01  7.6463e+01  1.0000e+00
-1.2093e-02  1.3892e+00  3.1405e-01  5.9050e+00  7.9156e+00 -6.2273e+00  1.1675e+01  1.0000e+00
 2.9047e-02  1.6070e+00  4.6187e-01 -5.4001e+00  1.6282e+01  8.2161e+00  1.9021e+01  1.0000e+00
-2.5209e-01  1.4357e+00  3.5407e-01 -5.0045e-01 -3.5709e+00 -4.1710e+00  5.5135e+00  1.0000e+00
 3.0911e-02  8.8833e-01  4.3515e-01 -2.4847e+01  1.9358e+01  9.5569e+00  3.2916e+01  1.0000e+00
 2.1880e+00 -2.2622e+01  1.7979e+01  2.9605e+00 -3.1120e+01  2.4757e+01  3.9876e+01  1.0000e+00
 1.3316e+01 -2.4880e+01  9.9064e+00  2.3443e+01 -4.4015e+01  1.7164e+01  5.2740e+01  1.0000e+00
-1.3330e+00  1.2788e+01  2.0849e+00 -3.2198e+00  1.5162e+01  2.9606e+00  1.5781e+01  1.0000e+00
-7.5064e-01  8.7244e-01  3.3891e-03 -6.1492e+00  5.0386e+00 -3.7932e+00  8.8085e+00  1.0000e+00
-1.1167e+00  2.7326e+00  4.5028e-02 -8.4386e+00  1.5764e+01 -8.0597e-01  1.7899e+01  1.0000e+00
-2.2099e-01  9.8593e-01  5.2430e-01  7.8262e+00  1.3395e+00  1.2852e+01  1.5107e+01  1.0000e+00
 1.1456e+01 -3.5966e+00  6.1133e+00  1.4417e+01 -3.7278e+00  7.2193e+00  1.6549e+01  1.0000e+00
 1.2716e-01  1.3984e+00  1.4274e+00  4.9666e+00 -1.0677e+00 -5.5992e+00  7.5603e+00  1.0000e+00
-1.4768e-01  1.2822e+00  6.5623e-01 -7.1280e+00  8.6385e+00  1.6541e+01  1.9976e+01  1.0000e+00
 4.9732e-02  9.9870e-01  1.6772e-01 -1.3018e+01 -6.5693e+00  3.3727e+00  1.4966e+01  1.0000e+00
-4.7884e+00 -4.0941e+00 -2.4313e+01 -6.3665e+00 -5.4079e+00 -3.2985e+01  3.4026e+01  1.0000e+00
-1.4537e+00 -3.9120e-01  4.3527e+00  3.1084e-01  1.7617e+00  6.1026e-01  1.8902e+00  1.0000e+00
 2.9808e+01 -6.4005e-01 -6.4082e+00  4.1190e+01 -7.3410e-01 -8.5646e+00  4.2078e+01  1.0000e+00
-1.0119e-01  3.2475e-01  5.1805e-01  4.9850e+00  1.5952e+01  1.8082e+00  1.6810e+01  1.0000e+00
 1.0393e+01 -1.7575e+00  2.7247e+01  1.4366e+01 -2.8397e+00  3.7690e+01  4.0435e+01  1.0000e+00
-9.1041e-01  1.5146e+00 -9.3306e-01  2.5905e+00  1.1606e+00  9.2158e+00  9.6431e+00  1.0000e+00
-6.5007e-01  1.1935e+00 -3.3792e-01  8.6300e+00  1.5271e+01 -9.8511e+00  2.0117e+01  1.0000e+00
-1.1654e+01  1.9874e+00  1.9031e+01 -1.5434e+01  2.6672e+00  2.5594e+01  3.0006e+01  1.0000e+00
-2.1457e+00  8.6467e+00 -4.1231e-01 -3.6908e+00  6.7219e+00 -7.9187e-01  7.7093e+00  1.0000e+00
 1.7643e-01  1.3530e+00  5.8597e-01 -7.4118e+00  6.9357e+00  3.2813e+00  1.0668e+01  1.0000e+00
 9.0241e-01  4.6679e+01  3.0265e+01  2.8023e-01  6.3443e+01  4.0453e+01  7.5243e+01  1.0000e+00
-6.2874e+00  5.5872e+00 -1.9227e+00 -5.4772e+00  5.0123e+00 -5.0791e-01  7.4418e+00  1.0000e+00
-8.4952e-01  2.9777e-01  1.1360e+00  2.5074e+00 -2.9702e+00  4.8726e+00  6.2331e+00  1.0000e+00
 1.2067e-01  1.1815e+00  1.6301e-01  1.5899e+01  2.4839e-02 -3.6477e+00  1.6312e+01  1.0000e+00
-1.2292e-01  1.0114e+00  5.6642e-01  8.2123e+00  9.8115e+00 -3.9351e+00  1.3386e+01  1.0000e+00
 2.8757e-02  1.0142e+00  8.0134e-01 -4.6391e+00  1.2607e+01  2.0071e+00  1.3583e+01  1.0000e+00
-2.6295e-01  1.1410e+00  3.7592e-01 -7.7541e+00 -1.7540e+01 -9.0749e-01  1.9199e+01  1.0000e+00
-3.0922e+00  4.1731e-01  4.6383e+00  1.8975e-01  1.6419e+00  1.0402e+00  1.9529e+00  1.0000e+00
-5.9032e-01  1.6534e+00 -2.8982e-02  4.0739e+00 -1.4785e+00  2.1600e+00  4.8423e+00  1.0000e+00
-1.6779e+01  1.4044e+01  4.7695e+00 -2.6914e+01  2.2474e+01  7.1647e+00  3.5787e+01  1.0000e+00
 3.1899e-01 -2.9356e-01  6.5538e-01  1.9254e+01 -3.4450e+01  6.9099e+00  4.0065e+01  1.0000e+00
-1.4588e-01  1.1366e+00  2.4720e-01  1.1889e+01 -5.9514e-01 -5.6654e+00  1.3184e+01  1.0000e+00
-2.3985e-01  7.8703e-01  5.1605e-01 -7.7599e+00  8.8558e+00 -6.3920e+00  1.3398e+01  1.0000e+00
-3.0924e-01  5.7301e-01  2.4126e-01  1.9872e+00 -5.1814e+00 -5.6594e+00  7.9262e+00  1.0000e+00
 9.7609e+00 -1.6364e+01 -8.2207e+00  1.3119e+01 -2.1445e+01 -1.0995e+01  2.7439e+01  1.0000e+00
-3.4573e-01  1.7838e+00  8.8670e-02 -3.7463e+00  1.2335e+01 -7.9343e+00  1.5138e+01  1.0000e+00
 1.2840e+01  3.5907e+00 -2.8523e+01  1.7766e+01  5.2321e+00 -3.8005e+01  4.2278e+01  1.0000e+00
-2.0239e+00  1.0939e+01 -6.7552e+00 -2.4716e+00  1.3120e+01 -7.2204e+00  1.5178e+01  1.0000e+00
-2.5648e+01 -8.9651e+00  6.0904e+00 -3.5436e+01 -1.2092e+01  8.3733e+00  3.8367e+01  1.0000e+00
 3.2221e+01 -3.0985e+00 -1.3181e+01  4.5011e+01 -4.2856e+00 -1.8256e+01  4.8761e+01  1.0000e+00
 1.2512e+01 -6.9186e+01  4.2928e+01  1.7616e+01 -9.7711e+01  6.0738e+01  1.1639e+02  1.0000e+00
 2.9504e-01  1.0797e+00  1.8449e-01  6.4995e+00  3.5262e+00  3.1303e+00  8.0297e+00  1.0000e+00
-3.2917e-02  1.1712e+00  3.6096e-01  6.8941e+00  1.0244e+01 -3.8732e+00  1.2941e+01  1.0000e+00
-3.0681e-01  8.6874e-01  3.0146e-01 -1.3647e+01 -6.1148e+00 -5.6933e+00  1.6001e+01  1.0000e+00
-9.7852e-01  4.5461e-01  5.3462e-01 -7.5183e+00 -5.7873e+00  2.1370e+00  9.7255e+00  1.0000e+00
-1.5536e+01 -7.5821e+00 -7.9469e+00 -2.0779e+01 -9.4934e+00 -1.0602e+01  2.5185e+01  1.0000e+00
 3.3896e-01  1.1219e+00  4.0011e-01 -1.2046e+01  5.5540e+00 -3.9888e+00  1.3852e+01  1.0000e+00
-8.5595e-01  3.8546e-01 -1.3160e-01  5.3773e+00  4.6352e+00 -7.0137e+00  9.9796e+00  1.0000e+00
-4.3002e-01  1.1282e+00 -7.9457e-02  8.2384e+00 -9.8559e+00  1.2551e+01  1.7959e+01  1.0000e+00
-2.7787e-01  1.0243e+00  5.5499e-01  1.3793e+01 -1.2606e+01 -1.2293e+00  1.8726e+01  1.0000e+00
 3.2409e+00 -2.8596e+00 -3.7977e+00  1.9494e+00  4.1864e-02 -2.2169e+00  2.9524e+00  1.0000e+00
 7.0084e-01  1.2921e+00  4.3300e-01  1.8024e-01 -4.5295e-01  1.9014e+00  1.9629e+00  1.0000e+00
 3.7887e-01  1.5378e+00  4.3172e-01 -1.3036e+00 -3.9695e+00 -9.3483e-01  4.2814e+00  1.0000e+00
 1.0564e+01 -1.2825e+01 -1.5556e+01  1.4119e+01 -1.7632e+01 -2.0595e+01  3.0568e+01  1.0000e+00
 7.1006e+00  3.6349e+00 -3.8207e+00  2.2334e+01  8.8085e+00 -1.0338e+01  2.6140e+01  1.0000e+00
-5.8391e-01  1.2329e+00  5.2452e-01 -7.3694e+00  1.4963e+00 -2.7538e+00  8.0082e+00  1.0000e+00
-3.5321e-01  1.2646e+00  1.9353e-01 -4.9133e+00  1.3966e+01 -3.6180e+00  1.5241e+01  1.0000e+00
-3.9177e-01  1.2068e+00  9.9083e-01 -3.9697e+00 -1.6788e+01 -6.6090e+00  1.8473e+01  1.0000e+00
 1.4017e+01 -6.7797e+00 -9.2169e+00  3.0717e+01 -1.5858e+01 -2.0190e+01  4.0033e+01  1.0000e+00
 2.0710e-01  1.2769e+00  4.7533e-03  9.1657e+00 -4.4679e+00  4.7102e+00  1.1232e+01  1.0000e+00
 9.7781e-01  9.1812e-01  6.2694e-01 -6.0405e-02  8.2079e-02  1.4048e+00  1.4085e+00  1.0000e+00
-3.6590e+01  8.8152e+00  1.8017e+01 -6.0134e+01  1.4435e+01  2.9681e+01  6.8596e+01  1.0000e+00
 7.6449e-03  1.0554e+00  3.9639e-01  5.7971e+00  1.6306e+01  4.5538e-01  1.7311e+01  1.0000e+00
 1.3928e+01  1.0021e+01 -1.0892e+00  1.7618e+01  1.3269e+01 -9.4641e-01  2.2077e+01  1.0000e+00
-2.8340e-01  1.0857e+00  4.9325e-01  1.9405e+01  3.2714e+00  1.2267e+01  2.3189e+01  1.0000e+00
 2.8716e-01  1.1179e+00  2.9135e-01  6.3504e+00  1.1662e+01  5.9122e+00  1.4536e+01  1.0000e+00
 4.1133e-02  1.0728e+00  5.6934e-01 -1.4829e+01  2.2548e+00 -1.5974e+01  2.1913e+01  1.0000e+00
 2.7461e+00  1.2583e+01 -6.1368e-01  3.7950e+00  1.4489e+01 -1.3527e+00  1.5039e+01  1.0000e+00
-2.8580e+02  3.5480e+02 -2.3741e+02 -3.7964e+02  4.7214e+02 -3.1702e+02  6.8377e+02  1.0000e+00
 4.2044e-02  1.1781e+00  5.1873e-01 -2.8854e+01  8.1647e+00 -1.4389e+00  3.0022e+01  1.0000e+00
-9.5841e-01  2.0963e+00  1.4747e-01 -3.6721e+00  1.4888e+01  1.7587e+00  1.5435e+01  1.0000e+00
-1.0243e+00  3.7695e+00 -6.1313e-02 -1.0708e+00  2.8425e+00  4.3132e-01  3.0679e+00  1.0000e+00
-5.7238e-01  1.1251e+00 -4.4235e-01  9.0101e-01  6.9829e-01  2.9369e+00  3.1504e+00  1.0000e+00
 6.1341e-01  1.2675e+00 -2.1647e-01 -4.3290e+00 -7.5440e+00 -9.5676e-01  8.7503e+00  1.0000e+00
 1.0073e+01 -1.4756e+01 -1.4185e+01  1.4633e+01 -1.8988e+01 -1.8625e+01  3.0357e+01  1.0000e+00
 1.7282e+00  1.0756e-01  6.6766e-01 -8.4775e+00  4.3136e+00  1.2669e+00  9.5958e+00  1.0000e+00
-7.0152e-01  9.1634e-01  1.6449e+00  8.7391e+00  4.7438e+00 -9.8579e+00  1.4002e+01  1.0000e+00
-1.4516e-01  1.0583e+00  4.7895e-02  6.4092e+00  1.3673e+01 -8.3948e+00  1.7277e+01  1.0000e+00
-2.2202e+01  1.4096e+00  1.9043e+01 -3.0557e+01  2.2632e+00  2.6426e+01  4.0462e+01  1.0000e+00
 8.6554e-03  1.1876e+00 -8.8875e-02  1.0858e+01  3.7629e+00  5.4896e+00  1.2735e+01  1.0000e+00
-1.4465e-01  8.7823e-01  2.2079e-01 -8.6311e-01 -6.9423e-01 -1.0347e+00  1.5158e+00  1.0000e+00
-1.5029e+01  1.3717e+01 -2.4235e+01 -2.0734e+01  1.9150e+01 -3.3488e+01  4.3796e+01  1.0000e+00
 2.5417e+01 -1.7329e+01  7.0335e+00  3.5108e+01 -2.3805e+01  9.7853e+00  4.3532e+01  1.0000e+00
 1.3388e+01 -8.2221e+00  1.5073e+01  1.7699e+01 -1.0876e+01  2.0338e+01  2.9072e+01  1.0000e+00
 7.5191e-01  1.0353e+00 -1.0543e-01  6.7244e+00  1.1328e+00  7.0442e+00  9.8042e+00  1.0000e+00
-5.0988e-02  1.1650e+00  2.4211e-01  1.4118e+01  1.3388e+01 -5.8786e+00  2.0325e+01  1.0000e+00
-1.4653e-01  9.6223e-01  3.8253e-01 -7.4025e+00  4.5854e+00  2.8246e+01  2.9558e+01  1.0000e+00
-9.7542e+00  1.3690e+00  3.1101e+00 -1.0334e+01  9.5412e-01  2.8635e+00  1.0766e+01  1.0000e+00
-2.2814e-01  1.0673e+00  4.2754e-01  1.7122e+01 -1.1942e+01 -5.4452e+00  2.1574e+01  1.0000e+00
-3.7378e-01  1.1233e+00  4.1815e-02 -3.4299e+00  4.7236e+00 -4.6000e+00  7.4321e+00  1.0000e+00
-5.1096e-02  9.7521e-01  8.6368e-01 -5.3668e+00  1.2811e+00 -6.5864e+00  8.5921e+00  1.0000e+00
 1.7864e-01  6.4944e-01  4.5586e-01  3.1297e+00  1.5137e+00 -8.5705e+00  9.2488e+00  1.0000e+00
-9.5255e+00  9.5781e+00 -7.9585e+00 -1.1797e+01  1.3056e+01 -9.8071e+00  2.0145e+01  1.0000e+00
-4.0345e-01  8.0011e-02  2.9644e-01  1.0432e+01  2.6233e+00  4.1871e+00  1.1543e+01  1.0000e+00
-7.6292e+00  4.8337e+00 -1.8584e+01 -1.0244e+01  6.4340e+00 -2.4619e+01  2.7431e+01  1.0000e+00
-2.9866e+00  1.1245e+01  4.4403e+00 -5.3148e+00  1.2650e+01  3.9666e+00  1.4283e+01  1.0000e+00
-2.4126e+01 -5.2375e+00 -6.5844e+00 -3.3355e+01 -6.8922e+00 -8.4072e+00  3.5082e+01  1.0000e+00
-7.9098e-02  1.9643e+00 -4.3581e-01 -7.2254e+00 -2.4026e+00  4.6803e+00  8.9378e+00  1.0000e+00
-1.2525e-01 -5.8858e-02 -3.0904e+00 -3.3569e-01  1.7982e+00  2.0847e+00  2.7735e+00  1.0000e+00
-5.9885e-03  1.2260e+00  2.1684e-01  1.3898e+01 -1.3102e+00  2.0270e+01  2.4611e+01  1.0000e+00
 1.0382e+00  1.2509e+00 -9.5571e-01  1.1937e+01  9.3971e-01 -3.0966e+00  1.2368e+01  1.0000e+00
-2.8128e-01  1.0589e+00  1.9874e-02 -5.9429e+00 -2.2091e+01 -2.6771e+00  2.3032e+01  1.0000e+00
 2.1581e-01  1.0029e+00  4.5265e-01 -4.7145e+00  1.4187e+01 -4.9015e+00  1.5733e+01  1.0000e+00
 1.8546e-01  2.1786e+00  1.2310e+00  2.3679e+00  1.1648e+01  7.4130e+00  1.4008e+01  1.0000e+00
 2.6907e+00 -7.4538e-01 -7.1821e-01 -3.2257e+00  3.9405e+00 -3.6777e+00  6.2816e+00  1.0000e+00
 1.8348e+00  6.0180e+00 -1.7321e+00  3.9464e+00  1.0774e+01 -4.7832e+00  1.2431e+01  1.0000e+00
-3.3454e-01  3.1735e-01  6.0490e-01  2.2707e+00  5.9308e+00 -2.8150e+00  6.9465e+00  1.0000e+00
-3.0972e+01  3.3881e+01 -2.0598e+01 -4.1918e+01  4.4181e+01 -2.6625e+01  6.6467e+01  1.0000e+00
-1.4483e-01  9.9365e-01  2.0523e-01 -2.2292e+00  1.1713e+00 -2.6635e+01  2.6754e+01  1.0000e+00
-2.5059e-01  1.9952e+00  1.4017e-01 -1.3771e+01 -1.1275e+01  9.0732e+00  1.9977e+01  1.0000e+00
-9.2480e+00 -4.2986e+00 -8.9129e+00 -1.9684e+01 -1.0684e+01 -2.0051e+01  3.0061e+01  1.0000e+00
-1.7006e-01  1.1702e+00  4.8415e-01  1.7978e+00  7.0847e-01  1.8544e-01  1.9413e+00  1.0000e+00
-5.2507e-01 -1.6724e+01 -9.2229e+00 -5.9766e-01 -2.1857e+01 -1.2467e+01  2.5170e+01  1.0000e+00
-5.8130e-01  1.3543e+00  5.1629e-01 -1.0257e+00 -5.6427e+00 -1.2350e+01  1.3617e+01  1.0000e+00
 1.0133e+01 -1.4799e+01 -1.4051e+01  1.2759e+01 -2.0494e+01 -1.9235e+01  3.0867e+01  1.0000e+00
-1.9752e-02  8.3012e-01 -2.2806e-02  5.0826e+00  1.0693e+00 -8.5768e+00  1.0027e+01  1.0000e+00
-2.7017e+01  7.1825e+00 -1.4085e+01 -9.1030e+01  2.1569e+01 -4.8389e+01  1.0532e+02  1.0000e+00
 1.3056e+00  1.0344e+01  4.1182e+00  2.4391e+00  1.1468e+01  3.8465e+00  1.2340e+01  1.0000e+00
 5.0586e+00 -1.0256e+01  1.6206e+01  7.0081e+00 -1.3482e+01  2.1676e+01  2.6471e+01  1.0000e+00
-2.2586e-02  1.2847e+00  4.2339e-01 -4.3467e+00  1.6903e+01 -1.7222e+00  1.7538e+01  1.0000e+00
-1.8521e+01  1.0657e+01 -4.2122e+00 -4.2374e+01  2.3364e+01 -9.9222e+00  4.9395e+01  1.0000e+00
 1.0985e-01  8.8451e-01  3.3095e-01 -9.4601e+00  3.9062e+00 -5.8609e+00  1.1794e+01  1.0000e+00
-2.1427e-01  1.3009e+00  4.8335e-01  3.3607e+00  1.8945e+01  2.0858e+01  2.8377e+01  1.0000e+00
-1.2061e+01 -4.0735e+00  7.1891e+00 -1.5051e+01 -5.1612e+00  8.4416e+00  1.8012e+01  1.0000e+00
 1.4640e-01  8.5677e-01 -5.9895e-02 -4.3214e-01 -9.3102e+00  3.3331e+00  9.8983e+00  1.0000e+00
-2.0022e+00  5.3909e+00  8.5978e-01 -9.6641e+00  2.1418e+01  2.8707e+00  2.3672e+01  1.0000e+00
 1.9292e+01 -2.4727e+01 -1.9714e+00  2.6851e+01 -3.4084e+01 -2.7918e+00  4.3479e+01  1.0000e+00
-1.0668e+00  2.9777e+00  6.8265e-01 -1.1954e+00  2.6212e+00  2.5768e+00  3.8652e+00  1.0000e+00
 9.3234e-01 -1.9797e+00  1.3430e+00 -2.3270e-01 -4.2912e+00  2.7434e+00  5.0985e+00  1.0000e+00
-3.8749e-01  1.4140e+00 -5.0103e-02 -1.6131e+01 -8.4587e+00  5.9617e+00  1.9165e+01  1.0000e+00
 5.9650e-02  5.5553e-01  3.1468e-01  1.8693e+01 -8.3520e+00  5.4574e+00  2.1189e+01  1.0000e+00
-1.0621e+00  1.8737e+00 -9.3746e-01 -6.6731e+00  5.9625e+00 -1.4046e+01  1.6655e+01  1.0000e+00
 9.6627e-02  1.3460e+00 -2.3008e-02  1.3435e+01 -2.2788e+00 -2.5663e-01  1.3629e+01  1.0000e+00
-1.8585e+00  1.0090e+00 -5.1939e-01  2.0463e-01  4.5241e+00 -2.4884e+00  5.1673e+00  1.0000e+00
-5.9580e+00 -1.9201e+00 -1.1890e+00 -5.5337e+00 -7.1482e-01 -5.0621e-01  5.6026e+00  1.0000e+00
-2.2810e-02  1.0083e+00  3.9302e-01  7.9748e+00  5.2301e+00 -2.0516e+01  2.2624e+01  1.0000e+00
-1.3614e-01  1.1268e+00  4.7389e-01 -1.7632e+01  5.5415e+00 -1.3851e+01  2.3097e+01  1.0000e+00
-2.4694e-01  1.1733e+00  2.0534e-01  3.0066e+00 -4.4289e+00 -2.6453e+00  5.9709e+00  1.0000e+00
-2.2596e-01  1.1190e+00  3.6424e-01 -3.9338e-01 -1.2824e+01 -2.2322e+01  2.5747e+01  1.0000e+00
-2.4344e-01  9.9741e-01  4.2331e-01  1.3104e+01  1.5292e+01  3.2383e+00  2.0397e+01  1.0000e+00
 2.7624e-01  2.2161e+00  1.3332e+00  5.4081e+00  2.6647e+00  2.3471e+00  6.4697e+00  1.0000e+00
 3.8218e+00 -8.4786e+00 -2.3029e+00  2.1793e+01 -5.0552e+01 -1.3284e+01  5.6629e+01  1.0000e+00
 1.0685e+00  7.2597e-01  7.5436e-01  1.5756e+00  2.6146e+00 -1.1651e+00  3.2675e+00  1.0000e+00
-3.9463e+01  3.1901e+01  1.4840e+01 -8.1274e+01  6.5132e+01  3.0714e+01  1.0859e+02  1.0000e+00
-9.2410e-01  1.5651e+00  2.7341e-01 -1.1386e+01  6.0700e+00  1.0757e+01  1.6799e+01  1.0000e+00
-2.9383e-01  1.0902e+00  2.0829e-01 -5.5058e+00 -1.3807e+01 -2.3644e+01  2.7928e+01  1.0000e+00
-1.3202e+02  4.3940e+00  1.1858e+02 -2.4181e+02  7.3671e+00  2.1773e+02  3.2547e+02  1.0000e+00
 9.7058e-02  8.2556e-01  4.6130e-01 -1.0010e+01 -3.6130e+00  1.3087e+01  1.6868e+01  1.0000e+00
-1.3133e+00  8.9654e-01 -6.1660e-01 -2.3989e+00 -5.0927e-01  1.1928e+00  2.7270e+00  1.0000e+00
-2.3478e-01  1.2845e+00  2.9703e-01  2.3553e+01 -3.2241e+00 -8.8182e+00  2.5355e+01  1.0000e+00
-3.6331e+00  5.3751e+00  1.3900e+01 -4.2577e+00  5.9799e+00  1.5944e+01  1.7553e+01  1.0000e+00
 5.8118e+00  2.5218e+00  1.5504e+00  2.2568e+00  2.5820e+00  1.5126e+00  3.7480e+00  1.0000e+00
 1.0533e+01 -6.1495e+00 -9.0084e+00  1.3214e+01 -8.0637e+00 -1.1100e+01  1.9049e+01  1.0000e+00
-1.0041e-01  9.3067e-01  3.4413e-01 -4.6288e+00 -1.0174e+01  8.3165e+00  1.3932e+01  1.0000e+00
 1.5303e+01 -1.5555e+01 -2.2979e+01  2.1302e+01 -2.1451e+01 -3.1513e+01  4.3669e+01  1.0000e+00
 7.9268e-02  9.2083e-01 -3.4481e-02  2.3993e+00 -5.6491e+00 -4.6778e+00  7.7169e+00  1.0000e+00
-4.0420e-02  1.0729e+00  4.9260e-01  2.7187e+00  9.0806e+00 -1.2600e+00  9.5622e+00  1.0000e+00
-3.6747e-01  1.2371e+00 -1.0236e-01  2.5723e+00 -1.2745e+01  2.7773e+00  1.3295e+01  1.0000e+00
-1.0572e+01 -1.6760e+01 -1.5847e+01 -2.4952e+01 -4.1575e+01 -3.8333e+01  6.1810e+01  1.0000e+00
-6.6439e-01  1.7544e+00 -2.6325e-01 -5.5277e+00  6.0670e-01 -6.8184e+00  8.7985e+00  1.0000e+00
-3.1367e-01  9.5175e-01  4.8087e-01  5.6158e+00  5.0453e+00 -2.7636e+01  2.8648e+01  1.0000e+00
-3.8661e-01  1.3275e+00  3.7278e-01  1.1232e+01 -9.2117e+00  3.0923e+00  1.4852e+01  1.0000e+00
-6.7529e-02  3.8461e-01 -2.9078e-01 -2.8092e+00  2.0103e+00 -2.8089e+00  4.4523e+00  1.0000e+00
-3.0693e-01  1.2918e+00  2.2593e-01 -4.9903e+00 -1.6977e+01  2.2720e+01  2.8798e+01  1.0000e+00
-1.3715e+00  2.5502e+00  2.5944e+00  3.8567e-01  1.9414e+00 -1.2891e+00  2.3621e+00  1.0000e+00
-3.7984e+00  5.8177e+00  1.6458e+01 -4.4549e+00  7.8171e+00  2.1139e+01  2.2974e+01  1.0000e+00
-1.2056e-01  1.7967e+00 -9.7300e-01 -6.1823e+00 -3.4856e+00 -5.5258e+00  8.9947e+00  1.0000e+00
-3.2438e-03  1.0745e+00  2.3958e-02  5.5094e+00 -1.2178e+01 -1.6620e+01  2.1328e+01  1.0000e+00
 1.1048e-01  8.9200e-01  5.4297e-01  2.3467e-02  1.0646e+01  5.7763e+00  1.2113e+01  1.0000e+00
-1.3078e+00  7.1246e-01 -3.3920e-01 -4.0672e+00  3.4521e+00  3.8613e+00  6.5855e+00  1.0000e+00
 1.1609e+01 -2.9214e+01  5.1840e+01  1.5600e+01 -3.9382e+01  7.0865e+01  8.2560e+01  1.0000e+00
 2.2253e+01  4.2395e+00  2.0995e+01  3.0659e+01  5.7847e+00  2.9143e+01  4.2693e+01  1.0000e+00
-3.1267e+00  1.2508e+00 -8.7792e-01 -2.2034e+00 -1.8753e+00 -5.9274e+00  6.5959e+00  1.0000e+00
 3.6157e-01  9.5624e-01  6.2597e-01  5.9210e+00 -3.4895e+00  1.7062e+01  1.8394e+01  1.0000e+00
-3.0089e-01  5.5119e-01  3.0860e-01  5.6456e+00 -9.7485e+00  4.2093e+00  1.2026e+01  1.0000e+00
-5.8750e+00  3.8644e+00  2.3251e+01 -7.9873e+00  5.5346e+00  3.1569e+01  3.3031e+01  1.0000e+00
-1.5290e+01 -2.7962e+00 -1.4513e+01 -2.0334e+01 -2.4939e+00 -1.8793e+01  2.7801e+01  1.0000e+00
-1.6438e+00  1.2148e+00  1.0882e+00 -1.4117e+01 -2.3748e+00  6.7361e+00  1.5821e+01  1.0000e+00
-8.3345e+00 -1.4308e+01 -1.1184e+00 -1.2050e+01 -2.1925e+01 -1.2813e+00  2.5050e+01  1.0000e+00
-6.9308e-01  4.0025e-02  6.0542e-01  9.0292e+00  1.2310e+01 -3.2711e+00  1.5613e+01  1.0000e+00
 6.7649e-03  1.0893e+00  6.3728e-01  4.4343e-01  6.2047e+00 -1.3932e+01  1.5258e+01  1.0000e+00
-2.2852e+00 -6.7292e-01  7.3090e-02  1.9062e+00  4.8342e+00  1.3205e+00  5.3616e+00  1.0000e+00
-8.7343e-03  8.4216e-01  2.4709e-01 -5.3184e+00  6.1607e+00  4.7365e+00  9.4166e+00  1.0000e+00
 4.2877e-02  1.1970e+00  1.0263e-01  7.0973e+00  4.9278e+00 -1.9742e+00  8.8630e+00  1.0000e+00
-7.9722e+00  2.5189e+01 -3.2399e+00 -1.0778e+01  3.4373e+01 -4.3292e+00  3.6282e+01  1.0000e+00
 3.8793e+00  1.8711e+00  4.5229e+00  8.3234e-01  3.9022e+00  3.9947e+00  5.6461e+00  1.0000e+00
-1.4236e+01 -1.9842e-01 -3.7015e+00 -1.7649e+01  4.0903e-01 -4.7285e+00  1.8276e+01  1.0000e+00
 1.7531e+00  1.9069e+00 -2.9058e+00  2.3372e+00  1.3576e+00  1.4111e-01  2.7066e+00  1.0000e+00
-1.1418e+01 -4.3376e+00  7.9031e+00 -1.4136e+01 -4.4616e+00  9.7007e+00  1.7716e+01  1.0000e+00
-1.2238e-01  1.6284e+00  5.0508e-01  5.7166e-01 -1.2330e+01  2.2217e+00  1.2541e+01  1.0000e+00
 2.9555e+01  1.0707e+01  2.4651e+00  4.0688e+01  1.4942e+01  3.3284e+00  4.3472e+01  1.0000e+00
 1.0636e+01  1.4768e+01  2.0183e+00  1.4089e+01  1.9157e+01  3.0763e+00  2.3978e+01  1.0000e+00
-2.3022e+01 -1.3785e+01 -8.5217e+00 -3.1111e+01 -1.7961e+01 -1.0422e+01  3.7404e+01  1.0000e+00
 1.7382e+00  2.8891e+00 -1.0005e+00  7.3984e+00  2.0948e+00 -7.5682e+00  1.0789e+01  1.0000e+00
-2.2633e+01 -5.2516e-01 -5.9315e+00 -3.0719e+01 -4.5952e-01 -8.1081e+00  3.1775e+01  1.0000e+00
-3.7305e-02  1.0414e+00  3.0310e-01 -1.8937e+01  1.6044e+01  7.8788e-01  2.4832e+01  1.0000e+00
-3.5237e-01  9.3057e-01 -2.3645e-02  7.9669e+00 -8.3784e+00  3.5974e-01  1.1567e+01  1.0000e+00
-4.5798e+00  1.8293e+01 -7.0409e+00 -5.5890e+00  2.4654e+01 -9.3052e+00  2.6937e+01  1.0000e+00
 2.8363e+01  2.3206e+01 -1.7804e+01  4.7190e+01  3.8187e+01 -2.9457e+01  6.7475e+01  1.0000e+00
 3.7729e-01  1.5568e+00  5.2652e-01  6.5300e+00  9.6741e+00 -8.1184e+00  1.4217e+01  1.0000e+00
-5.6501e-01  1.2621e+00 -1.6274e+00  3.4703e+00  3.9078e+00  1.0690e+01  1.1899e+01  1.0000e+00
-4.9489e-02  8.0123e-01  8.7365e-01 -1.6416e+00 -3.0823e+00 -1.4902e+01  1.5306e+01  1.0000e+00
 4.0080e+00 -3.0370e+00  2.3009e-01  2.5041e+00 -9.0658e-02  4.0692e+00  4.7789e+00  1.0000e+00
 2.5555e+00 -1.5343e+00  8.0405e-01  3.1254e+00  1.1789e+00 -1.6939e-01  3.3446e+00  1.0000e+00
-8.1319e-02  1.6392e+00  3.6855e-01  6.0100e+00  9.9589e+00 -1.0188e+01  1.5462e+01  1.0000e+00
-1.7655e+01 -8.8973e+00 -3.1031e+01 -2.4820e+01 -1.2605e+01 -4.3861e+01  5.1949e+01  1.0000e+00
-3.1482e+01 -1.0465e+01 -1.0560e+00 -4.3747e+01 -1.4215e+01 -1.5530e+00  4.6025e+01  1.0000e+00
 3.5616e+00 -2.6924e+00 -4.2211e+00  3.9530e+00 -5.5009e-01 -1.5814e+00  4.2930e+00  1.0000e+00
 3.1802e+01  5.5144e+00 -3.3210e+00  4.3950e+01  7.9192e+00 -4.6998e+00  4.4904e+01  1.0000e+00
-3.3038e-01  7.7180e-01  9.2968e-02  4.9462e+00 -4.1232e+00  1.2858e+01  1.4380e+01  1.0000e+00
 2.9936e-01  1.0452e+00  5.0826e-01  5.6758e+00  8.4097e+00 -4.3077e+00  1.1022e+01  1.0000e+00
-6.2707e-01  1.3112e+00  6.9824e-01 -3.7865e+00 -4.1160e+00 -1.8209e+00  5.8817e+00  1.0000e+00
-3.3421e+00  1.7322e+00 -1.2371e-01 -1.2403e+01  3.2161e+00  2.3829e-01  1.2815e+01  1.0000e+00
-1.9891e-01  9.5463e-01  6.1840e-01  5.8109e+00 -5.8438e+00 -1.5588e+01  1.7633e+01  1.0000e+00
 5.0888e-02  1.1893e+00  4.6663e-01  6.9282e+00  1.3909e+01 -1.3601e+01  2.0650e+01  1.0000e+00
-7.7374e-01  8.3709e-01  3.1477e-01 -1.0165e+01  8.0417e+00  3.3111e+00  1.3378e+01  1.0000e+00
-1.2611e+01  1.0738e+01 -1.9751e+00 -1.6058e+01  1.3550e+01 -2.2104e+00  2.1127e+01  1.0000e+00
 3.7827e-01  1.1368e+00  7.3002e-01  2.8090e+00  7.2141e+00 -3.4884e+00  8.4913e+00  1.0000e+00
-1.2716e+01 -3.8079e+00 -1.6403e-01 -1.5144e+01 -4.5294e+00 -4.2802e-01  1.5813e+01  1.0000e+00
-1.5001e-01  1.1039e+00  1.0169e-01 -1.6273e+01  7.9412e+00 -1.9119e+01  2.6333e+01  1.0000e+00
-4.9431e-01  7.1160e-01  4.1742e-01  8.3516e-01  1.3672e+01  5.5986e+00  1.4798e+01  1.0000e+00
 3.1695e-02  8.8253e-01  1.3218e+00 -6.0730e+00 -2.7730e+00  2.4171e+00  7.1002e+00  1.0000e+00
-5.3271e-01  2.0817e+00 -8.3293e-01 -3.8653e+00  5.9102e+00  2.6217e+00  7.5329e+00  1.0000e+00
 1.0157e+01 -2.5025e+01 -1.2069e+01  1.4028e+01 -3.4280e+01 -1.6578e+01  4.0580e+01  1.0000e+00
-2.2795e+01 -4.0420e+00  2.0530e+01 -3.1525e+01 -5.2712e+00  2.8369e+01  4.2736e+01  1.0000e+00
 2.3568e-01  9.1066e-01  7.6281e-02  1.0672e+00  2.0534e-01  5.7403e+00  5.8423e+00  1.0000e+00
-2.6267e+00 -8.4761e-01 -3.6485e+00 -9.5614e-01  1.9866e+00  7.8853e-01  2.3415e+00  1.0000e+00
-1.0034e+00  2.2086e+00  3.1032e-01 -3.2142e+00  6.9256e+00  2.4355e+00  8.0142e+00  1.0000e+00
-2.9488e-01  1.0314e+00  2.5672e-01 -1.0600e+01  1.6618e+01 -1.1932e+01  2.3041e+01  1.0000e+00
-1.9863e+00 -2.0254e+01 -1.4308e+01 -1.9623e+00 -2.7837e+01 -1.9884e+01  3.4265e+01  1.0000e+00
-3.1370e+00  5.4204e+00 -3.8694e+00 -2.2964e+00  4.0693e+00 -1.2689e+00  4.8418e+00  1.0000e+00
 1.5558e-01  1.1086e+00  1.3264e+00  7.9071e+00  3.4815e+00 -8.1156e-01  8.6777e+00  1.0000e+00
-1.9624e-01  1.2730e+00  3.1451e-01  9.6418e+00  1.6061e+00  2.4555e+01  2.6429e+01  1.0000e+00
-1.3055e+00  8.8726e-01  7.3848e-01  7.6049e+00  5.3670e+00 -1.7148e+00  9.4647e+00  1.0000e+00
-4.2354e+00  1.8551e+01 -7.7328e+00 -5.8177e+00  2.4113e+01 -9.5849e+00  2.6593e+01  1.0000e+00
-3.5055e-01  1.5101e+00  8.2284e-01 -4.1934e-01  1.1876e+01  9.3500e+00  1.5121e+01  1.0000e+00
 7.5056e-01  3.5500e+00  2.2674e+01  1.8375e+00  5.1042e+00  2.8294e+01  2.8809e+01  1.0000e+00
 2.9421e-01  4.6393e+00 -2.7135e+00  4.5015e-01  5.2204e+00 -4.0894e+00  6.6467e+00  1.0000e+00
-1.7898e-03  1.1668e+00  8.5686e-01 -1.5603e+00 -6.7155e+00 -2.2442e+00  7.2505e+00  1.0000e+00
-7.0561e-01  1.5833e+00 -1.3095e-02  8.2503e+00 -6.2683e-02  9.3020e-01  8.3028e+00  1.0000e+00
-2.3871e-01  9.1690e-01  5.5271e-01  8.0416e+00  6.9221e+00  8.7197e+00  1.3734e+01  1.0000e+00
 6.9617e+00  1.4266e+01  7.6077e+00  9.1725e+00  1.8593e+01  9.6308e+00  2.2860e+01  1.0000e+00
 1.1936e-01  6.3338e-01  5.4053e-01  1.3928e-01  2.8673e+00 -6.7866e+00  7.3688e+00  1.0000e+00
 1.1302e+00 -1.0887e-01  1.0363e+00 -2.6156e+00  6.4081e+00 -2.0447e+00  7.2170e+00  1.0000e+00
-3.2139e-01  1.1483e+00  4.2139e-01  1.1374e+01 -1.9974e+00  5.5698e+00  1.2821e+01  1.0000e+00
-3.7589e-01  1.4234e+00  3.0086e-01 -1.2007e+01  5.7192e+00 -7.9130e+00  1.5475e+01  1.0000e+00
-2.1036e-01  1.5431e+00  7.2831e-01 -9.8461e+00 -8.8790e+00 -3.2580e+00  1.3653e+01  1.0000e+00
-2.9040e-01  1.2757e+00  3.0399e-01  7.3367e+00 -6.1916e+00 -1.9366e+00  9.7936e+00  1.0000e+00
 1.0995e+01 -8.0118e+00 -1.3158e+00  1.3477e+01 -9.5818e+00 -1.3380e+00  1.6590e+01  1.0000e+00
-2.5565e-01  1.3388e+00  4.3403e-01  1.0202e+01  1.5856e+01  1.1355e+01  2.2009e+01  1.0000e+00
 2.0029e+01 -3.7911e+01  2.4249e+01  2.5226e+01 -5.0336e+01  3.2424e+01  6.4972e+01  1.0000e+00
-3.1930e-01  3.1115e+00 -5.8701e-01 -4.1339e-01  2.4946e+00 -1.0378e+01  1.0682e+01  1.0000e+00
 2.0769e+00 -1.0607e+01 -3.0335e+01  2.7469e+00 -1.4577e+01 -4.1871e+01  4.4421e+01  1.0000e+00
-8.2304e+00 -1.1903e+01 -2.0476e+01 -1.1685e+01 -1.6165e+01 -2.7912e+01  3.4307e+01  1.0000e+00
-1.4353e+00 -2.1755e+01  2.3518e+00 -1.7364e+00 -2.9413e+01  3.1634e+00  2.9634e+01  1.0000e+00
-3.0385e+01 -1.5324e+01 -7.9337e+00 -4.2397e+01 -2.1095e+01 -1.0987e+01  4.8613e+01  1.0000e+00
-4.4107e-01  1.2616e+00  6.9703e-01 -1.0618e+01 -7.5694e+00 -1.0420e+01  1.6692e+01  1.0000e+00
-2.4295e+01 -5.9753e+00 -4.5720e+00 -3.3320e+01 -8.1345e+00 -6.2681e+00  3.4867e+01  1.0000e+00
 1.3955e-01  7.3423e-01  1.6732e+00 -1.5477e-02  8.2270e-01 -1.2763e-01  8.3268e-01  1.0000e+00
 1.3823e-01  1.2999e+00  1.3935e-01 -6.6952e+00 -1.0515e+01  1.8796e+00  1.2607e+01  1.0000e+00
-3.8060e+00  1.7396e-01 -1.2016e+01 -4.9101e+00  7.8922e-01 -1.6347e+01  1.7087e+01  1.0000e+00
 3.0440e-01  1.0804e+00  4.2408e-01 -8.4375e+00  1.0153e+01 -2.3966e+01  2.7362e+01  1.0000e+00
-1.4916e-01  1.0566e+00  3.2778e-01 -2.3719e+00  1.6353e+01  3.2590e+00  1.6842e+01  1.0000e+00
