# limit = 26.2272
#
# x           y           z           vx          vy          vz          s           m
 2.2334e-01  2.4212e+00 -5.2677e-01  5.3694e+00  5.3228e+00 -1.3351e+01  1.5343e+01  1.0000e+00
 9.3192e-02  1.2503e+00  6.0889e-01  2.0600e+01  6.6747e+00 -5.8666e-01  2.1662e+01  1.0000e+00
 2.5932e+01  1.2244e+00  5.0766e+00  3.3971e+01  2.0946e+00  6.6417e+00  3.4677e+01  1.0000e+00
-1.6631e-01  1.1548e+00  1.7470e-01  1.5060e+01 -1.8336e+01  1.2949e+00  2.3763e+01  1.0000e+00
-2.2017e+01  8.2885e+00  1.3179e+01 -2.9237e+01  1.0833e+01  1.7249e+01  3.5633e+01  1.0000e+00
 9.6137e+00 -2.9517e+00  2.7268e+01  1.2998e+01 -3.5422e+00  3.6173e+01  3.8601e+01  1.0000e+00
 1.3743e+00 -2.2164e+01 -1.5301e+01  1.3726e+00 -2.9213e+01 -1.9956e+01  3.5405e+01  1.0000e+00
 1.7971e-01  9.3837e-01  4.4440e-01  1.1465e+01 -8.9925e+00  1.3284e+01  1.9717e+01  1.0000e+00
-3.4763e+01  2.5368e+01  7.8701e+01 -4.5547e+01  3.3390e+01  1.0464e+02  1.1890e+02  1.0000e+00
 5.7928e+01 -3.1074e+01  1.5151e+00  1.1448e+02 -6.2004e+01  3.0410e+00  1.3022e+02  1.0000e+00
 2.8914e+00  4.3874e+00  2.6299e+00 -8.2612e-01  1.6326e+00  1.0635e-01  1.8328e+00  1.0000e+00
-7.5941e-02  6.7948e-01  4.6216e-01 -1.2066e+00  4.4437e+00  4.3271e+00  6.3187e+00  1.0000e+00
-7.4577e-01  3.6187e+00  9.1152e-01  2.7910e+00 -2.4969e+00  2.8229e+00  4.6897e+00  1.0000e+00
 6.0847e+00  1.8430e+00 -7.3409e-01  4.1594e+00  2.6975e+00  5.9313e-01  4.9929e+00  1.0000e+00
 1.8950e+00 -1.3480e+00  4.4757e-01  8.8247e-02  9.4250e-01 -1.1932e+00  1.5231e+00  1.0000e+00
-8.6325e+00 -1.5900e+00 -6.4902e+00 -9.1674e+00 -6.2823e-01 -7.2219e+00  1.1687e+01  1.0000e+00
 1.5885e+01 -1.6617e+01 -1.9056e+01  2.0989e+01 -2.2040e+01 -2.5450e+01  3.9673e+01  1.0000e+00
-6.5301e-02  2.5273e-01  3.1998e-01 -1.9776e+00  9.7403e+00  2.9655e+00  1.0372e+01  1.0000e+00
-3.0292e-02  1.0423e+00  5.8515e-01  7.2147e+00  1.3263e+01 -4.3721e+00  1.5719e+01  1.0000e+00
 5.5196e+01  4.4780e+01 -1.9369e+01  7.3441e+01  5.8889e+01 -2.5204e+01  9.7451e+01  1.0000e+00
-5.6916e-01  9.7993e-01  2.2708e-01 -1.0860e+01 -7.3292e+00  7.5775e+00  1.5135e+01  1.0000e+00
-2.9340e-01  2.4849e+00  2.7378e-01  4.9046e+00  5.2707e+00  2.0751e+00  7.4928e+00  1.0000e+00
-4.6175e+00 -5.7413e+00  8.9362e+00 -8.1122e+00 -1.1563e+01  1.5774e+01  2.1174e+01  1.0000e+00
-1.1910e+01  2.2586e+01 -2.2783e+01 -1.5911e+01  3.0469e+01 -3.0445e+01  4.5918e+01  1.0000e+00
-8.4103e-01  2.5495e+01 -1.1277e+01 -1.2362e+00  3.3717e+01 -1.4817e+01  3.6850e+01  1.0000e+00
-6.1876e+00  3.6381e+00 -9.3007e+00 -7.8714e+00  5.3381e+00 -9.8988e+00  1.3727e+01  1.0000e+00
 8.0344e+00 -1.9936e+01  3.7842e+00  1.0016e+01 -2.6206e+01  4.7527e+00  2.8455e+01  1.0000e+00
 5.3959e+01 -1.4124e+01 -5.2057e+01  7.5256e+01 -1.9839e+01 -7.2627e+01  1.0645e+02  1.0000e+00
 1.5594e+00 -3.1151e+01 -4.1090e+01  2.1737e+00 -4.2143e+01 -5.5575e+01  6.9781e+01  1.0000e+00
-5.7095e-01  8.4294e-01  7.8446e-01 -4.0580e-01  2.1734e+00  1.8883e-01  2.2190e+00  1.0000e+00
 1.0372e-01  1.1121e+00  1.4133e-01 -1.0072e+01  1.7540e+01  5.2749e-01  2.0233e+01  1.0000e+00
 6.9365e-02  1.2525e+00  2.9349e-01  1.2215e+01  1.3609e+01 -1.0897e+01  2.1287e+01  1.0000e+00
-8.2355e-01  1.5164e+00  1.4087e-01  1.2471e+00 -3.7101e-01 -9.5431e+00  9.6314e+00  1.0000e+00
-4.7800e-01  1.2940e+00  1.6080e-01  7.0157e+00  9.6013e+00  9.3190e+00  1.5108e+01  1.0000e+00
-3.0279e-01  1.0712e+00  7.7296e-01 -5.5210e+00  1.3509e+01  3.4283e+00  1.4991e+01  1.0000e+00
-3.4821e-01  1.1378e+00  5.9658e-01  3.0882e+00  1.8161e+01  1.7000e+01  2.5067e+01  1.0000e+00
 3.7670e-01  1.7184e+00 -2.1982e-01 -2.9778e+00 -1.2474e+01  1.1940e+01  1.7522e+01  1.0000e+00
-2.1402e+01  4.0998e+01 -5.1494e+01 -2.8528e+01  5.4672e+01 -6.7946e+01  9.1758e+01  1.0000e+00
 9.5994e-02  1.0987e+00  1.4036e+00 -6.5400e+00 -6.3623e+00  1.0999e+00  9.1902e+00  1.0000e+00
 1.5305e+01 -3.3770e+00  1.2890e+01  1.9421e+01 -4.0789e+00  1.6460e+01  2.5782e+01  1.0000e+00
 8.0097e+00  7.5026e+00  1.1600e+00  8.0074e+00  7.9520e+00  2.0482e+00  1.1469e+01  1.0000e+00
 2.9759e+00  1.0996e+00 -8.9856e-01 -2.6868e+00  1.1150e+00 -8.6089e-01  3.0337e+00  1.0000e+00
-5.0005e-01  1.0266e+00  5.9956e-01 -4.4377e+00 -1.3604e+01 -5.3621e+00  1.5281e+01  1.0000e+00
 3.1488e+00 -9.1179e+00  2.9699e+01  4.3068e+00 -1.1984e+01  3.9549e+01  4.1549e+01  1.0000e+00
 2.8812e+01  1.3902e+01  2.2945e+00  3.8729e+01  1.8536e+01  3.1368e+00  4.3051e+01  1.0000e+00
 2.0570e+00 -1.8307e+01  3.0562e+00  3.2396e+00 -2.3535e+01  4.1611e+00  2.4118e+01  1.0000e+00
-8.4564e-01  1.7067e+00  9.3275e-02 -7.3930e+00 -1.6508e-01  3.7157e+00  8.2759e+00  1.0000e+00
 2.3973e+00 -4.0157e-01  4.6344e-01 -3.5786e+00  7.5883e+00  2.8260e+00  8.8530e+00  1.0000e+00
 1.2320e+01 -4.7738e+00  5.6383e+00  1.4276e+01 -5.4644e+00  7.0245e+00  1.6823e+01  1.0000e+00
-5.6175e-02  1.0501e+00  3.3956e-01 -2.4001e+01  1.8785e+01  1.0787e+01  3.2330e+01  1.0000e+00
-8.4190e-01  1.2957e+00  5.7178e-01  1.3897e+01 -3.5926e+00 -5.8881e+00  1.5515e+01  1.0000e+00
-2.3298e-01  9.8738e-01  2.6868e-01 -1.1946e+01  5.2506e+00  3.4520e+00  1.3498e+01  1.0000e+00
-3.5398e+00 -5.5489e+00  5.6763e+00 -3.0880e+00 -4.6152e+00  5.2427e+00  7.6369e+00  1.0000e+00
-1.4736e-01  9.6521e-01  3.6408e-01  8.4731e+00 -1.9374e+01 -2.3001e+01  3.1244e+01  1.0000e+00
 3.0413e-01  5.2673e+00  5.2254e+00  2.1963e+00  1.3331e+01  1.4364e+01  1.9719e+01  1.0000e+00
-5.3831e-02  1.5702e+00  1.9581e-01 -3.1322e+00  4.4360e+00 -1.7315e+00  5.6997e+00  1.0000e+00
-5.5889e-02  1.1509e+00  2.7475e-01 -6.7993e+00 -3.2673e+00  2.6049e+00  7.9806e+00  1.0000e+00
-5.0493e-01  1.6704e+00  2.1948e-03  9.1515e+00 -6.9039e+00  1.4827e-01  1.1465e+01  1.0000e+00
-2.1760e-01  9.3730e-01  1.7209e-01  5.9022e+00  7.7183e+00 -1.2863e+01  1.6120e+01  1.0000e+00
 7.0781e+00 -3.9437e+00  2.1163e+01  8.9861e+00 -5.3974e+00  2.7649e+01  2.9569e+01  1.0000e+00
 7.4462e-02  1.1294e+00  1.8807e-01 -1.1165e+01  7.5821e+00  1.9222e+01  2.3487e+01  1.0000e+00
-4.2855e+00 -7.4230e+00  3.3943e+00 -7.1449e+00 -1.4330e+01  5.7438e+00  1.7011e+01  1.0000e+00
 1.3228e+01  1.3194e+00 -6.3660e+00  1.7977e+01  1.9672e+00 -8.5586e+00  2.0007e+01  1.0000e+00
-5.8660e-02  8.0881e-01  6.8093e-01 -2.4764e-01 -7.3040e+00  1.3245e+01  1.5127e+01  1.0000e+00
-2.2102e-01  3.7584e+00  4.7826e-01  2.6462e+00  7.5456e+00  1.2984e+00  8.1009e+00  1.0000e+00
-5.8001e-01  1.3997e+00  4.0205e-01  4.2411e+00 -1.3129e+01  1.2951e+01  1.8923e+01  1.0000e+00
-1.8313e-01  1.1359e+00  7.1793e-01 -1.0533e+01  1.1554e+01 -1.1893e+01  1.9644e+01  1.0000e+00
-1.5692e-01  6.8104e-01  9.3539e-01 -6.4590e+00  4.7947e+00 -1.6955e+00  8.2208e+00  1.0000e+00
-7.3946e-05  9.7140e-01  6.5476e-02 -2.9232e+00  6.2901e+00  9.9022e+00  1.2090e+01  1.0000e+00
-4.1800e-01  1.6173e+00  1.1107e-01  6.1298e+00  6.8890e+00 -5.5584e-02  9.2215e+00  1.0000e+00
 2.5538e+01  2.7843e+00  4.6362e+00  3.3834e+01  3.3432e+00  6.0622e+00  3.4535e+01  1.0000e+00
 9.1590e-02  1.2161e+00  1.7901e-01 -1.9839e+00 -4.5673e+00  1.5402e+01  1.6187e+01  1.0000e+00
 1.1929e-01  7.4407e-01  6.9694e-01  1.8371e+01 -1.9561e+00  6.9024e+00  1.9722e+01  1.0000e+00
-3.0227e-01  9.4663e-01  4.6186e-02 -1.3447e+00 -4.0740e+00 -2.2793e+01  2.3193e+01  1.0000e+00
-1.1954e-01  1.4601e+00  3.5743e-01  2.7294e-01 -1.2873e+01  5.5719e-01  1.2888e+01  1.0000e+00
-1.6102e-01  1.2952e+00  2.4327e-01 -2.2225e+01  7.3131e+00  2.6236e+00  2.3544e+01  1.0000e+00
 5.0133e-02  1.0281e+00  2.8540e-01  1.0860e+01 -3.4110e+00  5.3296e+00  1.2569e+01  1.0000e+00
-2.8927e-01  1.0986e+00  7.7854e-01 -5.8450e+00  8.8084e+00  1.9155e+01  2.1878e+01  1.0000e+00
 3.0819e+01 -1.4706e+01 -3.5418e+00  4.1437e+01 -1.9464e+01 -4.6758e+00  4.6019e+01  1.0000e+00
-1.7939e+01 -1.0883e+01 -6.8721e+00 -2.3452e+01 -1.3811e+01 -8.7352e+00  2.8584e+01  1.0000e+00
-9.3312e-02  4.3941e-01  4.0347e-01 -7.0062e+00  1.3872e+00  4.6355e+00  8.5146e+00  1.0000e+00
 1.9820e+01  4.5869e+00  1.2827e+01  3.2105e+01  6.9269e+00  2.0576e+01  3.8757e+01  1.0000e+00
 1.1219e-01  9.9749e-01  5.2076e-01  1.3528e+01 -6.2020e+00  2.2125e+01  2.6665e+01  1.0000e+00
 5.8296e+00  5.3086e+00  7.5639e+00  5.5222e+00  6.0036e+00  7.5905e+00  1.1142e+01  1.0000e+00
 2.0756e-01  1.2241e+00  5.1221e-01  1.3697e+01  8.2967e+00  2.0683e+00  1.6147e+01  1.0000e+00
-2.7122e-02  1.8661e+00  3.8350e-01  1.6833e+00 -1.4680e+01  2.8861e+00  1.5055e+01  1.0000e+00
 7.6545e-01  1.0792e+00  2.3518e-01  1.7260e+01  2.2458e-01  5.5471e+00  1.8131e+01  1.0000e+00
-3.3636e-01  1.3147e+00  1.8996e-01 -2.0647e+01  2.4029e+01 -1.8001e+00  3.1732e+01  1.0000e+00
 1.2605e+02  3.1817e+01 -1.2232e+02  2.2218e+02  5.5313e+01 -2.1506e+02  3.1413e+02  1.0000e+00
 2.8072e-02  1.6893e+00  1.1476e-01 -1.2854e+01 -4.3780e+00  5.4738e+00  1.4641e+01  1.0000e+00
 1.6117e-01  7.5896e-01  2.5448e-01 -2.1764e+01  1.9423e+01 -5.3963e+00  2.9666e+01  1.0000e+00
 1.9790e-01  1.7034e+00 -2.0239e-01 -2.3774e+00  1.4649e+01  5.2401e+00  1.5739e+01  1.0000e+00
-9.8027e-02  1.0831e+00  1.4803e-01  3.2812e+01  2.5257e-01  4.4549e+00  3.3114e+01  1.0000e+00
-3.0870e-02  7.1372e-01  3.5012e-01  1.1820e+01  1.0842e+01  1.3970e+01  2.1270e+01  1.0000e+00
 5.0402e+00 -1.7497e+00 -4.4602e-01  5.0874e+00 -1.3473e+00 -6.3689e-02  5.2631e+00  1.0000e+00
-6.5486e-02  1.4202e+00  3.8408e-01  1.1004e+01  8.2273e+00  4.9239e+00  1.4595e+01  1.0000e+00
 7.3870e+00  1.5449e+01  2.6918e+01  1.7311e+01  3.4005e+01  6.1236e+01  7.2152e+01  1.0000e+00
-9.9173e+00 -1.4480e+01 -1.6286e+01 -1.2969e+01 -1.8783e+01 -2.1202e+01  3.1153e+01  1.0000e+00
 2.1738e+00 -4.4755e+00 -1.9247e+01  2.6811e+00 -5.4122e+00 -2.3212e+01  2.3985e+01  1.0000e+00
 1.8158e+00  4.3641e+00 -1.7790e+00  1.8935e+00 -4.2938e-01  2.2483e+00  2.9706e+00  1.0000e+00
 2.1100e-02  1.0320e+00  3.9289e-01  7.8935e+00  6.3122e+00  1.6431e+00  1.0240e+01  1.0000e+00
-5.9651e-02  1.0178e+00  2.5847e-01 -1.6009e+00  8.6564e+00 -1.3578e+01  1.6182e+01  1.0000e+00
-3.3183e+00  1.3662e+00 -7.9487e-01 -5.1785e+00  3.0202e+00  1.3573e+00  6.1466e+00  1.0000e+00
-3.8181e-01  1.2632e+00  4.8339e-01  1.7574e+01  1.4711e+01 -1.2638e+01  2.6172e+01  1.0000e+00
 2.5206e+01  9.7443e+00 -6.5163e-01  3.3254e+01  1.3186e+01 -8.8334e-01  3.5784e+01  1.0000e+00
 1.6494e-01  1.1492e+00  2.8835e-01  1.8286e+00  4.1552e+00 -5.7452e+00  7.3224e+00  1.0000e+00
 1.8729e+01  1.0980e+00  2.1005e+01  2.4727e+01  1.5698e+00  2.7714e+01  3.7175e+01  1.0000e+00
-2.6510e-01  1.1262e+00  3.7820e-01 -2.4925e+01  1.9406e+01 -1.7192e+01  3.5964e+01  1.0000e+00
-5.8073e-01  1.7947e+00  4.0092e-01  9.6437e+00  1.0727e+01 -6.9103e+00  1.5995e+01  1.0000e+00
-3.0713e+01  6.5498e+00  7.0234e+00 -4.1083e+01  8.9872e+00  9.4618e+00  4.3106e+01  1.0000e+00
-5.1114e-01  2.0695e+00 -1.0744e-01 -7.8062e+00  4.1569e+00  2.3793e+00  9.1585e+00  1.0000e+00
 6.3537e+00 -1.0542e+01  1.8889e+01  9.1372e+00 -1.4444e+01  2.3725e+01  2.9241e+01  1.0000e+00
 6.9383e+00 -7.2550e+00  1.5117e+01  8.5591e+00 -9.1637e+00  1.9144e+01  2.2885e+01  1.0000e+00
 1.2462e+01 -1.4877e+01 -5.7812e+00  1.5648e+01 -1.8981e+01 -6.9532e+00  2.5563e+01  1.0000e+00
 2.2232e+00 -4.3299e-01  8.9118e-01 -6.5205e+00  5.6912e+00 -9.4470e-01  8.7063e+00  1.0000e+00
-3.1353e-01  1.2662e+00  7.6883e-01 -1.2199e+01  3.2028e+00  1.5285e+01  1.9817e+01  1.0000e+00
 6.4931e-02  2.5507e+00 -5.6807e-01 -1.9830e+00 -6.8662e+00 -9.0081e-01  7.2034e+00  1.0000e+00
-2.7276e+00  4.0588e-01 -2.2664e+00 -9.2796e+00 -2.3985e+00 -6.0901e+00  1.1356e+01  1.0000e+00
 7.5726e-02  1.2944e+00  4.0809e-01  1.0748e+01  6.6085e+00 -3.4994e+00  1.3094e+01  1.0000e+00
-4.6109e-01  1.2515e+00  4.9759e-01 -9.9406e+00  9.8351e+00  6.8359e-01  1.4000e+01  1.0000e+00
-1.8777e-01  1.4947e+00  1.8069e-01  2.8942e+00 -5.9432e+00  6.3985e+00  9.1999e+00  1.0000e+00
-8.8317e-01  1.1282e+00  2.1908e-01  6.8873e+00 -3.1197e+00  2.6622e+00  8.0159e+00  1.0000e+00
-4.0644e+01  1.6869e+01  1.5481e+01 -5.4927e+01  2.2875e+01  2.1180e+01  6.3157e+01  1.0000e+00
-7.3634e-02  1.0510e+00  7.9805e-01  1.7832e+00 -2.7607e+00 -4.9889e+00  5.9742e+00  1.0000e+00
-7.5609e-01  1.7191e+00 -1.3665e-01 -1.8877e+00  5.3417e+00  3.6965e+00  6.7647e+00  1.0000e+00
 4.4621e-02  3.7314e-01  2.0485e-01 -2.5987e+00  4.2621e+00 -2.4122e+00  5.5441e+00  1.0000e+00
 1.4747e+01 -1.2550e+01 -4.9689e+00  1.9055e+01 -1.6045e+01 -6.0745e+00  2.5640e+01  1.0000e+00
-6.5351e-01  1.0229e+00  6.5288e-01 -1.0362e+01  1.2274e+01  1.1372e+01  1.9682e+01  1.0000e+00
 9.9430e+00 -8.5985e+00  2.2037e+01  1.2868e+01 -1.1049e+01  2.9159e+01  3.3733e+01  1.0000e+00
 1.9564e+01  3.0126e+00  2.1224e+01  4.3751e+01  5.3091e+00  4.6180e+01  6.3835e+01  1.0000e+00
-3.7671e+00 -3.9818e+00 -1.8054e+01 -5.0951e+00 -4.8878e+00 -2.3196e+01  2.4247e+01  1.0000e+00
-8.0111e-01  2.5834e+00  1.6630e-01 -1.2875e+00  4.0685e+00  3.3182e-01  4.2802e+00  1.0000e+00
-2.8136e-01  1.0821e+00  5.4246e-01 -1.7983e+01  3.3308e+00  9.0926e+00  2.0424e+01  1.0000e+00
 2.1996e-01  9.8357e-01  7.0138e-01 -1.2691e+01  1.4733e+00  8.2561e+00  1.5211e+01  1.0000e+00
 9.3235e-02  1.4844e+00  1.0655e-01 -2.0116e+01 -8.2485e+00  1.4293e+01  2.6019e+01  1.0000e+00
-6.8302e-02  9.2494e-01 -3.1121e-01  1.1461e+01 -1.6242e+01  2.4197e+00  2.0025e+01  1.0000e+00
 7.1286e-02  2.1730e+00  3.3407e-01  1.8823e+00 -3.6584e+00 -4.0255e+00  5.7560e+00  1.0000e+00
-2.4909e-01  1.1210e+00  3.3026e-01  6.8095e+00 -8.1287e+00  7.4201e+00  1.2942e+01  1.0000e+00
 6.7403e-01  5.9370e-01  8.9909e-01 -1.4716e+01  1.1206e+01 -6.3095e+00  1.9543e+01  1.0000e+00
-3.0613e+00 -8.6322e+00  1.9692e+01 -3.9292e+00 -1.1443e+01  2.5611e+01  2.8325e+01  1.0000e+00
-2.5036e-01  1.5390e+00  3.1921e-01  5.7791e+00  5.9336e-01  2.1894e+01  2.2651e+01  1.0000e+00
-6.7351e-02  1.2961e+00  7.0496e-01 -2.5990e+00  1.8334e+01  1.4450e+01  2.3488e+01  1.0000e+00
-2.7225e+01  5.7412e+00 -7.5674e+00 -3.5390e+01  8.4918e+00 -9.3692e+00  3.7581e+01  1.0000e+00
-1.2127e-01  1.1937e+00  4.8461e-01 -7.5447e+00 -2.0793e+01 -4.6807e+00  2.2609e+01  1.0000e+00
-9.6868e-01  1.7728e+00  1.3793e+00 -2.8800e+00  1.0826e+00  3.5702e+00  4.7130e+00  1.0000e+00
-2.9154e-01  1.3052e+00  3.9532e-01  7.3921e+00 -3.6857e+00  8.2547e+00  1.1678e+01  1.0000e+00
-1.0838e+01 -3.5031e+01 -4.0096e+01 -1.4925e+01 -4.4691e+01 -5.2190e+01  7.0312e+01  1.0000e+00
 2.6517e+01 -2.3384e+01  6.5921e+00  3.5430e+01 -3.1152e+01  8.7311e+00  4.7979e+01  1.0000e+00
 4.8555e-02  7.9767e-01  6.5308e-01 -5.1090e+00 -8.8653e+00  8.5297e+00  1.3321e+01  1.0000e+00
-3.8086e+00  2.6973e+00  1.7516e+00 -7.7155e+00  4.4778e+00  1.5440e+00  9.0534e+00  1.0000e+00
-9.2576e-02 -1.4034e+00  4.9301e-01 -1.6176e+00 -2.6261e+01  3.5299e+00  2.6547e+01  1.0000e+00
-1.8932e+00  1.3152e+00  7.2488e-01  2.4745e+00  1.5891e-01 -5.7932e-01  2.5464e+00  1.0000e+00
-2.6905e-01  1.2832e+00  4.7602e-01  8.3205e+00 -1.8206e+01  1.6402e+01  2.5879e+01  1.0000e+00
-9.1522e-02  8.2331e-01  3.3589e-01 -1.0470e+01  8.9925e+00  6.9189e+00  1.5439e+01  1.0000e+00
-1.4466e+01  2.2641e+01 -1.2034e+01 -1.9167e+01  3.0325e+01 -1.5838e+01  3.9215e+01  1.0000e+00
-2.5949e+00  1.6001e+00  3.5873e+00 -1.3685e+00  2.2512e+00  7.4407e+00  7.8933e+00  1.0000e+00
-4.4820e-01  1.0869e+00  2.5584e+00  3.5162e+00  9.5576e-01  2.9817e+00  4.7083e+00  1.0000e+00
-4.4336e-02  1.2726e+00  1.8739e-01  1.7878e+01  3.0997e+00  5.6292e+00  1.8998e+01  1.0000e+00
-4.1323e-01  1.2530e+00  3.7858e-01  6.1248e+00 -9.7316e-02  1.1689e+01  1.3197e+01  1.0000e+00
 3.8540e-01  1.1224e+00  6.0327e-01 -1.0033e+01  3.7618e+00 -8.2996e+00  1.3554e+01  1.0000e+00
-1.8911e-01  9.8209e-01  5.2375e-01  1.8494e+01 -1.3398e+01 -1.3981e+00  2.2881e+01  1.0000e+00
-2.1597e-01  1.1744e+00  3.3909e-01  8.7104e+00 -1.5936e+01  6.8091e+00  1.9395e+01  1.0000e+00
-4.0929e-01  1.3228e+00  3.8701e-01 -5.5348e+00  2.1990e+01 -1.4247e+01  2.6780e+01  1.0000e+00
-2.4890e-01  1.2612e+00  3.3781e-01 -1.1137e+01  1.4874e+01 -1.9122e+01  2.6664e+01  1.0000e+00
 1.5755e-01  8.7831e-01  4.3473e-01  1.1213e+01  9.5694e+00  8.3394e+00  1.6937e+01  1.0000e+00
 6.5342e+00 -1.0593e+01  1.8853e+01  7.2034e+00 -1.2279e+01  2.5309e+01  2.9038e+01  1.0000e+00
-8.3565e-01  2.0011e+00 -3.6043e-01 -8.2042e+00  7.7555e+00 -1.1618e+01  1.6200e+01  1.0000e+00
 5.1685e+01 -3.5358e+01 -7.1979e+01  6.9252e+01 -4.7253e+01 -9.5417e+01  1.2702e+02  1.0000e+00
 3.7814e-01  5.9060e+00 -1.2839e+00  1.8179e+00  1.7233e+01 -7.0185e+00  1.8696e+01  1.0000e+00
-1.0824e+00  2.8176e+00  1.0551e+00  4.4680e+00 -5.3200e+00 -7.7136e+00  1.0381e+01  1.0000e+00
 1.3152e+01 -3.6360e+00 -2.7561e+00  1.6470e+01 -3.6966e+00 -2.7671e+00  1.7105e+01  1.0000e+00
-1.8962e-01  1.0935e+00  6.7568e-01 -7.1783e+00  6.3057e-01 -8.4061e+00  1.1072e+01  1.0000e+00
 8.1485e-02  1.2869e+00  1.7662e-01 -1.4678e+01  2.8648e+01 -9.6704e+00  3.3610e+01  1.0000e+00
-1.8251e-01  1.2237e+00  4.2120e-01 -1.2165e+01 -8.5964e+00 -9.8969e+00  1.7884e+01  1.0000e+00
-5.7147e-01  1.1013e+00  1.6573e-01 -1.4275e+01 -1.4699e+00 -1.0089e+01  1.7542e+01  1.0000e+00
-7.0670e-01  1.3871e+00  2.5302e-01 -5.8623e+00  3.3108e+00  5.5361e+00  8.7165e+00  1.0000e+00
-8.9138e-02  9.0226e-01  2.5667e-01  2.5579e-01 -1.7589e+01 -5.4952e+00  1.8429e+01  1.0000e+00
-6.9758e-01  1.3291e+00 -4.5156e-01  8.1951e+00  3.1500e+00  8.5760e+00  1.2273e+01  1.0000e+00
-9.0713e-01  1.0259e+00  3.3360e-01  1.3021e+01  1.1949e+01  8.8302e+00  1.9756e+01  1.0000e+00
 1.2776e+00 -1.0154e+01  1.7974e+01  1.7276e+00 -1.3038e+01  2.3031e+01  2.6521e+01  1.0000e+00
-3.4551e+01  2.6643e+01 -2.2042e+01 -5.8177e+01  4.4363e+01 -3.7300e+01  8.2122e+01  1.0000e+00
-2.2699e+00  1.2994e+00  6.0059e-01  4.2490e+00 -2.8992e-01  4.3962e+00  6.1208e+00  1.0000e+00
-3.2597e-01  1.7902e+00  4.0430e-01  9.2929e+00 -1.7242e+01 -4.3985e+00  2.0074e+01  1.0000e+00
-1.0433e-02  7.6461e-01  8.5250e-01  7.0261e+00  1.8663e+00  1.0396e+01  1.2686e+01  1.0000e+00
-8.9261e-01  9.5938e-01  1.2995e-01 -8.0046e+00 -1.1002e+00  2.2999e+00  8.4008e+00  1.0000e+00
-9.7923e-01  1.2689e+00  1.5339e-01 -6.2812e+00  5.8555e+00 -5.0914e+00  9.9831e+00  1.0000e+00
-3.2647e-01  1.3162e+00  7.8149e-01 -1.4326e+01 -3.4232e+00  5.1996e+00  1.5620e+01  1.0000e+00
-1.7257e+01  1.4555e+01 -4.8154e+00 -2.2249e+01  1.8810e+01 -6.1690e+00  2.9781e+01  1.0000e+00
 1.0492e+01 -8.2328e+00 -3.2113e+01  1.4095e+01 -1.1149e+01 -4.3174e+01  4.6765e+01  1.0000e+00
-7.6223e-02  2.8758e+00  2.3131e-04 -3.3235e+00  5.0481e+00 -9.6526e-01  6.1205e+00  1.0000e+00
-7.9917e-01 -2.0582e+01 -1.4716e+01 -5.4953e-01 -2.7098e+01 -1.9155e+01  3.3189e+01  1.0000e+00
-7.7626e+00  7.3220e+00 -3.0314e+01 -1.0547e+01  9.9769e+00 -4.0514e+01  4.3037e+01  1.0000e+00
 3.6047e+00 -1.7978e+01  1.8964e-01  4.5307e+00 -2.3090e+01  3.4761e-01  2.3533e+01  1.0000e+00
-2.1598e+00  1.2753e+00  6.3401e-01  6.0017e+00  5.2285e+00 -1.5235e+00  8.1042e+00  1.0000e+00
-3.5057e+00 -4.5569e+00 -1.9367e+01 -4.5859e+00 -6.0802e+00 -2.4357e+01  2.5520e+01  1.0000e+00
 2.0108e+00  4.6801e+00  4.2854e+00  2.1552e+00  4.3592e+00  3.9155e+00  6.2433e+00  1.0000e+00
-8.9947e-02  1.2208e+00  4.9159e-01 -5.0572e+00 -3.6827e+00 -1.6231e-01  6.2581e+00  1.0000e+00
 1.1950e+01  7.1572e+00  1.6498e+01  1.8135e+01  9.8931e+00  2.4609e+01  3.2130e+01  1.0000e+00
-1.0364e+00  1.6663e+00 -8.1439e-01 -3.5674e+00  4.4177e+00 -1.7208e+00  5.9333e+00  1.0000e+00
 1.2037e+01 -1.4943e+01 -5.8742e+00  1.5932e+01 -1.8867e+01 -7.8912e+00  2.5924e+01  1.0000e+00
-1.1063e-01  1.2844e+00  2.7869e-01 -1.9520e+01  2.1042e+01 -8.1245e+00  2.9830e+01  1.0000e+00
 1.1978e-01  1.2889e+00  5.4129e-01  1.8500e+00 -1.5888e+01  7.5456e+00  1.7686e+01  1.0000e+00
-2.0985e+01 -9.4332e+00 -6.5641e+00 -2.7400e+01 -1.2250e+01 -8.4458e+00  3.1179e+01  1.0000e+00
 1.0433e+01  5.7686e+00  1.0464e+01  1.2462e+01  7.5286e+00  1.3388e+01  1.9779e+01  1.0000e+00
-2.8024e-01  8.6196e-01  4.9022e-01 -1.8728e+01  5.6876e+00 -9.5274e+00  2.1768e+01  1.0000e+00
 8.4867e+00 -2.7620e+01 -2.1841e+00  1.1458e+01 -3.6783e+01 -2.9229e+00  3.8637e+01  1.0000e+00
 2.6968e+01 -7.8724e+00  2.0938e+01  8.4668e+01 -2.7151e+01  6.4817e+01  1.1003e+02  1.0000e+00
-4.0825e+01 -3.9238e+00  6.0267e+01 -5.6974e+01 -5.5829e+00  8.4052e+01  1.0170e+02  1.0000e+00
 1.6222e+01 -2.8007e+01 -2.2757e+01  2.2014e+01 -3.7710e+01 -3.0721e+01  5.3389e+01  1.0000e+00
-2.3786e-01  9.5612e-01  7.2583e-01 -1.5448e+00  1.2503e+01  2.4316e+00  1.2830e+01  1.0000e+00
-1.8116e+00  5.8426e+00  1.4058e+00 -8.0815e-01  7.7168e+00  1.3911e+00  7.8828e+00  1.0000e+00
-2.7654e-01  9.9167e-01  6.9646e-01 -5.1414e+00 -1.7802e+01 -3.6418e+00  1.8884e+01  1.0000e+00
-8.8927e+00 -1.7431e+00 -6.3725e+00 -1.0319e+01 -2.7796e+00 -5.7447e+00  1.2133e+01  1.0000e+00
-1.3543e+00  6.5586e-01  1.1641e+00  4.4381e+00  3.9114e+00 -1.6680e+00  6.1464e+00  1.0000e+00
-1.0208e-01  1.6073e+00  7.6908e-01 -1.5282e+00  5.4121e+00 -7.7437e+00  9.5703e+00  1.0000e+00
-2.2475e-01 -2.0571e+01 -1.4637e+01 -7.9716e-01 -2.6675e+01 -1.9205e+01  3.2879e+01  1.0000e+00
-8.9736e-01 -8.6089e+00 -1.1060e-01 -2.3564e+00 -3.7611e+01 -2.6249e+00  3.7776e+01  1.0000e+00
 4.9236e-01  6.7645e-01  7.4301e-01  1.8992e+00  3.8568e+00 -3.1397e+00  5.3235e+00  1.0000e+00
-2.6549e-01  1.2455e+00 -1.2553e-01 -3.1125e+00  7.2708e+00  1.4791e+01  1.6772e+01  1.0000e+00
-7.7707e-01  1.4807e+00  2.9390e-01  3.3398e+00 -4.1199e+00 -8.4531e-01  5.3705e+00  1.0000e+00
 1.5913e-01  1.2320e+00  4.2321e-01 -1.1606e+01  1.3736e+01 -5.0914e+00  1.8689e+01  1.0000e+00
-3.9605e+01 -4.7540e+01  2.2237e+01 -5.1364e+01 -6.2584e+01  2.9541e+01  8.6184e+01  1.0000e+00
-5.5375e-01  8.9392e-01  6.5652e-01  2.9666e+00  5.6813e+00 -7.9311e+00  1.0197e+01  1.0000e+00
-3.3170e+00  5.9986e+00 -2.3695e+00 -3.2919e+00  6.7804e+00 -1.7504e+00  7.7379e+00  1.0000e+00
 1.1832e-01  1.1947e+00  4.3290e-01  2.5495e+01 -7.0652e+00 -2.8963e+00  2.6614e+01  1.0000e+00
-1.1987e-01  1.4500e+00  2.1266e-01  1.4416e+01  1.0728e+01 -5.7353e-01  1.7978e+01  1.0000e+00
-1.2183e+00  1.2610e+00  1.7091e-01  3.9595e+00  4.6939e+00 -7.1097e+00  9.3946e+00  1.0000e+00
 8.4772e-02  9.5426e-01  3.0587e-01 -1.9154e+01 -1.0510e+01  1.3621e+01  2.5746e+01  1.0000e+00
-3.4334e-01  1.3336e+00  5.0184e-01 -1.5125e+01 -1.4767e+01  3.1064e+00  2.1365e+01  1.0000e+00
-1.3612e-01 -1.8044e+01  8.5937e+00 -1.8132e-01 -2.3298e+01  1.0906e+01  2.5725e+01  1.0000e+00
-2.3710e+01 -1.4167e+01 -8.6077e+00 -3.2560e+01 -1.9455e+01 -1.3167e+01  4.0150e+01  1.0000e+00
-5.6597e-01  9.5308e-01  4.5071e-01  3.0985e+00  2.2398e+01  3.1751e+00  2.2833e+01  1.0000e+00
 3.9591e-01  1.4153e+00 -1.8972e-01  7.1611e+00  7.2162e+00  7.0518e-01  1.0191e+01  1.0000e+00
 3.0345e+01 -1.0863e+01 -1.7783e+00  4.0648e+01 -1.4493e+01 -2.2776e+00  4.3215e+01  1.0000e+00
-1.1154e+00  1.5604e+00  5.2431e-01  6.9491e+00 -4.0308e-01  1.4012e+01  1.5645e+01  1.0000e+00
 2.9670e+02 -3.6711e+02  2.4039e+02  3.8386e+02 -4.7418e+02  3.0947e+02  6.8408e+02  1.0000e+00
-4.2885e-01  1.2763e+00  9.2538e-02 -6.2834e-01 -7.0722e+00  1.2955e+01  1.4773e+01  1.0000e+00
-9.3732e-02  1.1451e+00  4.7203e-02 -1.2066e+01  1.1590e+01 -1.1264e+01  2.0169e+01  1.0000e+00
-3.7063e-01  1.4696e+00  8.7559e-01  7.0046e+00 -1.0083e+00 -3.7825e+00  8.0243e+00  1.0000e+00
 1.6575e+01  1.3369e+01  1.2995e+00  2.1266e+01  1.7024e+01  1.8670e+00  2.7305e+01  1.0000e+00
-1.3539e+01 -3.4836e+00  7.3781e+00 -1.8487e+01 -4.6388e+00  1.0778e+01  2.1896e+01  1.0000e+00
 4.0884e+00 -2.2583e+01  1.1127e+00  5.2433e+00 -2.9317e+01  1.2221e+00  2.9807e+01  1.0000e+00
 1.2478e-01  1.4661e+00  7.1076e-01  4.4127e+00 -4.1870e+00  1.0613e+01  1.2233e+01  1.0000e+00
 1.0662e+00  1.0397e+01 -1.6120e+01  1.2435e+00  1.3149e+01 -2.0584e+01  2.4457e+01  1.0000e+00
-4.5842e+01  1.5437e+01  1.6750e+01 -6.8472e+01  2.3096e+01  2.4968e+01  7.6454e+01  1.0000e+00
-1.5668e-03  1.3870e+00  2.2682e-01 -3.7614e+00 -8.7382e+00 -1.3460e+00  9.6081e+00  1.0000e+00
-1.3455e-01  1.8692e+00  6.1239e-01 -7.6577e+00  6.9816e+00  4.8186e+00  1.1428e+01  1.0000e+00
-2.4780e-01  1.1319e+00  2.4463e-01  2.8097e+00 -1.8814e+01 -1.5873e+00  1.9089e+01  1.0000e+00
-5.5853e-01  1.4138e+00  4.9346e-01 -2.0349e+01  1.9037e+01 -3.8366e+00  2.8128e+01  1.0000e+00
 2.2573e+00 -2.3351e+01  1.8560e+01  2.9602e+00 -3.1111e+01  2.4750e+01  3.9865e+01  1.0000e+00
 1.3865e+01 -2.5912e+01  1.0308e+01  2.3439e+01 -4.4006e+01  1.7159e+01  5.2729e+01  1.0000e+00
-1.4084e+00  1.3143e+01  2.1542e+00 -3.2137e+00  1.5102e+01  2.9522e+00  1.5720e+01  1.0000e+00
-8.2253e-01  1.0284e+00 -3.2453e-02 -1.3792e-01  7.9471e+00  9.0348e-01  7.9995e+00  1.0000e+00
-1.3031e+00  3.0843e+00  2.9745e-02 -7.5180e+00  1.4314e+01 -5.1620e-01  1.6177e+01  1.0000e+00
 1.4045e-02  1.0605e+00  4.4915e-01  8.4084e+00  7.4949e+00 -1.4439e+01  1.8313e+01  1.0000e+00
 1.1794e+01 -3.6840e+00  6.2823e+00  1.4387e+01 -3.7237e+00  7.1954e+00  1.6511e+01  1.0000e+00
 2.3008e-01  1.3503e+00  1.2455e+00  3.6139e+00 -3.0787e+00 -9.9890e+00  1.1060e+01  1.0000e+00
-2.8954e-01  1.4247e+00  8.6237e-01 -4.9373e+00  3.1309e+00  2.6687e+00  6.4266e+00  1.0000e+00
-2.5874e-01  9.5907e-01  3.9093e-01 -7.3808e+00  5.7680e+00  1.1067e+01  1.4499e+01  1.0000e+00
-4.9376e+00 -4.2208e+00 -2.5087e+01 -6.3636e+00 -5.4057e+00 -3.2970e+01  3.4010e+01  1.0000e+00
-1.4453e+00 -3.4835e-01  4.3632e+00  4.0468e-01  1.8934e+00  2.8333e-01  1.9568e+00  1.0000e+00
 3.0774e+01 -6.5725e-01 -6.6092e+00  4.1181e+01 -7.3371e-01 -8.5623e+00  4.2068e+01  1.0000e+00
 2.4542e-03  8.1573e-01  5.2079e-01  2.8991e+00  2.7418e+01 -2.5108e+00  2.7685e+01  1.0000e+00
 1.0730e+01 -1.8241e+00  2.8130e+01  1.4357e+01 -2.8439e+00  3.7675e+01  4.0418e+01  1.0000e+00
-8.3897e-01  1.5400e+00 -6.7925e-01  3.6139e+00  9.2616e-01  1.2335e+01  1.2887e+01  1.0000e+00
-4.1508e-01  1.5375e+00 -5.0501e-01  1.0797e+01  1.3898e+01 -4.4231e+00  1.8146e+01  1.0000e+00
-1.2016e+01  2.0499e+00  1.9630e+01 -1.5423e+01  2.6662e+00  2.5578e+01  2.9987e+01  1.0000e+00
-2.2318e+00  8.8028e+00 -4.3074e-01 -3.6570e+00  6.5923e+00 -7.7960e-01  7.5789e+00  1.0000e+00
-1.0525e-01  1.4021e+00  5.5037e-01 -1.4879e+01 -3.6990e+00 -6.6650e+00  1.6718e+01  1.0000e+00
 9.0895e-01  4.8167e+01  3.1213e+01  2.8015e-01  6.3438e+01  4.0453e+01  7.5239e+01  1.0000e+00
-6.4146e+00  5.7038e+00 -1.9342e+00 -5.3744e+00  4.9413e+00 -4.7282e-01  7.3161e+00  1.0000e+00
-7.7292e-01  2.5205e-01  1.2268e+00  3.9726e+00 -9.2527e-01  2.8913e+00  4.9997e+00  1.0000e+00
 3.0313e-01  1.1615e+00  1.6245e-01 -4.0929e+00 -1.6199e+00  4.4230e+00  6.2401e+00  1.0000e+00
 5.8246e-03  1.2564e+00  2.7764e-01  3.8625e+00  6.4281e+00 -1.0255e+01  1.2705e+01  1.0000e+00
-1.6176e-01  1.2475e+00  7.0113e-01 -9.7779e+00  5.7165e+00 -1.1791e+01  1.6350e+01  1.0000e+00
-2.0497e-01  7.9377e-01  3.5826e-01  9.6300e+00 -7.6333e+00 -4.4219e-01  1.2296e+01  1.0000e+00
-3.0859e+00  4.5630e-01  4.6600e+00  3.4506e-01  1.6848e+00  8.0931e-01  1.9007e+00  1.0000e+00
-4.5846e-01  1.5298e+00  6.1769e-02  1.2269e+01 -8.2415e+00  4.3401e+00  1.5404e+01  1.0000e+00
-1.7411e+01  1.4571e+01  4.9374e+00 -2.6899e+01  2.2461e+01  7.1599e+00  3.5768e+01  1.0000e+00
 7.6287e-01 -1.0796e+00  8.1278e-01  1.8685e+01 -3.2851e+01  6.5739e+00  3.8360e+01  1.0000e+00
 1.8591e-02  1.0847e+00  3.3567e-01 -1.1976e+00 -3.1521e+00  1.0118e+01  1.0666e+01  1.0000e+00
-2.4185e-01  1.1839e+00  3.0930e-01  1.0488e+01  1.9150e+01 -1.1177e+01  2.4528e+01  1.0000e+00
-2.1797e-01  5.7025e-01  1.5468e-01  5.3961e+00  4.8667e+00 -1.7628e+00  7.4773e+00  1.0000e+00
 1.0068e+01 -1.6867e+01 -8.4784e+00  1.3112e+01 -2.1429e+01 -1.0987e+01  2.7419e+01  1.0000e+00
-4.2699e-01  2.0027e+00 -7.1830e-02 -3.3315e+00  6.8708e+00 -5.9618e+00  9.6876e+00  1.0000e+00
 1.3257e+01  3.7133e+00 -2.9414e+01  1.7762e+01  5.2307e+00 -3.7996e+01  4.2268e+01  1.0000e+00
-2.0818e+00  1.1246e+01 -6.9240e+00 -2.4643e+00  1.3076e+01 -7.1874e+00  1.5123e+01  1.0000e+00
-2.6480e+01 -9.2486e+00  6.2868e+00 -3.5425e+01 -1.2088e+01  8.3699e+00  3.8355e+01  1.0000e+00
 3.3276e+01 -3.1990e+00 -1.3609e+01  4.5002e+01 -4.2850e+00 -1.8252e+01  4.8751e+01  1.0000e+00
 1.2926e+01 -7.1479e+01  4.4353e+01  1.7616e+01 -9.7711e+01  6.0738e+01  1.1639e+02  1.0000e+00
 2.5332e-01  1.1894e+00  2.2382e-01 -1.1093e+01  3.9611e+00 -2.2352e-01  1.1781e+01  1.0000e+00
-1.0479e-02  1.2081e+00  3.5379e-01 -1.0501e+01 -4.7333e+00 -4.6357e+00  1.2416e+01  1.0000e+00
-4.8500e-01  8.5824e-01  2.1756e-01 -2.4034e+00  4.5120e+00 -1.6157e+00  5.3614e+00  1.0000e+00
-1.1175e+00  3.5126e-01  5.7585e-01 -4.4908e+00 -3.1154e+00  1.4296e+00  5.6495e+00  1.0000e+00
-1.6023e+01 -7.8046e+00 -8.1954e+00 -2.0762e+01 -9.4839e+00 -1.0591e+01  2.5163e+01  1.0000e+00
-1.7232e-01  1.1763e+00  3.0147e-01 -2.7493e+01 -3.2387e-01 -1.4328e+00  2.7532e+01  1.0000e+00
-7.0075e-01  5.3002e-01 -2.6974e-01  7.8551e+00  7.7237e+00 -4.6018e+00  1.1939e+01  1.0000e+00
-1.3079e-01  9.6382e-01  3.6574e-01  1.7571e+01 -1.0868e+00  2.3784e+01  2.9591e+01  1.0000e+00
 1.3923e-01  8.4537e-01  3.8129e-01  1.6045e+01  1.1939e+00 -1.0842e+01  1.9401e+01  1.0000e+00
 3.2861e+00 -2.8572e+00 -3.8490e+00  1.9108e+00  1.6399e-01 -2.1636e+00  2.8912e+00  1.0000e+00
 6.2158e-01  1.2611e+00  4.6748e-01 -7.1787e+00 -2.1467e+00  9.1602e-01  7.5486e+00  1.0000e+00
 2.5454e-01  1.3741e+00  4.0300e-01 -1.0445e+01 -1.1373e+01 -2.0187e+00  1.5573e+01  1.0000e+00
 1.0895e+01 -1.3239e+01 -1.6039e+01  1.4110e+01 -1.7629e+01 -2.0579e+01  3.0551e+01  1.0000e+00
 7.6233e+00  3.8410e+00 -4.0625e+00  2.2252e+01  8.7794e+00 -1.0289e+01  2.6040e+01  1.0000e+00
-6.1485e-01  1.2530e+00  4.0993e-01  5.1263e+00 -2.1555e-01 -6.5365e+00  8.3097e+00  1.0000e+00
-3.4499e-01  1.4586e+00  2.2284e-01  4.3010e+00  2.5049e+00  4.1601e+00  6.4869e+00  1.0000e+00
-4.3185e-01  8.2472e-01  7.2733e-01  9.5836e-01 -1.4354e+01 -1.5889e+01  2.1434e+01  1.0000e+00
 1.4737e+01 -7.1513e+00 -9.6899e+00  3.0697e+01 -1.5850e+01 -2.0176e+01  4.0007e+01  1.0000e+00
 2.9818e-01  1.1241e+00  2.3104e-01 -4.9207e-01 -5.9456e+00  1.4296e+01  1.5491e+01  1.0000e+00
 9.2951e-01  9.2379e-01  6.5023e-01 -4.0269e+00  4.1550e-01  5.5461e-01  4.0861e+00  1.0000e+00
-3.7998e+01  9.1532e+00  1.8714e+01 -6.0129e+01  1.4434e+01  2.9679e+01  6.8591e+01  1.0000e+00
-3.7656e-02  1.2615e+00  2.9818e-01 -9.6633e+00 -8.1931e+00 -6.1231e+00  1.4071e+01  1.0000e+00
 1.4341e+01  1.0333e+01 -1.1113e+00  1.7592e+01  1.3253e+01 -9.4247e-01  2.2046e+01  1.0000e+00
 1.9540e-01  1.0917e+00  5.1312e-01  1.3672e+01  2.3957e-01 -6.6948e+00  1.5225e+01  1.0000e+00
 2.4561e-01  1.3054e+00  4.4145e-01 -9.6629e+00  4.1230e+00  5.1013e+00  1.1679e+01  1.0000e+00
-3.3794e-01  1.0128e+00  2.3594e-01 -9.3050e+00 -2.5845e+00 -9.5380e+00  1.3573e+01  1.0000e+00
 2.8349e+00  1.2922e+01 -6.4532e-01  3.7790e+00  1.4431e+01 -1.3469e+00  1.4979e+01  1.0000e+00
-2.9469e+02  3.6587e+02 -2.4485e+02 -3.7964e+02  4.7214e+02 -3.1702e+02  6.8377e+02  1.0000e+00
-5.7153e-01  1.2412e+00  3.1584e-01 -1.8697e+01 -2.4954e-01 -1.1817e+01  2.2119e+01  1.0000e+00
-1.0201e+00  2.4168e+00  1.9922e-01 -1.7299e+00  1.2478e+01  2.6569e+00  1.2874e+01  1.0000e+00
-1.0459e+00  3.8253e+00 -4.9279e-02 -7.7323e-01  1.9221e+00  5.9351e-01  2.1552e+00  1.0000e+00
-5.2050e-01  1.1567e+00 -2.9981e-01  3.7727e+00  1.8528e+00  9.3746e+00  1.0274e+01  1.0000e+00
 4.5261e-01  1.0855e+00 -1.8919e-01 -9.5583e+00 -7.6555e+00  3.6157e+00  1.2769e+01  1.0000e+00
 1.0420e+01 -1.5206e+01 -1.4610e+01  1.4922e+01 -1.9522e+01 -1.7541e+01  3.0190e+01  1.0000e+00
 1.5136e+00  2.1660e-01  6.9503e-01 -9.8689e+00  5.0188e+00  1.0549e+00  1.1122e+01  1.0000e+00
-4.8213e-01  1.0328e+00  1.3769e+00  1.0057e+01  5.1921e+00 -1.3311e+01  1.7472e+01  1.0000e+00
-2.4348e-02  1.3607e+00  4.1390e-02  4.5194e+00  9.5163e+00  7.2266e+00  1.2775e+01  1.0000e+00
-2.2917e+01  1.4626e+00  1.9663e+01 -3.0548e+01  2.2624e+00  2.6418e+01  4.0450e+01  1.0000e+00
 1.7620e-01  1.2513e+00  2.3345e-01 -2.3037e+00 -1.7109e-02  2.1070e+01  2.1196e+01  1.0000e+00
-9.4710e-02  1.1002e+00  3.6470e-01  8.5107e+00  1.9895e+01  9.3544e+00  2.3574e+01  1.0000e+00
-1.5515e+01  1.4166e+01 -2.5020e+01 -2.0730e+01  1.9146e+01 -3.3479e+01  4.3785e+01  1.0000e+00
 2.6240e+01 -1.7887e+01  7.2628e+00  3.5099e+01 -2.3801e+01  9.7830e+00  4.3522e+01  1.0000e+00
 1.3803e+01 -8.4767e+00  1.5550e+01  1.7687e+01 -1.0867e+01  2.0326e+01  2.9053e+01  1.0000e+00
 8.4945e-01  1.0685e+00  8.5172e-02  1.5175e+00  1.6699e+00  9.1378e+00  9.4122e+00  1.0000e+00
 1.6328e-01  1.3506e+00  2.3859e-01  2.2754e+00  6.1235e-01  3.2044e+00  3.9775e+00  1.0000e+00
-2.3182e-01  1.1142e+00  8.9766e-01  2.4860e-01  6.5879e+00  1.2933e+01  1.4516e+01  1.0000e+00
-9.9955e+00  1.3914e+00  3.1769e+00 -1.0258e+01  9.5144e-01  2.8401e+00  1.0686e+01  1.0000e+00
 6.7180e-02  9.6501e-01  3.4399e-01  6.3520e+00  6.4890e+00 -3.7388e+00  9.8200e+00  1.0000e+00
-3.5330e-01  1.2291e+00  6.8223e-02  4.4060e+00  4.3126e+00  7.3292e+00  9.5775e+00  1.0000e+00
-1.4729e-01  1.0766e+00  5.1827e-01 -2.4999e+00  7.5291e+00 -2.1783e+01  2.3183e+01  1.0000e+00
 1.5065e-01  8.1153e-01  2.5931e-01 -6.0269e+00  1.2120e+01 -7.0373e+00  1.5256e+01  1.0000e+00
-9.8018e+00  9.8837e+00 -8.1884e+00 -1.1774e+01  1.3035e+01 -9.7861e+00  2.0107e+01  1.0000e+00
-1.4417e-01  2.0541e-01  3.9755e-01  1.1682e+01  8.4948e+00  4.1913e+00  1.5040e+01  1.0000e+00
-7.8692e+00  4.9846e+00 -1.9160e+01 -1.0237e+01  6.4292e+00 -2.4600e+01  2.7410e+01  1.0000e+00
-3.1109e+00  1.1541e+01  4.5329e+00 -5.2961e+00  1.2592e+01  3.9399e+00  1.4217e+01  1.0000e+00
-2.4908e+01 -5.3990e+00 -6.7814e+00 -3.3341e+01 -6.8908e+00 -8.3989e+00  3.5066e+01  1.0000e+00
-2.5488e-01  1.8713e+00 -2.8739e-01 -7.6936e+00 -5.7019e+00  8.1391e+00  1.2568e+01  1.0000e+00
-1.3328e-01 -1.4495e-02 -3.0356e+00 -3.4911e-01  1.9869e+00  2.5945e+00  3.2865e+00  1.0000e+00
 8.2314e-02  1.0821e+00  6.7115e-01 -5.3629e+00 -8.2220e+00  1.2897e+01  1.6208e+01  1.0000e+00
 1.3028e+00  1.2719e+00 -1.0126e+00  1.0670e+01  8.6381e-01 -1.8188e+00  1.0858e+01  1.0000e+00
-3.4177e-01  6.2687e-01  7.1752e-02  4.5494e-01 -1.4050e+01  5.7495e+00  1.5188e+01  1.0000e+00
-1.0419e-01  1.2828e+00  3.0169e-01 -2.0600e+01  2.9199e+00 -6.3259e+00  2.1747e+01  1.0000e+00
 2.4384e-01  2.4270e+00  1.3919e+00  2.5126e+00  9.5100e+00  6.1970e+00  1.1626e+01  1.0000e+00
 2.6098e+00 -6.4960e-01 -8.0197e-01 -3.6697e+00  4.2309e+00 -3.4647e+00  6.5857e+00  1.0000e+00
 1.9262e+00  6.2682e+00 -1.8433e+00  3.8510e+00  1.0568e+01 -4.6971e+00  1.2189e+01  1.0000e+00
-2.5543e-01  5.3994e-01  5.0792e-01  4.7411e+00  1.3558e+01 -5.5819e+00  1.5410e+01  1.0000e+00
-3.1954e+01  3.4916e+01 -2.1223e+01 -4.1913e+01  4.4176e+01 -2.6622e+01  6.6460e+01  1.0000e+00
-1.9839e-01  1.0862e+00 -2.4858e-01 -2.0498e+00  5.3211e+00 -1.3105e+01  1.4292e+01  1.0000e+00
-5.6029e-01  1.6500e+00  3.5618e-01 -1.1789e+01 -1.8450e+01  9.1214e+00  2.3718e+01  1.0000e+00
-9.7093e+00 -4.5489e+00 -9.3826e+00 -1.9658e+01 -1.0666e+01 -2.0022e+01  3.0019e+01  1.0000e+00
-4.9961e-02  1.0274e+00  3.1204e-01  5.4281e+00 -6.2077e+00 -8.7554e+00  1.2027e+01  1.0000e+00
-5.3908e-01 -1.7236e+01 -9.5155e+00 -5.9650e-01 -2.1839e+01 -1.2458e+01  2.5150e+01  1.0000e+00
-4.6749e-01  1.1670e+00  2.0490e-01  1.1374e+01 -8.8084e+00 -1.2422e+01  1.9007e+01  1.0000e+00
 1.0428e+01 -1.5275e+01 -1.4514e+01  1.2458e+01 -1.9933e+01 -2.0301e+01  3.1059e+01  1.0000e+00
 1.1076e-01  9.6291e-01 -6.8347e-02  3.7537e+00  7.9910e+00  4.6636e+00  9.9848e+00  1.0000e+00
-2.9152e+01  7.6883e+00 -1.5219e+01 -9.1021e+01  2.1566e+01 -4.8385e+01  1.0531e+02  1.0000e+00
 1.3626e+00  1.0612e+01  4.2080e+00  2.4258e+00  1.1396e+01  3.8145e+00  1.2259e+01  1.0000e+00
 5.2230e+00 -1.0572e+01  1.6715e+01  7.0064e+00 -1.3468e+01  2.1666e+01  2.6456e+01  1.0000e+00
-1.6190e-01  1.3044e+00  3.2815e-01 -7.2492e+00 -8.8840e+00 -2.5851e+00  1.1754e+01  1.0000e+00
-1.9515e+01  1.1205e+01 -4.4447e+00 -4.2356e+01  2.3355e+01 -9.9184e+00  4.9374e+01  1.0000e+00
-2.3046e-01  1.1810e+00  3.6053e-01 -1.2729e+01  1.9572e+01  5.7678e+00  2.4050e+01  1.0000e+00
-9.6518e-02  1.6115e+00  8.5540e-01  7.1536e+00  9.3847e+00  1.0909e+01  1.6070e+01  1.0000e+00
-1.2414e+01 -4.1944e+00  7.3871e+00 -1.5016e+01 -5.1457e+00  8.4386e+00  1.7977e+01  1.0000e+00
 5.1467e-02  7.5535e-01  1.1366e-01 -6.9742e+00  1.0316e+00  1.1112e+01  1.3160e+01  1.0000e+00
-2.2269e+00  5.8897e+00  9.2718e-01 -9.5031e+00  2.1135e+01  2.8781e+00  2.3352e+01  1.0000e+00
 1.9922e+01 -2.5526e+01 -2.0367e+00  2.6844e+01 -3.4074e+01 -2.7913e+00  4.3468e+01  1.0000e+00
-1.0869e+00  3.0230e+00  7.3920e-01 -5.2532e-01  1.2377e+00  2.2550e+00  2.6254e+00  1.0000e+00
 9.2500e-01 -2.0739e+00  1.4051e+00 -3.9141e-01 -3.7513e+00  2.5574e+00  4.5570e+00  1.0000e+00
-6.5245e-01  1.1676e+00  1.7848e-01 -5.7752e+00 -1.1271e+01  1.3295e+01  1.8362e+01  1.0000e+00
 4.3413e-01  4.5590e-01  4.4331e-01  1.3585e+01 -8.1108e-01  5.3127e+00  1.4609e+01  1.0000e+00
-1.2054e+00  2.0025e+00 -1.2472e+00 -5.6264e+00  5.1112e+00 -1.2454e+01  1.4590e+01  1.0000e+00
 3.2207e-01  1.1989e+00  8.9294e-02  4.0979e+00 -9.0155e+00  1.0315e+01  1.4300e+01  1.0000e+00
-1.8338e+00  1.1169e+00 -5.6745e-01  1.8998e+00  4.6676e+00 -1.5974e+00  5.2865e+00  1.0000e+00
-6.0861e+00 -1.9359e+00 -1.2004e+00 -5.3901e+00 -6.3524e-01 -4.7007e-01  5.4478e+00  1.0000e+00
 2.7581e-02  1.2037e+00  1.1630e-01 -2.4800e+00  9.1021e+00 -1.5534e+00  9.5609e+00  1.0000e+00
-2.3255e-01  1.3707e+00  1.9553e-01  2.3758e+00  9.8118e+00 -5.1395e+00  1.1328e+01  1.0000e+00
-8.6501e-02  1.0787e+00  3.2924e-01  1.2051e+01 -3.4062e+00  1.4539e+01  1.9189e+01  1.0000e+00
-1.7983e-01  9.0026e-01  3.2296e-02  3.8719e+00 -4.5625e+00 -6.0345e+00  8.4984e+00  1.0000e+00
-2.1068e-03  1.2346e+00  3.2685e-01  1.2309e+00  1.6466e+00 -7.5627e+00  7.8372e+00  1.0000e+00
 3.8243e-01  2.2608e+00  1.3625e+00  3.7635e+00  1.2868e+00  3.7280e-01  3.9949e+00  1.0000e+00
 4.3323e+00 -9.6633e+00 -2.6142e+00  2.1771e+01 -5.0496e+01 -1.3268e+01  5.6567e+01  1.0000e+00
 1.0656e+00  8.0052e-01  7.1366e-01 -1.8906e+00  3.7634e+00 -2.2994e+00  4.7984e+00  1.0000e+00
-4.1367e+01  3.3429e+01  1.5560e+01 -8.1274e+01  6.5132e+01  3.0714e+01  1.0859e+02  1.0000e+00
-1.1291e+00  1.6683e+00  5.1761e-01 -6.6665e+00  2.5147e+00  9.8492e+00  1.2156e+01  1.0000e+00
-3.3483e-01  8.4787e-01 -1.9606e-01  7.9528e-01 -7.3744e+00 -1.2065e+01  1.4162e+01  1.0000e+00
-1.3769e+02  4.5666e+00  1.2368e+02 -2.4181e+02  7.3671e+00  2.1773e+02  3.2547e+02  1.0000e+00
-1.8976e-01  9.5348e-01  6.4725e-01 -1.3169e+01  1.3267e+01  3.3235e-01  1.8696e+01  1.0000e+00
-1.3464e+00  8.9144e-01 -5.6653e-01 -4.3499e-01  9.5367e-02  3.0681e+00  3.1002e+00  1.0000e+00
 2.1780e-01  1.0657e+00  2.4724e-01  9.1010e+00 -1.2542e+01  4.8941e+00  1.6250e+01  1.0000e+00
-3.7328e+00  5.5151e+00  1.4273e+01 -4.2485e+00  5.9686e+00  1.5911e+01  1.7517e+01  1.0000e+00
 5.8625e+00  2.5818e+00  1.5854e+00  2.0728e+00  2.5384e+00  1.4713e+00  3.5923e+00  1.0000e+00
 1.0842e+01 -6.3382e+00 -9.2687e+00  1.3194e+01 -8.0508e+00 -1.1080e+01  1.9017e+01  1.0000e+00
-1.7556e-01  9.6085e-01  5.4433e-01 -6.8236e-01  1.1129e+01  5.9949e+00  1.2660e+01  1.0000e+00
 1.5802e+01 -1.6058e+01 -2.3718e+01  2.1297e+01 -2.1446e+01 -3.1504e+01  4.3658e+01  1.0000e+00
 1.0688e-02  8.5891e-01 -3.4332e-02 -5.8539e+00  2.2733e+00  4.3471e+00  7.6376e+00  1.0000e+00
-1.2005e-01  1.1681e+00  2.3716e-01 -6.3406e+00  2.8760e+00 -1.3214e+01  1.4936e+01  1.0000e+00
-2.5009e-01  9.4911e-01  1.3376e-01  7.7787e+00 -1.0653e+01  1.7557e+01  2.1960e+01  1.0000e+00
-1.1158e+01 -1.7735e+01 -1.6746e+01 -2.4945e+01 -4.1563e+01 -3.8323e+01  6.1793e+01  1.0000e+00
-7.6329e-01  1.7329e+00 -3.6899e-01 -2.9731e+00 -2.1336e+00 -2.4655e+00  4.4125e+00  1.0000e+00
-2.5601e-02  1.2097e+00 -4.9556e-02  1.4279e+01  1.2488e+01 -1.4023e+01  2.3590e+01  1.0000e+00
 9.7334e-03  9.9599e-01  3.6170e-01  1.9830e+01 -1.4109e+01 -7.6119e+00  2.5500e+01  1.0000e+00
-1.3677e-01  4.7936e-01 -3.1063e-01 -3.0406e+00  6.1163e+00  1.1963e+00  6.9343e+00  1.0000e+00
-1.9941e-01  8.8691e-01  7.0109e-01  1.1512e+01 -1.2279e+01  1.6216e+01  2.3372e+01  1.0000e+00
-1.3587e+00  2.5911e+00  2.5565e+00  7.0730e-01  1.5487e+00 -1.9507e+00  2.5892e+00  1.0000e+00
-3.9027e+00  6.0008e+00  1.6953e+01 -4.4484e+00  7.8078e+00  2.1109e+01  2.2942e+01  1.0000e+00
-2.6824e-01  1.7035e+00 -1.0720e+00 -6.3763e+00 -4.4278e+00 -2.9285e+00  8.2969e+00  1.0000e+00
 8.5190e-02  8.0392e-01 -2.0054e-01  2.0743e+00 -9.8576e+00 -3.0821e+00  1.0534e+01  1.0000e+00
-3.9708e-02  1.2075e+00  5.1143e-01 -1.2668e+01  1.4936e+01 -1.0196e+01  2.2080e+01  1.0000e+00
-1.3736e+00  8.0739e-01 -2.3320e-01 -1.5082e+00  4.6273e+00  5.1469e+00  7.0836e+00  1.0000e+00
 1.1974e+01 -3.0137e+01  5.3502e+01  1.5600e+01 -3.9382e+01  7.0865e+01  8.2560e+01  1.0000e+00
 2.2970e+01  4.3750e+00  2.1678e+01  3.0649e+01  5.7818e+00  2.9136e+01  4.2681e+01  1.0000e+00
-3.1793e+00  1.2139e+00 -1.0044e+00 -2.0730e+00 -1.4310e+00 -5.0639e+00  5.6558e+00  1.0000e+00
 4.0844e-01  9.0517e-01  9.5102e-01 -9.4516e-01 -1.0750e+00  1.0972e+01  1.1065e+01  1.0000e+00
-1.3835e-01  4.4432e-01  3.9946e-01  8.6450e+00  1.6318e-01  3.8533e+00  9.4663e+00  1.0000e+00
-6.0620e+00  3.9942e+00  2.3991e+01 -7.9827e+00  5.5321e+00  3.1553e+01  3.3014e+01  1.0000e+00
-1.5766e+01 -2.8546e+00 -1.4954e+01 -2.0320e+01 -2.4912e+00 -1.8779e+01  2.7781e+01  1.0000e+00
-1.9543e+00  1.1587e+00  1.2327e+00 -1.2451e+01 -2.3758e+00  5.6442e+00  1.3875e+01  1.0000e+00
-8.6169e+00 -1.4821e+01 -1.1484e+00 -1.2037e+01 -2.1900e+01 -1.2797e+00  2.5023e+01  1.0000e+00
-4.5651e-01  3.7727e-01  5.1703e-01  1.1394e+01  1.6927e+01 -4.3415e+00  2.0861e+01  1.0000e+00
-1.9113e-01  1.1442e+00  2.1952e-01 -9.4114e+00 -1.6390e+00 -1.1797e+01  1.5180e+01  1.0000e+00
-2.2326e+00 -5.5234e-01  1.0500e-01  2.5833e+00  5.4573e+00  1.4019e+00  6.1985e+00  1.0000e+00
-1.6418e-01  1.1719e+00  4.1124e-01 -4.5960e+00  1.7474e+01  2.8690e+00  1.8295e+01  1.0000e+00
 1.3756e-01  1.2373e+00  1.7789e-01 -1.5654e+00 -2.9882e+00  7.6367e+00  8.3486e+00  1.0000e+00
-8.2251e+00  2.5995e+01 -3.3414e+00 -1.0773e+01  3.4359e+01 -4.3280e+00  3.6268e+01  1.0000e+00
 3.8971e+00  1.9624e+00  4.6147e+00  6.8591e-01  3.8784e+00  3.8382e+00  5.4995e+00  1.0000e+00
-1.4649e+01 -1.8881e-01 -3.8122e+00 -1.7612e+01  4.1115e-01 -4.7185e+00  1.8238e+01  1.0000e+00
 1.8050e+00  1.9377e+00 -2.8977e+00  2.0919e+00  1.2723e+00  5.5171e-01  2.5098e+00  1.0000e+00
-1.1749e+01 -4.4419e+00  8.1299e+00 -1.4125e+01 -4.4392e+00  9.6614e+00  1.7679e+01  1.0000e+00
-9.9457e-02  1.1682e+00  4.7756e-01  5.7392e+00 -2.2370e+01 -7.5647e+00  2.4302e+01  1.0000e+00
 3.0509e+01  1.1058e+01  2.5432e+00  4.0677e+01  1.4940e+01  3.3272e+00  4.3462e+01  1.0000e+00
 1.0966e+01  1.5216e+01  2.0903e+00  1.4072e+01  1.9134e+01  3.0736e+00  2.3949e+01  1.0000e+00
-2.3749e+01 -1.4205e+01 -8.7605e+00 -3.0938e+01 -1.7795e+01 -9.8701e+00  3.7030e+01  1.0000e+00
 1.9054e+00  2.9330e+00 -1.1738e+00  6.8764e+00  1.6665e+00 -7.2186e+00  1.0108e+01  1.0000e+00
-2.3353e+01 -5.3595e-01 -6.1214e+00 -3.0703e+01 -4.6027e-01 -8.1035e+00  3.1758e+01  1.0000e+00
-4.9149e-01  1.3692e+00  4.1370e-01 -1.4162e+01  9.1402e+00  3.8851e+00  1.7298e+01  1.0000e+00
-1.4023e-01  8.6260e-01  1.3121e-01  9.6035e+00  3.6250e+00  1.2371e+01  1.6075e+01  1.0000e+00
-4.7105e+00  1.8872e+01 -7.2592e+00 -5.5692e+00  2.4642e+01 -9.3261e+00  2.6930e+01  1.0000e+00
 2.9469e+01  2.4101e+01 -1.8494e+01  4.7185e+01  3.8182e+01 -2.9454e+01  6.7468e+01  1.0000e+00
 4.5602e-01  1.7097e+00  3.1001e-01  4.3555e-01  3.7351e+00 -9.5841e+00  1.0295e+01  1.0000e+00
-4.8072e-01  1.3536e+00 -1.3556e+00  3.7267e+00  3.8929e+00  1.2581e+01  1.3686e+01  1.0000e+00
-9.7987e-02  8.5217e-01  3.6994e-01 -2.1964e+00  9.5446e+00 -2.6943e+01  2.8668e+01  1.0000e+00
 4.0649e+00 -3.0372e+00  3.2548e-01  2.3507e+00  7.4328e-02  4.0676e+00  4.6986e+00  1.0000e+00
 2.6243e+00 -1.5022e+00  7.9907e-01  2.7433e+00  1.5558e+00 -2.5340e-01  3.1640e+00  1.0000e+00
 2.9678e-02  1.7327e+00  1.4556e-01  3.6054e+00 -1.4830e+00 -9.0288e+00  9.8345e+00  1.0000e+00
-1.8236e+01 -9.1926e+00 -3.2060e+01 -2.4815e+01 -1.2603e+01 -4.3855e+01  5.1941e+01  1.0000e+00
-3.2509e+01 -1.0798e+01 -1.0925e+00 -4.3738e+01 -1.4212e+01 -1.5533e+00  4.6015e+01  1.0000e+00
 3.6528e+00 -2.7045e+00 -4.2564e+00  3.8279e+00 -4.8758e-01 -1.4246e+00  4.1134e+00  1.0000e+00
 3.2833e+01  5.7002e+00 -3.4311e+00  4.3941e+01  7.9175e+00 -4.6981e+00  4.4895e+01  1.0000e+00
-1.4321e-01  8.2768e-01  4.6388e-01  1.0715e+01  1.0774e+01  1.6149e+01  2.2174e+01  1.0000e+00
 2.4791e-01  1.2239e+00  3.4163e-01 -1.1157e+01  6.7961e+00 -8.6015e+00  1.5641e+01  1.0000e+00
-6.1308e-01  1.1854e+00  5.7561e-01  5.6123e+00 -6.3375e+00 -8.7010e+00  1.2140e+01  1.0000e+00
-3.6251e+00  1.8060e+00 -1.1749e-01 -1.1750e+01  3.0814e+00  2.8967e-01  1.2151e+01  1.0000e+00
-6.5424e-02  1.0659e+00  2.0358e-01  6.4762e+00  1.5218e+01 -1.0529e+01  1.9606e+01  1.0000e+00
 1.4548e-02  1.3386e+00  1.4963e-01 -6.8066e+00 -1.7419e+00 -9.7505e+00  1.2018e+01  1.0000e+00
-9.2735e-01  1.0634e+00  3.8445e-01 -3.0657e+00  1.0589e+01  1.8420e+00  1.1177e+01  1.0000e+00
-1.2988e+01  1.1055e+01 -2.0269e+00 -1.6032e+01  1.3529e+01 -2.2066e+00  2.1094e+01  1.0000e+00
 3.4592e-01  1.2710e+00  5.7322e-01 -6.3063e+00  3.9908e+00 -9.8532e+00  1.2361e+01  1.0000e+00
-1.3071e+01 -3.9139e+00 -1.7405e-01 -1.5102e+01 -4.5123e+00 -4.2744e-01  1.5768e+01  1.0000e+00
-5.1388e-01  1.2689e+00 -1.7416e-01 -1.3655e+01  6.2083e+00 -5.9932e+00  1.6153e+01  1.0000e+00
-4.4569e-02  1.2044e+00  3.0803e-01  3.2493e+01  2.5787e+01 -1.4768e+01  4.4032e+01  1.0000e+00
-1.1522e-01  8.3504e-01  1.3201e+00 -6.3759e+00 -1.2240e+00 -2.5649e+00  6.9806e+00  1.0000e+00
-6.1701e-01  2.2004e+00 -7.4708e-01 -3.3095e+00  4.1920e+00  4.6787e+00  7.1004e+00  1.0000e+00
 1.0486e+01 -2.5828e+01 -1.2458e+01  1.4024e+01 -3.4271e+01 -1.6573e+01  4.0569e+01  1.0000e+00
-2.3534e+01 -4.1657e+00  2.1195e+01 -3.1517e+01 -5.2687e+00  2.8362e+01  4.2726e+01  1.0000e+00
 9.1270e-02  1.0094e+00  3.0233e-01 -2.0168e+01  1.1109e+01  8.9702e+00  2.4711e+01  1.0000e+00
-2.6476e+00 -7.9961e-01 -3.6273e+00 -8.1997e-01  2.1081e+00  1.0194e+00  2.4810e+00  1.0000e+00
-1.0530e+00  2.3410e+00  3.5709e-01 -1.0782e+00  4.5354e+00  1.5108e+00  4.9005e+00  1.0000e+00
-3.6490e-01  1.4501e+00  1.3891e-01  2.0511e+00  1.5681e+01  8.7717e-01  1.5839e+01  1.0000e+00
-2.0320e+00 -2.0907e+01 -1.4774e+01 -1.9380e+00 -2.7820e+01 -1.9874e+01  3.4245e+01  1.0000e+00
-3.1899e+00  5.5145e+00 -3.8978e+00 -2.2201e+00  3.9620e+00 -1.1476e+00  4.6844e+00  1.0000e+00
 3.1424e-01  1.2055e+00  1.2623e+00  5.2825e+00  4.3712e+00 -4.7033e+00  8.3147e+00  1.0000e+00
 7.2237e-02  1.1378e+00  7.3818e-01  8.0008e+00 -9.9455e+00  8.8615e+00  1.5539e+01  1.0000e+00
-1.0831e+00  1.0239e+00  6.7967e-01  1.1668e+01  6.3281e+00 -3.4656e+00  1.3719e+01  1.0000e+00
-4.3718e+00  1.9116e+01 -7.9571e+00 -5.8282e+00  2.4081e+01 -9.5454e+00  2.6552e+01  1.0000e+00
-3.3453e-01  1.7182e+00  9.6619e-01  1.5960e+00  6.1753e+00  3.2641e+00  7.1650e+00  1.0000e+00
 7.9361e-01  3.6696e+00  2.3337e+01  1.8369e+00  5.1014e+00  2.8275e+01  2.8790e+01  1.0000e+00
 3.0438e-01  4.7588e+00 -2.8066e+00  4.1718e-01  4.9751e+00 -3.8526e+00  6.3062e+00  1.0000e+00
-1.2634e-01  1.0024e+00  5.5559e-01 -9.7063e+00 -4.4588e+00 -2.2915e+01  2.5282e+01  1.0000e+00
-4.5517e-01  1.5819e+00  1.0074e-01  9.5915e+00 -2.1544e+00  1.0928e+01  1.4699e+01  1.0000e+00
-7.9492e-02  1.1373e+00  6.2676e-01  4.8969e+00  7.6893e+00 -3.4814e+00  9.7583e+00  1.0000e+00
 7.1765e+00  1.4702e+01  7.8334e+00  9.1596e+00  1.8567e+01  9.6166e+00  2.2828e+01  1.0000e+00
 5.3823e-02  8.5236e-01  3.3351e-01 -6.4618e+00  1.7514e+01 -9.1252e+00  2.0779e+01  1.0000e+00
 1.0541e+00  5.6417e-02  9.7979e-01 -3.9085e+00  7.7112e+00 -2.7928e+00  9.0850e+00  1.0000e+00
 9.9811e-02  1.0714e+00  3.5859e-01  1.3909e+01 -1.8180e+00 -1.0248e+01  1.7372e+01  1.0000e+00
-5.3858e-01  1.4360e+00  1.5154e-01 -2.2981e+00 -3.3231e+00 -5.0491e+00  6.4666e+00  1.0000e+00
-3.8378e-01  1.2216e+00  5.4904e-01 -3.6074e+00 -1.7829e+01 -1.3284e+01  2.2525e+01  1.0000e+00
-5.3461e-02  1.0127e+00  3.7437e-01  1.4298e+01 -1.1699e+01  3.7947e+00  1.8860e+01  1.0000e+00
 1.1311e+01 -8.2359e+00 -1.3471e+00  1.3448e+01 -9.5577e+00 -1.3347e+00  1.6552e+01  1.0000e+00
 3.7217e-02  1.5297e+00  6.0496e-01  1.2363e+01  1.0159e+00  3.2949e+00  1.2835e+01  1.0000e+00
 2.0621e+01 -3.9091e+01  2.5009e+01  2.5223e+01 -5.0332e+01  3.2422e+01  6.4967e+01  1.0000e+00
-3.2823e-01  3.1547e+00 -8.2204e-01 -3.5338e-01  1.2260e+00 -9.6634e+00  9.7473e+00  1.0000e+00
 2.1413e+00 -1.0948e+01 -3.1317e+01  2.7463e+00 -1.4573e+01 -4.1862e+01  4.4411e+01  1.0000e+00
-8.5044e+00 -1.2282e+01 -2.1131e+01 -1.1681e+01 -1.6158e+01 -2.7900e+01  3.4292e+01  1.0000e+00
-1.4759e+00 -2.2445e+01  2.4259e+00 -1.7331e+00 -2.9395e+01  3.1613e+00  2.9615e+01  1.0000e+00
-3.1379e+01 -1.5818e+01 -8.1914e+00 -4.2388e+01 -2.1090e+01 -1.0984e+01  4.8602e+01  1.0000e+00
-5.6451e-01  1.0683e+00  3.6979e-01  1.1787e+00 -7.4401e+00 -1.5566e+01  1.7293e+01  1.0000e+00
-2.5076e+01 -6.1658e+00 -4.7189e+00 -3.3305e+01 -8.1296e+00 -6.2710e+00  3.4852e+01  1.0000e+00
 1.3138e-01  7.6503e-01  1.6341e+00 -7.0121e-01  1.8242e+00 -3.2424e+00  3.7858e+00  1.0000e+00
-1.1210e-01  9.8479e-01  3.3726e-01 -1.1346e+01 -1.1751e+01  1.8437e+01  2.4632e+01  1.0000e+00
-3.9210e+00  1.9250e-01 -1.2399e+01 -4.8980e+00  7.9234e-01 -1.6300e+01  1.7039e+01  1.0000e+00
-2.7715e-02  1.3166e+00 -5.2615e-02 -1.8839e+01  9.1270e+00 -1.2545e+01  2.4404e+01  1.0000e+00
-1.9921e-01  1.3101e+00  4.0995e-01  5.8266e-01  2.8255e+00  1.0360e+00  3.0654e+00  1.0000e+00
