# limit = 26.2976
#
# x           y           z           vx          vy          vz          s           m
 2.3358e-01  2.4314e+00 -5.5237e-01  5.2662e+00  5.1926e+00 -1.3243e+01  1.5168e+01  1.0000e+00
 1.3220e-01  1.2627e+00  6.0636e-01  1.9906e+01  6.2091e+00 -2.1183e+00  2.0959e+01  1.0000e+00
 2.5998e+01  1.2285e+00  5.0894e+00  3.3969e+01  2.0952e+00  6.6413e+00  3.4676e+01  1.0000e+00
-1.3695e-01  1.1196e+00  1.7944e-01  1.5447e+01 -1.8065e+01  3.5232e+00  2.4029e+01  1.0000e+00
-2.2073e+01  8.3094e+00  1.3212e+01 -2.9236e+01  1.0833e+01  1.7249e+01  3.5632e+01  1.0000e+00
 9.6387e+00 -2.9585e+00  2.7338e+01  1.2998e+01 -3.5417e+00  3.6173e+01  3.8600e+01  1.0000e+00
 1.3769e+00 -2.2220e+01 -1.5340e+01  1.3721e+00 -2.9212e+01 -1.9955e+01  3.5404e+01  1.0000e+00
 2.0018e-01  9.2129e-01  4.6930e-01  9.7235e+00 -8.8299e+00  1.2487e+01  1.8123e+01  1.0000e+00
-3.4851e+01  2.5433e+01  7.8903e+01 -4.5547e+01  3.3390e+01  1.0464e+02  1.1890e+02  1.0000e+00
 5.8148e+01 -3.1193e+01  1.5210e+00  1.1448e+02 -6.2004e+01  3.0410e+00  1.3022e+02  1.0000e+00
 2.8898e+00  4.3905e+00  2.6301e+00 -8.4131e-01  1.6173e+00  9.5545e-02  1.8256e+00  1.0000e+00
-7.8309e-02  6.8926e-01  4.7013e-01 -1.2517e+00  5.7176e+00  3.9518e+00  7.0621e+00  1.0000e+00
-7.4038e-01  3.6138e+00  9.1693e-01  2.8072e+00 -2.5833e+00  2.7950e+00  4.7293e+00  1.0000e+00
 6.0927e+00  1.8482e+00 -7.3294e-01  4.1443e+00  2.6959e+00  5.9591e-01  4.9797e+00  1.0000e+00
 1.8952e+00 -1.3462e+00  4.4527e-01  5.6900e-02  9.8715e-01 -1.1923e+00  1.5490e+00  1.0000e+00
-8.6502e+00 -1.5912e+00 -6.5041e+00 -9.1780e+00 -6.3554e-01 -7.2121e+00  1.1690e+01  1.0000e+00
 1.5925e+01 -1.6659e+01 -1.9105e+01  2.0989e+01 -2.2039e+01 -2.5449e+01  3.9672e+01  1.0000e+00
-6.9228e-02  2.7205e-01  3.2582e-01 -2.1019e+00  1.0328e+01  3.1084e+00  1.0989e+01  1.0000e+00
-1.7041e-02  1.0683e+00  5.7548e-01  6.5544e+00  1.3697e+01 -5.6742e+00  1.6210e+01  1.0000e+00
 5.5337e+01  4.4894e+01 -1.9417e+01  7.3441e+01  5.8889e+01 -2.5204e+01  9.7451e+01  1.0000e+00
-5.8925e-01  9.6638e-01  2.4194e-01 -1.0006e+01 -6.7489e+00  7.8614e+00  1.4404e+01  1.0000e+00
-2.8395e-01  2.4948e+00  2.7777e-01  4.9108e+00  4.9996e+00  2.0701e+00  7.3073e+00  1.0000e+00
-4.6331e+00 -5.7635e+00  8.9666e+00 -8.1104e+00 -1.1561e+01  1.5770e+01  2.1169e+01  1.0000e+00
-1.1941e+01  2.2644e+01 -2.2841e+01 -1.5911e+01  3.0469e+01 -3.0445e+01  4.5917e+01  1.0000e+00
-8.4341e-01  2.5560e+01 -1.1305e+01 -1.2363e+00  3.3716e+01 -1.4817e+01  3.6849e+01  1.0000e+00
-6.2027e+00  3.6484e+00 -9.3198e+00 -7.8689e+00  5.3370e+00 -9.8946e+00  1.3722e+01  1.0000e+00
 8.0537e+00 -1.9986e+01  3.7933e+00  1.0015e+01 -2.6205e+01  4.7524e+00  2.8453e+01  1.0000e+00
 5.4104e+01 -1.4162e+01 -5.2197e+01  7.5256e+01 -1.9839e+01 -7.2627e+01  1.0645e+02  1.0000e+00
 1.5636e+00 -3.1232e+01 -4.1197e+01  2.1736e+00 -4.2143e+01 -5.5575e+01  6.9781e+01  1.0000e+00
-5.7118e-01  8.4753e-01  7.8423e-01  1.5482e-01  2.5961e+00 -4.1711e-01  2.6340e+00  1.0000e+00
 8.3153e-02  1.1465e+00  1.4410e-01 -1.1267e+01  1.8116e+01  2.3538e+00  2.1463e+01  1.0000e+00
 9.1310e-02  1.2777e+00  2.7253e-01  1.0656e+01  1.2470e+01 -1.0891e+01  1.9689e+01  1.0000e+00
-8.2059e-01  1.5154e+00  1.2273e-01  1.8236e+00 -6.5563e-01 -9.2950e+00  9.4949e+00  1.0000e+00
-4.6349e-01  1.3122e+00  1.7917e-01  8.0707e+00  9.2453e+00  9.7528e+00  1.5676e+01  1.0000e+00
-3.1206e-01  1.0987e+00  7.7922e-01 -4.2202e+00  1.4796e+01  3.2081e+00  1.5717e+01  1.0000e+00
-3.4139e-01  1.1727e+00  6.2830e-01  3.9694e+00  1.8110e+01  1.5937e+01  2.4448e+01  1.0000e+00
 3.7064e-01  1.6941e+00 -1.9655e-01 -3.3147e+00 -1.2761e+01  1.2236e+01  1.7988e+01  1.0000e+00
-2.1457e+01  4.1103e+01 -5.1624e+01 -2.8528e+01  5.4672e+01 -6.7946e+01  9.1758e+01  1.0000e+00
 8.3330e-02  1.0865e+00  1.4053e+00 -6.6157e+00 -6.3498e+00  7.0093e-01  9.1966e+00  1.0000e+00
 1.5342e+01 -3.3849e+00  1.2921e+01  1.9419e+01 -4.0786e+00  1.6458e+01  2.5780e+01  1.0000e+00
 8.0251e+00  7.5179e+00  1.1640e+00  8.0024e+00  7.9482e+00  2.0477e+00  1.1463e+01  1.0000e+00
 2.9707e+00  1.1017e+00 -9.0020e-01 -2.7337e+00  1.1154e+00 -8.4220e-01  3.0702e+00  1.0000e+00
-5.0783e-01  1.0007e+00  5.8874e-01 -3.6493e+00 -1.3269e+01 -5.8717e+00  1.4962e+01  1.0000e+00
 3.1571e+00 -9.1410e+00  2.9775e+01  4.3067e+00 -1.1984e+01  3.9548e+01  4.1548e+01  1.0000e+00
 2.8887e+01  1.3938e+01  2.3005e+00  3.8729e+01  1.8536e+01  3.1367e+00  4.3050e+01  1.0000e+00
 2.0632e+00 -1.8352e+01  3.0642e+00  3.2395e+00 -2.3533e+01  4.1607e+00  2.4117e+01  1.0000e+00
-8.5947e-01  1.7061e+00  1.0055e-01 -6.9717e+00 -5.3126e-01  3.8433e+00  7.9786e+00  1.0000e+00
 2.3903e+00 -3.8694e-01  4.6889e-01 -3.6374e+00  7.6181e+00  2.8319e+00  8.9042e+00  1.0000e+00
 1.2348e+01 -4.7843e+00  5.6518e+00  1.4273e+01 -5.4623e+00  7.0239e+00  1.6819e+01  1.0000e+00
-1.0088e-01  1.0896e+00  3.5761e-01 -2.1295e+01  2.1790e+01  8.2009e+00  3.1552e+01  1.0000e+00
-8.1450e-01  1.2887e+00  5.6014e-01  1.4574e+01 -3.7307e+00 -6.2092e+00  1.6275e+01  1.0000e+00
-2.5495e-01  9.9850e-01  2.7584e-01 -1.0870e+01  6.3083e+00  3.9545e+00  1.3176e+01  1.0000e+00
-3.5457e+00 -5.5578e+00  5.6864e+00 -3.0854e+00 -4.6098e+00  5.2383e+00  7.6295e+00  1.0000e+00
-1.2779e-01  9.3022e-01  3.2090e-01  1.0903e+01 -1.7165e+01 -2.1898e+01  2.9884e+01  1.0000e+00
 3.0836e-01  5.2930e+00  5.2530e+00  2.1955e+00  1.3321e+01  1.4352e+01  1.9704e+01  1.0000e+00
-6.0102e-02  1.5775e+00  1.9278e-01 -3.3752e+00  3.2312e+00 -1.4217e+00  4.8841e+00  1.0000e+00
-6.9300e-02  1.1447e+00  2.8068e-01 -7.0661e+00 -3.1887e+00  3.5043e+00  8.5075e+00  1.0000e+00
-4.8695e-01  1.6565e+00  2.9828e-03  9.5225e+00 -7.5454e+00  6.7808e-01  1.2168e+01  1.0000e+00
-2.0665e-01  9.5295e-01  1.4783e-01  5.3394e+00  8.3027e+00 -1.2061e+01  1.5586e+01  1.0000e+00
 7.0954e+00 -3.9541e+00  2.1216e+01  8.9857e+00 -5.3972e+00  2.7648e+01  2.9568e+01  1.0000e+00
 5.2172e-02  1.1444e+00  2.2595e-01 -1.2013e+01  8.0626e+00  2.0136e+01  2.4794e+01  1.0000e+00
-4.2992e+00 -7.4506e+00  3.4054e+00 -7.1422e+00 -1.4324e+01  5.7420e+00  1.7005e+01  1.0000e+00
 1.3263e+01  1.3231e+00 -6.3825e+00  1.7974e+01  1.9670e+00 -8.5572e+00  2.0004e+01  1.0000e+00
-5.9192e-02  7.9557e-01  7.0562e-01 -3.0158e-01 -6.4536e+00  1.2410e+01  1.3991e+01  1.0000e+00
-2.1594e-01  3.7728e+00  4.8075e-01  2.6385e+00  7.4576e+00  1.2922e+00  8.0154e+00  1.0000e+00
-5.7073e-01  1.3738e+00  4.2694e-01  5.4713e+00 -1.3684e+01  1.2867e+01  1.9563e+01  1.0000e+00
-2.0335e-01  1.1577e+00  6.9359e-01 -1.0445e+01  1.1105e+01 -1.3364e+01  2.0273e+01  1.0000e+00
-1.6929e-01  6.9075e-01  9.3155e-01 -6.3856e+00  5.2930e+00 -2.2976e+00  8.6064e+00  1.0000e+00
-6.1288e-03  9.8418e-01  8.5784e-02 -3.3716e+00  6.9963e+00  1.1220e+01  1.3646e+01  1.0000e+00
-4.0638e-01  1.6292e+00  1.1119e-01  5.9869e+00  5.5217e+00  2.2002e-01  8.1474e+00  1.0000e+00
 2.5603e+01  2.7907e+00  4.6479e+00  3.3833e+01  3.3424e+00  6.0622e+00  3.4534e+01  1.0000e+00
 8.7148e-02  1.2073e+00  2.0974e-01 -2.6781e+00 -4.6574e+00  1.6496e+01  1.7349e+01  1.0000e+00
 1.5407e-01  7.4104e-01  7.0962e-01  1.7768e+01 -1.2126e+00  6.2861e+00  1.8886e+01  1.0000e+00
-3.0420e-01  9.3930e-01  3.3279e-03 -6.9476e-01 -3.5475e+00 -2.1754e+01  2.2052e+01  1.0000e+00
-1.1888e-01  1.4337e+00  3.5830e-01  4.0302e-01 -1.4509e+01  3.2883e-01  1.4518e+01  1.0000e+00
-2.0281e-01  1.3080e+00  2.4980e-01 -2.1145e+01  6.0919e+00  4.1417e+00  2.2392e+01  1.0000e+00
 7.0551e-02  1.0217e+00  2.9858e-01  9.8337e+00 -3.0674e+00  8.9360e+00  1.3637e+01  1.0000e+00
-3.0072e-01  1.1142e+00  8.1347e-01 -5.9782e+00  7.6850e+00  1.7021e+01  1.9609e+01  1.0000e+00
 3.0899e+01 -1.4743e+01 -3.5508e+00  4.1436e+01 -1.9464e+01 -4.6757e+00  4.6018e+01  1.0000e+00
-1.7984e+01 -1.0910e+01 -6.8890e+00 -2.3451e+01 -1.3810e+01 -8.7348e+00  2.8582e+01  1.0000e+00
-1.0859e-01  4.4300e-01  4.1203e-01 -1.0041e+01  2.5467e+00  3.8197e+00  1.1040e+01  1.0000e+00
 1.9882e+01  4.6002e+00  1.2867e+01  3.2104e+01  6.9266e+00  2.0576e+01  3.8756e+01  1.0000e+00
 1.3728e-01  9.8611e-01  5.6235e-01  1.2559e+01 -5.6370e+00  2.1091e+01  2.5186e+01  1.0000e+00
 5.8403e+00  5.3202e+00  7.5785e+00  5.5186e+00  6.0010e+00  7.5860e+00  1.1136e+01  1.0000e+00
 2.3264e-01  1.2399e+00  5.1532e-01  1.2379e+01  8.0389e+00  1.1791e+00  1.4807e+01  1.0000e+00
-2.4036e-02  1.8372e+00  3.8899e-01  1.5198e+00 -1.5365e+01  2.8098e+00  1.5694e+01  1.0000e+00
 7.9822e-01  1.0797e+00  2.4589e-01  1.6777e+01  2.6104e-01  5.5658e+00  1.7678e+01  1.0000e+00
-3.7542e-01  1.3604e+00  1.8714e-01 -1.9941e+01  2.3485e+01 -1.1540e+00  3.0830e+01  1.0000e+00
 1.2648e+02  3.1924e+01 -1.2273e+02  2.2218e+02  5.5313e+01 -2.1506e+02  3.1413e+02  1.0000e+00
 3.1946e-03  1.6806e+00  1.2592e-01 -1.2936e+01 -4.6648e+00  6.0549e+00  1.5026e+01  1.0000e+00
 1.1848e-01  7.9821e-01  2.4458e-01 -2.2483e+01  2.1433e+01 -4.8729e+00  3.1442e+01  1.0000e+00
 1.9314e-01  1.7313e+00 -1.9195e-01 -2.5651e+00  1.4289e+01  5.6093e+00  1.5564e+01  1.0000e+00
-3.4848e-02  1.0841e+00  1.5903e-01  3.2580e+01  8.7726e-01  7.2267e+00  3.3383e+01  1.0000e+00
-8.4259e-03  7.3601e-01  3.7710e-01  1.1476e+01  1.2307e+01  1.4029e+01  2.1908e+01  1.0000e+00
 5.0500e+00 -1.7523e+00 -4.4614e-01  5.0718e+00 -1.3392e+00 -6.1202e-02  5.2460e+00  1.0000e+00
-4.4911e-02  1.4347e+00  3.9300e-01  1.0365e+01  6.7887e+00  4.3393e+00  1.3129e+01  1.0000e+00
 7.4204e+00  1.5514e+01  2.7035e+01  1.7311e+01  3.4005e+01  6.1235e+01  7.2151e+01  1.0000e+00
-9.9423e+00 -1.4516e+01 -1.6327e+01 -1.2969e+01 -1.8782e+01 -2.1201e+01  3.1152e+01  1.0000e+00
 2.1789e+00 -4.4860e+00 -1.9292e+01  2.6808e+00 -5.4119e+00 -2.3211e+01  2.3983e+01  1.0000e+00
 1.8194e+00  4.3632e+00 -1.7747e+00  1.8773e+00 -4.5284e-01  2.2643e+00  2.9759e+00  1.0000e+00
 3.5037e-02  1.0448e+00  3.9486e-01  6.5679e+00  7.0929e+00  4.7531e-01  9.6785e+00  1.0000e+00
-6.2726e-02  1.0357e+00  2.3403e-01 -1.5597e+00  9.8829e+00 -1.1923e+01  1.5565e+01  1.0000e+00
-3.3283e+00  1.3720e+00 -7.9225e-01 -5.1185e+00  3.0085e+00  1.3627e+00  6.0915e+00  1.0000e+00
-3.4705e-01  1.2912e+00  4.5861e-01  1.8491e+01  1.4370e+01 -1.3037e+01  2.6803e+01  1.0000e+00
 2.5271e+01  9.7697e+00 -6.5332e-01  3.3253e+01  1.3186e+01 -8.8322e-01  3.5782e+01  1.0000e+00
 1.6702e-01  1.1573e+00  2.7742e-01  3.3140e-01  4.3604e+00 -5.5979e+00  7.1034e+00  1.0000e+00
 1.8776e+01  1.1011e+00  2.1058e+01  2.4727e+01  1.5701e+00  2.7714e+01  3.7174e+01  1.0000e+00
-3.1087e-01  1.1642e+00  3.4434e-01 -2.2674e+01  1.9980e+01 -1.7714e+01  3.5030e+01  1.0000e+00
-5.6186e-01  1.8148e+00  3.8750e-01  9.9620e+00  1.0108e+01 -7.0303e+00  1.5838e+01  1.0000e+00
-3.0792e+01  6.5671e+00  7.0416e+00 -4.1083e+01  8.9870e+00  9.4616e+00  4.3105e+01  1.0000e+00
-5.2597e-01  2.0771e+00 -1.0267e-01 -7.5906e+00  3.7201e+00  2.5686e+00  8.8349e+00  1.0000e+00
 6.3713e+00 -1.0570e+01  1.8935e+01  9.1882e+00 -1.4457e+01  2.3714e+01  2.9254e+01  1.0000e+00
 6.9548e+00 -7.2727e+00  1.5154e+01  8.5583e+00 -9.1630e+00  1.9142e+01  2.2883e+01  1.0000e+00
 1.2493e+01 -1.4914e+01 -5.7946e+00  1.5637e+01 -1.8981e+01 -6.9549e+00  2.5557e+01  1.0000e+00
 2.2106e+00 -4.2200e-01  8.8934e-01 -6.5735e+00  5.7264e+00 -9.6691e-01  8.7714e+00  1.0000e+00
-3.3680e-01  1.2727e+00  7.9741e-01 -1.2029e+01  3.6338e+00  1.4354e+01  1.9077e+01  1.0000e+00
 6.1105e-02  2.5373e+00 -5.6969e-01 -1.9899e+00 -7.0423e+00 -7.8793e-01  7.3603e+00  1.0000e+00
-2.7454e+00  4.0127e-01 -2.2781e+00 -9.2513e+00 -2.3882e+00 -6.0593e+00  1.1314e+01  1.0000e+00
 9.5647e-02  1.3058e+00  4.0072e-01  1.0003e+01  5.2087e+00 -4.1440e+00  1.2015e+01  1.0000e+00
-4.7896e-01  1.2702e+00  4.9825e-01 -8.6655e+00  9.5997e+00  3.2649e-03  1.2932e+01  1.0000e+00
-1.8194e-01  1.4820e+00  1.9366e-01  3.1647e+00 -7.2759e+00  7.0632e+00  1.0623e+01  1.0000e+00
-8.6929e-01  1.1222e+00  2.2438e-01  7.5378e+00 -3.0736e+00  2.8536e+00  8.6260e+00  1.0000e+00
-4.0750e+01  1.6913e+01  1.5522e+01 -5.4927e+01  2.2875e+01  2.1180e+01  6.3157e+01  1.0000e+00
-7.0493e-02  1.0459e+00  7.8720e-01  1.4915e+00 -2.5379e+00 -6.2741e+00  6.9303e+00  1.0000e+00
-7.5943e-01  1.7291e+00 -1.2928e-01 -1.5868e+00  5.0645e+00  3.9551e+00  6.6189e+00  1.0000e+00
 3.9419e-02  3.8191e-01  2.0041e-01 -2.8050e+00  4.8570e+00 -2.2000e+00  6.0248e+00  1.0000e+00
 1.4784e+01 -1.2581e+01 -4.9806e+00  1.9053e+01 -1.6044e+01 -6.0742e+00  2.5638e+01  1.0000e+00
-6.7268e-01  1.0467e+00  6.7429e-01 -9.5659e+00  1.2453e+01  1.0862e+01  1.9093e+01  1.0000e+00
 9.9678e+00 -8.6198e+00  2.2094e+01  1.2867e+01 -1.1048e+01  2.9158e+01  3.3732e+01  1.0000e+00
 1.9648e+01  3.0228e+00  2.1313e+01  4.3750e+01  5.3086e+00  4.6179e+01  6.3834e+01  1.0000e+00
-3.7768e+00 -3.9912e+00 -1.8099e+01 -5.0946e+00 -4.8877e+00 -2.3195e+01  2.4246e+01  1.0000e+00
-8.0353e-01  2.5911e+00  1.6696e-01 -1.2291e+00  3.8545e+00  3.5596e-01  4.0613e+00  1.0000e+00
-3.1506e-01  1.0889e+00  5.5926e-01 -1.7036e+01  3.7332e+00  8.3705e+00  1.9345e+01  1.0000e+00
 1.9475e-01  9.8674e-01  7.1647e-01 -1.3500e+01  1.8175e+00  7.4088e+00  1.5506e+01  1.0000e+00
 5.3856e-02  1.4675e+00  1.3473e-01 -2.0801e+01 -9.3423e+00  1.4995e+01  2.7291e+01  1.0000e+00
-4.6311e-02  8.9390e-01 -3.0585e-01  1.1381e+01 -1.6002e+01  3.1470e+00  1.9887e+01  1.0000e+00
 7.4792e-02  2.1655e+00  3.2631e-01  1.7600e+00 -4.0616e+00 -4.0346e+00  5.9893e+00  1.0000e+00
-2.3460e-01  1.1069e+00  3.4488e-01  8.2650e+00 -6.5323e+00  7.6268e+00  1.3006e+01  1.0000e+00
 6.4541e-01  6.1547e-01  8.8675e-01 -1.5012e+01  1.1412e+01 -6.5201e+00  1.9953e+01  1.0000e+00
-3.0688e+00 -8.6543e+00  1.9742e+01 -3.9288e+00 -1.1442e+01  2.5609e+01  2.8323e+01  1.0000e+00
-2.3896e-01  1.5389e+00  3.6119e-01  6.0528e+00 -6.8126e-01  2.1701e+01  2.2540e+01  1.0000e+00
-7.2671e-02  1.3307e+00  7.3170e-01 -2.9121e+00  1.7654e+01  1.3340e+01  2.2318e+01  1.0000e+00
-2.7294e+01  5.7575e+00 -7.5854e+00 -3.5389e+01  8.4916e+00 -9.3689e+00  3.7580e+01  1.0000e+00
-1.3456e-01  1.1531e+00  4.7408e-01 -6.4409e+00 -2.1353e+01 -6.2476e+00  2.3162e+01  1.0000e+00
-9.7411e-01  1.7748e+00  1.3860e+00 -2.7558e+00  9.8648e-01  3.3934e+00  4.4814e+00  1.0000e+00
-2.7628e-01  1.2969e+00  4.1089e-01  8.4413e+00 -4.9616e+00  7.8609e+00  1.2557e+01  1.0000e+00
-1.0866e+01 -3.5117e+01 -4.0196e+01 -1.4925e+01 -4.4690e+01 -5.2190e+01  7.0312e+01  1.0000e+00
 2.6586e+01 -2.3444e+01  6.6089e+00  3.5430e+01 -3.1152e+01  8.7310e+00  4.7978e+01  1.0000e+00
 3.8279e-02  7.8136e-01  6.6887e-01 -5.5615e+00 -8.0684e+00  7.8780e+00  1.2574e+01  1.0000e+00
-3.8234e+00  2.7059e+00  1.7546e+00 -7.6846e+00  4.4652e+00  1.5312e+00  9.0186e+00  1.0000e+00
-9.5690e-02 -1.4539e+00  4.9980e-01 -1.6165e+00 -2.6179e+01  3.5270e+00  2.6465e+01  1.0000e+00
-1.8883e+00  1.3155e+00  7.2372e-01  2.6084e+00  1.4410e-01 -6.2811e-01  2.6868e+00  1.0000e+00
-2.5252e-01  1.2475e+00  5.0637e-01  8.8562e+00 -1.8931e+01  1.5098e+01  2.5783e+01  1.0000e+00
-1.1164e-01  8.4362e-01  3.4974e-01 -1.0308e+01  1.2154e+01  7.0434e+00  1.7423e+01  1.0000e+00
-1.4503e+01  2.2699e+01 -1.2065e+01 -1.9166e+01  3.0325e+01 -1.5838e+01  3.9214e+01  1.0000e+00
-2.5975e+00  1.6045e+00  3.6016e+00 -1.3474e+00  2.2476e+00  7.4115e+00  7.8611e+00  1.0000e+00
-4.4142e-01  1.0887e+00  2.5640e+00  3.5289e+00  9.6019e-01  2.8715e+00  4.6498e+00  1.0000e+00
-9.9484e-03  1.2777e+00  1.9970e-01  1.7858e+01  2.2653e+00  7.1589e+00  1.9372e+01  1.0000e+00
-4.0024e-01  1.2528e+00  4.0120e-01  7.3929e+00 -1.0803e-01  1.1792e+01  1.3918e+01  1.0000e+00
 3.6511e-01  1.1297e+00  5.8680e-01 -1.1060e+01  3.8486e+00 -8.8266e+00  1.4665e+01  1.0000e+00
-1.5245e-01  9.5707e-01  5.2234e-01  1.9306e+01 -1.1961e+01 -4.2201e-01  2.2715e+01  1.0000e+00
-1.9925e-01  1.1444e+00  3.5210e-01  8.7994e+00 -1.5231e+01  6.5509e+00  1.8770e+01  1.0000e+00
-4.1909e-01  1.3641e+00  3.5966e-01 -4.6497e+00  2.1018e+01 -1.4168e+01  2.5770e+01  1.0000e+00
-2.6899e-01  1.2886e+00  3.0141e-01 -9.7042e+00  1.3617e+01 -1.8666e+01  2.5060e+01  1.0000e+00
 1.7818e-01  8.9811e-01  4.5026e-01  1.0331e+01  1.1086e+01  7.9310e+00  1.7103e+01  1.0000e+00
 6.5480e+00 -1.0617e+01  1.8902e+01  7.1514e+00 -1.2264e+01  2.5318e+01  2.9027e+01  1.0000e+00
-8.5128e-01  2.0158e+00 -3.8263e-01 -8.0343e+00  7.5368e+00 -1.1442e+01  1.5883e+01  1.0000e+00
 5.1819e+01 -3.5449e+01 -7.2162e+01  6.9252e+01 -4.7253e+01 -9.5417e+01  1.2702e+02  1.0000e+00
 3.8164e-01  5.9391e+00 -1.2974e+00  1.8151e+00  1.7209e+01 -7.0109e+00  1.8671e+01  1.0000e+00
-1.0738e+00  2.8072e+00  1.0402e+00  4.5271e+00 -5.4203e+00 -7.7833e+00  1.0510e+01  1.0000e+00
 1.3184e+01 -3.6431e+00 -2.7615e+00  1.6467e+01 -3.6956e+00 -2.7664e+00  1.7102e+01  1.0000e+00
-2.0323e-01  1.0950e+00  6.5859e-01 -6.9651e+00  9.2821e-01 -9.3737e+00  1.1715e+01  1.0000e+00
 5.2153e-02  1.3408e+00  1.5911e-01 -1.5888e+01  2.7446e+01 -8.5474e+00  3.2845e+01  1.0000e+00
-2.0497e-01  1.2058e+00  4.0105e-01 -1.0907e+01 -9.9232e+00 -1.0902e+01  1.8338e+01  1.0000e+00
-5.9822e-01  1.0988e+00  1.4690e-01 -1.3519e+01 -1.1278e+00 -9.4665e+00  1.6543e+01  1.0000e+00
-7.1726e-01  1.3932e+00  2.6385e-01 -5.1206e+00  3.0928e+00  5.7145e+00  8.2729e+00  1.0000e+00
-8.8650e-02  8.6985e-01  2.4712e-01  2.3559e-01 -1.6087e+01 -4.4171e+00  1.6684e+01  1.0000e+00
-6.8157e-01  1.3351e+00 -4.3467e-01  8.4329e+00  3.1183e+00  8.9737e+00  1.2703e+01  1.0000e+00
-8.8162e-01  1.0494e+00  3.5079e-01  1.3471e+01  1.2409e+01  9.0019e+00  2.0408e+01  1.0000e+00
 1.2809e+00 -1.0179e+01  1.8018e+01  1.7277e+00 -1.3037e+01  2.3029e+01  2.6520e+01  1.0000e+00
-3.4663e+01  2.6728e+01 -2.2114e+01 -5.8177e+01  4.4362e+01 -3.7300e+01  8.2121e+01  1.0000e+00
-2.2614e+00  1.2988e+00  6.0907e-01  4.5204e+00 -3.1692e-01  4.4173e+00  6.3283e+00  1.0000e+00
-3.0795e-01  1.7563e+00  3.9571e-01  9.4336e+00 -1.8010e+01 -4.5300e+00  2.0830e+01  1.0000e+00
 2.8956e-03  7.6871e-01  8.7177e-01  6.8178e+00  2.3802e+00  9.6240e+00  1.2032e+01  1.0000e+00
-9.0748e-01  9.5756e-01  1.3458e-01 -7.4425e+00 -7.8587e-01  2.5134e+00  7.8947e+00  1.0000e+00
-9.9076e-01  1.2801e+00  1.4376e-01 -5.7056e+00  5.7727e+00 -4.9100e+00  9.4861e+00  1.0000e+00
-3.5338e-01  1.3085e+00  7.9060e-01 -1.3568e+01 -4.6565e+00  4.3185e+00  1.4981e+01  1.0000e+00
-1.7300e+01  1.4591e+01 -4.8272e+00 -2.2248e+01  1.8809e+01 -6.1686e+00  2.9779e+01  1.0000e+00
 1.0519e+01 -8.2543e+00 -3.2196e+01  1.4094e+01 -1.1149e+01 -4.3173e+01  4.6764e+01  1.0000e+00
-8.2646e-02  2.8853e+00 -1.5989e-03 -3.3481e+00  4.8735e+00 -9.3597e-01  5.9864e+00  1.0000e+00
-8.0022e-01 -2.0635e+01 -1.4753e+01 -5.4473e-01 -2.7097e+01 -1.9154e+01  3.3188e+01  1.0000e+00
-7.7829e+00  7.3412e+00 -3.0392e+01 -1.0547e+01  9.9767e+00 -4.0513e+01  4.3036e+01  1.0000e+00
 3.6135e+00 -1.8022e+01  1.9031e-01  4.5304e+00 -2.3088e+01  3.4776e-01  2.3531e+01  1.0000e+00
-2.1483e+00  1.2853e+00  6.3103e-01  6.0255e+00  5.2499e+00 -1.5691e+00  8.1444e+00  1.0000e+00
-3.5145e+00 -4.5686e+00 -1.9414e+01 -4.5859e+00 -6.0794e+00 -2.4354e+01  2.5517e+01  1.0000e+00
 2.0150e+00  4.6885e+00  4.2929e+00  2.1479e+00  4.3479e+00  3.9021e+00  6.2245e+00  1.0000e+00
-9.9780e-02  1.2120e+00  4.8995e-01 -4.9638e+00 -5.0935e+00 -1.5461e+00  7.2783e+00  1.0000e+00
 1.1985e+01  7.1762e+00  1.6546e+01  1.8134e+01  9.8926e+00  2.4607e+01  3.2128e+01  1.0000e+00
-1.0432e+00  1.6747e+00 -8.1752e-01 -3.4224e+00  4.3504e+00 -1.5298e+00  5.7427e+00  1.0000e+00
 1.2067e+01 -1.4979e+01 -5.8894e+00  1.5941e+01 -1.8864e+01 -7.8887e+00  2.5927e+01  1.0000e+00
-1.4793e-01  1.3226e+00  2.6577e-01 -1.9424e+01  1.8516e+01 -5.7449e+00  2.7443e+01  1.0000e+00
 1.2258e-01  1.2574e+00  5.5509e-01  1.1031e+00 -1.6709e+01  6.8636e+00  1.8098e+01  1.0000e+00
-2.1038e+01 -9.4568e+00 -6.5804e+00 -2.7399e+01 -1.2249e+01 -8.4455e+00  3.1178e+01  1.0000e+00
 1.0457e+01  5.7831e+00  1.0490e+01  1.2460e+01  7.5276e+00  1.3386e+01  1.9776e+01  1.0000e+00
-3.1541e-01  8.7402e-01  4.7148e-01 -1.7807e+01  6.8288e+00 -9.9231e+00  2.1499e+01  1.0000e+00
 8.5087e+00 -2.7691e+01 -2.1897e+00  1.1457e+01 -3.6782e+01 -2.9228e+00  3.8636e+01  1.0000e+00
 2.7131e+01 -7.9246e+00  2.1062e+01  8.4667e+01 -2.7151e+01  6.4816e+01  1.1003e+02  1.0000e+00
-4.0935e+01 -3.9346e+00  6.0428e+01 -5.6974e+01 -5.5829e+00  8.4052e+01  1.0170e+02  1.0000e+00
 1.6264e+01 -2.8080e+01 -2.2816e+01  2.2014e+01 -3.7710e+01 -3.0720e+01  5.3389e+01  1.0000e+00
-2.4074e-01  9.8089e-01  7.2895e-01 -1.4651e+00  1.3150e+01  8.0279e-01  1.3256e+01  1.0000e+00
-1.8131e+00  5.8575e+00  1.4085e+00 -8.0327e-01  7.6944e+00  1.3817e+00  7.8586e+00  1.0000e+00
-2.8530e-01  9.5785e-01  6.8878e-01 -3.9606e+00 -1.7224e+01 -4.3356e+00  1.8197e+01  1.0000e+00
-8.9125e+00 -1.7484e+00 -6.3836e+00 -1.0301e+01 -2.7698e+00 -5.7483e+00  1.2117e+01  1.0000e+00
-1.3456e+00  6.6347e-01  1.1608e+00  4.6028e+00  3.9908e+00 -1.7914e+00  6.3499e+00  1.0000e+00
-1.0507e-01  1.6171e+00  7.5384e-01 -1.5807e+00  4.7872e+00 -8.1121e+00  9.5510e+00  1.0000e+00
-2.2629e-01 -2.0623e+01 -1.4674e+01 -8.0311e-01 -2.6675e+01 -1.9205e+01  3.2879e+01  1.0000e+00
-9.0189e-01 -8.6813e+00 -1.1566e-01 -2.3558e+00 -3.7604e+01 -2.6246e+00  3.7769e+01  1.0000e+00
 4.9563e-01  6.8416e-01  7.3674e-01  1.5034e+00  4.1553e+00 -3.3623e+00  5.5527e+00  1.0000e+00
-2.7126e-01  1.2594e+00 -9.6089e-02 -2.8718e+00  7.1064e+00  1.5806e+01  1.7566e+01  1.0000e+00
-7.6993e-01  1.4724e+00  2.9221e-01  4.0886e+00 -4.5803e+00 -9.0436e-01  6.2059e+00  1.0000e+00
 1.3542e-01  1.2576e+00  4.1296e-01 -1.2919e+01  1.2880e+01 -5.6056e+00  1.9085e+01  1.0000e+00
-3.9704e+01 -4.7660e+01  2.2294e+01 -5.1364e+01 -6.2584e+01  2.9541e+01  8.6184e+01  1.0000e+00
-5.4736e-01  9.0537e-01  6.4086e-01  3.6820e+00  6.2212e+00 -8.3468e+00  1.1042e+01  1.0000e+00
-3.3233e+00  6.0117e+00 -2.3729e+00 -3.2838e+00  6.7682e+00 -1.7440e+00  7.7223e+00  1.0000e+00
 1.6640e-01  1.1813e+00  4.2654e-01  2.4358e+01 -6.8483e+00 -3.6767e+00  2.5568e+01  1.0000e+00
-9.2309e-02  1.4694e+00  2.1205e-01  1.4204e+01  9.4230e+00 -8.1275e-02  1.7046e+01  1.0000e+00
-1.2102e+00  1.2700e+00  1.5729e-01  4.4202e+00  4.6705e+00 -7.0331e+00  9.5297e+00  1.0000e+00
 4.6505e-02  9.3656e-01  3.3354e-01 -2.0399e+01 -7.7489e+00  1.4916e+01  2.6432e+01  1.0000e+00
-3.7179e-01  1.3038e+00  5.0669e-01 -1.4360e+01 -1.6116e+01  1.8342e+00  2.1663e+01  1.0000e+00
-1.3647e-01 -1.8089e+01  8.6147e+00 -1.8123e-01 -2.3296e+01  1.0906e+01  2.5723e+01  1.0000e+00
-2.3773e+01 -1.4205e+01 -8.6331e+00 -3.2577e+01 -1.9472e+01 -1.3239e+01  4.0196e+01  1.0000e+00
-5.5916e-01  9.9678e-01  4.5665e-01  3.9830e+00  2.2983e+01  2.9885e+00  2.3516e+01  1.0000e+00
 4.0929e-01  1.4290e+00 -1.8795e-01  6.7404e+00  7.0325e+00  1.1311e+00  9.8066e+00  1.0000e+00
 3.0423e+01 -1.0891e+01 -1.7827e+00  4.0648e+01 -1.4493e+01 -2.2776e+00  4.3214e+01  1.0000e+00
-1.1017e+00  1.5596e+00  5.5116e-01  7.3033e+00 -4.3416e-01  1.3878e+01  1.5689e+01  1.0000e+00
 2.9743e+02 -3.6803e+02  2.4099e+02  3.8386e+02 -4.7418e+02  3.0947e+02  6.8408e+02  1.0000e+00
-4.2929e-01  1.2625e+00  1.1849e-01  1.7960e-01 -7.2067e+00  1.3999e+01  1.5746e+01  1.0000e+00
-1.1685e-01  1.1674e+00  2.7093e-02 -1.1935e+01  1.1620e+01 -9.6484e+00  1.9250e+01  1.0000e+00
-3.5665e-01  1.4671e+00  8.6764e-01  7.5386e+00 -1.6195e+00 -4.4742e+00  8.9147e+00  1.0000e+00
 1.6616e+01  1.3401e+01  1.3031e+00  2.1265e+01  1.7023e+01  1.8669e+00  2.7303e+01  1.0000e+00
-1.3575e+01 -3.4925e+00  7.3989e+00 -1.8483e+01 -4.6388e+00  1.0776e+01  2.1892e+01  1.0000e+00
 4.0985e+00 -2.2640e+01  1.1150e+00  5.2431e+00 -2.9316e+01  1.2220e+00  2.9806e+01  1.0000e+00
 1.3278e-01  1.4574e+00  7.3051e-01  3.9042e+00 -4.7685e+00  9.9054e+00  1.1666e+01  1.0000e+00
 1.0686e+00  1.0422e+01 -1.6160e+01  1.2433e+00  1.3148e+01 -2.0583e+01  2.4455e+01  1.0000e+00
-4.5974e+01  1.5481e+01  1.6798e+01 -6.8471e+01  2.3096e+01  2.4968e+01  7.6453e+01  1.0000e+00
-9.3220e-03  1.3685e+00  2.2460e-01 -4.2580e+00 -1.0474e+01 -9.6693e-01  1.1348e+01  1.0000e+00
-1.4932e-01  1.8821e+00  6.2142e-01 -7.6844e+00  6.3873e+00  4.5669e+00  1.0987e+01  1.0000e+00
-2.4078e-01  1.0964e+00  2.4272e-01  4.3911e+00 -1.8062e+01 -4.6355e-01  1.8594e+01  1.0000e+00
-5.9692e-01  1.4498e+00  4.8540e-01 -1.9529e+01  1.8260e+01 -4.5104e+00  2.7113e+01  1.0000e+00
 2.2630e+00 -2.3411e+01  1.8608e+01  2.9601e+00 -3.1110e+01  2.4749e+01  3.9864e+01  1.0000e+00
 1.3910e+01 -2.5996e+01  1.0341e+01  2.3439e+01 -4.4005e+01  1.7159e+01  5.2728e+01  1.0000e+00
-1.4146e+00  1.3172e+01  2.1599e+00 -3.2132e+00  1.5097e+01  2.9515e+00  1.5715e+01  1.0000e+00
-8.2233e-01  1.0438e+00 -3.0320e-02  3.4644e-01  8.1125e+00  1.3133e+00  8.2254e+00  1.0000e+00
-1.3175e+00  3.1117e+00  2.8770e-02 -7.4544e+00  1.4215e+01 -4.9692e-01  1.6059e+01  1.0000e+00
 2.9320e-02  1.0749e+00  4.1950e-01  7.4371e+00  7.2812e+00 -1.6465e+01  1.9479e+01  1.0000e+00
 1.1821e+01 -3.6912e+00  6.2961e+00  1.4384e+01 -3.7234e+00  7.1935e+00  1.6508e+01  1.0000e+00
 2.3690e-01  1.3442e+00  1.2259e+00  3.4636e+00 -3.2537e+00 -1.0378e+01  1.1415e+01  1.0000e+00
-2.9908e-01  1.4304e+00  8.6676e-01 -5.0009e+00  2.7533e+00  1.8927e+00  6.0143e+00  1.0000e+00
-2.7173e-01  9.7116e-01  4.1203e-01 -6.1413e+00  6.7737e+00  1.0846e+01  1.4185e+01  1.0000e+00
-4.9498e+00 -4.2312e+00 -2.5150e+01 -6.3634e+00 -5.4055e+00 -3.2968e+01  3.4009e+01  1.0000e+00
-1.4445e+00 -3.4470e-01  4.3637e+00  4.1234e-01  1.9043e+00  2.5648e-01  1.9652e+00  1.0000e+00
 3.0854e+01 -6.5866e-01 -6.6257e+00  4.1180e+01 -7.3368e-01 -8.5621e+00  4.2068e+01  1.0000e+00
 7.5753e-03  8.6963e-01  5.1527e-01  2.4019e+00  2.8576e+01 -3.2605e+00  2.8861e+01  1.0000e+00
 1.0758e+01 -1.8296e+00  2.8202e+01  1.4357e+01 -2.8442e+00  3.7674e+01  4.0417e+01  1.0000e+00
-8.3188e-01  1.5417e+00 -6.5526e-01  3.7603e+00  8.7080e-01  1.2596e+01  1.3174e+01  1.0000e+00
-3.9424e-01  1.5641e+00 -5.1313e-01  1.0854e+01  1.3748e+01 -4.0077e+00  1.7969e+01  1.0000e+00
-1.2045e+01  2.0550e+00  1.9680e+01 -1.5423e+01  2.6662e+00  2.5577e+01  2.9986e+01  1.0000e+00
-2.2389e+00  8.8154e+00 -4.3224e-01 -3.6543e+00  6.5819e+00 -7.7859e-01  7.5684e+00  1.0000e+00
-1.3397e-01  1.3938e+00  5.3668e-01 -1.4952e+01 -4.8819e+00 -7.5636e+00  1.7453e+01  1.0000e+00
 9.0948e-01  4.8289e+01  3.1290e+01  2.8015e-01  6.3438e+01  4.0453e+01  7.5239e+01  1.0000e+00
-6.4249e+00  5.7133e+00 -1.9351e+00 -5.3661e+00  4.9356e+00 -4.7001e-01  7.3059e+00  1.0000e+00
-7.6517e-01  2.5043e-01  1.2322e+00  4.0793e+00 -7.5615e-01  2.7325e+00  4.9678e+00  1.0000e+00
 2.9386e-01  1.1585e+00  1.7176e-01 -5.5241e+00 -1.5251e+00  5.2222e+00  7.7532e+00  1.0000e+00
 1.1899e-02  1.2671e+00  2.5923e-01  2.5718e+00  4.4797e+00 -8.6457e+00  1.0071e+01  1.0000e+00
-1.8049e-01  1.2578e+00  6.7734e-01 -9.6935e+00  5.0257e+00 -1.2925e+01  1.6919e+01  1.0000e+00
-1.8570e-01  7.8053e-01  3.5750e-01  1.0375e+01 -6.1029e+00 -3.6883e-01  1.2042e+01  1.0000e+00
-3.0852e+00  4.5955e-01  4.6615e+00  3.5777e-01  1.6883e+00  7.9035e-01  1.8982e+00  1.0000e+00
-4.3436e-01  1.5137e+00  7.1002e-02  1.2764e+01 -8.5139e+00  5.2499e+00  1.6217e+01  1.0000e+00
-1.7462e+01  1.4614e+01  4.9512e+00 -2.6898e+01  2.2461e+01  7.1595e+00  3.5766e+01  1.0000e+00
 7.9881e-01 -1.1428e+00  8.2542e-01  1.8654e+01 -3.2771e+01  6.5577e+00  3.8274e+01  1.0000e+00
 1.5171e-02  1.0781e+00  3.5523e-01 -2.2624e+00 -3.6738e+00  1.0214e+01  1.1088e+01  1.0000e+00
-2.1972e-01  1.2198e+00  2.8926e-01  1.2276e+01  1.8014e+01 -9.7510e+00  2.3881e+01  1.0000e+00
-2.0745e-01  5.8040e-01  1.5160e-01  5.5212e+00  5.6857e+00 -1.4446e+00  8.0559e+00  1.0000e+00
 1.0094e+01 -1.6908e+01 -8.4996e+00  1.3112e+01 -2.1427e+01 -1.0986e+01  2.7418e+01  1.0000e+00
-4.3343e-01  2.0157e+00 -8.3175e-02 -3.3611e+00  6.5458e+00 -5.8201e+00  9.3818e+00  1.0000e+00
 1.3291e+01  3.7233e+00 -2.9487e+01  1.7761e+01  5.2306e+00 -3.7995e+01  4.2267e+01  1.0000e+00
-2.0865e+00  1.1271e+01 -6.9379e+00 -2.4637e+00  1.3072e+01 -7.1848e+00  1.5119e+01  1.0000e+00
-2.6548e+01 -9.2719e+00  6.3029e+00 -3.5424e+01 -1.2087e+01  8.3696e+00  3.8354e+01  1.0000e+00
 3.3363e+01 -3.2072e+00 -1.3644e+01  4.5001e+01 -4.2849e+00 -1.8251e+01  4.8750e+01  1.0000e+00
 1.2960e+01 -7.1668e+01  4.4470e+01  1.7616e+01 -9.7711e+01  6.0738e+01  1.1639e+02  1.0000e+00
 2.3048e-01  1.1967e+00  2.2392e-01 -1.2679e+01  3.6419e+00  3.7884e-01  1.3197e+01  1.0000e+00
-3.1347e-02  1.1992e+00  3.4316e-01 -1.1092e+01 -4.6963e+00 -6.1831e+00  1.3540e+01  1.0000e+00
-4.8895e-01  8.6768e-01  2.1476e-01 -1.6977e+00  5.2952e+00 -1.2920e+00  5.7088e+00  1.0000e+00
-1.1259e+00  3.4545e-01  5.7855e-01 -4.2788e+00 -2.9165e+00  1.3814e+00  5.3594e+00  1.0000e+00
-1.6063e+01 -7.8228e+00 -8.2158e+00 -2.0761e+01 -9.4831e+00 -1.0590e+01  2.5162e+01  1.0000e+00
-2.2540e-01  1.1758e+00  2.9979e-01 -2.7418e+01 -2.8406e-02 -3.1770e-01  2.7420e+01  1.0000e+00
-6.8543e-01  5.4515e-01 -2.7836e-01  8.0593e+00  7.9868e+00 -4.3524e+00  1.2153e+01  1.0000e+00
-9.8039e-02  9.6337e-01  4.0892e-01  1.6905e+01  5.0262e-01  2.1445e+01  2.7312e+01  1.0000e+00
 1.6903e-01  8.4901e-01  3.6042e-01  1.4876e+01  2.5457e+00 -1.0846e+01  1.8586e+01  1.0000e+00
 3.2898e+00 -2.8569e+00 -3.8532e+00  1.9079e+00  1.7375e-01 -2.1591e+00  2.8865e+00  1.0000e+00
 6.0710e-01  1.2568e+00  4.6913e-01 -7.8771e+00 -2.2800e+00  8.0249e-01  8.2396e+00  1.0000e+00
 2.3327e-01  1.3510e+00  3.9907e-01 -1.1679e+01 -1.2643e+01 -2.0394e+00  1.7332e+01  1.0000e+00
 1.0923e+01 -1.3273e+01 -1.6079e+01  1.4110e+01 -1.7629e+01 -2.0578e+01  3.0550e+01  1.0000e+00
 7.6661e+00  3.8579e+00 -4.0823e+00  2.2246e+01  8.7772e+00 -1.0285e+01  2.6033e+01  1.0000e+00
-6.0390e-01  1.2525e+00  3.9708e-01  6.2366e+00 -2.6279e-01 -6.8086e+00  9.2370e+00  1.0000e+00
-3.3621e-01  1.4625e+00  2.3092e-01  4.8162e+00  1.4621e+00  4.2340e+00  6.5772e+00  1.0000e+00
-4.2958e-01  7.9774e-01  6.9620e-01  1.4068e+00 -1.3664e+01 -1.6445e+01  2.1427e+01  1.0000e+00
 1.4796e+01 -7.1819e+00 -9.7287e+00  3.0695e+01 -1.5849e+01 -2.0175e+01  4.0005e+01  1.0000e+00
 2.9553e-01  1.1131e+00  2.5870e-01 -2.2571e+00 -5.5528e+00  1.4440e+01  1.5635e+01  1.0000e+00
 9.2145e-01  9.2462e-01  6.5122e-01 -4.3508e+00  4.4841e-01  4.7265e-01  4.3994e+00  1.0000e+00
-3.8113e+01  9.1810e+00  1.8771e+01 -6.0129e+01  1.4434e+01  2.9679e+01  6.8590e+01  1.0000e+00
-5.5675e-02  1.2438e+00  2.8677e-01 -8.9478e+00 -9.8815e+00 -5.7139e+00  1.4504e+01  1.0000e+00
 1.4375e+01  1.0358e+01 -1.1132e+00  1.7590e+01  1.3252e+01 -9.4216e-01  2.2044e+01  1.0000e+00
 2.2041e-01  1.0924e+00  4.9948e-01  1.2319e+01  4.7935e-01 -7.4500e+00  1.4404e+01  1.0000e+00
 2.2574e-01  1.3127e+00  4.5072e-01 -1.0968e+01  3.4124e+00  4.4792e+00  1.2329e+01  1.0000e+00
-3.5464e-01  1.0085e+00  2.1816e-01 -8.0660e+00 -1.8855e+00 -8.9220e+00  1.2174e+01  1.0000e+00
 2.8422e+00  1.2950e+01 -6.4792e-01  3.7777e+00  1.4427e+01 -1.3465e+00  1.4974e+01  1.0000e+00
-2.9543e+02  3.6678e+02 -2.4546e+02 -3.7964e+02  4.7214e+02 -3.1702e+02  6.8377e+02  1.0000e+00
-6.0657e-01  1.2406e+00  2.9332e-01 -1.7714e+01 -3.1610e-01 -1.1572e+01  2.1162e+01  1.0000e+00
-1.0233e+00  2.4406e+00  2.0439e-01 -1.5957e+00  1.2283e+01  2.7151e+00  1.2680e+01  1.0000e+00
-1.0473e+00  3.8290e+00 -4.8124e-02 -7.4966e-01  1.8463e+00  6.0641e-01  2.0829e+00  1.0000e+00
-5.1296e-01  1.1603e+00 -2.8117e-01  4.0553e+00  1.9560e+00  9.9984e+00  1.0965e+01  1.0000e+00
 4.3376e-01  1.0709e+00 -1.8178e-01 -1.0030e+01 -7.5769e+00  4.0814e+00  1.3216e+01  1.0000e+00
 1.0449e+01 -1.5244e+01 -1.4644e+01  1.4928e+01 -1.9606e+01 -1.7425e+01  3.0181e+01  1.0000e+00
 1.4945e+00  2.2633e-01  6.9705e-01 -9.9962e+00  5.0861e+00  1.0337e+00  1.1263e+01  1.0000e+00
-4.6264e-01  1.0428e+00  1.3509e+00  1.0191e+01  5.2295e+00 -1.3695e+01  1.7854e+01  1.0000e+00
-1.5849e-02  1.3782e+00  5.6546e-02  4.3086e+00  8.6301e+00  8.5581e+00  1.2895e+01  1.0000e+00
-2.2976e+01  1.4669e+00  1.9713e+01 -3.0547e+01  2.2623e+00  2.6418e+01  4.0449e+01  1.0000e+00
 1.7017e-01  1.2505e+00  2.7426e-01 -3.9447e+00 -8.5661e-01  2.1327e+01  2.1706e+01  1.0000e+00
-7.7997e-02  1.1378e+00  3.8160e-01  8.6862e+00  1.9182e+01  8.3365e+00  2.2648e+01  1.0000e+00
-1.5555e+01  1.4203e+01 -2.5085e+01 -2.0730e+01  1.9145e+01 -3.3478e+01  4.3784e+01  1.0000e+00
 2.6307e+01 -1.7933e+01  7.2817e+00  3.5098e+01 -2.3800e+01  9.7828e+00  4.3521e+01  1.0000e+00
 1.3837e+01 -8.4976e+00  1.5589e+01  1.7686e+01 -1.0867e+01  2.0325e+01  2.9052e+01  1.0000e+00
 8.5194e-01  1.0717e+00  1.0294e-01  1.0671e+00  1.7089e+00  9.3232e+00  9.5384e+00  1.0000e+00
 1.6642e-01  1.3504e+00  2.4511e-01  9.6319e-01 -8.0958e-01  3.5931e+00  3.8070e+00  1.0000e+00
-2.3126e-01  1.1269e+00  9.2136e-01  3.2288e-01  6.5849e+00  1.1709e+01  1.3437e+01  1.0000e+00
-1.0015e+01  1.3932e+00  3.1824e+00 -1.0252e+01  9.5124e-01  2.8383e+00  1.0680e+01  1.0000e+00
 7.7582e-02  9.7866e-01  3.3578e-01  3.9562e+00  7.6143e+00 -4.4931e+00  9.6859e+00  1.0000e+00
-3.4438e-01  1.2374e+00  8.3468e-02  4.8576e+00  4.2995e+00  8.5115e+00  1.0702e+01  1.0000e+00
-1.5166e-01  1.0914e+00  4.7526e-01 -1.9557e+00  7.9884e+00 -2.2928e+01  2.4359e+01  1.0000e+00
 1.3807e-01  8.3520e-01  2.4627e-01 -7.1549e+00  1.2414e+01 -6.4860e+00  1.5728e+01  1.0000e+00
-9.8245e+00  9.9087e+00 -8.2073e+00 -1.1772e+01  1.3033e+01 -9.7844e+00  2.0104e+01  1.0000e+00
-1.2159e-01  2.2238e-01  4.0551e-01  1.1776e+01  9.1428e+00  4.0653e+00  1.5453e+01  1.0000e+00
-7.8889e+00  4.9970e+00 -1.9208e+01 -1.0236e+01  6.4288e+00 -2.4599e+01  2.7408e+01  1.0000e+00
-3.1212e+00  1.1565e+01  4.5405e+00 -5.2946e+00  1.2588e+01  3.9378e+00  1.4212e+01  1.0000e+00
-2.4972e+01 -5.4123e+00 -6.7975e+00 -3.3340e+01 -6.8907e+00 -8.3982e+00  3.5065e+01  1.0000e+00
-2.6970e-01  1.8600e+00 -2.7140e-01 -7.7042e+00 -6.0297e+00  8.4736e+00  1.2943e+01  1.0000e+00
-1.3395e-01 -1.0654e-02 -3.0305e+00 -3.5017e-01  2.0027e+00  2.6368e+00  3.3296e+00  1.0000e+00
 7.1292e-02  1.0665e+00  6.9500e-01 -6.0503e+00 -7.9332e+00  1.1894e+01  1.5524e+01  1.0000e+00
 1.3233e+00  1.2736e+00 -1.0160e+00  1.0574e+01  8.5889e-01 -1.7301e+00  1.0749e+01  1.0000e+00
-3.4055e-01  6.0046e-01  8.3215e-02  8.1361e-01 -1.3381e+01  6.1519e+00  1.4750e+01  1.0000e+00
-1.4459e-01  1.2880e+00  2.8779e-01 -2.1328e+01  2.6148e+00 -7.5193e+00  2.2766e+01  1.0000e+00
 2.4865e-01  2.4451e+00  1.4037e+00  2.4878e+00  9.3526e+00  6.0800e+00  1.1429e+01  1.0000e+00
 2.6027e+00 -6.4143e-01 -8.0862e-01 -3.7065e+00  4.2550e+00 -3.4465e+00  6.6122e+00  1.0000e+00
 1.9336e+00  6.2885e+00 -1.8523e+00  3.8435e+00  1.0552e+01 -4.6902e+00  1.2170e+01  1.0000e+00
-2.4603e-01  5.6679e-01  4.9694e-01  5.0239e+00  1.4342e+01 -5.8240e+00  1.6274e+01  1.0000e+00
-3.2035e+01  3.5001e+01 -2.1274e+01 -4.1913e+01  4.4176e+01 -2.6622e+01  6.6460e+01  1.0000e+00
-2.0227e-01  1.0965e+00 -2.7299e-01 -1.9792e+00  5.4072e+00 -1.2259e+01  1.3544e+01  1.0000e+00
-5.8254e-01  1.6139e+00  3.7364e-01 -1.1313e+01 -1.9104e+01  9.0080e+00  2.3960e+01  1.0000e+00
-9.7471e+00 -4.5694e+00 -9.4212e+00 -1.9656e+01 -1.0665e+01 -2.0020e+01  3.0015e+01  1.0000e+00
-3.9948e-02  1.0169e+00  2.9632e-01  5.0939e+00 -4.8529e+00 -7.6924e+00  1.0425e+01  1.0000e+00
-5.4023e-01 -1.7278e+01 -9.5396e+00 -5.9640e-01 -2.1838e+01 -1.2458e+01  2.5148e+01  1.0000e+00
-4.4472e-01  1.1503e+00  1.8151e-01  1.2292e+01 -8.5679e+00 -1.1863e+01  1.9111e+01  1.0000e+00
 1.0452e+01 -1.5313e+01 -1.4553e+01  1.2450e+01 -1.9847e+01 -2.0415e+01  3.1076e+01  1.0000e+00
 1.1744e-01  9.7861e-01 -5.8441e-02  3.1838e+00  8.3177e+00  5.6282e+00  1.0535e+01  1.0000e+00
-2.9327e+01  7.7298e+00 -1.5312e+01 -9.1020e+01  2.1566e+01 -4.8384e+01  1.0531e+02  1.0000e+00
 1.3673e+00  1.0634e+01  4.2154e+00  2.4247e+00  1.1390e+01  3.8119e+00  1.2253e+01  1.0000e+00
 5.2365e+00 -1.0597e+01  1.6757e+01  7.0062e+00 -1.3467e+01  2.1665e+01  2.6455e+01  1.0000e+00
-1.7516e-01  1.2857e+00  3.2269e-01 -6.5366e+00 -1.0443e+01 -3.1732e+00  1.2723e+01  1.0000e+00
-1.9597e+01  1.1250e+01 -4.4638e+00 -4.2354e+01  2.3354e+01 -9.9181e+00  4.9373e+01  1.0000e+00
-2.5301e-01  1.2178e+00  3.7032e-01 -1.0821e+01  1.8755e+01  4.7730e+00  2.2172e+01  1.0000e+00
-8.2861e-02  1.6291e+00  8.7570e-01  7.0317e+00  8.8684e+00  1.0208e+01  1.5241e+01  1.0000e+00
-1.2442e+01 -4.2043e+00  7.4033e+00 -1.5013e+01 -5.1445e+00  8.4384e+00  1.7974e+01  1.0000e+00
 3.7670e-02  7.5832e-01  1.3574e-01 -7.3549e+00  2.0697e+00  1.1833e+01  1.4085e+01  1.0000e+00
-2.2452e+00  5.9303e+00  9.3272e-01 -9.4906e+00  2.1113e+01  2.8783e+00  2.3327e+01  1.0000e+00
 1.9973e+01 -2.5592e+01 -2.0421e+00  2.6843e+01 -3.4074e+01 -2.7912e+00  4.3467e+01  1.0000e+00
-1.0879e+00  3.0253e+00  7.4352e-01 -4.6994e-01  1.1211e+00  2.2300e+00  2.5398e+00  1.0000e+00
 9.2423e-01 -2.0811e+00  1.4100e+00 -4.0389e-01 -3.7082e+00  2.5422e+00  4.5141e+00  1.0000e+00
-6.6261e-01  1.1459e+00  2.0443e-01 -4.7759e+00 -1.1240e+01  1.3643e+01  1.8310e+01  1.0000e+00
 4.5994e-01  4.5474e-01  4.5351e-01  1.3237e+01 -3.9988e-01  5.2819e+00  1.4257e+01  1.0000e+00
-1.2161e+00  2.0123e+00 -1.2711e+00 -5.5584e+00  5.0591e+00 -1.2343e+01  1.4451e+01  1.0000e+00
 3.2880e-01  1.1813e+00  1.1014e-01  2.8700e+00 -9.2329e+00  1.1341e+01  1.4903e+01  1.0000e+00
-1.8300e+00  1.1259e+00 -5.7045e-01  2.0389e+00  4.6760e+00 -1.5200e+00  5.3229e+00  1.0000e+00
-6.0964e+00 -1.9371e+00 -1.2013e+00 -5.3786e+00 -6.2884e-01 -4.6718e-01  5.4353e+00  1.0000e+00
 2.2393e-02  1.2210e+00  1.1512e-01 -2.9210e+00  8.9124e+00  3.3372e-01  9.3848e+00  1.0000e+00
-2.2751e-01  1.3886e+00  1.8654e-01  2.8496e+00  8.8049e+00 -4.1851e+00  1.0157e+01  1.0000e+00
-6.4215e-02  1.0695e+00  3.6012e-01  1.0001e+01 -5.4474e+00  1.7236e+01  2.0659e+01  1.0000e+00
-1.7220e-01  8.9222e-01  2.1848e-02  4.0507e+00 -3.7991e+00 -4.8375e+00  7.3650e+00  1.0000e+00
-1.6629e-03  1.2364e+00  3.1086e-01 -4.8394e-01  5.1228e-01 -9.3687e+00  9.3952e+00  1.0000e+00
 3.8958e-01  2.2632e+00  1.3631e+00  3.6677e+00  1.1812e+00  2.5176e-01  3.8615e+00  1.0000e+00
 4.3743e+00 -9.7604e+00 -2.6397e+00  2.1769e+01 -5.0492e+01 -1.3267e+01  5.6563e+01  1.0000e+00
 1.0617e+00  8.0786e-01  7.0914e-01 -2.2022e+00  3.8619e+00 -2.3917e+00  5.0482e+00  1.0000e+00
-4.1524e+01  3.3555e+01  1.5619e+01 -8.1274e+01  6.5132e+01  3.0714e+01  1.0859e+02  1.0000e+00
-1.1415e+00  1.6728e+00  5.3649e-01 -6.2985e+00  2.1929e+00  9.7655e+00  1.1826e+01  1.0000e+00
-3.3307e-01  8.3404e-01 -2.1865e-01  1.0362e+00 -6.9975e+00 -1.1417e+01  1.3431e+01  1.0000e+00
-1.3815e+02  4.5808e+00  1.2410e+02 -2.4181e+02  7.3671e+00  2.1773e+02  3.2547e+02  1.0000e+00
-2.1498e-01  9.7976e-01  6.4700e-01 -1.3018e+01  1.4021e+01 -5.7644e-01  1.9141e+01  1.0000e+00
-1.3471e+00  8.9168e-01 -5.6047e-01 -2.7247e-01  1.5176e-01  3.2201e+00  3.2352e+00  1.0000e+00
 2.3389e-01  1.0423e+00  2.5714e-01  7.6195e+00 -1.1759e+01  5.3827e+00  1.5010e+01  1.0000e+00
-3.7410e+00  5.5266e+00  1.4304e+01 -4.2477e+00  5.9677e+00  1.5909e+01  1.7514e+01  1.0000e+00
 5.8665e+00  2.5867e+00  1.5882e+00  2.0578e+00  2.5349e+00  1.4679e+00  3.5798e+00  1.0000e+00
 1.0868e+01 -6.3537e+00 -9.2901e+00  1.3192e+01 -8.0498e+00 -1.1079e+01  1.9015e+01  1.0000e+00
-1.7626e-01  9.8399e-01  5.5300e-01  2.4947e-01  1.2462e+01  3.1183e+00  1.2848e+01  1.0000e+00
 1.5843e+01 -1.6099e+01 -2.3779e+01  2.1297e+01 -2.1446e+01 -3.1503e+01  4.3657e+01  1.0000e+00
-8.2812e-04  8.6395e-01 -2.5062e-02 -6.1111e+00  2.9611e+00  5.2901e+00  8.6081e+00  1.0000e+00
-1.3220e-01  1.1733e+00  2.1299e-01 -6.2432e+00  2.4478e+00 -1.1924e+01  1.3680e+01  1.0000e+00
-2.3338e-01  9.2954e-01  1.6892e-01  9.7057e+00 -9.4394e+00  1.8714e+01  2.3098e+01  1.0000e+00
-1.1206e+01 -1.7815e+01 -1.6820e+01 -2.4945e+01 -4.1562e+01 -3.8323e+01  6.1792e+01  1.0000e+00
-7.6882e-01  1.7286e+00 -3.7346e-01 -2.7698e+00 -2.3100e+00 -2.1776e+00  4.2130e+00  1.0000e+00
 1.5903e-03  1.2337e+00 -7.5243e-02  1.3946e+01  1.2450e+01 -1.2682e+01  2.2591e+01  1.0000e+00
 4.7567e-02  9.7044e-01  3.4651e-01  1.9723e+01 -1.2603e+01 -8.3751e+00  2.4859e+01  1.0000e+00
-1.4263e-01  4.9148e-01 -3.0798e-01 -3.0444e+00  6.4751e+00  1.5538e+00  7.3218e+00  1.0000e+00
-1.7714e-01  8.6435e-01  7.3131e-01  1.1618e+01 -1.1229e+01  1.5189e+01  2.2176e+01  1.0000e+00
-1.3573e+00  2.5941e+00  2.5527e+00  7.3418e-01  1.5157e+00 -2.0057e+00  2.6190e+00  1.0000e+00
-3.9113e+00  6.0158e+00  1.6994e+01 -4.4479e+00  7.8070e+00  2.1106e+01  2.2939e+01  1.0000e+00
-2.8053e-01  1.6949e+00 -1.0774e+00 -6.3824e+00 -4.4957e+00 -2.7175e+00  8.2663e+00  1.0000e+00
 8.8910e-02  7.8536e-01 -2.0583e-01  1.7904e+00 -9.4260e+00 -2.4281e+00  9.8970e+00  1.0000e+00
-6.5586e-02  1.2353e+00  4.9027e-01 -1.4239e+01  1.3800e+01 -1.1722e+01  2.3034e+01  1.0000e+00
-1.3762e+00  8.1639e-01 -2.2320e-01 -1.2854e+00  4.7201e+00  5.2456e+00  7.1727e+00  1.0000e+00
 1.2004e+01 -3.0213e+01  5.3639e+01  1.5600e+01 -3.9382e+01  7.0865e+01  8.2560e+01  1.0000e+00
 2.3029e+01  4.3861e+00  2.1734e+01  3.0648e+01  5.7816e+00  2.9135e+01  4.2680e+01  1.0000e+00
-3.1832e+00  1.2111e+00 -1.0141e+00 -2.0325e+00 -1.4189e+00 -5.0249e+00  5.6030e+00  1.0000e+00
 4.0625e-01  9.0324e-01  9.7173e-01 -1.3234e+00 -9.3205e-01  1.0540e+01  1.0664e+01  1.0000e+00
-1.1993e-01  4.4512e-01  4.0714e-01  1.1657e+01  4.6337e-01  4.5533e+00  1.2524e+01  1.0000e+00
-6.0774e+00  4.0049e+00  2.4052e+01 -7.9823e+00  5.5320e+00  3.1551e+01  3.3012e+01  1.0000e+00
-1.5805e+01 -2.8594e+00 -1.4990e+01 -2.0319e+01 -2.4910e+00 -1.8778e+01  2.7779e+01  1.0000e+00
-1.9782e+00  1.1542e+00  1.2435e+00 -1.2332e+01 -2.3693e+00  5.5675e+00  1.3736e+01  1.0000e+00
-8.6401e+00 -1.4863e+01 -1.1509e+00 -1.2036e+01 -2.1898e+01 -1.2795e+00  2.5020e+01  1.0000e+00
-4.3431e-01  4.1037e-01  5.0856e-01  1.1671e+01  1.7469e+01 -4.4541e+00  2.1476e+01  1.0000e+00
-2.0817e-01  1.1412e+00  1.9825e-01 -8.2782e+00 -1.5196e+00 -1.0232e+01  1.3249e+01  1.0000e+00
-2.2276e+00 -5.4178e-01  1.0771e-01  2.6410e+00  5.5100e+00  1.4086e+00  6.2705e+00  1.0000e+00
-1.7326e-01  1.2059e+00  4.1583e-01 -5.1180e+00  1.7720e+01  1.7671e+00  1.8529e+01  1.0000e+00
 1.3272e-01  1.2309e+00  1.9396e-01 -3.4488e+00 -3.7018e+00  9.0869e+00  1.0400e+01  1.0000e+00
-8.2458e+00  2.6061e+01 -3.3498e+00 -1.0773e+01  3.4358e+01 -4.3279e+00  3.6266e+01  1.0000e+00
 3.8984e+00  1.9698e+00  4.6221e+00  6.7412e-01  3.8764e+00  3.8255e+00  5.4878e+00  1.0000e+00
-1.4683e+01 -1.8802e-01 -3.8212e+00 -1.7609e+01  4.1131e-01 -4.7177e+00  1.8234e+01  1.0000e+00
 1.8090e+00  1.9401e+00 -2.8966e+00  2.0717e+00  1.2654e+00  5.8509e-01  2.4971e+00  1.0000e+00
-1.1776e+01 -4.4505e+00  8.1485e+00 -1.4124e+01 -4.4374e+00  9.6582e+00  1.7677e+01  1.0000e+00
-8.9389e-02  1.1260e+00  4.6208e-01  4.7418e+00 -2.1626e+01 -8.5919e+00  2.3749e+01  1.0000e+00
 3.0588e+01  1.1086e+01  2.5496e+00  4.0676e+01  1.4940e+01  3.3271e+00  4.3461e+01  1.0000e+00
 1.0993e+01  1.5253e+01  2.0962e+00  1.4070e+01  1.9132e+01  3.0734e+00  2.3947e+01  1.0000e+00
-2.3808e+01 -1.4239e+01 -8.7794e+00 -3.0919e+01 -1.7777e+01 -9.7972e+00  3.6986e+01  1.0000e+00
 1.9186e+00  2.9362e+00 -1.1876e+00  6.8361e+00  1.6348e+00 -7.1910e+00  1.0056e+01  1.0000e+00
-2.3412e+01 -5.3684e-01 -6.1370e+00 -3.0702e+01 -4.6033e-01 -8.1032e+00  3.1756e+01  1.0000e+00
-5.1812e-01  1.3861e+00  4.2096e-01 -1.3600e+01  8.3897e+00  3.6585e+00  1.6393e+01  1.0000e+00
-1.2169e-01  8.7080e-01  1.5597e-01  9.6651e+00  4.8941e+00  1.3375e+01  1.7212e+01  1.0000e+00
-4.7213e+00  1.8919e+01 -7.2772e+00 -5.5676e+00  2.4641e+01 -9.3279e+00  2.6929e+01  1.0000e+00
 2.9560e+01  2.4174e+01 -1.8550e+01  4.7185e+01  3.8182e+01 -2.9454e+01  6.7467e+01  1.0000e+00
 4.5643e-01  1.7165e+00  2.9157e-01 -1.2025e-02  3.3180e+00 -9.5682e+00  1.0127e+01  1.0000e+00
-4.7352e-01  1.3611e+00 -1.3312e+00  3.7501e+00  3.8911e+00  1.2761e+01  1.3858e+01  1.0000e+00
-1.0216e-01  8.7092e-01  3.1769e-01 -2.2131e+00  9.9464e+00 -2.6924e+01  2.8788e+01  1.0000e+00
 4.0694e+00 -3.0371e+00  3.3332e-01  2.3383e+00  8.7636e-02  4.0673e+00  4.6923e+00  1.0000e+00
 2.6295e+00 -1.4991e+00  7.9858e-01  2.7122e+00  1.5855e+00 -2.5987e-01  3.1523e+00  1.0000e+00
 3.6204e-02  1.7285e+00  1.2814e-01  3.1163e+00 -2.8548e+00 -8.9861e+00  9.9304e+00  1.0000e+00
-1.8283e+01 -9.2168e+00 -3.2145e+01 -2.4815e+01 -1.2603e+01 -4.3855e+01  5.1941e+01  1.0000e+00
-3.2593e+01 -1.0825e+01 -1.0955e+00 -4.3737e+01 -1.4212e+01 -1.5533e+00  4.6014e+01  1.0000e+00
 3.6601e+00 -2.7055e+00 -4.2591e+00  3.8176e+00 -4.8241e-01 -1.4121e+00  4.0989e+00  1.0000e+00
 3.2918e+01  5.7154e+00 -3.4401e+00  4.3940e+01  7.9173e+00 -4.6980e+00  4.4894e+01  1.0000e+00
-1.2235e-01  8.4981e-01  4.9430e-01  1.0943e+01  1.2216e+01  1.5447e+01  2.2530e+01  1.0000e+00
 2.2474e-01  1.2366e+00  3.2491e-01 -1.2949e+01  6.3607e+00 -8.7885e+00  1.6893e+01  1.0000e+00
-6.0138e-01  1.1732e+00  5.5833e-01  6.5377e+00 -6.3513e+00 -9.2463e+00  1.2984e+01  1.0000e+00
-3.6477e+00  1.8119e+00 -1.1693e-01 -1.1701e+01  3.0716e+00  2.9335e-01  1.2101e+01  1.0000e+00
-5.3298e-02  1.0957e+00  1.8438e-01  6.2668e+00  1.5663e+01 -9.6970e+00  1.9459e+01  1.0000e+00
 1.1112e-03  1.3340e+00  1.3224e-01 -7.0608e+00 -2.9295e+00 -8.2552e+00  1.1251e+01  1.0000e+00
-9.3245e-01  1.0837e+00  3.8760e-01 -2.2018e+00  1.0526e+01  1.4584e+00  1.0852e+01  1.0000e+00
-1.3019e+01  1.1081e+01 -2.0311e+00 -1.6030e+01  1.3528e+01 -2.2063e+00  2.1091e+01  1.0000e+00
 3.3273e-01  1.2783e+00  5.5369e-01 -7.4201e+00  3.5859e+00 -1.0440e+01  1.3301e+01  1.0000e+00
-1.3100e+01 -3.9226e+00 -1.7487e-01 -1.5099e+01 -4.5110e+00 -4.2739e-01  1.5764e+01  1.0000e+00
-5.3979e-01  1.2807e+00 -1.8511e-01 -1.3268e+01  6.0969e+00 -5.3905e+00  1.5565e+01  1.0000e+00
 1.7851e-02  1.2546e+00  2.8068e-01  3.1974e+01  2.6141e+01 -1.3772e+01  4.3535e+01  1.0000e+00
-1.2749e-01  8.3283e-01  1.3148e+00 -6.3748e+00 -1.0756e+00 -2.9825e+00  7.1197e+00  1.0000e+00
-6.2333e-01  2.2083e+00 -7.3791e-01 -3.2597e+00  4.0438e+00  4.8432e+00  7.1018e+00  1.0000e+00
 1.0513e+01 -2.5894e+01 -1.2490e+01  1.4024e+01 -3.4270e+01 -1.6573e+01  4.0568e+01  1.0000e+00
-2.3594e+01 -4.1758e+00  2.1249e+01 -3.1517e+01 -5.2685e+00  2.8362e+01  4.2725e+01  1.0000e+00
 4.9913e-02  1.0314e+00  3.1911e-01 -2.2182e+01  1.1482e+01  7.9163e+00  2.6202e+01  1.0000e+00
-2.6491e+00 -7.9554e-01 -3.6253e+00 -8.0878e-01  2.1181e+00  1.0384e+00  2.4937e+00  1.0000e+00
-1.0549e+00  2.3495e+00  3.5993e-01 -9.2060e-01  4.3818e+00  1.4403e+00  4.7035e+00  1.0000e+00
-3.6054e-01  1.4796e+00  1.4135e-01  2.4509e+00  1.4926e+01  1.6343e+00  1.5214e+01  1.0000e+00
-2.0357e+00 -2.0960e+01 -1.4812e+01 -1.9361e+00 -2.7819e+01 -1.9874e+01  3.4243e+01  1.0000e+00
-3.1942e+00  5.5222e+00 -3.9000e+00 -2.2139e+00  3.9534e+00 -1.1377e+00  4.6717e+00  1.0000e+00
 3.2417e-01  1.2139e+00  1.2529e+00  5.0311e+00  4.3766e+00 -5.0854e+00  8.3862e+00  1.0000e+00
 8.7046e-02  1.1184e+00  7.5395e-01  7.3821e+00 -1.0166e+01  7.5260e+00  1.4645e+01  1.0000e+00
-1.0602e+00  1.0362e+00  6.7281e-01  1.2104e+01  6.4210e+00 -3.6665e+00  1.4184e+01  1.0000e+00
-4.3830e+00  1.9162e+01 -7.9754e+00 -5.8291e+00  2.4079e+01 -9.5421e+00  2.6548e+01  1.0000e+00
-3.3134e-01  1.7297e+00  9.7207e-01  1.7200e+00  5.7798e+00  2.8447e+00  6.6676e+00  1.0000e+00
 7.9715e-01  3.6795e+00  2.3391e+01  1.8368e+00  5.1011e+00  2.8274e+01  2.8789e+01  1.0000e+00
 3.0518e-01  4.7683e+00 -2.8140e+00  4.1449e-01  4.9555e+00 -3.8337e+00  6.2791e+00  1.0000e+00
-1.4582e-01  9.9403e-01  5.1039e-01 -1.0534e+01 -4.4095e+00 -2.3859e+01  2.6451e+01  1.0000e+00
-4.3594e-01  1.5772e+00  1.2197e-01  1.0362e+01 -2.7095e+00  1.1107e+01  1.5430e+01  1.0000e+00
-7.0416e-02  1.1519e+00  6.1869e-01  4.5288e+00  7.4496e+00 -4.9139e+00  1.0008e+01  1.0000e+00
 7.1942e+00  1.4737e+01  7.8519e+00  9.1585e+00  1.8565e+01  9.6155e+00  2.2826e+01  1.0000e+00
 4.0803e-02  8.8780e-01  3.1616e-01 -7.0721e+00  1.9442e+01 -8.8418e+00  2.2498e+01  1.0000e+00
 1.0464e+00  7.1374e-02  9.7435e-01 -4.0241e+00  7.8261e+00 -2.8595e+00  9.2530e+00  1.0000e+00
 1.2458e-01  1.0679e+00  3.3846e-01  1.1796e+01 -1.8240e+00 -1.0600e+01  1.5964e+01  1.0000e+00
-5.4222e-01  1.4291e+00  1.4222e-01 -1.4759e+00 -3.7971e+00 -4.6222e+00  6.1612e+00  1.0000e+00
-3.8977e-01  1.1872e+00  5.2252e-01 -2.5766e+00 -1.7792e+01 -1.4187e+01  2.2901e+01  1.0000e+00
-2.6091e-02  9.9165e-01  3.8050e-01  1.4132e+01 -1.0227e+01  2.7144e+00  1.7655e+01  1.0000e+00
 1.1337e+01 -8.2543e+00 -1.3497e+00  1.3445e+01 -9.5558e+00 -1.3345e+00  1.6549e+01  1.0000e+00
 6.0668e-02  1.5308e+00  6.1084e-01  1.1994e+01  1.3978e-01  2.8106e+00  1.2320e+01  1.0000e+00
 2.0670e+01 -3.9188e+01  2.5071e+01  2.5223e+01 -5.0331e+01  3.2422e+01  6.4967e+01  1.0000e+00
-3.2891e-01  3.1569e+00 -8.4059e-01 -3.4968e-01  1.1307e+00 -9.6031e+00  9.6758e+00  1.0000e+00
 2.1466e+00 -1.0976e+01 -3.1397e+01  2.7463e+00 -1.4573e+01 -4.1861e+01  4.4410e+01  1.0000e+00
-8.5269e+00 -1.2313e+01 -2.1184e+01 -1.1680e+01 -1.6157e+01 -2.7899e+01  3.4290e+01  1.0000e+00
-1.4793e+00 -2.2501e+01  2.4320e+00 -1.7328e+00 -2.9393e+01  3.1611e+00  2.9613e+01  1.0000e+00
-3.1461e+01 -1.5859e+01 -8.2125e+00 -4.2387e+01 -2.1090e+01 -1.0984e+01  4.8601e+01  1.0000e+00
-5.6132e-01  1.0544e+00  3.3980e-01  2.1235e+00 -7.0788e+00 -1.5579e+01  1.7243e+01  1.0000e+00
-2.5140e+01 -6.1814e+00 -4.7310e+00 -3.3304e+01 -8.1292e+00 -6.2712e+00  3.4851e+01  1.0000e+00
 1.2997e-01  7.6863e-01  1.6276e+00 -7.6260e-01  1.9129e+00 -3.5105e+00  4.0699e+00  1.0000e+00
-1.3385e-01  9.6225e-01  3.7384e-01 -1.0889e+01 -1.1551e+01  1.9196e+01  2.4910e+01  1.0000e+00
-3.9305e+00  1.9403e-01 -1.2430e+01 -4.8970e+00  7.9258e-01 -1.6297e+01  1.7035e+01  1.0000e+00
-6.4123e-02  1.3336e+00 -7.5519e-02 -1.8957e+01  8.6064e+00 -1.1274e+01  2.3676e+01  1.0000e+00
-1.9787e-01  1.3139e+00  4.1109e-01  7.7981e-01  1.1241e+00  1.4678e-01  1.3759e+00  1.0000e+00
