# limit = 27.3777
#
# x           y           z           vx          vy          vz          s           m
 3.6895e-01  2.5559e+00 -9.1644e-01  4.0861e+00  3.3642e+00 -1.1543e+01  1.2699e+01  1.0000e+00
 5.1075e-01  1.3556e+00  3.3339e-01  5.4941e+00  1.2845e+00 -1.1661e+01  1.2954e+01  1.0000e+00
 2.6998e+01  1.2903e+00  5.2848e+00  3.3952e+01  2.1047e+00  6.6356e+00  3.4659e+01  1.0000e+00
 2.7872e-01  9.0735e-01  5.3164e-01  8.4768e+00  1.7025e+00  1.2793e+01  1.5440e+01  1.0000e+00
-2.2933e+01  8.6285e+00  1.3720e+01 -2.9222e+01  1.0827e+01  1.7240e+01  3.5614e+01  1.0000e+00
 1.0021e+01 -3.0627e+00  2.8402e+01  1.2998e+01 -3.5353e+00  3.6161e+01  3.8589e+01  1.0000e+00
 1.4172e+00 -2.3080e+01 -1.5927e+01  1.3637e+00 -2.9192e+01 -1.9943e+01  3.5380e+01  1.0000e+00
 2.5041e-01  8.4399e-01  6.9309e-01 -3.8897e+00  2.6495e+00  4.7571e+00  6.6917e+00  1.0000e+00
-3.6193e+01  2.6416e+01  8.1983e+01 -4.5547e+01  3.3390e+01  1.0464e+02  1.1890e+02  1.0000e+00
 6.1519e+01 -3.3018e+01  1.6105e+00  1.1448e+02 -6.2004e+01  3.0410e+00  1.3022e+02  1.0000e+00
 2.8616e+00  4.4347e+00  2.6305e+00 -1.0733e+00  1.3832e+00 -7.0154e-02  1.7522e+00  1.0000e+00
-1.0009e-01  1.1368e+00  4.5495e-01  1.7487e+00  2.3644e+01 -6.9499e+00  2.4706e+01  1.0000e+00
-6.5436e-01  3.5178e+00  9.9247e-01  3.0280e+00 -3.9566e+00  2.3214e+00  5.4966e+00  1.0000e+00
 6.2114e+00  1.9272e+00 -7.1479e-01  3.9170e+00  2.6708e+00  6.3702e-01  4.7835e+00  1.0000e+00
 1.8897e+00 -1.3072e+00  4.1048e-01 -4.2883e-01  1.6528e+00 -1.1687e+00  2.0691e+00  1.0000e+00
-8.9222e+00 -1.6114e+00 -6.7143e+00 -9.2923e+00 -7.3197e-01 -7.0778e+00  1.1704e+01  1.0000e+00
 1.6543e+01 -1.7307e+01 -1.9854e+01  2.0980e+01 -2.2031e+01 -2.5440e+01  3.9657e+01  1.0000e+00
-1.3222e-01  7.4831e-01  4.2848e-01 -1.7728e+00  2.3274e+01  2.3880e+00  2.3463e+01  1.0000e+00
-3.9093e-02  1.3633e+00  1.8478e-01 -9.4931e+00  1.8235e+00 -1.3459e+01  1.6571e+01  1.0000e+00
 5.7501e+01  4.6627e+01 -2.0159e+01  7.3441e+01  5.8889e+01 -2.5204e+01  9.7451e+01  1.0000e+00
-6.9813e-01  9.1817e-01  4.9771e-01  2.6578e+00  3.0192e+00  8.9832e+00  9.8427e+00  1.0000e+00
-1.4114e-01  2.5832e+00  3.3686e-01  4.6949e+00  1.0521e+00  1.9253e+00  5.1823e+00  1.0000e+00
-4.8715e+00 -6.1033e+00  9.4299e+00 -8.0849e+00 -1.1521e+01  1.5718e+01  2.1099e+01  1.0000e+00
-1.2409e+01  2.3543e+01 -2.3737e+01 -1.5908e+01  3.0460e+01 -3.0436e+01  4.5905e+01  1.0000e+00
-8.7978e-01  2.6551e+01 -1.1742e+01 -1.2368e+00  3.3698e+01 -1.4810e+01  3.6830e+01  1.0000e+00
-6.4338e+00  3.8052e+00 -9.6100e+00 -7.8314e+00  5.3201e+00 -9.8327e+00  1.3650e+01  1.0000e+00
 8.3485e+00 -2.0757e+01  3.9333e+00  1.0006e+01 -2.6185e+01  4.7474e+00  2.8431e+01  1.0000e+00
 5.6321e+01 -1.4747e+01 -5.4337e+01  7.5256e+01 -1.9839e+01 -7.2627e+01  1.0645e+02  1.0000e+00
 1.6275e+00 -3.2472e+01 -4.2831e+01  2.1733e+00 -4.2137e+01 -5.5569e+01  6.9773e+01  1.0000e+00
-4.4960e-01  1.0188e+00  6.3515e-01  6.9420e+00  9.4565e+00 -1.1752e+01  1.6605e+01  1.0000e+00
-3.2490e-01  1.4855e+00  4.1190e-01 -1.3317e+01 -5.4915e-01  9.6697e+00  1.6466e+01  1.0000e+00
 1.2077e-01  1.4882e+00  1.1285e-01 -6.1509e+00  1.3857e+00  5.7546e-02  6.3053e+00  1.0000e+00
-6.4549e-01  1.4391e+00 -7.7026e-02  9.9946e+00 -4.0580e+00 -3.7778e+00  1.1429e+01  1.0000e+00
-1.4252e-02  1.3638e+00  4.3579e-01  1.6343e+01 -9.3051e+00  4.0954e+00  1.9247e+01  1.0000e+00
-3.7167e-01  1.5263e+00  6.9101e-01 -2.6828e+00  1.0833e+01 -1.0634e+01  1.5415e+01  1.0000e+00
-1.0554e-01  1.5976e+00  9.1509e-01  9.5942e+00  1.0615e+01  4.4924e+00  1.4997e+01  1.0000e+00
 1.5735e-01  1.2435e+00  2.5659e-01 -1.4003e+01 -1.7779e+01  1.9171e+01  2.9659e+01  1.0000e+00
-2.2297e+01  4.2712e+01 -5.3625e+01 -2.8528e+01  5.4672e+01 -6.7946e+01  9.1758e+01  1.0000e+00
-1.2419e-01  9.0644e-01  1.3339e+00 -7.2095e+00 -5.6429e+00 -5.6762e+00  1.0772e+01  1.0000e+00
 1.5913e+01 -3.5048e+00  1.3405e+01  1.9399e+01 -4.0736e+00  1.6443e+01  2.5754e+01  1.0000e+00
 8.2597e+00  7.7511e+00  1.2241e+00  7.9291e+00  7.8915e+00  2.0405e+00  1.1371e+01  1.0000e+00
 2.8795e+00  1.1347e+00 -9.2067e-01 -3.4632e+00  1.1246e+00 -5.4516e-01  3.6818e+00  1.0000e+00
-4.5419e-01  7.7125e-01  3.8748e-01  6.4339e+00 -1.6451e+00 -7.9347e+00  1.0347e+01  1.0000e+00
 3.2840e+00 -9.4940e+00  3.0939e+01  4.3060e+00 -1.1980e+01  3.9537e+01  4.1536e+01  1.0000e+00
 3.0026e+01  1.4484e+01  2.3929e+00  3.8717e+01  1.8527e+01  3.1360e+00  4.3036e+01  1.0000e+00
 2.1586e+00 -1.9044e+01  3.1866e+00  3.2385e+00 -2.3507e+01  4.1542e+00  2.4090e+01  1.0000e+00
-9.6442e-01  1.6179e+00  2.3506e-01  8.4172e-02 -5.0679e+00  5.0999e+00  7.1903e+00  1.0000e+00
 2.2692e+00 -1.5588e-01  5.5345e-01 -4.6234e+00  8.0806e+00  2.9060e+00  9.7528e+00  1.0000e+00
 1.2767e+01 -4.9446e+00  5.8584e+00  1.4228e+01 -5.4321e+00  7.0139e+00  1.6767e+01  1.0000e+00
-5.0765e-01  1.6145e+00  4.9536e-01 -6.7592e+00  1.0691e+01  5.2837e-01  1.2660e+01  1.0000e+00
-1.6109e-01  1.1642e+00  2.8634e-01  3.0322e+01 -3.9114e+00 -1.2091e+01  3.2877e+01  1.0000e+00
-3.2691e-01  1.3430e+00  4.4507e-01  6.1151e+00  1.2309e+01  4.2053e+00  1.4373e+01  1.0000e+00
-3.6360e+00 -5.6923e+00  5.8396e+00 -3.0463e+00 -4.5295e+00  5.1725e+00  7.5200e+00  1.0000e+00
 1.5990e-01  6.1952e-01 -3.0278e-01  9.4209e+00 -7.5958e+00 -1.7049e+01  2.0907e+01  1.0000e+00
 3.7281e-01  5.6831e+00  5.6729e+00  2.1828e+00  1.3183e+01  1.4179e+01  1.9484e+01  1.0000e+00
-2.3479e-01  1.4008e+00  2.5080e-01 -6.4996e+00 -1.7460e+01  6.4704e+00  1.9722e+01  1.0000e+00
-2.2815e-01  1.2063e+00  3.7774e-01 -4.6487e+00  8.3770e+00 -5.9645e+00  1.1285e+01  1.0000e+00
-1.4266e-01  1.2683e+00  2.1457e-01  1.1422e+01 -2.0896e+01  1.4996e+01  2.8142e+01  1.0000e+00
-1.4173e-02  1.2769e+00  1.0669e-01  4.5045e+00  1.1272e+01  8.3587e+00  1.4739e+01  1.0000e+00
 7.3600e+00 -4.1129e+00  2.2030e+01  8.9800e+00 -5.3951e+00  2.7628e+01  2.9547e+01  1.0000e+00
-3.7816e-01  1.2934e+00  7.0066e-01 -1.2713e+01  2.8260e+00  8.2717e+00  1.5428e+01  1.0000e+00
-4.5089e+00 -7.8711e+00  3.5740e+00 -7.1031e+00 -1.4242e+01  5.7149e+00  1.6910e+01  1.0000e+00
 1.3791e+01  1.3811e+00 -6.6340e+00  1.7933e+01  1.9647e+00 -8.5358e+00  1.9957e+01  1.0000e+00
-6.2310e-02  7.5709e-01  9.4606e-01  2.3227e-01  2.5709e+00  3.6880e+00  4.5016e+00  1.0000e+00
-1.4006e-01  3.9734e+00  5.1742e-01  2.5142e+00  6.1877e+00  1.1985e+00  6.7857e+00  1.0000e+00
-1.5857e-01  9.9113e-01  6.3421e-01  1.9094e+01 -9.6581e+00 -6.9544e-01  2.1409e+01  1.0000e+00
-3.0812e-01  1.2254e+00  9.0146e-02  2.1774e+00 -4.6304e+00 -1.7072e+01  1.7823e+01  1.0000e+00
-3.1042e-01  9.5224e-01  7.1218e-01 -2.7507e+00  1.1858e+01 -1.3267e+01  1.8005e+01  1.0000e+00
-1.9324e-01  1.3410e+00  5.9791e-01 -8.2796e+00  1.3529e+01  1.1812e+01  1.9777e+01  1.0000e+00
-1.8997e-01  1.5247e+00  2.4540e-01  7.8965e+00 -1.3296e+01  8.7156e+00  1.7751e+01  1.0000e+00
 2.6598e+01  2.8890e+00  4.8266e+00  3.3817e+01  3.3318e+00  6.0622e+00  3.4517e+01  1.0000e+00
-1.1800e-01  1.0846e+00  5.5611e-01 -9.3527e+00 -3.5100e+00  1.8484e+00  1.0159e+01  1.0000e+00
 5.7887e-01  8.3069e-01  7.9593e-01  1.1024e+01  6.2560e+00  7.8557e-02  1.2676e+01  1.0000e+00
-2.6834e-01  9.0820e-01 -4.7425e-01  1.9316e+00  4.1965e-01 -1.1727e+01  1.1893e+01  1.0000e+00
-1.6911e-01  8.8563e-01  3.1140e-01 -2.3053e+00 -1.1891e+01 -3.4738e+00  1.2601e+01  1.0000e+00
-5.9712e-01  1.3408e+00  3.9440e-01 -5.5651e+00 -1.0960e+00  4.7571e+00  7.4028e+00  1.0000e+00
-4.2368e-02  1.0288e+00  5.1569e-01 -1.1266e+01  4.7393e+00  4.9330e+00  1.3180e+01  1.0000e+00
-4.1540e-01  1.3476e+00  1.0827e+00 -2.0053e+00  7.4941e+00  3.6459e+00  8.5718e+00  1.0000e+00
 3.2118e+01 -1.5316e+01 -3.6885e+00  4.1424e+01 -1.9458e+01 -4.6736e+00  4.6005e+01  1.0000e+00
-1.8675e+01 -1.1317e+01 -7.1462e+00 -2.3436e+01 -1.3796e+01 -8.7291e+00  2.8562e+01  1.0000e+00
-7.4284e-02  7.1865e-01  2.4789e-01  1.0390e+00  1.6775e+01 -5.8130e+00  1.7784e+01  1.0000e+00
 2.0827e+01  4.8042e+00  1.3472e+01  3.2087e+01  6.9224e+00  2.0566e+01  3.8736e+01  1.0000e+00
 3.4771e-01  8.9685e-01  1.0257e+00  3.2431e+00 -1.3886e+00  1.1443e+01  1.1974e+01  1.0000e+00
 6.0020e+00  5.4963e+00  7.8008e+00  5.4642e+00  5.9634e+00  7.5186e+00  1.1043e+01  1.0000e+00
 3.7241e-01  1.3981e+00  4.2201e-01 -1.3686e+00  1.0442e+00 -4.4658e+00  4.7861e+00  1.0000e+00
-5.9063e-02  1.1615e+00  3.9317e-01 -7.8128e+00 -3.0530e+01 -4.6501e+00  3.1855e+01  1.0000e+00
 1.1954e+00  1.0915e+00  4.0615e-01  1.0726e+01  4.6882e-01  5.5192e+00  1.2072e+01  1.0000e+00
-8.0617e-01  1.9020e+00  2.1967e-01 -1.1100e+01  1.4248e+01  1.7493e+00  1.8146e+01  1.0000e+00
 1.3301e+02  3.3552e+01 -1.2907e+02  2.2218e+02  5.5313e+01 -2.1506e+02  3.1413e+02  1.0000e+00
-3.1409e-01  1.2164e+00  3.6762e-01 -3.2023e+00 -2.5774e+01  9.3479e+00  2.7603e+01  1.0000e+00
-4.8879e-01  1.6246e+00  3.3421e-01 -1.5319e+01  2.5267e+01  8.0476e+00  3.0625e+01  1.0000e+00
 7.2435e-02  2.0609e+00  3.9816e-02 -5.4920e+00  8.0089e+00  9.6355e+00  1.3680e+01  1.0000e+00
 6.4393e-01  1.1613e+00  5.5549e-01  1.5432e+01  2.2308e+00  1.4282e+01  2.1144e+01  1.0000e+00
 1.2676e-01  1.3156e+00  6.7278e-01 -2.8022e+00  2.2328e+01  4.3934e+00  2.2928e+01  1.0000e+00
 5.1959e+00 -1.7899e+00 -4.4740e-01  4.8415e+00 -1.2190e+00 -2.4552e-02  4.9927e+00  1.0000e+00
 8.7056e-02  1.3487e+00  4.0882e-01 -4.7402e+00 -1.0401e+01 -2.5111e+00  1.1702e+01  1.0000e+00
 7.9299e+00  1.6515e+01  2.8838e+01  1.7308e+01  3.3999e+01  6.1224e+01  7.2138e+01  1.0000e+00
-1.0324e+01 -1.5069e+01 -1.6951e+01 -1.2961e+01 -1.8771e+01 -2.1189e+01  3.1134e+01  1.0000e+00
 2.2577e+00 -4.6451e+00 -1.9974e+01  2.6759e+00 -5.4061e+00 -2.3185e+01  2.3957e+01  1.0000e+00
 1.8710e+00  4.3445e+00 -1.7045e+00  1.6242e+00 -8.1620e-01  2.5073e+00  3.0969e+00  1.0000e+00
-3.2049e-01  1.2820e+00  8.9479e-02 -2.0116e+01  1.1959e+01 -6.4935e+00  2.4286e+01  1.0000e+00
-2.0132e-01  1.3430e+00  1.7142e-01 -6.8538e+00  6.2217e+00  9.2172e+00  1.3063e+01  1.0000e+00
-3.4666e+00  1.4588e+00 -7.4994e-01 -4.3046e+00  2.9044e+00  1.5265e+00  5.4125e+00  1.0000e+00
 1.9252e-01  1.3652e+00  6.2504e-02  1.1743e+01 -5.0377e+00 -8.7345e+00  1.5478e+01  1.0000e+00
 2.6250e+01  1.0158e+01 -6.7930e-01  3.3237e+01  1.3180e+01 -8.8150e-01  3.5766e+01  1.0000e+00
-2.0722e-01  1.3219e+00  2.6910e-01 -2.0008e+01 -4.3487e-02  5.5365e+00  2.0760e+01  1.0000e+00
 1.9505e+01  1.1474e+00  2.1874e+01  2.4718e+01  1.5744e+00  2.7702e+01  3.7160e+01  1.0000e+00
-7.3608e-01  1.6930e+00 -1.0113e-01 -9.8213e+00  1.4837e+01 -1.2400e+01  2.1688e+01  1.0000e+00
-2.2459e-01  1.9726e+00  1.7096e-01  1.2035e+01  4.9821e-01 -7.2200e+00  1.4043e+01  1.0000e+00
-3.2002e+01  6.8318e+00  7.3201e+00 -4.1071e+01  8.9841e+00  9.4588e+00  4.3093e+01  1.0000e+00
-7.0322e-01  2.1020e+00 -9.2177e-04 -4.6183e+00 -1.9021e+00  4.2700e+00  6.5711e+00  1.0000e+00
 6.6608e+00 -1.0997e+01  1.9632e+01  1.0942e+01 -1.4433e+01  2.3719e+01  2.9843e+01  1.0000e+00
 7.2064e+00 -7.5424e+00  1.5717e+01  8.5467e+00 -9.1515e+00  1.9120e+01  2.2855e+01  1.0000e+00
 1.2951e+01 -1.5472e+01 -5.9998e+00  1.5476e+01 -1.8984e+01 -6.9870e+00  2.5470e+01  1.0000e+00
 2.0048e+00 -2.4482e-01  8.5570e-01 -7.4220e+00  6.3337e+00 -1.3228e+00  9.8464e+00  1.0000e+00
-6.3097e-01  1.3441e+00  9.6762e-01 -7.0442e+00  9.8330e-01  5.4103e-01  7.1331e+00  1.0000e+00
-1.9781e-03  2.2930e+00 -5.6692e-01 -2.4430e+00 -9.5908e+00  1.1174e+00  9.9599e+00  1.0000e+00
-3.0118e+00  3.3317e-01 -2.4501e+00 -8.8515e+00 -2.2408e+00 -5.6340e+00  1.0729e+01  1.0000e+00
 8.3867e-02  1.1379e+00  2.5371e-01 -1.2087e+01 -9.5283e+00 -2.7419e+00  1.5633e+01  1.0000e+00
-5.7928e-01  1.3881e+00  3.7378e-01  3.4184e+00 -1.9273e+00 -7.1265e+00  8.1355e+00  1.0000e+00
-8.3547e-02  1.0271e+00  4.2445e-01  3.6246e+00 -1.2926e+01  4.6703e+00  1.4213e+01  1.0000e+00
-4.5105e-01  1.0883e+00  3.4789e-01  2.2167e+01  2.6058e+00  4.5594e+00  2.2780e+01  1.0000e+00
-4.2367e+01  1.7587e+01  1.6146e+01 -5.4921e+01  2.2872e+01  2.1177e+01  6.3150e+01  1.0000e+00
-5.4699e-02  1.0575e+00  3.3621e-01 -3.5456e+00  8.1805e+00 -2.1806e+01  2.3558e+01  1.0000e+00
-7.3675e-01  1.8044e+00  4.0475e-02  3.3236e+00 -3.4669e-01  7.4634e+00  8.1773e+00  1.0000e+00
-8.6128e-02  6.8320e-01  1.9830e-01 -5.4182e+00  1.7606e+01  3.0775e+00  1.8676e+01  1.0000e+00
 1.5344e+01 -1.3053e+01 -5.1593e+00  1.9030e+01 -1.6030e+01 -6.0698e+00  2.5611e+01  1.0000e+00
-8.2097e-01  1.4228e+00  8.8467e-01 -1.2624e+00  1.2642e+01  3.9636e+00  1.3309e+01  1.0000e+00
 1.0347e+01 -8.9451e+00  2.2952e+01  1.2859e+01 -1.1041e+01  2.9141e+01  3.3711e+01  1.0000e+00
 2.0937e+01  3.1791e+00  2.2672e+01  4.3739e+01  5.3033e+00  4.6168e+01  6.3817e+01  1.0000e+00
-3.9266e+00 -4.1350e+00 -1.8781e+01 -5.0869e+00 -4.8863e+00 -2.3181e+01  2.4230e+01  1.0000e+00
-8.2911e-01  2.6585e+00  1.8404e-01 -5.3034e-01  7.9562e-01  8.3701e-01  1.2708e+00  1.0000e+00
-6.2042e-01  1.2507e+00  6.0821e-01 -4.2578e+00  6.1103e+00 -4.4242e+00  8.6625e+00  1.0000e+00
-3.0771e-01  1.0810e+00  7.3261e-01 -1.6848e+01  4.0838e+00 -6.9788e+00  1.8688e+01  1.0000e+00
-5.5279e-01  1.0426e+00  5.6942e-01 -1.5187e+01 -1.3809e+01  1.1337e+01  2.3449e+01  1.0000e+00
 1.5674e-01  4.8974e-01 -3.3384e-02  1.9711e+00 -9.9220e+00  1.3023e+01  1.6490e+01  1.0000e+00
 9.3706e-02  1.9476e+00  2.0870e-01 -7.5852e-01 -1.1053e+01 -3.8604e+00  1.1732e+01  1.0000e+00
 1.8786e-01  9.9894e-01  4.9876e-01  9.7337e+00 -1.3503e+00  2.6990e+00  1.0191e+01  1.0000e+00
 9.6422e-02  9.9978e-01  6.0837e-01 -2.3435e+01  1.5272e+01 -1.3790e+01  3.1186e+01  1.0000e+00
-3.1844e+00 -8.9911e+00  2.0495e+01 -3.9231e+00 -1.1432e+01  2.5589e+01  2.8300e+01  1.0000e+00
-6.0168e-02  1.3006e+00  8.5451e-01  4.8622e+00 -1.2870e+01  1.0237e+01  1.7149e+01  1.0000e+00
-1.9308e-01  1.7384e+00  9.5948e-01 -4.7661e+00  1.0413e+01  3.5032e+00  1.1976e+01  1.0000e+00
-2.8335e+01  6.0077e+00 -7.8611e+00 -3.5372e+01  8.4887e+00 -9.3646e+00  3.7562e+01  1.0000e+00
-2.0367e-01  7.0373e-01  1.6487e-01  1.3751e+00 -7.3360e+00 -8.5990e+00  1.1386e+01  1.0000e+00
-1.0278e+00  1.7835e+00  1.4466e+00 -8.9844e-01 -3.6770e-01  7.1394e-01  1.2050e+00  1.0000e+00
 1.0662e-02  1.1011e+00  3.4921e-01  7.0819e-01 -4.6654e+00 -9.6226e+00  1.0717e+01  1.0000e+00
-1.1305e+01 -3.6433e+01 -4.1731e+01 -1.4923e+01 -4.4684e+01 -5.2184e+01  7.0303e+01  1.0000e+00
 2.7629e+01 -2.4360e+01  6.8662e+00  3.5424e+01 -3.1143e+01  8.7296e+00  4.7968e+01  1.0000e+00
-1.7677e-01  7.2412e-01  8.0596e-01 -7.1561e+00  3.4870e+00  1.3904e+00  8.0810e+00  1.0000e+00
-4.0430e+00  2.8347e+00  1.7969e+00 -7.2361e+00  4.2830e+00  1.3488e+00  8.5161e+00  1.0000e+00
-1.4293e-01 -2.2095e+00  6.0300e-01 -1.5912e+00 -2.5231e+01  3.4853e+00  2.5520e+01  1.0000e+00
-1.7814e+00  1.3183e+00  6.9293e-01  4.6796e+00  1.1961e-01 -1.4878e+00  4.9119e+00  1.0000e+00
 5.5159e-02  7.3635e-01  6.9084e-01  1.0664e+01 -1.2014e+01 -1.9506e-01  1.6065e+01  1.0000e+00
-2.4268e-01  1.4611e+00  3.9592e-01  1.2737e+00  1.9639e+01 -4.5132e+00  2.0191e+01  1.0000e+00
-1.5067e+01  2.3592e+01 -1.2531e+01 -1.9157e+01  3.0313e+01 -1.5832e+01  3.9199e+01  1.0000e+00
-2.6327e+00  1.6698e+00  3.8134e+00 -1.0450e+00  2.1932e+00  6.9818e+00  7.3924e+00  1.0000e+00
-3.3517e-01  1.1181e+00  2.6241e+00  3.6733e+00  1.0341e+00  1.2210e+00  4.0067e+00  1.0000e+00
 2.1316e-01  1.1610e+00  4.6532e-01 -5.4702e+00 -8.1145e+00  1.0821e+01  1.4590e+01  1.0000e+00
-3.5500e-02  1.2612e+00  5.2721e-01  1.0796e+01 -2.4665e-01 -7.2734e+00  1.3020e+01  1.0000e+00
-2.1871e-01  1.2472e+00  1.8134e-01 -2.4170e+01  4.8647e-01 -1.2647e+01  2.7283e+01  1.0000e+00
 3.2662e-01  8.9353e-01  3.7230e-01  8.8519e+00  6.5304e+00 -6.9836e+00  1.3030e+01  1.0000e+00
 4.6961e-02  1.0294e+00  4.9811e-01  5.2389e+00  9.2880e+00  2.5061e+00  1.0954e+01  1.0000e+00
-3.9690e-01  1.7876e+00 -4.0905e-02  3.6919e+00  8.6356e+00 -1.1191e+01  1.4610e+01  1.0000e+00
-3.1433e-01  1.5579e+00 -2.1707e-02  1.9826e+00  4.4408e+00 -3.8913e+00  6.2284e+00  1.0000e+00
 2.7422e-01  1.2968e+00  6.0222e-01 -4.5420e+00  1.3278e+01  1.0744e+00  1.4075e+01  1.0000e+00
 6.7393e+00 -1.0975e+01  1.9649e+01  5.3821e+00 -1.2263e+01  2.5270e+01  2.8599e+01  1.0000e+00
-1.0549e+00  2.1998e+00 -6.8500e-01 -5.9302e+00  5.1883e+00 -9.1954e+00  1.2110e+01  1.0000e+00
 5.3860e+01 -3.6840e+01 -7.4971e+01  6.9252e+01 -4.7253e+01 -9.5417e+01  1.2702e+02  1.0000e+00
 4.3451e-01  6.4409e+00 -1.5022e+00  1.7779e+00  1.6884e+01 -6.9043e+00  1.8328e+01  1.0000e+00
-9.2631e-01  2.6223e+00  7.9482e-01  5.5278e+00 -7.2743e+00 -8.9019e+00  1.2756e+01  1.0000e+00
 1.3668e+01 -3.7517e+00 -2.8427e+00  1.6422e+01 -3.6815e+00 -2.7563e+00  1.7054e+01  1.0000e+00
-2.8816e-01  1.2088e+00  2.0684e-01  4.8766e+00  7.5140e+00 -1.4175e+01  1.6768e+01  1.0000e+00
-4.8903e-01  1.9056e+00  9.4151e-02 -1.8388e+01  1.2617e+01  1.0919e+00  2.2328e+01  1.0000e+00
-2.6024e-01  1.0401e+00  1.8603e-01  4.6089e+00  2.1861e+00  3.5173e+00  6.1962e+00  1.0000e+00
-8.6100e-01  1.1327e+00 -2.0074e-02 -4.8979e+00  3.6212e+00 -2.5534e+00  6.6048e+00  1.0000e+00
-6.4202e-01  1.4620e+00  3.8849e-01  9.7117e+00 -1.2140e+00  3.6515e+00  1.0446e+01  1.0000e+00
-7.3234e-02  7.5292e-01  2.3248e-01  3.8129e-01  3.9298e+00  2.1901e+00  4.5151e+00  1.0000e+00
-3.7771e-01  1.4126e+00 -4.3220e-02  1.2403e+01  2.0140e+00  1.9194e+01  2.2941e+01  1.0000e+00
-2.9472e-01  1.4300e+00  5.4408e-01  2.7034e+01  9.8656e+00  7.6871e-01  2.8788e+01  1.0000e+00
 1.3318e+00 -1.0563e+01  1.8694e+01  1.7300e+00 -1.3023e+01  2.3009e+01  2.6496e+01  1.0000e+00
-3.6377e+01  2.8034e+01 -2.3212e+01 -5.8171e+01  4.4360e+01 -3.7300e+01  8.2116e+01  1.0000e+00
-2.0737e+00  1.2936e+00  7.3156e-01  7.9239e+00  2.7565e-02  3.7705e+00  8.7753e+00  1.0000e+00
-5.9508e-02  1.0047e+00  2.3850e-01  3.8456e+00 -2.6606e+01 -1.4666e+00  2.6923e+01  1.0000e+00
 1.5123e-01  9.2012e-01  9.9278e-01  3.4314e+00  7.1255e+00 -1.0316e+00  7.9757e+00  1.0000e+00
-1.0013e+00  9.9563e-01  2.4100e-01  9.0523e-01  3.1415e+00  4.2888e+00  5.3928e+00  1.0000e+00
-1.0537e+00  1.4107e+00  7.6165e-03  2.6383e+00  2.2793e+00 -5.6740e+00  6.6596e+00  1.0000e+00
-5.8343e-01  1.1191e+00  8.2330e-01 -3.7261e+00 -5.8943e+00 -3.7270e+00  7.9068e+00  1.0000e+00
-1.7955e+01  1.5145e+01 -5.0088e+00 -2.2230e+01  1.8793e+01 -6.1635e+00  2.9755e+01  1.0000e+00
 1.0934e+01 -8.5825e+00 -3.3467e+01  1.4091e+01 -1.1148e+01 -4.3162e+01  4.6753e+01  1.0000e+00
-1.8595e-01  2.9907e+00 -2.2136e-02 -3.6469e+00  2.3107e+00 -4.4730e-01  4.3404e+00  1.0000e+00
-8.1516e-01 -2.1432e+01 -1.5317e+01 -4.6933e-01 -2.7086e+01 -1.9134e+01  3.3166e+01  1.0000e+00
-8.0935e+00  7.6351e+00 -3.1584e+01 -1.0544e+01  9.9739e+00 -4.0502e+01  4.3024e+01  1.0000e+00
 3.7469e+00 -1.8701e+01  2.0058e-01  4.5246e+00 -2.3062e+01  3.5001e-01  2.3505e+01  1.0000e+00
-1.9543e+00  1.4329e+00  5.8635e-01  7.6057e+00  4.6475e+00 -1.3760e+00  9.0188e+00  1.0000e+00
-3.6495e+00 -4.7473e+00 -2.0131e+01 -4.5844e+00 -6.0680e+00 -2.4318e+01  2.5480e+01  1.0000e+00
 2.0766e+00  4.8140e+00  4.4048e+00  2.0384e+00  4.1794e+00  3.7025e+00  5.9440e+00  1.0000e+00
-2.1748e-01  1.1152e+00  2.1461e-01 -1.4302e+00  1.5377e+00 -7.0574e+00  7.3632e+00  1.0000e+00
 1.2519e+01  7.4671e+00  1.7269e+01  1.8120e+01  9.8840e+00  2.4587e+01  3.2102e+01  1.0000e+00
-1.1141e+00  1.7892e+00 -8.2214e-01 -1.4409e+00  3.4430e+00  1.1673e+00  3.9106e+00  1.0000e+00
 1.2538e+01 -1.5534e+01 -6.1210e+00  1.6073e+01 -1.8823e+01 -7.8450e+00  2.5965e+01  1.0000e+00
-6.1898e-01  1.6159e+00  1.9860e-01 -1.0999e+01  4.0964e+00 -3.9729e-01  1.1744e+01  1.0000e+00
-1.2828e-02  8.0095e-01  5.4808e-01 -9.1181e+00 -9.6629e+00 -4.7915e+00  1.4123e+01  1.0000e+00
-2.1845e+01 -9.8170e+00 -6.8291e+00 -2.7382e+01 -1.2241e+01 -8.4412e+00  3.1159e+01  1.0000e+00
 1.0823e+01  6.0045e+00  1.0884e+01  1.2430e+01  7.5137e+00  1.3357e+01  1.9733e+01  1.0000e+00
-6.2594e-01  1.2595e+00  1.8384e-01 -2.4978e+00  1.7422e+01 -6.7667e+00  1.8856e+01  1.0000e+00
 8.8455e+00 -2.8774e+01 -2.2757e+00  1.1453e+01 -3.6766e+01 -2.9218e+00  3.8620e+01  1.0000e+00
 2.9624e+01 -8.7239e+00  2.2970e+01  8.4656e+01 -2.7148e+01  6.4805e+01  1.1001e+02  1.0000e+00
-4.2614e+01 -4.0989e+00  6.2901e+01 -5.6974e+01 -5.5829e+00  8.4052e+01  1.0170e+02  1.0000e+00
 1.6912e+01 -2.9191e+01 -2.3720e+01  2.2011e+01 -3.7704e+01 -3.0714e+01  5.3380e+01  1.0000e+00
-2.2036e-01  1.3558e+00  4.2282e-01  3.7125e+00  6.4870e+00 -2.1073e+01  2.2360e+01  1.0000e+00
-1.8357e+00  6.0792e+00  1.4473e+00 -7.2356e-01  7.3722e+00  1.2640e+00  7.5147e+00  1.0000e+00
-2.9048e-01  6.4117e-01  4.1941e-01  2.7205e+00 -4.2347e+00 -1.1904e+01  1.2925e+01  1.0000e+00
-9.2122e+00 -1.8279e+00 -6.5535e+00 -1.0071e+01 -2.6349e+00 -5.7912e+00  1.1912e+01  1.0000e+00
-1.1701e+00  8.0019e-01  1.0778e+00  7.4375e+00  5.3542e+00 -3.9453e+00  9.9774e+00  1.0000e+00
-1.7027e-01  1.5822e+00  4.0962e-01 -3.3844e+00 -9.0122e+00 -1.5135e+01  1.7937e+01  1.0000e+00
-2.5129e-01 -2.1407e+01 -1.5240e+01 -8.9546e-01 -2.6668e+01 -1.9209e+01  3.2878e+01  1.0000e+00
-9.7115e-01 -9.7869e+00 -1.9286e-01 -2.3486e+00 -3.7514e+01 -2.6202e+00  3.7678e+01  1.0000e+00
 4.2448e-01  8.7848e-01  6.0566e-01 -7.1856e+00  9.2101e+00 -5.5855e+00  1.2948e+01  1.0000e+00
-2.1298e-01  1.3714e+00  5.7995e-01  7.5565e+00 -4.4109e+00  2.1831e+01  2.3519e+01  1.0000e+00
-5.0015e-01  1.2035e+00  3.5246e-01  1.6218e+01 -1.0269e+01  3.1740e+00  1.9456e+01  1.0000e+00
-3.4134e-01  1.4212e+00  1.6096e-01 -1.4827e+01 -2.6564e+00 -5.1419e+00  1.5916e+01  1.0000e+00
-4.1215e+01 -4.9502e+01  2.3163e+01 -5.1364e+01 -6.2584e+01  2.9541e+01  8.6184e+01  1.0000e+00
-2.3346e-01  1.2392e+00  2.2393e-01  2.0701e+01  1.5886e+01 -1.8889e+01  3.2213e+01  1.0000e+00
-3.4183e+00  6.2082e+00 -2.4228e+00 -3.1648e+00  6.5866e+00 -1.6481e+00  7.4910e+00  1.0000e+00
 5.5921e-01  9.8787e-01  2.9709e-01  5.3016e+00 -5.1884e+00 -3.6931e+00  8.2865e+00  1.0000e+00
 1.7628e-01  1.4638e+00  2.5849e-01  1.8121e+00 -7.9035e+00  2.9319e+00  8.6224e+00  1.0000e+00
-9.5628e-01  1.4209e+00  7.1725e-03  1.1734e+01  6.1307e+00 -1.5156e+00  1.3326e+01  1.0000e+00
-5.1103e-01  1.0193e+00  6.6038e-01 -1.3597e+01  8.4157e+00  8.3635e+00  1.8046e+01  1.0000e+00
-6.0304e-01  8.4846e-01  4.0114e-01 -2.1682e+00 -1.1610e+01 -5.7532e+00  1.3138e+01  1.0000e+00
-1.4179e-01 -1.8774e+01  8.9355e+00 -1.7992e-01 -2.3273e+01  1.0894e+01  2.5698e+01  1.0000e+00
-2.4707e+01 -1.4750e+01 -9.0443e+00 -2.8939e+01 -1.5592e+01 -9.6978e+00  3.4273e+01  1.0000e+00
-2.5554e-01  1.6378e+00  4.6320e-01  1.4258e+01  1.5542e+01 -5.2650e+00  2.1738e+01  1.0000e+00
 5.1192e-01  1.5973e+00 -7.0381e-02  3.5479e-01  4.3319e+00  6.4818e+00  7.8042e+00  1.0000e+00
 3.1619e+01 -1.1318e+01 -1.8498e+00  4.0636e+01 -1.4490e+01 -2.2776e+00  4.3202e+01  1.0000e+00
-8.0518e-01  1.5132e+00  9.1236e-01  1.2933e+01 -3.2482e+00  1.0124e+01  1.6742e+01  1.0000e+00
 3.0873e+02 -3.8198e+02  2.5010e+02  3.8386e+02 -4.7418e+02  3.0947e+02  6.8408e+02  1.0000e+00
-1.7759e-01  1.1048e+00  5.7534e-01  1.5905e+01 -1.5500e+00  9.3042e+00  1.8491e+01  1.0000e+00
-4.2748e-01  1.4814e+00  3.0367e-02 -8.1078e+00  8.2811e+00  8.0227e+00  1.4095e+01  1.0000e+00
-1.7149e-01  1.2709e+00  6.3502e-01  4.6945e+00 -9.2916e+00 -1.5835e+01  1.8950e+01  1.0000e+00
 1.7242e+01  1.3902e+01  1.3580e+00  2.1243e+01  1.7006e+01  1.8654e+00  2.7275e+01  1.0000e+00
-1.4119e+01 -3.6291e+00  7.7158e+00 -1.8430e+01 -4.6372e+00  1.0758e+01  2.1838e+01  1.0000e+00
 4.2530e+00 -2.3502e+01  1.1510e+00  5.2396e+00 -2.9293e+01  1.2213e+00  2.9783e+01  1.0000e+00
 1.5320e-01  1.2291e+00  8.6646e-01 -2.1266e+00 -9.9436e+00 -1.0110e+00  1.0219e+01  1.0000e+00
 1.1052e+00  1.0809e+01 -1.6766e+01  1.2403e+00  1.3133e+01 -2.0557e+01  2.4425e+01  1.0000e+00
-4.7992e+01  1.6161e+01  1.7533e+01 -6.8463e+01  2.3093e+01  2.4965e+01  7.6445e+01  1.0000e+00
-1.4057e-01  9.6857e-01  2.9671e-01 -7.9874e+00 -6.9364e+00  6.8430e+00  1.2599e+01  1.0000e+00
-3.7037e-01  1.9480e+00  7.0353e-01 -7.0563e+00 -1.6673e+00  1.0525e+00  7.3266e+00  1.0000e+00
-3.1734e-03  7.9464e-01  3.9902e-01  8.0092e+00 -1.5151e+00  7.5899e+00  1.1138e+01  1.0000e+00
-1.0334e+00  1.8686e+00  2.9207e-01 -1.1427e+01  1.1332e+01 -7.3876e+00  1.7708e+01  1.0000e+00
 2.3502e+00 -2.4327e+01  1.9337e+01  2.9598e+00 -3.1099e+01  2.4741e+01  3.9850e+01  1.0000e+00
 1.4600e+01 -2.7291e+01  1.0846e+01  2.3433e+01 -4.3994e+01  1.7153e+01  5.2714e+01  1.0000e+00
-1.5091e+00  1.3616e+01  2.2466e+00 -3.2060e+00  1.5025e+01  2.9415e+00  1.5643e+01  1.0000e+00
-6.8282e-01  1.3001e+00  1.1279e-01  9.7177e+00  8.7347e+00  8.4847e+00  1.5579e+01  1.0000e+00
-1.5241e+00  3.5105e+00  1.7784e-02 -6.6100e+00  1.2944e+01 -2.6825e-01  1.4537e+01  1.0000e+00
-1.6603e-02  1.2458e+00  7.2082e-02 -1.0475e+01  8.6940e+00 -1.6943e+00  1.3718e+01  1.0000e+00
 1.2244e+01 -3.8008e+00  6.5075e+00  1.4348e+01 -3.7190e+00  7.1656e+00  1.6464e+01  1.0000e+00
 2.8856e-01  1.2130e+00  8.2249e-01 -1.3633e+00 -5.5670e+00 -1.7822e+01  1.8721e+01  1.0000e+00
-3.4989e-01  1.4324e+00  6.7600e-01  4.9150e+00 -3.4341e+00 -1.1659e+01  1.3111e+01  1.0000e+00
-2.4130e-01  1.3398e+00  5.5219e-01  7.1375e+00  1.5345e+01 -4.1386e+00  1.7423e+01  1.0000e+00
-5.1371e+00 -4.3903e+00 -2.6121e+01 -6.3599e+00 -5.4026e+00 -3.2951e+01  3.3992e+01  1.0000e+00
-1.4307e+00 -2.8619e-01  4.3652e+00  5.2894e-01  2.0700e+00 -1.5451e-01  2.1421e+00  1.0000e+00
 3.2066e+01 -6.8025e-01 -6.8779e+00  4.1169e+01 -7.3324e-01 -8.5592e+00  4.2056e+01  1.0000e+00
-5.7285e-02  1.6573e+00  2.2339e-01 -4.6585e+00  1.7939e+01 -1.1325e+01  2.1720e+01  1.0000e+00
 1.1181e+01 -1.9134e+00  2.9310e+01  1.4347e+01 -2.8491e+00  3.7657e+01  4.0398e+01  1.0000e+00
-6.7932e-01  1.5520e+00 -2.0845e-01  6.9565e+00 -6.2271e-01  1.8388e+01  1.9670e+01  1.0000e+00
-7.3285e-02  1.9294e+00 -5.4792e-01  1.0659e+01  1.0976e+01  1.2648e+00  1.5352e+01  1.0000e+00
-1.2499e+01  2.1335e+00  2.0433e+01 -1.5411e+01  2.6651e+00  2.5558e+01  2.9963e+01  1.0000e+00
-2.3458e+00  9.0069e+00 -4.5493e-01 -3.6127e+00  6.4253e+00 -7.6317e-01  7.4107e+00  1.0000e+00
-4.3118e-01  1.0771e+00  1.9107e-01  1.1585e+00 -9.1751e+00 -1.1756e+01  1.4958e+01  1.0000e+00
 9.1770e-01  5.0156e+01  3.2481e+01  2.8006e-01  6.3432e+01  4.0453e+01  7.5234e+01  1.0000e+00
-6.5811e+00  5.8573e+00 -1.9483e+00 -5.2422e+00  4.8504e+00 -4.2816e-01  7.1548e+00  1.0000e+00
-6.2288e-01  2.6662e-01  1.2769e+00  5.5426e+00  1.8842e+00  2.9081e-01  5.8613e+00  1.0000e+00
-1.7750e-01  1.1628e+00  4.5480e-01 -2.1327e+01  3.4037e+00  7.4412e+00  2.2843e+01  1.0000e+00
-7.0471e-02  1.2259e+00  2.4136e-01 -1.2038e+01 -3.6586e+00  9.4936e+00  1.5761e+01  1.0000e+00
-4.1379e-01  1.3316e+00  7.7362e-02 -7.8342e-01  2.8041e-02 -2.0564e+01  2.0579e+01  1.0000e+00
 1.0737e-01  9.2133e-01  3.4784e-01  6.2633e+00  1.3855e+01  6.6586e-01  1.5219e+01  1.0000e+00
-3.0718e+00  5.1007e-01  4.6805e+00  5.5142e-01  1.7442e+00  5.0024e-01  1.8965e+00  1.0000e+00
 1.0478e-02  1.1242e+00  4.3128e-01  1.2570e+01 -1.6233e+01  1.3140e+01  2.4376e+01  1.0000e+00
-1.8254e+01  1.5275e+01  5.1619e+00 -2.6881e+01  2.2446e+01  7.1538e+00  3.5743e+01  1.0000e+00
 1.3427e+00 -2.0941e+00  1.0159e+00  1.8318e+01 -3.1951e+01  6.4099e+00  3.7383e+01  1.0000e+00
-9.0766e-02  1.0506e+00  4.9621e-01 -2.4692e+00  4.1935e+00 -4.5336e+00  6.6510e+00  1.0000e+00
 8.9975e-02  1.5422e+00  2.3643e-01  5.7781e+00  2.2486e-01  3.4927e+00  6.7555e+00  1.0000e+00
-2.2623e-02  9.4746e-01  2.3154e-01  5.4319e+00  1.9511e+01  8.0231e+00  2.1784e+01  1.0000e+00
 1.0480e+01 -1.7538e+01 -8.8230e+00  1.3103e+01 -2.1407e+01 -1.0976e+01  2.7394e+01  1.0000e+00
-5.3155e-01  2.1326e+00 -2.0921e-01 -3.0114e+00  1.4340e+00 -2.6620e+00  4.2675e+00  1.0000e+00
 1.3814e+01  3.8772e+00 -3.0607e+01  1.7755e+01  5.2291e+00 -3.7984e+01  4.2254e+01  1.0000e+00
-2.1590e+00  1.1656e+01 -7.1488e+00 -2.4551e+00  1.3019e+01 -7.1459e+00  1.5053e+01  1.0000e+00
-2.7591e+01 -9.6278e+00  6.5492e+00 -3.5413e+01 -1.2082e+01  8.3653e+00  3.8341e+01  1.0000e+00
 3.4687e+01 -3.3334e+00 -1.4181e+01  4.4990e+01 -4.2842e+00 -1.8246e+01  4.8737e+01  1.0000e+00
 1.3479e+01 -7.4547e+01  4.6261e+01  1.7616e+01 -9.7711e+01  6.0738e+01  1.1639e+02  1.0000e+00
-3.4793e-01  1.1865e+00  4.5763e-01 -1.5261e+01 -4.1690e+00  8.7110e+00  1.8060e+01  1.0000e+00
-2.8045e-01  1.0348e+00  2.5704e-01 -5.6261e+00  2.1055e+00  3.9050e+00  7.1648e+00  1.0000e+00
-3.6665e-01  1.2093e+00  2.6782e-01  1.1639e+01  1.6249e+01  6.0697e+00  2.0889e+01  1.0000e+00
-1.2081e+00  3.0160e-01  6.0901e-01 -1.3928e+00 -1.2750e-01  7.0379e-01  1.5657e+00  1.0000e+00
-1.6674e+01 -8.1018e+00 -8.5278e+00 -2.0741e+01 -9.4719e+00 -1.0578e+01  2.5136e+01  1.0000e+00
-7.5488e-01  1.2393e+00  3.5205e-01 -9.1773e+00  3.6087e+00  2.3139e+00  1.0129e+01  1.0000e+00
-3.9911e-01  8.4222e-01 -3.3624e-01  1.1524e+01  1.2197e+01  9.3011e-01  1.6806e+01  1.0000e+00
 2.6492e-01  1.1329e+00  7.8322e-01  6.7573e+00  7.6737e+00  5.1849e+00  1.1464e+01  1.0000e+00
 3.4223e-01  1.1067e+00  1.2522e-01 -1.6590e+00  1.1795e+01 -3.7643e+00  1.2492e+01  1.0000e+00
 3.3454e+00 -2.8496e+00 -3.9157e+00  1.8661e+00  3.1806e-01 -2.0877e+00  2.8181e+00  1.0000e+00
 1.7194e-01  1.1649e+00  4.4399e-01 -2.0494e+01 -1.6401e+00 -5.3680e+00  2.1249e+01  1.0000e+00
-3.5125e-01  9.5236e-01  2.7445e-01 -1.9760e+01 -3.9310e+00 -4.1747e+00  2.0575e+01  1.0000e+00
 1.1338e+01 -1.3792e+01 -1.6684e+01  1.4100e+01 -1.7626e+01 -2.0558e+01  3.0531e+01  1.0000e+00
 8.3196e+00  4.1159e+00 -4.3843e+00  2.2157e+01  8.7460e+00 -1.0233e+01  2.5926e+01  1.0000e+00
-1.6602e-01  1.2174e+00  2.4706e-01  2.1627e+01 -3.0968e+00 -2.2813e+00  2.1966e+01  1.0000e+00
-8.8868e-02  1.2454e+00  3.8287e-01  1.0741e+01 -1.4741e+01  8.5721e+00  2.0153e+01  1.0000e+00
-2.8204e-01  5.7018e-01  1.5760e-01  8.0109e+00 -1.6461e+00 -1.8043e+01  1.9810e+01  1.0000e+00
 1.5700e+01 -7.6484e+00 -1.0322e+01  3.0672e+01 -1.5839e+01 -2.0161e+01  3.9977e+01  1.0000e+00
-7.8014e-02  1.0310e+00  6.3419e-01 -1.9235e+01  7.2171e-01  6.6953e+00  2.0380e+01  1.0000e+00
 7.1442e-01  9.4941e-01  6.4127e-01 -1.0074e+01  1.4389e+00 -1.3156e+00  1.0261e+01  1.0000e+00
-3.9881e+01  9.6057e+00  1.9645e+01 -6.0123e+01  1.4432e+01  2.9676e+01  6.8584e+01  1.0000e+00
-3.0701e-01  1.0229e+00  2.0220e-01  4.0029e-01 -8.8005e-01 -3.7423e+00  3.8652e+00  1.0000e+00
 1.4892e+01  1.0748e+01 -1.1408e+00  1.7561e+01  1.3233e+01 -9.3760e-01  2.2009e+01  1.0000e+00
 3.1998e-01  1.1514e+00  1.8787e-01 -4.4996e+00  2.1559e+00 -1.0189e+01  1.1345e+01  1.0000e+00
-2.8010e-01  1.1663e+00  3.3414e-01 -1.5791e+01 -1.4060e+01 -9.6756e+00  2.3252e+01  1.0000e+00
-4.1175e-01  1.0886e+00  1.3428e-01  4.6304e+00  7.0983e+00  4.3990e+00  9.5487e+00  1.0000e+00
 2.9531e+00  1.3373e+01 -6.8746e-01  3.7587e+00  1.4358e+01 -1.3397e+00  1.4903e+01  1.0000e+00
-3.0662e+02  3.8068e+02 -2.5479e+02 -3.7964e+02  4.7214e+02 -3.1702e+02  6.8377e+02  1.0000e+00
-9.4807e-01  1.2182e+00  1.0135e-02 -6.3281e+00 -6.3522e-01 -7.9669e+00  1.0194e+01  1.0000e+00
-1.0410e+00  2.7600e+00  2.9060e-01  3.2307e-01  9.4552e+00  3.0036e+00  9.9261e+00  1.0000e+00
-1.0643e+00  3.8661e+00 -2.7422e-02 -4.1563e-01  6.7243e-01  7.9853e-01  1.1236e+00  1.0000e+00
-3.0113e-01  1.2412e+00  1.9255e-01  1.4249e+01  3.3945e+00  2.4478e+01  2.8525e+01  1.0000e+00
 2.3718e-02  8.9296e-01  7.0367e-02 -1.8112e+01 -2.9031e+00  1.4140e+01  2.3161e+01  1.0000e+00
 1.0858e+01 -1.5869e+01 -1.5137e+01  1.0697e+01 -2.2894e+01 -1.8906e+01  3.1560e+01  1.0000e+00
 1.1673e+00  3.9401e-01  7.2166e-01 -1.2400e+01  6.4140e+00  5.9931e-01  1.3973e+01  1.0000e+00
-1.3232e-01  1.2127e+00  8.2092e-01  1.1950e+01  6.3659e+00 -2.3868e+01  2.7441e+01  1.0000e+00
-7.5038e-02  1.3710e+00  4.9482e-01 -1.0244e+01 -1.1320e+01  1.2566e+01  1.9774e+01  1.0000e+00
-2.3874e+01  1.5334e+00  2.0492e+01 -3.0536e+01  2.2616e+00  2.6409e+01  4.0435e+01  1.0000e+00
-1.5177e-01  1.1752e+00  6.3871e-01 -1.4903e+01 -4.0709e+00  1.3402e+00  1.5507e+01  1.0000e+00
 4.4744e-02  1.4546e+00  4.1143e-01 -1.7331e+00  1.0113e+00 -5.2263e+00  5.5983e+00  1.0000e+00
-1.6165e+01  1.4766e+01 -2.6071e+01 -2.0724e+01  1.9140e+01 -3.3467e+01  4.3770e+01  1.0000e+00
 2.7340e+01 -1.8634e+01  7.5698e+00  3.5087e+01 -2.3795e+01  9.7799e+00  4.3508e+01  1.0000e+00
 1.4358e+01 -8.8172e+00  1.6187e+01  1.7672e+01 -1.0857e+01  2.0311e+01  2.9029e+01  1.0000e+00
 7.8916e-01  1.1272e+00  4.1338e-01 -5.6208e+00  1.9358e+00  1.1209e+01  1.2688e+01  1.0000e+00
-1.2186e-01  1.0740e+00  4.2528e-01 -1.6769e+01 -1.0098e+01  9.0454e+00  2.1564e+01  1.0000e+00
-2.2790e-01  1.3090e+00  1.0685e+00  2.5281e-02  5.3276e+00 -7.6016e-01  5.3816e+00  1.0000e+00
-1.0316e+01  1.4212e+00  3.2655e+00 -1.0161e+01  9.4842e-01  2.8106e+00  1.0585e+01  1.0000e+00
-1.1844e-01  1.3755e+00  3.7028e-01 -2.1767e+01  1.0329e+01  4.6844e+00  2.4545e+01  1.0000e+00
-8.5159e-02  1.3189e+00  4.8439e-01  9.1147e+00 -8.5932e-01  9.2605e+00  1.3022e+01  1.0000e+00
-3.5057e-02  1.2793e+00 -3.0343e-03  4.6329e+00  3.7800e+00 -2.6645e+00  6.5462e+00  1.0000e+00
-2.9461e-01  1.3280e+00  3.9383e-01 -1.6334e+01  1.2912e+01  1.4980e+01  2.5650e+01  1.0000e+00
-1.0171e+01  1.0292e+01 -8.4946e+00 -1.1745e+01  1.3008e+01 -9.7600e+00  2.0060e+01  1.0000e+00
 1.9234e-01  6.5155e-01  4.9369e-01  8.5828e+00  2.0136e+01  2.2343e+00  2.2002e+01  1.0000e+00
-8.1900e+00  5.1862e+00 -1.9931e+01 -1.0228e+01  6.4231e+00 -2.4576e+01  2.7383e+01  1.0000e+00
-3.2767e+00  1.1935e+01  4.6559e+00 -5.2722e+00  1.2519e+01  3.9063e+00  1.4135e+01  1.0000e+00
-2.5954e+01 -5.6151e+00 -7.0447e+00 -3.3323e+01 -6.8893e+00 -8.3882e+00  3.5046e+01  1.0000e+00
-4.7799e-01  1.5866e+00  7.3718e-02 -5.3020e+00 -1.3343e+01  1.5594e+01  2.1197e+01  1.0000e+00
-1.4450e-01  5.1910e-02 -2.9433e+00 -3.6621e-01  2.2495e+00  3.2945e+00  4.0060e+00  1.0000e+00
-1.2500e-01  9.2204e-01  7.9661e-01 -6.8519e+00 -1.5898e+00 -4.2602e+00  8.2235e+00  1.0000e+00
 1.6146e+00  1.2980e+00 -1.0492e+00  9.2540e+00  8.0295e-01 -5.8790e-01  9.3074e+00  1.0000e+00
-2.5900e-01  3.5345e-01  3.1891e-01  4.0474e+00 -3.5121e+00  8.9716e+00  1.0450e+01  1.0000e+00
-6.1728e-01  1.2647e+00  2.2602e-01 -8.5026e+00 -2.7019e+00  1.5220e+00  9.0504e+00  1.0000e+00
 3.1433e-01  2.6906e+00  1.5590e+00  1.9538e+00  7.4418e+00  4.5373e+00  8.9322e+00  1.0000e+00
 2.4853e+00 -5.1067e-01 -9.0582e-01 -4.2755e+00  4.6300e+00 -3.1507e+00  7.0458e+00  1.0000e+00
 2.0451e+00  6.5957e+00 -1.9889e+00  3.7339e+00  1.0321e+01 -4.5905e+00  1.1897e+01  1.0000e+00
-1.2580e-02  1.2588e+00  3.5985e-01  6.5905e+00  3.1608e+01  1.1894e+00  3.2310e+01  1.0000e+00
-3.3271e+01  3.6303e+01 -2.2058e+01 -4.1907e+01  4.4170e+01 -2.6619e+01  6.6451e+01  1.0000e+00
-2.5541e-01  1.2655e+00 -4.7741e-01 -1.7423e+00  5.8099e+00 -2.3044e+00  6.4885e+00  1.0000e+00
-7.2909e-01  9.6462e-01  5.8679e-01  1.6483e+00 -2.1521e+01  4.9508e+00  2.2145e+01  1.0000e+00
-1.0326e+01 -4.8831e+00 -1.0010e+01 -1.9627e+01 -1.0646e+01 -1.9989e+01  2.9969e+01  1.0000e+00
 4.4428e-02  1.0772e+00  2.1136e-01 -3.1966e+00  8.0731e+00  2.3757e+00  9.0021e+00  1.0000e+00
-5.5776e-01 -1.7920e+01 -9.9060e+00 -5.9499e-01 -2.1818e+01 -1.2448e+01  2.5126e+01  1.0000e+00
 5.0310e-02  1.0148e+00  8.7650e-02  1.6279e+01 -3.2452e-01  6.2664e+00  1.7447e+01  1.0000e+00
 1.0849e+01 -1.5849e+01 -1.5173e+01  1.6667e+01 -1.6529e+01 -1.8913e+01  3.0144e+01  1.0000e+00
 2.3195e-02  1.2811e+00  3.4598e-01 -1.3038e+01  1.0125e+01  2.0070e+01  2.5987e+01  1.0000e+00
-3.2007e+01  8.3646e+00 -1.6737e+01 -9.1009e+01  2.1563e+01 -4.8379e+01  1.0530e+02  1.0000e+00
 1.4384e+00  1.0968e+01  4.3271e+00  2.4086e+00  1.1304e+01  3.7742e+00  1.2158e+01  1.0000e+00
 5.4429e+00 -1.0994e+01  1.7395e+01  7.0041e+00 -1.3452e+01  2.1654e+01  2.6437e+01  1.0000e+00
-2.0630e-01  1.0573e+00  3.3512e-01  3.2503e+00  3.5763e+00  2.9605e+00  5.6674e+00  1.0000e+00
-2.0843e+01  1.1937e+01 -4.7554e+00 -4.2332e+01  2.3346e+01 -9.9138e+00  4.9349e+01  1.0000e+00
-3.3805e-01  1.5337e+00  4.3110e-01  2.0982e+00  7.9042e-01 -7.3773e-01  2.3604e+00  1.0000e+00
 9.2965e-02  1.7993e+00  1.0729e+00  4.8064e+00  3.1786e+00  3.8000e+00  6.9026e+00  1.0000e+00
-1.2884e+01 -4.3555e+00  7.6517e+00 -1.4973e+01 -5.1266e+00  8.4357e+00  1.7934e+01  1.0000e+00
-2.6721e-01  1.0827e+00  4.9053e-01 -8.8479e+00  1.8953e+01  6.2472e+00  2.1829e+01  1.0000e+00
-2.5220e+00  6.5473e+00  1.0173e+00 -9.3263e+00  2.0807e+01  2.8634e+00  2.2980e+01  1.0000e+00
 2.0764e+01 -2.6595e+01 -2.1242e+00  2.6835e+01 -3.4062e+01 -2.7905e+00  4.3453e+01  1.0000e+00
-1.0887e+00  3.0311e+00  8.0251e-01  4.2716e-01 -7.3662e-01  1.7284e+00  1.9267e+00  1.0000e+00
 9.0976e-01 -2.1807e+00  1.4813e+00 -5.6663e-01 -3.0686e+00  2.2916e+00  3.8715e+00  1.0000e+00
-6.1114e-01  8.8642e-01  5.9762e-01  7.4909e+00 -5.3053e+00  1.0845e+01  1.4208e+01  1.0000e+00
 7.7889e-01  5.1839e-01  6.0203e-01  8.6012e+00  4.2911e+00  4.7645e+00  1.0728e+01  1.0000e+00
-1.3666e+00  2.1513e+00 -1.6121e+00 -4.7217e+00  4.4312e+00 -1.0898e+01  1.2677e+01  1.0000e+00
 9.7792e-02  9.6202e-01  5.6784e-01 -1.6854e+01 -3.5340e+00  1.5008e+01  2.2843e+01  1.0000e+00
-1.7383e+00  1.2651e+00 -5.9675e-01  4.2064e+00  4.7649e+00 -2.3117e-01  6.3601e+00  1.0000e+00
-6.2522e+00 -1.9542e+00 -1.2145e+00 -5.2067e+00 -5.3357e-01 -4.2441e-01  5.2512e+00  1.0000e+00
-2.0479e-01  1.2898e+00  4.5367e-01 -1.1206e+01 -3.0651e+00  1.0750e+01  1.5828e+01  1.0000e+00
-1.4774e-01  1.3828e+00  3.1881e-01 -9.1715e-01 -1.0493e+01  1.1049e+01  1.5265e+01  1.0000e+00
 1.4351e-01  1.0430e+00  6.3730e-01  1.9287e+00  1.2100e+00  1.8046e+00  2.9053e+00  1.0000e+00
-3.1491e-02  9.5312e-01  1.1572e-01  3.8823e+00  8.1505e+00  1.0868e+01  1.4128e+01  1.0000e+00
-1.9228e-01  1.1917e+00  2.0499e-01 -1.1155e+01 -1.7794e+01  1.4308e+01  2.5413e+01  1.0000e+00
 4.7789e-01  2.2719e+00  1.3438e+00  2.3378e+00 -6.3277e-01 -1.5638e+00  2.8830e+00  1.0000e+00
 5.0149e+00 -1.1246e+01 -3.0301e+00  2.1748e+01 -5.0438e+01 -1.3253e+01  5.6503e+01  1.0000e+00
 9.1857e-01  9.4257e-01  6.1818e-01 -7.7815e+00  5.2309e+00 -3.7674e+00  1.0105e+01  1.0000e+00
-4.3916e+01  3.5474e+01  1.6523e+01 -8.1274e+01  6.5132e+01  3.0714e+01  1.0859e+02  1.0000e+00
-1.2521e+00  1.6943e+00  8.0132e-01 -1.5164e+00 -3.4534e-01  8.0986e+00  8.2466e+00  1.0000e+00
-2.7085e-01  7.0149e-01 -4.3145e-01  2.6881e+00 -2.0812e+00 -3.4966e+00  4.8768e+00  1.0000e+00
-1.4527e+02  4.7975e+00  1.3051e+02 -2.4181e+02  7.3671e+00  2.1773e+02  3.2547e+02  1.0000e+00
-4.3918e-01  1.4201e+00  3.9550e-01 -1.0567e+00  1.0156e+01 -1.3954e+01  1.7291e+01  1.0000e+00
-1.3169e+00  9.1078e-01 -4.3144e-01  2.4022e+00  1.2149e+00  5.5498e+00  6.1682e+00  1.0000e+00
 1.6313e-01  8.7154e-01  4.6966e-01 -9.8514e+00  1.4848e+00  8.7678e+00  1.3271e+01  1.0000e+00
-3.8659e+00  5.7022e+00  1.4772e+01 -4.2370e+00  5.9544e+00  1.5870e+01  1.7472e+01  1.0000e+00
 5.9238e+00  2.6605e+00  1.6307e+00  1.8327e+00  2.4815e+00  1.4168e+00  3.3947e+00  1.0000e+00
 1.1256e+01 -6.5906e+00 -9.6160e+00  1.3168e+01 -8.0345e+00 -1.1055e+01  1.8978e+01  1.0000e+00
-1.4927e-01  1.3879e+00  3.5607e-01  1.3966e+00  6.8711e+00 -1.6164e+01  1.7619e+01  1.0000e+00
 1.6470e+01 -1.6730e+01 -2.4706e+01  2.1291e+01 -2.1440e+01 -3.1492e+01  4.3643e+01  1.0000e+00
-2.4339e-01  1.1461e+00  3.5639e-01 -8.7498e+00  1.9315e+01  1.6872e+01  2.7098e+01  1.0000e+00
-1.8544e-01  1.2214e+00  1.9892e-01 -5.0884e+00  1.0644e+01  8.5606e+00  1.4576e+01  1.0000e+00
 1.4024e-01  9.4554e-01  7.1174e-01  1.2050e+01  8.5616e+00  1.2605e+01  1.9426e+01  1.0000e+00
-1.1941e+01 -1.9039e+01 -1.7948e+01 -2.4936e+01 -4.1551e+01 -3.8311e+01  6.1774e+01  1.0000e+00
-7.9935e-01  1.6145e+00 -3.7319e-01  9.6018e-01 -5.5716e+00  2.6285e+00  6.2349e+00  1.0000e+00
 3.2948e-01  1.5596e+00 -2.5952e-01  8.6226e+00  9.6271e+00 -1.8694e+00  1.3058e+01  1.0000e+00
 4.2043e-01  8.8444e-01  1.5476e-01  7.1359e+00  2.4321e+00 -3.5901e+00  8.3501e+00  1.0000e+00
-2.2860e-01  7.7216e-01 -1.7334e-01 -2.6677e+00  1.2804e+01  7.9606e+00  1.5311e+01  1.0000e+00
 1.6043e-01  6.4401e-01  9.7344e-01  1.0034e+01 -3.7262e+00  3.2748e+00  1.1193e+01  1.0000e+00
-1.3295e+00  2.6311e+00  2.4810e+00  1.1568e+00  9.9061e-01 -2.8679e+00  3.2472e+00  1.0000e+00
-4.0422e+00  6.2453e+00  1.7615e+01 -4.4402e+00  7.7962e+00  2.1072e+01  2.2903e+01  1.0000e+00
-4.6748e-01  1.5455e+00 -1.1089e+00 -6.1697e+00 -5.6646e+00  7.2260e-01  8.4069e+00  1.0000e+00
 1.7223e-01  6.1077e-01 -2.1807e-01  3.0554e+00 -2.6547e+00  1.6453e+00  4.3692e+00  1.0000e+00
-4.9644e-01  1.4132e+00  1.3687e-01 -8.0182e+00 -3.2607e-01 -8.2880e+00  1.1536e+01  1.0000e+00
-1.3597e+00  9.7604e-01 -4.7303e-02  2.5705e+00  6.1257e+00  6.6757e+00  9.4178e+00  1.0000e+00
 1.2464e+01 -3.1373e+01  5.5725e+01  1.5600e+01 -3.9382e+01  7.0865e+01  8.2560e+01  1.0000e+00
 2.3930e+01  4.5562e+00  2.2591e+01  3.0637e+01  5.7780e+00  2.9126e+01  4.2665e+01  1.0000e+00
-3.2334e+00  1.1713e+00 -1.1546e+00 -1.3721e+00 -1.3007e+00 -4.5392e+00  4.9172e+00  1.0000e+00
 2.9561e-01  9.0558e-01  1.1827e+00 -5.8769e+00  1.0602e+00  3.5774e+00  6.9613e+00  1.0000e+00
-1.1026e-01  5.7960e-01  7.7328e-01  1.5890e-01  9.9082e+00  1.0192e+01  1.4215e+01  1.0000e+00
-6.3122e+00  4.1675e+00  2.4980e+01 -7.9771e+00  5.5291e+00  3.1531e+01  3.2991e+01  1.0000e+00
-1.6403e+01 -2.9326e+00 -1.5543e+01 -2.0302e+01 -2.4878e+00 -1.8761e+01  2.7755e+01  1.0000e+00
-2.3170e+00  1.0864e+00  1.3924e+00 -1.0751e+01 -2.2215e+00  4.6104e+00  1.1907e+01  1.0000e+00
-8.9941e+00 -1.5508e+01 -1.1886e+00 -1.2020e+01 -2.1870e+01 -1.2776e+00  2.4988e+01  1.0000e+00
-2.5501e-02  1.1280e+00  3.5158e-01  1.4195e+01  3.2991e+01 -4.0321e+00  3.6141e+01  1.0000e+00
-2.6052e-01  1.1665e+00  1.9796e-01  4.8278e+00  5.0973e+00  1.1566e+01  1.3530e+01  1.0000e+00
-2.1364e+00 -3.6729e-01  1.5071e-01  3.5760e+00  6.3566e+00  1.5136e+00  7.4488e+00  1.0000e+00
-1.5406e-01  1.4645e+00  1.9541e-01  2.8595e+00 -1.2758e+00 -8.6364e+00  9.1864e+00  1.0000e+00
 7.8231e-02  1.3265e+00  7.5793e-01 -1.8688e-01  5.9596e+00  1.9624e+01  2.0510e+01  1.0000e+00
-8.5626e+00  2.7073e+01 -3.4771e+00 -1.0767e+01  3.4341e+01 -4.3265e+00  3.6248e+01  1.0000e+00
 3.9156e+00  2.0835e+00  4.7319e+00  4.9781e-01  3.8457e+00  3.6343e+00  5.3146e+00  1.0000e+00
-1.5201e+01 -1.7587e-01 -3.9600e+00 -1.7565e+01  4.1377e-01 -4.7059e+00  1.8189e+01  1.0000e+00
 1.8654e+00  1.9759e+00 -2.8719e+00  1.7621e+00  1.1630e+00  1.0905e+00  2.3763e+00  1.0000e+00
-1.2192e+01 -4.5809e+00  8.4322e+00 -1.4111e+01 -4.4120e+00  9.6122e+00  1.7635e+01  1.0000e+00
-1.9639e-02  7.1020e-01  1.4467e-01 -1.8749e+00 -6.6839e+00 -7.3447e+00  1.0106e+01  1.0000e+00
 3.1786e+01  1.1526e+01  2.6476e+00  4.0665e+01  1.4937e+01  3.3257e+00  4.3449e+01  1.0000e+00
 1.1407e+01  1.5816e+01  2.1866e+00  1.4050e+01  1.9104e+01  3.0703e+00  2.3912e+01  1.0000e+00
-2.4743e+01 -1.4790e+01 -9.0463e+00 -3.4534e+01 -2.1638e+01 -1.3329e+01  4.2877e+01  1.0000e+00
 2.1113e+00  2.9778e+00 -1.3933e+00  6.2625e+00  1.2043e+00 -6.7872e+00  9.3132e+00  1.0000e+00
-2.4316e+01 -5.5043e-01 -6.3754e+00 -3.0682e+01 -4.6122e-01 -8.0982e+00  3.1736e+01  1.0000e+00
-7.9323e-01  1.4790e+00  4.6506e-01 -4.0797e+00 -7.5372e-01 -1.0385e+00  4.2767e+00  1.0000e+00
 7.3193e-02  1.2052e+00  6.7532e-01  1.5821e+00  1.2546e+01  1.5088e+01  1.9686e+01  1.0000e+00
-4.8849e+00  1.9645e+01 -7.5522e+00 -5.5432e+00  2.4628e+01 -9.3560e+00  2.6923e+01  1.0000e+00
 3.0948e+01  2.5298e+01 -1.9417e+01  4.7179e+01  3.8176e+01 -2.9451e+01  6.7459e+01  1.0000e+00
 3.5950e-01  1.7201e+00  2.7121e-02 -6.3519e+00 -3.0434e+00 -7.9237e+00  1.0602e+01  1.0000e+00
-3.5766e-01  1.4779e+00 -9.0888e-01  4.0432e+00  4.0627e+00  1.6050e+01  1.7042e+01  1.0000e+00
-1.0850e-01  1.3610e+00 -7.4098e-02 -8.9982e-01  1.8747e+01 -9.7684e-01  1.8794e+01  1.0000e+00
 4.1355e+00 -3.0315e+00  4.5297e-01  2.1500e+00  2.8685e-01  4.0603e+00  4.6033e+00  1.0000e+00
 2.7024e+00 -1.4460e+00  7.8955e-01  2.2403e+00  2.0171e+00 -3.5101e-01  3.0350e+00  1.0000e+00
 3.8041e-02  1.4679e+00 -2.7097e-02 -2.7775e+00 -1.3859e+01 -1.2843e-01  1.4135e+01  1.0000e+00
-1.9013e+01 -9.5876e+00 -3.3435e+01 -2.4809e+01 -1.2600e+01 -4.3849e+01  5.1932e+01  1.0000e+00
-3.3881e+01 -1.1244e+01 -1.1412e+00 -4.3726e+01 -1.4207e+01 -1.5536e+00  4.6002e+01  1.0000e+00
 3.7702e+00 -2.7185e+00 -4.2979e+00  3.6591e+00 -4.0282e-01 -1.2292e+00  3.8810e+00  1.0000e+00
 3.4211e+01  5.9486e+00 -3.5783e+00  4.3928e+01  7.9152e+00 -4.6960e+00  4.4882e+01  1.0000e+00
 1.5710e-01  1.3500e+00  6.5671e-01  4.5031e+00  1.4046e+01 -2.5554e+00  1.4970e+01  1.0000e+00
-3.9107e-01  1.3042e+00  1.9238e-01 -1.8221e+01 -3.1236e+00  2.7922e-01  1.8489e+01  1.0000e+00
-1.4019e-01  1.1090e+00  2.2155e-01  2.1716e+01  6.7438e+00 -9.9086e+00  2.4804e+01  1.0000e+00
-3.9817e+00  1.9004e+00 -1.0754e-01 -1.1010e+01  2.9415e+00  3.4287e-01  1.1401e+01  1.0000e+00
 3.4902e-02  1.5252e+00  2.8341e-01 -1.0114e+00  1.0443e+01  1.0801e+01  1.5058e+01  1.0000e+00
-2.1847e-01  1.1299e+00  3.2940e-01 -9.3690e+00 -6.1296e+00  1.8599e+01  2.1709e+01  1.0000e+00
-8.1560e-01  1.3977e+00  4.0444e-01  1.0152e+01  1.0358e+01 -1.4230e-01  1.4504e+01  1.0000e+00
-1.3490e+01  1.1479e+01 -2.0960e+00 -1.5999e+01  1.3503e+01 -2.2020e+00  2.1052e+01  1.0000e+00
-2.0163e-01  1.1958e+00  1.9496e-01 -2.4144e+01  4.2933e+00 -1.4709e+01  2.8596e+01  1.0000e+00
-1.3544e+01 -4.0551e+00 -1.8744e-01 -1.5050e+01 -4.4910e+00 -4.2666e-01  1.5712e+01  1.0000e+00
-8.4126e-01  1.4446e+00 -2.3560e-01 -7.1491e+00  5.3481e+00  1.6550e+00  9.0803e+00  1.0000e+00
 7.7201e-01  1.7567e+00 -4.1521e-02  2.1514e+01  1.4063e+01 -9.2570e+00  2.7319e+01  1.0000e+00
-3.0450e-01  8.4170e-01  1.1274e+00 -5.2472e+00  1.8747e+00 -9.9510e+00  1.1405e+01  1.0000e+00
-7.0777e-01  2.2919e+00 -5.5885e-01 -2.4495e+00  1.5686e+00  7.2913e+00  7.8501e+00  1.0000e+00
 1.0926e+01 -2.6903e+01 -1.2978e+01  1.4019e+01 -3.4259e+01 -1.6567e+01  4.0555e+01  1.0000e+00
-2.4522e+01 -4.3311e+00  2.2083e+01 -3.1508e+01 -5.2657e+00  2.8353e+01  4.2713e+01  1.0000e+00
-5.1964e-01  1.4028e+00  5.0530e-01 -1.3153e+01  1.2911e+01  4.4057e-01  1.8436e+01  1.0000e+00
-2.6704e+00 -7.3092e-01 -3.5905e+00 -6.3766e-01  2.2725e+00  1.3293e+00  2.7089e+00  1.0000e+00
-1.0489e+00  2.4450e+00  3.9173e-01  1.2899e+00  2.0561e+00  8.2642e-01  2.5641e+00  1.0000e+00
-2.5836e-01  1.6807e+00  2.6519e-01  5.0944e+00 -2.0518e+00  4.7209e+00  7.2422e+00  1.0000e+00
-2.0923e+00 -2.1779e+01 -1.5397e+01 -1.9075e+00 -2.7799e+01 -1.9862e+01  3.4219e+01  1.0000e+00
-3.2580e+00  5.6366e+00 -3.9313e+00 -2.1204e+00  3.8230e+00 -9.8990e-01  4.4823e+00  1.0000e+00
 4.0364e-01  1.3324e+00  1.0065e+00  9.6184e-02  3.1596e+00 -1.1790e+01  1.2207e+01  1.0000e+00
 1.7175e-01  8.2262e-01  7.4459e-01 -4.7950e-01 -7.2540e+00 -6.5885e+00  9.8112e+00  1.0000e+00
-5.6193e-01  1.2458e+00  4.9483e-01  2.3335e+01  7.4076e+00 -9.2282e+00  2.6164e+01  1.0000e+00
-4.5548e+00  1.9871e+01 -8.2555e+00 -5.8422e+00  2.4042e+01 -9.4924e+00  2.6500e+01  1.0000e+00
-2.5895e-01  1.8146e+00  9.6773e-01  3.1806e+00 -2.3006e-01 -3.1074e+00  4.4525e+00  1.0000e+00
 8.5119e-01  3.8296e+00  2.4222e+01  1.8361e+00  5.0976e+00  2.8253e+01  2.8768e+01  1.0000e+00
 3.1678e-01  4.9100e+00 -2.9227e+00  3.7368e-01  4.6674e+00 -3.5543e+00  5.8786e+00  1.0000e+00
-2.7908e-01  1.0652e+00 -1.0985e-01 -1.1927e+00  7.8011e+00 -1.3582e+01  1.5708e+01  1.0000e+00
-7.5849e-02  1.1567e+00  4.2425e-01  8.3447e+00 -2.5442e+01  8.3444e+00  2.8046e+01  1.0000e+00
-2.4116e-02  1.2669e+00  1.6974e-01 -5.2331e+00 -5.9166e-01 -1.9006e+01  1.9722e+01  1.0000e+00
 7.4638e+00  1.5284e+01  8.1347e+00  9.1430e+00  1.8535e+01  9.5983e+00  2.2788e+01  1.0000e+00
-2.8558e-01  1.5279e+00  2.1011e-01 -1.1694e+01  1.6355e+01  5.5720e+00  2.0863e+01  1.0000e+00
 8.9868e-01  3.3088e-01  8.7315e-01 -6.1392e+00  9.9362e+00 -4.1027e+00  1.2379e+01  1.0000e+00
 1.5344e-01  1.1331e+00  1.5157e-01 -7.6019e+00  5.2195e+00 -5.1915e-01  9.2359e+00  1.0000e+00
-3.8382e-01  1.2592e+00  1.7922e-01  1.4012e+01 -6.3425e+00  8.1421e+00  1.7403e+01  1.0000e+00
-2.6328e-01  8.2222e-01  8.4109e-02  9.0979e+00 -4.9419e+00 -1.2084e+01  1.5913e+01  1.0000e+00
 1.9710e-01  9.2562e-01  3.9331e-01  6.5394e-01  9.0580e-01  2.1798e+00  2.4494e+00  1.0000e+00
 1.1732e+01 -8.5356e+00 -1.3889e+00  1.3410e+01 -9.5275e+00 -1.3307e+00  1.6504e+01  1.0000e+00
 2.9746e-01  1.3763e+00  5.7914e-01  2.9783e+00 -1.0047e+01 -4.6159e+00  1.1451e+01  1.0000e+00
 2.1413e+01 -4.0669e+01  2.6025e+01  2.5220e+01 -5.0326e+01  3.2422e+01  6.4961e+01  1.0000e+00
-3.3852e-01  3.1702e+00 -1.1096e+00 -3.0640e-01 -1.8715e-01 -8.6638e+00  8.6712e+00  1.0000e+00
 2.2275e+00 -1.1406e+01 -3.2629e+01  2.7456e+00 -1.4569e+01 -4.1849e+01  4.4398e+01  1.0000e+00
-8.8709e+00 -1.2788e+01 -2.2006e+01 -1.1674e+01 -1.6149e+01 -2.7884e+01  3.4273e+01  1.0000e+00
-1.5303e+00 -2.3367e+01  2.5249e+00 -1.7290e+00 -2.9371e+01  3.1586e+00  2.9591e+01  1.0000e+00
-3.2709e+01 -1.6480e+01 -8.5359e+00 -4.2375e+01 -2.1084e+01 -1.0981e+01  4.8588e+01  1.0000e+00
-3.0151e-01  9.6510e-01  3.8831e-04  1.4237e+01  2.4233e+00 -5.0316e+00  1.5293e+01  1.0000e+00
-2.6120e+01 -6.4205e+00 -4.9156e+00 -3.3287e+01 -8.1235e+00 -6.2744e+00  3.4834e+01  1.0000e+00
 9.2186e-02  8.4690e-01  1.4577e+00 -1.8630e+00  3.4546e+00 -8.2846e+00  9.1673e+00  1.0000e+00
-3.2685e-01  8.6749e-01  7.9394e-01 -3.2525e+00  3.4389e+00  9.3091e+00  1.0443e+01  1.0000e+00
-4.0745e+00  2.1742e-01 -1.2909e+01 -4.8829e+00  7.9618e-01 -1.6242e+01  1.6979e+01  1.0000e+00
-6.0871e-01  1.5067e+00 -1.9643e-01 -1.7326e+01  3.6146e+00  1.6578e+00  1.7776e+01  1.0000e+00
-2.2403e-01  1.1929e+00  3.4577e-01 -1.2052e-01 -4.0709e-01 -6.8561e+00  6.8692e+00  1.0000e+00
