# limit = 28.1245
#
# x           y           z           vx          vy          vz          s           m
 4.4646e-01  2.6146e+00 -1.1403e+00  3.5822e+00  2.4724e+00 -1.0571e+01  1.1432e+01  1.0000e+00
 5.5029e-01  1.3620e+00  1.1140e-01 -1.3517e+00 -5.0097e-01 -1.0049e+01  1.0152e+01  1.0000e+00
 2.7687e+01  1.3330e+00  5.4192e+00  3.3941e+01  2.1109e+00  6.6318e+00  3.4647e+01  1.0000e+00
 3.7038e-01  9.8937e-01  7.4692e-01  7.7687e-01  5.9182e+00  8.0994e+00  1.0061e+01  1.0000e+00
-2.3525e+01  8.8478e+00  1.4069e+01 -2.9212e+01  1.0823e+01  1.7235e+01  3.5602e+01  1.0000e+00
 1.0284e+01 -3.1343e+00  2.9135e+01  1.2998e+01 -3.5312e+00  3.6154e+01  3.8581e+01  1.0000e+00
 1.4448e+00 -2.3672e+01 -1.6332e+01  1.3583e+00 -2.9178e+01 -1.9936e+01  3.5365e+01  1.0000e+00
 1.0489e-01  9.5054e-01  7.2469e-01 -9.7733e+00  8.0747e+00 -2.6356e+00  1.2949e+01  1.0000e+00
-3.7116e+01  2.7093e+01  8.4104e+01 -4.5547e+01  3.3390e+01  1.0464e+02  1.1890e+02  1.0000e+00
 6.3839e+01 -3.4273e+01  1.6721e+00  1.1448e+02 -6.2004e+01  3.0410e+00  1.3022e+02  1.0000e+00
 2.8382e+00  4.4611e+00  2.6279e+00 -1.2333e+00  1.2209e+00 -1.8521e-01  1.7453e+00  1.0000e+00
-1.0533e-01  1.5444e+00  2.5781e-01 -3.1804e+00  1.3812e+01 -8.9255e+00  1.6749e+01  1.0000e+00
-5.9169e-01  3.4273e+00  1.0357e+00  3.1534e+00 -4.9812e+00  1.9340e+00  6.2046e+00  1.0000e+00
 6.2892e+00  1.9812e+00 -7.0160e-01  3.7655e+00  2.6540e+00  6.6391e-01  4.6544e+00  1.0000e+00
 1.8777e+00 -1.2692e+00  3.8697e-01 -7.5760e-01  2.1026e+00 -1.1521e+00  2.5144e+00  1.0000e+00
-9.1110e+00 -1.6268e+00 -6.8570e+00 -9.3377e+00 -7.8530e-01 -6.9982e+00  1.1695e+01  1.0000e+00
 1.6969e+01 -1.7754e+01 -2.0369e+01  2.0974e+01 -2.2025e+01 -2.5435e+01  3.9648e+01  1.0000e+00
-1.5122e-01  1.3463e+00  4.1128e-01 -1.4292e+00  3.1069e+01 -6.0382e+00  3.1683e+01  1.0000e+00
-2.2500e-01  1.2762e+00  6.7719e-02 -4.0857e+00 -7.3958e+00  4.6022e+00  9.6214e+00  1.0000e+00
 5.8988e+01  4.7821e+01 -2.0670e+01  7.3441e+01  5.8889e+01 -2.5204e+01  9.7451e+01  1.0000e+00
-5.6998e-01  1.0228e+00  6.8138e-01  8.1310e+00  8.4965e+00  8.5387e+00  1.4533e+01  1.0000e+00
-5.0154e-02  2.5774e+00  3.7441e-01  4.2493e+00 -1.6507e+00  1.7753e+00  4.8922e+00  1.0000e+00
-5.0352e+00 -6.3366e+00  9.7483e+00 -8.0688e+00 -1.1496e+01  1.5685e+01  2.1055e+01  1.0000e+00
-1.2732e+01  2.4160e+01 -2.4353e+01 -1.5906e+01  3.0454e+01 -3.0430e+01  4.5897e+01  1.0000e+00
-9.0486e-01  2.7234e+01 -1.2042e+01 -1.2372e+00  3.3687e+01 -1.4805e+01  3.6818e+01  1.0000e+00
-6.5923e+00  3.9130e+00 -9.8089e+00 -7.8070e+00  5.3091e+00 -9.7923e+00  1.3602e+01  1.0000e+00
 8.5516e+00 -2.1287e+01  4.0294e+00  1.0000e+01 -2.6171e+01  4.7440e+00  2.8416e+01  1.0000e+00
 5.7846e+01 -1.5149e+01 -5.5810e+01  7.5256e+01 -1.9839e+01 -7.2627e+01  1.0645e+02  1.0000e+00
 1.6715e+00 -3.3327e+01 -4.3956e+01  2.1730e+00 -4.2133e+01 -5.5566e+01  6.9767e+01  1.0000e+00
-2.1415e-01  1.2495e+00  3.4747e-01  1.5866e+01  1.1479e+01 -1.6090e+01  2.5345e+01  1.0000e+00
-5.0232e-01  1.3895e+00  5.6790e-01 -4.5835e+00 -8.0303e+00  5.0563e+00  1.0538e+01  1.0000e+00
-7.9071e-02  1.4317e+00  1.8385e-01 -1.3523e+01 -7.6438e+00  7.2289e+00  1.7134e+01  1.0000e+00
-3.9673e-01  1.3469e+00 -7.8675e-02  1.4500e+01 -5.3202e+00  4.2187e+00  1.6011e+01  1.0000e+00
 1.7335e-01  1.0934e+00  4.4931e-01  3.1415e+00 -1.6048e+01 -1.2552e+00  1.6401e+01  1.0000e+00
-3.9110e-01  1.6560e+00  4.0747e-01  3.6673e-01  1.7078e+00 -1.6225e+01  1.6319e+01  1.0000e+00
 7.3388e-02  1.7732e+00  9.5629e-01  7.9798e+00  6.7728e+00 -1.0833e-01  1.0467e+01  1.0000e+00
-2.5480e-01  9.3810e-01  6.4670e-01 -2.5744e+01 -8.7235e+00  1.5067e+01  3.1079e+01  1.0000e+00
-2.2875e+01  4.3819e+01 -5.5002e+01 -2.8528e+01  5.4672e+01 -6.7946e+01  9.1758e+01  1.0000e+00
-2.6537e-01  8.0793e-01  1.1698e+00 -6.6003e+00 -3.8258e+00 -1.0628e+01  1.3083e+01  1.0000e+00
 1.6306e+01 -3.5873e+00  1.3738e+01  1.9386e+01 -4.0702e+00  1.6433e+01  2.5738e+01  1.0000e+00
 8.4199e+00  7.9106e+00  1.2654e+00  7.8811e+00  7.8544e+00  2.0355e+00  1.1311e+01  1.0000e+00
 2.8041e+00  1.1576e+00 -9.2953e-01 -3.9849e+00  1.1364e+00 -3.2736e-01  4.1567e+00  1.0000e+00
-2.6616e-01  8.3093e-01  2.3514e-01  1.2059e+01  7.5498e+00 -6.0731e+00  1.5469e+01  1.0000e+00
 3.3712e+00 -9.7372e+00  3.1740e+01  4.3056e+00 -1.1977e+01  3.9529e+01  4.1528e+01  1.0000e+00
 3.0810e+01  1.4859e+01  2.4565e+00  3.8710e+01  1.8521e+01  3.1355e+00  4.3027e+01  1.0000e+00
 2.2242e+00 -1.9521e+01  3.2708e+00  3.2377e+00 -2.3490e+01  4.1499e+00  2.4073e+01  1.0000e+00
-9.0029e-01  1.4910e+00  3.3934e-01  6.6894e+00 -7.4144e+00  5.1828e+00  1.1251e+01  1.0000e+00
 2.1676e+00  1.1217e-02  6.1255e-01 -5.4109e+00  8.4119e+00  2.9182e+00  1.0419e+01  1.0000e+00
 1.3055e+01 -5.0545e+00  6.0005e+00  1.4199e+01 -5.4123e+00  7.0073e+00  1.6734e+01  1.0000e+00
-5.9587e-01  1.7541e+00  4.7003e-01 -2.2255e+00  3.2589e+00 -2.7178e+00  4.7917e+00  1.0000e+00
 3.2418e-01  1.1278e+00  1.0727e-01  1.8204e+01  2.2773e-02 -5.3781e+00  1.8982e+01  1.0000e+00
-1.7216e-01  1.4823e+00  4.2907e-01  7.9715e+00  1.0498e+00 -4.7727e+00  9.3502e+00  1.0000e+00
-3.6974e+00 -5.7836e+00  5.9440e+00 -3.0205e+00 -4.4767e+00  5.1292e+00  7.4480e+00  1.0000e+00
 3.3476e-01  4.8982e-01 -6.0989e-01  7.9536e+00 -5.4227e+00 -1.3805e+01  1.6830e+01  1.0000e+00
 4.1697e-01  5.9494e+00  5.9592e+00  2.1744e+00  1.3100e+01  1.4075e+01  1.9351e+01  1.0000e+00
-2.7698e-01  9.9151e-01  4.2201e-01  3.6558e+00 -1.6488e+01  8.6999e+00  1.8998e+01  1.0000e+00
-2.5574e-01  1.3053e+00  2.0857e-01  2.5797e+00  1.8136e+00 -5.4041e+00  6.2568e+00  1.0000e+00
 5.8641e-02  8.5713e-01  5.1095e-01  7.5122e+00 -1.4534e+01  1.5922e+01  2.2829e+01  1.0000e+00
-4.7101e-02  1.4206e+00  3.5614e-01 -6.5179e+00  2.9532e+00  1.5274e+01  1.6867e+01  1.0000e+00
 7.5422e+00 -4.2221e+00  2.2590e+01  8.9762e+00 -5.3937e+00  2.7614e+01  2.9533e+01  1.0000e+00
-5.7842e-01  1.3303e+00  7.7610e-01 -7.2814e+00  8.0595e-01 -2.2022e-01  7.3292e+00  1.0000e+00
-4.6526e+00 -8.1593e+00  3.6897e+00 -7.0784e+00 -1.4190e+01  5.6977e+00  1.6850e+01  1.0000e+00
 1.4155e+01  1.4209e+00 -6.8069e+00  1.7906e+01  1.9633e+00 -8.5218e+00  1.9927e+01  1.0000e+00
-6.6072e-02  8.4934e-01  9.5251e-01 -1.6110e+00  6.2466e+00 -3.6800e+00  7.4268e+00  1.0000e+00
-9.0005e-02  4.0905e+00  5.4106e-01  2.4252e+00  5.3846e+00  1.1347e+00  6.0135e+00  1.0000e+00
 2.1956e-01  9.1042e-01  5.3678e-01  1.5795e+01  9.5077e-01 -7.0757e+00  1.7334e+01  1.0000e+00
-2.3116e-01  1.1606e+00 -1.0058e-01  4.9157e+00 -1.6914e+00 -3.5944e+00  6.3202e+00  1.0000e+00
-2.7769e-01  1.2503e+00  3.3828e-01  9.5247e+00  1.4648e+01 -2.3044e+01  2.8919e+01  1.0000e+00
-1.5177e-01  1.5580e+00  6.5533e-01  2.5190e+00  6.6577e+00 -2.0315e+00  7.4026e+00  1.0000e+00
-8.9751e-02  1.1079e+00  4.3301e-01 -9.4770e-01 -2.3948e+01  8.0984e+00  2.5298e+01  1.0000e+00
 2.7283e+01  2.9564e+00  4.9496e+00  3.3809e+01  3.3247e+00  6.0622e+00  3.4509e+01  1.0000e+00
-2.6610e-01  1.1086e+00  4.7722e-01 -5.4770e+00  6.7349e+00 -9.3342e+00  1.2747e+01  1.0000e+00
 7.5718e-01  9.7785e-01  7.6893e-01  6.6095e+00  8.0564e+00 -2.5880e+00  1.0737e+01  1.0000e+00
-2.2776e-01  9.3070e-01 -6.6172e-01  2.0708e+00  1.7774e+00 -7.0538e+00  7.5633e+00  1.0000e+00
-1.7922e-01  7.8165e-01  2.6353e-01 -2.4533e-02  4.1607e-01 -3.3297e-01  5.3346e-01  1.0000e+00
-5.9900e-01  1.3296e+00  4.6495e-01  4.3970e+00  9.1527e-01  3.4090e+00  5.6385e+00  1.0000e+00
-3.0936e-01  1.1954e+00  4.8573e-01 -1.2380e+01  8.9071e+00 -7.6589e+00  1.7067e+01  1.0000e+00
-4.3728e-01  1.4844e+00  1.0953e+00 -4.3878e-01  5.8163e+00 -2.3603e+00  6.2923e+00  1.0000e+00
 3.2957e+01 -1.5710e+01 -3.7832e+00  4.1417e+01 -1.9454e+01 -4.6721e+00  4.5996e+01  1.0000e+00
-1.9150e+01 -1.1596e+01 -7.3231e+00 -2.3427e+01 -1.3786e+01 -8.7253e+00  2.8548e+01  1.0000e+00
-1.3075e-01  1.1535e+00  4.1748e-01 -4.8916e+00  2.7586e+01  1.0991e+01  3.0095e+01  1.0000e+00
 2.1477e+01  4.9444e+00  1.3889e+01  3.2076e+01  6.9199e+00  2.0560e+01  3.8723e+01  1.0000e+00
 3.7540e-01  8.8659e-01  1.2158e+00 -2.7759e-01  2.8660e-01  7.3769e+00  7.3877e+00  1.0000e+00
 6.1124e+00  5.6169e+00  7.9527e+00  5.4285e+00  5.9388e+00  7.4745e+00  1.0982e+01  1.0000e+00
 2.5092e-01  1.3758e+00  3.3196e-01 -1.1130e+01 -3.3139e+00 -4.2114e+00  1.2353e+01  1.0000e+00
-2.4009e-01  6.4929e-01  3.1951e-01 -8.6128e+00 -1.9215e+01 -3.6836e+00  2.1377e+01  1.0000e+00
 1.3845e+00  1.1016e+00  5.1820e-01  8.0683e+00  5.3902e-01  5.5014e+00  9.7803e+00  1.0000e+00
-1.0007e+00  2.1538e+00  2.5396e-01 -8.2028e+00  1.0869e+01  1.6157e+00  1.3712e+01  1.0000e+00
 1.3752e+02  3.4673e+01 -1.3343e+02  2.2218e+02  5.5313e+01 -2.1506e+02  3.1413e+02  1.0000e+00
-2.4911e-01  8.0221e-01  4.9552e-01  6.7098e+00 -1.3610e+01  4.3348e+00  1.5781e+01  1.0000e+00
-7.5902e-01  2.0629e+00  4.9001e-01 -1.1857e+01  1.8957e+01  7.1294e+00  2.3469e+01  1.0000e+00
-5.5139e-02  2.1739e+00  2.4732e-01 -6.9636e+00  3.1174e+00  1.0566e+01  1.3033e+01  1.0000e+00
 9.0522e-01  1.1970e+00  8.2575e-01  1.0659e+01  1.3868e+00  1.2397e+01  1.6408e+01  1.0000e+00
 4.2379e-02  1.7052e+00  6.8048e-01 -5.7669e+00  1.5736e+01 -2.7016e+00  1.6976e+01  1.0000e+00
 5.2925e+00 -1.8138e+00 -4.4765e-01  4.6909e+00 -1.1401e+00 -7.7366e-04  4.8274e+00  1.0000e+00
-1.5107e-01  1.0909e+00  3.7715e-01 -1.6402e+01 -1.0729e+01  2.2353e+00  1.9726e+01  1.0000e+00
 8.2809e+00  1.7203e+01  3.0078e+01  1.7306e+01  3.3996e+01  6.1216e+01  7.2129e+01  1.0000e+00
-1.0586e+01 -1.5449e+01 -1.7380e+01 -1.2957e+01 -1.8763e+01 -2.1182e+01  3.1122e+01  1.0000e+00
 2.3118e+00 -4.7548e+00 -2.0443e+01  2.6727e+00 -5.4023e+00 -2.3169e+01  2.3940e+01  1.0000e+00
 1.9021e+00  4.3254e+00 -1.6520e+00  1.4436e+00 -1.0721e+00  2.6735e+00  3.2219e+00  1.0000e+00
-6.8023e-01  1.4759e+00  7.7007e-02 -1.4946e+01  6.4079e+00  3.5433e+00  1.6644e+01  1.0000e+00
-3.2970e-01  1.3564e+00  4.8099e-01 -6.5936e+00  1.5983e+00  1.6715e+01  1.8039e+01  1.0000e+00
-3.5487e+00  1.5172e+00 -7.1763e-01 -3.8024e+00  2.8648e+00  1.6633e+00  5.0430e+00  1.0000e+00
 3.5282e-01  1.2397e+00 -4.5100e-02  4.4007e+00 -6.8528e+00 -2.0285e+00  8.3930e+00  1.0000e+00
 2.6923e+01  1.0425e+01 -6.9716e-01  3.3229e+01  1.3176e+01 -8.8039e-01  3.5757e+01  1.0000e+00
-4.4780e-01  1.2389e+00  3.8012e-01 -5.0291e+00 -5.2791e+00  6.2915e+00  9.6303e+00  1.0000e+00
 2.0007e+01  1.1793e+00  2.2435e+01  2.4712e+01  1.5762e+00  2.7695e+01  3.7151e+01  1.0000e+00
-9.0373e-01  1.9609e+00 -3.2089e-01 -7.0417e+00  1.1961e+01 -9.4984e+00  1.6819e+01  1.0000e+00
 1.1458e-02  1.9182e+00  4.1919e-02  1.0743e+01 -5.8152e+00 -5.2295e+00  1.3288e+01  1.0000e+00
-3.2833e+01  7.0139e+00  7.5118e+00 -4.1064e+01  8.9822e+00  9.4569e+00  4.3085e+01  1.0000e+00
-7.7308e-01  2.0240e+00  1.0984e-01 -2.4869e+00 -5.1382e+00  7.4164e+00  9.3589e+00  1.0000e+00
 6.8922e+00 -1.1247e+01  2.0144e+01  8.8683e+00 -1.0338e+01  2.6710e+01  2.9982e+01  1.0000e+00
 7.3795e+00 -7.7278e+00  1.6104e+01  8.5391e+00 -9.1441e+00  1.9106e+01  2.2838e+01  1.0000e+00
 1.3263e+01 -1.5857e+01 -6.1416e+00  1.5363e+01 -1.8987e+01 -7.0163e+00  2.5412e+01  1.0000e+00
 1.8479e+00 -1.1140e-01  8.2635e-01 -8.0686e+00  6.8480e+00 -1.5724e+00  1.0699e+01  1.0000e+00
-7.3595e-01  1.3613e+00  9.2749e-01 -3.0466e+00  6.5512e-01 -4.3736e+00  5.3702e+00  1.0000e+00
-5.5405e-02  2.0756e+00 -5.2448e-01 -2.6620e+00 -1.1899e+01  3.2415e+00  1.2617e+01  1.0000e+00
-3.1886e+00  2.8870e-01 -2.5617e+00 -8.6059e+00 -2.1496e+00 -5.3831e+00  1.0376e+01  1.0000e+00
-2.4489e-01  1.0528e+00  2.6665e-01 -1.6275e+01  2.6014e+00  6.6627e+00  1.7777e+01  1.0000e+00
-4.2685e-01  1.3256e+00  2.4631e-01  1.1647e+01 -3.7318e+00 -4.6624e+00  1.3089e+01  1.0000e+00
-2.0346e-02  9.2557e-01  5.0435e-01  3.7285e+00  1.1707e+00  3.0689e+00  4.9689e+00  1.0000e+00
 8.8865e-02  1.1880e+00  3.7390e-01  2.3842e+01  5.4200e+00 -3.9154e+00  2.4762e+01  1.0000e+00
-4.3481e+01  1.8050e+01  1.6575e+01 -5.4917e+01  2.2870e+01  2.1175e+01  6.3145e+01  1.0000e+00
-1.4605e-01  1.3073e+00  2.8652e-03 -5.9053e+00  1.4886e+01 -9.4430e+00  1.8592e+01  1.0000e+00
-6.3253e-01  1.7480e+00  2.1133e-01  6.9177e+00 -5.7328e+00  9.5021e+00  1.3077e+01  1.0000e+00
-1.6481e-01  1.1962e+00  3.2823e-01 -3.5864e+00  3.2611e+01  1.0160e+01  3.4345e+01  1.0000e+00
 1.5729e+01 -1.3378e+01 -5.2823e+00  1.9016e+01 -1.6021e+01 -6.0670e+00  2.5594e+01  1.0000e+00
-7.9673e-01  1.6664e+00  9.3672e-01  3.1234e+00  1.0931e+01  9.6940e-01  1.1410e+01  1.0000e+00
 1.0607e+01 -9.1692e+00  2.3543e+01  1.2853e+01 -1.1037e+01  2.9130e+01  3.3698e+01  1.0000e+00
 2.1824e+01  3.2866e+00  2.3608e+01  4.3732e+01  5.3012e+00  4.6160e+01  6.3807e+01  1.0000e+00
-4.0296e+00 -4.2342e+00 -1.9250e+01 -5.0820e+00 -4.8854e+00 -2.3171e+01  2.4220e+01  1.0000e+00
-8.3398e-01  2.6538e+00  2.0485e-01  7.6446e-02 -1.3056e+00  1.2192e+00  1.7880e+00  1.0000e+00
-6.1109e-01  1.3670e+00  4.5423e-01  6.3198e+00  3.4097e+00 -1.1209e+01  1.3312e+01  1.0000e+00
-5.6466e-01  1.1822e+00  4.8403e-01 -5.9447e+00  5.6850e+00 -1.6057e+01  1.8041e+01  1.0000e+00
-7.8698e-01  7.9903e-01  7.6082e-01 -8.5584e+00 -1.0123e+01  7.6715e+00  1.5316e+01  1.0000e+00
 1.7534e-01  3.3890e-01  2.4967e-01 -6.4930e-02 -5.0273e+00  1.4631e+01  1.5470e+01  1.0000e+00
 4.4232e-02  1.6614e+00  1.4447e-01 -4.4148e+00 -1.7526e+01 -1.7990e+00  1.8163e+01  1.0000e+00
 3.3032e-01  1.0468e+00  5.0360e-01  7.2488e+00  1.0225e+01 -4.3145e+00  1.3255e+01  1.0000e+00
-3.8659e-01  1.3182e+00  2.2746e-01 -2.0046e+01  1.4574e+01 -1.9808e+01  3.1727e+01  1.0000e+00
-3.2638e+00 -9.2228e+00  2.1014e+01 -3.9194e+00 -1.1426e+01  2.5575e+01  2.8284e+01  1.0000e+00
 2.9624e-02  1.0300e+00  9.6223e-01  3.9551e+00 -1.3221e+01  9.6979e-01  1.3834e+01  1.0000e+00
-3.0323e-01  1.9154e+00  9.4305e-01 -5.1386e+00  6.3384e+00 -3.8994e+00  9.0435e+00  1.0000e+00
-2.9052e+01  6.1798e+00 -8.0508e+00 -3.5363e+01  8.4868e+00 -9.3617e+00  3.7553e+01  1.0000e+00
-1.5191e-01  6.4374e-01  3.2092e-02  3.8180e+00  1.0085e+00 -4.4140e+00  5.9226e+00  1.0000e+00
-1.0328e+00  1.7673e+00  1.4418e+00  4.1686e-01 -1.2294e+00 -1.2089e+00  1.7738e+00  1.0000e+00
-9.5260e-02  1.2417e+00  8.3857e-02 -7.5702e+00  1.3125e+01 -1.0572e+01  1.8475e+01  1.0000e+00
-1.1608e+01 -3.7337e+01 -4.2787e+01 -1.4922e+01 -4.4681e+01 -5.2180e+01  7.0298e+01  1.0000e+00
 2.8346e+01 -2.4992e+01  7.0431e+00  3.5420e+01 -3.1138e+01  8.7286e+00  4.7962e+01  1.0000e+00
-3.0125e-01  8.6254e-01  7.7941e-01 -5.2239e+00  1.0508e+01 -4.2273e+00  1.2473e+01  1.0000e+00
-4.1867e+00  2.9203e+00  1.8231e+00 -6.9510e+00  4.1680e+00  1.2356e+00  8.1985e+00  1.0000e+00
-1.7499e-01 -2.7161e+00  6.7339e-01 -1.5731e+00 -2.4789e+01  3.4614e+00  2.5079e+01  1.0000e+00
-1.6699e+00  1.3227e+00  6.5689e-01  6.4069e+00  3.2785e-01 -2.0489e+00  6.7345e+00  1.0000e+00
 2.4631e-01  5.7798e-01  6.5102e-01  7.9056e+00 -4.1397e+00 -3.2819e+00  9.5083e+00  1.0000e+00
-1.8561e-01  1.7151e+00  2.7167e-01  4.0949e+00  5.9601e+00 -6.6025e+00  9.7921e+00  1.0000e+00
-1.5455e+01  2.4206e+01 -1.2851e+01 -1.9152e+01  3.0306e+01 -1.5828e+01  3.9189e+01  1.0000e+00
-2.6519e+00  1.7139e+00  3.9520e+00 -8.5642e-01  2.1560e+00  6.7027e+00  7.0928e+00  1.0000e+00
-2.6018e-01  1.1396e+00  2.6376e+00  3.7205e+00  1.0924e+00  1.0432e-01  3.8789e+00  1.0000e+00
-1.6016e-02  1.0016e+00  6.3471e-01 -1.4201e+01 -6.0833e+00  4.7984e+00  1.6177e+01  1.0000e+00
 7.2764e-02  1.2203e+00  3.0163e-01  8.3369e-03 -3.3899e+00 -1.0338e+01  1.0880e+01  1.0000e+00
-5.4522e-01  1.3234e+00  1.0611e-01 -1.2937e+01  7.2848e+00  9.1004e-01  1.4875e+01  1.0000e+00
 4.1825e-01  1.0659e+00  2.5124e-01  3.3377e-01  9.9601e+00 -4.8983e+00  1.1104e+01  1.0000e+00
 2.7758e-02  1.2272e+00  4.5287e-01 -7.1084e+00  9.5853e+00 -6.7028e+00  1.3687e+01  1.0000e+00
-3.1629e-01  1.9124e+00 -2.2681e-01  4.2108e+00  4.0560e+00 -7.2826e+00  9.3391e+00  1.0000e+00
-2.6765e-01  1.5779e+00 -2.0957e-02  2.9002e+00 -2.2797e+00  3.7577e+00  5.2658e+00  1.0000e+00
 1.0720e-01  1.5548e+00  5.7664e-01 -9.1584e+00  1.2545e+01 -4.2206e+00  1.6096e+01  1.0000e+00
 6.8386e+00 -1.1267e+01  2.0129e+01  7.4452e+00 -1.6342e+01  2.2251e+01  2.8594e+01  1.0000e+00
-1.1644e+00  2.2931e+00 -8.5776e-01 -4.9168e+00  4.0673e+00 -7.8819e+00  1.0141e+01  1.0000e+00
 5.5263e+01 -3.7798e+01 -7.6902e+01  6.9252e+01 -4.7253e+01 -9.5417e+01  1.2702e+02  1.0000e+00
 4.7032e-01  6.7811e+00 -1.6415e+00  1.7562e+00  1.6692e+01 -6.8389e+00  1.8124e+01  1.0000e+00
-8.0592e-01  2.4562e+00  6.0540e-01  6.3685e+00 -9.2564e+00 -9.8250e+00  1.4925e+01  1.0000e+00
 1.4000e+01 -3.8262e+00 -2.8985e+00  1.6392e+01 -3.6723e+00 -2.7498e+00  1.7022e+01  1.0000e+00
-1.6406e-01  1.3672e+00  2.9349e-02 -6.2385e-02  6.1149e+00 -6.4733e-01  6.1494e+00  1.0000e+00
-8.4897e-01  2.1099e+00  1.1766e-01 -1.6824e+01  7.4507e+00  4.3017e-01  1.8405e+01  1.0000e+00
-1.6388e-01  1.2113e+00  3.8347e-01  6.6867e+00  1.3509e+01  1.4747e+01  2.1087e+01  1.0000e+00
-9.2095e-01  1.2325e+00 -4.1170e-02 -1.0872e+00  5.9323e+00  1.9224e-01  6.0342e+00  1.0000e+00
-3.4887e-01  1.3728e+00  4.4049e-01  1.9614e+01 -7.5508e+00  1.3031e+00  2.1057e+01  1.0000e+00
-9.5471e-02  9.3737e-01  4.2642e-02 -2.6293e+00  1.3572e+01 -7.3092e+00  1.5638e+01  1.0000e+00
-1.1570e-01  1.4204e+00  4.2930e-01  1.2721e+01 -1.4075e+00  2.3774e+01  2.7000e+01  1.0000e+00
 2.2510e-01  1.5047e+00  4.8359e-01  2.2411e+01 -5.2239e-01 -4.8501e+00  2.2936e+01  1.0000e+00
 1.3668e+00 -1.0827e+01  1.9160e+01  1.7314e+00 -1.3015e+01  2.2996e+01  2.6480e+01  1.0000e+00
-3.7556e+01  2.8933e+01 -2.3968e+01 -5.8167e+01  4.4360e+01 -3.7300e+01  8.2113e+01  1.0000e+00
-1.8935e+00  1.2962e+00  8.0178e-01  9.8839e+00  2.2081e-01  3.1293e+00  1.0370e+01  1.0000e+00
-2.5286e-02  5.7501e-01  2.5569e-01 -4.5869e-01 -1.6523e+01  2.1359e+00  1.6667e+01  1.0000e+00
 1.9389e-01  1.0847e+00  9.0135e-01  4.6493e-01  8.9419e+00 -8.2211e+00  1.2156e+01  1.0000e+00
-9.2606e-01  1.0826e+00  3.3193e-01  6.7021e+00  5.4895e+00  4.6390e+00  9.8271e+00  1.0000e+00
-9.3778e-01  1.4504e+00 -8.7538e-02  8.5511e+00  1.8838e+00 -3.7231e+00  9.5148e+00  1.0000e+00
-5.9878e-01  1.0208e+00  6.6498e-01  4.4010e+00 -4.1949e+00 -1.2005e+01  1.3457e+01  1.0000e+00
-1.8405e+01  1.5525e+01 -5.1337e+00 -2.2219e+01  1.8783e+01 -6.1602e+00  2.9740e+01  1.0000e+00
 1.1219e+01 -8.8085e+00 -3.4341e+01  1.4090e+01 -1.1147e+01 -4.3154e+01  4.6745e+01  1.0000e+00
-2.6131e-01  3.0201e+00 -2.7458e-02 -3.7804e+00  5.9682e-01 -7.2228e-02  3.8279e+00  1.0000e+00
-8.2412e-01 -2.1982e+01 -1.5704e+01 -4.1481e-01 -2.7078e+01 -1.9120e+01  3.3150e+01  1.0000e+00
-8.3071e+00  7.8372e+00 -3.2404e+01 -1.0542e+01  9.9720e+00 -4.0494e+01  4.3016e+01  1.0000e+00
 3.8385e+00 -1.9169e+01  2.0769e-01  4.5210e+00 -2.3045e+01  3.5143e-01  2.3487e+01  1.0000e+00
-1.7803e+00  1.5215e+00  5.5907e-01  9.6336e+00  4.0796e+00 -1.3497e+00  1.0549e+01  1.0000e+00
-3.7425e+00 -4.8703e+00 -2.0623e+01 -4.5835e+00 -6.0603e+00 -2.4295e+01  2.5456e+01  1.0000e+00
 2.1171e+00  4.8976e+00  4.4785e+00  1.9660e+00  4.0681e+00  3.5705e+00  5.7588e+00  1.0000e+00
-2.2982e-01  1.2409e+00  2.4633e-01  1.9296e+00  8.5045e+00  9.6616e+00  1.3015e+01  1.0000e+00
 1.2886e+01  7.6674e+00  1.7767e+01  1.8111e+01  9.8782e+00  2.4575e+01  3.2086e+01  1.0000e+00
-1.1302e+00  1.8527e+00 -7.8058e-01 -1.5137e-01  2.8244e+00  2.9305e+00  4.0728e+00  1.0000e+00
 1.2865e+01 -1.5915e+01 -6.2796e+00  1.6167e+01 -1.8795e+01 -7.8082e+00  2.5992e+01  1.0000e+00
-7.7943e-01  1.6434e+00  2.0533e-01 -4.6563e+00 -1.0846e+00  1.1736e+00  4.9229e+00  1.0000e+00
-2.0075e-01  7.2350e-01  4.1299e-01 -9.2273e+00  1.9116e+00 -7.9667e+00  1.2340e+01  1.0000e+00
-2.2400e+01 -1.0065e+01 -7.0002e+00 -2.7370e+01 -1.2236e+01 -8.4384e+00  3.1146e+01  1.0000e+00
 1.1075e+01  6.1566e+00  1.1154e+01  1.2411e+01  7.5047e+00  1.3338e+01  1.9704e+01  1.0000e+00
-3.0510e-01  1.3672e+00  5.9511e-02  2.2351e+01 -1.0202e+00 -5.6695e+00  2.3081e+01  1.0000e+00
 9.0773e+00 -2.9520e+01 -2.3349e+00  1.1450e+01 -3.6759e+01 -2.9213e+00  3.8611e+01  1.0000e+00
 3.1340e+01 -9.2742e+00  2.4284e+01  8.4648e+01 -2.7146e+01  6.4804e+01  1.1001e+02  1.0000e+00
-4.3770e+01 -4.2119e+00  6.4605e+01 -5.6974e+01 -5.5829e+00  8.4052e+01  1.0170e+02  1.0000e+00
 1.7358e+01 -2.9956e+01 -2.4342e+01  2.2009e+01 -3.7700e+01 -3.0711e+01  5.3375e+01  1.0000e+00
-1.2576e-01  1.3722e+00  8.4191e-02  9.6401e-01 -7.6335e+00 -9.8270e+00  1.2481e+01  1.0000e+00
-1.8497e+00  6.2265e+00  1.4723e+00 -6.6294e-01  7.1615e+00  1.2004e+00  7.2916e+00  1.0000e+00
-2.0938e-01  6.5231e-01  1.7837e-01  5.0780e+00  5.2991e+00 -1.0992e+01  1.3217e+01  1.0000e+00
-9.4151e+00 -1.8805e+00 -6.6711e+00 -9.9498e+00 -2.5561e+00 -5.8109e+00  1.1802e+01  1.0000e+00
-9.9367e-01  9.2061e-01  9.7819e-01  1.0153e+01  6.5849e+00 -6.0261e+00  1.3519e+01  1.0000e+00
-2.2833e-01  1.2048e+00  1.4179e-01  4.5451e-01 -2.5804e+01 -7.7683e+00  2.6951e+01  1.0000e+00
-2.7009e-01 -2.1947e+01 -1.5629e+01 -9.6107e-01 -2.6665e+01 -1.9213e+01  3.2880e+01  1.0000e+00
-1.0187e+00 -1.0547e+01 -2.4593e-01 -2.3446e+00 -3.7462e+01 -2.6175e+00  3.7626e+01  1.0000e+00
 1.6094e-01  1.0718e+00  4.7973e-01 -1.8645e+01  9.5929e+00 -7.3437e+00  2.2216e+01  1.0000e+00
-2.6477e-01  1.2120e+00  9.4090e-01 -2.7998e+00 -8.5999e+00  1.2859e+01  1.5721e+01  1.0000e+00
-3.4778e-02  1.0652e+00  3.8664e-01  2.4840e+01  1.6386e+00 -1.7173e+00  2.4953e+01  1.0000e+00
-5.8463e-01  1.3386e+00  1.6523e-01 -8.0539e+00 -3.3310e+00  5.5419e+00  1.0328e+01  1.0000e+00
-4.2257e+01 -5.0770e+01  2.3762e+01 -5.1364e+01 -6.2584e+01  2.9541e+01  8.6184e+01  1.0000e+00
 1.3937e-01  1.4586e+00 -5.7567e-02  1.5002e+01  7.7257e+00 -9.5532e+00  1.9391e+01  1.0000e+00
-3.4816e+00  6.3405e+00 -2.4556e+00 -3.0865e+00  6.4667e+00 -1.5854e+00  7.3388e+00  1.0000e+00
 5.9922e-01  9.0266e-01  2.3659e-01 -1.1766e+00 -3.0075e+00 -2.3308e+00  3.9827e+00  1.0000e+00
 9.1306e-02  1.2457e+00  3.4543e-01 -1.1107e+01 -1.4069e+01  6.1685e+00  1.8957e+01  1.0000e+00
-6.6715e-01  1.5290e+00  2.6979e-03  1.7045e+01  4.0502e+00  1.8049e+00  1.7613e+01  1.0000e+00
-7.1246e-01  1.2032e+00  7.7177e-01 -6.2649e+00  9.2028e+00  2.9639e+00  1.1521e+01  1.0000e+00
-5.8479e-01  6.7836e-01  2.9067e-01  3.5193e+00 -5.2898e+00 -5.0149e+00  8.0942e+00  1.0000e+00
-1.4542e-01 -1.9245e+01  9.1558e+00 -1.7907e-01 -2.3258e+01  1.0887e+01  2.5681e+01  1.0000e+00
-2.5310e+01 -1.5084e+01 -9.2452e+00 -3.0148e+01 -1.6916e+01 -1.0067e+01  3.6006e+01  1.0000e+00
 2.1660e-02  1.8376e+00  3.2856e-01  1.2746e+01  4.7300e+00 -6.9338e+00  1.5262e+01  1.0000e+00
 4.7281e-01  1.6609e+00  8.3876e-02 -4.2615e+00  1.7379e+00  8.6060e+00  9.7593e+00  1.0000e+00
 3.2443e+01 -1.1612e+01 -1.8959e+00  4.0629e+01 -1.4488e+01 -2.2776e+00  4.3195e+01  1.0000e+00
-5.1683e-01  1.4181e+00  1.0662e+00  1.5669e+01 -5.6429e+00  4.9874e+00  1.7385e+01  1.0000e+00
 3.1651e+02 -3.9160e+02  2.5637e+02  3.8386e+02 -4.7418e+02  3.0947e+02  6.8408e+02  1.0000e+00
 1.3721e-01  1.0739e+00  5.9822e-01  1.3236e+01 -2.0419e+00 -8.5327e+00  1.5880e+01  1.0000e+00
-5.4689e-01  1.5660e+00  2.6200e-01 -3.4474e+00  3.0077e-02  1.3349e+01  1.3787e+01  1.0000e+00
-1.5359e-01  1.0849e+00  2.3225e-01 -6.5021e+00 -5.0859e+00 -1.6983e+01  1.8883e+01  1.0000e+00
 1.7673e+01  1.4247e+01  1.3958e+00  2.1230e+01  1.6994e+01  1.8645e+00  2.7258e+01  1.0000e+00
-1.4492e+01 -3.7231e+00  7.9338e+00 -1.8396e+01 -4.6358e+00  1.0746e+01  2.1803e+01  1.0000e+00
 4.3594e+00 -2.4096e+01  1.1758e+00  5.2376e+00 -2.9279e+01  1.2208e+00  2.9769e+01  1.0000e+00
 7.2749e-02  1.0259e+00  7.5337e-01 -5.6477e+00 -9.8203e+00 -1.0187e+01  1.5235e+01  1.0000e+00
 1.1304e+00  1.1075e+01 -1.7181e+01  1.2384e+00  1.3123e+01 -2.0540e+01  2.4405e+01  1.0000e+00
-4.9381e+01  1.6628e+01  1.8038e+01 -6.8463e+01  2.3092e+01  2.4963e+01  7.6444e+01  1.0000e+00
-2.6424e-01  9.6437e-01  4.4690e-01 -4.9808e+00  6.2792e+00  6.9495e+00  1.0608e+01  1.0000e+00
-5.0013e-01  1.8611e+00  6.9775e-01 -5.6102e+00 -6.8942e+00 -1.7607e+00  9.0611e+00  1.0000e+00
 1.0847e-01  8.8745e-01  5.4989e-01  2.4772e+00  1.0596e+01  6.9276e+00  1.2899e+01  1.0000e+00
-1.2291e+00  2.0748e+00  1.4291e-01 -8.0622e+00  9.2003e+00 -7.1972e+00  1.4193e+01  1.0000e+00
 2.4103e+00 -2.4956e+01  1.9839e+01  2.9595e+00 -3.1091e+01  2.4735e+01  3.9840e+01  1.0000e+00
 1.5075e+01 -2.8182e+01  1.1193e+01  2.3429e+01 -4.3986e+01  1.7151e+01  5.2705e+01  1.0000e+00
-1.5740e+00  1.3920e+01  2.3062e+00 -3.2011e+00  1.4979e+01  2.9349e+00  1.5596e+01  1.0000e+00
-6.7048e-01  1.6551e+00  3.1589e-01  7.9387e-01  1.8138e+01  1.0359e+01  2.0903e+01  1.0000e+00
-1.6530e+00  3.7656e+00  1.3471e-02 -6.1264e+00  1.2247e+01 -1.6217e-01  1.3695e+01  1.0000e+00
-2.3545e-01  1.4229e+00  1.8846e-01 -9.0522e+00  7.6258e+00  9.3732e+00  1.5098e+01  1.0000e+00
 1.2535e+01 -3.8761e+00  6.6525e+00  1.4325e+01 -3.7163e+00  7.1475e+00  1.6435e+01  1.0000e+00
 1.7305e-01  1.0712e+00  4.1796e-01 -1.1110e+01 -6.4813e+00 -2.0189e+01  2.3938e+01  1.0000e+00
-2.1733e-01  1.2852e+00  3.2918e-01  7.2112e+00 -1.3083e+01 -2.0572e+01  2.5424e+01  1.0000e+00
-9.1355e-02  1.5542e+00  3.9501e-01  5.7201e+00  4.3471e+00 -1.0817e+01  1.2985e+01  1.0000e+00
-5.2659e+00 -4.5000e+00 -2.6789e+01 -6.3580e+00 -5.4009e+00 -3.2940e+01  3.3980e+01  1.0000e+00
-1.4191e+00 -2.4308e-01  4.3592e+00  6.0859e-01  2.1848e+00 -4.3891e-01  2.3101e+00  1.0000e+00
 3.2902e+01 -6.9509e-01 -7.0515e+00  4.1161e+01 -7.3294e-01 -8.5573e+00  4.2048e+01  1.0000e+00
-1.7114e-01  1.9382e+00  2.5033e-02 -5.8247e+00  1.0695e+01 -8.3411e+00  1.4761e+01  1.0000e+00
 1.1472e+01 -1.9712e+00  3.0073e+01  1.4340e+01 -2.8522e+00  3.7645e+01  4.0385e+01  1.0000e+00
-4.9224e-01  1.4781e+00  2.0789e-01  1.1673e+01 -6.7638e+00  2.3242e+01  2.6874e+01  1.0000e+00
 1.3305e-01  2.1345e+00 -4.9669e-01  9.4627e+00  9.2508e+00  3.6366e+00  1.3724e+01  1.0000e+00
-1.2811e+01  2.1876e+00  2.0951e+01 -1.5403e+01  2.6644e+00  2.5546e+01  2.9949e+01  1.0000e+00
-2.4188e+00  9.1361e+00 -4.7029e-01 -3.5844e+00  6.3210e+00 -7.5244e-01  7.3055e+00  1.0000e+00
-3.0208e-01  9.8213e-01  3.0885e-02  9.6778e+00 -8.6057e-01 -3.7674e+00  1.0421e+01  1.0000e+00
 9.2336e-01  5.1441e+01  3.3301e+01  2.8000e-01  6.3428e+01  4.0453e+01  7.5231e+01  1.0000e+00
-6.6865e+00  5.9551e+00 -1.9567e+00 -5.1597e+00  4.7940e+00 -4.0058e-01  7.0544e+00  1.0000e+00
-5.0159e-01  3.2496e-01  1.2644e+00  6.4048e+00  3.9230e+00 -1.5790e+00  7.6749e+00  1.0000e+00
-5.3282e-01  1.2550e+00  5.3221e-01 -1.2227e+01  4.2014e+00  9.0522e-01  1.2961e+01  1.0000e+00
-3.8737e-01  1.1291e+00  3.9228e-01 -1.0440e+01 -2.7617e+00  7.3039e+00  1.3037e+01  1.0000e+00
-3.7535e-01  1.3197e+00 -2.1306e-01  3.3412e+00 -9.1650e-01 -9.2002e+00  9.8309e+00  1.0000e+00
 1.1417e-01  1.2610e+00  3.8890e-01 -7.3287e+00  1.7108e+01  1.6235e+00  1.8682e+01  1.0000e+00
-3.0593e+00  5.4582e-01  4.6886e+00  6.8424e-01  1.7842e+00  2.9996e-01  1.9343e+00  1.0000e+00
 1.6004e-01  8.6740e-01  6.6787e-01  3.0063e+00 -9.0298e+00  8.1791e+00  1.2549e+01  1.0000e+00
-1.8799e+01  1.5730e+01  5.3068e+00 -2.6869e+01  2.2437e+01  7.1502e+00  3.5728e+01  1.0000e+00
 1.7121e+00 -2.7379e+00  1.1452e+00  1.8151e+01 -3.1598e+01  6.3543e+00  3.6991e+01  1.0000e+00
-1.5372e-01  1.2532e+00  3.5217e-01 -4.2975e+00  1.6704e+01 -5.5675e+00  1.8124e+01  1.0000e+00
 1.0870e-01  1.4518e+00  3.4530e-01 -4.4356e+00 -8.5906e+00  6.9373e+00  1.1900e+01  1.0000e+00
-3.0391e-02  1.2799e+00  5.0200e-01 -6.0743e+00  1.2393e+01  1.2246e+01  1.8452e+01  1.0000e+00
 1.0745e+01 -1.7971e+01 -9.0452e+00  1.3098e+01 -2.1394e+01 -1.0969e+01  2.7378e+01  1.0000e+00
-5.8540e-01  2.1290e+00 -2.4108e-01 -2.2858e+00 -1.7137e+00 -5.0902e-01  2.9019e+00  1.0000e+00
 1.4174e+01  3.9830e+00 -3.1377e+01  1.7752e+01  5.2282e+00 -3.7976e+01  4.2245e+01  1.0000e+00
-2.2087e+00  1.1919e+01 -7.2934e+00 -2.4495e+00  1.2985e+01 -7.1206e+00  1.5010e+01  1.0000e+00
-2.8308e+01 -9.8729e+00  6.7185e+00 -3.5405e+01 -1.2078e+01  8.3624e+00  3.8332e+01  1.0000e+00
 3.5599e+01 -3.4202e+00 -1.4551e+01  4.4982e+01 -4.2837e+00 -1.8242e+01  4.8729e+01  1.0000e+00
 1.3835e+01 -7.6531e+01  4.7493e+01  1.7616e+01 -9.7711e+01  6.0738e+01  1.1639e+02  1.0000e+00
-5.2335e-01  1.1358e+00  5.6844e-01 -3.5418e+00  3.8153e-01  3.2656e+00  4.8326e+00  1.0000e+00
-2.7733e-01  1.2219e+00  4.0203e-01  6.2197e+00  1.5218e+01  1.1512e+01  2.0070e+01  1.0000e+00
-3.2360e-02  1.4588e+00  3.6308e-01  1.5604e+01  5.5039e+00  2.8913e+00  1.6797e+01  1.0000e+00
-1.2177e+00  3.1732e-01  6.1900e-01  4.4434e-01  1.6804e+00  2.8659e-01  1.7617e+00  1.0000e+00
-1.7093e+01 -8.2935e+00 -8.7424e+00 -2.0728e+01 -9.4650e+00 -1.0571e+01  2.5119e+01  1.0000e+00
-8.4652e-01  1.3269e+00  3.9243e-01 -5.4230e-02  4.9127e+00  1.6451e+00  5.1811e+00  1.0000e+00
-1.5168e-01  1.1165e+00 -2.5673e-01  1.2288e+01  1.4929e+01  7.4923e+00  2.0737e+01  1.0000e+00
 3.3316e-01  1.2995e+00  8.1404e-01  4.1021e-01  7.7025e+00 -1.5311e+00  7.8639e+00  1.0000e+00
 1.7956e-01  1.3325e+00  1.2314e-01 -1.3376e+01  9.4402e+00  2.6812e+00  1.6590e+01  1.0000e+00
 3.3829e+00 -2.8422e+00 -3.9575e+00  1.8404e+00  4.1216e-01 -2.0358e+00  2.7752e+00  1.0000e+00
-3.2439e-01  1.1570e+00  3.5938e-01 -2.3209e+01  5.2783e+00 -6.9225e-01  2.3811e+01  1.0000e+00
-6.5728e-01  9.6793e-01  2.1601e-01 -1.1040e+01  4.0603e+00 -1.4367e+00  1.1851e+01  1.0000e+00
 1.1624e+01 -1.4149e+01 -1.7100e+01  1.4093e+01 -1.7624e+01 -2.0546e+01  3.0518e+01  1.0000e+00
 8.7681e+00  4.2929e+00 -4.5914e+00  2.2103e+01  8.7270e+00 -1.0202e+01  2.5861e+01  1.0000e+00
 1.5850e-01  1.1656e+00  3.7939e-01  9.2810e+00 -2.0843e+00  1.1022e+01  1.4559e+01  1.0000e+00
 4.6127e-02  9.3971e-01  5.0381e-01  2.9373e+00 -1.3435e+01  3.9058e+00  1.4297e+01  1.0000e+00
-1.0300e-01  6.1577e-01 -1.6632e-01  9.0988e+00  5.4285e+00 -1.3585e+01  1.7228e+01  1.0000e+00
 1.6322e+01 -7.9693e+00 -1.0730e+01  3.0658e+01 -1.5834e+01 -2.0151e+01  3.9959e+01  1.0000e+00
-4.4347e-01  1.1099e+00  6.1788e-01 -1.4465e+01  7.1544e+00 -8.0193e+00  1.8020e+01  1.0000e+00
 4.5531e-01  9.9505e-01  6.0015e-01 -1.6011e+01  3.2973e+00 -2.8290e+00  1.6590e+01  1.0000e+00
-4.1098e+01  9.8985e+00  2.0246e+01 -6.0119e+01  1.4431e+01  2.9674e+01  6.8580e+01  1.0000e+00
-2.0638e-01  1.1459e+00  2.5366e-01  8.4711e+00  1.1658e+01  9.1460e+00  1.7068e+01  1.0000e+00
 1.5248e+01  1.1016e+01 -1.1598e+00  1.7542e+01  1.3221e+01 -9.3469e-01  2.1986e+01  1.0000e+00
 1.7174e-01  1.2140e+00  1.8137e-02 -1.0434e+01  4.2710e+00 -4.5458e+00  1.2157e+01  1.0000e+00
-4.4254e-01  9.6789e-01  1.8550e-01 -2.7306e+00 -5.8089e+00 -4.6048e+00  7.8996e+00  1.0000e+00
-2.0313e-01  1.2697e+00  3.3890e-01  1.4434e+01  9.3134e+00  1.5819e+01  2.3352e+01  1.0000e+00
 3.0292e+00  1.3664e+01 -7.1456e-01  3.7463e+00  1.4314e+01 -1.3352e+00  1.4856e+01  1.0000e+00
-3.1431e+02  3.9026e+02 -2.6123e+02 -3.7964e+02  4.7214e+02 -3.1702e+02  6.8377e+02  1.0000e+00
-1.0139e+00  1.2135e+00 -1.2403e-01 -3.5579e-01  3.1600e-01 -5.0136e+00  5.0361e+00  1.0000e+00
-1.0244e+00  2.9330e+00  3.5152e-01  1.2680e+00  7.6500e+00  3.0047e+00  8.3162e+00  1.0000e+00
-1.0707e+00  3.8715e+00 -9.9354e-03 -2.1164e-01 -1.4024e-01  9.2671e-01  9.6086e-01  1.0000e+00
-1.2043e-02  1.2411e+00  6.3927e-01  1.2094e+01 -2.3103e+00  1.6003e+01  2.0192e+01  1.0000e+00
-3.3622e-01  9.2743e-01  4.6381e-01 -1.4982e+01  7.7342e+00  2.2683e+01  2.8264e+01  1.0000e+00
 1.1091e+01 -1.6288e+01 -1.5554e+01  1.2505e+01 -1.9481e+01 -2.0737e+01  3.1079e+01  1.0000e+00
 8.9014e-01  5.3967e-01  7.2846e-01 -1.5192e+01  8.4086e+00 -8.7807e-02  1.7364e+01  1.0000e+00
 6.9495e-02  1.3255e+00  2.3253e-01  5.4474e+00  3.3094e+00 -3.0389e+01  3.1050e+01  1.0000e+00
-2.9209e-01  1.0593e+00  6.0339e-01 -1.0814e+01 -1.5859e+01 -2.2200e+00  1.9323e+01  1.0000e+00
-2.4492e+01  1.5792e+00  2.1028e+01 -3.0530e+01  2.2611e+00  2.6404e+01  4.0427e+01  1.0000e+00
-3.8886e-01  1.0837e+00  5.1722e-01 -5.7052e+00 -5.0513e+00 -1.0535e+01  1.3002e+01  1.0000e+00
-1.6596e-02  1.3360e+00  3.2847e-01 -6.5898e+00 -1.0482e+01 -4.2279e+00  1.3083e+01  1.0000e+00
-1.6584e+01  1.5155e+01 -2.6750e+01 -2.0720e+01  1.9136e+01 -3.3459e+01  4.3761e+01  1.0000e+00
 2.8052e+01 -1.9116e+01  7.7681e+00  3.5079e+01 -2.3791e+01  9.7780e+00  4.3499e+01  1.0000e+00
 1.4716e+01 -9.0375e+00  1.6599e+01  1.7663e+01 -1.0850e+01  2.0301e+01  2.9014e+01  1.0000e+00
 6.2023e-01  1.1617e+00  6.4304e-01 -1.1057e+01  1.2893e+00  1.0988e+01  1.5642e+01  1.0000e+00
-3.9265e-01  1.0020e+00  5.4450e-01 -9.6608e+00  2.6234e+00  2.1591e+00  1.0241e+01  1.0000e+00
-2.2309e-01  1.4020e+00  9.8060e-01  4.1379e-01  3.6230e+00 -7.8986e+00  8.6997e+00  1.0000e+00
-1.0521e+01  1.4404e+00  3.3223e+00 -1.0102e+01  9.4678e-01  2.7926e+00  1.0524e+01  1.0000e+00
-5.4874e-01  1.4526e+00  4.0225e-01 -1.7872e+01 -1.0082e+00  1.2821e+00  1.7946e+01  1.0000e+00
 1.8767e-02  1.2198e+00  5.5760e-01  8.2432e-01 -8.6301e+00 -2.8318e+00  9.1201e+00  1.0000e+00
-2.4364e-02  1.3231e+00  2.1836e-02 -4.1878e+00 -2.0663e-01  4.4857e+00  6.1402e+00  1.0000e+00
-5.1996e-01  1.5419e+00  6.3297e-01 -7.7924e+00  7.1666e+00  6.9708e+00  1.2676e+01  1.0000e+00
-1.0408e+01  1.0555e+01 -8.6920e+00 -1.1727e+01  1.2991e+01 -9.7440e+00  2.0031e+01  1.0000e+00
 2.4509e-01  1.1322e+00  5.5619e-01 -8.6483e+00  2.3545e+01  4.5606e+00  2.5495e+01  1.0000e+00
-8.3970e+00  5.3164e+00 -2.0429e+01 -1.0222e+01  6.4195e+00 -2.4561e+01  2.7367e+01  1.0000e+00
-3.3834e+00  1.2188e+01  4.7348e+00 -5.2574e+00  1.2475e+01  3.8859e+00  1.4084e+01  1.0000e+00
-2.6629e+01 -5.7548e+00 -7.2144e+00 -3.3311e+01 -6.8884e+00 -8.3816e+00  3.5033e+01  1.0000e+00
-4.9984e-01  1.2335e+00  4.1137e-01  5.0174e+00 -1.9867e+01  1.6891e+01  2.6555e+01  1.0000e+00
-1.5203e-01  9.9288e-02 -2.8718e+00 -3.7677e-01  2.4272e+00  3.7621e+00  4.4930e+00  1.0000e+00
-2.4474e-01  9.5414e-01  6.1993e-01 -1.3228e+00  3.9725e+00 -1.1409e+01  1.2153e+01  1.0000e+00
 1.7939e+00  1.3140e+00 -1.0547e+00  8.4615e+00  7.8183e-01  2.9253e-02  8.4976e+00  1.0000e+00
-1.7010e-01  3.4315e-01  4.9957e-01  4.6119e+00  2.3915e+00  8.7068e+00  1.0139e+01  1.0000e+00
-6.8206e-01  1.2422e+00  2.5886e-01  2.7650e+00  1.9564e-01  2.1597e+00  3.5140e+00  1.0000e+00
 3.5009e-01  2.8308e+00  1.6420e+00  1.5788e+00  6.4175e+00  3.6740e+00  7.5614e+00  1.0000e+00
 2.3946e+00 -4.1414e-01 -9.6743e-01 -4.6757e+00  4.8972e+00 -2.9269e+00  7.3764e+00  1.0000e+00
 2.1201e+00  6.8034e+00 -2.0813e+00  3.6639e+00  1.0177e+01 -4.5266e+00  1.1725e+01  1.0000e+00
 9.3375e-03  1.8030e+00  3.9112e-01 -3.6605e+00  2.2425e+01  4.9694e-01  2.2727e+01  1.0000e+00
-3.4122e+01  3.7199e+01 -2.2598e+01 -4.1903e+01  4.4166e+01 -2.6617e+01  6.6446e+01  1.0000e+00
-2.8953e-01  1.3797e+00 -4.6688e-01 -1.5825e+00  5.4134e+00  3.3622e+00  6.5661e+00  1.0000e+00
-6.2566e-01  5.8144e-01  6.5544e-01  7.4203e+00 -1.6177e+01  2.3981e+00  1.7958e+01  1.0000e+00
-1.0723e+01 -5.0986e+00 -1.0415e+01 -1.9609e+01 -1.0634e+01 -1.9969e+01  2.9939e+01  1.0000e+00
-1.4009e-01  1.2244e+00  4.1218e-01 -1.3699e+01  4.2632e+00  1.6915e+01  2.2180e+01  1.0000e+00
-5.6980e-01 -1.8363e+01 -1.0158e+01 -5.9406e-01 -2.1804e+01 -1.2441e+01  2.5111e+01  1.0000e+00
 2.8365e-01  1.0677e+00  3.0113e-01  6.8548e+00  5.3862e+00  1.3295e+01  1.5898e+01  1.0000e+00
 1.1170e+01 -1.6229e+01 -1.5523e+01  1.4850e+01 -1.9921e+01 -1.7069e+01  3.0145e+01  1.0000e+00
-3.4903e-01  1.4204e+00  6.4887e-01 -1.9274e+01  3.6706e+00  9.0327e+00  2.1600e+01  1.0000e+00
-3.3851e+01  8.8013e+00 -1.7717e+01 -9.1001e+01  2.1561e+01 -4.8375e+01  1.0529e+02  1.0000e+00
 1.4871e+00  1.1196e+01  4.4033e+00  2.3979e+00  1.1247e+01  3.7496e+00  1.2096e+01  1.0000e+00
 5.5850e+00 -1.1267e+01  1.7834e+01  7.0027e+00 -1.3441e+01  2.1646e+01  2.6425e+01  1.0000e+00
-9.6175e-02  1.2237e+00  3.9885e-01  7.4023e+00  7.0762e+00 -7.2263e-01  1.0266e+01  1.0000e+00
-2.1701e+01  1.2410e+01 -4.9562e+00 -4.2321e+01  2.3340e+01 -9.9110e+00  4.9336e+01  1.0000e+00
-2.4952e-01  1.3847e+00  3.8414e-01  6.6375e+00 -1.4858e+01 -2.7675e+00  1.6507e+01  1.0000e+00
 1.7301e-01  1.8337e+00  1.1149e+00  3.0609e+00  2.7111e-01  3.4128e-01  3.0918e+00  1.0000e+00
-1.3187e+01 -4.4593e+00  7.8228e+00 -1.4945e+01 -5.1151e+00  8.4348e+00  1.7907e+01  1.0000e+00
-3.1652e-01  1.4718e+00  4.8380e-01  2.1930e+00  1.6239e+01 -5.0369e+00  1.7143e+01  1.0000e+00
-2.7101e+00  6.9671e+00  1.0751e+00 -9.2392e+00  2.0630e+01  2.8437e+00  2.2783e+01  1.0000e+00
 2.1307e+01 -2.7286e+01 -2.1807e+00  2.6830e+01 -3.4055e+01 -2.7900e+00  4.3444e+01  1.0000e+00
-1.0736e+00  3.0032e+00  8.3266e-01  1.0713e+00 -2.0179e+00  1.2313e+00  2.5953e+00  1.0000e+00
 8.9741e-01 -2.2389e+00  1.5261e+00 -6.5442e-01 -2.6834e+00  2.1331e+00  3.4898e+00  1.0000e+00
-4.1313e-01  8.4772e-01  7.7166e-01  1.2130e+01  1.3905e+00  6.2612e+00  1.3722e+01  1.0000e+00
 9.2590e-01  6.2418e-01  6.9627e-01  5.8632e+00  5.6560e+00  4.6974e+00  9.4039e+00  1.0000e+00
-1.4579e+00  2.2379e+00 -1.8248e+00 -4.2960e+00  4.1209e+00 -1.0111e+01  1.1733e+01  1.0000e+00
-2.8329e-01  9.7175e-01  7.6620e-01 -1.9405e+01  2.9491e+00  4.2534e+00  2.0084e+01  1.0000e+00
-1.6373e+00  1.3620e+00 -5.9120e-01  5.7848e+00  4.7957e+00  8.0363e-01  7.5570e+00  1.0000e+00
-6.3566e+00 -1.9644e+00 -1.2228e+00 -5.0931e+00 -4.7057e-01 -3.9638e-01  5.1301e+00  1.0000e+00
-4.0889e-01  1.1902e+00  5.3920e-01 -7.5590e+00 -6.3022e+00 -1.5707e+00  9.9661e+00  1.0000e+00
-1.8859e-01  1.1183e+00  5.0315e-01 -1.4557e+00 -1.4894e+01  2.3063e+00  1.5141e+01  1.0000e+00
 8.9652e-02  1.0828e+00  5.8481e-01 -6.8287e+00  2.7392e+00 -4.1227e+00  8.4339e+00  1.0000e+00
-3.2677e-02  1.2332e+00  4.5035e-01 -5.2067e+00  1.8485e+01  2.0600e+01  2.8163e+01  1.0000e+00
-3.9682e-01  9.7526e-01  4.9191e-01 -5.0648e+00 -4.5804e+00  1.4391e+01  1.5929e+01  1.0000e+00
 5.1535e-01  2.2453e+00  1.2992e+00  1.3346e+00 -2.0094e+00 -2.8530e+00  3.7361e+00  1.0000e+00
 5.4555e+00 -1.2268e+01 -3.2985e+00  2.1736e+01 -5.0409e+01 -1.3245e+01  5.6470e+01  1.0000e+00
 7.1053e-01  1.0592e+00  5.3564e-01 -1.2988e+01  6.3025e+00 -4.1899e+00  1.5032e+01  1.0000e+00
-4.5564e+01  3.6793e+01  1.7145e+01 -8.1274e+01  6.5132e+01  3.0714e+01  1.0859e+02  1.0000e+00
-1.2556e+00  1.6761e+00  9.5108e-01  1.1344e+00 -1.4137e+00  6.6444e+00  6.8872e+00  1.0000e+00
-2.1286e-01  6.9075e-01 -4.6091e-01  3.0182e+00  8.8287e-01  4.7802e-01  3.1808e+00  1.0000e+00
-1.5017e+02  4.9467e+00  1.3492e+02 -2.4181e+02  7.3671e+00  2.1773e+02  3.2547e+02  1.0000e+00
-3.8996e-01  1.5379e+00  1.2632e-01  4.3866e+00  1.3962e+00 -1.1435e+01  1.2327e+01  1.0000e+00
-1.2464e+00  9.4527e-01 -3.0224e-01  4.6188e+00  2.2394e+00  7.2223e+00  8.8606e+00  1.0000e+00
-8.8844e-02  1.0049e+00  6.0769e-01 -1.3257e+01  1.1067e+01  3.4130e+00  1.7603e+01  1.0000e+00
-3.9517e+00  5.8228e+00  1.5093e+01 -4.2298e+00  5.9458e+00  1.5845e+01  1.7444e+01  1.0000e+00
 5.9594e+00  2.7105e+00  1.6590e+00  1.6809e+00  2.4455e+00  1.3820e+00  3.2735e+00  1.0000e+00
 1.1523e+01 -6.7532e+00 -9.8401e+00  1.3152e+01 -8.0248e+00 -1.1040e+01  1.8954e+01  1.0000e+00
-1.7166e-01  1.3501e+00  2.1422e-02  4.5894e+00 -6.5027e+00 -1.8308e+01  1.9963e+01  1.0000e+00
 1.6901e+01 -1.7165e+01 -2.5345e+01  2.1287e+01 -2.1436e+01 -3.1486e+01  4.3635e+01  1.0000e+00
-3.2975e-01  1.5002e+00  5.9743e-01 -1.1799e+00  1.2585e+01  7.0639e+00  1.4480e+01  1.0000e+00
-2.7312e-01  1.3352e+00  4.4591e-01  2.9461e+00 -4.2799e+00  1.1845e+01  1.2935e+01  1.0000e+00
 3.2723e-01  1.1442e+00  8.8781e-01  6.2517e+00  1.0298e+01  5.3866e+00  1.3197e+01  1.0000e+00
-1.2446e+01 -1.9880e+01 -1.8725e+01 -2.4932e+01 -4.1543e+01 -3.8304e+01  6.1762e+01  1.0000e+00
-7.5386e-01  1.4855e+00 -2.7020e-01  3.4538e+00 -6.9839e+00  7.6373e+00  1.0910e+01  1.0000e+00
 4.7381e-01  1.7352e+00 -2.5899e-01  5.6348e+00  7.6878e+00  1.6558e+00  9.6745e+00  1.0000e+00
 5.0415e-01  9.6688e-01  1.1897e-01  1.2808e+00  5.5064e+00  8.5763e-02  5.6541e+00  1.0000e+00
-2.6887e-01  1.0849e+00  6.6330e-02 -1.0840e+00  1.8150e+01  1.6284e+01  2.4409e+01  1.0000e+00
 3.4188e-01  6.1058e-01  1.0011e+00  7.8373e+00  2.0741e-01 -3.0874e-01  7.8462e+00  1.0000e+00
-1.3030e+00  2.6472e+00  2.4166e+00  1.4646e+00  6.0250e-01 -3.4927e+00  3.8350e+00  1.0000e+00
-4.1323e+00  6.4032e+00  1.8042e+01 -4.4354e+00  7.7890e+00  2.1049e+01  2.2878e+01  1.0000e+00
-5.8812e-01  1.4278e+00 -1.0695e+00 -5.7199e+00 -5.9041e+00  3.1386e+00  8.7992e+00  1.0000e+00
 2.1162e-01  5.9105e-01 -1.5531e-01  8.0065e-01  7.3008e-01  4.6711e+00  4.7952e+00  1.0000e+00
-5.5028e-01  1.3875e+00  4.1310e-02  1.9677e+00 -9.8208e-01 -3.9829e-01  2.2349e+00  1.0000e+00
-1.2744e+00  1.1101e+00  9.6768e-02  5.9966e+00  7.1057e+00  7.5128e+00  1.1954e+01  1.0000e+00
 1.2780e+01 -3.2170e+01  5.7161e+01  1.5600e+01 -3.9382e+01  7.0865e+01  8.2560e+01  1.0000e+00
 2.4550e+01  4.6735e+00  2.3180e+01  3.0629e+01  5.7757e+00  2.9121e+01  4.2656e+01  1.0000e+00
-3.2566e+00  1.1455e+00 -1.2436e+00 -9.2057e-01 -1.2429e+00 -4.2563e+00  4.5287e+00  1.0000e+00
 1.5702e-01  9.3928e-01  1.2023e+00 -7.8337e+00  2.2655e+00 -1.4819e+00  8.2883e+00  1.0000e+00
-1.0548e-01  8.5202e-01  9.3725e-01  1.1032e+00  1.6783e+01  6.1039e+00  1.7892e+01  1.0000e+00
-6.4739e+00  4.2796e+00  2.5619e+01 -7.9737e+00  5.5272e+00  3.1519e+01  3.2979e+01  1.0000e+00
-1.6815e+01 -2.9829e+00 -1.5923e+01 -2.0291e+01 -2.4857e+00 -1.8749e+01  2.7739e+01  1.0000e+00
-2.5257e+00  1.0426e+00  1.4809e+00 -9.8742e+00 -2.1074e+00  4.1379e+00  1.0912e+01  1.0000e+00
-9.2372e+00 -1.5951e+01 -1.2144e+00 -1.2010e+01 -2.1851e+01 -1.2764e+00  2.4967e+01  1.0000e+00
 1.5008e-01  1.7353e+00  2.9989e-01  4.7682e+00  2.5855e+01 -1.9858e+00  2.6366e+01  1.0000e+00
-1.3764e-01  1.2427e+00  4.8064e-01  6.7359e+00 -2.0475e+00  9.1528e+00  1.1547e+01  1.0000e+00
-2.0567e+00 -2.3210e-01  1.8217e-01  4.2970e+00  6.9949e+00  1.5918e+00  8.3622e+00  1.0000e+00
-1.5354e-01  1.3233e+00  1.3905e-01 -4.1961e+00 -9.2173e+00  2.6977e+00  1.0481e+01  1.0000e+00
 4.4292e-02  1.4054e+00  1.0641e+00 -2.8112e+00  2.5058e+00  1.1253e+01  1.1866e+01  1.0000e+00
-8.7810e+00  2.7769e+01 -3.5648e+00 -1.0764e+01  3.4329e+01 -4.3255e+00  3.6236e+01  1.0000e+00
 3.9245e+00  2.1612e+00  4.8043e+00  3.8063e-01  3.8240e+00  3.5055e+00  5.2016e+00  1.0000e+00
-1.5556e+01 -1.6747e-01 -4.0554e+00 -1.7536e+01  4.1536e-01 -4.6983e+00  1.8159e+01  1.0000e+00
 1.8990e+00  1.9988e+00 -2.8463e+00  1.5470e+00  1.0953e+00  1.4350e+00  2.3774e+00  1.0000e+00
-1.2478e+01 -4.6700e+00  8.6267e+00 -1.4103e+01 -4.3961e+00  9.5822e+00  1.7608e+01  1.0000e+00
-9.8801e-02  6.6612e-01  5.3837e-02 -5.8606e+00  1.4257e+00 -2.4189e+00  6.4984e+00  1.0000e+00
 3.2610e+01  1.1829e+01  2.7151e+00  4.0657e+01  1.4935e+01  3.3247e+00  4.3441e+01  1.0000e+00
 1.1691e+01  1.6203e+01  2.2489e+00  1.4037e+01  1.9086e+01  3.0683e+00  2.3890e+01  1.0000e+00
-2.5426e+01 -1.5210e+01 -9.3120e+00 -3.3309e+01 -2.0303e+01 -1.2953e+01  4.1103e+01  1.0000e+00
 2.2345e+00  2.9996e+00 -1.5282e+00  5.9049e+00  9.5589e-01 -6.5263e+00  8.8529e+00  1.0000e+00
-2.4938e+01 -5.5979e-01 -6.5395e+00 -3.0670e+01 -4.6180e-01 -8.0954e+00  3.1724e+01  1.0000e+00
-7.8521e-01  1.4285e+00  4.0814e-01  4.7283e+00 -3.7344e+00 -4.0127e+00  7.2391e+00  1.0000e+00
 6.1443e-02  1.4375e+00  8.9906e-01 -2.2371e+00  9.9769e+00  7.5795e+00  1.2728e+01  1.0000e+00
-4.9970e+00  2.0145e+01 -7.7420e+00 -5.5268e+00  2.4621e+01 -9.3762e+00  2.6919e+01  1.0000e+00
 3.1904e+01  2.6072e+01 -2.0014e+01  4.7176e+01  3.8172e+01 -2.9449e+01  6.7453e+01  1.0000e+00
 1.9242e-01  1.6180e+00 -1.0313e-01 -1.0164e+01 -6.9620e+00 -4.4642e+00  1.3103e+01  1.0000e+00
-2.7477e-01  1.5536e+00 -5.4981e-01  4.1421e+00  3.1852e+00  1.9735e+01  2.0415e+01  1.0000e+00
-1.4376e-01  1.6839e+00  8.1750e-03 -2.6222e+00  1.2657e+01  7.8785e+00  1.5137e+01  1.0000e+00
 4.1777e+00 -3.0244e+00  5.3519e-01  2.0225e+00  4.1922e-01  4.0529e+00  4.5489e+00  1.0000e+00
 2.7446e+00 -1.4023e+00  7.8187e-01  1.9243e+00  2.2926e+00 -4.0643e-01  3.0206e+00  1.0000e+00
-7.9534e-02  1.1686e+00  1.5929e-01 -1.0574e+01 -1.2304e+01  1.8384e+01  2.4519e+01  1.0000e+00
-1.9517e+01 -9.8432e+00 -3.4323e+01 -2.4806e+01 -1.2599e+01 -4.3845e+01  5.1927e+01  1.0000e+00
-3.4766e+01 -1.1532e+01 -1.1727e+00 -4.3718e+01 -1.4204e+01 -1.5539e+00  4.5994e+01  1.0000e+00
 3.8432e+00 -2.7261e+00 -4.3216e+00  3.5499e+00 -3.4736e-01 -1.1114e+00  3.7360e+00  1.0000e+00
 3.5100e+01  6.1088e+00 -3.6734e+00  4.3921e+01  7.9137e+00 -4.6950e+00  4.4874e+01  1.0000e+00
 1.5343e-01  1.5307e+00  5.5593e-01 -6.4848e+00  3.1779e+00 -7.5903e+00  1.0477e+01  1.0000e+00
-6.3628e-01  1.2374e+00  2.3702e-01 -7.6563e+00 -1.8540e+00  3.8446e+00  8.7657e+00  1.0000e+00
 2.0723e-01  1.1707e+00  1.6048e-01  1.2034e+01 -1.0670e+00  8.8157e-01  1.2113e+01  1.0000e+00
-4.2006e+00  1.9592e+00 -1.0029e-01 -1.0594e+01  2.8691e+00  3.7226e-01  1.0982e+01  1.0000e+00
-2.8011e-02  1.6113e+00  4.8306e-01 -4.7033e+00 -1.4308e+00  7.7807e+00  9.2037e+00  1.0000e+00
-3.8636e-01  1.1350e+00  6.4182e-01 -8.6123e+00  5.3703e+00  9.9004e+00  1.4179e+01  1.0000e+00
-5.2932e-01  1.5783e+00  4.0151e-01  1.7531e+01  6.2466e+00 -5.0632e-01  1.8618e+01  1.0000e+00
-1.3814e+01  1.1753e+01 -2.1406e+00 -1.5979e+01  1.3488e+01 -2.1992e+00  2.1026e+01  1.0000e+00
-6.8024e-01  1.2464e+00  9.7981e-02 -1.9558e+01  2.1171e+00  1.8791e-01  1.9673e+01  1.0000e+00
-1.3848e+01 -4.1460e+00 -1.9609e-01 -1.5018e+01 -4.4779e+00 -4.2616e-01  1.5677e+01  1.0000e+00
-9.3784e-01  1.5477e+00 -1.5795e-01 -2.1459e+00  4.7562e+00  6.5309e+00  8.3594e+00  1.0000e+00
 1.1834e+00  2.0277e+00 -2.1925e-01  1.9339e+01  1.2831e+01 -8.3779e+00  2.4674e+01  1.0000e+00
-3.8877e-01  9.1176e-01  8.6178e-01 -2.4977e+00  5.9075e+00 -1.6839e+01  1.8019e+01  1.0000e+00
-7.4952e-01  2.3039e+00 -3.9409e-01 -1.6206e+00 -4.6052e-01  8.9916e+00  9.1481e+00  1.0000e+00
 1.1210e+01 -2.7598e+01 -1.3314e+01  1.4016e+01 -3.4251e+01 -1.6564e+01  4.0546e+01  1.0000e+00
-2.5161e+01 -4.4379e+00  2.2657e+01 -3.1502e+01 -5.2638e+00  2.8347e+01  4.2705e+01  1.0000e+00
-7.0667e-01  1.6067e+00  4.5050e-01 -5.4123e+00  7.2446e+00 -5.1318e+00  1.0398e+01  1.0000e+00
-2.6821e+00 -6.8377e-01 -3.5615e+00 -5.2001e-01  2.3804e+00  1.5306e+00  2.8774e+00  1.0000e+00
-1.0074e+00  2.4678e+00  4.0591e-01  2.8332e+00  1.2396e-01  5.7391e-01  2.8934e+00  1.0000e+00
-1.7198e-01  1.5157e+00  3.9431e-01  3.6932e+00 -1.4414e+01  7.7274e+00  1.6767e+01  1.0000e+00
-2.1308e+00 -2.2342e+01 -1.5800e+01 -1.8889e+00 -2.7785e+01 -1.9855e+01  3.4202e+01  1.0000e+00
-3.3003e+00  5.7132e+00 -3.9503e+00 -2.0573e+00  3.7356e+00 -8.9073e-01  4.3566e+00  1.0000e+00
 3.5546e-01  1.3721e+00  7.1998e-01 -5.3039e+00  3.2762e-01 -1.6222e+01  1.7070e+01  1.0000e+00
 1.2541e-01  7.5792e-01  5.5789e-01 -4.5580e+00  1.5540e+00 -1.1103e+01  1.2102e+01  1.0000e+00
 8.6975e-04  1.3638e+00  2.6306e-01  2.8131e+01  2.5095e+00 -1.1100e+01  3.0346e+01  1.0000e+00
-4.6733e+00  2.0357e+01 -8.4475e+00 -5.8515e+00  2.4017e+01 -9.4581e+00  2.6467e+01  1.0000e+00
-1.7353e-01  1.7593e+00  9.0912e-01  4.2282e+00 -4.4524e+00 -3.7854e+00  7.2132e+00  1.0000e+00
 8.8838e-01  3.9328e+00  2.4794e+01  1.8356e+00  5.0952e+00  2.8239e+01  2.8754e+01  1.0000e+00
 3.2407e-01  5.0026e+00 -2.9929e+00  3.4604e-01  4.4792e+00 -3.3715e+00  5.6169e+00  1.0000e+00
-2.8915e-01  1.2418e+00 -2.8764e-01  9.0169e-02  9.3003e+00 -4.3621e+00  1.0273e+01  1.0000e+00
 4.1226e-03  7.2969e-01  5.3235e-01  1.9830e+00 -1.4861e+01  3.6177e+00  1.5423e+01  1.0000e+00
-1.9270e-01  1.3024e+00 -1.0016e-01 -9.4385e+00  2.4349e+00 -6.0027e+00  1.1448e+01  1.0000e+00
 7.6488e+00  1.5659e+01  8.3292e+00  9.1332e+00  1.8516e+01  9.5874e+00  2.2763e+01  1.0000e+00
-4.8684e-01  1.7463e+00  3.5387e-01 -8.4926e+00  5.8698e+00  7.7266e+00  1.2895e+01  1.0000e+00
 7.5606e-01  5.5305e-01  7.7669e-01 -7.8794e+00  1.2101e+01 -5.5195e+00  1.5459e+01  1.0000e+00
-9.8223e-02  1.3336e+00  2.8188e-01 -1.5609e+01  1.3172e+01  1.2878e+01  2.4145e+01  1.0000e+00
-7.9695e-02  1.1432e+00  4.8995e-01  9.1108e+00 -5.2789e+00  1.5511e+01  1.8747e+01  1.0000e+00
-6.4857e-02  7.9301e-01 -8.7219e-02  9.5843e+00  1.3403e+00 -4.9704e+00  1.0879e+01  1.0000e+00
 1.0603e-01  1.0225e+00  4.6037e-01 -8.7905e+00  8.9714e+00  4.7480e+00  1.3428e+01  1.0000e+00
 1.2004e+01 -8.7282e+00 -1.4158e+00  1.3388e+01 -9.5092e+00 -1.3283e+00  1.6475e+01  1.0000e+00
 2.4126e-01  1.1315e+00  4.6879e-01 -9.1345e+00 -1.3987e+01 -6.5023e+00  1.7926e+01  1.0000e+00
 2.1924e+01 -4.1687e+01  2.6682e+01  2.5218e+01 -5.0322e+01  3.2422e+01  6.4957e+01  1.0000e+00
-3.4448e-01  3.1584e+00 -1.2785e+00 -2.8224e-01 -9.5970e-01 -8.0063e+00  8.0685e+00  1.0000e+00
 2.2830e+00 -1.1701e+01 -3.3476e+01  2.7451e+00 -1.4567e+01 -4.1842e+01  4.4390e+01  1.0000e+00
-9.1074e+00 -1.3115e+01 -2.2571e+01 -1.1671e+01 -1.6143e+01 -2.7875e+01  3.4261e+01  1.0000e+00
-1.5653e+00 -2.3962e+01  2.5888e+00 -1.7266e+00 -2.9358e+01  3.1570e+00  2.9578e+01  1.0000e+00
-3.3567e+01 -1.6907e+01 -8.7581e+00 -4.2368e+01 -2.1080e+01 -1.0979e+01  4.8579e+01  1.0000e+00
-8.7366e-03  1.0698e+00  7.3143e-04  1.3236e+01  7.7120e+00  4.8995e+00  1.6083e+01  1.0000e+00
-2.6796e+01 -6.5850e+00 -5.0429e+00 -3.3276e+01 -8.1196e+00 -6.2764e+00  3.4822e+01  1.0000e+00
 4.7237e-02  9.2906e-01  1.2455e+00 -2.4143e+00  4.7192e+00 -1.2980e+01  1.4021e+01  1.0000e+00
-3.5853e-01  9.7895e-01  9.1064e-01 -2.8562e-01  6.2673e+00  2.0613e+00  6.6037e+00  1.0000e+00
-4.1732e+00  2.3358e-01 -1.3238e+01 -4.8737e+00  7.9849e-01 -1.6207e+01  1.6943e+01  1.0000e+00
-9.3326e-01  1.5719e+00 -9.9209e-02 -1.4499e+01  1.6843e+00  6.1888e+00  1.5854e+01  1.0000e+00
-1.5593e-01  1.2193e+00  2.2438e-01  4.9945e+00  1.4861e+00 -2.0237e+00  5.5901e+00  1.0000e+00
