# limit = 28.3489
#
# x           y           z           vx          vy          vz          s           m
 4.6784e-01  2.6290e+00 -1.2038e+00  3.4516e+00  2.2489e+00 -1.0301e+01  1.1094e+01  1.0000e+00
 5.3643e-01  1.3576e+00  5.2463e-02 -3.1974e+00 -9.3316e-01 -9.3117e+00  9.8895e+00  1.0000e+00
 2.7893e+01  1.3458e+00  5.4596e+00  3.3937e+01  2.1128e+00  6.6306e+00  3.4643e+01  1.0000e+00
 3.6934e-01  1.0277e+00  7.9161e-01 -1.0883e+00  6.6531e+00  6.6084e+00  9.4402e+00  1.0000e+00
-2.3702e+01  8.9136e+00  1.4173e+01 -2.9210e+01  1.0822e+01  1.7233e+01  3.5599e+01  1.0000e+00
 1.0363e+01 -3.1557e+00  2.9354e+01  1.2998e+01 -3.5300e+00  3.6151e+01  3.8579e+01  1.0000e+00
 1.4530e+00 -2.3849e+01 -1.6453e+01  1.3567e+00 -2.9175e+01 -1.9933e+01  3.5360e+01  1.0000e+00
 2.7371e-02  1.0045e+00  6.9761e-01 -1.6793e+01  7.1950e+00 -7.6627e+00  1.9811e+01  1.0000e+00
-3.7393e+01  2.7296e+01  8.4740e+01 -4.5547e+01  3.3390e+01  1.0464e+02  1.1890e+02  1.0000e+00
 6.4535e+01 -3.4650e+01  1.6906e+00  1.1448e+02 -6.2004e+01  3.0410e+00  1.3022e+02  1.0000e+00
 2.8306e+00  4.4683e+00  2.6267e+00 -1.2815e+00  1.1719e+00 -2.1999e-01  1.7504e+00  1.0000e+00
-1.2646e-01  1.6181e+00  2.0796e-01 -3.7369e+00  1.0569e+01 -7.5022e+00  1.3489e+01  1.0000e+00
-5.7241e-01  3.3961e+00  1.0471e+00  3.1871e+00 -5.3061e+00  1.8053e+00  6.4476e+00  1.0000e+00
 6.3120e+00  1.9973e+00 -6.9754e-01  3.7207e+00  2.6490e+00  6.7176e-01  4.6166e+00  1.0000e+00
 1.8727e+00 -1.2560e+00  3.7998e-01 -8.5638e-01  2.2380e+00 -1.1476e+00  2.6569e+00  1.0000e+00
-9.1679e+00 -1.6317e+00 -6.8995e+00 -9.3479e+00 -7.9972e-01 -6.9759e+00  1.1691e+01  1.0000e+00
 1.7096e+01 -1.7888e+01 -2.0523e+01  2.0973e+01 -2.2023e+01 -2.5433e+01  3.9645e+01  1.0000e+00
-1.5755e-01  1.5265e+00  3.7968e-01  8.0824e-02  2.6856e+01 -2.4437e+00  2.6967e+01  1.0000e+00
-2.4442e-01  1.2343e+00  1.0648e-01 -2.2978e+00 -6.3447e+00  8.2690e+00  1.0673e+01  1.0000e+00
 5.9435e+01  4.8179e+01 -2.0823e+01  7.3441e+01  5.8889e+01 -2.5204e+01  9.7451e+01  1.0000e+00
-5.1657e-01  1.0770e+00  7.2298e-01  9.9157e+00  9.3535e+00  5.3853e+00  1.4656e+01  1.0000e+00
-2.4840e-02  2.5648e+00  3.8506e-01  4.0726e+00 -2.5039e+00  1.7264e+00  5.0830e+00  1.0000e+00
-5.0842e+00 -6.4065e+00  9.8435e+00 -8.0642e+00 -1.1489e+01  1.5676e+01  2.1042e+01  1.0000e+00
-1.2828e+01  2.4346e+01 -2.4538e+01 -1.5906e+01  3.0453e+01 -3.0429e+01  4.5894e+01  1.0000e+00
-9.1239e-01  2.7439e+01 -1.2132e+01 -1.2372e+00  3.3684e+01 -1.4804e+01  3.6814e+01  1.0000e+00
-6.6398e+00  3.9452e+00 -9.8684e+00 -7.7998e+00  5.3059e+00 -9.7806e+00  1.3589e+01  1.0000e+00
 8.6125e+00 -2.1446e+01  4.0583e+00  9.9987e+00 -2.6168e+01  4.7430e+00  2.8412e+01  1.0000e+00
 5.8304e+01 -1.5270e+01 -5.6251e+01  7.5256e+01 -1.9839e+01 -7.2627e+01  1.0645e+02  1.0000e+00
 1.6847e+00 -3.3583e+01 -4.4294e+01  2.1730e+00 -4.2132e+01 -5.5564e+01  6.9766e+01  1.0000e+00
-1.1403e-01  1.3271e+00  2.6034e-01  1.5246e+01  1.2301e+01 -1.2378e+01  2.3173e+01  1.0000e+00
-5.2423e-01  1.3361e+00  5.9160e-01 -2.6627e+00 -9.4971e+00  2.7194e+00  1.0231e+01  1.0000e+00
-1.6576e-01  1.3753e+00  2.3530e-01 -1.4935e+01 -1.1129e+01  9.8092e+00  2.1051e+01  1.0000e+00
-3.0347e-01  1.3135e+00 -4.4724e-02  1.6394e+01 -5.5729e+00  6.9771e+00  1.8668e+01  1.0000e+00
 1.7980e-01  1.0035e+00  4.4211e-01 -4.1288e-01 -1.2461e+01 -1.2359e+00  1.2529e+01  1.0000e+00
-3.8780e-01  1.6578e+00  3.0853e-01  7.3628e-01 -1.1545e+00 -1.6075e+01  1.6134e+01  1.0000e+00
 1.2020e-01  1.8111e+00  9.5243e-01  7.4088e+00  5.6856e+00 -1.1322e+00  9.4073e+00  1.0000e+00
-4.0810e-01  8.9448e-01  7.3188e-01 -2.4460e+01 -5.5365e+00  1.3694e+01  2.8574e+01  1.0000e+00
-2.3049e+01  4.4152e+01 -5.5416e+01 -2.8528e+01  5.4672e+01 -6.7946e+01  9.1758e+01  1.0000e+00
-3.0453e-01  7.8736e-01  1.1003e+00 -6.2717e+00 -2.8994e+00 -1.2246e+01  1.4060e+01  1.0000e+00
 1.6424e+01 -3.6120e+00  1.3838e+01  1.9382e+01 -4.0693e+00  1.6430e+01  2.5733e+01  1.0000e+00
 8.4677e+00  7.9584e+00  1.2778e+00  7.8670e+00  7.8435e+00  2.0341e+00  1.1294e+01  1.0000e+00
 2.7794e+00  1.1645e+00 -9.3132e-01 -4.1460e+00  1.1413e+00 -2.5974e-01  4.3081e+00  1.0000e+00
-1.9017e-01  8.8359e-01  2.0285e-01  1.2745e+01  9.7479e+00 -4.5325e+00  1.6673e+01  1.0000e+00
 3.3974e+00 -9.8102e+00  3.1980e+01  4.3056e+00 -1.1976e+01  3.9527e+01  4.1525e+01  1.0000e+00
 3.1045e+01  1.4972e+01  2.4756e+00  3.8707e+01  1.8520e+01  3.1354e+00  4.3024e+01  1.0000e+00
 2.2439e+00 -1.9664e+01  3.2961e+00  3.2375e+00 -2.3485e+01  4.1486e+00  2.4068e+01  1.0000e+00
-8.5170e-01  1.4434e+00  3.7101e-01  9.3854e+00 -8.3351e+00  5.2377e+00  1.3601e+01  1.0000e+00
 2.1340e+00  6.2681e-02  6.3027e-01 -5.6657e+00  8.5147e+00  2.9113e+00  1.0634e+01  1.0000e+00
 1.3142e+01 -5.0874e+00  6.0432e+00  1.4191e+01 -5.4066e+00  7.0054e+00  1.6724e+01  1.0000e+00
-6.0559e-01  1.7674e+00  4.5039e-01 -9.5861e-01  1.1022e+00 -3.8544e+00  4.1219e+00  1.0000e+00
 4.2819e-01  1.1296e+00  7.9256e-02  1.6073e+01  5.2112e-01 -3.8843e+00  1.6544e+01  1.0000e+00
-1.5275e-01  1.4623e+00  3.7820e-01  2.3271e-02 -7.3133e+00 -1.0794e+01  1.3038e+01  1.0000e+00
-3.7158e+00 -5.8108e+00  5.9752e+00 -3.0129e+00 -4.4612e+00  5.1165e+00  7.4269e+00  1.0000e+00
 3.8214e-01  4.5823e-01 -6.9198e-01  7.6369e+00 -4.9780e+00 -1.3208e+01  1.6048e+01  1.0000e+00
 4.3018e-01  6.0290e+00  6.0447e+00  2.1719e+00  1.3077e+01  1.4046e+01  1.9313e+01  1.0000e+00
-2.5287e-01  9.0551e-01  4.9154e-01  3.9857e+00 -1.1532e+01  1.2300e+01  1.7326e+01  1.0000e+00
-2.3201e-01  1.3114e+00  1.8694e-01  5.6434e+00  4.9272e-01 -1.3912e+00  5.8332e+00  1.0000e+00
 1.0210e-01  7.7936e-01  6.0577e-01  6.6538e+00 -1.1320e+01  1.4893e+01  1.9855e+01  1.0000e+00
-9.3771e-02  1.4315e+00  4.4788e-01 -9.9024e+00  2.8394e-01  1.4619e+01  1.7660e+01  1.0000e+00
 7.5968e+00 -4.2548e+00  2.2757e+01  8.9750e+00 -5.3932e+00  2.7610e+01  2.9529e+01  1.0000e+00
-6.1805e-01  1.3334e+00  7.6844e-01 -5.7473e+00  2.3319e-01 -2.2793e+00  6.1872e+00  1.0000e+00
-4.6956e+00 -8.2455e+00  3.7243e+00 -7.0713e+00 -1.4175e+01  5.6927e+00  1.6833e+01  1.0000e+00
 1.4264e+01  1.4328e+00 -6.8587e+00  1.7898e+01  1.9628e+00 -8.5178e+00  1.9919e+01  1.0000e+00
-8.4567e-02  8.9635e-01  9.2458e-01 -3.6976e+00  9.2185e+00 -5.1783e+00  1.1201e+01  1.0000e+00
-7.5339e-02  4.1226e+00  5.4790e-01  2.3983e+00  5.1528e+00  1.1157e+00  5.7921e+00  1.0000e+00
 3.0690e-01  9.2316e-01  4.9273e-01  1.3033e+01  3.2195e+00 -7.3573e+00  1.5309e+01  1.0000e+00
-2.0016e-01  1.1544e+00 -1.1335e-01  5.2516e+00 -3.0943e-01 -6.2616e-01  5.2978e+00  1.0000e+00
-2.0105e-01  1.3338e+00  2.0351e-01  1.4215e+01  1.2361e+01 -2.1292e+01  2.8429e+01  1.0000e+00
-1.3716e-01  1.5918e+00  6.3599e-01  2.3169e+00  4.4154e+00 -4.3309e+00  6.6046e+00  1.0000e+00
-9.8855e-02  9.7300e-01  4.8127e-01 -1.8416e+00 -2.0667e+01  7.9396e+00  2.2216e+01  1.0000e+00
 2.7488e+01  2.9767e+00  4.9865e+00  3.3807e+01  3.3226e+00  6.0622e+00  3.4506e+01  1.0000e+00
-2.9530e-01  1.1557e+00  4.1703e-01 -4.2270e+00  8.6280e+00 -1.0174e+01  1.3994e+01  1.0000e+00
 7.9344e-01  1.0278e+00  7.5148e-01  5.3210e+00  8.3396e+00 -3.1234e+00  1.0374e+01  1.0000e+00
-2.1510e-01  9.4260e-01 -7.0110e-01  2.0928e+00  2.1317e+00 -5.9105e+00  6.6225e+00  1.0000e+00
-1.8059e-01  7.9233e-01  2.6395e-01 -3.6191e-01  3.1285e+00  4.4106e-01  3.1801e+00  1.0000e+00
-5.6394e-01  1.3367e+00  4.8059e-01  7.0841e+00  7.8282e-01  1.9837e+00  7.3981e+00  1.0000e+00
-3.7793e-01  1.2494e+00  4.3250e-01 -1.0233e+01  8.6923e+00 -9.3588e+00  1.6366e+01  1.0000e+00
-4.3916e-01  1.5166e+00  1.0756e+00 -9.7127e-02  4.7640e+00 -4.0867e+00  6.2775e+00  1.0000e+00
 3.3209e+01 -1.5828e+01 -3.8116e+00  4.1415e+01 -1.9453e+01 -4.6717e+00  4.5994e+01  1.0000e+00
-1.9292e+01 -1.1680e+01 -7.3762e+00 -2.3424e+01 -1.3784e+01 -8.7241e+00  2.8544e+01  1.0000e+00
-1.6213e-01  1.3346e+00  4.6890e-01 -4.1198e+00  2.9483e+01  5.2505e+00  3.0229e+01  1.0000e+00
 2.1672e+01  4.9864e+00  1.4014e+01  3.2072e+01  6.9192e+00  2.0558e+01  3.8719e+01  1.0000e+00
 3.7133e-01  8.8957e-01  1.2572e+00 -1.0414e+00  6.8668e-01  6.2265e+00  6.3502e+00  1.0000e+00
 6.1453e+00  5.6530e+00  7.9981e+00  5.4180e+00  5.9316e+00  7.4616e+00  1.0964e+01  1.0000e+00
 1.7224e-01  1.3513e+00  3.0786e-01 -1.4776e+01 -4.7253e+00 -3.6925e+00  1.5947e+01  1.0000e+00
-2.9048e-01  5.4065e-01  2.9802e-01 -7.9931e+00 -1.6654e+01 -3.3755e+00  1.8778e+01  1.0000e+00
 1.4316e+00  1.1050e+00  5.5155e-01  7.4033e+00  5.6505e-01  5.4632e+00  9.2182e+00  1.0000e+00
-1.0482e+00  2.2175e+00  2.6361e-01 -7.4329e+00  1.0101e+01  1.5571e+00  1.2638e+01  1.0000e+00
 1.3887e+02  3.5010e+01 -1.3474e+02  2.2218e+02  5.5313e+01 -2.1506e+02  3.1413e+02  1.0000e+00
-2.0686e-01  7.2904e-01  5.1947e-01  7.1099e+00 -1.0512e+01  3.5702e+00  1.3184e+01  1.0000e+00
-8.2923e-01  2.1750e+00  5.3231e-01 -1.1251e+01  1.7974e+01  6.7896e+00  2.2266e+01  1.0000e+00
-9.8259e-02  2.1885e+00  3.1179e-01 -7.2022e+00  1.6557e+00  1.0627e+01  1.2944e+01  1.0000e+00
 9.6680e-01  1.2051e+00  8.9969e-01  9.6212e+00  1.2693e+00  1.1923e+01  1.5373e+01  1.0000e+00
 4.8115e-03  1.7947e+00  6.6009e-01 -6.5650e+00  1.3702e+01 -3.9504e+00  1.5698e+01  1.0000e+00
 5.3208e+00 -1.8207e+00 -4.4764e-01  4.6469e+00 -1.1170e+00  6.1306e-03  4.7793e+00  1.0000e+00
-2.5066e-01  1.0371e+00  3.9404e-01 -1.6354e+01 -7.3202e+00  3.3399e+00  1.8227e+01  1.0000e+00
 8.3862e+00  1.7410e+01  3.0451e+01  1.7305e+01  3.3994e+01  6.1214e+01  7.2126e+01  1.0000e+00
-1.0665e+01 -1.5563e+01 -1.7509e+01 -1.2955e+01 -1.8761e+01 -2.1179e+01  3.1119e+01  1.0000e+00
 2.3281e+00 -4.7877e+00 -2.0584e+01  2.6718e+00 -5.4012e+00 -2.3164e+01  2.3935e+01  1.0000e+00
 1.9107e+00  4.3187e+00 -1.6355e+00  1.3882e+00 -1.1499e+00  2.7233e+00  3.2658e+00  1.0000e+00
-7.6476e-01  1.5126e+00  1.0164e-01 -1.2933e+01  5.6113e+00  4.5914e+00  1.4826e+01  1.0000e+00
-3.6271e-01  1.3605e+00  5.7088e-01 -4.4526e+00 -2.6120e-01  1.3295e+01  1.4023e+01  1.0000e+00
-3.5714e+00  1.5346e+00 -7.0739e-01 -3.6572e+00  2.8546e+00  1.7044e+00  4.9425e+00  1.0000e+00
 3.7412e-01  1.1980e+00 -5.2088e-02  2.6549e+00 -6.8252e+00 -2.7341e-01  7.3285e+00  1.0000e+00
 2.7125e+01  1.0505e+01 -7.0251e-01  3.3227e+01  1.3175e+01 -8.8007e-01  3.5755e+01  1.0000e+00
-4.7013e-01  1.2048e+00  4.2218e-01 -2.0976e+00 -6.0074e+00  7.1957e+00  9.6056e+00  1.0000e+00
 2.0158e+01  1.1889e+00  2.2603e+01  2.4710e+01  1.5766e+00  2.7694e+01  3.7149e+01  1.0000e+00
-9.4478e-01  2.0320e+00 -3.7666e-01 -6.4717e+00  1.1432e+01 -8.8573e+00  1.5844e+01  1.0000e+00
 7.4500e-02  1.8779e+00  1.2742e-02  9.9809e+00 -7.4383e+00 -4.3449e+00  1.3184e+01  1.0000e+00
-3.3083e+01  7.0686e+00  7.5693e+00 -4.1061e+01  8.9816e+00  9.4563e+00  4.3083e+01  1.0000e+00
-7.8663e-01  1.9900e+00  1.5606e-01 -1.9156e+00 -6.1069e+00  7.7770e+00  1.0072e+01  1.0000e+00
 6.9428e+00 -1.1312e+01  2.0305e+01  7.9321e+00 -1.0907e+01  2.6274e+01  2.9533e+01  1.0000e+00
 7.4314e+00 -7.7835e+00  1.6220e+01  8.5368e+00 -9.1421e+00  1.9102e+01  2.2833e+01  1.0000e+00
 1.3356e+01 -1.5972e+01 -6.1843e+00  1.5329e+01 -1.8988e+01 -7.0265e+00  2.5395e+01  1.0000e+00
 1.7982e+00 -6.9237e-02  8.1656e-01 -8.2788e+00  7.0202e+00 -1.6457e+00  1.0979e+01  1.0000e+00
-7.5018e-01  1.3643e+00  8.9617e-01 -1.6144e+00  2.8741e-01 -5.9606e+00  6.1821e+00  1.0000e+00
-7.1914e-02  2.0014e+00 -5.0230e-01 -2.7872e+00 -1.2528e+01  4.0699e+00  1.3464e+01  1.0000e+00
-3.2408e+00  2.7571e-01 -2.5942e+00 -8.5361e+00 -2.1237e+00 -5.3133e+00  1.0277e+01  1.0000e+00
-3.3850e-01  1.0788e+00  3.1296e-01 -1.4497e+01  5.6820e+00  8.5473e+00  1.7762e+01  1.0000e+00
-3.4577e-01  1.3027e+00  2.1772e-01  1.4784e+01 -3.8694e+00 -4.0250e+00  1.5803e+01  1.0000e+00
 4.6335e-03  9.4127e-01  5.2207e-01  4.1904e+00  3.8892e+00  2.7351e+00  6.3377e+00  1.0000e+00
 2.2311e-01  1.2223e+00  3.5271e-01  2.0280e+01  5.3722e+00 -2.9421e+00  2.1185e+01  1.0000e+00
-4.3815e+01  1.8189e+01  1.6704e+01 -5.4916e+01  2.2869e+01  2.1174e+01  6.3144e+01  1.0000e+00
-2.3485e-01  1.3337e+00 -2.6477e-02 -1.7249e+01 -1.2171e+00 -1.9647e+00  1.7403e+01  1.0000e+00
-5.8717e-01  1.7068e+00  2.7215e-01  8.0120e+00 -7.7896e+00  1.0541e+01  1.5362e+01  1.0000e+00
-1.8540e-01  1.4106e+00  3.8864e-01 -2.9711e+00  3.4875e+01  7.7299e+00  3.5844e+01  1.0000e+00
 1.5845e+01 -1.3476e+01 -5.3192e+00  1.9012e+01 -1.6019e+01 -6.0661e+00  2.5590e+01  1.0000e+00
-7.7494e-01  1.7306e+00  9.3956e-01  4.0312e+00  1.0185e+01 -3.4646e-02  1.0953e+01  1.0000e+00
 1.0685e+01 -9.2365e+00  2.3720e+01  1.2851e+01 -1.1035e+01  2.9126e+01  3.3694e+01  1.0000e+00
 2.2090e+01  3.3189e+00  2.3889e+01  4.3730e+01  5.3008e+00  4.6158e+01  6.3804e+01  1.0000e+00
-4.0605e+00 -4.2640e+00 -1.9391e+01 -5.0806e+00 -4.8851e+00 -2.3169e+01  2.4217e+01  1.0000e+00
-8.3289e-01  2.6437e+00  2.1263e-01  2.8110e-01 -2.0028e+00  1.3423e+00  2.4274e+00  1.0000e+00
-5.6322e-01  1.3815e+00  3.8756e-01  9.0086e+00  1.8018e+00 -1.0726e+01  1.4123e+01  1.0000e+00
-5.8835e-01  1.2204e+00  3.8636e-01 -2.0313e+00  6.7568e+00 -1.5912e+01  1.7406e+01  1.0000e+00
-8.3518e-01  7.4054e-01  8.0526e-01 -7.3342e+00 -9.1256e+00  6.9630e+00  1.3622e+01  1.0000e+00
 1.7330e-01  3.1262e-01  3.3929e-01 -6.0296e-01 -3.6201e+00  1.4827e+01  1.5274e+01  1.0000e+00
 1.2853e-02  1.5480e+00  1.3777e-01 -5.9609e+00 -1.9824e+01 -3.3408e-01  2.0704e+01  1.0000e+00
 3.6380e-01  1.1110e+00  4.7603e-01  3.8173e+00  1.0716e+01 -4.7672e+00  1.2334e+01  1.0000e+00
-5.0381e-01  1.4032e+00  1.1787e-01 -1.8444e+01  1.3472e+01 -1.7013e+01  2.8480e+01  1.0000e+00
-3.2876e+00 -9.2923e+00  2.1169e+01 -3.9183e+00 -1.1424e+01  2.5571e+01  2.8280e+01  1.0000e+00
 5.1587e-02  9.5086e-01  9.6142e-01  3.1588e+00 -1.2742e+01 -1.1686e+00  1.3179e+01  1.0000e+00
-3.3391e-01  1.9502e+00  9.1621e-01 -4.9552e+00  5.0894e+00 -4.9196e+00  8.6405e+00  1.0000e+00
-2.9267e+01  6.2314e+00 -8.1078e+00 -3.5361e+01  8.4862e+00 -9.3609e+00  3.7551e+01  1.0000e+00
-1.2431e-01  6.6023e-01  1.4705e-02  4.6230e+00  4.9836e+00 -4.3260e-01  6.8114e+00  1.0000e+00
-1.0291e+00  1.7590e+00  1.4326e+00  8.2753e-01 -1.4835e+00 -1.8196e+00  2.4892e+00  1.0000e+00
-1.4470e-01  1.3297e+00  2.9265e-02 -5.4669e+00  1.6942e+01 -7.4192e+00  1.9286e+01  1.0000e+00
-1.1698e+01 -3.7609e+01 -4.3104e+01 -1.4922e+01 -4.4679e+01 -5.2179e+01  7.0296e+01  1.0000e+00
 2.8561e+01 -2.5181e+01  7.0961e+00  3.5419e+01 -3.1137e+01  8.7283e+00  4.7960e+01  1.0000e+00
-3.3485e-01  9.3418e-01  7.4710e-01 -6.2738e+00  1.2845e+01 -6.3851e+00  1.5656e+01  1.0000e+00
-4.2287e+00  2.9455e+00  1.8305e+00 -6.8688e+00  4.1350e+00  1.2033e+00  8.1072e+00  1.0000e+00
-1.8454e-01 -2.8665e+00  6.9442e-01 -1.5683e+00 -2.4678e+01  3.4547e+00  2.4967e+01  1.0000e+00
-1.6290e+00  1.3249e+00  6.4398e-01  7.0351e+00  4.0706e-01 -2.1936e+00  7.3804e+00  1.0000e+00
 2.9142e-01  5.5805e-01  6.2947e-01  6.9299e+00 -2.4516e+00 -3.7789e+00  8.2652e+00  1.0000e+00
-1.6059e-01  1.7423e+00  2.3307e-01  4.1034e+00  3.0077e+00 -6.0986e+00  7.9421e+00  1.0000e+00
-1.5572e+01  2.4390e+01 -1.2948e+01 -1.9151e+01  3.0303e+01 -1.5827e+01  3.9186e+01  1.0000e+00
-2.6569e+00  1.7270e+00  3.9925e+00 -8.0256e-01  2.1448e+00  6.6212e+00  7.0061e+00  1.0000e+00
-2.3753e-01  1.1463e+00  2.6372e+00  3.7263e+00  1.1113e+00 -2.3075e-01  3.8953e+00  1.0000e+00
-1.0444e-01  9.7073e-01  6.5518e-01 -1.4704e+01 -3.9760e+00  2.0330e+00  1.5368e+01  1.0000e+00
 6.4973e-02  1.2025e+00  2.4937e-01 -2.6176e+00 -2.5281e+00 -7.2762e+00  8.1355e+00  1.0000e+00
-6.1853e-01  1.3683e+00  1.1870e-01 -1.0981e+01  7.2714e+00  3.1244e+00  1.3536e+01  1.0000e+00
 4.1237e-01  1.1281e+00  2.2357e-01 -2.2375e+00  1.0448e+01 -4.2295e+00  1.1492e+01  1.0000e+00
-2.7430e-02  1.2844e+00  4.0857e-01 -1.1246e+01  9.1370e+00 -7.8782e+00  1.6493e+01  1.0000e+00
-2.9035e-01  1.9338e+00 -2.6784e-01  4.3201e+00  3.0024e+00 -6.2164e+00  8.1438e+00  1.0000e+00
-2.4899e-01  1.5576e+00  8.8067e-03  3.2020e+00 -4.4376e+00  6.0419e+00  8.1517e+00  1.0000e+00
 4.8654e-02  1.6226e+00  5.4489e-01 -1.0342e+01  9.7425e+00 -6.0874e+00  1.5457e+01  1.0000e+00
 6.8872e+00 -1.1364e+01  2.0265e+01  8.3785e+00 -1.5768e+01  2.2679e+01  2.8865e+01  1.0000e+00
-1.1935e+00  2.3169e+00 -9.0458e-01 -4.6597e+00  3.7820e+00 -7.5193e+00  9.6206e+00  1.0000e+00
 5.5685e+01 -3.8085e+01 -7.7483e+01  6.9252e+01 -4.7253e+01 -9.5417e+01  1.2702e+02  1.0000e+00
 4.8098e-01  6.8824e+00 -1.6830e+00  1.7502e+00  1.6638e+01 -6.8204e+00  1.8067e+01  1.0000e+00
-7.6642e-01  2.3975e+00  5.4473e-01  6.6197e+00 -1.0064e+01 -1.0126e+01  1.5737e+01  1.0000e+00
 1.4100e+01 -3.8485e+00 -2.9152e+00  1.6384e+01 -3.6696e+00 -2.7479e+00  1.7013e+01  1.0000e+00
-1.6552e-01  1.3838e+00  3.0171e-02 -6.5522e-01 -7.9569e-01  1.6347e+00  1.9326e+00  1.0000e+00
-9.4910e-01  2.1520e+00  1.2134e-01 -1.6143e+01  6.4759e+00  7.8887e-01  1.7411e+01  1.0000e+00
-1.3036e-01  1.2954e+00  4.8311e-01  2.6788e+00  1.4529e+01  1.7102e+01  2.2600e+01  1.0000e+00
-9.2354e-01  1.2698e+00 -3.7795e-02  2.7085e-01  6.3118e+00  9.4445e-01  6.3878e+00  1.0000e+00
-2.1854e-01  1.3147e+00  4.4924e-01  2.2621e+01 -1.2663e+01  2.8234e+00  2.6078e+01  1.0000e+00
-1.1345e-01  1.0262e+00  4.9992e-03 -3.3430e+00  1.5603e+01 -4.9834e+00  1.6717e+01  1.0000e+00
-4.3425e-02  1.4024e+00  5.6319e-01  1.0895e+01 -4.7724e+00  2.0245e+01  2.3481e+01  1.0000e+00
 3.5309e-01  1.4967e+00  4.5267e-01  1.9786e+01 -2.0703e+00 -5.2782e+00  2.0583e+01  1.0000e+00
 1.3774e+00 -1.0906e+01  1.9299e+01  1.7318e+00 -1.3012e+01  2.2992e+01  2.6475e+01  1.0000e+00
-3.7909e+01  2.9202e+01 -2.4194e+01 -5.8166e+01  4.4360e+01 -3.7300e+01  8.2113e+01  1.0000e+00
-1.8315e+00  1.2977e+00  8.2011e-01  1.0509e+01  2.7197e-01  2.8948e+00  1.0903e+01  1.0000e+00
-2.9794e-02  4.8099e-01  2.6992e-01 -9.7122e-01 -1.4460e+01  2.5348e+00  1.4713e+01  1.0000e+00
 1.9320e-01  1.1395e+00  8.4486e-01 -7.2052e-01  9.0675e+00 -1.0355e+01  1.3783e+01  1.0000e+00
-8.7898e-01  1.1185e+00  3.6026e-01  8.8324e+00  6.3158e+00  4.6633e+00  1.1817e+01  1.0000e+00
-8.8190e-01  1.4628e+00 -1.0768e-01  9.7686e+00  2.1050e+00 -2.8150e+00  1.0382e+01  1.0000e+00
-5.5979e-01  1.0018e+00  5.9109e-01  8.1268e+00 -2.0281e+00 -1.2639e+01  1.5163e+01  1.0000e+00
-1.8540e+01  1.5639e+01 -5.1712e+00 -2.2216e+01  1.8781e+01 -6.1592e+00  2.9735e+01  1.0000e+00
 1.1305e+01 -8.8763e+00 -3.4603e+01  1.4089e+01 -1.1146e+01 -4.3152e+01  4.6742e+01  1.0000e+00
-2.8439e-01  3.0222e+00 -2.7534e-02 -3.8091e+00  8.0055e-02  4.7914e-02  3.8102e+00  1.0000e+00
-8.2660e-01 -2.2146e+01 -1.5820e+01 -3.9793e-01 -2.7075e+01 -1.9116e+01  3.3146e+01  1.0000e+00
-8.3712e+00  7.8979e+00 -3.2650e+01 -1.0542e+01  9.9714e+00 -4.0492e+01  4.3013e+01  1.0000e+00
 3.8660e+00 -1.9309e+01  2.0983e-01  4.5200e+00 -2.3040e+01  3.5184e-01  2.3482e+01  1.0000e+00
-1.7196e+00  1.5457e+00  5.5078e-01  1.0317e+01  3.8935e+00 -1.3796e+00  1.1114e+01  1.0000e+00
-3.7704e+00 -4.9072e+00 -2.0770e+01 -4.5832e+00 -6.0581e+00 -2.4288e+01  2.5449e+01  1.0000e+00
 2.1290e+00  4.9222e+00  4.5001e+00  1.9448e+00  4.0354e+00  3.5316e+00  5.7043e+00  1.0000e+00
-2.0732e-01  1.2966e+00  3.1881e-01  5.5708e+00  1.0005e+01  1.3435e+01  1.7653e+01  1.0000e+00
 1.2996e+01  7.7275e+00  1.7916e+01  1.8109e+01  9.8765e+00  2.4571e+01  3.2081e+01  1.0000e+00
-1.1300e+00  1.8693e+00 -7.6115e-01  2.3395e-01  2.6300e+00  3.4602e+00  4.3526e+00  1.0000e+00
 1.2964e+01 -1.6030e+01 -6.3271e+00  1.6196e+01 -1.8787e+01 -7.7959e+00  2.6000e+01  1.0000e+00
-8.0175e-01  1.6330e+00  2.1429e-01 -2.7132e+00 -2.3326e+00  1.7533e+00  3.9845e+00  1.0000e+00
-2.5591e-01  7.4408e-01  3.6476e-01 -8.8008e+00  4.8097e+00 -7.8221e+00  1.2719e+01  1.0000e+00
-2.2567e+01 -1.0139e+01 -7.0516e+00 -2.7367e+01 -1.2235e+01 -8.4375e+00  3.1142e+01  1.0000e+00
 1.1150e+01  6.2023e+00  1.1235e+01  1.2405e+01  7.5021e+00  1.3333e+01  1.9696e+01  1.0000e+00
-1.6103e-01  1.3563e+00  3.2716e-02  2.5547e+01 -2.0248e+00 -3.5702e+00  2.5874e+01  1.0000e+00
 9.1468e+00 -2.9743e+01 -2.3526e+00  1.1449e+01 -3.6756e+01 -2.9211e+00  3.8609e+01  1.0000e+00
 3.1855e+01 -9.4393e+00  2.4678e+01  8.4646e+01 -2.7146e+01  6.4804e+01  1.1001e+02  1.0000e+00
-4.4117e+01 -4.2458e+00  6.5115e+01 -5.6974e+01 -5.5829e+00  8.4052e+01  1.0170e+02  1.0000e+00
 1.7492e+01 -3.0186e+01 -2.4529e+01  2.2009e+01 -3.7699e+01 -3.0709e+01  5.3373e+01  1.0000e+00
-1.2991e-01  1.3170e+00  2.9006e-02 -5.5331e+00 -1.0591e+01 -8.0059e+00  1.4383e+01  1.0000e+00
-1.8537e+00  6.2698e+00  1.4795e+00 -6.4445e-01  7.0994e+00  1.1827e+00  7.2260e+00  1.0000e+00
-1.7707e-01  6.9152e-01  1.1404e-01  5.5708e+00  7.5096e+00 -1.0295e+01  1.3908e+01  1.0000e+00
-9.4754e+00 -1.8960e+00 -6.7065e+00 -9.9174e+00 -2.5342e+00 -5.8157e+00  1.1773e+01  1.0000e+00
-9.2873e-01  9.6196e-01  9.3906e-01  1.1232e+01  7.0208e+00 -6.8664e+00  1.4920e+01  1.0000e+00
-2.2384e-01  1.0544e+00  1.0458e-01  1.1917e+00 -2.3536e+01 -4.3399e+00  2.3963e+01  1.0000e+00
-2.7600e-01 -2.2109e+01 -1.5745e+01 -9.8119e-01 -2.6665e+01 -1.9214e+01  3.2881e+01  1.0000e+00
-1.0330e+00 -1.0774e+01 -2.6185e-01 -2.3434e+00 -3.7447e+01 -2.6167e+00  3.7612e+01  1.0000e+00
 4.3660e-02  1.1313e+00  4.2887e-01 -2.0241e+01  9.7939e+00 -8.5748e+00  2.4066e+01  1.0000e+00
-2.8098e-01  1.1594e+00  1.0118e+00 -2.5392e+00 -8.6888e+00  1.0464e+01  1.3836e+01  1.0000e+00
 1.1185e-01  1.0840e+00  3.8109e-01  2.3453e+01  4.2561e+00 -5.4272e-02  2.3837e+01  1.0000e+00
-6.2583e-01  1.3175e+00  2.0075e-01 -5.6388e+00 -3.5471e+00  6.2739e+00  9.1509e+00  1.0000e+00
-4.2569e+01 -5.1152e+01  2.3942e+01 -5.1364e+01 -6.2584e+01  2.9541e+01  8.6184e+01  1.0000e+00
 2.2588e-01  1.5034e+00 -1.0995e-01  1.3399e+01  7.0508e+00 -7.7595e+00  1.7014e+01  1.0000e+00
-3.5003e+00  6.3797e+00 -2.4651e+00 -3.0635e+00  6.4315e+00 -1.5670e+00  7.2942e+00  1.0000e+00
 5.8679e-01  8.8713e-01  2.2353e-01 -2.8941e+00 -2.0868e+00 -1.9623e+00  4.0720e+00  1.0000e+00
 1.7103e-02  1.1594e+00  3.8638e-01 -1.3200e+01 -1.3912e+01  7.3105e+00  2.0524e+01  1.0000e+00
-5.5980e-01  1.5493e+00  1.9457e-02  1.8270e+01  2.6235e+00  3.6534e+00  1.8815e+01  1.0000e+00
-7.4433e-01  1.2599e+00  7.8524e-01 -4.2109e+00  9.4337e+00  1.4919e+00  1.0438e+01  1.0000e+00
-5.5956e-01  6.5156e-01  2.6144e-01  4.7541e+00 -3.5358e+00 -4.5838e+00  7.4910e+00  1.0000e+00
-1.4651e-01 -1.9387e+01  9.2219e+00 -1.7882e-01 -2.3254e+01  1.0884e+01  2.5676e+01  1.0000e+00
-2.5494e+01 -1.5188e+01 -9.3066e+00 -3.0242e+01 -1.7019e+01 -1.0124e+01  3.6149e+01  1.0000e+00
 9.6382e-02  1.8591e+00  2.8840e-01  1.1978e+01  2.5268e+00 -6.4169e+00  1.3821e+01  1.0000e+00
 4.4243e-01  1.6685e+00  1.3780e-01 -5.7440e+00  7.5106e-01  9.1207e+00  1.0805e+01  1.0000e+00
 3.2691e+01 -1.1700e+01 -1.9098e+00  4.0626e+01 -1.4488e+01 -2.2776e+00  4.3192e+01  1.0000e+00
-4.1890e-01  1.3838e+00  1.0914e+00  1.6437e+01 -5.6403e+00  3.2255e+00  1.7675e+01  1.0000e+00
 3.1885e+02 -3.9448e+02  2.5826e+02  3.8386e+02 -4.7418e+02  3.0947e+02  6.8408e+02  1.0000e+00
 2.0750e-01  1.0643e+00  5.3770e-01  1.0009e+01 -1.1526e+00 -1.1159e+01  1.5035e+01  1.0000e+00
-5.6257e-01  1.5604e+00  3.4542e-01 -1.7037e+00 -1.8047e+00  1.3986e+01  1.4205e+01  1.0000e+00
-1.9498e-01  1.0656e+00  1.3634e-01 -7.2062e+00 -1.5001e+00 -1.4989e+01  1.6699e+01  1.0000e+00
 1.7803e+01  1.4350e+01  1.4071e+00  2.1226e+01  1.6991e+01  1.8642e+00  2.7252e+01  1.0000e+00
-1.4603e+01 -3.7513e+00  7.9991e+00 -1.8386e+01 -4.6352e+00  1.0742e+01  2.1793e+01  1.0000e+00
 4.3913e+00 -2.4274e+01  1.1832e+00  5.2370e+00 -2.9275e+01  1.2207e+00  2.9765e+01  1.0000e+00
 4.9277e-02  9.6829e-01  6.8511e-01 -9.8944e-01 -6.5242e+00 -1.0846e+01  1.2696e+01  1.0000e+00
 1.1379e+00  1.1155e+01 -1.7306e+01  1.2379e+00  1.3120e+01 -2.0534e+01  2.4399e+01  1.0000e+00
-4.9797e+01  1.6768e+01  1.8190e+01 -6.8463e+01  2.3092e+01  2.4963e+01  7.6444e+01  1.0000e+00
-2.9348e-01  1.0092e+00  4.7536e-01 -4.1927e+00  8.1884e+00  4.2137e+00  1.0118e+01  1.0000e+00
-5.3239e-01  1.8143e+00  6.8396e-01 -4.9783e+00 -8.5133e+00 -2.7969e+00  1.0251e+01  1.0000e+00
 1.1586e-01  9.5853e-01  5.8706e-01  2.9446e-02  1.2710e+01  5.3098e+00  1.3775e+01  1.0000e+00
-1.2756e+00  2.1292e+00  9.9660e-02 -7.2374e+00  8.7142e+00 -7.0217e+00  1.3327e+01  1.0000e+00
 2.4283e+00 -2.5145e+01  1.9989e+01  2.9595e+00 -3.1089e+01  2.4733e+01  3.9837e+01  1.0000e+00
 1.5218e+01 -2.8449e+01  1.1298e+01  2.3428e+01 -4.3984e+01  1.7150e+01  5.2703e+01  1.0000e+00
-1.5935e+00  1.4011e+01  2.3240e+00 -3.1997e+00  1.4965e+01  2.9330e+00  1.5582e+01  1.0000e+00
-6.6004e-01  1.7598e+00  3.7902e-01  2.6649e+00  1.6254e+01  1.0437e+01  1.9499e+01  1.0000e+00
-1.6899e+00  3.8395e+00  1.2568e-02 -5.9960e+00  1.2056e+01 -1.3511e-01  1.3465e+01  1.0000e+00
-2.8656e-01  1.4590e+00  2.5100e-01 -7.6224e+00  4.2791e+00  1.1145e+01  1.4164e+01  1.0000e+00
 1.2622e+01 -3.8987e+00  6.6960e+00  1.4318e+01 -3.7155e+00  7.1422e+00  1.6426e+01  1.0000e+00
 9.7705e-02  1.0412e+00  3.0634e-01 -1.3553e+01 -3.5134e+00 -1.6872e+01  2.1924e+01  1.0000e+00
-1.6461e-01  1.2028e+00  2.2395e-01  9.4199e+00 -1.1988e+01 -1.5606e+01  2.1817e+01  1.0000e+00
-6.0482e-02  1.5674e+00  3.2928e-01  4.3653e+00  1.2750e-01 -1.0616e+01  1.1479e+01  1.0000e+00
-5.3045e+00 -4.5329e+00 -2.6989e+01 -6.3574e+00 -5.4005e+00 -3.2936e+01  3.3976e+01  1.0000e+00
-1.4154e+00 -2.2969e-01  4.3563e+00  6.3238e-01  2.2194e+00 -5.2468e-01  2.3666e+00  1.0000e+00
 3.3152e+01 -6.9955e-01 -7.1036e+00  4.1159e+01 -7.3285e-01 -8.5568e+00  4.2046e+01  1.0000e+00
-2.0660e-01  1.9981e+00 -2.3326e-02 -5.8453e+00  9.0447e+00 -7.5738e+00  1.3166e+01  1.0000e+00
 1.1559e+01 -1.9886e+00  3.0302e+01  1.4338e+01 -2.8532e+00  3.7642e+01  4.0381e+01  1.0000e+00
-4.1602e-01  1.4314e+00  3.5199e-01  1.3457e+01 -8.6075e+00  2.3996e+01  2.8827e+01  1.0000e+00
 1.8940e-01  2.1888e+00 -4.7275e-01  9.0823e+00  8.5973e+00  4.2303e+00  1.3202e+01  1.0000e+00
-1.2904e+01  2.2038e+00  2.1106e+01 -1.5401e+01  2.6642e+00  2.5543e+01  2.9945e+01  1.0000e+00
-2.4405e+00  9.1744e+00 -4.7486e-01 -3.5761e+00  6.2903e+00 -7.4917e-01  7.2744e+00  1.0000e+00
-2.4021e-01  9.8354e-01  1.5462e-02  1.0642e+01  1.3307e+00 -1.2854e+00  1.0802e+01  1.0000e+00
 9.2506e-01  5.1827e+01  3.3547e+01  2.7998e-01  6.3427e+01  4.0453e+01  7.5230e+01  1.0000e+00
-6.7178e+00  5.9842e+00 -1.9591e+00 -5.1353e+00  4.7774e+00 -3.9248e-01  7.0249e+00  1.0000e+00
-4.6193e-01  3.5086e-01  1.2529e+00  6.6334e+00  4.6015e+00 -2.2100e+00  8.3702e+00  1.0000e+00
-5.9796e-01  1.2796e+00  5.3109e-01 -9.0579e+00  4.0457e+00 -1.1691e+00  9.9890e+00  1.0000e+00
-4.4138e-01  1.1199e+00  4.3937e-01 -7.6496e+00 -4.5535e-01  8.4806e+00  1.1430e+01  1.0000e+00
-3.5155e-01  1.3133e+00 -2.6178e-01  4.5858e+00 -1.1565e+00 -6.9409e+00  8.3990e+00  1.0000e+00
 5.7098e-02  1.3580e+00  3.9578e-01 -1.1135e+01  1.5535e+01  8.0801e-01  1.9130e+01  1.0000e+00
-3.0550e+00  5.5671e-01  4.6902e+00  7.2407e-01  1.7965e+00  2.3969e-01  1.9517e+00  1.0000e+00
 1.7276e-01  8.1949e-01  7.1161e-01  1.2411e+00 -6.8247e+00  6.2599e+00  9.3436e+00  1.0000e+00
-1.8963e+01  1.5866e+01  5.3503e+00 -2.6866e+01  2.2434e+01  7.1492e+00  3.5724e+01  1.0000e+00
 1.8224e+00 -2.9298e+00  1.1838e+00  1.8112e+01 -3.1514e+01  6.3385e+00  3.6897e+01  1.0000e+00
-1.9833e-01  1.3400e+00  3.3117e-01 -8.1327e+00  1.2607e+01 -1.3001e+00  1.5059e+01  1.0000e+00
 7.1231e-02  1.3915e+00  3.8772e-01 -8.0295e+00 -1.1376e+01  7.0596e+00  1.5611e+01  1.0000e+00
-6.6997e-02  1.3349e+00  5.7489e-01 -2.8180e+00  6.0057e+00  2.3110e+01  2.4044e+01  1.0000e+00
 1.0824e+01 -1.8100e+01 -9.1118e+00  1.3096e+01 -2.1390e+01 -1.0968e+01  2.7374e+01  1.0000e+00
-5.9855e-01  2.1160e+00 -2.4229e-01 -2.0372e+00 -2.5582e+00  1.1454e-01  3.2723e+00  1.0000e+00
 1.4282e+01  4.0148e+00 -3.1608e+01  1.7751e+01  5.2279e+00 -3.7974e+01  4.2243e+01  1.0000e+00
-2.2236e+00  1.1998e+01 -7.3367e+00 -2.4478e+00  1.2975e+01 -7.1132e+00  1.4998e+01  1.0000e+00
-2.8523e+01 -9.9464e+00  6.7693e+00 -3.5403e+01 -1.2077e+01  8.3616e+00  3.8329e+01  1.0000e+00
 3.5872e+01 -3.4462e+00 -1.4662e+01  4.4981e+01 -4.2836e+00 -1.8242e+01  4.8728e+01  1.0000e+00
 1.3942e+01 -7.7126e+01  4.7863e+01  1.7616e+01 -9.7711e+01  6.0738e+01  1.1639e+02  1.0000e+00
-5.2865e-01  1.1414e+00  5.8254e-01  3.1612e+00  2.3616e+00 -5.5793e-02  3.9463e+00  1.0000e+00
-2.3011e-01  1.3178e+00  4.6647e-01  9.7701e+00  1.7278e+01  8.5313e+00  2.1604e+01  1.0000e+00
 5.2469e-02  1.4791e+00  3.8088e-01  1.2564e+01  1.5278e+00  3.0256e+00  1.3013e+01  1.0000e+00
-1.2133e+00  3.2921e-01  6.2038e-01  1.0053e+00  2.2313e+00  1.6658e-01  2.4529e+00  1.0000e+00
-1.7219e+01 -8.3510e+00 -8.8068e+00 -2.0724e+01 -9.4630e+00 -1.0568e+01  2.5114e+01  1.0000e+00
-8.3825e-01  1.3581e+00  4.0138e-01  2.8268e+00  5.3876e+00  1.2357e+00  6.2084e+00  1.0000e+00
-7.8654e-02  1.2096e+00 -2.0310e-01  1.1642e+01  1.5629e+01  1.0211e+01  2.2002e+01  1.0000e+00
 3.3072e-01  1.3443e+00  7.9960e-01 -1.2184e+00  6.9875e+00 -3.1746e+00  7.7709e+00  1.0000e+00
 8.8190e-02  1.3856e+00  1.4610e-01 -1.6599e+01  7.7984e+00  4.7644e+00  1.8948e+01  1.0000e+00
 3.3941e+00 -2.8396e+00 -3.9698e+00  1.8331e+00  4.3961e-01 -2.0199e+00  2.7629e+00  1.0000e+00
-4.5816e-01  1.1933e+00  3.6156e-01 -2.0905e+01  6.4806e+00  1.6759e+00  2.1951e+01  1.0000e+00
-7.1834e-01  9.9735e-01  2.0984e-01 -9.0713e+00  5.6012e+00 -5.8688e-01  1.0677e+01  1.0000e+00
 1.1710e+01 -1.4257e+01 -1.7225e+01  1.4091e+01 -1.7624e+01 -2.0543e+01  3.0515e+01  1.0000e+00
 8.9026e+00  4.3460e+00 -4.6534e+00  2.2088e+01  8.7216e+00 -1.0193e+01  2.5843e+01  1.0000e+00
 2.0180e-01  1.1523e+00  4.4744e-01  5.2291e+00 -2.4753e+00  1.1065e+01  1.2486e+01  1.0000e+00
 5.9432e-02  8.6612e-01  5.2820e-01  1.5435e+00 -1.0568e+01  4.0546e+00  1.1424e+01  1.0000e+00
-4.8121e-02  6.5291e-01 -2.4476e-01  8.9302e+00  6.7432e+00 -1.2231e+01  1.6578e+01  1.0000e+00
 1.6508e+01 -8.0656e+00 -1.0853e+01  3.0654e+01 -1.5832e+01 -2.0148e+01  3.9954e+01  1.0000e+00
-5.2777e-01  1.1557e+00  5.6110e-01 -1.4410e+01  6.7232e+00 -9.2965e+00  1.8419e+01  1.0000e+00
 3.5021e-01  1.0179e+00  5.8053e-01 -1.8611e+01  4.2369e+00 -3.7423e+00  1.9451e+01  1.0000e+00
-4.1463e+01  9.9863e+00  2.0426e+01 -6.0118e+01  1.4431e+01  2.9673e+01  6.8578e+01  1.0000e+00
-1.5342e-01  1.2298e+00  3.1439e-01  8.6171e+00  1.5905e+01  1.0152e+01  2.0743e+01  1.0000e+00
 1.5354e+01  1.1096e+01 -1.1655e+00  1.7536e+01  1.3217e+01 -9.3384e-01  2.1979e+01  1.0000e+00
 1.0227e-01  1.2410e+00 -1.6729e-03 -1.2455e+01  4.6499e+00 -1.9406e+00  1.3436e+01  1.0000e+00
-4.5347e-01  9.3898e-01  1.6220e-01 -9.2131e-01 -3.7247e+00 -3.0711e+00  4.9147e+00  1.0000e+00
-1.1943e-01  1.3086e+00  4.1239e-01  1.2703e+01  5.6433e+00  1.0448e+01  1.7388e+01  1.0000e+00
 3.0519e+00  1.3751e+01 -7.2268e-01  3.7426e+00  1.4301e+01 -1.3339e+00  1.4843e+01  1.0000e+00
-3.1661e+02  3.9313e+02 -2.6316e+02 -3.7964e+02  4.7214e+02 -3.1702e+02  6.8377e+02  1.0000e+00
-1.0116e+00  1.2168e+00 -1.5128e-01  1.0549e+00  7.5094e-01 -3.9485e+00  4.1554e+00  1.0000e+00
-1.0159e+00  2.9780e+00  3.6978e-01  1.4959e+00  7.1420e+00  3.0012e+00  7.8900e+00  1.0000e+00
-1.0718e+00  3.8699e+00 -4.1840e-03 -1.4948e-01 -3.8313e-01  9.6488e-01  1.0489e+00  1.0000e+00
 5.7768e-02  1.2243e+00  7.2505e-01  1.0824e+01 -3.0995e+00  1.2443e+01  1.6781e+01  1.0000e+00
-4.3278e-01  9.8505e-01  5.9664e-01 -1.7027e+01  8.6578e+00  1.8532e+01  2.6614e+01  1.0000e+00
 1.1169e+01 -1.6405e+01 -1.5680e+01  1.2885e+01 -1.9222e+01 -2.0547e+01  3.0947e+01  1.0000e+00
 7.9515e-01  5.9380e-01  7.2721e-01 -1.6141e+01  9.3563e+00 -2.9410e-01  1.8659e+01  1.0000e+00
 9.5040e-02  1.3443e+00  5.6267e-02  3.2622e+00  3.0126e+00 -2.7494e+01  2.7851e+01  1.0000e+00
-3.5649e-01  9.6633e-01  5.8103e-01 -1.0766e+01 -1.4438e+01 -4.9438e+00  1.8676e+01  1.0000e+00
-2.4678e+01  1.5930e+00  2.1189e+01 -3.0528e+01  2.2610e+00  2.6402e+01  4.0424e+01  1.0000e+00
-4.1686e-01  1.0584e+00  4.5205e-01 -3.7173e+00 -2.7730e+00 -1.0575e+01  1.1548e+01  1.0000e+00
-6.6695e-02  1.2687e+00  3.0689e-01 -1.0034e+01 -1.1316e+01 -2.5430e+00  1.5336e+01  1.0000e+00
-1.6710e+01  1.5271e+01 -2.6954e+01 -2.0719e+01  1.9135e+01 -3.3457e+01  4.3758e+01  1.0000e+00
 2.8265e+01 -1.9261e+01  7.8276e+00  3.5077e+01 -2.3790e+01  9.7775e+00  4.3496e+01  1.0000e+00
 1.4823e+01 -9.1036e+00  1.6723e+01  1.7660e+01 -1.0848e+01  2.0298e+01  2.9010e+01  1.0000e+00
 5.4756e-01  1.1689e+00  7.0779e-01 -1.2868e+01  1.1066e+00  1.0265e+01  1.6498e+01  1.0000e+00
-4.4170e-01  1.0210e+00  5.4988e-01 -6.3005e+00  3.2461e+00  3.7547e-01  7.0975e+00  1.0000e+00
-2.2043e-01  1.4218e+00  9.2619e-01  4.5533e-01  2.8754e+00 -1.0005e+01  1.0420e+01  1.0000e+00
-1.0582e+01  1.4461e+00  3.3393e+00 -1.0085e+01  9.4632e-01  2.7873e+00  1.0505e+01  1.0000e+00
-6.5049e-01  1.4403e+00  4.0948e-01 -1.5481e+01 -3.0225e+00  1.0168e+00  1.5806e+01  1.0000e+00
 1.6318e-02  1.1662e+00  5.3038e-01 -1.5048e+00 -9.1536e+00 -5.8114e+00  1.0946e+01  1.0000e+00
-5.9586e-02  1.3201e+00  5.9054e-02 -7.5655e+00 -6.7316e-01  7.5137e+00  1.0684e+01  1.0000e+00
-5.6278e-01  1.5802e+00  6.6992e-01 -6.3117e+00  5.4596e+00  5.2437e+00  9.8560e+00  1.0000e+00
-1.0480e+01  1.0634e+01 -8.7512e+00 -1.1722e+01  1.2987e+01 -9.7394e+00  2.0023e+01  1.0000e+00
 1.8259e-01  1.2725e+00  5.7737e-01 -1.1736e+01  2.2588e+01  2.5187e+00  2.5579e+01  1.0000e+00
-8.4590e+00  5.3554e+00 -2.0578e+01 -1.0220e+01  6.4185e+00 -2.4556e+01  2.7362e+01  1.0000e+00
-3.4154e+00  1.2264e+01  4.7585e+00 -5.2531e+00  1.2462e+01  3.8799e+00  1.4069e+01  1.0000e+00
-2.6831e+01 -5.7967e+00 -7.2654e+00 -3.3308e+01 -6.8881e+00 -8.3798e+00  3.5030e+01  1.0000e+00
-4.5785e-01  1.1153e+00  5.1322e-01  8.8416e+00 -1.8490e+01  1.6824e+01  2.6516e+01  1.0000e+00
-1.5433e-01  1.1421e-01 -2.8485e+00 -3.7971e-01  2.4820e+00  3.9054e+00  4.6429e+00  1.0000e+00
-2.5476e-01  9.8571e-01  5.4618e-01 -1.8445e+00  6.5722e+00 -1.3193e+01  1.4855e+01  1.0000e+00
 1.8447e+00  1.3188e+00 -1.0540e+00  8.2382e+00  7.7788e-01  1.9495e-01  8.2772e+00  1.0000e+00
-1.4188e-01  3.6288e-01  5.5176e-01  4.6621e+00  4.0972e+00  8.4403e+00  1.0477e+01  1.0000e+00
-6.5848e-01  1.2302e+00  2.5788e-01 -2.0695e-02 -4.6023e+00 -1.1849e+00  4.7524e+00  1.0000e+00
 3.5936e-01  2.8689e+00  1.6636e+00  1.4706e+00  6.1362e+00  3.4346e+00  7.1842e+00  1.0000e+00
 2.3658e+00 -3.8412e-01 -9.8502e-01 -4.7975e+00  4.9792e+00 -2.8562e+00  7.4810e+00  1.0000e+00
 2.1423e+00  6.8651e+00 -2.1087e+00  3.6437e+00  1.0136e+01 -4.5081e+00  1.1676e+01  1.0000e+00
-1.4027e-02  1.9326e+00  3.9133e-01 -4.0189e+00  2.0181e+01 -2.4407e-01  2.0578e+01  1.0000e+00
-3.4377e+01  3.7468e+01 -2.2760e+01 -4.1903e+01  4.4165e+01 -2.6617e+01  6.6444e+01  1.0000e+00
-2.9870e-01  1.4122e+00 -4.4081e-01 -1.4143e+00  5.2507e+00  5.2547e+00  7.5619e+00  1.0000e+00
-5.7788e-01  4.8759e-01  6.6860e-01  8.2569e+00 -1.4705e+01  1.9403e+00  1.6975e+01  1.0000e+00
-1.0843e+01 -5.1633e+00 -1.0537e+01 -1.9604e+01 -1.0631e+01 -1.9963e+01  2.9931e+01  1.0000e+00
-2.1404e-01  1.2510e+00  4.9425e-01 -1.0598e+01  5.7379e+00  1.1077e+01  1.6369e+01  1.0000e+00
-5.7341e-01 -1.8495e+01 -1.0233e+01 -5.9379e-01 -2.1800e+01 -1.2439e+01  2.5107e+01  1.0000e+00
 3.1572e-01  1.1038e+00  3.8553e-01  3.6348e+00  6.3540e+00  1.4396e+01  1.6150e+01  1.0000e+00
 1.1259e+01 -1.6351e+01 -1.5627e+01  1.4466e+01 -2.0175e+01 -1.7255e+01  3.0233e+01  1.0000e+00
-4.6320e-01  1.4388e+00  6.9481e-01 -1.8247e+01  2.3413e+00  6.2273e+00  1.9422e+01  1.0000e+00
-3.4405e+01  8.9324e+00 -1.8011e+01 -9.0999e+01  2.1561e+01 -4.8374e+01  1.0529e+02  1.0000e+00
 1.5017e+00  1.1265e+01  4.4261e+00  2.3947e+00  1.1231e+01  3.7424e+00  1.2078e+01  1.0000e+00
 5.6276e+00 -1.1349e+01  1.7965e+01  7.0024e+00 -1.3438e+01  2.1644e+01  2.6421e+01  1.0000e+00
-6.4953e-02  1.2688e+00  3.9593e-01  3.6904e+00  8.1729e+00 -2.3714e-01  8.9706e+00  1.0000e+00
-2.1959e+01  1.2551e+01 -5.0164e+00 -4.2317e+01  2.3338e+01 -9.9101e+00  4.9332e+01  1.0000e+00
-1.9974e-01  1.2837e+00  3.6632e-01  1.0130e+01 -1.7024e+01 -3.4224e+00  2.0104e+01  1.0000e+00
 1.8989e-01  1.8329e+00  1.1137e+00  2.4864e+00 -5.3874e-01 -7.5105e-01  2.6527e+00  1.0000e+00
-1.3278e+01 -4.4904e+00  7.8742e+00 -1.4937e+01 -5.1117e+00  8.4345e+00  1.7900e+01  1.0000e+00
-2.9944e-01  1.5605e+00  4.4909e-01  3.3696e+00  1.3006e+01 -6.3094e+00  1.4843e+01  1.0000e+00
-2.7662e+00  7.0924e+00  1.0924e+00 -9.2160e+00  2.0583e+01  2.8374e+00  2.2729e+01  1.0000e+00
 2.1470e+01 -2.7493e+01 -2.1976e+00  2.6829e+01 -3.4052e+01 -2.7899e+00  4.3441e+01  1.0000e+00
-1.0664e+00  2.9898e+00  8.3965e-01  1.2697e+00 -2.4086e+00  1.0648e+00  2.9235e+00  1.0000e+00
 8.9335e-01 -2.2549e+00  1.5389e+00 -6.8311e-01 -2.5726e+00  2.0911e+00  3.3849e+00  1.0000e+00
-3.3430e-01  8.6593e-01  8.0398e-01  1.3442e+01  4.8079e+00  3.9719e+00  1.4818e+01  1.0000e+00
 9.5782e-01  6.5891e-01  7.2464e-01  4.6623e+00  5.8481e+00  4.5895e+00  8.7750e+00  1.0000e+00
-1.4837e+00  2.2627e+00 -1.8856e+00 -4.1841e+00  4.0407e+00 -9.8990e+00  1.1481e+01  1.0000e+00
-4.0037e-01  9.8939e-01  7.8376e-01 -1.9011e+01  2.2820e+00  1.2858e+00  1.9191e+01  1.0000e+00
-1.6006e+00  1.3912e+00 -5.8528e-01  6.2796e+00  4.7992e+00  1.1473e+00  7.9864e+00  1.0000e+00
-6.3875e+00 -1.9672e+00 -1.2252e+00 -5.0596e+00 -4.5206e-01 -3.8817e-01  5.0946e+00  1.0000e+00
-4.5002e-01  1.1504e+00  5.2248e-01 -6.4749e+00 -7.1741e+00 -4.1981e+00  1.0536e+01  1.0000e+00
-1.9718e-01  1.0339e+00  5.0931e-01 -1.5065e+00 -1.3016e+01  2.1522e-01  1.3104e+01  1.0000e+00
 4.4938e-02  1.1012e+00  5.5104e-01 -8.3025e+00  3.5262e+00 -7.1350e+00  1.1501e+01  1.0000e+00
-7.7426e-02  1.3545e+00  5.5492e-01 -1.2513e+01  2.1644e+01  1.9679e+00  2.5078e+01  1.0000e+00
-4.0821e-01  9.6472e-01  5.8454e-01  1.4825e+00  3.6052e+00  1.7630e+01  1.8055e+01  1.0000e+00
 5.2245e-01  2.2318e+00  1.2806e+00  1.0001e+00 -2.4435e+00 -3.2579e+00  4.1934e+00  1.0000e+00
 5.5877e+00 -1.2575e+01 -3.3791e+00  2.1733e+01 -5.0401e+01 -1.3243e+01  5.6461e+01  1.0000e+00
 6.2601e-01  1.0982e+00  5.1009e-01 -1.4850e+01  6.5231e+00 -4.2321e+00  1.6763e+01  1.0000e+00
-4.6059e+01  3.7189e+01  1.7331e+01 -8.1274e+01  6.5132e+01  3.0714e+01  1.0859e+02  1.0000e+00
-1.2464e+00  1.6666e+00  9.9002e-01  1.8997e+00 -1.6943e+00  6.1595e+00  6.6647e+00  1.0000e+00
-1.9425e-01  6.9849e-01 -4.5453e-01  3.1036e+00  1.6592e+00  1.6223e+00  3.8751e+00  1.0000e+00
-1.5163e+02  4.9915e+00  1.3624e+02 -2.4181e+02  7.3671e+00  2.1773e+02  3.2547e+02  1.0000e+00
-3.5993e-01  1.5393e+00  6.2208e-02  5.5281e+00 -8.4067e-01 -9.6487e+00  1.1152e+01  1.0000e+00
-1.2161e+00  9.6002e-01 -2.5670e-01  5.3865e+00  2.6180e+00  7.7590e+00  9.8016e+00  1.0000e+00
-1.6865e-01  1.0766e+00  6.2022e-01 -1.3074e+01  1.2323e+01  5.7430e-01  1.7976e+01  1.0000e+00
-3.9775e+00  5.8590e+00  1.5189e+01 -4.2277e+00  5.9433e+00  1.5837e+01  1.7436e+01  1.0000e+00
 5.9695e+00  2.7253e+00  1.6674e+00  1.6359e+00  2.4348e+00  1.3716e+00  3.2382e+00  1.0000e+00
 1.1603e+01 -6.8020e+00 -9.9073e+00  1.3147e+01 -8.0220e+00 -1.1036e+01  1.8947e+01  1.0000e+00
-9.1482e-02  1.3801e+00 -8.2267e-02  1.5638e+01  1.0043e+01 -1.5025e+01  2.3899e+01  1.0000e+00
 1.7031e+01 -1.7295e+01 -2.5537e+01  2.1286e+01 -2.1435e+01 -3.1484e+01  4.3633e+01  1.0000e+00
-3.3498e-01  1.5689e+00  6.3343e-01 -5.3505e-01  1.0125e+01  4.8503e+00  1.1240e+01  1.0000e+00
-2.5186e-01  1.3045e+00  5.0450e-01  4.8768e+00 -5.7585e+00  6.4291e+00  9.9135e+00  1.0000e+00
 3.6032e-01  1.2066e+00  9.1512e-01  4.6686e+00  1.0203e+01  3.6122e+00  1.1788e+01  1.0000e+00
-1.2598e+01 -2.0133e+01 -1.8958e+01 -2.4931e+01 -4.1541e+01 -3.8301e+01  6.1759e+01  1.0000e+00
-7.3038e-01  1.4422e+00 -2.1902e-01  4.2788e+00 -7.2515e+00  9.2115e+00  1.2480e+01  1.0000e+00
 5.0544e-01  1.7801e+00 -2.4652e-01  4.7724e+00  7.0956e+00  2.4273e+00  8.8891e+00  1.0000e+00
 5.0662e-01  1.0028e+00  1.2272e-01 -4.9340e-01  6.3242e+00  1.1214e+00  6.4418e+00  1.0000e+00
-2.6827e-01  1.2019e+00  1.7478e-01  1.5169e+00  2.0282e+01  1.9167e+01  2.7947e+01  1.0000e+00
 3.8744e-01  6.1478e-01  9.9656e-01  7.1449e+00  1.1591e+00 -1.1858e+00  7.3348e+00  1.0000e+00
-1.2938e+00  2.6505e+00  2.3948e+00  1.5604e+00  4.8064e-01 -3.6870e+00  4.0324e+00  1.0000e+00
-4.1593e+00  6.4505e+00  1.8170e+01 -4.4339e+00  7.7870e+00  2.1043e+01  2.2871e+01  1.0000e+00
-6.2240e-01  1.3918e+00 -1.0482e+00 -5.5525e+00 -5.9294e+00  3.8470e+00  8.9882e+00  1.0000e+00
 2.1423e-01  5.9874e-01 -1.2417e-01  5.0615e-02  1.8098e+00  5.5644e+00  5.8516e+00  1.0000e+00
-5.3393e-01  1.3790e+00  4.7538e-02  3.4083e+00 -1.6496e+00  2.4602e+00  4.5156e+00  1.0000e+00
-1.2342e+00  1.1542e+00  1.4313e-01  7.2229e+00  7.3935e+00  7.7330e+00  1.2909e+01  1.0000e+00
 1.2875e+01 -3.2409e+01  5.7593e+01  1.5600e+01 -3.9382e+01  7.0865e+01  8.2560e+01  1.0000e+00
 2.4736e+01  4.7087e+00  2.3357e+01  3.0627e+01  5.7749e+00  2.9119e+01  4.2653e+01  1.0000e+00
-3.2618e+00  1.1380e+00 -1.2693e+00 -7.8823e-01 -1.2263e+00 -4.1749e+00  4.4221e+00  1.0000e+00
 1.0621e-01  9.5426e-01  1.1887e+00 -8.9812e+00  2.6801e+00 -3.0793e+00  9.8654e+00  1.0000e+00
-9.0993e-02  9.5302e-01  9.6785e-01  2.9421e+00  1.6340e+01  3.6042e+00  1.6990e+01  1.0000e+00
-6.5224e+00  4.3132e+00  2.5810e+01 -7.9727e+00  5.5266e+00  3.1516e+01  3.2975e+01  1.0000e+00
-1.6939e+01 -2.9980e+00 -1.6037e+01 -2.0288e+01 -2.4852e+00 -1.8746e+01  2.7734e+01  1.0000e+00
-2.5850e+00  1.0299e+00  1.5057e+00 -9.6378e+00 -2.0739e+00  4.0162e+00  1.0645e+01  1.0000e+00
-9.3102e+00 -1.6084e+01 -1.2222e+00 -1.2007e+01 -2.1846e+01 -1.2761e+00  2.4961e+01  1.0000e+00
 1.7356e-01  1.8870e+00  2.8865e-01  2.9000e+00  2.4051e+01 -1.7295e+00  2.4287e+01  1.0000e+00
-9.8784e-02  1.2297e+00  5.1843e-01  5.7856e+00 -1.4519e+00  3.8162e+00  7.0813e+00  1.0000e+00
-2.0299e+00 -1.8894e-01  1.9192e-01  4.5304e+00  7.1981e+00  1.6173e+00  8.6575e+00  1.0000e+00
-1.8124e-01  1.2652e+00  1.6342e-01 -5.0009e+00 -9.5475e+00  5.7633e+00  1.2222e+01  1.0000e+00
 2.5668e-02  1.4191e+00  1.1267e+00 -3.3009e+00  2.0316e+00  9.3551e+00  1.0126e+01  1.0000e+00
-8.8465e+00  2.7978e+01 -3.5912e+00 -1.0764e+01  3.4326e+01 -4.3252e+00  3.6233e+01  1.0000e+00
 3.9267e+00  2.1845e+00  4.8255e+00  3.4610e-01  3.8175e+00  3.4673e+00  5.1687e+00  1.0000e+00
-1.5663e+01 -1.6494e-01 -4.0840e+00 -1.7527e+01  4.1582e-01 -4.6960e+00  1.8150e+01  1.0000e+00
 1.9082e+00  2.0054e+00 -2.8373e+00  1.4819e+00  1.0754e+00  1.5381e+00  2.3913e+00  1.0000e+00
-1.2564e+01 -4.6968e+00  8.6851e+00 -1.4100e+01 -4.3915e+00  9.5735e+00  1.7600e+01  1.0000e+00
-1.4013e-01  6.7605e-01  3.7936e-02 -7.1423e+00  1.2725e+00 -3.5592e+00  8.0808e+00  1.0000e+00
 3.2857e+01  1.1919e+01  2.7354e+00  4.0655e+01  1.4935e+01  3.3245e+00  4.3439e+01  1.0000e+00
 1.1776e+01  1.6319e+01  2.2675e+00  1.4033e+01  1.9081e+01  3.0677e+00  2.3884e+01  1.0000e+00
-2.5628e+01 -1.5333e+01 -9.3906e+00 -3.3210e+01 -2.0196e+01 -1.2894e+01  4.0952e+01  1.0000e+00
 2.2701e+00  3.0052e+00 -1.5677e+00  5.8023e+00  8.8738e-01 -6.4501e+00  8.7211e+00  1.0000e+00
-2.5124e+01 -5.6259e-01 -6.5887e+00 -3.0667e+01 -4.6197e-01 -8.0945e+00  3.1720e+01  1.0000e+00
-7.4953e-01  1.4034e+00  3.8242e-01  6.9846e+00 -4.4768e+00 -4.3797e+00  9.3812e+00  1.0000e+00
 4.5460e-02  1.4954e+00  9.3974e-01 -3.0104e+00  9.0637e+00  5.8096e+00  1.1179e+01  1.0000e+00
-5.0306e+00  2.0295e+01 -7.7991e+00 -5.5220e+00  2.4619e+01 -9.3825e+00  2.6918e+01  1.0000e+00
 3.2191e+01  2.6304e+01 -2.0193e+01  4.7174e+01  3.8171e+01 -2.9449e+01  6.7451e+01  1.0000e+00
 1.2716e-01  1.5716e+00 -1.2534e-01 -1.1228e+01 -8.3413e+00 -2.7908e+00  1.4263e+01  1.0000e+00
-2.4957e-01  1.5711e+00 -4.2518e-01  4.1379e+00  2.5181e+00  2.1284e+01  2.1828e+01  1.0000e+00
-1.6058e-01  1.7544e+00  6.0824e-02 -2.8760e+00  1.0531e+01  9.3953e+00  1.4403e+01  1.0000e+00
 4.1899e+00 -3.0217e+00  5.5983e-01  1.9845e+00  4.5814e-01  4.0503e+00  4.5336e+00  1.0000e+00
 2.7560e+00 -1.3881e+00  7.7935e-01  1.8313e+00  2.3728e+00 -4.2224e-01  3.0269e+00  1.0000e+00
-1.5066e-01  1.1021e+00  2.7952e-01 -1.2469e+01 -9.2818e+00  2.0756e+01  2.5931e+01  1.0000e+00
-1.9668e+01 -9.9198e+00 -3.4590e+01 -2.4805e+01 -1.2599e+01 -4.3844e+01  5.1926e+01  1.0000e+00
-3.5031e+01 -1.1618e+01 -1.1821e+00 -4.3716e+01 -1.4204e+01 -1.5539e+00  4.5991e+01  1.0000e+00
 3.8647e+00 -2.7282e+00 -4.3283e+00  3.5172e+00 -3.3061e-01 -1.0773e+00  3.6933e+00  1.0000e+00
 3.5367e+01  6.1569e+00 -3.7020e+00  4.3919e+01  7.9133e+00 -4.6947e+00  4.4872e+01  1.0000e+00
 1.0524e-01  1.5457e+00  5.0670e-01 -9.2864e+00  1.6139e+00 -8.6197e+00  1.2773e+01  1.0000e+00
-6.7293e-01  1.2446e+00  2.7845e-01  5.8093e-01  4.7492e+00  8.5690e+00  9.8143e+00  1.0000e+00
 2.7306e-01  1.1660e+00  1.7108e-01  9.6562e+00 -5.0993e-01  2.5637e+00  1.0004e+01  1.0000e+00
-4.2646e+00  1.9766e+00 -9.7999e-02 -1.0478e+01  2.8494e+00  3.8067e-01  1.0865e+01  1.0000e+00
-5.9596e-02  1.5928e+00  5.2613e-01 -5.5929e+00 -4.6189e+00  6.3902e+00  9.6669e+00  1.0000e+00
-4.3642e-01  1.1670e+00  6.9035e-01 -7.7849e+00  5.1264e+00  6.2457e+00  1.1220e+01  1.0000e+00
-4.1870e-01  1.6098e+00  3.9629e-01  1.8815e+01  4.0793e+00 -1.2233e+00  1.9291e+01  1.0000e+00
-1.3912e+01  1.1835e+01 -2.1539e+00 -1.5973e+01  1.3483e+01 -2.1983e+00  2.1019e+01  1.0000e+00
-7.9191e-01  1.2615e+00  1.0409e-01 -1.7240e+01  2.7698e+00  1.7104e+00  1.7545e+01  1.0000e+00
-1.3940e+01 -4.1732e+00 -1.9868e-01 -1.5009e+01 -4.4741e+00 -4.2600e-01  1.5667e+01  1.0000e+00
-9.4807e-01  1.5753e+00 -1.1107e-01 -1.3278e+00  4.2076e+00  8.6657e+00  9.7242e+00  1.0000e+00
 1.2997e+00  2.1050e+00 -2.6965e-01  1.8906e+01  1.2590e+01 -8.2015e+00  2.4150e+01  1.0000e+00
-3.9755e-01  9.5196e-01  7.5074e-01 -4.0614e-02  7.5390e+00 -1.9631e+01  2.1029e+01  1.0000e+00
-7.5848e-01  2.2989e+00 -3.3781e-01 -1.3224e+00 -1.1718e+00  9.5136e+00  9.6763e+00  1.0000e+00
 1.1295e+01 -2.7806e+01 -1.3414e+01  1.4016e+01 -3.4249e+01 -1.6562e+01  4.0543e+01  1.0000e+00
-2.5353e+01 -4.4700e+00  2.2830e+01 -3.1501e+01 -5.2632e+00  2.8346e+01  4.2702e+01  1.0000e+00
-7.3302e-01  1.6467e+00  4.1663e-01 -3.2494e+00  5.9441e+00 -5.9405e+00  9.0100e+00  1.0000e+00
-2.6852e+00 -6.6920e-01 -3.5520e+00 -4.8477e-01  2.4129e+00  1.5911e+00  2.9307e+00  1.0000e+00
-9.8870e-01  2.4665e+00  4.0913e-01  3.3322e+00 -5.7118e-01  4.8085e-01  3.4148e+00  1.0000e+00
-1.1905e-01  1.4254e+00  4.4759e-01  1.1731e+01 -1.4901e+01  6.9753e+00  2.0207e+01  1.0000e+00
-2.1423e+00 -2.2510e+01 -1.5920e+01 -1.8834e+00 -2.7781e+01 -1.9852e+01  3.4197e+01  1.0000e+00
-3.3128e+00  5.7359e+00 -3.9557e+00 -2.0385e+00  3.7097e+00 -8.6137e-01  4.3197e+00  1.0000e+00
 3.1697e-01  1.3709e+00  6.1824e-01 -7.4153e+00 -7.3540e-01 -1.7271e+01  1.8810e+01  1.0000e+00
 9.2126e-02  7.7804e-01  4.9021e-01 -6.3065e+00  4.9963e+00 -1.0853e+01  1.3510e+01  1.0000e+00
 1.6356e-01  1.3725e+00  2.0042e-01  2.5279e+01  6.2236e-01 -9.7373e+00  2.7097e+01  1.0000e+00
-4.7089e+00  2.0503e+01 -8.5050e+00 -5.8544e+00  2.4010e+01 -9.4478e+00  2.6458e+01  1.0000e+00
-1.4803e-01  1.7284e+00  8.8187e-01  4.1497e+00 -5.7608e+00 -5.2047e+00  8.8032e+00  1.0000e+00
 8.9954e-01  3.9638e+00  2.4966e+01  1.8355e+00  5.0946e+00  2.8235e+01  2.8750e+01  1.0000e+00
 3.2615e-01  5.0297e+00 -3.0132e+00  3.3787e-01  4.4241e+00 -3.3179e+00  5.5404e+00  1.0000e+00
-2.8817e-01  1.2994e+00 -3.0604e-01  1.3166e-01  9.6716e+00 -1.6433e+00  9.8111e+00  1.0000e+00
 1.5504e-02  6.4894e-01  5.5280e-01  1.7223e+00 -1.1807e+01  3.1092e+00  1.2330e+01  1.0000e+00
-2.4924e-01  1.3168e+00 -1.2421e-01 -9.0849e+00  2.3200e+00 -1.9480e+00  9.5767e+00  1.0000e+00
 7.7043e+00  1.5772e+01  8.3876e+00  9.1303e+00  1.8510e+01  9.5842e+00  2.2756e+01  1.0000e+00
-5.3685e-01  1.7739e+00  4.0086e-01 -8.0749e+00  3.2698e+00  7.7076e+00  1.1632e+01  1.0000e+00
 7.0696e-01  6.2861e-01  7.4169e-01 -8.2417e+00  1.2719e+01 -5.9886e+00  1.6296e+01  1.0000e+00
-1.9750e-01  1.4012e+00  3.6803e-01 -1.6210e+01  8.4705e+00  1.6392e+01  2.4560e+01  1.0000e+00
-2.7674e-02  1.1160e+00  5.7462e-01  8.4009e+00 -3.7640e+00  1.2504e+01  1.5527e+01  1.0000e+00
-8.3260e-03  8.0498e-01 -1.1220e-01  8.9825e+00  2.5763e+00 -3.2867e+00  9.9058e+00  1.0000e+00
 5.0372e-02  1.0875e+00  4.8772e-01 -9.7223e+00  1.2264e+01  4.0216e+00  1.6158e+01  1.0000e+00
 1.2085e+01 -8.7860e+00 -1.4239e+00  1.3381e+01 -9.5038e+00 -1.3276e+00  1.6466e+01  1.0000e+00
 1.7024e-01  1.0451e+00  4.2788e-01 -1.3795e+01 -1.4436e+01 -6.6172e+00  2.1035e+01  1.0000e+00
 2.2077e+01 -4.1993e+01  2.6879e+01  2.5218e+01 -5.0321e+01  3.2422e+01  6.4956e+01  1.0000e+00
-3.4618e-01  3.1519e+00 -1.3266e+00 -2.7465e-01 -1.1726e+00 -7.8084e+00  7.9007e+00  1.0000e+00
 2.2997e+00 -1.1790e+01 -3.3730e+01  2.7450e+00 -1.4566e+01 -4.1839e+01  4.4387e+01  1.0000e+00
-9.1784e+00 -1.3213e+01 -2.2740e+01 -1.1669e+01 -1.6141e+01 -2.7872e+01  3.4257e+01  1.0000e+00
-1.5758e+00 -2.4141e+01  2.6080e+00 -1.7258e+00 -2.9354e+01  3.1565e+00  2.9574e+01  1.0000e+00
-3.3825e+01 -1.7035e+01 -8.8248e+00 -4.2365e+01 -2.1079e+01 -1.0979e+01  4.8577e+01  1.0000e+00
 6.7112e-02  1.1212e+00  3.8280e-02  1.1674e+01  9.2148e+00  7.3719e+00  1.6599e+01  1.0000e+00
-2.6998e+01 -6.6344e+00 -5.0811e+00 -3.3272e+01 -8.1185e+00 -6.2770e+00  3.4819e+01  1.0000e+00
 3.3307e-02  9.5917e-01  1.1612e+00 -2.0872e+00  5.1768e+00 -1.4712e+01  1.5736e+01  1.0000e+00
-3.5813e-01  1.0181e+00  9.1393e-01  4.0973e-01  6.6748e+00 -9.6047e-01  6.7560e+00  1.0000e+00
-4.2028e+00  2.3843e-01 -1.3337e+01 -4.8711e+00  7.9915e-01 -1.6197e+01  1.6932e+01  1.0000e+00
-1.0159e+00  1.5784e+00 -6.3018e-02 -1.2531e+01  6.1091e-01  5.8556e+00  1.3845e+01  1.0000e+00
-1.3275e-01  1.2323e+00  2.2432e-01  2.0809e+00  2.7893e+00  2.0063e+00  4.0169e+00  1.0000e+00
