# limit = 29.0218
#
# x           y           z           vx          vy          vz          s           m
 5.2754e-01  2.6646e+00 -1.3847e+00  3.1021e+00  1.6704e+00 -9.5439e+00  1.0173e+01  1.0000e+00
 4.3077e-01  1.3294e+00 -8.9211e-02 -8.1519e+00 -1.9743e+00 -5.8631e+00  1.0234e+01  1.0000e+00
 2.8513e+01  1.3844e+00  5.5806e+00  3.3927e+01  2.1181e+00  6.6272e+00  3.4633e+01  1.0000e+00
 3.0443e-01  1.1731e+00  8.6871e-01 -7.2782e+00  1.0482e+01  1.3433e+00  1.2831e+01  1.0000e+00
-2.4234e+01  9.1111e+00  1.4487e+01 -2.9203e+01  1.0820e+01  1.7228e+01  3.5590e+01  1.0000e+00
 1.0600e+01 -3.2201e+00  3.0013e+01  1.2998e+01 -3.5266e+00  3.6144e+01  3.8572e+01  1.0000e+00
 1.4777e+00 -2.4381e+01 -1.6817e+01  1.3521e+00 -2.9165e+01 -1.9927e+01  3.5348e+01  1.0000e+00
-2.8306e-01  1.1720e+00  4.8287e-01 -1.6804e+01  1.2107e+01 -1.4182e+01  2.5102e+01  1.0000e+00
-3.8224e+01  2.7906e+01  8.6649e+01 -4.5547e+01  3.3390e+01  1.0464e+02  1.1890e+02  1.0000e+00
 6.6622e+01 -3.5782e+01  1.7461e+00  1.1448e+02 -6.2004e+01  3.0410e+00  1.3022e+02  1.0000e+00
 2.8059e+00  4.4884e+00  2.6217e+00 -1.4265e+00  1.0241e+00 -3.2521e-01  1.7859e+00  1.0000e+00
-1.9746e-01  1.7550e+00  1.1362e-01 -3.2914e+00  4.3826e+00 -2.6904e+00  6.1056e+00  1.0000e+00
-5.1342e-01  3.2899e+00  1.0762e+00  3.2757e+00 -6.3446e+00  1.3745e+00  7.2714e+00  1.0000e+00
 6.3787e+00  2.0455e+00 -6.8507e-01  3.5883e+00  2.6344e+00  6.9469e-01  4.5054e+00  1.0000e+00
 1.8544e+00 -1.2114e+00  3.5916e-01 -1.1554e+00  2.6453e+00 -1.1341e+00  3.1014e+00  1.0000e+00
-9.3387e+00 -1.6466e+00 -7.0261e+00 -9.3718e+00 -8.3943e-01 -6.9127e+00  1.1676e+01  1.0000e+00
 1.7479e+01 -1.8289e+01 -2.0987e+01  2.0967e+01 -2.2020e+01 -2.5428e+01  3.9637e+01  1.0000e+00
-1.7018e-01  1.9132e+00  3.4247e-01 -1.5501e+00  1.6678e+01 -1.6336e+00  1.6829e+01  1.0000e+00
-2.6972e-01  1.0988e+00  3.2254e-01 -6.5003e+00 -1.1218e+01  6.0371e+00  1.4302e+01  1.0000e+00
 6.0774e+01  4.9254e+01 -2.1284e+01  7.3441e+01  5.8889e+01 -2.5204e+01  9.7451e+01  1.0000e+00
-2.9860e-01  1.2560e+00  7.3444e-01  1.2939e+01  9.8383e+00 -3.9514e+00  1.6728e+01  1.0000e+00
 4.3523e-02  2.4941e+00  4.1520e-01  3.3704e+00 -5.3311e+00  1.5664e+00  6.4988e+00  1.0000e+00
-5.2313e+00 -6.6159e+00  1.0129e+01 -8.0509e+00 -1.1468e+01  1.5649e+01  2.1005e+01  1.0000e+00
-1.3118e+01  2.4902e+01 -2.5092e+01 -1.5904e+01  3.0450e+01 -3.0425e+01  4.5889e+01  1.0000e+00
-9.3497e-01  2.8054e+01 -1.2402e+01 -1.2374e+00  3.3676e+01 -1.4799e+01  3.6805e+01  1.0000e+00
-6.7819e+00  4.0419e+00 -1.0047e+01 -7.7789e+00  5.2965e+00 -9.7463e+00  1.3548e+01  1.0000e+00
 8.7949e+00 -2.1923e+01  4.1450e+00  9.9936e+00 -2.6157e+01  4.7403e+00  2.8400e+01  1.0000e+00
 5.9677e+01 -1.5632e+01 -5.7577e+01  7.5256e+01 -1.9839e+01 -7.2627e+01  1.0645e+02  1.0000e+00
 1.7244e+00 -3.4352e+01 -4.5307e+01  2.1728e+00 -4.2131e+01 -5.5561e+01  6.9762e+01  1.0000e+00
 8.8002e-02  1.5200e+00  6.7778e-02  7.7701e+00  7.7199e+00 -9.5186e+00  1.4511e+01  1.0000e+00
-5.1168e-01  1.1369e+00  5.7548e-01  5.4267e+00 -1.1749e+01 -5.4923e+00  1.4059e+01  1.0000e+00
-4.3386e-01  1.1561e+00  4.0224e-01 -1.3546e+01 -1.1805e+01  8.7095e+00  1.9968e+01  1.0000e+00
 2.4410e-02  1.2458e+00  1.4982e-01  1.5840e+01 -3.2969e+00  1.4561e+01  2.1767e+01  1.0000e+00
 9.9823e-02  8.5584e-01  4.2130e-01 -7.6028e+00 -4.7527e+00 -8.1603e-01  9.0031e+00  1.0000e+00
-3.4418e-01  1.5686e+00  4.4071e-02  4.6345e+00 -8.2578e+00 -1.2537e+01  1.5712e+01  1.0000e+00
 2.3742e-01  1.8853e+00  9.0967e-01  5.3411e+00  2.4606e+00 -3.4202e+00  6.8029e+00  1.0000e+00
-8.0894e-01  8.5621e-01  9.3608e-01 -2.0096e+01 -7.8384e-02  9.2350e+00  2.2117e+01  1.0000e+00
-2.3569e+01  4.5151e+01 -5.6655e+01 -2.8528e+01  5.4672e+01 -6.7946e+01  9.1758e+01  1.0000e+00
-4.0739e-01  7.6925e-01  8.3331e-01 -4.7677e+00  1.2944e+00 -1.6963e+01  1.7668e+01  1.0000e+00
 1.6778e+01 -3.6862e+00  1.4138e+01  1.9371e+01 -4.0667e+00  1.6422e+01  2.5718e+01  1.0000e+00
 8.6109e+00  8.1010e+00  1.3149e+00  7.8258e+00  7.8117e+00  2.0298e+00  1.1242e+01  1.0000e+00
 2.6992e+00  1.1855e+00 -9.3416e-01 -4.6465e+00  1.1616e+00 -5.0349e-02  4.7898e+00  1.0000e+00
 2.4100e-02  1.1374e+00  1.4324e-01  9.1366e+00  1.8099e+01 -2.2854e+00  2.0403e+01  1.0000e+00
 3.4759e+00 -1.0029e+01  3.2701e+01  4.3056e+00 -1.1973e+01  3.9520e+01  4.1518e+01  1.0000e+00
 3.1751e+01  1.5310e+01  2.5329e+00  3.8700e+01  1.8514e+01  3.1350e+00  4.3016e+01  1.0000e+00
 2.3029e+00 -2.0093e+01  3.3718e+00  3.2369e+00 -2.3472e+01  4.1448e+00  2.4054e+01  1.0000e+00
-6.4262e-01  1.2780e+00  4.6509e-01  1.5304e+01 -8.8951e+00  2.0950e+00  1.7825e+01  1.0000e+00
 2.0233e+00  2.2095e-01  6.8297e-01 -6.4817e+00  8.8382e+00  2.8549e+00  1.1326e+01  1.0000e+00
 1.3400e+01 -5.1859e+00  6.1710e+00  1.4166e+01 -5.3896e+00  6.9998e+00  1.6695e+01  1.0000e+00
-5.7189e-01  1.7656e+00  3.9034e-01  3.4558e+00 -2.1894e+00 -2.0891e+00  4.5936e+00  1.0000e+00
 6.6745e-01  1.1453e+00  3.9661e-02  1.0336e+01  1.2533e+00 -8.0070e-01  1.0442e+01  1.0000e+00
-1.7000e-01  1.2394e+00  2.2830e-01  3.8047e-01 -1.4171e+01 -4.5135e+00  1.4877e+01  1.0000e+00
-3.7706e+00 -5.8917e+00  6.0682e+00 -2.9907e+00 -4.4157e+00  5.0792e+00  7.3649e+00  1.0000e+00
 5.1423e-01  3.7741e-01 -9.1935e-01  6.8832e+00 -3.9431e+00 -1.1793e+01  1.4213e+01  1.0000e+00
 4.6974e-01  6.2670e+00  6.3002e+00  2.1645e+00  1.3010e+01  1.3962e+01  1.9207e+01  1.0000e+00
-1.6933e-01  7.8528e-01  6.9268e-01  4.9487e+00 -2.8615e+00  9.1135e+00  1.0758e+01  1.0000e+00
-1.0851e-01  1.2743e+00  2.3028e-01  4.9556e+00 -4.9351e+00  6.3020e+00  9.4143e+00  1.0000e+00
 1.9827e-01  6.3935e-01  8.5215e-01  3.9107e+00 -4.4491e+00  1.1996e+01  1.3379e+01  1.0000e+00
-3.2269e-01  1.3258e+00  6.0553e-01 -1.3222e+01 -6.9611e+00  4.9336e+00  1.5736e+01  1.0000e+00
 7.7606e+00 -4.3531e+00  2.3260e+01  8.9716e+00 -5.3919e+00  2.7599e+01  2.9517e+01  1.0000e+00
-6.7930e-01  1.3293e+00  6.7944e-01 -9.4198e-01 -2.9424e-01 -7.0707e+00  7.1392e+00  1.0000e+00
-4.8244e+00 -8.5038e+00  3.8280e+00 -7.0509e+00 -1.4132e+01  5.6784e+00  1.6783e+01  1.0000e+00
 1.4590e+01  1.4686e+00 -7.0140e+00  1.7876e+01  1.9617e+00 -8.5059e+00  1.9893e+01  1.0000e+00
-1.6040e-01  1.0996e+00  7.7788e-01 -4.8156e+00  1.2345e+01 -1.1342e+01  1.7442e+01  1.0000e+00
-3.2321e-02  4.2104e+00  5.6775e-01  2.3167e+00  4.4786e+00  1.0599e+00  5.1526e+00  1.0000e+00
 4.7938e-01  1.0299e+00  3.5820e-01  6.1856e+00  7.9883e+00 -7.4105e+00  1.2530e+01  1.0000e+00
-1.0463e-01  1.1858e+00 -3.0517e-02  4.5884e+00  3.6597e+00  9.8300e+00  1.1449e+01  1.0000e+00
 3.5701e-02  1.4909e+00 -1.2040e-01  1.1409e+01  6.0599e+00 -1.4473e+01  1.9400e+01  1.0000e+00
-1.0814e-01  1.5855e+00  4.9268e-01  6.3777e-02 -5.1231e+00 -1.0155e+01  1.1375e+01  1.0000e+00
-1.4551e-01  6.7356e-01  6.1772e-01 -2.8843e+00 -1.2803e+01  6.7139e+00  1.4741e+01  1.0000e+00
 2.8104e+01  3.0372e+00  5.0972e+00  3.3800e+01  3.3166e+00  6.0622e+00  3.4499e+01  1.0000e+00
-3.1049e-01  1.3349e+00  2.6453e-01  2.6672e+00  8.2387e+00 -5.8245e+00  1.0436e+01  1.0000e+00
 8.5695e-01  1.1832e+00  6.8386e-01  1.6917e+00  8.6065e+00 -4.2310e+00  9.7383e+00  1.0000e+00
-1.7670e-01  9.9007e-01 -7.7996e-01  2.1046e+00  3.0380e+00 -2.7929e+00  4.6324e+00  1.0000e+00
-1.8871e-01  9.2134e-01  2.9443e-01 -3.0807e-01  1.1052e+01  2.9761e+00  1.1450e+01  1.0000e+00
-3.8440e-01  1.3108e+00  4.9466e-01  1.2200e+01 -3.5637e+00 -4.4846e-02  1.2710e+01  1.0000e+00
-5.1810e-01  1.3902e+00  2.7121e-01 -5.0985e+00  6.3117e+00 -7.6039e+00  1.1120e+01  1.0000e+00
-4.2609e-01  1.5806e+00  9.5327e-01  1.5146e+00  2.2153e+00 -9.5015e+00  9.8732e+00  1.0000e+00
 3.3964e+01 -1.6183e+01 -3.8968e+00  4.1408e+01 -1.9450e+01 -4.6708e+00  4.5986e+01  1.0000e+00
-1.9719e+01 -1.1931e+01 -7.5354e+00 -2.3415e+01 -1.3776e+01 -8.7207e+00  2.8533e+01  1.0000e+00
-2.1154e-01  1.7606e+00  5.3072e-01 -2.0925e+00  1.7928e+01  1.9772e+00  1.8157e+01  1.0000e+00
 2.2258e+01  5.1126e+00  1.4389e+01  3.2062e+01  6.9171e+00  2.0553e+01  3.8707e+01  1.0000e+00
 3.3534e-01  9.1196e-01  1.3412e+00 -2.8094e+00  1.7439e+00  3.0462e+00  4.4959e+00  1.0000e+00
 6.2439e+00  5.7610e+00  8.1339e+00  5.3873e+00  5.9104e+00  7.4237e+00  1.0912e+01  1.0000e+00
-1.9270e-01  1.2523e+00  2.6222e-01 -2.4866e+01 -4.4014e+00 -2.6820e+00  2.5395e+01  1.0000e+00
-4.2449e-01  2.8522e-01  2.4483e-01 -6.7756e+00 -1.1788e+01 -2.4938e+00  1.3823e+01  1.0000e+00
 1.5501e+00  1.1161e+00  6.4980e-01  5.6440e+00  6.5408e-01  5.2947e+00  7.7663e+00  1.0000e+00
-1.1648e+00  2.3828e+00  2.9012e-01 -5.4387e+00  8.0554e+00  1.3623e+00  9.8145e+00  1.0000e+00
 1.4292e+02  3.6019e+01 -1.3867e+02  2.2218e+02  5.5313e+01 -2.1506e+02  3.1413e+02  1.0000e+00
-7.3486e-02  6.1077e-01  5.7317e-01  7.2296e+00 -2.7719e+00  2.6339e+00  8.1785e+00  1.0000e+00
-1.0193e+00  2.4838e+00  6.4557e-01 -9.6764e+00  1.5933e+01  5.6244e+00  1.9472e+01  1.0000e+00
-2.3044e-01  2.1762e+00  5.0352e-01 -7.1055e+00 -3.0501e+00  1.0168e+01  1.2774e+01  1.0000e+00
 1.1198e+00  1.2267e+00  1.1054e+00  7.3087e+00  1.1376e+00  1.0664e+01  1.2979e+01  1.0000e+00
-1.3200e-01  1.9902e+00  5.6274e-01 -8.3859e+00  7.7643e+00 -6.5932e+00  1.3194e+01  1.0000e+00
 5.4044e+00 -1.8405e+00 -4.4734e-01  4.5180e+00 -1.0491e+00  2.6212e-02  4.6382e+00  1.0000e+00
-5.2379e-01  1.0096e+00  4.9196e-01 -1.2298e+01  5.5810e+00  6.4172e+00  1.4952e+01  1.0000e+00
 8.7020e+00  1.8029e+01  3.1568e+01  1.7304e+01  3.3991e+01  6.1207e+01  7.2119e+01  1.0000e+00
-1.0901e+01 -1.5906e+01 -1.7895e+01 -1.2951e+01 -1.8754e+01 -2.1173e+01  3.1108e+01  1.0000e+00
 2.3768e+00 -4.8864e+00 -2.1006e+01  2.6691e+00 -5.3977e+00 -2.3150e+01  2.3921e+01  1.0000e+00
 1.9345e+00  4.2955e+00 -1.5845e+00  1.2183e+00 -1.3866e+00  2.8729e+00  3.4148e+00  1.0000e+00
-9.5018e-01  1.5944e+00  2.1054e-01 -7.2528e+00  3.3471e+00  6.9090e+00  1.0561e+01  1.0000e+00
-4.0943e-01  1.3203e+00  7.3979e-01 -6.9468e-01 -3.8858e+00  5.0115e+00  6.3794e+00  1.0000e+00
-3.6342e+00  1.5864e+00 -6.7518e-01 -3.2327e+00  2.8265e+00  1.8253e+00  4.6660e+00  1.0000e+00
 3.8325e-01  1.0839e+00 -1.2397e-02 -1.5679e+00 -5.3457e+00  4.4265e+00  7.1154e+00  1.0000e+00
 2.7731e+01  1.0745e+01 -7.1855e-01  3.3220e+01  1.3172e+01 -8.7913e-01  3.5747e+01  1.0000e+00
-4.7433e-01  1.0712e+00  5.6696e-01 -1.0968e+00 -5.1297e+00  9.2363e+00  1.0622e+01  1.0000e+00
 2.0609e+01  1.2177e+00  2.3108e+01  2.4705e+01  1.5775e+00  2.7689e+01  3.7142e+01  1.0000e+00
-1.0500e+00  2.2280e+00 -5.2321e-01 -5.1524e+00  1.0078e+01 -7.2849e+00  1.3460e+01  1.0000e+00
 2.3158e-01  1.7031e+00 -3.9774e-02  7.0551e+00 -1.1563e+01 -1.3892e+00  1.3616e+01  1.0000e+00
-3.3831e+01  7.2325e+00  7.7419e+00 -4.1054e+01  8.9802e+00  9.4546e+00  4.3075e+01  1.0000e+00
-7.9712e-01  1.8455e+00  3.0754e-01  1.0548e+00 -9.9743e+00  8.7986e+00  1.3342e+01  1.0000e+00
 7.0803e+00 -1.1521e+01  2.0777e+01  7.3482e+00 -1.1844e+01  2.5558e+01  2.9112e+01  1.0000e+00
 7.5872e+00 -7.9504e+00  1.6569e+01  8.5299e+00 -9.1361e+00  1.9090e+01  2.2818e+01  1.0000e+00
 1.3635e+01 -1.6319e+01 -6.3128e+00  1.5224e+01 -1.8992e+01 -7.0611e+00  2.5344e+01  1.0000e+00
 1.6410e+00  6.3942e-02  7.8457e-01 -8.9747e+00  7.5926e+00 -1.8598e+00  1.1902e+01  1.0000e+00
-7.5600e-01  1.3747e+00  7.1465e-01  8.9985e-01  3.0650e+00 -1.3112e+01  1.3495e+01  1.0000e+00
-1.2887e-01  1.7540e+00 -3.9901e-01 -3.4692e+00 -1.4604e+01  7.5049e+00  1.6782e+01  1.0000e+00
-3.3947e+00  2.3764e-01 -2.6893e+00 -8.3363e+00 -2.0501e+00 -5.1174e+00  9.9942e+00  1.0000e+00
-5.5170e-01  1.2037e+00  5.2822e-01 -7.3074e+00  5.8355e+00  1.3673e+01  1.6565e+01  1.0000e+00
-9.7700e-03  1.2447e+00  2.0265e-01  1.6920e+01 -1.9445e+00  7.1966e-01  1.7046e+01  1.0000e+00
 5.0548e-02  1.0729e+00  5.5752e-01  2.5261e-01  1.0400e+01  3.6343e-01  1.0409e+01  1.0000e+00
 5.1942e-01  1.3010e+00  3.1294e-01  1.2477e+01  3.2551e+00 -1.6705e+00  1.3003e+01  1.0000e+00
-4.4817e+01  1.8606e+01  1.7090e+01 -5.4912e+01  2.2868e+01  2.1173e+01  6.3139e+01  1.0000e+00
-5.0161e-01  1.2822e+00  3.0365e-03 -1.2128e+01 -2.4648e+00  4.9403e+00  1.3326e+01  1.0000e+00
-4.0673e-01  1.5099e+00  4.8025e-01  1.2295e+01 -1.4411e+01  1.1575e+01  2.2200e+01  1.0000e+00
-2.3617e-01  1.9366e+00  4.9658e-01 -2.5128e+00  2.4273e+01  4.7580e+00  2.4862e+01  1.0000e+00
 1.6192e+01 -1.3768e+01 -5.4299e+00  1.9000e+01 -1.6012e+01 -6.0635e+00  2.5576e+01  1.0000e+00
-6.7891e-01  1.8930e+00  9.1103e-01  6.4159e+00  7.4971e+00 -3.1049e+00  1.0345e+01  1.0000e+00
 1.0919e+01 -9.4382e+00  2.4252e+01  1.2846e+01 -1.1032e+01  2.9118e+01  3.3683e+01  1.0000e+00
 2.2888e+01  3.4157e+00  2.4732e+01  4.3727e+01  5.2998e+00  4.6151e+01  6.3797e+01  1.0000e+00
-4.1532e+00 -4.3532e+00 -1.9813e+01 -5.0763e+00 -4.8845e+00 -2.3160e+01  2.4208e+01  1.0000e+00
-8.2205e-01  2.5867e+00  2.4082e-01  9.1272e-01 -4.2957e+00  1.7613e+00  4.7316e+00  1.0000e+00
-3.5100e-01  1.3723e+00  2.2112e-01  1.4198e+01 -3.0700e+00 -6.4622e+00  1.5899e+01  1.0000e+00
-5.8286e-01  1.3513e+00  1.3635e-01  2.6054e+00  7.0559e+00 -1.0459e+01  1.2883e+01  1.0000e+00
-9.4215e-01  5.9842e-01  9.1562e-01 -4.5704e+00 -6.5582e+00  5.2018e+00  9.5372e+00  1.0000e+00
 1.4847e-01  2.8427e-01  6.1049e-01 -2.0895e+00  4.9308e-01  1.4735e+01  1.4890e+01  1.0000e+00
-1.4538e-01  1.1459e+00  2.1989e-01 -1.0948e+01 -2.0286e+01  1.0031e+01  2.5140e+01  1.0000e+00
 3.4016e-01  1.2885e+00  3.8010e-01 -4.9808e+00  8.0856e+00 -5.2123e+00  1.0833e+01  1.0000e+00
-8.0476e-01  1.6142e+00 -1.5434e-01 -1.4817e+01  9.8996e+00 -1.2916e+01  2.2008e+01  1.0000e+00
-3.3591e+00 -9.5009e+00  2.1636e+01 -3.9152e+00 -1.1418e+01  2.5559e+01  2.8266e+01  1.0000e+00
 8.5566e-02  7.5025e-01  8.9401e-01  9.3650e-01 -9.2027e+00 -6.1377e+00  1.1101e+01  1.0000e+00
-4.1906e-01  2.0080e+00  7.9987e-01 -4.3333e+00  1.1714e+00 -7.8296e+00  9.0251e+00  1.0000e+00
-2.9913e+01  6.3864e+00 -8.2786e+00 -3.5354e+01  8.4845e+00 -9.3583e+00  3.7543e+01  1.0000e+00
-1.0977e-01  8.3359e-01  5.8991e-02 -1.2744e+00  1.3359e+01  3.5036e+00  1.3869e+01  1.0000e+00
-1.0022e+00  1.7249e+00  1.3816e+00  2.1298e+00 -2.2567e+00 -3.8195e+00  4.9211e+00  1.0000e+00
-2.2342e-01  1.6076e+00  5.0359e-02 -4.4287e+00  1.1797e+01  5.2978e+00  1.3670e+01  1.0000e+00
-1.1970e+01 -3.8422e+01 -4.4055e+01 -1.4921e+01 -4.4678e+01 -5.2175e+01  7.0293e+01  1.0000e+00
 2.9207e+01 -2.5749e+01  7.2554e+00  3.5416e+01 -3.1134e+01  8.7275e+00  4.7956e+01  1.0000e+00
-4.6165e-01  1.1711e+00  5.3087e-01 -6.9839e+00  1.3264e+01 -1.7343e+01  2.2924e+01  1.0000e+00
-4.3518e+00  3.0201e+00  1.8516e+00 -6.6303e+00  4.0391e+00  1.1109e+00  7.8428e+00  1.0000e+00
-2.1304e-01 -3.3140e+00  7.5728e-01 -1.5560e+00 -2.4386e+01  3.4359e+00  2.4676e+01  1.0000e+00
-1.4804e+00  1.3346e+00  6.0013e-01  9.3892e+00  6.6313e-01 -2.6201e+00  9.7705e+00  1.0000e+00
 3.9103e-01  5.5250e-01  5.5278e-01  3.9985e+00  1.6587e+00 -4.4442e+00  6.2041e+00  1.0000e+00
-1.0781e-01  1.7178e+00  1.3465e-01  7.5895e-01 -5.1580e+00 -4.3164e+00  6.7685e+00  1.0000e+00
-1.5921e+01  2.4943e+01 -1.3236e+01 -1.9148e+01  3.0296e+01 -1.5824e+01  3.9178e+01  1.0000e+00
-2.6702e+00  1.7658e+00  4.1111e+00 -6.4784e-01  2.1113e+00  6.3826e+00  6.7538e+00  1.0000e+00
-1.6955e-01  1.1671e+00  2.6238e+00  3.7202e+00  1.1725e+00 -1.2428e+00  4.0938e+00  1.0000e+00
-3.7633e-01  9.5919e-01  6.3197e-01 -1.4889e+01  3.4988e+00 -4.0269e+00  1.5816e+01  1.0000e+00
-5.4402e-02  1.1875e+00  1.6348e-01 -1.0322e+01  1.5183e+00 -2.1380e+00  1.0650e+01  1.0000e+00
-7.6418e-01  1.4842e+00  2.1639e-01 -5.3506e+00  5.3647e+00  7.3192e+00  1.0535e+01  1.0000e+00
 3.0038e-01  1.3124e+00  1.6993e-01 -9.5875e+00  9.2821e+00 -1.2425e+00  1.3402e+01  1.0000e+00
-3.0287e-01  1.4260e+00  3.4707e-01 -1.5240e+01  8.1121e+00 -2.1165e+00  1.7394e+01  1.0000e+00
-2.0935e-01  1.9618e+00 -3.5318e-01  4.4974e+00  8.2870e-02 -3.1531e+00  5.4933e+00  1.0000e+00
-1.8339e-01  1.4159e+00  1.6932e-01  3.8569e+00 -1.0523e+01  1.1493e+01  1.6053e+01  1.0000e+00
-1.8417e-01  1.7142e+00  4.0970e-01 -1.4540e+01  1.9637e-02 -8.0503e+00  1.6620e+01  1.0000e+00
 7.0472e+00 -1.1642e+01  2.0686e+01  8.9537e+00 -1.4817e+01  2.3371e+01  2.9085e+01  1.0000e+00
-1.2720e+00  2.3790e+00 -1.0324e+00 -3.9701e+00  3.0518e+00 -6.5064e+00  8.2103e+00  1.0000e+00
 5.6948e+01 -3.8947e+01 -7.9227e+01  6.9252e+01 -4.7253e+01 -9.5417e+01  1.2702e+02  1.0000e+00
 5.1276e-01  7.1846e+00 -1.8070e+00  1.7336e+00  1.6487e+01 -6.7675e+00  1.7906e+01  1.0000e+00
-6.3954e-01  2.1873e+00  3.5533e-01  7.4605e+00 -1.3130e+01 -1.0480e+01  1.8381e+01  1.0000e+00
 1.4399e+01 -3.9155e+00 -2.9653e+00  1.6359e+01 -3.6618e+00 -2.7424e+00  1.6987e+01  1.0000e+00
-1.2633e-01  1.2953e+00  8.7150e-02  2.5295e+00 -5.9843e+00  5.9966e+00  8.8413e+00  1.0000e+00
-1.2277e+00  2.2536e+00  1.4506e-01 -1.4385e+01  4.8252e+00  1.7032e+00  1.5268e+01  1.0000e+00
-1.1651e-01  1.5550e+00  6.7718e-01 -7.7379e-01  1.2684e+01  5.1429e+00  1.3709e+01  1.0000e+00
-8.7736e-01  1.3913e+00  8.0795e-03  4.7920e+00  6.8406e+00  4.2407e+00  9.3670e+00  1.0000e+00
 1.5980e-01  1.1227e+00  4.9105e-01  1.6502e+01 -9.2291e+00  1.6915e+00  1.8983e+01  1.0000e+00
-1.9543e-01  1.3517e+00 -1.0131e-02 -4.6893e+00  1.8823e+01  4.2150e+00  1.9851e+01  1.0000e+00
 9.0430e-02  1.2730e+00  8.5110e-01  5.0990e+00 -8.1832e+00  1.2137e+01  1.5500e+01  1.0000e+00
 6.5692e-01  1.4307e+00  3.5175e-01  1.3798e+01 -4.7981e+00 -5.6998e+00  1.5681e+01  1.0000e+00
 1.4090e+00 -1.1144e+01  1.9718e+01  1.7330e+00 -1.3004e+01  2.2980e+01  2.6461e+01  1.0000e+00
-3.8970e+01  3.0012e+01 -2.4874e+01 -5.8163e+01  4.4360e+01 -3.7300e+01  8.2110e+01  1.0000e+00
-1.6216e+00  1.3041e+00  8.6553e-01  1.2554e+01  4.3293e-01  2.0446e+00  1.2727e+01  1.0000e+00
-5.4347e-02  2.6233e-01  3.2557e-01 -1.6204e+00 -9.7749e+00  3.4873e+00  1.0504e+01  1.0000e+00
 1.2599e-01  1.3024e+00  6.0503e-01 -7.0358e+00  8.2420e+00 -1.5526e+01  1.8934e+01  1.0000e+00
-6.3638e-01  1.2742e+00  4.3974e-01  1.8580e+01  1.3528e+01  3.6105e+00  2.3265e+01  1.0000e+00
-6.7005e-01  1.4924e+00 -1.1974e-01  1.3332e+01  1.1659e+00  1.8119e+00  1.3505e+01  1.0000e+00
-3.2422e-01  1.0454e+00  3.6638e-01  1.5015e+01  6.7844e+00 -1.1058e+01  1.9844e+01  1.0000e+00
-1.8945e+01  1.5982e+01 -5.2836e+00 -2.2207e+01  1.8772e+01 -6.1562e+00  2.9723e+01  1.0000e+00
 1.1561e+01 -9.0798e+00 -3.5389e+01  1.4087e+01 -1.1146e+01 -4.3145e+01  4.6735e+01  1.0000e+00
-3.5442e-01  3.0093e+00 -2.3164e-02 -3.8577e+00 -1.5016e+00  4.4016e-01  4.1630e+00  1.0000e+00
-8.3338e-01 -2.2641e+01 -1.6169e+01 -3.4562e-01 -2.7066e+01 -1.9104e+01  3.3131e+01  1.0000e+00
-8.5634e+00  8.0798e+00 -3.3389e+01 -1.0540e+01  9.9697e+00 -4.0485e+01  4.3006e+01  1.0000e+00
 3.9484e+00 -1.9729e+01  2.1626e-01  4.5170e+00 -2.3026e+01  3.5301e-01  2.3468e+01  1.0000e+00
-1.5106e+00  1.6112e+00  5.2407e-01  1.2690e+01  3.2523e+00 -1.5777e+00  1.3195e+01  1.0000e+00
-3.8540e+00 -5.0176e+00 -2.1213e+01 -4.5823e+00 -6.0517e+00 -2.4269e+01  2.5428e+01  1.0000e+00
 2.1639e+00  4.9950e+00  4.5635e+00  1.8821e+00  3.9391e+00  3.4169e+00  5.5438e+00  1.0000e+00
-7.3665e-02  1.4582e+00  5.5560e-01  6.6828e+00  7.4511e+00  1.1098e+01  1.4945e+01  1.0000e+00
 1.3327e+01  7.9077e+00  1.8364e+01  1.8102e+01  9.8722e+00  2.4561e+01  3.2068e+01  1.0000e+00
-1.1151e+00  1.9119e+00 -6.8327e-01  1.4058e+00  2.0300e+00  5.0866e+00  5.6542e+00  1.0000e+00
 1.3260e+01 -1.6373e+01 -6.4690e+00  1.6285e+01 -1.8763e+01 -7.7548e+00  2.6026e+01  1.0000e+00
-8.0406e-01  1.5548e+00  2.5619e-01  2.3675e+00 -6.1739e+00  2.7497e+00  7.1612e+00  1.0000e+00
-3.9178e-01  9.0497e-01  2.3745e-01 -6.0067e+00  1.2734e+01 -5.8153e+00  1.5233e+01  1.0000e+00
-2.3066e+01 -1.0363e+01 -7.2057e+00 -2.7357e+01 -1.2231e+01 -8.4349e+00  3.1131e+01  1.0000e+00
 1.1377e+01  6.3392e+00  1.1478e+01  1.2389e+01  7.4944e+00  1.3317e+01  1.9672e+01  1.0000e+00
 2.0098e-01  1.2606e+00  1.5733e-02  1.6286e+01 -5.5549e+00  2.1336e+00  1.7339e+01  1.0000e+00
 9.3554e+00 -3.0414e+01 -2.4058e+00  1.1447e+01 -3.6749e+01 -2.9207e+00  3.8602e+01  1.0000e+00
 3.3400e+01 -9.9345e+00  2.5861e+01  8.4639e+01 -2.7144e+01  6.4804e+01  1.1000e+02  1.0000e+00
-4.5157e+01 -4.3475e+00  6.6646e+01 -5.6974e+01 -5.5829e+00  8.4052e+01  1.0170e+02  1.0000e+00
 1.7894e+01 -3.0874e+01 -2.5088e+01  2.2007e+01 -3.7696e+01 -3.0706e+01  5.3368e+01  1.0000e+00
-2.4008e-01  1.2015e+00 -1.0816e-02 -3.9728e+00 -4.4010e+00  2.6477e+00  6.4932e+00  1.0000e+00
-1.8649e+00  6.3977e+00  1.5007e+00 -5.8910e-01  6.9161e+00  1.1323e+00  7.0328e+00  1.0000e+00
-6.9981e-02  8.4617e-01 -5.4346e-02  5.3571e+00  9.5782e+00 -6.2340e+00  1.2622e+01  1.0000e+00
-9.6555e+00 -1.9416e+00 -6.8127e+00 -9.8289e+00 -2.4726e+00 -5.8278e+00  1.1691e+01  1.0000e+00
-6.8390e-01  1.1057e+00  7.8306e-01  1.6314e+01  8.9447e+00 -1.0876e+01  2.1551e+01  1.0000e+00
-1.7560e-01  6.9954e-01  6.9107e-02  3.4083e+00 -1.6185e+01 -9.0316e-01  1.6565e+01  1.0000e+00
-2.9446e-01 -2.2595e+01 -1.6096e+01 -1.0430e+00 -2.6664e+01 -1.9217e+01  3.2884e+01  1.0000e+00
-1.0757e+00 -1.1457e+01 -3.0957e-01 -2.3403e+00 -3.7407e+01 -2.6145e+00  3.7572e+01  1.0000e+00
-3.7995e-01  1.3125e+00  2.5127e-01 -2.2065e+01  1.1871e+01 -9.2269e+00  2.6700e+01  1.0000e+00
-3.1863e-01  1.0074e+00  1.1409e+00 -1.5083e+00 -7.6140e+00  3.9731e+00  8.7197e+00  1.0000e+00
 4.7788e-01  1.1810e+00  4.1420e-01  1.6389e+01  6.4475e+00  2.5323e+00  1.7793e+01  1.0000e+00
-6.5637e-01  1.2451e+00  3.7727e-01  2.9946e+00 -2.7358e+00  1.3719e+01  1.4307e+01  1.0000e+00
-4.3506e+01 -5.2295e+01  2.4481e+01 -5.1364e+01 -6.2584e+01  2.9541e+01  8.6184e+01  1.0000e+00
 4.3184e-01  1.6124e+00 -2.1446e-01  9.4769e+00  5.0159e+00 -3.9899e+00  1.1441e+01  1.0000e+00
-3.5556e+00  6.4961e+00 -2.4932e+00 -2.9961e+00  6.3280e+00 -1.5134e+00  7.1631e+00  1.0000e+00
 4.9089e-01  8.7712e-01  1.9973e-01 -7.5100e+00  1.0960e+00 -5.6010e-01  7.6102e+00  1.0000e+00
-2.2323e-01  1.0033e+00  5.5815e-01 -1.3921e+01 -4.1155e+00  8.8979e+00  1.7026e+01  1.0000e+00
-1.9232e-01  1.5507e+00  1.3286e-01  2.1435e+01 -2.5643e+00  8.3683e+00  2.3153e+01  1.0000e+00
-7.3561e-01  1.4166e+00  7.9248e-01  5.8624e+00  5.9468e+00 -2.3684e+00  8.6799e+00  1.0000e+00
-4.4419e-01  6.3416e-01  1.9233e-01  7.6972e+00  1.6940e+00 -2.9270e+00  8.4074e+00  1.0000e+00
-1.4977e-01 -1.9811e+01  9.4202e+00 -1.7811e-01 -2.3242e+01  1.0878e+01  2.5662e+01  1.0000e+00
-2.6047e+01 -1.5500e+01 -9.4924e+00 -3.0408e+01 -1.7200e+01 -1.0237e+01  3.6405e+01  1.0000e+00
 2.8901e-01  1.8668e+00  1.7923e-01  8.8787e+00 -1.7151e+00 -5.5252e+00  1.0597e+01  1.0000e+00
 2.9424e-01  1.6513e+00  3.1473e-01 -1.0589e+01 -2.7956e+00  1.0062e+01  1.4872e+01  1.0000e+00
 3.3432e+01 -1.1964e+01 -1.9513e+00  4.0619e+01 -1.4486e+01 -2.2776e+00  4.3185e+01  1.0000e+00
-1.1100e-01  1.2736e+00  1.0951e+00  1.7050e+01 -6.4159e+00 -2.9915e+00  1.8461e+01  1.0000e+00
 3.2585e+02 -4.0313e+02  2.6391e+02  3.8386e+02 -4.7418e+02  3.0947e+02  6.8408e+02  1.0000e+00
 3.2748e-01  1.0849e+00  3.2224e-01  3.9226e+00  3.5298e+00 -1.1517e+01  1.2668e+01  1.0000e+00
-5.4828e-01  1.4818e+00  5.8838e-01  3.3924e+00 -6.7714e+00  1.1967e+01  1.4162e+01  1.0000e+00
-3.0705e-01  1.0715e+00 -8.7561e-02 -4.5223e+00  2.5715e+00 -8.8373e+00  1.0255e+01  1.0000e+00
 1.8191e+01  1.4660e+01  1.4411e+00  2.1214e+01  1.6982e+01  1.8633e+00  2.7238e+01  1.0000e+00
-1.4939e+01 -3.8358e+00  8.1948e+00 -1.8358e+01 -4.6335e+00  1.0732e+01  2.1764e+01  1.0000e+00
 4.4870e+00 -2.4807e+01  1.2055e+00  5.2353e+00 -2.9263e+01  1.2202e+00  2.9753e+01  1.0000e+00
-4.9992e-03  9.2413e-01  4.3287e-01 -4.7076e+00  1.4303e+00 -1.5454e+01  1.6219e+01  1.0000e+00
 1.1604e+00  1.1394e+01 -1.7680e+01  1.2363e+00  1.3111e+01 -2.0520e+01  2.4382e+01  1.0000e+00
-5.1047e+01  1.7189e+01  1.8645e+01 -6.8463e+01  2.3092e+01  2.4961e+01  7.6443e+01  1.0000e+00
-3.4031e-01  1.1890e+00  5.3117e-01 -2.1321e+00  1.1151e+01  1.1916e+00  1.1415e+01  1.0000e+00
-5.9956e-01  1.6102e+00  6.0259e-01 -2.0425e+00 -1.3949e+01 -5.8894e+00  1.5278e+01  1.0000e+00
 5.0756e-02  1.2219e+00  6.3572e-01 -6.6081e+00  1.5234e+01 -9.6814e-02  1.6605e+01  1.0000e+00
-1.3874e+00  2.2761e+00 -2.2468e-02 -5.0897e+00  7.4165e+00 -6.3173e+00  1.0992e+01  1.0000e+00
 2.4824e+00 -2.5711e+01  2.0441e+01  2.9593e+00 -3.1082e+01  2.4728e+01  3.9829e+01  1.0000e+00
 1.5645e+01 -2.9251e+01  1.1611e+01  2.3424e+01 -4.3977e+01  1.7149e+01  5.2695e+01  1.0000e+00
-1.6518e+00  1.4284e+01  2.3775e+00 -3.1955e+00  1.4925e+01  2.9273e+00  1.5542e+01  1.0000e+00
-5.6275e-01  1.9842e+00  5.6759e-01  6.7946e+00  9.0755e+00  9.7057e+00  1.4924e+01  1.0000e+00
-1.7960e+00  4.0545e+00  1.0780e-02 -5.6472e+00  1.1522e+01 -6.2878e-02  1.2832e+01  1.0000e+00
-3.7357e-01  1.4690e+00  4.7968e-01 -2.5112e+00 -2.4008e+00  1.2651e+01  1.3119e+01  1.0000e+00
 1.2883e+01 -3.9665e+00  6.8261e+00  1.4298e+01 -3.7134e+00  7.1269e+00  1.6401e+01  1.0000e+00
-1.8778e-01  1.0312e+00  5.4138e-02 -1.6014e+01  2.3634e+00 -1.0771e+01  1.9443e+01  1.0000e+00
-2.1458e-02  1.0551e+00  8.5104e-03  4.9953e+00 -6.0548e+00 -7.2905e+00  1.0713e+01  1.0000e+00
-2.7568e-02  1.4880e+00  1.6139e-01 -7.7309e-01 -7.9342e+00 -7.6324e+00  1.1036e+01  1.0000e+00
-5.4204e+00 -4.6316e+00 -2.7590e+01 -6.3557e+00 -5.3992e+00 -3.2926e+01  3.3966e+01  1.0000e+00
-1.4032e+00 -1.8824e-01  4.3444e+00  7.0346e-01  2.3238e+00 -7.8355e-01  2.5512e+00  1.0000e+00
 3.3904e+01 -7.1290e-01 -7.2598e+00  4.1152e+01 -7.3258e-01 -8.5550e+00  4.2038e+01  1.0000e+00
-3.1319e-01  2.1251e+00 -1.4243e-01 -5.7938e+00  5.0825e+00 -5.5114e+00  9.4750e+00  1.0000e+00
 1.1821e+01 -2.0407e+00  3.0989e+01  1.4332e+01 -2.8558e+00  3.7632e+01  4.0369e+01  1.0000e+00
-1.5843e-01  1.2068e+00  7.4319e-01  1.2439e+01 -1.4631e+01  1.6969e+01  2.5627e+01  1.0000e+00
 3.4585e-01  2.3287e+00 -3.8119e-01  8.0698e+00  6.7664e+00  5.7387e+00  1.1993e+01  1.0000e+00
-1.3185e+01  2.2526e+00  2.1571e+01 -1.5395e+01  2.6635e+00  2.5532e+01  2.9933e+01  1.0000e+00
-2.5056e+00  9.2883e+00 -4.8843e-01 -3.5511e+00  6.1994e+00 -7.3925e-01  7.1826e+00  1.0000e+00
-4.1797e-02  1.0719e+00  6.9887e-02  1.0870e+01  8.4356e+00  6.3643e+00  1.5160e+01  1.0000e+00
 9.3015e-01  5.2984e+01  3.4285e+01  2.7993e-01  6.3424e+01  4.0453e+01  7.5227e+01  1.0000e+00
-6.8108e+00  6.0709e+00 -1.9661e+00 -5.0635e+00  4.7286e+00 -3.6867e-01  6.9379e+00  1.0000e+00
-3.3549e-01  4.5487e-01  1.1933e+00  7.1946e+00  6.8530e+00 -4.3959e+00  1.0865e+01  1.0000e+00
-6.8031e-01  1.3350e+00  4.6185e-01 -5.2869e-01  2.5663e-01 -7.8658e+00  7.8878e+00  1.0000e+00
-4.9125e-01  1.0719e+00  5.8890e-01  5.6214e+00  4.2395e-01  2.3764e+00  6.1178e+00  1.0000e+00
-2.3269e-01  1.3176e+00 -3.3439e-01  7.1612e+00  1.4750e+00 -6.0014e-01  7.3361e+00  1.0000e+00
-1.4490e-01  1.5710e+00  4.0982e-01 -1.2057e+01  7.6565e+00  3.2847e-01  1.4286e+01  1.0000e+00
-3.0407e+00  5.8983e-01  4.6930e+00  8.4348e-01  1.8341e+00  5.8289e-02  2.0196e+00  1.0000e+00
 1.5683e-01  7.2800e-01  7.8425e-01 -2.5549e+00 -3.7217e+00  2.4489e+00  5.1358e+00  1.0000e+00
-1.9454e+01  1.6275e+01  5.4808e+00 -2.6858e+01  2.2427e+01  7.1462e+00  3.5712e+01  1.0000e+00
 2.1519e+00 -3.5028e+00  1.2991e+00  1.8017e+01 -3.1305e+01  6.2973e+00  3.6664e+01  1.0000e+00
-2.9358e-01  1.4828e+00  3.4194e-01 -3.0095e+00  3.2342e+00  2.0460e+00  4.8686e+00  1.0000e+00
-2.2692e-01  1.1767e+00  5.1620e-01 -1.8773e+01 -1.1878e+01  7.0387e+00  2.3304e+01  1.0000e+00
-1.4054e-01  1.4354e+00  8.8305e-01 -4.9493e+00  4.3908e+00  1.2309e+01  1.3975e+01  1.0000e+00
 1.1063e+01 -1.8490e+01 -9.3118e+00  1.3092e+01 -2.1380e+01 -1.0963e+01  2.7362e+01  1.0000e+00
-6.2744e-01  2.0476e+00 -2.2196e-01 -1.0601e+00 -4.9151e+00  2.1875e+00  5.4834e+00  1.0000e+00
 1.4605e+01  4.1100e+00 -3.2302e+01  1.7747e+01  5.2270e+00 -3.7967e+01  4.2235e+01  1.0000e+00
-2.2682e+00  1.2234e+01 -7.4663e+00 -2.4430e+00  1.2946e+01 -7.0915e+00  1.4961e+01  1.0000e+00
-2.9169e+01 -1.0167e+01  6.9216e+00 -3.5396e+01 -1.2074e+01  8.3590e+00  3.8322e+01  1.0000e+00
 3.6693e+01 -3.5243e+00 -1.4995e+01  4.4977e+01 -4.2832e+00 -1.8240e+01  4.8724e+01  1.0000e+00
 1.4264e+01 -7.8911e+01  4.8972e+01  1.7616e+01 -9.7711e+01  6.0738e+01  1.1639e+02  1.0000e+00
-4.1652e-01  1.1816e+00  4.9122e-01  7.4385e+00  4.0889e-01 -7.2854e+00  1.0420e+01  1.0000e+00
-1.7346e-02  1.5869e+00  6.1104e-01  9.0118e+00  1.2970e+01  6.7247e+00  1.7166e+01  1.0000e+00
 1.9835e-01  1.4431e+00  4.3882e-01  3.9577e+00 -4.5716e+00  2.9305e+00  6.7195e+00  1.0000e+00
-1.1792e+00  3.8546e-01  6.2025e-01  2.7581e+00  3.9585e+00 -1.7421e-01  4.8278e+00  1.0000e+00
-1.7597e+01 -8.5235e+00 -8.9999e+00 -2.0714e+01 -9.4570e+00 -1.0561e+01  2.5101e+01  1.0000e+00
-6.2998e-01  1.4098e+00  4.2536e-01  1.7063e+01 -2.5888e+00  2.3141e+00  1.7412e+01  1.0000e+00
 9.9621e-02  1.4987e+00  6.2561e-02  6.7119e+00  1.5864e+01  1.8620e+01  2.5366e+01  1.0000e+00
 2.6162e-01  1.4466e+00  7.0468e-01 -6.4800e+00  4.0725e+00 -7.0611e+00  1.0413e+01  1.0000e+00
-2.6829e-01  1.4568e+00  2.6202e-01 -2.0525e+01 -2.2615e-01  8.1549e+00  2.2087e+01  1.0000e+00
 3.4273e+00 -2.8309e+00 -4.0062e+00  1.8120e+00  5.1984e-01 -1.9709e+00  2.7272e+00  1.0000e+00
-7.6962e-01  1.3341e+00  4.1069e-01 -1.1327e+01  8.0862e+00  3.1633e+00  1.4272e+01  1.0000e+00
-8.3084e-01  1.1383e+00  2.2371e-01 -3.1357e+00  9.6691e+00  2.1205e+00  1.0384e+01  1.0000e+00
 1.1967e+01 -1.4578e+01 -1.7599e+01  1.4085e+01 -1.7622e+01 -2.0532e+01  3.0504e+01  1.0000e+00
 9.3051e+00  4.5050e+00 -4.8391e+00  2.2045e+01  8.7065e+00 -1.0169e+01  2.5791e+01  1.0000e+00
 2.3307e-01  1.1002e+00  6.2260e-01 -1.6381e+00 -1.9285e+00  8.0006e+00  8.3912e+00  1.0000e+00
 5.5867e-02  7.4373e-01  5.8360e-01 -1.9272e+00 -3.4148e+00  2.1394e+00  4.4668e+00  1.0000e+00
 1.0520e-01  8.0292e-01 -4.3400e-01  7.7489e+00  9.4352e+00 -8.5698e+00  1.4917e+01  1.0000e+00
 1.7068e+01 -8.3546e+00 -1.1220e+01  3.0642e+01 -1.5827e+01 -2.0141e+01  3.9939e+01  1.0000e+00
-6.8892e-01  1.2845e+00  3.8540e-01 -4.4515e+00  7.9587e+00 -9.3539e+00  1.3063e+01  1.0000e+00
-5.8066e-02  1.1345e+00  4.7526e-01 -2.5358e+01  9.0525e+00 -7.1025e+00  2.7846e+01  1.0000e+00
-4.2559e+01  1.0250e+01  2.0967e+01 -6.0115e+01  1.4430e+01  2.9672e+01  6.8574e+01  1.0000e+00
 1.6330e-02  1.4671e+00  4.8284e-01  6.6412e+00  1.0586e+01  7.5954e+00  1.4624e+01  1.0000e+00
 1.5674e+01  1.1337e+01 -1.1825e+00  1.7520e+01  1.3207e+01 -9.3139e-01  2.1960e+01  1.0000e+00
-1.7614e-01  1.3452e+00  4.2161e-02 -1.7508e+01  5.3260e+00  7.2622e+00  1.9689e+01  1.0000e+00
-4.2904e-01  9.2229e-01  1.4733e-01  3.5187e+00  1.8448e+00  1.6402e+00  4.2982e+00  1.0000e+00
 4.1840e-02  1.3562e+00  6.0235e-01  5.0224e+00 -1.7124e-01  8.7161e+00  1.0061e+01  1.0000e+00
 3.1201e+00  1.4012e+01 -7.4699e-01  3.7319e+00  1.4263e+01 -1.3300e+00  1.4803e+01  1.0000e+00
-3.2354e+02  4.0176e+02 -2.6895e+02 -3.7964e+02  4.7214e+02 -3.1702e+02  6.8377e+02  1.0000e+00
-9.5955e-01  1.2408e+00 -1.9404e-01  4.5290e+00  1.7992e+00 -7.1608e-01  4.9256e+00  1.0000e+00
-9.8312e-01  3.0949e+00  4.2443e-01  2.0809e+00  5.6896e+00  2.9882e+00  6.7550e+00  1.0000e+00
-1.0727e+00  3.8562e+00  1.4477e-02  5.1173e-02 -1.1184e+00  1.0813e+00  1.5565e+00  1.0000e+00
 2.2902e-01  1.1635e+00  8.8132e-01  8.5179e+00 -2.9188e+00  5.0372e+00  1.0317e+01  1.0000e+00
-6.6069e-01  1.1689e+00  8.7040e-01 -9.6545e+00  1.0653e+01  1.1550e+01  1.8442e+01  1.0000e+00
 1.1411e+01 -1.6752e+01 -1.6049e+01  1.3634e+01 -1.8877e+01 -1.9962e+01  3.0671e+01  1.0000e+00
 4.6226e-01  8.0357e-01  7.0493e-01 -1.9913e+01  1.3555e+01 -2.4955e+00  2.4218e+01  1.0000e+00
 9.9649e-02  1.3886e+00 -3.8207e-01 -1.6930e+00  2.4570e+00 -2.0803e+01  2.1016e+01  1.0000e+00
-5.2813e-01  8.0396e-01  4.8456e-01 -7.1709e+00 -4.3479e+00 -5.7209e+00  1.0152e+01  1.0000e+00
-2.5234e+01  1.6341e+00  2.1671e+01 -3.0523e+01  2.2606e+00  2.6397e+01  4.0417e+01  1.0000e+00
-4.3300e-01  1.0894e+00  3.1179e-01  2.0808e+00  5.5142e+00 -3.8842e+00  7.0585e+00  1.0000e+00
-2.5674e-01  1.1470e+00  3.3909e-01  6.3298e+00 -8.7648e-01  9.7656e+00  1.1671e+01  1.0000e+00
-1.7088e+01  1.5620e+01 -2.7565e+01 -2.0715e+01  1.9131e+01 -3.3451e+01  4.3751e+01  1.0000e+00
 2.8905e+01 -1.9695e+01  8.0062e+00  3.5073e+01 -2.3786e+01  9.7757e+00  4.3491e+01  1.0000e+00
 1.5145e+01 -9.3019e+00  1.7093e+01  1.7651e+01 -1.0843e+01  2.0291e+01  2.8997e+01  1.0000e+00
 2.5961e-01  1.1819e+00  8.7013e-01 -1.8149e+01 -1.0658e+00  7.7560e+00  1.9766e+01  1.0000e+00
-4.9821e-01  1.1541e+00  5.2254e-01  1.0367e+00  9.9763e+00 -3.6516e+00  1.0674e+01  1.0000e+00
-2.0803e-01  1.4482e+00  6.7447e-01  9.5020e-01 -2.2831e-01 -1.8203e+01  1.8229e+01  1.0000e+00
-1.0766e+01  1.4634e+00  3.3900e+00 -1.0034e+01  9.4506e-01  2.7718e+00  1.0452e+01  1.0000e+00
-8.8294e-01  1.3645e+00  3.8039e-01 -8.4613e+00 -4.2376e+00 -3.2375e+00  1.0002e+01  1.0000e+00
-6.4239e-02  1.1373e+00  3.9582e-01 -7.8806e+00  3.3052e+00 -6.8827e+00  1.0973e+01  1.0000e+00
-2.2904e-01  1.3014e+00  2.6580e-01 -7.2038e+00 -3.1190e+00  1.6261e+01  1.8057e+01  1.0000e+00
-6.3991e-01  1.6417e+00  7.2352e-01 -2.1156e+00  1.3269e+00  4.3119e-01  2.5342e+00  1.0000e+00
-1.0693e+01  1.0871e+01 -8.9289e+00 -1.1707e+01  1.2973e+01 -9.7258e+00  1.9999e+01  1.0000e+00
-1.0548e-01  1.6403e+00  5.7362e-01 -1.9631e+01  1.5777e+01 -2.8929e+00  2.5351e+01  1.0000e+00
-8.6453e+00  5.4726e+00 -2.1026e+01 -1.0215e+01  6.4155e+00 -2.4544e+01  2.7348e+01  1.0000e+00
-3.5111e+00  1.2491e+01  4.8291e+00 -5.2402e+00  1.2424e+01  3.8624e+00  1.4026e+01  1.0000e+00
-2.7439e+01 -5.9225e+00 -7.4181e+00 -3.3298e+01 -6.8872e+00 -8.3747e+00  3.5018e+01  1.0000e+00
-3.2190e-01  8.3776e-01  7.9222e-01  7.2820e+00 -1.1594e+01  1.3055e+01  1.8918e+01  1.0000e+00
-1.6133e-01  1.6103e-01 -2.7732e+00 -3.8759e-01  2.6509e+00  4.3451e+00  5.1047e+00  1.0000e+00
-2.9340e-01  1.1824e+00  2.9407e-01 -1.3936e+01  1.7542e+01 -1.2175e+01  2.5499e+01  1.0000e+00
 1.9892e+00  1.3329e+00 -1.0462e+00  7.6053e+00  7.7039e-01  6.4856e-01  7.6717e+00  1.0000e+00
-5.6182e-02  4.8536e-01  6.9386e-01  4.7713e+00  9.4358e+00  6.8470e+00  1.2597e+01  1.0000e+00
-6.0155e-01  1.2236e+00  3.0957e-01  6.1569e+00  3.3559e+00  6.5497e+00  9.5952e+00  1.0000e+00
 3.8330e-01  2.9736e+00  1.7200e+00  1.1553e+00  5.3437e+00  2.7559e+00  6.1225e+00  1.0000e+00
 2.2749e+00 -2.9098e-01 -1.0351e+00 -5.1689e+00  5.2309e+00 -2.6329e+00  7.8110e+00  1.0000e+00
 2.2083e+00  7.0490e+00 -2.1905e+00  3.5852e+00  1.0017e+01 -4.4545e+00  1.1534e+01  1.0000e+00
-9.9875e-02  2.2543e+00  3.8333e-01 -5.4075e+00  1.5380e+01 -3.9746e-01  1.6308e+01  1.0000e+00
-3.5143e+01  3.8275e+01 -2.3246e+01 -4.1903e+01  4.4162e+01 -2.6615e+01  6.6441e+01  1.0000e+00
-3.1377e-01  1.4897e+00 -2.8131e-01  4.5978e-01  1.8465e+00  1.2938e+01  1.3078e+01  1.0000e+00
-4.1183e-01  2.5581e-01  6.9341e-01  9.7442e+00 -1.0831e+01  8.3928e-01  1.4593e+01  1.0000e+00
-1.1200e+01 -5.3573e+00 -1.0901e+01 -1.9589e+01 -1.0621e+01 -1.9947e+01  2.9907e+01  1.0000e+00
-2.7959e-01  1.4419e+00  6.0898e-01  1.5611e+00  1.0299e+01  3.1014e+00  1.0868e+01  1.0000e+00
-5.8424e-01 -1.8894e+01 -1.0460e+01 -5.9299e-01 -2.1789e+01 -1.2434e+01  2.5094e+01  1.0000e+00
 3.1514e-01  1.2312e+00  6.4017e-01 -3.6641e+00  6.9828e+00  1.2360e+01  1.4661e+01  1.0000e+00
 1.1516e+01 -1.6723e+01 -1.5947e+01  1.3710e+01 -2.0503e+01 -1.7829e+01  3.0434e+01  1.0000e+00
-7.6203e-01  1.4440e+00  7.5600e-01 -1.4209e+01 -2.4936e+00  1.3380e+00  1.4488e+01  1.0000e+00
-3.6067e+01  9.3255e+00 -1.8894e+01 -9.0992e+01  2.1559e+01 -4.8370e+01  1.0528e+02  1.0000e+00
 1.5453e+00  1.1469e+01  4.4942e+00  2.3854e+00  1.1182e+01  3.7214e+00  1.2024e+01  1.0000e+00
 5.7555e+00 -1.1594e+01  1.8360e+01  7.0015e+00 -1.3430e+01  2.1637e+01  2.6411e+01  1.0000e+00
-1.1106e-01  1.4761e+00  3.9337e-01 -6.6851e+00  9.8455e+00  1.2467e+00  1.1966e+01  1.0000e+00
-2.2731e+01  1.2977e+01 -5.1971e+00 -4.2307e+01  2.3333e+01 -9.9076e+00  4.9320e+01  1.0000e+00
-7.1229e-03  1.0601e+00  3.0684e-01  8.4847e+00 -8.2619e+00 -2.0101e+00  1.2012e+01  1.0000e+00
 2.1877e-01  1.8023e+00  1.0687e+00  6.5079e-01 -2.7761e+00 -4.1982e+00  5.0749e+00  1.0000e+00
-1.3550e+01 -4.5835e+00  8.0282e+00 -1.4914e+01 -5.1020e+00  8.4336e+00  1.7877e+01  1.0000e+00
-2.0919e-01  1.6677e+00  2.9400e-01  6.7782e+00 -1.0913e-01 -8.4904e+00  1.0865e+01  1.0000e+00
-2.9338e+00  7.4667e+00  1.1440e+00 -9.1527e+00  2.0451e+01  2.8186e+00  2.2582e+01  1.0000e+00
 2.1959e+01 -2.8114e+01 -2.2485e+00  2.6826e+01 -3.4046e+01 -2.7895e+00  4.3434e+01  1.0000e+00
-1.0377e+00  2.9348e+00  8.5421e-01  1.8918e+00 -3.6376e+00  5.1862e-01  4.1327e+00  1.0000e+00
 8.8009e-01 -2.2989e+00  1.5759e+00 -7.7016e-01 -2.2472e+00  1.9718e+00  3.0872e+00  1.0000e+00
-8.7945e-02  1.0135e+00  8.1384e-01  1.3268e+01  1.1243e+01 -2.6365e+00  1.7590e+01  1.0000e+00
 1.0178e+00  7.7623e-01  8.0198e-01  2.0578e+00  6.9776e+00  3.8705e+00  8.2403e+00  1.0000e+00
-1.5572e+00  2.3344e+00 -2.0608e+00 -3.8821e+00  3.8274e+00 -9.3181e+00  1.0796e+01  1.0000e+00
-6.9537e-01  1.0688e+00  7.2538e-01 -1.3358e+01  7.2466e+00 -5.7112e+00  1.6235e+01  1.0000e+00
-1.4720e+00  1.4787e+00 -5.5410e-01  7.8378e+00  4.7821e+00  2.3062e+00  9.4667e+00  1.0000e+00
-6.4789e+00 -1.9750e+00 -1.2320e+00 -4.9611e+00 -3.9754e-01 -3.6405e-01  4.9903e+00  1.0000e+00
-4.7990e-01  1.1464e+00  4.4408e-01  3.3655e+00  5.4523e+00 -1.2053e+00  6.5198e+00  1.0000e+00
-2.4583e-01  8.6790e-01  4.9856e-01 -2.7538e+00 -4.6611e+00 -1.0536e+00  5.5154e+00  1.0000e+00
-1.3231e-01  1.2814e+00  3.1689e-01 -1.2202e+01  1.2204e+01 -1.4883e+01  2.2789e+01  1.0000e+00
-3.0034e-01  1.6705e+00  5.0013e-01 -1.0648e+01  1.3793e+01 -5.8263e+00  1.8373e+01  1.0000e+00
-2.6109e-01  1.1632e+00  8.2513e-01  9.6397e+00  1.4578e+01  8.6623e+00  1.9506e+01  1.0000e+00
 5.3064e-01  2.1748e+00  1.2096e+00 -1.4088e-01 -3.8214e+00 -4.5487e+00  5.9425e+00  1.0000e+00
 5.9842e+00 -1.3494e+01 -3.6207e+00  2.1724e+01 -5.0378e+01 -1.3237e+01  5.6437e+01  1.0000e+00
 2.8676e-01  1.2230e+00  4.2013e-01 -2.2241e+01  7.2803e+00 -6.2971e+00  2.4235e+01  1.0000e+00
-4.7542e+01  3.8377e+01  1.7891e+01 -8.1274e+01  6.5132e+01  3.0714e+01  1.0859e+02  1.0000e+00
-1.1909e+00  1.6285e+00  1.0879e+00  4.1876e+00 -2.4634e+00  4.5183e+00  6.6347e+00  1.0000e+00
-1.3457e-01  7.5030e-01 -3.9271e-01  3.4224e+00  4.0720e+00  5.1694e+00  7.4173e+00  1.0000e+00
-1.5604e+02  5.1258e+00  1.4021e+02 -2.4181e+02  7.3671e+00  2.1773e+02  3.2547e+02  1.0000e+00
-2.2662e-01  1.4785e+00 -5.2222e-02  8.7229e+00 -5.1553e+00 -2.3552e+00  1.0403e+01  1.0000e+00
-1.0939e+00  1.0202e+00 -9.9420e-02  8.1321e+00  4.0665e+00  9.5272e+00  1.3170e+01  1.0000e+00
-3.9898e-01  1.3145e+00  5.5677e-01 -1.1452e+01  1.2875e+01 -7.0736e+00  1.8627e+01  1.0000e+00
-4.0546e+00  5.9674e+00  1.5478e+01 -4.2217e+00  5.9360e+00  1.5815e+01  1.7412e+01  1.0000e+00
 5.9981e+00  2.7695e+00  1.6922e+00  1.5019e+00  2.4032e+00  1.3404e+00  3.1349e+00  1.0000e+00
 1.1842e+01 -6.9483e+00 -1.0108e+01  1.3134e+01 -8.0134e+00 -1.1023e+01  1.8926e+01  1.0000e+00
 1.6604e-01  1.5364e+00 -2.7515e-01  1.2602e+01  7.2693e+00 -7.1643e+00  1.6217e+01  1.0000e+00
 1.7419e+01 -1.7687e+01 -2.6112e+01  2.1282e+01 -2.1432e+01 -3.1479e+01  4.3626e+01  1.0000e+00
-3.2492e-01  1.6949e+00  6.7038e-01  1.6058e+00  3.6314e+00 -7.5012e-01  4.0408e+00  1.0000e+00
-1.7007e-01  1.1646e+00  5.6449e-01  3.0676e+00 -7.9323e+00  1.3404e+00  8.6097e+00  1.0000e+00
 4.0682e-01  1.3845e+00  9.3759e-01  4.2704e-01  9.0929e+00 -9.0440e-01  9.1477e+00  1.0000e+00
-1.3053e+01 -2.0891e+01 -1.9656e+01 -2.4927e+01 -4.1534e+01 -3.8298e+01  6.1751e+01  1.0000e+00
-6.2612e-01  1.3102e+00 -3.7102e-03  7.5925e+00 -6.9418e+00  1.4497e+01  1.7776e+01  1.0000e+00
 5.6944e-01  1.8930e+00 -1.8426e-01  2.2563e+00  5.2538e+00  4.3055e+00  7.1576e+00  1.0000e+00
 4.4682e-01  1.1442e+00  1.6429e-01 -6.1948e+00  9.0393e+00  3.6176e+00  1.1540e+01  1.0000e+00
-1.6725e-01  1.5586e+00  5.6230e-01  7.4797e+00  1.6896e+01  2.1130e+01  2.8069e+01  1.0000e+00
 4.9767e-01  6.5919e-01  9.5204e-01  4.8494e+00  3.6360e+00 -3.6597e+00  7.0803e+00  1.0000e+00
-1.2626e+00  2.6558e+00  2.3220e+00  1.8599e+00  9.6798e-02 -4.2942e+00  4.6807e+00  1.0000e+00
-4.2400e+00  6.5926e+00  1.8554e+01 -4.4297e+00  7.7810e+00  2.1024e+01  2.2851e+01  1.0000e+00
-7.1822e-01  1.2838e+00 -9.5864e-01 -4.9157e+00 -5.8791e+00  5.9761e+00  9.7181e+00  1.0000e+00
 1.9353e-01  6.6450e-01  1.1016e-04 -2.3556e+00  5.5410e+00  8.0161e+00  1.0025e+01  1.0000e+00
-4.3288e-01  1.3511e+00  1.5504e-01  7.9400e+00 -2.0714e+00  9.2149e+00  1.2339e+01  1.0000e+00
-1.0617e+00  1.2972e+00  2.8916e-01  1.2078e+01  8.3054e+00  8.1182e+00  1.6756e+01  1.0000e+00
 1.3160e+01 -3.3127e+01  5.8887e+01  1.5600e+01 -3.9382e+01  7.0865e+01  8.2560e+01  1.0000e+00
 2.5294e+01  4.8138e+00  2.3887e+01  3.0620e+01  5.7727e+00  2.9114e+01  4.2644e+01  1.0000e+00
-3.2727e+00  1.1161e+00 -1.3433e+00 -4.0085e-01 -1.1766e+00 -3.9363e+00  4.1279e+00  1.0000e+00
-7.9438e-02  1.0196e+00  1.0710e+00 -1.0855e+01  4.6065e+00 -9.6444e+00  1.5234e+01  1.0000e+00
-4.3669e-02  1.2527e+00  9.6952e-01  1.9397e+00  1.6394e+01 -3.3286e+00  1.6841e+01  1.0000e+00
-6.6678e+00  4.4141e+00  2.6385e+01 -7.9697e+00  5.5249e+00  3.1505e+01  3.2964e+01  1.0000e+00
-1.7310e+01 -3.0433e+00 -1.6379e+01 -2.0279e+01 -2.4835e+00 -1.8737e+01  2.7722e+01  1.0000e+00
-2.7548e+00  9.9292e-01  1.5759e+00 -8.9883e+00 -1.9749e+00  3.6907e+00  9.9152e+00  1.0000e+00
-9.5291e+00 -1.6482e+01 -1.2455e+00 -1.1999e+01 -2.1830e+01 -1.2751e+00  2.4943e+01  1.0000e+00
 1.9590e-01  2.2796e+00  2.6012e-01  1.0233e-01  1.9580e+01 -1.3594e+00  1.9628e+01  1.0000e+00
-2.0509e-02  1.2244e+00  4.9759e-01  2.8702e+00 -3.3293e-01 -4.9989e+00  5.7739e+00  1.0000e+00
-1.9404e+00 -5.1774e-02  2.2218e-01  5.2922e+00  7.8487e+00  1.7014e+00  9.6179e+00  1.0000e+00
-2.2194e-01  1.1962e+00  3.3945e-01  2.4071e+00  1.3196e+00  1.4440e+01  1.4698e+01  1.0000e+00
-4.5611e-02  1.4452e+00  1.2500e+00 -4.4397e+00  8.3580e-01  4.2250e+00  6.1855e+00  1.0000e+00
-9.0430e+00  2.8605e+01 -3.6701e+00 -1.0761e+01  3.4316e+01 -4.3244e+00  3.6222e+01  1.0000e+00
 3.9321e+00  2.2539e+00  4.8877e+00  2.4418e-01  3.7978e+00  3.3538e+00  5.0726e+00  1.0000e+00
-1.5982e+01 -1.5734e-01 -4.1696e+00 -1.7503e+01  4.1716e-01 -4.6895e+00  1.8126e+01  1.0000e+00
 1.9334e+00  2.0244e+00 -2.8064e+00  1.2852e+00  1.0169e+00  1.8480e+00  2.4700e+00  1.0000e+00
-1.2821e+01 -4.7768e+00  8.8593e+00 -1.4093e+01 -4.3784e+00  9.5481e+00  1.7577e+01  1.0000e+00
-2.1436e-01  7.5917e-01  6.7344e-03 -2.2975e+00  8.1203e+00  1.0951e+00  8.5098e+00  1.0000e+00
 3.3598e+01  1.2191e+01  2.7961e+00  4.0648e+01  1.4933e+01  3.3236e+00  4.3432e+01  1.0000e+00
 1.2032e+01  1.6668e+01  2.3235e+00  1.4022e+01  1.9066e+01  3.0660e+00  2.3865e+01  1.0000e+00
-2.6232e+01 -1.5700e+01 -9.6247e+00 -3.3032e+01 -2.0005e+01 -1.2776e+01  4.0676e+01  1.0000e+00
 2.3733e+00  3.0196e+00 -1.6833e+00  5.5061e+00  6.9591e-01 -6.2258e+00  8.3404e+00  1.0000e+00
-2.5684e+01 -5.7102e-01 -6.7363e+00 -3.0656e+01 -4.6247e-01 -8.0919e+00  3.1710e+01  1.0000e+00
-5.6547e-01  1.2944e+00  3.2913e-01  1.2607e+01 -8.4190e+00 -2.0744e-01  1.5161e+01  1.0000e+00
-2.8320e-02  1.6357e+00  9.9791e-01 -4.9530e+00  6.2181e+00  5.7564e-01  7.9705e+00  1.0000e+00
-5.1312e+00  2.0745e+01 -7.9704e+00 -5.5074e+00  2.4612e+01 -9.4017e+00  2.6916e+01  1.0000e+00
 3.3053e+01  2.7001e+01 -2.0731e+01  4.7171e+01  3.8168e+01 -2.9447e+01  6.7446e+01  1.0000e+00
-1.0414e-01  1.3804e+00 -1.2309e-01 -1.3760e+01 -1.1911e+01  3.8131e+00  1.8594e+01  1.0000e+00
-1.7487e-01  1.5856e+00  1.5472e-02  3.6560e+00 -1.6097e+00  2.7790e+01  2.8076e+01  1.0000e+00
-2.1211e-01  1.8772e+00  2.6667e-01 -2.6064e+00  2.8388e+00  1.2815e+01  1.3382e+01  1.0000e+00
 4.2251e+00 -3.0123e+00  6.3365e-01  1.8715e+00  5.7247e-01  4.0417e+00  4.4906e+00  1.0000e+00
 2.7869e+00 -1.3427e+00  7.7122e-01  1.5564e+00  2.6088e+00 -4.6791e-01  3.0736e+00  1.0000e+00
-4.0210e-01  1.0096e+00  6.6731e-01 -1.4124e+01 -1.4621e+00  1.9521e+01  2.4139e+01  1.0000e+00
-2.0121e+01 -1.0150e+01 -3.5390e+01 -2.4804e+01 -1.2598e+01 -4.3840e+01  5.1922e+01  1.0000e+00
-3.5828e+01 -1.1877e+01 -1.2104e+00 -4.3709e+01 -1.4202e+01 -1.5542e+00  4.5984e+01  1.0000e+00
 3.9280e+00 -2.7337e+00 -4.3470e+00  3.4194e+00 -2.8005e-01 -9.7819e-01  3.5676e+00  1.0000e+00
 3.6167e+01  6.3010e+00 -3.7876e+00  4.3912e+01  7.9120e+00 -4.6938e+00  4.4865e+01  1.0000e+00
-1.4218e-01  1.4958e+00  3.4065e-01 -1.7743e+01 -7.0652e+00 -7.1969e+00  2.0409e+01  1.0000e+00
-5.8329e-01  1.3177e+00  4.2294e-01  6.3240e+00  3.0271e+00  7.9414e+00  1.0593e+01  1.0000e+00
 4.0460e-01  1.1798e+00  2.5025e-01  4.6556e+00  1.9866e+00  5.5575e+00  7.5171e+00  1.0000e+00
-4.4527e+00  2.0281e+00 -9.0829e-02 -1.0147e+01  2.7955e+00  4.0510e-01  1.0533e+01  1.0000e+00
-1.8808e-01  1.4348e+00  5.9160e-01 -7.6521e+00 -1.1395e+01  5.0561e-01  1.3735e+01  1.0000e+00
-5.3768e-01  1.2405e+00  7.2853e-01 -2.9419e+00  3.6031e+00 -1.9811e+00  5.0559e+00  1.0000e+00
-4.9169e-02  1.6580e+00  4.1080e-01  1.8965e+01  5.4814e-01  2.5970e+00  1.9150e+01  1.0000e+00
-1.4203e+01  1.2081e+01 -2.1941e+00 -1.5956e+01  1.3470e+01 -2.1959e+00  2.0997e+01  1.0000e+00
-1.0534e+00  1.3228e+00  1.5691e-01 -1.1601e+01  3.7723e+00  3.9139e+00  1.2812e+01  1.0000e+00
-1.4213e+01 -4.2547e+00 -2.0645e-01 -1.4982e+01 -4.4630e+00 -4.2555e-01  1.5638e+01  1.0000e+00
-9.4304e-01  1.6308e+00  7.5202e-02  2.2164e+00  1.8297e+00  1.1662e+01  1.2010e+01  1.0000e+00
 1.6350e+00  2.3293e+00 -4.1538e-01  1.7911e+01  1.2038e+01 -7.7984e+00  2.2946e+01  1.0000e+00
-4.3596e-01  1.1203e+00  3.6605e-01 -1.3143e+00  1.2889e+01 -2.1097e+01  2.4757e+01  1.0000e+00
-7.7355e-01  2.2567e+00 -1.5091e-01 -2.7715e-01 -3.4859e+00  1.0946e+01  1.1491e+01  1.0000e+00
 1.1551e+01 -2.8431e+01 -1.3716e+01  1.4013e+01 -3.4242e+01 -1.6559e+01  4.0535e+01  1.0000e+00
-2.5928e+01 -4.5661e+00  2.3346e+01 -3.1495e+01 -5.2615e+00  2.8341e+01  4.2695e+01  1.0000e+00
-7.4016e-01  1.7183e+00  3.0389e-01  1.9979e+00  1.8450e+00 -5.9789e+00  6.5683e+00  1.0000e+00
-2.6931e+00 -6.2428e-01 -3.5213e+00 -3.7921e-01  2.5112e+00  1.7733e+00  3.0975e+00  1.0000e+00
-9.1517e-01  2.4348e+00  4.1540e-01  4.6452e+00 -2.8849e+00  2.3555e-01  5.4732e+00  1.0000e+00
 4.0867e-02  1.1605e+00  4.7922e-01  4.2518e+00 -1.4622e+01 -1.1818e+00  1.5273e+01  1.0000e+00
-2.1765e+00 -2.3017e+01 -1.6283e+01 -1.8675e+00 -2.7771e+01 -1.9845e+01  3.4184e+01  1.0000e+00
-3.3495e+00  5.8028e+00 -3.9706e+00 -1.9828e+00  3.6331e+00 -7.7439e-01  4.2107e+00  1.0000e+00
 1.1217e-01  1.3298e+00  2.8471e-01 -1.4903e+01 -3.4705e+00 -1.8366e+01  2.3905e+01  1.0000e+00
-7.8866e-02  9.5551e-01  3.0834e-01 -1.4122e+01  1.3689e+01 -9.1497e+00  2.1691e+01  1.0000e+00
 5.6053e-01  1.3583e+00  5.3564e-02  1.8866e+01 -1.8353e+00 -6.7573e+00  2.0124e+01  1.0000e+00
-4.8158e+00  2.0941e+01 -8.6771e+00 -5.8629e+00  2.3989e+01 -9.4169e+00  2.6430e+01  1.0000e+00
-8.0557e-02  1.5799e+00  7.3885e-01  2.7337e+00 -1.0898e+01 -1.1134e+01  1.5818e+01  1.0000e+00
 9.3302e-01  4.0568e+00  2.5481e+01  1.8351e+00  5.0929e+00  2.8223e+01  2.8738e+01  1.0000e+00
 3.3209e-01  5.1089e+00 -3.0723e+00  3.1375e-01  4.2625e+00 -3.1608e+00  5.3158e+00  1.0000e+00
-2.9735e-01  1.4624e+00 -2.6978e-01 -8.2773e-01  9.2707e+00  4.3007e+00  1.0253e+01  1.0000e+00
 3.2325e-02  4.9392e-01  5.9927e-01 -6.4640e-02 -5.6461e+00  2.1821e+00  6.0535e+00  1.0000e+00
-3.9069e-01  1.3544e+00 -6.9797e-02 -6.2591e+00  1.8129e+00  7.1131e+00  9.6467e+00  1.0000e+00
 7.8709e+00  1.6110e+01  8.5627e+00  9.1217e+00  1.8493e+01  9.5748e+00  2.2735e+01  1.0000e+00
-6.9892e-01  1.7640e+00  5.0583e-01 -7.4079e+00 -3.4500e+00  3.9642e+00  9.0827e+00  1.0000e+00
 5.4055e-01  8.6106e-01  6.3052e-01 -1.1017e+01  1.2942e+01 -6.0130e+00  1.8029e+01  1.0000e+00
-4.2114e-01  1.4964e+00  6.5244e-01 -9.7220e+00  2.0412e+00  1.3139e+01  1.6472e+01  1.0000e+00
 1.0213e-01  1.0714e+00  7.1301e-01  5.2586e+00 -5.7499e-01  3.6770e+00  6.4423e+00  1.0000e+00
 1.3431e-01  8.8278e-01 -1.3089e-01  6.4917e+00  5.8958e+00  1.1952e+00  8.8505e+00  1.0000e+00
-2.1283e-01  1.1685e+00  5.9699e-01 -1.6276e+01  4.3173e+00  1.3091e+00  1.6889e+01  1.0000e+00
 1.2329e+01 -8.9594e+00 -1.4481e+00  1.3362e+01 -9.4883e+00 -1.3255e+00  1.6442e+01  1.0000e+00
-8.8485e-02  8.2565e-01  3.4185e-01 -1.2412e+01 -8.3252e+00 -3.2626e+00  1.5297e+01  1.0000e+00
 2.2537e+01 -4.2909e+01  2.7471e+01  2.5216e+01 -5.0317e+01  3.2422e+01  6.4953e+01  1.0000e+00
-3.5097e-01  3.1250e+00 -1.4636e+00 -2.5061e-01 -1.7640e+00 -7.2146e+00  7.4314e+00  1.0000e+00
 2.3497e+00 -1.2056e+01 -3.4492e+01  2.7446e+00 -1.4564e+01 -4.1833e+01  4.4380e+01  1.0000e+00
-9.3912e+00 -1.3508e+01 -2.3248e+01 -1.1666e+01 -1.6137e+01 -2.7863e+01  3.4247e+01  1.0000e+00
-1.6073e+00 -2.4676e+01  2.6655e+00 -1.7238e+00 -2.9342e+01  3.1553e+00  2.9561e+01  1.0000e+00
-3.4597e+01 -1.7420e+01 -9.0248e+00 -4.2359e+01 -2.1076e+01 -1.0977e+01  4.8569e+01  1.0000e+00
 2.2307e-01  1.3146e+00  2.2232e-01  5.4778e+00  1.0906e+01  1.2028e+01  1.7136e+01  1.0000e+00
-2.7606e+01 -6.7825e+00 -5.1957e+00 -3.3262e+01 -8.1151e+00 -6.2787e+00  3.4808e+01  1.0000e+00
-1.3614e-02  1.0681e+00  8.4750e-01 -3.8430e+00  7.1202e+00 -2.0181e+01  2.1743e+01  1.0000e+00
-3.3386e-01  1.1551e+00  8.1741e-01  2.9014e+00  8.4873e+00 -1.0097e+01  1.3506e+01  1.0000e+00
-4.2916e+00  2.5303e-01 -1.3632e+01 -4.8633e+00  8.0109e-01 -1.6167e+01  1.6902e+01  1.0000e+00
-1.1979e+00  1.5776e+00  5.6833e-02 -7.7631e+00 -5.9188e-01  7.3508e+00  1.0707e+01  1.0000e+00
-1.4832e-01  1.2980e+00  2.9829e-01 -2.8073e+00  2.1078e+00  2.9038e+00  4.5559e+00  1.0000e+00
