# limit = 29.0966
#
# x           y           z           vx          vy          vz          s           m
 5.3380e-01  2.6679e+00 -1.4040e+00  3.0666e+00  1.6133e+00 -9.4642e+00  1.0079e+01  1.0000e+00
 4.1377e-01  1.3254e+00 -1.0064e-01 -8.6171e+00 -2.0209e+00 -5.4108e+00  1.0374e+01  1.0000e+00
 2.8582e+01  1.3887e+00  5.5940e+00  3.3926e+01  2.1187e+00  6.6268e+00  3.4632e+01  1.0000e+00
 2.8798e-01  1.1943e+00  8.7108e-01 -8.8752e+00  1.0371e+01  1.0246e+00  1.3689e+01  1.0000e+00
-2.4293e+01  9.1330e+00  1.4522e+01 -2.9202e+01  1.0820e+01  1.7227e+01  3.5589e+01  1.0000e+00
 1.0626e+01 -3.2272e+00  3.0087e+01  1.2998e+01 -3.5262e+00  3.6144e+01  3.8571e+01  1.0000e+00
 1.4805e+00 -2.4440e+01 -1.6857e+01  1.3516e+00 -2.9164e+01 -1.9926e+01  3.5347e+01  1.0000e+00
-3.1719e-01  1.1969e+00  4.5422e-01 -1.6905e+01  1.2422e+01 -1.4082e+01  2.5267e+01  1.0000e+00
-3.8316e+01  2.7973e+01  8.6861e+01 -4.5547e+01  3.3390e+01  1.0464e+02  1.1890e+02  1.0000e+00
 6.6854e+01 -3.5908e+01  1.7522e+00  1.1448e+02 -6.2004e+01  3.0410e+00  1.3022e+02  1.0000e+00
 2.8030e+00  4.4904e+00  2.6210e+00 -1.4427e+00  1.0076e+00 -3.3700e-01  1.7917e+00  1.0000e+00
-2.0401e-01  1.7629e+00  1.0863e-01 -3.1803e+00  3.4777e+00 -2.2318e+00  5.2144e+00  1.0000e+00
-5.0677e-01  3.2769e+00  1.0789e+00  3.2841e+00 -6.4669e+00  1.3217e+00  7.3725e+00  1.0000e+00
 6.3859e+00  2.0508e+00 -6.8366e-01  3.5738e+00  2.6328e+00  6.9719e-01  4.4932e+00  1.0000e+00
 1.8520e+00 -1.2060e+00  3.5687e-01 -1.1889e+00  2.6907e+00 -1.1325e+00  3.1521e+00  1.0000e+00
-9.3577e+00 -1.6483e+00 -7.0402e+00 -9.3739e+00 -8.4355e-01 -6.9060e+00  1.1674e+01  1.0000e+00
 1.7522e+01 -1.8334e+01 -2.1038e+01  2.0967e+01 -2.2020e+01 -2.5427e+01  3.9636e+01  1.0000e+00
-1.7355e-01  1.9462e+00  3.3915e-01 -1.7797e+00  1.5816e+01 -1.6330e+00  1.5999e+01  1.0000e+00
-2.8295e-01  1.0772e+00  3.3551e-01 -6.8057e+00 -1.0503e+01  6.9280e+00  1.4305e+01  1.0000e+00
 6.0922e+01  4.9373e+01 -2.1335e+01  7.3441e+01  5.8889e+01 -2.5204e+01  9.7451e+01  1.0000e+00
-2.7234e-01  1.2758e+00  7.2547e-01  1.2941e+01  9.7208e+00 -4.8927e+00  1.6908e+01  1.0000e+00
 5.0256e-02  2.4829e+00  4.1834e-01  3.2690e+00 -5.6834e+00  1.5374e+00  6.7343e+00  1.0000e+00
-5.2476e+00 -6.6392e+00  1.0161e+01 -8.0495e+00 -1.1466e+01  1.5646e+01  2.1001e+01  1.0000e+00
-1.3151e+01  2.4964e+01 -2.5154e+01 -1.5904e+01  3.0449e+01 -3.0425e+01  4.5889e+01  1.0000e+00
-9.3748e-01  2.8122e+01 -1.2433e+01 -1.2375e+00  3.3675e+01 -1.4799e+01  3.6805e+01  1.0000e+00
-6.7976e+00  4.0526e+00 -1.0066e+01 -7.7766e+00  5.2955e+00 -9.7425e+00  1.3544e+01  1.0000e+00
 8.8151e+00 -2.1976e+01  4.1547e+00  9.9930e+00 -2.6156e+01  4.7400e+00  2.8398e+01  1.0000e+00
 5.9830e+01 -1.5672e+01 -5.7724e+01  7.5256e+01 -1.9839e+01 -7.2627e+01  1.0645e+02  1.0000e+00
 1.7288e+00 -3.4438e+01 -4.5419e+01  2.1727e+00 -4.2131e+01 -5.5561e+01  6.9762e+01  1.0000e+00
 1.0467e-01  1.5328e+00  5.0238e-02  8.2695e+00  5.7293e+00 -7.6628e+00  1.2646e+01  1.0000e+00
-4.9940e-01  1.1134e+00  5.6314e-01  6.6584e+00 -1.1505e+01 -6.4813e+00  1.4789e+01  1.0000e+00
-4.6123e-01  1.1327e+00  4.2055e-01 -1.3483e+01 -1.0880e+01  9.5948e+00  1.9805e+01  1.0000e+00
 5.5196e-02  1.2390e+00  1.8042e-01  1.4416e+01 -3.4223e+00  1.5644e+01  2.1547e+01  1.0000e+00
 8.3814e-02  8.4695e-01  4.1968e-01 -8.1795e+00 -4.0209e+00 -7.8825e-01  9.1484e+00  1.0000e+00
-3.3428e-01  1.5513e+00  1.9311e-02  5.1186e+00 -8.8129e+00 -1.1874e+01  1.5648e+01  1.0000e+00
 2.4798e-01  1.8899e+00  9.0251e-01  5.0757e+00  2.1077e+00 -3.6416e+00  6.5929e+00  1.0000e+00
-8.4934e-01  8.5632e-01  9.5448e-01 -1.9757e+01  1.7961e-01  8.9115e+00  2.1675e+01  1.0000e+00
-2.3627e+01  4.5262e+01 -5.6793e+01 -2.8528e+01  5.4672e+01 -6.7946e+01  9.1758e+01  1.0000e+00
-4.1670e-01  7.7253e-01  7.9843e-01 -4.4071e+00  1.9371e+00 -1.7429e+01  1.8081e+01  1.0000e+00
 1.6817e+01 -3.6945e+00  1.4171e+01  1.9370e+01 -4.0664e+00  1.6421e+01  2.5717e+01  1.0000e+00
 8.6268e+00  8.1169e+00  1.3190e+00  7.8213e+00  7.8083e+00  2.0293e+00  1.1237e+01  1.0000e+00
 2.6897e+00  1.1879e+00 -9.3424e-01 -4.7041e+00  1.1645e+00 -2.6462e-02  4.8462e+00  1.0000e+00
 4.1693e-02  1.1748e+00  1.3926e-01  8.2345e+00  1.8765e+01 -1.6053e+00  2.0555e+01  1.0000e+00
 3.4847e+00 -1.0053e+01  3.2782e+01  4.3056e+00 -1.1973e+01  3.9519e+01  4.1517e+01  1.0000e+00
 3.1829e+01  1.5348e+01  2.5393e+00  3.8700e+01  1.8514e+01  3.1349e+00  4.3015e+01  1.0000e+00
 2.3094e+00 -2.0141e+01  3.3802e+00  3.2368e+00 -2.3470e+01  4.1443e+00  2.4052e+01  1.0000e+00
-6.0992e-01  1.2611e+00  4.6645e-01  1.6860e+01 -7.6556e+00 -2.1319e-01  1.8518e+01  1.0000e+00
 2.0100e+00  2.3891e-01  6.8874e-01 -6.5773e+00  8.8760e+00  2.8452e+00  1.1408e+01  1.0000e+00
 1.3429e+01 -5.1968e+00  6.1853e+00  1.4164e+01 -5.3878e+00  6.9992e+00  1.6692e+01  1.0000e+00
-5.6458e-01  1.7605e+00  3.8617e-01  3.7603e+00 -2.8262e+00 -2.0245e+00  5.1211e+00  1.0000e+00
 6.8787e-01  1.1480e+00  3.8272e-02  9.8108e+00  1.3626e+00 -5.7164e-01  9.9214e+00  1.0000e+00
-1.6957e-01  1.2114e+00  2.2051e-01  8.9924e-02 -1.3502e+01 -3.3117e+00  1.3902e+01  1.0000e+00
-3.7766e+00 -5.9007e+00  6.0785e+00 -2.9883e+00 -4.4108e+00  5.0751e+00  7.3581e+00  1.0000e+00
 5.2811e-01  3.6951e-01 -9.4313e-01  6.8132e+00 -3.8487e+00 -1.1661e+01  1.4044e+01  1.0000e+00
 4.7413e-01  6.2934e+00  6.3285e+00  2.1637e+00  1.3003e+01  1.3953e+01  1.9195e+01  1.0000e+00
-1.5933e-01  7.8009e-01  7.1073e-01  4.9118e+00 -2.2695e+00  8.6928e+00  1.0239e+01  1.0000e+00
-9.9539e-02  1.2641e+00  2.4376e-01  3.9100e+00 -5.0729e+00  6.9370e+00  9.4416e+00  1.0000e+00
 2.0586e-01  6.3087e-01  8.7608e-01  3.5796e+00 -3.9327e+00  1.1617e+01  1.2776e+01  1.0000e+00
-3.4951e-01  1.3114e+00  6.1463e-01 -1.3208e+01 -7.2094e+00  4.0264e+00  1.5577e+01  1.0000e+00
 7.7788e+00 -4.3640e+00  2.3316e+01  8.9712e+00 -5.3918e+00  2.7598e+01  2.9516e+01  1.0000e+00
-6.8060e-01  1.3287e+00  6.6461e-01 -3.2967e-01 -2.5862e-01 -7.5612e+00  7.5728e+00  1.0000e+00
-4.8387e+00 -8.5324e+00  3.8396e+00 -7.0487e+00 -1.4127e+01  5.6769e+00  1.6778e+01  1.0000e+00
 1.4626e+01  1.4726e+00 -7.0313e+00  1.7873e+01  1.9615e+00 -8.5046e+00  1.9891e+01  1.0000e+00
-1.7027e-01  1.1252e+00  7.5412e-01 -4.8853e+00  1.2975e+01 -1.2060e+01  1.8376e+01  1.0000e+00
-2.7633e-02  4.2194e+00  5.6989e-01  2.3076e+00  4.4054e+00  1.0538e+00  5.0836e+00  1.0000e+00
 4.9123e-01  1.0465e+00  3.4315e-01  5.5046e+00  8.3678e+00 -7.4260e+00  1.2469e+01  1.0000e+00
-9.5592e-02  1.1935e+00 -9.5218e-03  4.3230e+00  3.9178e+00  1.0879e+01  1.2344e+01  1.0000e+00
 5.8487e-02  1.5029e+00 -1.4905e-01  1.1076e+01  5.8011e+00 -1.3801e+01  1.8622e+01  1.0000e+00
-1.0856e-01  1.5744e+00  4.7189e-01 -4.7830e-01 -5.8337e+00 -1.0374e+01  1.1912e+01  1.0000e+00
-1.5122e-01  6.4825e-01  6.3111e-01 -2.7386e+00 -1.2166e+01  6.4988e+00  1.4062e+01  1.0000e+00
 2.8173e+01  3.0439e+00  5.1095e+00  3.3799e+01  3.3159e+00  6.0622e+00  3.4498e+01  1.0000e+00
-3.0491e-01  1.3515e+00  2.5291e-01  2.8238e+00  8.1225e+00 -5.6945e+00  1.0314e+01  1.0000e+00
 8.5998e-01  1.2006e+00  6.7516e-01  1.3015e+00  8.6134e+00 -4.3425e+00  9.7335e+00  1.0000e+00
-1.7244e-01  9.9632e-01 -7.8529e-01  2.1022e+00  3.1283e+00 -2.4649e+00  4.5034e+00  1.0000e+00
-1.8922e-01  9.4476e-01  3.0077e-01 -1.9090e-01  1.2072e+01  3.2666e+00  1.2508e+01  1.0000e+00
-3.5956e-01  1.3031e+00  4.9470e-01  1.2267e+01 -3.9639e+00  2.9908e-02  1.2892e+01  1.0000e+00
-5.2775e-01  1.4024e+00  2.5629e-01 -4.3958e+00  5.7222e+00 -7.1183e+00  1.0136e+01  1.0000e+00
-4.2283e-01  1.5848e+00  9.3332e-01  1.6974e+00  1.8791e+00 -1.0185e+01  1.0495e+01  1.0000e+00
 3.4048e+01 -1.6222e+01 -3.9062e+00  4.1407e+01 -1.9449e+01 -4.6707e+00  4.5985e+01  1.0000e+00
-1.9767e+01 -1.1959e+01 -7.5531e+00 -2.3414e+01 -1.3775e+01 -8.7203e+00  2.8531e+01  1.0000e+00
-2.1582e-01  1.7960e+00  5.3438e-01 -2.1322e+00  1.6988e+01  1.6460e+00  1.7200e+01  1.0000e+00
 2.2323e+01  5.1266e+00  1.4431e+01  3.2061e+01  6.9168e+00  2.0553e+01  3.8706e+01  1.0000e+00
 3.2947e-01  9.1561e-01  1.3471e+00 -2.9797e+00  1.8554e+00  2.7101e+00  4.4346e+00  1.0000e+00
 6.2548e+00  5.7730e+00  8.1489e+00  5.3840e+00  5.9082e+00  7.4195e+00  1.0906e+01  1.0000e+00
-2.4270e-01  1.2438e+00  2.5726e-01 -2.4513e+01 -3.9063e+00 -2.0558e+00  2.4907e+01  1.0000e+00
-4.3811e-01  2.6173e-01  2.3986e-01 -6.6617e+00 -1.1384e+01 -2.4103e+00  1.3409e+01  1.0000e+00
 1.5614e+00  1.1174e+00  6.6051e-01  5.4656e+00  6.6472e-01  5.2717e+00  7.6227e+00  1.0000e+00
-1.1756e+00  2.3989e+00  2.9287e-01 -5.2537e+00  7.8435e+00  1.3502e+00  9.5365e+00  1.0000e+00
 1.4337e+02  3.6131e+01 -1.3911e+02  2.2218e+02  5.5313e+01 -2.1506e+02  3.1413e+02  1.0000e+00
-5.8958e-02  6.0584e-01  5.7853e-01  7.0995e+00 -2.0996e+00  2.6646e+00  7.8684e+00  1.0000e+00
-1.0388e+00  2.5159e+00  6.5687e-01 -9.5323e+00  1.5731e+01  5.5236e+00  1.9205e+01  1.0000e+00
-2.4483e-01  2.1694e+00  5.2403e-01 -7.0858e+00 -3.6255e+00  1.0054e+01  1.2823e+01  1.0000e+00
 1.1344e+00  1.2290e+00  1.1269e+00  7.1028e+00  1.1335e+00  1.0539e+01  1.2760e+01  1.0000e+00
-1.4927e-01  2.0053e+00  5.4909e-01 -8.6605e+00  7.1081e+00 -6.8749e+00  1.3145e+01  1.0000e+00
 5.4136e+00 -1.8426e+00 -4.4729e-01  4.5039e+00 -1.0416e+00  2.8387e-02  4.6229e+00  1.0000e+00
-5.4779e-01  1.0222e+00  5.0507e-01 -1.1351e+01  6.8033e+00  6.5040e+00  1.4745e+01  1.0000e+00
 8.7371e+00  1.8098e+01  3.1692e+01  1.7304e+01  3.3991e+01  6.1207e+01  7.2118e+01  1.0000e+00
-1.0927e+01 -1.5944e+01 -1.7938e+01 -1.2950e+01 -1.8753e+01 -2.1172e+01  3.1107e+01  1.0000e+00
 2.3822e+00 -4.8973e+00 -2.1053e+01  2.6688e+00 -5.3974e+00 -2.3149e+01  2.3919e+01  1.0000e+00
 1.9369e+00  4.2927e+00 -1.5787e+00  1.1991e+00 -1.4132e+00  2.8896e+00  3.4329e+00  1.0000e+00
-9.6424e-01  1.6009e+00  2.2461e-01 -6.6146e+00  3.0808e+00  6.9663e+00  1.0088e+01  1.0000e+00
-4.1044e-01  1.3122e+00  7.4889e-01 -3.1112e-01 -4.1131e+00  3.9621e+00  5.7195e+00  1.0000e+00
-3.6407e+00  1.5922e+00 -6.7146e-01 -3.1864e+00  2.8236e+00  1.8385e+00  4.6374e+00  1.0000e+00
 3.7959e-01  1.0733e+00 -2.9639e-03 -2.0434e+00 -5.0784e+00  4.8763e+00  7.3310e+00  1.0000e+00
 2.7798e+01  1.0772e+01 -7.2033e-01  3.3219e+01  1.3171e+01 -8.7903e-01  3.5746e+01  1.0000e+00
-4.7888e-01  1.0646e+00  5.8922e-01 -3.1692e+00  3.4483e+00  1.3902e+01  1.4670e+01  1.0000e+00
 2.0659e+01  1.2208e+00  2.3164e+01  2.4705e+01  1.5776e+00  2.7688e+01  3.7141e+01  1.0000e+00
-1.0603e+00  2.2483e+00 -5.3784e-01 -5.0372e+00  9.9355e+00 -7.1370e+00  1.3230e+01  1.0000e+00
 2.4548e-01  1.6793e+00 -4.2245e-02  6.6512e+00 -1.1971e+01 -1.0460e+00  1.3734e+01  1.0000e+00
-3.3914e+01  7.2507e+00  7.7610e+00 -4.1054e+01  8.9801e+00  9.4544e+00  4.3075e+01  1.0000e+00
-7.9451e-01  1.8248e+00  3.2545e-01  1.5204e+00 -1.0536e+01  8.8635e+00  1.3852e+01  1.0000e+00
 7.0952e+00 -1.1545e+01  2.0829e+01  7.3317e+00 -1.1907e+01  2.5510e+01  2.9091e+01  1.0000e+00
 7.6045e+00 -7.9689e+00  1.6607e+01  8.5293e+00 -9.1354e+00  1.9089e+01  2.2817e+01  1.0000e+00
 1.3666e+01 -1.6357e+01 -6.3271e+00  1.5212e+01 -1.8992e+01 -7.0654e+00  2.5338e+01  1.0000e+00
 1.6227e+00  7.9406e-02  7.8078e-01 -9.0594e+00  7.6619e+00 -1.8831e+00  1.2013e+01  1.0000e+00
-7.5325e-01  1.3810e+00  6.8781e-01  1.8082e+00  3.0690e+00 -1.3375e+01  1.3841e+01  1.0000e+00
-1.3597e-01  1.7241e+00 -3.8332e-01 -3.5303e+00 -1.4853e+01  7.9777e+00  1.7226e+01  1.0000e+00
-3.4115e+00  2.3349e-01 -2.6997e+00 -8.3149e+00 -2.0422e+00 -5.0967e+00  9.9642e+00  1.0000e+00
-5.6514e-01  1.2154e+00  5.5526e-01 -5.9964e+00  5.7859e+00  1.2926e+01  1.5379e+01  1.0000e+00
 2.3954e-02  1.2407e+00  2.0393e-01  1.6512e+01 -2.0158e+00  4.7063e-01  1.6641e+01  1.0000e+00
 5.0507e-02  1.0947e+00  5.5778e-01 -2.9221e-01  1.1057e+01 -1.1689e-01  1.1061e+01  1.0000e+00
 5.4398e-01  1.3074e+00  3.0961e-01  1.1755e+01  3.0881e+00 -1.6179e+00  1.2261e+01  1.0000e+00
-4.4929e+01  1.8653e+01  1.7133e+01 -5.4912e+01  2.2867e+01  2.1172e+01  6.3139e+01  1.0000e+00
-5.2579e-01  1.2775e+00  1.3851e-02 -1.1743e+01 -2.2341e+00  5.7367e+00  1.3259e+01  1.0000e+00
-3.8055e-01  1.4785e+00  5.0357e-01  1.3764e+01 -1.7632e+01  1.1511e+01  2.5156e+01  1.0000e+00
-2.4116e-01  1.9852e+00  5.0610e-01 -2.3916e+00  2.3599e+01  4.6392e+00  2.4170e+01  1.0000e+00
 1.6230e+01 -1.3800e+01 -5.4422e+00  1.8998e+01 -1.6011e+01 -6.0632e+00  2.5574e+01  1.0000e+00
-6.6566e-01  1.9079e+00  9.0438e-01  6.6563e+00  7.1583e+00 -3.4510e+00  1.0366e+01  1.0000e+00
 1.0945e+01 -9.4606e+00  2.4312e+01  1.2845e+01 -1.1031e+01  2.9117e+01  3.3682e+01  1.0000e+00
 2.2977e+01  3.4264e+00  2.4825e+01  4.3727e+01  5.2997e+00  4.6150e+01  6.3796e+01  1.0000e+00
-4.1635e+00 -4.3632e+00 -1.9860e+01 -5.0758e+00 -4.8844e+00 -2.3159e+01  2.4207e+01  1.0000e+00
-8.2012e-01  2.5777e+00  2.4445e-01  9.8687e-01 -4.5643e+00  1.8127e+00  5.0093e+00  1.0000e+00
-3.2167e-01  1.3653e+00  2.0919e-01  1.4729e+01 -3.7611e+00 -5.2194e+00  1.6073e+01  1.0000e+00
-5.7686e-01  1.3655e+00  1.1577e-01  3.3058e+00  6.8770e+00 -9.8448e+00  1.2456e+01  1.0000e+00
-9.5117e-01  5.8538e-01  9.2600e-01 -4.3269e+00 -6.3050e+00  5.0296e+00  9.1527e+00  1.0000e+00
 1.4407e-01  2.8573e-01  6.4030e-01 -2.2476e+00  9.4629e-01  1.4660e+01  1.4861e+01  1.0000e+00
-1.6779e-01  1.1058e+00  2.4087e-01 -1.1156e+01 -1.9300e+01  1.0656e+01  2.4709e+01  1.0000e+00
 3.2923e-01  1.3046e+00  3.6950e-01 -5.8056e+00  7.8184e+00 -5.2445e+00  1.1061e+01  1.0000e+00
-8.3446e-01  1.6340e+00 -1.8011e-01 -1.4482e+01  9.6787e+00 -1.2504e+01  2.1441e+01  1.0000e+00
-3.3670e+00 -9.5241e+00  2.1688e+01 -3.9149e+00 -1.1418e+01  2.5558e+01  2.8265e+01  1.0000e+00
 8.7357e-02  7.3195e-01  8.8101e-01  8.3700e-01 -8.8504e+00 -6.6840e+00  1.1122e+01  1.0000e+00
-4.2775e-01  2.0099e+00  7.8366e-01 -4.2431e+00  6.9972e-01 -8.1655e+00  9.2287e+00  1.0000e+00
-2.9985e+01  6.4036e+00 -8.2976e+00 -3.5354e+01  8.4843e+00 -9.3580e+00  3.7542e+01  1.0000e+00
-1.1251e-01  8.6131e-01  6.6443e-02 -1.4275e+00  1.3991e+01  3.8575e+00  1.4583e+01  1.0000e+00
-9.9778e-01  1.7203e+00  1.3736e+00  2.2821e+00 -2.3462e+00 -4.0627e+00  5.2171e+00  1.0000e+00
-2.3197e-01  1.6305e+00  6.1666e-02 -4.0246e+00  1.0868e+01  5.8917e+00  1.3001e+01  1.0000e+00
-1.2001e+01 -3.8513e+01 -4.4161e+01 -1.4921e+01 -4.4678e+01 -5.2175e+01  7.0293e+01  1.0000e+00
 2.9278e+01 -2.5812e+01  7.2731e+00  3.5415e+01 -3.1133e+01  8.7274e+00  4.7955e+01  1.0000e+00
-4.7631e-01  1.1972e+00  4.9506e-01 -7.4212e+00  1.2379e+01 -1.7748e+01  2.2876e+01  1.0000e+00
-4.3652e+00  3.0283e+00  1.8538e+00 -6.6045e+00  4.0288e+00  1.1010e+00  7.8142e+00  1.0000e+00
-2.1620e-01 -3.3635e+00  7.6424e-01 -1.5549e+00 -2.4357e+01  3.4339e+00  2.4647e+01  1.0000e+00
-1.4611e+00  1.3360e+00  5.9477e-01  9.7062e+00  6.9387e-01 -2.6731e+00  1.0091e+01  1.0000e+00
 3.9881e-01  5.5627e-01  5.4375e-01  3.6718e+00  2.0597e+00 -4.4661e+00  6.1376e+00  1.0000e+00
-1.0673e-01  1.7065e+00  1.2627e-01  3.0396e-01 -5.9283e+00 -3.9477e+00  7.1289e+00  1.0000e+00
-1.5960e+01  2.5004e+01 -1.3268e+01 -1.9147e+01  3.0296e+01 -1.5823e+01  3.9177e+01  1.0000e+00
-2.6715e+00  1.7701e+00  4.1240e+00 -6.3125e-01  2.1075e+00  6.3565e+00  6.7265e+00  1.0000e+00
-1.6201e-01  1.1695e+00  2.6211e+00  3.7173e+00  1.1797e+00 -1.3562e+00  4.1291e+00  1.0000e+00
-4.0641e-01  9.6747e-01  6.2347e-01 -1.4766e+01  4.6542e+00 -4.3720e+00  1.6088e+01  1.0000e+00
-7.5665e-02  1.1911e+00  1.5993e-01 -1.0666e+01  2.0383e+00 -1.3624e+00  1.0944e+01  1.0000e+00
-7.7454e-01  1.4951e+00  2.3169e-01 -4.8905e+00  5.3348e+00  7.7944e+00  1.0636e+01  1.0000e+00
 2.8010e-01  1.3310e+00  1.6790e-01 -1.0411e+01  9.1140e+00 -7.5169e-01  1.3857e+01  1.0000e+00
-3.3321e-01  1.4423e+00  3.4258e-01 -1.4612e+01  8.0036e+00 -2.3188e+00  1.6821e+01  1.0000e+00
-2.0024e-01  1.9617e+00 -3.5923e-01  4.4804e+00 -2.2807e-01 -2.8084e+00  5.2928e+00  1.0000e+00
-1.7578e-01  1.3940e+00  1.9330e-01  3.6187e+00 -1.1092e+01  1.2167e+01  1.6857e+01  1.0000e+00
-2.1370e-01  1.7133e+00  3.9343e-01 -1.4574e+01 -9.6017e-01 -7.9939e+00  1.6650e+01  1.0000e+00
 7.0654e+00 -1.1672e+01  2.0734e+01  8.9693e+00 -1.4753e+01  2.3417e+01  2.9094e+01  1.0000e+00
-1.2800e+00  2.3851e+00 -1.0455e+00 -3.8996e+00  2.9806e+00 -6.4001e+00  8.0655e+00  1.0000e+00
 5.7088e+01 -3.9042e+01 -7.9421e+01  6.9252e+01 -4.7253e+01 -9.5417e+01  1.2702e+02  1.0000e+00
 5.1627e-01  7.2180e+00 -1.8207e+00  1.7319e+00  1.6471e+01 -6.7618e+00  1.7889e+01  1.0000e+00
-6.2425e-01  2.1602e+00  3.3411e-01  7.6264e+00 -1.3550e+01 -1.0447e+01  1.8733e+01  1.0000e+00
 1.4432e+01 -3.9229e+00 -2.9708e+00  1.6356e+01 -3.6610e+00 -2.7418e+00  1.6984e+01  1.0000e+00
-1.2159e-01  1.2832e+00  1.0021e-01  2.1585e+00 -5.9826e+00  6.9073e+00  9.3894e+00  1.0000e+00
-1.2567e+00  2.2632e+00  1.4857e-01 -1.4183e+01  4.6853e+00  1.7555e+00  1.5040e+01  1.0000e+00
-1.1810e-01  1.5801e+00  6.8696e-01 -7.3159e-01  1.2063e+01  4.5121e+00  1.2900e+01  1.0000e+00
-8.6712e-01  1.4051e+00  1.7096e-02  5.3052e+00  6.8292e+00  4.6564e+00  9.8216e+00  1.0000e+00
 1.9243e-01  1.1044e+00  4.9440e-01  1.5688e+01 -8.8417e+00  1.6109e+00  1.8080e+01  1.0000e+00
-2.0478e-01  1.3897e+00 -1.3876e-04 -4.5869e+00  1.8564e+01  5.5779e+00  1.9919e+01  1.0000e+00
 1.0039e-01  1.2562e+00  8.7504e-01  4.7328e+00 -8.3280e+00  1.1473e+01  1.4946e+01  1.0000e+00
 6.8431e-01  1.4207e+00  3.4018e-01  1.3215e+01 -4.9907e+00 -5.7147e+00  1.5238e+01  1.0000e+00
 1.4125e+00 -1.1170e+01  1.9765e+01  1.7331e+00 -1.3004e+01  2.2979e+01  2.6460e+01  1.0000e+00
-3.9088e+01  3.0102e+01 -2.4950e+01 -5.8162e+01  4.4360e+01 -3.7300e+01  8.2110e+01  1.0000e+00
-1.5959e+00  1.3050e+00  8.6956e-01  1.2805e+01  4.5259e-01  1.9340e+00  1.2958e+01  1.0000e+00
-5.7682e-02  2.4295e-01  3.3272e-01 -1.6688e+00 -9.3386e+00  3.5607e+00  1.0133e+01  1.0000e+00
 1.1077e-01  1.3190e+00  5.7320e-01 -7.9840e+00  8.0937e+00 -1.5827e+01  1.9487e+01  1.0000e+00
-5.9845e-01  1.3013e+00  4.4866e-01  1.9088e+01  1.3081e+01  4.6757e+00  2.3608e+01  1.0000e+00
-6.4266e-01  1.4946e+00 -1.1550e-01  1.3687e+01  9.7488e-01  2.3719e+00  1.3925e+01  1.0000e+00
-2.9327e-01  1.0607e+00  3.4389e-01  1.5766e+01  8.6729e+00 -1.1307e+01  2.1252e+01  1.0000e+00
-1.8990e+01  1.6020e+01 -5.2961e+00 -2.2206e+01  1.8771e+01 -6.1560e+00  2.9721e+01  1.0000e+00
 1.1590e+01 -9.1024e+00 -3.5476e+01  1.4087e+01 -1.1145e+01 -4.3144e+01  4.6735e+01  1.0000e+00
-3.6225e-01  3.0061e+00 -2.2224e-02 -3.8590e+00 -1.6816e+00  4.8746e-01  4.2376e+00  1.0000e+00
-8.3408e-01 -2.2696e+01 -1.6207e+01 -3.3964e-01 -2.7065e+01 -1.9103e+01  3.3129e+01  1.0000e+00
-8.5848e+00  8.1001e+00 -3.3471e+01 -1.0540e+01  9.9695e+00 -4.0484e+01  4.3005e+01  1.0000e+00
 3.9575e+00 -1.9776e+01  2.1698e-01  4.5167e+00 -2.3025e+01  3.5313e-01  2.3466e+01  1.0000e+00
-1.4846e+00  1.6177e+00  5.2084e-01  1.2997e+01  3.1669e+00 -1.6126e+00  1.3474e+01  1.0000e+00
-3.8633e+00 -5.0298e+00 -2.1262e+01 -4.5822e+00 -6.0509e+00 -2.4267e+01  2.5426e+01  1.0000e+00
 2.1678e+00  5.0029e+00  4.5704e+00  1.8752e+00  3.9286e+00  3.4043e+00  5.5263e+00  1.0000e+00
-6.0690e-02  1.4730e+00  5.7763e-01  6.1206e+00  7.2067e+00  1.0637e+01  1.4232e+01  1.0000e+00
 1.3363e+01  7.9278e+00  1.8414e+01  1.8101e+01  9.8717e+00  2.4560e+01  3.2067e+01  1.0000e+00
-1.1121e+00  1.9159e+00 -6.7277e-01  1.5378e+00  1.9600e+00  5.2704e+00  5.8296e+00  1.0000e+00
 1.3293e+01 -1.6411e+01 -6.4847e+00  1.6295e+01 -1.8760e+01 -7.7498e+00  2.6029e+01  1.0000e+00
-7.9857e-01  1.5418e+00  2.6181e-01  3.0744e+00 -6.7627e+00  2.7697e+00  7.9282e+00  1.0000e+00
-4.0362e-01  9.3169e-01  2.2589e-01 -5.6601e+00  1.3614e+01 -5.6104e+00  1.5775e+01  1.0000e+00
-2.3122e+01 -1.0387e+01 -7.2228e+00 -2.7355e+01 -1.2230e+01 -8.4347e+00  3.1129e+01  1.0000e+00
 1.1402e+01  6.3544e+00  1.1505e+01  1.2387e+01  7.4936e+00  1.3315e+01  1.9669e+01  1.0000e+00
 2.3343e-01  1.2494e+00  2.0694e-02  1.5731e+01 -5.4934e+00  2.7549e+00  1.6889e+01  1.0000e+00
 9.3785e+00 -3.0489e+01 -2.4117e+00  1.1447e+01 -3.6749e+01 -2.9207e+00  3.8601e+01  1.0000e+00
 3.3571e+01 -9.9895e+00  2.5992e+01  8.4638e+01 -2.7144e+01  6.4804e+01  1.1000e+02  1.0000e+00
-4.5273e+01 -4.3588e+00  6.6816e+01 -5.6974e+01 -5.5829e+00  8.4052e+01  1.0170e+02  1.0000e+00
 1.7938e+01 -3.0951e+01 -2.5150e+01  2.2007e+01 -3.7695e+01 -3.0706e+01  5.3367e+01  1.0000e+00
-2.4785e-01  1.1929e+00 -4.5015e-03 -3.7076e+00 -4.0749e+00  3.5821e+00  6.5713e+00  1.0000e+00
-1.8661e+00  6.4117e+00  1.5029e+00 -5.8300e-01  6.8960e+00  1.1269e+00  7.0117e+00  1.0000e+00
-5.9313e-02  8.6612e-01 -6.6316e-02  5.1681e+00  1.0101e+01 -5.5782e+00  1.2643e+01  1.0000e+00
-9.6755e+00 -1.9466e+00 -6.8245e+00 -9.8198e+00 -2.4660e+00 -5.8289e+00  1.1683e+01  1.0000e+00
-6.5029e-01  1.1241e+00  7.6020e-01  1.6819e+01  9.1949e+00 -1.1652e+01  2.2432e+01  1.0000e+00
-1.6873e-01  6.6756e-01  6.7505e-02  3.3683e+00 -1.5377e+01 -6.6278e-01  1.5756e+01  1.0000e+00
-2.9658e-01 -2.2649e+01 -1.6135e+01 -1.0500e+00 -2.6664e+01 -1.9218e+01  3.2885e+01  1.0000e+00
-1.0804e+00 -1.1533e+01 -3.1487e-01 -2.3400e+00 -3.7403e+01 -2.6143e+00  3.7567e+01  1.0000e+00
-4.2375e-01  1.3368e+00  2.3297e-01 -2.1184e+01  1.1996e+01 -8.8660e+00  2.5909e+01  1.0000e+00
-3.2157e-01  9.9217e-01  1.1483e+00 -1.3848e+00 -7.4046e+00  3.3676e+00  8.2514e+00  1.0000e+00
 5.1033e-01  1.1942e+00  4.1913e-01  1.5637e+01  6.5156e+00  2.3314e+00  1.7100e+01  1.0000e+00
-6.4920e-01  1.2407e+00  4.0566e-01  4.1652e+00 -1.6880e+00  1.4223e+01  1.4916e+01  1.0000e+00
-4.3611e+01 -5.2422e+01  2.4541e+01 -5.1364e+01 -6.2584e+01  2.9541e+01  8.6184e+01  1.0000e+00
 4.5068e-01  1.6224e+00 -2.2221e-01  9.1125e+00  4.8360e+00 -3.6585e+00  1.0946e+01  1.0000e+00
-3.5616e+00  6.5089e+00 -2.4963e+00 -2.9887e+00  6.3167e+00 -1.5075e+00  7.1488e+00  1.0000e+00
 4.7517e-01  8.7975e-01  1.9878e-01 -7.9885e+00  1.4953e+00 -3.8225e-01  8.1363e+00  1.0000e+00
-2.5158e-01  9.9584e-01  5.7576e-01 -1.4038e+01 -3.2123e+00  8.4650e+00  1.6705e+01  1.0000e+00
-1.4901e-01  1.5449e+00  1.5019e-01  2.1257e+01 -3.1721e+00  8.7134e+00  2.3191e+01  1.0000e+00
-7.2357e-01  1.4286e+00  7.8650e-01  6.0271e+00  5.8326e+00 -3.4652e+00  9.0748e+00  1.0000e+00
-4.2833e-01  6.3822e-01  1.8660e-01  7.9522e+00  2.3092e+00 -2.7242e+00  8.7173e+00  1.0000e+00
-1.5013e-01 -1.9858e+01  9.4422e+00 -1.7803e-01 -2.3241e+01  1.0877e+01  2.5661e+01  1.0000e+00
-2.6109e+01 -1.5535e+01 -9.5132e+00 -3.0420e+01 -1.7214e+01 -1.0246e+01  3.6424e+01  1.0000e+00
 3.0662e-01  1.8629e+00  1.6814e-01  8.4979e+00 -2.1575e+00 -5.4098e+00  1.0302e+01  1.0000e+00
 2.7219e-01  1.6451e+00  3.3516e-01 -1.1172e+01 -3.2685e+00  1.0085e+01  1.5402e+01  1.0000e+00
 3.3514e+01 -1.1994e+01 -1.9559e+00  4.0619e+01 -1.4486e+01 -2.2776e+00  4.3184e+01  1.0000e+00
-7.6473e-02  1.2605e+00  1.0882e+00  1.7000e+01 -6.4380e+00 -3.7967e+00  1.8571e+01  1.0000e+00
 3.2663e+02 -4.0409e+02  2.6454e+02  3.8386e+02 -4.7418e+02  3.0947e+02  6.8408e+02  1.0000e+00
 3.3491e-01  1.0925e+00  2.9898e-01  3.4062e+00  3.9764e+00 -1.1425e+01  1.2568e+01  1.0000e+00
-5.4078e-01  1.4675e+00  6.1216e-01  4.0020e+00 -7.2771e+00  1.1480e+01  1.4169e+01  1.0000e+00
-3.1593e-01  1.0771e+00 -1.0464e-01 -4.2415e+00  2.9968e+00 -8.0105e+00  9.5467e+00  1.0000e+00
 1.8234e+01  1.4694e+01  1.4449e+00  2.1212e+01  1.6982e+01  1.8633e+00  2.7236e+01  1.0000e+00
-1.4976e+01 -3.8452e+00  8.2166e+00 -1.8355e+01 -4.6333e+00  1.0731e+01  2.1760e+01  1.0000e+00
 4.4976e+00 -2.4867e+01  1.2080e+00  5.2351e+00 -2.9262e+01  1.2202e+00  2.9751e+01  1.0000e+00
-1.4958e-02  9.2779e-01  4.0143e-01 -5.1183e+00  2.1849e+00 -1.5557e+01  1.6523e+01  1.0000e+00
 1.1629e+00  1.1421e+01 -1.7722e+01  1.2361e+00  1.3111e+01 -2.0518e+01  2.4381e+01  1.0000e+00
-5.1186e+01  1.7236e+01  1.8695e+01 -6.8463e+01  2.3092e+01  2.4961e+01  7.6443e+01  1.0000e+00
-3.4459e-01  1.2118e+00  5.3270e-01 -2.0967e+00  1.1311e+01  3.0321e-01  1.1508e+01  1.0000e+00
-6.0316e-01  1.5812e+00  5.9037e-01 -1.4981e+00 -1.4595e+01 -6.1672e+00  1.5915e+01  1.0000e+00
 3.6861e-02  1.2529e+00  6.3485e-01 -7.0932e+00  1.5358e+01 -7.5955e-01  1.6934e+01  1.0000e+00
-1.3975e+00  2.2910e+00 -3.5181e-02 -4.8815e+00  7.2805e+00 -6.2216e+00  1.0749e+01  1.0000e+00
 2.4884e+00 -2.5774e+01  2.0491e+01  2.9592e+00 -3.1082e+01  2.4728e+01  3.9828e+01  1.0000e+00
 1.5692e+01 -2.9340e+01  1.1646e+01  2.3424e+01 -4.3976e+01  1.7148e+01  5.2694e+01  1.0000e+00
-1.6583e+00  1.4314e+01  2.3834e+00 -3.1950e+00  1.4921e+01  2.9267e+00  1.5537e+01  1.0000e+00
-5.4873e-01  2.0021e+00  5.8710e-01  7.0292e+00  8.5441e+00  9.5469e+00  1.4613e+01  1.0000e+00
-1.8074e+00  4.0778e+00  1.0660e-02 -5.6121e+00  1.1466e+01 -5.5565e-02  1.2766e+01  1.0000e+00
-3.7905e-01  1.4647e+00  5.0508e-01 -3.1527e+00 -7.0719e-01  1.2295e+01  1.2712e+01  1.0000e+00
 1.2912e+01 -3.9741e+00  6.8405e+00  1.4296e+01 -3.7132e+00  7.1253e+00  1.6399e+01  1.0000e+00
-2.2010e-01  1.0366e+00  3.3025e-02 -1.5874e+01  3.0073e+00 -1.0050e+01  1.9027e+01  1.0000e+00
-1.1812e-02  1.0435e+00 -5.2041e-03  4.5419e+00 -5.4499e+00 -6.2859e+00  9.4785e+00  1.0000e+00
-2.9713e-02  1.4713e+00  1.4632e-01 -1.3493e+00 -8.4416e+00 -7.2151e+00  1.1187e+01  1.0000e+00
-5.4332e+00 -4.6425e+00 -2.7657e+01 -6.3555e+00 -5.3991e+00 -3.2925e+01  3.3965e+01  1.0000e+00
-1.4017e+00 -1.8352e-01  4.3428e+00  7.1134e-01  2.3354e+00 -8.1248e-01  2.5730e+00  1.0000e+00
 3.3988e+01 -7.1439e-01 -7.2771e+00  4.1151e+01 -7.3255e-01 -8.5548e+00  4.2038e+01  1.0000e+00
-3.2492e-01  2.1351e+00 -1.5338e-01 -5.7766e+00  4.7090e+00 -5.2840e+00  9.1359e+00  1.0000e+00
 1.1850e+01 -2.0465e+00  3.1065e+01  1.4331e+01 -2.8561e+00  3.7630e+01  4.0368e+01  1.0000e+00
-1.3357e-01  1.1770e+00  7.7680e-01  1.2048e+01 -1.4778e+01  1.6172e+01  2.5001e+01  1.0000e+00
 3.6209e-01  2.3422e+00 -3.6940e-01  7.9567e+00  6.5724e+00  5.8824e+00  1.1879e+01  1.0000e+00
-1.3216e+01  2.2580e+00  2.1623e+01 -1.5394e+01  2.6635e+00  2.5531e+01  2.9932e+01  1.0000e+00
-2.5128e+00  9.3009e+00 -4.8993e-01 -3.5484e+00  6.1895e+00 -7.3813e-01  7.1725e+00  1.0000e+00
-2.0092e-02  1.0896e+00  8.3290e-02  1.0510e+01  9.0350e+00  6.8941e+00  1.5480e+01  1.0000e+00
 9.3072e-01  5.3113e+01  3.4367e+01  2.7992e-01  6.3424e+01  4.0453e+01  7.5227e+01  1.0000e+00
-6.8211e+00  6.0805e+00 -1.9668e+00 -5.0556e+00  4.7232e+00 -3.6606e-01  6.9284e+00  1.0000e+00
-3.2085e-01  4.6904e-01  1.1841e+00  7.2464e+00  7.1246e+00 -4.6707e+00  1.1184e+01  1.0000e+00
-6.7989e-01  1.3347e+00  4.4533e-01  9.4161e-01 -4.1650e-01 -8.3728e+00  8.4359e+00  1.0000e+00
-4.7666e-01  1.0716e+00  5.8854e-01  8.4783e+00 -5.5563e+00 -3.9763e+00  1.0889e+01  1.0000e+00
-2.1816e-01  1.3207e+00 -3.3484e-01  7.1698e+00  1.5775e+00  1.5082e-01  7.3428e+00  1.0000e+00
-1.6943e-01  1.5857e+00  4.1062e-01 -1.2122e+01  6.7818e+00  4.5283e-01  1.3897e+01  1.0000e+00
-3.0390e+00  5.9355e-01  4.6931e+00  8.5675e-01  1.8383e+00  3.8072e-02  2.0285e+00  1.0000e+00
 1.5132e-01  7.2083e-01  7.8903e-01 -2.8826e+00 -3.3513e+00  2.2674e+00  4.9681e+00  1.0000e+00
-1.9509e+01  1.6320e+01  5.4953e+00 -2.6857e+01  2.2426e+01  7.1459e+00  3.5711e+01  1.0000e+00
 2.1885e+00 -3.5662e+00  1.3119e+00  1.8007e+01 -3.1286e+01  6.2932e+00  3.6642e+01  1.0000e+00
-2.9953e-01  1.4879e+00  3.4602e-01 -2.9133e+00  1.7998e+00  1.9423e+00  3.9369e+00  1.0000e+00
-2.6532e-01  1.1530e+00  5.3017e-01 -1.9072e+01 -1.1371e+01  6.7347e+00  2.3204e+01  1.0000e+00
-1.5068e-01  1.4440e+00  9.0716e-01 -5.0418e+00  4.0962e+00  1.1483e+01  1.3193e+01  1.0000e+00
 1.1089e+01 -1.8533e+01 -9.3341e+00  1.3092e+01 -2.1379e+01 -1.0962e+01  2.7361e+01  1.0000e+00
-6.2945e-01  2.0374e+00 -2.1726e-01 -9.2503e-01 -5.1777e+00  2.4476e+00  5.8013e+00  1.0000e+00
 1.4641e+01  4.1206e+00 -3.2379e+01  1.7747e+01  5.2269e+00 -3.7966e+01  4.2234e+01  1.0000e+00
-2.2732e+00  1.2261e+01 -7.4807e+00 -2.4424e+00  1.2942e+01 -7.0892e+00  1.4957e+01  1.0000e+00
-2.9241e+01 -1.0192e+01  6.9385e+00 -3.5395e+01 -1.2074e+01  8.3587e+00  3.8321e+01  1.0000e+00
 3.6784e+01 -3.5330e+00 -1.5032e+01  4.4977e+01 -4.2831e+00 -1.8240e+01  4.8723e+01  1.0000e+00
 1.4299e+01 -7.9109e+01  4.9095e+01  1.7616e+01 -9.7711e+01  6.0738e+01  1.1639e+02  1.0000e+00
-4.0166e-01  1.1825e+00  4.7639e-01  7.2454e+00  6.2325e-01 -7.3710e+00  1.0354e+01  1.0000e+00
 6.1925e-05  1.6125e+00  6.2418e-01  8.1784e+00  1.2246e+01  6.2440e+00  1.5995e+01  1.0000e+00
 2.0560e-01  1.4334e+00  4.4467e-01  3.1955e+00 -5.0030e+00  2.8304e+00  6.5767e+00  1.0000e+00
-1.1734e+00  3.9369e-01  6.1986e-01  2.9612e+00  4.1609e+00 -2.0952e-01  5.1113e+00  1.0000e+00
-1.7639e+01 -8.5427e+00 -9.0213e+00 -2.0713e+01 -9.4563e+00 -1.0561e+01  2.5099e+01  1.0000e+00
-5.9468e-01  1.4035e+00  4.3007e-01  1.7756e+01 -3.6742e+00  2.3397e+00  1.8283e+01  1.0000e+00
 1.1111e-01  1.5327e+00  9.9506e-02  5.0292e+00  1.6972e+01  1.7691e+01  2.5026e+01  1.0000e+00
 2.4784e-01  1.4544e+00  6.8996e-01 -7.1203e+00  3.7043e+00 -7.4613e+00  1.0959e+01  1.0000e+00
-3.0980e-01  1.4554e+00  2.7931e-01 -2.0383e+01 -1.1105e+00  8.9400e+00  2.2285e+01  1.0000e+00
 3.4310e+00 -2.8298e+00 -4.0103e+00  1.8097e+00  5.2857e-01 -1.9653e+00  2.7234e+00  1.0000e+00
-7.9129e-01  1.3503e+00  4.1707e-01 -1.0084e+01  7.9097e+00  3.1196e+00  1.3190e+01  1.0000e+00
-8.3649e-01  1.1583e+00  2.2831e-01 -2.4310e+00  1.0043e+01  2.4206e+00  1.0613e+01  1.0000e+00
 1.1996e+01 -1.4614e+01 -1.7641e+01  1.4085e+01 -1.7622e+01 -2.0531e+01  3.0503e+01  1.0000e+00
 9.3499e+00  4.5226e+00 -4.8597e+00  2.2040e+01  8.7048e+00 -1.0166e+01  2.5785e+01  1.0000e+00
 2.2900e-01  1.0966e+00  6.3848e-01 -2.3809e+00 -1.5774e+00  7.6596e+00  8.1747e+00  1.0000e+00
 5.1608e-02  7.3738e-01  5.8778e-01 -2.2714e+00 -2.8532e+00  1.9914e+00  4.1552e+00  1.0000e+00
 1.2075e-01  8.2227e-01 -4.5098e-01  7.5932e+00  9.6493e+00 -8.1831e+00  1.4756e+01  1.0000e+00
 1.7130e+01 -8.3866e+00 -1.1261e+01  3.0641e+01 -1.5827e+01 -2.0140e+01  3.9937e+01  1.0000e+00
-6.9625e-01  1.3004e+00  3.6715e-01 -2.8702e+00  7.8113e+00 -8.6395e+00  1.1996e+01  1.0000e+00
-1.0986e-01  1.1534e+00  4.6040e-01 -2.5745e+01  9.5735e+00 -7.5525e+00  2.8487e+01  1.0000e+00
-4.2681e+01  1.0279e+01  2.1027e+01 -6.0115e+01  1.4430e+01  2.9671e+01  6.8574e+01  1.0000e+00
 2.8923e-02  1.4881e+00  4.9814e-01  5.7911e+00  1.0147e+01  7.4963e+00  1.3882e+01  1.0000e+00
 1.5710e+01  1.1364e+01 -1.1844e+00  1.7518e+01  1.3206e+01 -9.3113e-01  2.1958e+01  1.0000e+00
-2.1167e-01  1.3559e+00  5.7360e-02 -1.7492e+01  5.2809e+00  7.7537e+00  1.9849e+01  1.0000e+00
-4.2138e-01  9.2671e-01  1.5139e-01  4.0307e+00  2.5314e+00  2.3882e+00  5.3252e+00  1.0000e+00
 5.1532e-02  1.3554e+00  6.1947e-01  4.5497e+00 -5.8541e-01  8.1436e+00  9.3467e+00  1.0000e+00
 3.1277e+00  1.4040e+01 -7.4968e-01  3.7308e+00  1.4259e+01 -1.3296e+00  1.4799e+01  1.0000e+00
-3.2430e+02  4.0272e+02 -2.6960e+02 -3.7964e+02  4.7214e+02 -3.1702e+02  6.8377e+02  1.0000e+00
-9.5001e-01  1.2445e+00 -1.9511e-01  4.8830e+00  1.8903e+00 -3.4490e-01  5.2475e+00  1.0000e+00
-9.7884e-01  3.1063e+00  4.3048e-01  2.1387e+00  5.5325e+00  2.9863e+00  6.6409e+00  1.0000e+00
-1.0726e+00  3.8539e+00  1.6683e-02  7.4949e-02 -1.2013e+00  1.0946e+00  1.6269e+00  1.0000e+00
 2.4699e-01  1.1602e+00  8.8980e-01  8.4230e+00 -2.1241e-02  3.3134e+00  9.0513e+00  1.0000e+00
-6.7978e-01  1.1906e+00  8.9298e-01 -9.1683e+00  1.0756e+01  1.0735e+01  1.7747e+01  1.0000e+00
 1.1439e+01 -1.6791e+01 -1.6090e+01  1.3696e+01 -1.8859e+01 -1.9899e+01  3.0647e+01  1.0000e+00
 4.2151e-01  8.3140e-01  6.9962e-01 -2.0288e+01  1.3893e+01 -2.7432e+00  2.4742e+01  1.0000e+00
 9.6010e-02  1.3936e+00 -4.2366e-01 -1.8923e+00  2.4481e+00 -2.0230e+01  2.0465e+01  1.0000e+00
-5.4220e-01  7.9596e-01  4.7293e-01 -6.7038e+00 -3.5470e+00 -5.7541e+00  9.5201e+00  1.0000e+00
-2.5296e+01  1.6387e+00  2.1725e+01 -3.0522e+01  2.2605e+00  2.6396e+01  4.0416e+01  1.0000e+00
-4.2814e-01  1.1019e+00  3.0510e-01  2.6842e+00  6.8350e+00 -2.7288e+00  7.8338e+00  1.0000e+00
-2.4393e-01  1.1460e+00  3.5882e-01  6.3065e+00 -1.0736e-01  9.7348e+00  1.1600e+01  1.0000e+00
-1.7130e+01  1.5659e+01 -2.7633e+01 -2.0715e+01  1.9131e+01 -3.3451e+01  4.3750e+01  1.0000e+00
 2.8977e+01 -1.9743e+01  8.0260e+00  3.5072e+01 -2.3786e+01  9.7755e+00  4.3490e+01  1.0000e+00
 1.5181e+01 -9.3239e+00  1.7134e+01  1.7650e+01 -1.0843e+01  2.0290e+01  2.8996e+01  1.0000e+00
 2.2217e-01  1.1774e+00  8.8624e-01 -1.8070e+01 -3.5579e+00  8.1184e+00  2.0127e+01  1.0000e+00
-4.9417e-01  1.1753e+00  5.1485e-01  2.9573e+00  1.1041e+01 -4.2303e+00  1.2188e+01  1.0000e+00
-2.0627e-01  1.4473e+00  6.3629e-01  7.3618e-01 -6.9216e-01 -1.9475e+01  1.9501e+01  1.0000e+00
-1.0786e+01  1.4653e+00  3.3956e+00 -1.0028e+01  9.4493e-01  2.7701e+00  1.0447e+01  1.0000e+00
-8.9912e-01  1.3558e+00  3.7384e-01 -7.5034e+00 -4.3017e+00 -3.2268e+00  9.2314e+00  1.0000e+00
-8.0798e-02  1.1445e+00  3.8208e-01 -8.4870e+00  3.8052e+00 -6.6906e+00  1.1457e+01  1.0000e+00
-2.4319e-01  1.2945e+00  2.9898e-01 -6.7941e+00 -3.7249e+00  1.6360e+01  1.8102e+01  1.0000e+00
-6.4373e-01  1.6438e+00  7.2384e-01 -1.6519e+00  7.9672e-01 -1.0685e-01  1.8371e+00  1.0000e+00
-1.0717e+01  1.0897e+01 -8.9486e+00 -1.1706e+01  1.2971e+01 -9.7244e+00  1.9996e+01  1.0000e+00
-1.4563e-01  1.6711e+00  5.6727e-01 -1.9953e+01  1.4627e+01 -3.3318e+00  2.4963e+01  1.0000e+00
-8.6660e+00  5.4856e+00 -2.1076e+01 -1.0215e+01  6.4151e+00 -2.4543e+01  2.7347e+01  1.0000e+00
-3.5217e+00  1.2516e+01  4.8369e+00 -5.2388e+00  1.2419e+01  3.8605e+00  1.4021e+01  1.0000e+00
-2.7507e+01 -5.9364e+00 -7.4351e+00 -3.3296e+01 -6.8871e+00 -8.3741e+00  3.5017e+01  1.0000e+00
-3.0707e-01  8.1480e-01  8.1814e-01  7.3357e+00 -1.1057e+01  1.2507e+01  1.8235e+01  1.0000e+00
-1.6212e-01  1.6642e-01 -2.7644e+00 -3.8837e-01  2.6702e+00  4.3950e+00  5.1572e+00  1.0000e+00
-3.2092e-01  1.2184e+00  2.7017e-01 -1.3229e+01  1.7936e+01 -1.1431e+01  2.5048e+01  1.0000e+00
 2.0045e+00  1.3344e+00 -1.0449e+00  7.5384e+00  7.6978e-01  6.9546e-01  7.6095e+00  1.0000e+00
-4.6498e-02  5.0511e-01  7.0741e-01  4.7768e+00  1.0044e+01  6.5211e+00  1.2893e+01  1.0000e+00
-5.8817e-01  1.2311e+00  3.2379e-01  7.0865e+00  4.0747e+00  7.4618e+00  1.1068e+01  1.0000e+00
 3.8560e-01  2.9843e+00  1.7255e+00  1.1210e+00  5.2596e+00  2.6836e+00  6.0102e+00  1.0000e+00
 2.2644e+00 -2.8035e-01 -1.0404e+00 -5.2107e+00  5.2595e+00 -2.6070e+00  7.8492e+00  1.0000e+00
 2.2155e+00  7.0693e+00 -2.1995e+00  3.5789e+00  1.0004e+01 -4.4487e+00  1.1519e+01  1.0000e+00
-1.1094e-01  2.2851e+00  3.8255e-01 -5.4994e+00  1.4915e+01 -3.6986e-01  1.5901e+01  1.0000e+00
-3.5228e+01  3.8365e+01 -2.3300e+01 -4.1903e+01  4.4161e+01 -2.6615e+01  6.6441e+01  1.0000e+00
-3.1088e-01  1.4909e+00 -2.5401e-01  3.3257e+00 -1.3983e+00  1.3392e+01  1.3869e+01  1.0000e+00
-3.9197e-01  2.3425e-01  6.9501e-01  9.8449e+00 -1.0444e+01  7.3776e-01  1.4371e+01  1.0000e+00
-1.1240e+01 -5.3788e+00 -1.0941e+01 -1.9588e+01 -1.0620e+01 -1.9946e+01  2.9905e+01  1.0000e+00
-2.7603e-01  1.4622e+00  6.1464e-01  1.9693e+00  9.6992e+00  2.4718e+00  1.0201e+01  1.0000e+00
-5.8545e-01 -1.8938e+01 -1.0485e+01 -5.9290e-01 -2.1787e+01 -1.2433e+01  2.5092e+01  1.0000e+00
 3.0692e-01  1.2453e+00  6.6490e-01 -4.4424e+00  6.9251e+00  1.2034e+01  1.4577e+01  1.0000e+00
 1.1543e+01 -1.6764e+01 -1.5983e+01  1.3647e+01 -2.0519e+01 -1.7891e+01  3.0452e+01  1.0000e+00
-7.8969e-01  1.4383e+00  7.5840e-01 -1.3076e+01 -3.0937e+00  9.7187e-01  1.3472e+01  1.0000e+00
-3.6251e+01  9.3692e+00 -1.8992e+01 -9.0991e+01  2.1559e+01 -4.8370e+01  1.0528e+02  1.0000e+00
 1.5501e+00  1.1492e+01  4.5017e+00  2.3844e+00  1.1177e+01  3.7191e+00  1.2019e+01  1.0000e+00
 5.7697e+00 -1.1621e+01  1.8404e+01  7.0014e+00 -1.3429e+01  2.1636e+01  2.6410e+01  1.0000e+00
-1.2534e-01  1.4957e+00  3.9569e-01 -7.3871e+00  9.5315e+00  1.0722e+00  1.2107e+01  1.0000e+00
-2.2817e+01  1.3024e+01 -5.2171e+00 -4.2306e+01  2.3333e+01 -9.9073e+00  4.9319e+01  1.0000e+00
 9.3379e-03  1.0440e+00  3.0302e-01  7.7477e+00 -7.6004e+00 -1.7655e+00  1.0996e+01  1.0000e+00
 2.1987e-01  1.7964e+00  1.0598e+00  4.3166e-01 -3.0177e+00 -4.5799e+00  5.5017e+00  1.0000e+00
-1.3580e+01 -4.5939e+00  8.0452e+00 -1.4912e+01 -5.1009e+00  8.4335e+00  1.7875e+01  1.0000e+00
-1.9542e-01  1.6666e+00  2.7713e-01  6.7827e+00 -9.6970e-01 -8.1523e+00  1.0649e+01  1.0000e+00
-2.9524e+00  7.5082e+00  1.1497e+00 -9.1461e+00  2.0437e+01  2.8165e+00  2.2567e+01  1.0000e+00
 2.2014e+01 -2.8183e+01 -2.2541e+00  2.6825e+01 -3.4045e+01 -2.7894e+00  4.3433e+01  1.0000e+00
-1.0338e+00  2.9272e+00  8.5519e-01  1.9635e+00 -3.7832e+00  4.5272e-01  4.2864e+00  1.0000e+00
 8.7852e-01 -2.3034e+00  1.5799e+00 -7.7973e-01 -2.2117e+00  1.9590e+00  3.0557e+00  1.0000e+00
-6.1117e-02  1.0370e+00  8.0783e-01  1.3230e+01  1.2011e+01 -3.2930e+00  1.8170e+01  1.0000e+00
 1.0218e+00  7.9049e-01  8.0974e-01  1.8043e+00  7.0865e+00  3.7859e+00  8.2345e+00  1.0000e+00
-1.5650e+00  2.3422e+00 -2.0797e+00 -3.8512e+00  3.8058e+00 -9.2581e+00  1.0725e+01  1.0000e+00
-7.2158e-01  1.0841e+00  7.1360e-01 -1.2476e+01  7.8409e+00 -5.9525e+00  1.5892e+01  1.0000e+00
-1.4559e+00  1.4883e+00 -5.4928e-01  8.0192e+00  4.7766e+00  2.4495e+00  9.6500e+00  1.0000e+00
-6.4890e+00 -1.9758e+00 -1.2328e+00 -4.9504e+00 -3.9158e-01 -3.6141e-01  4.9789e+00  1.0000e+00
-4.7168e-01  1.1581e+00  4.4174e-01  4.7755e+00  5.9159e+00 -1.2273e+00  7.7013e+00  1.0000e+00
-2.5134e-01  8.5944e-01  4.9630e-01 -2.6782e+00 -3.6899e+00 -1.1739e+00  4.7081e+00  1.0000e+00
-1.6421e-01  1.3114e+00  2.9359e-01 -1.7084e+01  1.5030e+01 -4.1909e+00  2.3137e+01  1.0000e+00
-3.2155e-01  1.6977e+00  4.8813e-01 -1.0275e+01  1.2971e+01 -6.0004e+00  1.7602e+01  1.0000e+00
-2.4165e-01  1.1929e+00  8.4153e-01  9.5717e+00  1.4708e+01  7.5048e+00  1.9086e+01  1.0000e+00
 5.3021e-01  2.1669e+00  1.2002e+00 -2.8310e-01 -3.9828e+00 -4.7009e+00  6.1678e+00  1.0000e+00
 6.0283e+00 -1.3596e+01 -3.6475e+00  2.1723e+01 -5.0376e+01 -1.3236e+01  5.6434e+01  1.0000e+00
 2.4102e-01  1.2379e+00  4.0722e-01 -2.2879e+01  7.3876e+00 -6.4311e+00  2.4887e+01  1.0000e+00
-4.7707e+01  3.8509e+01  1.7953e+01 -8.1274e+01  6.5132e+01  3.0714e+01  1.0859e+02  1.0000e+00
-1.1821e+00  1.6235e+00  1.0969e+00  4.4446e+00 -2.5428e+00  4.3156e+00  6.6966e+00  1.0000e+00
-1.2762e-01  7.5885e-01 -3.8182e-01  3.4338e+00  4.3637e+00  5.5739e+00  7.8677e+00  1.0000e+00
-1.5653e+02  5.1407e+00  1.4065e+02 -2.4181e+02  7.3671e+00  2.1773e+02  3.2547e+02  1.0000e+00
-2.0885e-01  1.4676e+00 -5.6042e-02  8.7857e+00 -5.6062e+00 -1.4024e+00  1.0516e+01  1.0000e+00
-1.0770e+00  1.0286e+00 -7.9883e-02  8.4885e+00  4.2618e+00  9.7446e+00  1.3608e+01  1.0000e+00
-4.2152e-01  1.3401e+00  5.4160e-01 -1.0778e+01  1.2358e+01 -7.8350e+00  1.8173e+01  1.0000e+00
-4.0632e+00  5.9795e+00  1.5510e+01 -4.2211e+00  5.9352e+00  1.5813e+01  1.7410e+01  1.0000e+00
 6.0011e+00  2.7743e+00  1.6949e+00  1.4871e+00  2.3997e+00  1.3369e+00  3.1237e+00  1.0000e+00
 1.1869e+01 -6.9646e+00 -1.0131e+01  1.3132e+01 -8.0124e+00 -1.1021e+01  1.8924e+01  1.0000e+00
 1.9127e-01  1.5509e+00 -2.8914e-01  1.2295e+01  7.0639e+00 -6.6430e+00  1.5659e+01  1.0000e+00
 1.7462e+01 -1.7730e+01 -2.6176e+01  2.1282e+01 -2.1431e+01 -3.1478e+01  4.3625e+01  1.0000e+00
-3.2145e-01  1.7016e+00  6.6824e-01  1.8128e+00  2.8976e+00 -1.3566e+00  3.6773e+00  1.0000e+00
-1.6476e-01  1.1490e+00  5.6669e-01  2.2459e+00 -7.4708e+00  7.9760e-01  7.8418e+00  1.0000e+00
 4.0721e-01  1.4027e+00  9.3534e-01 -4.3901e-02  8.9246e+00 -1.3108e+00  9.0204e+00  1.0000e+00
-1.3103e+01 -2.0975e+01 -1.9734e+01 -2.4927e+01 -4.1533e+01 -3.8297e+01  6.1750e+01  1.0000e+00
-6.1002e-01  1.2963e+00  2.6399e-02  8.3230e+00 -6.8389e+00  1.5209e+01  1.8637e+01  1.0000e+00
 5.7374e-01  1.9035e+00 -1.7535e-01  1.9831e+00  5.0375e+00  4.4825e+00  7.0287e+00  1.0000e+00
 4.3355e-01  1.1627e+00  1.7209e-01 -6.8930e+00  9.2561e+00  4.0842e+00  1.2242e+01  1.0000e+00
-1.5200e-01  1.5923e+00  6.0464e-01  7.5354e+00  1.6293e+01  2.0635e+01  2.7350e+01  1.0000e+00
 5.0721e-01  6.6681e-01  9.4436e-01  4.5527e+00  3.8847e+00 -3.9087e+00  7.1481e+00  1.0000e+00
-1.2588e+00  2.6560e+00  2.3133e+00  1.8944e+00  5.2284e-02 -4.3643e+00  4.7580e+00  1.0000e+00
-4.2490e+00  6.6084e+00  1.8597e+01 -4.4293e+00  7.7803e+00  2.1022e+01  2.2849e+01  1.0000e+00
-7.2810e-01  1.2719e+00 -9.4628e-01 -4.8321e+00 -5.8607e+00  6.2142e+00  9.8139e+00  1.0000e+00
 1.8847e-01  6.7621e-01  1.6627e-02 -2.6382e+00  6.0105e+00  8.2752e+00  1.0562e+01  1.0000e+00
-4.1607e-01  1.3467e+00  1.7479e-01  8.6487e+00 -2.2746e+00  1.0347e+01  1.3676e+01  1.0000e+00
-1.0365e+00  1.3141e+00  3.0560e-01  1.2760e+01  8.4088e+00  8.1018e+00  1.7296e+01  1.0000e+00
 1.3191e+01 -3.3206e+01  5.9031e+01  1.5600e+01 -3.9382e+01  7.0865e+01  8.2560e+01  1.0000e+00
 2.5356e+01  4.8255e+00  2.3946e+01  3.0619e+01  5.7724e+00  2.9114e+01  4.2643e+01  1.0000e+00
-3.2734e+00  1.1137e+00 -1.3512e+00 -3.5869e-01 -1.1710e+00 -3.9102e+00  4.0975e+00  1.0000e+00
-1.0155e-01  1.0292e+00  1.0508e+00 -1.0951e+01  4.8793e+00 -1.0341e+01  1.5833e+01  1.0000e+00
-3.9955e-02  1.2859e+00  9.6202e-01  1.7247e+00  1.6329e+01 -4.0690e+00  1.6916e+01  1.0000e+00
-6.6840e+00  4.4253e+00  2.6449e+01 -7.9694e+00  5.5247e+00  3.1504e+01  3.2963e+01  1.0000e+00
-1.7351e+01 -3.0483e+00 -1.6416e+01 -2.0278e+01 -2.4833e+00 -1.8736e+01  2.7721e+01  1.0000e+00
-2.7730e+00  9.8892e-01  1.5833e+00 -8.9210e+00 -1.9641e+00  3.6575e+00  9.8397e+00  1.0000e+00
-9.5534e+00 -1.6526e+01 -1.2481e+00 -1.1998e+01 -2.1829e+01 -1.2750e+00  2.4941e+01  1.0000e+00
 1.9591e-01  2.3189e+00  2.5742e-01 -9.0884e-02  1.9246e+01 -1.3049e+00  1.9290e+01  1.0000e+00
-1.5262e-02  1.2235e+00  4.8713e-01  2.2888e+00 -5.2914e-01 -5.3045e+00  5.8014e+00  1.0000e+00
-1.9296e+00 -3.5782e-02  2.2564e-01  5.3834e+00  7.9255e+00  1.7115e+00  9.7326e+00  1.0000e+00
-2.1752e-01  1.1989e+00  3.6845e-01  1.9456e+00  1.3072e+00  1.4159e+01  1.4352e+01  1.0000e+00
-5.4704e-02  1.4468e+00  1.2580e+00 -4.5272e+00  7.0676e-01  3.6676e+00  5.8691e+00  1.0000e+00
-9.0649e+00  2.8674e+01 -3.6789e+00 -1.0761e+01  3.4314e+01 -4.3243e+00  3.6221e+01  1.0000e+00
 3.9326e+00  2.2616e+00  4.8945e+00  2.3300e-01  3.7956e+00  3.3413e+00  5.0621e+00  1.0000e+00
-1.6018e+01 -1.5650e-01 -4.1791e+00 -1.7501e+01  4.1730e-01 -4.6888e+00  1.8123e+01  1.0000e+00
 1.9360e+00  2.0265e+00 -2.8026e+00  1.2632e+00  1.0105e+00  1.8825e+00  2.4820e+00  1.0000e+00
-1.2850e+01 -4.7856e+00  8.8787e+00 -1.4092e+01 -4.3769e+00  9.5454e+00  1.7575e+01  1.0000e+00
-2.1879e-01  7.7621e-01  9.5268e-03 -2.0858e+00  8.6944e+00  1.6453e+00  9.0912e+00  1.0000e+00
 3.3681e+01  1.2222e+01  2.8028e+00  4.0647e+01  1.4933e+01  3.3235e+00  4.3431e+01  1.0000e+00
 1.2061e+01  1.6706e+01  2.3298e+00  1.4021e+01  1.9064e+01  3.0658e+00  2.3863e+01  1.0000e+00
-2.6299e+01 -1.5740e+01 -9.6506e+00 -3.3018e+01 -1.9991e+01 -1.2767e+01  4.0655e+01  1.0000e+00
 2.3844e+00  3.0210e+00 -1.6959e+00  5.4741e+00  6.7582e-01 -6.2013e+00  8.2993e+00  1.0000e+00
-2.5746e+01 -5.7195e-01 -6.7527e+00 -3.0655e+01 -4.6252e-01 -8.0916e+00  3.1708e+01  1.0000e+00
-5.3951e-01  1.2771e+00  3.2941e-01  1.2999e+01 -8.6450e+00  4.7526e-01  1.5619e+01  1.0000e+00
-3.8530e-02  1.6479e+00  9.9850e-01 -5.1172e+00  5.8612e+00  1.0008e-02  7.7807e+00  1.0000e+00
-5.1424e+00  2.0795e+01 -7.9895e+00 -5.5058e+00  2.4611e+01 -9.4039e+00  2.6916e+01  1.0000e+00
 3.3148e+01  2.7079e+01 -2.0790e+01  4.7171e+01  3.8167e+01 -2.9447e+01  6.7446e+01  1.0000e+00
-1.3231e-01  1.3562e+00 -1.1437e-01 -1.4027e+01 -1.1965e+01  4.7969e+00  1.9051e+01  1.0000e+00
-1.6796e-01  1.5818e+00  7.2762e-02  3.2047e+00 -2.1068e+00  2.8679e+01  2.8934e+01  1.0000e+00
-2.1729e-01  1.8822e+00  2.9302e-01 -2.5064e+00  2.1653e+00  1.3166e+01  1.3576e+01  1.0000e+00
 4.2289e+00 -3.0111e+00  6.4184e-01  1.8590e+00  5.8494e-01  4.0406e+00  4.4860e+00  1.0000e+00
 2.7900e+00 -1.3374e+00  7.7027e-01  1.5261e+00  2.6346e+00 -4.7283e-01  3.0812e+00  1.0000e+00
-4.3036e-01  1.0072e+00  7.0583e-01 -1.3765e+01 -8.4741e-01  1.8477e+01  2.3057e+01  1.0000e+00
-2.0172e+01 -1.0175e+01 -3.5479e+01 -2.4804e+01 -1.2598e+01 -4.3840e+01  5.1922e+01  1.0000e+00
-3.5916e+01 -1.1906e+01 -1.2136e+00 -4.3708e+01 -1.4202e+01 -1.5542e+00  4.5984e+01  1.0000e+00
 3.9349e+00 -2.7343e+00 -4.3490e+00  3.4086e+00 -2.7441e-01 -9.6748e-01  3.5538e+00  1.0000e+00
 3.6255e+01  6.3171e+00 -3.7971e+00  4.3911e+01  7.9119e+00 -4.6937e+00  4.4864e+01  1.0000e+00
-1.7841e-01  1.4808e+00  3.2657e-01 -1.8003e+01 -7.6862e+00 -6.7489e+00  2.0706e+01  1.0000e+00
-5.7062e-01  1.3230e+00  4.3915e-01  6.0744e+00  2.1180e+00  8.0846e+00  1.0332e+01  1.0000e+00
 4.1339e-01  1.1839e+00  2.6163e-01  4.0089e+00  2.0371e+00  5.6538e+00  7.2240e+00  1.0000e+00
-4.4733e+00  2.0338e+00 -9.0005e-02 -1.0112e+01  2.7899e+00  4.0775e-01  1.0497e+01  1.0000e+00
-2.0397e-01  1.4116e+00  5.9237e-01 -8.0353e+00 -1.1436e+01  3.0162e-01  1.3980e+01  1.0000e+00
-5.4308e-01  1.2479e+00  7.2359e-01 -2.3853e+00  3.6471e+00 -2.8981e+00  5.2336e+00  1.0000e+00
-1.1460e-02  1.6582e+00  4.1616e-01  1.8240e+01 -3.4030e-01  2.6805e+00  1.8439e+01  1.0000e+00
-1.4235e+01  1.2108e+01 -2.1985e+00 -1.5955e+01  1.3468e+01 -2.1957e+00  2.0994e+01  1.0000e+00
-1.0763e+00  1.3305e+00  1.6511e-01 -1.0999e+01  3.8328e+00  4.1710e+00  1.2372e+01  1.0000e+00
-1.4244e+01 -4.2638e+00 -2.0731e-01 -1.4979e+01 -4.4618e+00 -4.2550e-01  1.5635e+01  1.0000e+00
-9.3807e-01  1.6342e+00  9.9201e-02  2.6856e+00  1.5244e+00  1.2013e+01  1.2403e+01  1.0000e+00
 1.6712e+00  2.3537e+00 -4.3116e-01  1.7821e+01  1.1987e+01 -7.7621e+00  2.2837e+01  1.0000e+00
-4.3798e-01  1.1470e+00  3.2398e-01 -6.4617e-01  1.3261e+01 -2.0466e+01  2.4396e+01  1.0000e+00
-7.7397e-01  2.2494e+00 -1.2856e-01 -1.3910e-01 -3.7556e+00  1.1099e+01  1.1718e+01  1.0000e+00
 1.1579e+01 -2.8500e+01 -1.3750e+01  1.4013e+01 -3.4241e+01 -1.6559e+01  4.0534e+01  1.0000e+00
-2.5992e+01 -4.5768e+00  2.3404e+01 -3.1495e+01 -5.2613e+00  2.8340e+01  4.2694e+01  1.0000e+00
-7.3569e-01  1.7216e+00  2.9192e-01  2.4072e+00  1.4059e+00 -5.8227e+00  6.4556e+00  1.0000e+00
-2.6938e+00 -6.1917e-01 -3.5177e+00 -3.6750e-01  2.5221e+00  1.7936e+00  3.1166e+00  1.0000e+00
-9.0563e-01  2.4287e+00  4.1584e-01  4.7724e+00 -3.1200e+00  2.0184e-01  5.7054e+00  1.0000e+00
 4.8628e-02  1.1312e+00  4.7677e-01  3.4365e+00 -1.4283e+01 -1.2199e+00  1.4741e+01  1.0000e+00
-2.1803e+00 -2.3073e+01 -1.6323e+01 -1.8658e+00 -2.7770e+01 -1.9845e+01  3.4183e+01  1.0000e+00
-3.3535e+00  5.8102e+00 -3.9721e+00 -1.9767e+00  3.6246e+00 -7.6482e-01  4.1988e+00  1.0000e+00
 8.1194e-02  1.3224e+00  2.4757e-01 -1.5672e+01 -3.7695e+00 -1.8274e+01  2.4367e+01  1.0000e+00
-1.0788e-01  9.8412e-01  2.9008e-01 -1.4508e+01  1.4536e+01 -8.8532e+00  2.2364e+01  1.0000e+00
 5.9821e-01  1.3545e+00  4.0117e-02  1.8309e+01 -1.9649e+00 -6.5072e+00  1.9530e+01  1.0000e+00
-4.8276e+00  2.0989e+01 -8.6962e+00 -5.8639e+00  2.3987e+01 -9.4135e+00  2.6427e+01  1.0000e+00
-7.5642e-02  1.5572e+00  7.1505e-01  2.0445e+00 -1.1418e+01 -1.2371e+01  1.6959e+01  1.0000e+00
 9.3674e-01  4.0672e+00  2.5538e+01  1.8350e+00  5.0927e+00  2.8222e+01  2.8736e+01  1.0000e+00
 3.3273e-01  5.1176e+00 -3.0787e+00  3.1111e-01  4.2449e+00 -3.1437e+00  5.2913e+00  1.0000e+00
-3.0068e-01  1.4834e+00 -2.6066e-01 -3.3920e+00  1.2087e+01  5.2904e+00  1.3623e+01  1.0000e+00
 3.1944e-02  4.8309e-01  6.0368e-01 -3.0898e-01 -5.0358e+00  2.1725e+00  5.4931e+00  1.0000e+00
-4.0301e-01  1.3580e+00 -5.4497e-02 -5.8896e+00  1.7508e+00  7.9809e+00  1.0072e+01  1.0000e+00
 7.8894e+00  1.6147e+01  8.5822e+00  9.1208e+00  1.8492e+01  9.5737e+00  2.2733e+01  1.0000e+00
-7.1344e-01  1.7565e+00  5.1368e-01 -6.9144e+00 -3.9807e+00  3.7770e+00  8.8273e+00  1.0000e+00
 5.1765e-01  8.8751e-01  6.1826e-01 -1.1570e+01  1.3156e+01 -6.0874e+00  1.8547e+01  1.0000e+00
-4.4049e-01  1.4999e+00  6.7828e-01 -9.3737e+00  1.4259e+00  1.2340e+01  1.5562e+01  1.0000e+00
 1.1229e-01  1.0707e+00  7.1992e-01  4.7558e+00 -1.4478e-01  3.1478e+00  5.7050e+00  1.0000e+00
 1.4714e-01  8.9510e-01 -1.2797e-01  6.1577e+00  6.2518e+00  1.6838e+00  8.9352e+00  1.0000e+00
-2.4579e-01  1.1775e+00  5.9841e-01 -1.6302e+01  4.5565e+00  1.3667e-01  1.6927e+01  1.0000e+00
 1.2356e+01 -8.9786e+00 -1.4508e+00  1.3360e+01 -9.4866e+00 -1.3253e+00  1.6439e+01  1.0000e+00
-1.1383e-01  8.0978e-01  3.3538e-01 -1.2577e+01 -7.3324e+00 -3.1211e+00  1.4889e+01  1.0000e+00
 2.2589e+01 -4.3011e+01  2.7537e+01  2.5216e+01 -5.0317e+01  3.2422e+01  6.4953e+01  1.0000e+00
-3.5148e-01  3.1214e+00 -1.4782e+00 -2.4788e-01 -1.8256e+00 -7.1487e+00  7.3823e+00  1.0000e+00
 2.3552e+00 -1.2085e+01 -3.4577e+01  2.7446e+00 -1.4564e+01 -4.1832e+01  4.4380e+01  1.0000e+00
-9.4149e+00 -1.3540e+01 -2.3304e+01 -1.1666e+01 -1.6136e+01 -2.7863e+01  3.4246e+01  1.0000e+00
-1.6107e+00 -2.4736e+01  2.6719e+00 -1.7235e+00 -2.9341e+01  3.1551e+00  2.9560e+01  1.0000e+00
-3.4683e+01 -1.7463e+01 -9.0470e+00 -4.2359e+01 -2.1075e+01 -1.0977e+01  4.8569e+01  1.0000e+00
 2.3355e-01  1.3365e+00  2.4687e-01  4.8550e+00  1.0706e+01  1.2158e+01  1.6911e+01  1.0000e+00
-2.7673e+01 -6.7989e+00 -5.2084e+00 -3.3261e+01 -8.1147e+00 -6.2789e+00  3.4807e+01  1.0000e+00
-2.1922e-02  1.0827e+00  8.0578e-01 -4.3947e+00  7.2914e+00 -2.0960e+01  2.2623e+01  1.0000e+00
-3.2745e-01  1.1726e+00  7.9595e-01  3.3850e+00  8.8240e+00 -1.1064e+01  1.4551e+01  1.0000e+00
-4.3015e+00  2.5466e-01 -1.3665e+01 -4.8625e+00  8.0130e-01 -1.6164e+01  1.6898e+01  1.0000e+00
-1.2132e+00  1.5763e+00  7.1901e-02 -7.3109e+00 -7.0067e-01  7.5113e+00  1.0505e+01  1.0000e+00
-1.4837e-01  1.2961e+00  2.9659e-01  6.2476e-01 -1.6468e+00 -8.3597e+00  8.5432e+00  1.0000e+00
