# limit = 29.1714
#
# x           y           z           vx          vy          vz          s           m
 5.3998e-01  2.6711e+00 -1.4231e+00  3.0316e+00  1.5575e+00 -9.3855e+00  9.9852e+00  1.0000e+00
 3.9583e-01  1.3212e+00 -1.1115e-01 -9.0836e+00 -2.0595e+00 -4.9515e+00  1.0548e+01  1.0000e+00
 2.8651e+01  1.3930e+00  5.6075e+00  3.3925e+01  2.1193e+00  6.6264e+00  3.4631e+01  1.0000e+00
 2.6876e-01  1.2148e+00  8.7294e-01 -9.9782e+00  9.8067e+00  8.1001e-01  1.4014e+01  1.0000e+00
-2.4352e+01  9.1549e+00  1.4557e+01 -2.9202e+01  1.0819e+01  1.7227e+01  3.5588e+01  1.0000e+00
 1.0653e+01 -3.2344e+00  3.0160e+01  1.2998e+01 -3.5258e+00  3.6143e+01  3.8571e+01  1.0000e+00
 1.4832e+00 -2.4499e+01 -1.6898e+01  1.3511e+00 -2.9162e+01 -1.9925e+01  3.5345e+01  1.0000e+00
-3.5170e-01  1.2223e+00  4.2585e-01 -1.7135e+01  1.2544e+01 -1.3849e+01  2.5352e+01  1.0000e+00
-3.8408e+01  2.8041e+01  8.7073e+01 -4.5547e+01  3.3390e+01  1.0464e+02  1.1890e+02  1.0000e+00
 6.7086e+01 -3.6033e+01  1.7584e+00  1.1448e+02 -6.2004e+01  3.0410e+00  1.3022e+02  1.0000e+00
 2.8000e+00  4.4925e+00  2.6203e+00 -1.4589e+00  9.9107e-01 -3.4880e-01  1.7979e+00  1.0000e+00
-2.1038e-01  1.7690e+00  1.0457e-01 -3.1108e+00  2.5610e+00 -1.7803e+00  4.4051e+00  1.0000e+00
-5.0010e-01  3.2637e+00  1.0815e+00  3.2923e+00 -6.5908e+00  1.2678e+00  7.4756e+00  1.0000e+00
 6.3932e+00  2.0562e+00 -6.8225e-01  3.5592e+00  2.6312e+00  6.9967e-01  4.4811e+00  1.0000e+00
 1.8496e+00 -1.2005e+00  3.5457e-01 -1.2225e+00  2.7361e+00 -1.1309e+00  3.2031e+00  1.0000e+00
-9.3767e+00 -1.6500e+00 -7.0542e+00 -9.3760e+00 -8.4761e-01 -6.8994e+00  1.1672e+01  1.0000e+00
 1.7564e+01 -1.8379e+01 -2.1090e+01  2.0966e+01 -2.2019e+01 -2.5427e+01  3.9635e+01  1.0000e+00
-1.7739e-01  1.9774e+00  3.3592e-01 -1.9958e+00  1.4967e+01 -1.5394e+00  1.5177e+01  1.0000e+00
-2.9003e-01  1.0475e+00  3.4468e-01 -1.1774e+00 -1.4709e+01  2.8748e+00  1.5033e+01  1.0000e+00
 6.1071e+01  4.9493e+01 -2.1386e+01  7.3441e+01  5.8889e+01 -2.5204e+01  9.7451e+01  1.0000e+00
-2.4621e-01  1.2954e+00  7.1460e-01  1.2819e+01  9.5529e+00 -5.8315e+00  1.7017e+01  1.0000e+00
 5.6775e-02  2.4710e+00  4.2143e-01  3.1602e+00 -6.0418e+00  1.5010e+00  6.9816e+00  1.0000e+00
-5.2639e+00 -6.6624e+00  1.0193e+01 -8.0481e+00 -1.1464e+01  1.5643e+01  2.0997e+01  1.0000e+00
-1.3183e+01  2.5026e+01 -2.5215e+01 -1.5904e+01  3.0449e+01 -3.0424e+01  4.5888e+01  1.0000e+00
-9.3999e-01  2.8190e+01 -1.2463e+01 -1.2375e+00  3.3675e+01 -1.4798e+01  3.6804e+01  1.0000e+00
-6.8134e+00  4.0634e+00 -1.0086e+01 -7.7743e+00  5.2945e+00 -9.7388e+00  1.3539e+01  1.0000e+00
 8.8353e+00 -2.2029e+01  4.1643e+00  9.9924e+00 -2.6155e+01  4.7397e+00  2.8397e+01  1.0000e+00
 5.9983e+01 -1.5713e+01 -5.7871e+01  7.5256e+01 -1.9839e+01 -7.2627e+01  1.0645e+02  1.0000e+00
 1.7332e+00 -3.4523e+01 -4.5532e+01  2.1727e+00 -4.2131e+01 -5.5560e+01  6.9762e+01  1.0000e+00
 1.2094e-01  1.5441e+00  3.5666e-02  7.7731e+00  5.3617e+00 -6.8094e+00  1.1642e+01  1.0000e+00
-4.8480e-01  1.0902e+00  5.4995e-01  7.6834e+00 -1.1346e+01 -6.4016e+00  1.5125e+01  1.0000e+00
-4.8789e-01  1.1129e+00  4.4093e-01 -1.2697e+01 -8.8009e+00  1.0318e+01  1.8578e+01  1.0000e+00
 8.1738e-02  1.2322e+00  2.1305e-01  1.1366e+01 -3.0522e+00  1.6191e+01  2.0017e+01  1.0000e+00
 6.6693e-02  8.3954e-01  4.1809e-01 -8.6983e+00 -3.2873e+00 -7.8368e-01  9.3317e+00  1.0000e+00
-3.2349e-01  1.5329e+00 -4.0447e-03  5.5071e+00 -9.3662e+00 -1.1157e+01  1.5573e+01  1.0000e+00
 2.5800e-01  1.8939e+00  8.9490e-01  4.8038e+00  1.7561e+00 -3.8616e+00  6.4088e+00  1.0000e+00
-8.8907e-01  8.5692e-01  9.7224e-01 -1.9436e+01  4.0824e-01  8.6107e+00  2.1261e+01  1.0000e+00
-2.3684e+01  4.5373e+01 -5.6930e+01 -2.8528e+01  5.4672e+01 -6.7946e+01  9.1758e+01  1.0000e+00
-4.2528e-01  7.7710e-01  7.6268e-01 -4.0644e+00  2.5751e+00 -1.7825e+01  1.8463e+01  1.0000e+00
 1.6856e+01 -3.7027e+00  1.4204e+01  1.9368e+01 -4.0661e+00  1.6420e+01  2.5715e+01  1.0000e+00
 8.6426e+00  8.1327e+00  1.3231e+00  7.8168e+00  7.8048e+00  2.0288e+00  1.1231e+01  1.0000e+00
 2.6801e+00  1.1902e+00 -9.3427e-01 -4.7622e+00  1.1676e+00 -2.4530e-03  4.9033e+00  1.0000e+00
 5.7595e-02  1.2135e+00  1.3701e-01  7.4718e+00  1.9313e+01 -5.5099e-01  2.0715e+01  1.0000e+00
 3.4934e+00 -1.0078e+01  3.2862e+01  4.3056e+00 -1.1973e+01  3.9519e+01  4.1516e+01  1.0000e+00
 3.1908e+01  1.5385e+01  2.5456e+00  3.8699e+01  1.8513e+01  3.1349e+00  4.3014e+01  1.0000e+00
 2.3160e+00 -2.0189e+01  3.3886e+00  3.2367e+00 -2.3469e+01  4.1439e+00  2.4050e+01  1.0000e+00
-5.7458e-01  1.2464e+00  4.6535e-01  1.7986e+01 -6.8964e+00 -7.8278e-01  1.9279e+01  1.0000e+00
 1.9966e+00  2.5694e-01  6.9450e-01 -6.6740e+00  8.9143e+00  2.8347e+00  1.1491e+01  1.0000e+00
 1.3458e+01 -5.2078e+00  6.1995e+00  1.4161e+01 -5.3859e+00  6.9986e+00  1.6689e+01  1.0000e+00
-5.5663e-01  1.7542e+00  3.8213e-01  4.0866e+00 -3.4772e+00 -1.9635e+00  5.7137e+00  1.0000e+00
 7.0725e-01  1.1508e+00  3.7335e-02  9.3080e+00  1.4760e+00 -3.5493e-01  9.4310e+00  1.0000e+00
-1.6951e-01  1.1846e+00  2.1461e-01 -1.5714e-02 -1.2915e+01 -2.5394e+00  1.3163e+01  1.0000e+00
-3.7827e+00 -5.9096e+00  6.0888e+00 -2.9859e+00 -4.4058e+00  5.0711e+00  7.3514e+00  1.0000e+00
 5.4186e-01  3.6180e-01 -9.6664e-01  6.7455e+00 -3.7575e+00 -1.1534e+01  1.3880e+01  1.0000e+00
 4.7852e-01  6.3197e+00  6.3568e+00  2.1629e+00  1.2996e+01  1.3944e+01  1.9184e+01  1.0000e+00
-1.4942e-01  7.7606e-01  7.2794e-01  4.8635e+00 -1.7111e+00  8.2896e+00  9.7621e+00  1.0000e+00
-9.2616e-02  1.2539e+00  2.5822e-01  2.9214e+00 -4.9764e+00  7.2906e+00  9.2980e+00  1.0000e+00
 2.1279e-01  6.2338e-01  8.9925e-01  3.2550e+00 -3.4622e+00  1.1237e+01  1.2200e+01  1.0000e+00
-3.7614e-01  1.2965e+00  6.2180e-01 -1.3034e+01 -7.4237e+00  3.0255e+00  1.5302e+01  1.0000e+00
 7.7970e+00 -4.3750e+00  2.3372e+01  8.9708e+00 -5.3917e+00  2.7597e+01  2.9515e+01  1.0000e+00
-6.8058e-01  1.3282e+00  6.4875e-01  3.6594e-01 -2.1292e-01 -8.0895e+00  8.1006e+00  1.0000e+00
-4.8530e+00 -8.5610e+00  3.8511e+00 -7.0465e+00 -1.4123e+01  5.6754e+00  1.6772e+01  1.0000e+00
 1.4662e+01  1.4766e+00 -7.0485e+00  1.7871e+01  1.9614e+00 -8.5034e+00  1.9888e+01  1.0000e+00
-1.8013e-01  1.1521e+00  7.2911e-01 -4.8752e+00  1.3488e+01 -1.2634e+01  1.9113e+01  1.0000e+00
-2.2964e-02  4.2283e+00  5.7202e-01  2.2984e+00  4.3326e+00  1.0477e+00  5.0151e+00  1.0000e+00
 5.0170e-01  1.0638e+00  3.2809e-01  4.8211e+00  8.7285e+00 -7.4371e+00  1.2439e+01  1.0000e+00
-8.7120e-02  1.2017e+00  1.3609e-02  4.0266e+00  4.1662e+00  1.1943e+01  1.3274e+01  1.0000e+00
 8.0643e-02  1.5144e+00 -1.7640e-01  1.0785e+01  5.5794e+00 -1.3185e+01  1.7924e+01  1.0000e+00
-1.1013e-01  1.5619e+00  4.5056e-01 -1.0850e+00 -6.5611e+00 -1.0676e+01  1.2578e+01  1.0000e+00
-1.5660e-01  6.2422e-01  6.4409e-01 -2.5702e+00 -1.1541e+01  6.2989e+00  1.3397e+01  1.0000e+00
 2.8241e+01  3.0506e+00  5.1218e+00  3.3798e+01  3.3152e+00  6.0622e+00  3.4497e+01  1.0000e+00
-2.9905e-01  1.3677e+00  2.4109e-01  3.0110e+00  7.7271e+00 -6.0094e+00  1.0241e+01  1.0000e+00
 8.6223e-01  1.2181e+00  6.6625e-01  9.1138e-01  8.6175e+00 -4.4546e+00  9.7435e+00  1.0000e+00
-1.6818e-01  1.0028e+00 -7.8996e-01  2.0992e+00  3.2174e+00 -2.1392e+00  4.3971e+00  1.0000e+00
-1.8948e-01  9.7044e-01  3.0760e-01 -8.1524e-02  1.3302e+01  3.4424e+00  1.3740e+01  1.0000e+00
-3.3473e-01  1.2946e+00  4.9459e-01  1.2189e+01 -4.5153e+00 -1.6755e-01  1.2999e+01  1.0000e+00
-5.3584e-01  1.4134e+00  2.4234e-01 -3.5654e+00  5.0996e+00 -6.6386e+00  9.0988e+00  1.0000e+00
-4.1921e-01  1.5882e+00  9.1195e-01  1.8818e+00  1.5191e+00 -1.0892e+01  1.1157e+01  1.0000e+00
 3.4132e+01 -1.6262e+01 -3.9157e+00  4.1406e+01 -1.9449e+01 -4.6706e+00  4.5984e+01  1.0000e+00
-1.9814e+01 -1.1987e+01 -7.5708e+00 -2.3414e+01 -1.3774e+01 -8.7199e+00  2.8530e+01  1.0000e+00
-2.2019e-01  1.8296e+00  5.3743e-01 -2.1875e+00  1.6118e+01  1.3706e+00  1.6323e+01  1.0000e+00
 2.2388e+01  5.1407e+00  1.4472e+01  3.2060e+01  6.9166e+00  2.0552e+01  3.8705e+01  1.0000e+00
 3.2326e-01  9.1948e-01  1.3522e+00 -3.1476e+00  1.9666e+00  2.3751e+00  4.4063e+00  1.0000e+00
 6.2657e+00  5.7850e+00  8.1640e+00  5.3806e+00  5.9059e+00  7.4154e+00  1.0900e+01  1.0000e+00
-2.9236e-01  1.2364e+00  2.5398e-01 -2.4538e+01 -3.3819e+00 -1.2132e+00  2.4800e+01  1.0000e+00
-4.5151e-01  2.3904e-01  2.3505e-01 -6.5510e+00 -1.1000e+01 -2.3295e+00  1.3013e+01  1.0000e+00
 1.5723e+00  1.1188e+00  6.7118e-01  5.2900e+00  6.7543e-01  5.2479e+00  7.4821e+00  1.0000e+00
-1.1861e+00  2.4146e+00  2.9559e-01 -5.0745e+00  7.6357e+00  1.3407e+00  9.2656e+00  1.0000e+00
 1.4382e+02  3.6244e+01 -1.3954e+02  2.2218e+02  5.5313e+01 -2.1506e+02  3.1413e+02  1.0000e+00
-4.4693e-02  6.0221e-01  5.8398e-01  6.9716e+00 -1.4884e+00  2.7044e+00  7.6245e+00  1.0000e+00
-1.0579e+00  2.5476e+00  6.6797e-01 -9.3937e+00  1.5538e+01  5.4333e+00  1.8952e+01  1.0000e+00
-2.5917e-01  2.1614e+00  5.4428e-01 -7.0602e+00 -4.2643e+00  9.9182e+00  1.2900e+01  1.0000e+00
 1.1486e+00  1.2313e+00  1.1481e+00  6.9043e+00  1.1304e+00  1.0416e+01  1.2547e+01  1.0000e+00
-1.6719e-01  2.0190e+00  5.3486e-01 -9.0444e+00  6.4939e+00 -7.1528e+00  1.3234e+01  1.0000e+00
 5.4227e+00 -1.8447e+00 -4.4723e-01  4.4899e+00 -1.0342e+00  3.0551e-02  4.6076e+00  1.0000e+00
-5.6973e-01  1.0372e+00  5.1828e-01 -1.0263e+01  7.9446e+00  6.5111e+00  1.4520e+01  1.0000e+00
 8.7722e+00  1.8167e+01  3.1816e+01  1.7303e+01  3.3990e+01  6.1206e+01  7.2118e+01  1.0000e+00
-1.0953e+01 -1.5982e+01 -1.7981e+01 -1.2950e+01 -1.8752e+01 -2.1171e+01  3.1106e+01  1.0000e+00
 2.3876e+00 -4.9083e+00 -2.1100e+01  2.6685e+00 -5.3971e+00 -2.3147e+01  2.3918e+01  1.0000e+00
 1.9394e+00  4.2898e+00 -1.5728e+00  1.1797e+00 -1.4399e+00  2.9063e+00  3.4513e+00  1.0000e+00
-9.7700e-01  1.6069e+00  2.3878e-01 -5.9705e+00  2.8165e+00  6.9985e+00  9.6208e+00  1.0000e+00
-4.1071e-01  1.3036e+00  7.5582e-01  3.3270e-02 -4.2889e+00  2.8693e+00  5.1603e+00  1.0000e+00
-3.6471e+00  1.5979e+00 -6.6772e-01 -3.1402e+00  2.8206e+00  1.8516e+00  4.6093e+00  1.0000e+00
 3.7496e-01  1.0633e+00  7.3693e-03 -2.5314e+00 -4.7946e+00  5.3141e+00  7.5918e+00  1.0000e+00
 2.7866e+01  1.0798e+01 -7.2211e-01  3.3219e+01  1.3171e+01 -8.7893e-01  3.5745e+01  1.0000e+00
-4.7429e-01  1.0788e+00  6.0442e-01  4.0673e+00  6.0901e+00  4.3524e+00  8.5191e+00  1.0000e+00
 2.0709e+01  1.2240e+00  2.3220e+01  2.4704e+01  1.5777e+00  2.7687e+01  3.7140e+01  1.0000e+00
-1.0704e+00  2.2683e+00 -5.5216e-01 -4.9264e+00  9.7955e+00 -6.9931e+00  1.3005e+01  1.0000e+00
 2.5854e-01  1.6546e+00 -4.4010e-02  6.2246e+00 -1.2363e+01 -6.9329e-01  1.3859e+01  1.0000e+00
-3.3997e+01  7.2689e+00  7.7802e+00 -4.1053e+01  8.9800e+00  9.4542e+00  4.3074e+01  1.0000e+00
-7.9092e-01  1.8028e+00  3.4345e-01  2.0254e+00 -1.1120e+01  8.8827e+00  1.4376e+01  1.0000e+00
 7.1101e+00 -1.1569e+01  2.0880e+01  7.3184e+00 -1.1965e+01  2.5464e+01  2.9072e+01  1.0000e+00
 7.6218e+00 -7.9874e+00  1.6646e+01  8.5286e+00 -9.1348e+00  1.9088e+01  2.2815e+01  1.0000e+00
 1.3697e+01 -1.6396e+01 -6.3415e+00  1.5200e+01 -1.8992e+01 -7.0698e+00  2.5332e+01  1.0000e+00
 1.6042e+00  9.5013e-02  7.7693e-01 -9.1459e+00  7.7325e+00 -1.9064e+00  1.2127e+01  1.0000e+00
-7.4864e-01  1.3870e+00  6.6036e-01  2.7503e+00  2.8844e+00 -1.3710e+01  1.4278e+01  1.0000e+00
-1.4319e-01  1.6937e+00 -3.6664e-01 -3.5883e+00 -1.5114e+01  8.4748e+00  1.7695e+01  1.0000e+00
-3.4284e+00  2.2936e-01 -2.7100e+00 -8.2937e+00 -2.0344e+00 -5.0763e+00  9.9344e+00  1.0000e+00
-5.7617e-01  1.2273e+00  5.8054e-01 -4.9104e+00  5.9680e+00  1.2017e+01  1.4287e+01  1.0000e+00
 5.8436e-02  1.2365e+00  2.0449e-01  1.7878e+01 -2.1425e+00  3.3480e-01  1.8009e+01  1.0000e+00
 4.9361e-02  1.1177e+00  5.5697e-01 -8.4002e-01  1.1578e+01 -6.9126e-01  1.1629e+01  1.0000e+00
 5.6713e-01  1.3135e+00  3.0639e-01  1.1084e+01  2.9342e+00 -1.5598e+00  1.1571e+01  1.0000e+00
-4.5040e+01  1.8699e+01  1.7176e+01 -5.4912e+01  2.2867e+01  2.1172e+01  6.3138e+01  1.0000e+00
-5.4937e-01  1.2732e+00  2.6402e-02 -1.1562e+01 -1.9089e+00  6.7018e+00  1.3500e+01  1.0000e+00
-3.6419e-01  1.4361e+00  5.2945e-01  5.1434e+00 -2.0144e+01  1.2984e+01  2.4512e+01  1.0000e+00
-2.4581e-01  2.0324e+00  5.1543e-01 -2.1837e+00  2.2984e+01  4.5637e+00  2.3534e+01  1.0000e+00
 1.6269e+01 -1.3832e+01 -5.4545e+00  1.8997e+01 -1.6010e+01 -6.0630e+00  2.5573e+01  1.0000e+00
-6.5192e-01  1.9221e+00  8.9703e-01  6.8947e+00  6.8137e+00 -3.8003e+00  1.0412e+01  1.0000e+00
 1.0971e+01 -9.4830e+00  2.4371e+01  1.2845e+01 -1.1031e+01  2.9116e+01  3.3681e+01  1.0000e+00
 2.3066e+01  3.4372e+00  2.4919e+01  4.3726e+01  5.2997e+00  4.6150e+01  6.3795e+01  1.0000e+00
-4.1738e+00 -4.3731e+00 -1.9907e+01 -5.0753e+00 -4.8844e+00 -2.3158e+01  2.4206e+01  1.0000e+00
-8.1804e-01  2.5682e+00  2.4818e-01  1.0633e+00 -4.8358e+00  1.8650e+00  5.2909e+00  1.0000e+00
-2.9140e-01  1.3572e+00  2.0041e-01  1.5030e+01 -4.1672e+00 -3.3703e+00  1.5957e+01  1.0000e+00
-5.6947e-01  1.3791e+00  9.6418e-02  3.9835e+00  6.5623e+00 -9.2332e+00  1.2008e+01  1.0000e+00
-9.5970e-01  5.7284e-01  9.3602e-01 -4.0950e+00 -6.0569e+00  4.8612e+00  8.7799e+00  1.0000e+00
 1.3935e-01  2.8810e-01  6.6993e-01 -2.4048e+00  1.3982e+00  1.4570e+01  1.4834e+01  1.0000e+00
-1.9060e-01  1.0675e+00  2.6314e-01 -1.1321e+01 -1.8502e+01  1.1325e+01  2.4470e+01  1.0000e+00
 3.1661e-01  1.3202e+00  3.5880e-01 -6.6519e+00  7.6293e+00 -5.3256e+00  1.1438e+01  1.0000e+00
-8.6350e-01  1.6534e+00 -2.0507e-01 -1.4168e+01  9.4870e+00 -1.2123e+01  2.0921e+01  1.0000e+00
-3.3749e+00 -9.5473e+00  2.1740e+01 -3.9145e+00 -1.1417e+01  2.5557e+01  2.8264e+01  1.0000e+00
 8.8989e-02  7.1436e-01  8.6690e-01  7.8053e-01 -8.4955e+00 -7.2467e+00  1.1194e+01  1.0000e+00
-4.3626e-01  2.0109e+00  7.6675e-01 -4.1488e+00  2.2232e-01 -8.5135e+00  9.4732e+00  1.0000e+00
-3.0056e+01  6.4208e+00 -8.3165e+00 -3.5353e+01  8.4841e+00 -9.3577e+00  3.7541e+01  1.0000e+00
-1.1555e-01  8.9035e-01  7.4675e-02 -1.5784e+00  1.4664e+01  4.2715e+00  1.5354e+01  1.0000e+00
-9.9299e-01  1.7154e+00  1.3651e+00  2.4359e+00 -2.4371e+00 -4.3112e+00  5.5190e+00  1.0000e+00
-2.3986e-01  1.6517e+00  7.4306e-02 -3.7669e+00  1.0088e+01  6.5723e+00  1.2615e+01  1.0000e+00
-1.2031e+01 -3.8603e+01 -4.4267e+01 -1.4921e+01 -4.4678e+01 -5.2175e+01  7.0292e+01  1.0000e+00
 2.9350e+01 -2.5875e+01  7.2907e+00  3.5415e+01 -3.1133e+01  8.7273e+00  4.7954e+01  1.0000e+00
-4.9096e-01  1.2213e+00  4.5947e-01 -6.8863e+00  1.1527e+01 -1.7350e+01  2.1939e+01  1.0000e+00
-4.3786e+00  3.0364e+00  1.8561e+00 -6.5788e+00  4.0185e+00  1.0912e+00  7.7859e+00  1.0000e+00
-2.1935e-01 -3.4128e+00  7.7120e-01 -1.5537e+00 -2.4329e+01  3.4320e+00  2.4619e+01  1.0000e+00
-1.4411e+00  1.3374e+00  5.8929e-01  1.0037e+01  7.2550e-01 -2.7284e+00  1.0426e+01  1.0000e+00
 4.0592e-01  5.6085e-01  5.3467e-01  3.3434e+00  2.4517e+00 -4.4846e+00  6.1075e+00  1.0000e+00
-1.0657e-01  1.6937e+00  1.1868e-01 -1.4463e-01 -6.7490e+00 -3.5205e+00  7.6134e+00  1.0000e+00
-1.5998e+01  2.5066e+01 -1.3300e+01 -1.9147e+01  3.0295e+01 -1.5823e+01  3.9176e+01  1.0000e+00
-2.6727e+00  1.7744e+00  4.1369e+00 -6.1478e-01  2.1038e+00  6.3306e+00  6.6993e+00  1.0000e+00
-1.5447e-01  1.1719e+00  2.6183e+00  3.7140e+00  1.1871e+00 -1.4698e+00  4.1669e+00  1.0000e+00
-4.3617e-01  9.7810e-01  6.1415e-01 -1.4581e+01  5.8562e+00 -4.8455e+00  1.6443e+01  1.0000e+00
-9.7736e-02  1.1957e+00  1.5796e-01 -1.1121e+01  2.5643e+00 -5.7742e-01  1.1428e+01  1.0000e+00
-7.8415e-01  1.5062e+00  2.4825e-01 -4.6434e+00  5.8627e+00  8.7210e+00  1.1489e+01  1.0000e+00
 2.5821e-01  1.3493e+00  1.6690e-01 -1.1171e+01  8.9158e+00 -2.4002e-01  1.4295e+01  1.0000e+00
-3.6187e-01  1.4582e+00  3.3750e-01 -1.3618e+01  7.5646e+00 -2.7992e+00  1.5827e+01  1.0000e+00
-1.9118e-01  1.9609e+00 -3.6457e-01  4.4550e+00 -5.3069e-01 -2.4626e+00  5.1179e+00  1.0000e+00
-1.6883e-01  1.3709e+00  2.1871e-01  3.1959e+00 -1.1719e+01  1.2924e+01  1.7736e+01  1.0000e+00
-2.4322e-01  1.7104e+00  3.7730e-01 -1.4535e+01 -1.9130e+00 -7.9104e+00  1.6659e+01  1.0000e+00
 7.0836e+00 -1.1702e+01  2.0781e+01  8.9816e+00 -1.4693e+01  2.3460e+01  2.9102e+01  1.0000e+00
-1.2878e+00  2.3911e+00 -1.0583e+00 -3.8300e+00  2.9110e+00 -6.2949e+00  7.9227e+00  1.0000e+00
 5.7229e+01 -3.9138e+01 -7.9614e+01  6.9252e+01 -4.7253e+01 -9.5417e+01  1.2702e+02  1.0000e+00
 5.1978e-01  7.2514e+00 -1.8344e+00  1.7301e+00  1.6455e+01 -6.7562e+00  1.7872e+01  1.0000e+00
-6.0860e-01  2.1323e+00  3.1298e-01  7.8049e+00 -1.3988e+01 -1.0395e+01  1.9096e+01  1.0000e+00
 1.4465e+01 -3.9303e+00 -2.9764e+00  1.6354e+01 -3.6601e+00 -2.7412e+00  1.6981e+01  1.0000e+00
-1.1753e-01  1.2709e+00  1.1522e-01  1.8455e+00 -6.0873e+00  7.9073e+00  1.0148e+01  1.0000e+00
-1.2852e+00  2.2726e+00  1.5217e-01 -1.3980e+01  4.5487e+00  1.7987e+00  1.4811e+01  1.0000e+00
-1.1955e-01  1.6037e+00  6.9518e-01 -7.7517e-01  1.1249e+01  3.4933e+00  1.1805e+01  1.0000e+00
-8.5584e-01  1.4190e+00  2.6975e-02  5.8282e+00  6.7969e+00  5.0913e+00  1.0300e+01  1.0000e+00
 2.2345e-01  1.0869e+00  4.9757e-01  1.4921e+01 -8.4402e+00  1.5158e+00  1.7209e+01  1.0000e+00
-2.1413e-01  1.4270e+00  1.2173e-02 -4.6318e+00  1.8279e+01  6.4979e+00  1.9945e+01  1.0000e+00
 1.0967e-01  1.2392e+00  8.9763e-01  4.4410e+00 -8.4679e+00  1.0816e+01  1.4436e+01  1.0000e+00
 7.1052e-01  1.4104e+00  3.2858e-01  1.2640e+01 -5.1684e+00 -5.7210e+00  1.4806e+01  1.0000e+00
 1.4160e+00 -1.1196e+01  1.9811e+01  1.7333e+00 -1.3003e+01  2.2978e+01  2.6459e+01  1.0000e+00
-3.9206e+01  3.0192e+01 -2.5026e+01 -5.8162e+01  4.4360e+01 -3.7300e+01  8.2110e+01  1.0000e+00
-1.5697e+00  1.3059e+00  8.7337e-01  1.3061e+01  4.7280e-01  1.8191e+00  1.3196e+01  1.0000e+00
-6.1113e-02  2.2445e-01  3.4001e-01 -1.7153e+00 -8.9151e+00  3.6279e+00  9.7767e+00  1.0000e+00
 9.3667e-02  1.3353e+00  5.4098e-01 -8.8542e+00  7.9481e+00 -1.5949e+01  1.9898e+01  1.0000e+00
-5.5576e-01  1.3237e+00  4.4698e-01  1.9611e+01 -4.7478e+00 -2.3362e+01  3.0869e+01  1.0000e+00
-6.1453e-01  1.4963e+00 -1.1010e-01  1.4069e+01  7.5585e-01  2.9641e+00  1.4398e+01  1.0000e+00
-2.6752e-01  1.0890e+00  3.2641e-01  1.0664e+01  1.5167e+01 -6.7184e+00  1.9721e+01  1.0000e+00
-1.9035e+01  1.6058e+01 -5.3086e+00 -2.2205e+01  1.8770e+01 -6.1557e+00  2.9720e+01  1.0000e+00
 1.1619e+01 -9.1250e+00 -3.5564e+01  1.4087e+01 -1.1145e+01 -4.3144e+01  4.6734e+01  1.0000e+00
-3.7007e-01  3.0025e+00 -2.1187e-02 -3.8594e+00 -1.8626e+00  5.3565e-01  4.3187e+00  1.0000e+00
-8.3476e-01 -2.2751e+01 -1.6246e+01 -3.3362e-01 -2.7064e+01 -1.9102e+01  3.3128e+01  1.0000e+00
-8.6062e+00  8.1203e+00 -3.3553e+01 -1.0540e+01  9.9693e+00 -4.0483e+01  4.3004e+01  1.0000e+00
 3.9667e+00 -1.9823e+01  2.1769e-01  4.5164e+00 -2.3023e+01  3.5326e-01  2.3465e+01  1.0000e+00
-1.4579e+00  1.6240e+00  5.1753e-01  1.3316e+01  3.0767e+00 -1.6510e+00  1.3766e+01  1.0000e+00
-3.8726e+00 -5.0421e+00 -2.1312e+01 -4.5821e+00 -6.0502e+00 -2.4265e+01  2.5424e+01  1.0000e+00
 2.1716e+00  5.0109e+00  4.5773e+00  1.8683e+00  3.9181e+00  3.3918e+00  5.5088e+00  1.0000e+00
-4.8826e-02  1.4874e+00  5.9875e-01  5.5851e+00  6.9194e+00  1.0202e+01  1.3534e+01  1.0000e+00
 1.3400e+01  7.9478e+00  1.8464e+01  1.8100e+01  9.8712e+00  2.4559e+01  3.2065e+01  1.0000e+00
-1.1088e+00  1.9198e+00 -6.6189e-01  1.6705e+00  1.8878e+00  5.4551e+00  6.0094e+00  1.0000e+00
 1.3326e+01 -1.6449e+01 -6.5004e+00  1.6306e+01 -1.8757e+01 -7.7447e+00  2.6032e+01  1.0000e+00
-7.9144e-01  1.5271e+00  2.6716e-01  4.0284e+00 -7.9249e+00  2.3271e+00  9.1895e+00  1.0000e+00
-4.1469e-01  9.6011e-01  2.1462e-01 -5.2392e+00  1.4389e+01 -5.5149e+00  1.6276e+01  1.0000e+00
-2.3177e+01 -1.0412e+01 -7.2399e+00 -2.7354e+01 -1.2230e+01 -8.4344e+00  3.1128e+01  1.0000e+00
 1.1427e+01  6.3696e+00  1.1532e+01  1.2385e+01  7.4928e+00  1.3313e+01  1.9667e+01  1.0000e+00
 2.6478e-01  1.2383e+00  2.6882e-02  1.5191e+01 -5.4207e+00  3.3423e+00  1.6471e+01  1.0000e+00
 9.4017e+00 -3.0564e+01 -2.4176e+00  1.1447e+01 -3.6748e+01 -2.9206e+00  3.8600e+01  1.0000e+00
 3.3743e+01 -1.0045e+01  2.6123e+01  8.4637e+01 -2.7144e+01  6.4804e+01  1.1000e+02  1.0000e+00
-4.5388e+01 -4.3701e+00  6.6987e+01 -5.6974e+01 -5.5829e+00  8.4052e+01  1.0170e+02  1.0000e+00
 1.7983e+01 -3.1027e+01 -2.5213e+01  2.2006e+01 -3.7695e+01 -3.0705e+01  5.3367e+01  1.0000e+00
-2.5514e-01  1.1849e+00  3.7135e-03 -3.4906e+00 -3.7674e+00  4.5212e+00  6.8424e+00  1.0000e+00
-1.8673e+00  6.4256e+00  1.5052e+00 -5.7691e-01  6.8759e+00  1.1215e+00  6.9906e+00  1.0000e+00
-4.9014e-02  8.8714e-01 -7.6981e-02  4.9930e+00  1.0631e+01 -4.9431e+00  1.2743e+01  1.0000e+00
-9.6954e+00 -1.9516e+00 -6.8364e+00 -9.8107e+00 -2.4596e+00 -5.8300e+00  1.1674e+01  1.0000e+00
-6.1562e-01  1.1431e+00  7.3582e-01  1.7411e+01  9.5612e+00 -1.2412e+01  2.3422e+01  1.0000e+00
-1.6193e-01  6.3711e-01  6.6446e-02  3.3325e+00 -1.4673e+01 -3.8000e-01  1.5052e+01  1.0000e+00
-2.9872e-01 -2.2703e+01 -1.6174e+01 -1.0571e+00 -2.6664e+01 -1.9218e+01  3.2885e+01  1.0000e+00
-1.0852e+00 -1.1609e+01 -3.2018e-01 -2.3396e+00 -3.7399e+01 -2.6141e+00  3.7563e+01  1.0000e+00
-4.6571e-01  1.3609e+00  2.1521e-01 -2.0186e+01  1.1784e+01 -8.5468e+00  2.4888e+01  1.0000e+00
-3.2425e-01  9.7738e-01  1.1546e+00 -1.2661e+00 -7.1903e+00  2.7813e+00  7.8127e+00  1.0000e+00
 5.4132e-01  1.2074e+00  4.2365e-01  1.4937e+01  6.5645e+00  2.1303e+00  1.6455e+01  1.0000e+00
-6.3923e-01  1.2381e+00  4.3480e-01  5.7174e+00 -9.2221e-01  1.4475e+01  1.5591e+01  1.0000e+00
-4.3715e+01 -5.2549e+01  2.4601e+01 -5.1364e+01 -6.2584e+01  2.9541e+01  8.6184e+01  1.0000e+00
 4.6879e-01  1.6320e+00 -2.2930e-01  8.7543e+00  4.6627e+00 -3.3399e+00  1.0466e+01  1.0000e+00
-3.5677e+00  6.5217e+00 -2.4994e+00 -2.9813e+00  6.3054e+00 -1.5017e+00  7.1345e+00  1.0000e+00
 4.5849e-01  8.8319e-01  1.9818e-01 -8.4645e+00  1.9051e+00 -2.0772e-01  8.6787e+00  1.0000e+00
-2.8015e-01  9.9026e-01  5.9245e-01 -1.4132e+01 -2.2854e+00  7.9896e+00  1.6394e+01  1.0000e+00
-1.0630e-01  1.5379e+00  1.6814e-01  2.0816e+01 -3.7088e+00  8.9885e+00  2.2975e+01  1.0000e+00
-7.1103e-01  1.4402e+00  7.7862e-01  6.3739e+00  5.5552e+00 -4.2820e+00  9.4775e+00  1.0000e+00
-4.1195e-01  6.4353e-01  1.8128e-01  8.1955e+00  2.9327e+00 -2.5167e+00  9.0609e+00  1.0000e+00
-1.5049e-01 -1.9905e+01  9.4643e+00 -1.7795e-01 -2.3239e+01  1.0877e+01  2.5659e+01  1.0000e+00
-2.6171e+01 -1.5570e+01 -9.5340e+00 -3.0432e+01 -1.7227e+01 -1.0255e+01  3.6442e+01  1.0000e+00
 3.2347e-01  1.8580e+00  1.5729e-01  8.1171e+00 -2.5853e+00 -5.2920e+00  1.0029e+01  1.0000e+00
 2.4892e-01  1.6380e+00  3.5562e-01 -1.1777e+01 -3.7699e+00  1.0098e+01  1.5965e+01  1.0000e+00
 3.3597e+01 -1.2023e+01 -1.9605e+00  4.0618e+01 -1.4485e+01 -2.2776e+00  4.3184e+01  1.0000e+00
-4.2101e-02  1.2475e+00  1.0797e+00  1.6894e+01 -6.4177e+00 -4.6107e+00  1.8651e+01  1.0000e+00
 3.2741e+02 -4.0505e+02  2.6517e+02  3.8386e+02 -4.7418e+02  3.0947e+02  6.8408e+02  1.0000e+00
 3.4132e-01  1.1010e+00  2.7591e-01  2.9219e+00  4.4245e+00 -1.1330e+01  1.2509e+01  1.0000e+00
-5.3205e-01  1.4523e+00  6.3486e-01  4.6129e+00 -7.7696e+00  1.0896e+01  1.4155e+01  1.0000e+00
-3.2426e-01  1.0836e+00 -1.2003e-01 -3.9752e+00  3.3889e+00 -7.1669e+00  8.8685e+00  1.0000e+00
 1.8277e+01  1.4729e+01  1.4487e+00  2.1211e+01  1.6981e+01  1.8632e+00  2.7234e+01  1.0000e+00
-1.5013e+01 -3.8546e+00  8.2383e+00 -1.8352e+01 -4.6331e+00  1.0730e+01  2.1757e+01  1.0000e+00
 4.5082e+00 -2.4926e+01  1.2105e+00  5.2349e+00 -2.9260e+01  1.2202e+00  2.9750e+01  1.0000e+00
-2.5762e-02  9.3303e-01  3.6983e-01 -5.5378e+00  2.9889e+00 -1.5602e+01  1.6823e+01  1.0000e+00
 1.1654e+00  1.1447e+01 -1.7763e+01  1.2359e+00  1.3110e+01 -2.0517e+01  2.4379e+01  1.0000e+00
-5.1325e+01  1.7283e+01  1.8746e+01 -6.8463e+01  2.3092e+01  2.4960e+01  7.6443e+01  1.0000e+00
-3.4885e-01  1.2348e+00  5.3240e-01 -2.0996e+00  1.1456e+01 -5.8968e-01  1.1662e+01  1.0000e+00
-6.0559e-01  1.5509e+00  5.7759e-01 -8.8958e-01 -1.5274e+01 -6.4375e+00  1.6599e+01  1.0000e+00
 2.2030e-02  1.2842e+00  6.3266e-01 -7.5171e+00  1.5534e+01 -1.3938e+00  1.7313e+01  1.0000e+00
-1.4072e+00  2.3057e+00 -4.7698e-02 -4.6813e+00  7.1457e+00 -6.1242e+00  1.0511e+01  1.0000e+00
 2.4944e+00 -2.5837e+01  2.0541e+01  2.9592e+00 -3.1081e+01  2.4727e+01  3.9828e+01  1.0000e+00
 1.5740e+01 -2.9429e+01  1.1681e+01  2.3424e+01 -4.3975e+01  1.7148e+01  5.2693e+01  1.0000e+00
-1.6648e+00  1.4344e+01  2.3893e+00 -3.1946e+00  1.4917e+01  2.9261e+00  1.5533e+01  1.0000e+00
-5.3424e-01  2.0189e+00  6.0630e-01  7.2706e+00  8.0236e+00  9.3917e+00  1.4333e+01  1.0000e+00
-1.8188e+00  4.1010e+00  1.0555e-02 -5.5777e+00  1.1412e+01 -4.8381e-02  1.2702e+01  1.0000e+00
-3.7321e-01  1.4683e+00  5.2689e-01  6.0893e+00  1.9483e-01  1.0214e+01  1.1893e+01  1.0000e+00
 1.2941e+01 -3.9816e+00  6.8550e+00  1.4293e+01 -3.7129e+00  7.1236e+00  1.6396e+01  1.0000e+00
-2.5215e-01  1.0434e+00  1.3394e-02 -1.5736e+01  3.6267e+00 -9.3097e+00  1.8640e+01  1.0000e+00
-2.9925e-03  1.0330e+00 -1.7112e-02  4.1632e+00 -4.9474e+00 -5.4809e+00  8.4764e+00  1.0000e+00
-3.3073e-02  1.4538e+00  1.3221e-01 -1.9709e+00 -8.8599e+00 -6.6840e+00  1.1272e+01  1.0000e+00
-5.4461e+00 -4.6535e+00 -2.7723e+01 -6.3553e+00 -5.3989e+00 -3.2924e+01  3.3963e+01  1.0000e+00
-1.4003e+00 -1.7877e-01  4.3411e+00  7.1921e-01  2.3471e+00 -8.4144e-01  2.5950e+00  1.0000e+00
 3.4071e+01 -7.1587e-01 -7.2945e+00  4.1151e+01 -7.3252e-01 -8.5547e+00  4.2037e+01  1.0000e+00
-3.3662e-01  2.1443e+00 -1.6386e-01 -5.7590e+00  4.3454e+00 -5.0542e+00  8.8088e+00  1.0000e+00
 1.1879e+01 -2.0523e+00  3.1142e+01  1.4331e+01 -2.8564e+00  3.7629e+01  4.0367e+01  1.0000e+00
-1.0957e-01  1.1470e+00  8.0863e-01  1.1693e+01 -1.4767e+01  1.5225e+01  2.4219e+01  1.0000e+00
 3.7811e-01  2.3554e+00 -3.5733e-01  7.8430e+00  6.3801e+00  6.0218e+00  1.1768e+01  1.0000e+00
-1.3247e+01  2.2634e+00  2.1674e+01 -1.5393e+01  2.6634e+00  2.5530e+01  2.9930e+01  1.0000e+00
-2.5200e+00  9.3135e+00 -4.9143e-01 -3.5457e+00  6.1795e+00 -7.3701e-01  7.1625e+00  1.0000e+00
 7.4016e-04  1.1085e+00  9.7926e-02  1.0023e+01  9.6639e+00  7.5508e+00  1.5839e+01  1.0000e+00
 9.3129e-01  5.3241e+01  3.4449e+01  2.7992e-01  6.3423e+01  4.0453e+01  7.5226e+01  1.0000e+00
-6.8313e+00  6.0901e+00 -1.9675e+00 -5.0478e+00  4.7179e+00 -3.6347e-01  6.9188e+00  1.0000e+00
-3.0610e-01  4.8377e-01  1.1744e+00  7.2968e+00  7.4022e+00 -4.9537e+00  1.1514e+01  1.0000e+00
-6.7657e-01  1.3334e+00  4.2806e-01  2.3020e+00 -8.6290e-01 -8.6287e+00  8.9721e+00  1.0000e+00
-4.6984e-01  1.0556e+00  5.9134e-01  1.9045e+00 -5.8891e+00  3.4014e+00  7.0625e+00  1.0000e+00
-2.0362e-01  1.3240e+00 -3.3378e-01  7.1644e+00  1.6564e+00  8.9313e-01  7.4074e+00  1.0000e+00
-1.9401e-01  1.5985e+00  4.1158e-01 -1.2118e+01  5.8587e+00  4.7672e-01  1.3469e+01  1.0000e+00
-3.0373e+00  5.9729e-01  4.6931e+00  8.7003e-01  1.8426e+00  1.7843e-02  2.0378e+00  1.0000e+00
 1.4511e-01  7.1442e-01  7.9347e-01 -3.2528e+00 -2.9691e+00  2.1211e+00  4.8883e+00  1.0000e+00
-1.9563e+01  1.6366e+01  5.5098e+00 -2.6856e+01  2.2425e+01  7.1455e+00  3.5709e+01  1.0000e+00
 2.2250e+00 -3.6296e+00  1.3246e+00  1.7999e+01 -3.1266e+01  6.2893e+00  3.6621e+01  1.0000e+00
-3.0557e-01  1.4902e+00  3.4974e-01 -3.0667e+00  4.8041e-01  1.7168e+00  3.5472e+00  1.0000e+00
-3.0416e-01  1.1308e+00  5.4345e-01 -1.9215e+01 -1.0485e+01  6.3369e+00  2.2788e+01  1.0000e+00
-1.6097e-01  1.4520e+00  9.2964e-01 -5.1012e+00  3.7965e+00  1.0685e+01  1.2434e+01  1.0000e+00
 1.1116e+01 -1.8577e+01 -9.3563e+00  1.3091e+01 -2.1378e+01 -1.0961e+01  2.7359e+01  1.0000e+00
-6.3119e-01  2.0266e+00 -2.1202e-01 -7.8471e-01 -5.4432e+00  2.7143e+00  6.1329e+00  1.0000e+00
 1.4677e+01  4.1312e+00 -3.2456e+01  1.7746e+01  5.2268e+00 -3.7966e+01  4.2233e+01  1.0000e+00
-2.2781e+00  1.2287e+01 -7.4950e+00 -2.4419e+00  1.2939e+01 -7.0868e+00  1.4953e+01  1.0000e+00
-2.9312e+01 -1.0216e+01  6.9555e+00 -3.5395e+01 -1.2074e+01  8.3584e+00  3.8320e+01  1.0000e+00
 3.6875e+01 -3.5417e+00 -1.5069e+01  4.4977e+01 -4.2831e+00 -1.8240e+01  4.8723e+01  1.0000e+00
 1.4335e+01 -7.9308e+01  4.9218e+01  1.7616e+01 -9.7711e+01  6.0738e+01  1.1639e+02  1.0000e+00
-3.8695e-01  1.1843e+00  4.6125e-01  7.3005e+00  1.2171e+00 -7.5849e+00  1.0598e+01  1.0000e+00
 1.5885e-02  1.6365e+00  6.3639e-01  7.4446e+00  1.1486e+01  5.8077e+00  1.4869e+01  1.0000e+00
 2.1132e-01  1.4229e+00  4.5029e-01  2.4402e+00 -5.4161e+00  2.7116e+00  6.5300e+00  1.0000e+00
-1.1672e+00  4.0233e-01  6.1940e-01  3.1663e+00  4.3658e+00 -2.4429e-01  5.3986e+00  1.0000e+00
-1.7681e+01 -8.5619e+00 -9.0428e+00 -2.0712e+01 -9.4557e+00 -1.0560e+01  2.5098e+01  1.0000e+00
-5.5795e-01  1.3948e+00  4.3490e-01  1.8478e+01 -4.9461e+00  2.4507e+00  1.9285e+01  1.0000e+00
 1.2066e-01  1.5666e+00  1.3528e-01  4.4083e+00  1.6437e+01  1.7684e+01  2.4542e+01  1.0000e+00
 2.3273e-01  1.4616e+00  6.7442e-01 -7.7836e+00  3.3322e+00 -7.8648e+00  1.1556e+01  1.0000e+00
-3.5082e-01  1.4523e+00  2.9849e-01 -2.0068e+01 -1.9224e+00  1.0075e+01  2.2538e+01  1.0000e+00
 3.4347e+00 -2.8287e+00 -4.0142e+00  1.8074e+00  5.3726e-01 -1.9598e+00  2.7196e+00  1.0000e+00
-8.1066e-01  1.3662e+00  4.2328e-01 -9.0544e+00  7.7531e+00  2.9950e+00  1.2291e+01  1.0000e+00
-8.4070e-01  1.1790e+00  2.3353e-01 -1.7186e+00  1.0407e+01  2.7218e+00  1.0893e+01  1.0000e+00
 1.2024e+01 -1.4650e+01 -1.7682e+01  1.4084e+01 -1.7622e+01 -2.0530e+01  3.0502e+01  1.0000e+00
 9.3946e+00  4.5403e+00 -4.8803e+00  2.2035e+01  8.7032e+00 -1.0163e+01  2.5780e+01  1.0000e+00
 2.2343e-01  1.0938e+00  6.5367e-01 -3.1088e+00 -1.2555e+00  7.3369e+00  8.0667e+00  1.0000e+00
 4.6664e-02  7.3213e-01  5.9169e-01 -2.6027e+00 -2.3253e+00  1.8586e+00  3.9542e+00  1.0000e+00
 1.3599e-01  8.4204e-01 -4.6719e-01  7.4386e+00  9.8514e+00 -7.8024e+00  1.4603e+01  1.0000e+00
 1.7192e+01 -8.4187e+00 -1.1302e+01  3.0640e+01 -1.5826e+01 -2.0139e+01  3.9936e+01  1.0000e+00
-7.0078e-01  1.3162e+00  3.5032e-01 -1.6315e+00  7.8121e+00 -7.9756e+00  1.1283e+01  1.0000e+00
-1.6256e-01  1.1732e+00  4.4461e-01 -2.6286e+01  9.9725e+00 -8.0592e+00  2.9247e+01  1.0000e+00
-4.2803e+01  1.0308e+01  2.1087e+01 -6.0114e+01  1.4430e+01  2.9671e+01  6.8573e+01  1.0000e+00
 3.9857e-02  1.5082e+00  5.1323e-01  5.0041e+00  9.6763e+00  7.3803e+00  1.3158e+01  1.0000e+00
 1.5745e+01  1.1391e+01 -1.1863e+00  1.7516e+01  1.3205e+01 -9.3086e-01  2.1956e+01  1.0000e+00
-2.4698e-01  1.3666e+00  7.3790e-02 -1.7337e+01  5.2693e+00  8.4977e+00  2.0014e+01  1.0000e+00
-4.1271e-01  9.3266e-01  1.5712e-01  4.5068e+00  3.3731e+00  3.2909e+00  6.5207e+00  1.0000e+00
 6.0224e-02  1.3538e+00  6.3530e-01  3.9844e+00 -1.0338e+00  7.4678e+00  8.5272e+00  1.0000e+00
 3.1352e+00  1.4069e+01 -7.5237e-01  3.7296e+00  1.4255e+01 -1.3292e+00  1.4794e+01  1.0000e+00
-3.2507e+02  4.0367e+02 -2.7024e+02 -3.7964e+02  4.7214e+02 -3.1702e+02  6.8377e+02  1.0000e+00
-9.3975e-01  1.2484e+00 -1.9543e-01  5.2369e+00  1.9786e+00  3.0987e-02  5.5983e+00  1.0000e+00
-9.7444e-01  3.1174e+00  4.3654e-01  2.1954e+00  5.3761e+00  2.9843e+00  6.5290e+00  1.0000e+00
-1.0724e+00  3.8513e+00  1.8916e-02  9.9018e-02 -1.2846e+00  1.1080e+00  1.6993e+00  1.0000e+00
 2.6282e-01  1.1612e+00  8.9565e-01  7.3460e+00  9.3866e-01  2.4908e+00  7.8134e+00  1.0000e+00
-6.9787e-01  1.2126e+00  9.1399e-01 -8.6845e+00  1.0873e+01  1.0002e+01  1.7137e+01  1.0000e+00
 1.1467e+01 -1.6829e+01 -1.6130e+01  1.3755e+01 -1.8845e+01 -1.9836e+01  3.0623e+01  1.0000e+00
 3.7996e-01  8.5991e-01  6.9380e-01 -2.0698e+01  1.4236e+01 -2.9888e+00  2.5298e+01  1.0000e+00
 9.1990e-02  1.3985e+00 -4.6413e-01 -2.0694e+00  2.4315e+00 -1.9694e+01  1.9952e+01  1.0000e+00
-5.5533e-01  7.8955e-01  4.6124e-01 -6.2447e+00 -2.7769e+00 -5.7687e+00  8.9435e+00  1.0000e+00
-2.5357e+01  1.6433e+00  2.1779e+01 -3.0522e+01  2.2605e+00  2.6395e+01  4.0415e+01  1.0000e+00
-4.2220e-01  1.1173e+00  3.0039e-01  3.1755e+00  8.3153e+00 -2.0046e+00  9.1240e+00  1.0000e+00
-2.3120e-01  1.1467e+00  3.7860e-01  6.2430e+00  7.8960e-01  9.7739e+00  1.1624e+01  1.0000e+00
-1.7172e+01  1.5698e+01 -2.7700e+01 -2.0715e+01  1.9130e+01 -3.3451e+01  4.3750e+01  1.0000e+00
 2.9048e+01 -1.9792e+01  8.0458e+00  3.5072e+01 -2.3786e+01  9.7754e+00  4.3490e+01  1.0000e+00
 1.5216e+01 -9.3460e+00  1.7176e+01  1.7649e+01 -1.0842e+01  2.0289e+01  2.8995e+01  1.0000e+00
 1.8632e-01  1.1700e+00  9.0206e-01 -1.7559e+01 -3.6193e+00  7.4487e+00  1.9414e+01  1.0000e+00
-4.8693e-01  1.1986e+00  5.0466e-01  4.0139e+00  1.1880e+01 -5.7987e+00  1.3815e+01  1.0000e+00
-2.0527e-01  1.4451e+00  5.9570e-01  2.1213e-01 -1.5040e+00 -2.0430e+01  2.0486e+01  1.0000e+00
-1.0807e+01  1.4672e+00  3.4013e+00 -1.0023e+01  9.4480e-01  2.7685e+00  1.0441e+01  1.0000e+00
-9.1343e-01  1.3471e+00  3.6730e-01 -6.6321e+00 -4.3085e+00 -3.2231e+00  8.5403e+00  1.0000e+00
-9.8777e-02  1.1527e+00  3.6860e-01 -9.2692e+00  4.3198e+00 -6.6229e+00  1.2184e+01  1.0000e+00
-2.5679e-01  1.2866e+00  3.3192e-01 -6.6652e+00 -3.9424e+00  1.6134e+01  1.7897e+01  1.0000e+00
-6.4661e-01  1.6449e+00  7.2310e-01 -1.1898e+00  2.5965e-01 -6.1683e-01  1.3651e+00  1.0000e+00
-1.0741e+01  1.0924e+01 -8.9684e+00 -1.1704e+01  1.2970e+01 -9.7230e+00  1.9994e+01  1.0000e+00
-1.8628e-01  1.6998e+00  5.6020e-01 -2.0119e+01  1.3661e+01 -3.6348e+00  2.4589e+01  1.0000e+00
-8.6867e+00  5.4986e+00 -2.1126e+01 -1.0214e+01  6.4148e+00 -2.4542e+01  2.7346e+01  1.0000e+00
-3.5323e+00  1.2541e+01  4.8447e+00 -5.2374e+00  1.2415e+01  3.8586e+00  1.4016e+01  1.0000e+00
-2.7574e+01 -5.9504e+00 -7.4521e+00 -3.3295e+01 -6.8870e+00 -8.3735e+00  3.5016e+01  1.0000e+00
-2.9214e-01  7.9292e-01  8.4292e-01  7.4015e+00 -1.0526e+01  1.1939e+01  1.7553e+01  1.0000e+00
-1.6291e-01  1.7186e-01 -2.7554e+00 -3.8913e-01  2.6895e+00  4.4450e+00  5.2099e+00  1.0000e+00
-3.4693e-01  1.2552e+00  2.4770e-01 -1.2380e+01  1.8337e+01 -1.0719e+01  2.4584e+01  1.0000e+00
 2.0197e+00  1.3360e+00 -1.0434e+00  7.4723e+00  7.6917e-01  7.4175e-01  7.5483e+00  1.0000e+00
-3.6835e-02  5.2608e-01  7.2028e-01  4.7471e+00  1.0639e+01  6.1721e+00  1.3184e+01  1.0000e+00
-5.7258e-01  1.2400e+00  3.3975e-01  8.3476e+00  4.6936e+00  8.2672e+00  1.2651e+01  1.0000e+00
 3.8784e-01  2.9949e+00  1.7309e+00  1.0869e+00  5.1762e+00  2.6118e+00  5.8988e+00  1.0000e+00
 2.2537e+00 -2.6965e-01 -1.0457e+00 -5.2527e+00  5.2882e+00 -2.5808e+00  7.8877e+00  1.0000e+00
 2.2228e+00  7.0895e+00 -2.2085e+00  3.5727e+00  9.9914e+00 -4.4429e+00  1.1504e+01  1.0000e+00
-1.2216e-01  2.3148e+00  3.8183e-01 -5.5704e+00  1.4467e+01 -3.4511e-01  1.5506e+01  1.0000e+00
-3.5313e+01  3.8454e+01 -2.3354e+01 -4.1903e+01  4.4161e+01 -2.6615e+01  6.6441e+01  1.0000e+00
-2.9959e-01  1.4892e+00 -2.3576e-01  5.2286e+00  1.6245e+00  6.3655e+00  8.3962e+00  1.0000e+00
-3.7191e-01  2.1346e-01  6.9641e-01  9.9358e+00 -1.0064e+01  6.3983e-01  1.4157e+01  1.0000e+00
-1.1280e+01 -5.4004e+00 -1.0981e+01 -1.9586e+01 -1.0619e+01 -1.9944e+01  2.9902e+01  1.0000e+00
-2.7162e-01  1.4811e+00  6.1890e-01  2.3451e+00  8.9156e+00  1.6916e+00  9.3728e+00  1.0000e+00
-5.8665e-01 -1.8982e+01 -1.0510e+01 -5.9281e-01 -2.1786e+01 -1.2433e+01  2.5091e+01  1.0000e+00
 2.9715e-01  1.2592e+00  6.8898e-01 -5.1914e+00  6.8586e+00  1.1716e+01  1.4535e+01  1.0000e+00
 1.1571e+01 -1.6806e+01 -1.6020e+01  1.3587e+01 -2.0532e+01 -1.7952e+01  3.0470e+01  1.0000e+00
-8.1518e-01  1.4317e+00  7.5983e-01 -1.2095e+01 -3.3614e+00  4.3686e-01  1.2561e+01  1.0000e+00
-3.6436e+01  9.4128e+00 -1.9090e+01 -9.0990e+01  2.1559e+01 -4.8370e+01  1.0528e+02  1.0000e+00
 1.5550e+00  1.1514e+01  4.5092e+00  2.3834e+00  1.1172e+01  3.7168e+00  1.2013e+01  1.0000e+00
 5.7839e+00 -1.1649e+01  1.8448e+01  7.0013e+00 -1.3428e+01  2.1636e+01  2.6409e+01  1.0000e+00
-1.4092e-01  1.5147e+00  3.9786e-01 -7.9481e+00  9.1726e+00  1.1019e+00  1.2187e+01  1.0000e+00
-2.2903e+01  1.3072e+01 -5.2372e+00 -4.2305e+01  2.3332e+01 -9.9070e+00  4.9317e+01  1.0000e+00
 2.4305e-02  1.0293e+00  2.9968e-01  7.0212e+00 -6.9473e+00 -1.5298e+00  9.9951e+00  1.0000e+00
 2.2051e-01  1.7900e+00  1.0501e+00  2.0684e-01 -3.2614e+00 -4.9612e+00  5.9408e+00  1.0000e+00
-1.3611e+01 -4.6042e+00  8.0623e+00 -1.4909e+01 -5.0999e+00  8.4334e+00  1.7872e+01  1.0000e+00
-1.8176e-01  1.6638e+00  2.6091e-01  6.6815e+00 -1.8350e+00 -7.8537e+00  1.0473e+01  1.0000e+00
-2.9709e+00  7.5496e+00  1.1554e+00 -9.1397e+00  2.0423e+01  2.8144e+00  2.2551e+01  1.0000e+00
 2.2068e+01 -2.8252e+01 -2.2598e+00  2.6825e+01 -3.4045e+01 -2.7894e+00  4.3433e+01  1.0000e+00
-1.0297e+00  2.9194e+00  8.5604e-01  2.0356e+00 -3.9316e+00  3.8532e-01  4.4441e+00  1.0000e+00
 8.7693e-01 -2.3078e+00  1.5839e+00 -7.8927e-01 -2.1763e+00  1.9462e+00  3.0244e+00  1.0000e+00
-3.4245e-02  1.0625e+00  8.0025e-01  1.3211e+01  1.3127e+01 -4.2782e+00  1.9109e+01  1.0000e+00
 1.0252e+00  8.0497e-01  8.1733e-01  1.5540e+00  7.1917e+00  3.7004e+00  8.2358e+00  1.0000e+00
-1.5728e+00  2.3498e+00 -2.0984e+00 -3.8208e+00  3.7846e+00 -9.1988e+00  1.0655e+01  1.0000e+00
-7.4598e-01  1.1005e+00  7.0114e-01 -1.1607e+01  8.3025e+00 -6.3526e+00  1.5621e+01  1.0000e+00
-1.4395e+00  1.4980e+00 -5.4416e-01  8.2027e+00  4.7702e+00  2.5962e+00  9.8376e+00  1.0000e+00
-6.4990e+00 -1.9765e+00 -1.2335e+00 -4.9396e+00 -3.8563e-01 -3.5879e-01  4.9676e+00  1.0000e+00
-4.6129e-01  1.1701e+00  4.3948e-01  5.3319e+00  6.1008e+00 -8.6223e-01  8.1482e+00  1.0000e+00
-2.5670e-01  8.5293e-01  4.9379e-01 -2.6086e+00 -2.7346e+00 -1.3045e+00  3.9981e+00  1.0000e+00
-1.9822e-01  1.3402e+00  2.8523e-01 -1.6778e+01  1.3729e+01 -4.1080e+00  2.2065e+01  1.0000e+00
-3.4202e-01  1.7231e+00  4.7581e-01 -9.9110e+00  1.2160e+01 -6.1519e+00  1.6851e+01  1.0000e+00
-2.2222e-01  1.2228e+00  8.5559e-01  9.5938e+00  1.4754e+01  6.3752e+00  1.8718e+01  1.0000e+00
 5.2949e-01  2.1586e+00  1.1905e+00 -4.2897e-01 -4.1463e+00 -4.8553e+00  6.3992e+00  1.0000e+00
 6.0723e+00 -1.3698e+01 -3.6744e+00  2.1722e+01 -5.0374e+01 -1.3235e+01  5.6432e+01  1.0000e+00
 1.9395e-01  1.2529e+00  3.9408e-01 -2.3565e+01  7.4741e+00 -6.5181e+00  2.5567e+01  1.0000e+00
-4.7871e+01  3.8641e+01  1.8015e+01 -8.1274e+01  6.5132e+01  3.0714e+01  1.0859e+02  1.0000e+00
-1.1729e+00  1.6182e+00  1.1054e+00  4.7026e+00 -2.6210e+00  4.1084e+00  6.7722e+00  1.0000e+00
-1.2065e-01  7.6800e-01 -3.7010e-01  3.4356e+00  4.6614e+00  5.9845e+00  8.3274e+00  1.0000e+00
-1.5702e+02  5.1556e+00  1.4109e+02 -2.4181e+02  7.3671e+00  2.1773e+02  3.2547e+02  1.0000e+00
-1.9110e-01  1.4557e+00 -5.7826e-02  8.6825e+00 -6.1317e+00 -3.3376e-01  1.0635e+01  1.0000e+00
-1.0594e+00  1.0375e+00 -5.9899e-02  8.8580e+00  4.4648e+00  9.9683e+00  1.4063e+01  1.0000e+00
-4.4278e-01  1.3647e+00  5.2515e-01 -1.0214e+01  1.1854e+01 -8.3746e+00  1.7747e+01  1.0000e+00
-4.0717e+00  5.9915e+00  1.5542e+01 -4.2204e+00  5.9344e+00  1.5811e+01  1.7407e+01  1.0000e+00
 6.0041e+00  2.7792e+00  1.6976e+00  1.4724e+00  2.3962e+00  1.3334e+00  3.1125e+00  1.0000e+00
 1.1895e+01 -6.9809e+00 -1.0153e+01  1.3131e+01 -8.0115e+00 -1.1020e+01  1.8922e+01  1.0000e+00
 2.1590e-01  1.5651e+00 -3.0210e-01  1.1997e+01  6.8721e+00 -6.1396e+00  1.5128e+01  1.0000e+00
 1.7505e+01 -1.7774e+01 -2.6240e+01  2.1282e+01 -2.1431e+01 -3.1478e+01  4.3624e+01  1.0000e+00
-3.1757e-01  1.7067e+00  6.6489e-01  2.0213e+00  2.1735e+00 -1.9490e+00  3.5508e+00  1.0000e+00
-1.6078e-01  1.1344e+00  5.6768e-01  1.7030e+00 -6.9501e+00  1.8565e-01  7.1581e+00  1.0000e+00
 4.0665e-01  1.4207e+00  9.3228e-01 -5.1110e-01  8.7541e+00 -1.7048e+00  8.9332e+00  1.0000e+00
-1.3154e+01 -2.1059e+01 -1.9812e+01 -2.4927e+01 -4.1532e+01 -3.8297e+01  6.1749e+01  1.0000e+00
-5.9216e-01  1.2825e+00  5.7913e-02  9.3527e+00 -6.6803e+00  1.5822e+01  1.9556e+01  1.0000e+00
 5.7748e-01  1.9135e+00 -1.6609e-01  1.7119e+00  4.8191e+00  4.6540e+00  6.9148e+00  1.0000e+00
 4.1888e-01  1.1817e+00  1.8088e-01 -7.5731e+00  9.4058e+00  4.5985e+00  1.2922e+01  1.0000e+00
-1.3675e-01  1.6246e+00  6.4611e-01  7.5130e+00  1.5515e+01  2.0332e+01  2.6656e+01  1.0000e+00
 5.1613e-01  6.7493e-01  9.3620e-01  4.2492e+00  4.1262e+00 -4.1459e+00  7.2297e+00  1.0000e+00
-1.2549e+00  2.6561e+00  2.3043e+00  1.9292e+00  7.3661e-03 -4.4349e+00  4.8363e+00  1.0000e+00
-4.2580e+00  6.6241e+00  1.8640e+01 -4.4288e+00  7.7797e+00  2.1020e+01  2.2847e+01  1.0000e+00
-7.3781e-01  1.2600e+00 -9.3344e-01 -4.7460e+00 -5.8394e+00  6.4530e+00  9.9128e+00  1.0000e+00
 1.8283e-01  6.8888e-01  3.3667e-02 -2.9241e+00  6.4913e+00  8.5328e+00  1.1113e+01  1.0000e+00
-3.9809e-01  1.3419e+00  1.9721e-01  9.0563e+00 -2.4052e+00  1.1667e+01  1.4964e+01  1.0000e+00
-1.0099e+00  1.3313e+00  3.2205e-01  1.3522e+01  8.5044e+00  8.1363e+00  1.7927e+01  1.0000e+00
 1.3223e+01 -3.3286e+01  5.9175e+01  1.5600e+01 -3.9382e+01  7.0865e+01  8.2560e+01  1.0000e+00
 2.5418e+01  4.8372e+00  2.4005e+01  3.0618e+01  5.7721e+00  2.9113e+01  4.2643e+01  1.0000e+00
-3.2741e+00  1.1114e+00 -1.3591e+00 -3.1669e-01 -1.1654e+00 -3.8841e+00  4.0675e+00  1.0000e+00
-1.2383e-01  1.0394e+00  1.0291e+00 -1.1021e+01  5.1675e+00 -1.1051e+01  1.6440e+01  1.0000e+00
-3.6671e-02  1.3189e+00  9.5303e-01  1.5147e+00  1.6188e+01 -4.7943e+00  1.6951e+01  1.0000e+00
-6.7002e+00  4.4365e+00  2.6513e+01 -7.9690e+00  5.5245e+00  3.1503e+01  3.2962e+01  1.0000e+00
-1.7392e+01 -3.0534e+00 -1.6454e+01 -2.0278e+01 -2.4831e+00 -1.8735e+01  2.7719e+01  1.0000e+00
-2.7910e+00  9.8495e-01  1.5907e+00 -8.8546e+00 -1.9533e+00  3.6249e+00  9.7652e+00  1.0000e+00
-9.5777e+00 -1.6570e+01 -1.2506e+00 -1.1997e+01 -2.1827e+01 -1.2749e+00  2.4939e+01  1.0000e+00
 1.9554e-01  2.3576e+00  2.5483e-01 -2.7653e-01  1.8927e+01 -1.2457e+00  1.8970e+01  1.0000e+00
-1.1250e-02  1.2223e+00  4.7612e-01  1.6691e+00 -5.6950e-01 -5.5444e+00  5.8181e+00  1.0000e+00
-1.9186e+00 -1.9634e-02  2.2912e-01  5.4762e+00  8.0032e+00  1.7219e+00  9.8491e+00  1.0000e+00
-2.1404e-01  1.2014e+00  3.9687e-01  1.5027e+00  1.1310e+00  1.3887e+01  1.4014e+01  1.0000e+00
-6.3963e-02  1.4481e+00  1.2649e+00 -4.6039e+00  5.8456e-01  3.1142e+00  5.5889e+00  1.0000e+00
-9.0867e+00  2.8744e+01 -3.6877e+00 -1.0760e+01  3.4313e+01 -4.3242e+00  3.6220e+01  1.0000e+00
 3.9330e+00  2.2693e+00  4.9012e+00  2.2186e-01  3.7934e+00  3.3288e+00  5.0517e+00  1.0000e+00
-1.6053e+01 -1.5565e-01 -4.1886e+00 -1.7498e+01  4.1745e-01 -4.6881e+00  1.8120e+01  1.0000e+00
 1.9385e+00  2.0285e+00 -2.7987e+00  1.2411e+00  1.0042e+00  1.9170e+00  2.4947e+00  1.0000e+00
-1.2878e+01 -4.7945e+00  8.8981e+00 -1.4092e+01 -4.3756e+00  9.5426e+00  1.7572e+01  1.0000e+00
-2.2285e-01  7.9446e-01  1.3379e-02 -1.9317e+00  9.3191e+00  2.1518e+00  9.7574e+00  1.0000e+00
 3.3763e+01  1.2252e+01  2.8096e+00  4.0647e+01  1.4933e+01  3.3234e+00  4.3430e+01  1.0000e+00
 1.2089e+01  1.6745e+01  2.3360e+00  1.4020e+01  1.9062e+01  3.0656e+00  2.3861e+01  1.0000e+00
-2.6366e+01 -1.5781e+01 -9.6765e+00 -3.3005e+01 -1.9977e+01 -1.2757e+01  4.0634e+01  1.0000e+00
 2.3955e+00  3.0224e+00 -1.7085e+00  5.4424e+00  6.5595e-01 -6.1768e+00  8.2585e+00  1.0000e+00
-2.5808e+01 -5.7289e-01 -6.7691e+00 -3.0654e+01 -4.6258e-01 -8.0914e+00  3.1707e+01  1.0000e+00
-5.1278e-01  1.2594e+00  3.3108e-01  1.3367e+01 -8.7972e+00  1.1901e+00  1.6046e+01  1.0000e+00
-4.9065e-02  1.6594e+00  9.9795e-01 -5.2730e+00  5.4984e+00 -5.5280e-01  7.6382e+00  1.0000e+00
-5.1535e+00  2.0845e+01 -8.0086e+00 -5.5041e+00  2.4610e+01 -9.4061e+00  2.6915e+01  1.0000e+00
 3.3244e+01  2.7156e+01 -2.0850e+01  4.7170e+01  3.8167e+01 -2.9447e+01  6.7445e+01  1.0000e+00
-1.6099e-01  1.3320e+00 -1.0363e-01 -1.4249e+01 -1.1928e+01  5.8017e+00  1.9467e+01  1.0000e+00
-1.6163e-01  1.5769e+00  1.3170e-01  3.0849e+00 -2.7626e+00  2.9430e+01  2.9720e+01  1.0000e+00
-2.2229e-01  1.8860e+00  3.1999e-01 -2.4346e+00  1.5412e+00  1.3422e+01  1.3728e+01  1.0000e+00
 4.2326e+00 -3.0099e+00  6.5003e-01  1.8466e+00  5.9737e-01  4.0396e+00  4.4816e+00  1.0000e+00
 2.7931e+00 -1.3320e+00  7.6931e-01  1.4959e+00  2.6604e+00 -4.7772e-01  3.0893e+00  1.0000e+00
-4.5792e-01  1.0062e+00  7.4230e-01 -1.3413e+01 -1.7486e-01  1.7506e+01  2.2054e+01  1.0000e+00
-2.0222e+01 -1.0201e+01 -3.5568e+01 -2.4803e+01 -1.2598e+01 -4.3840e+01  5.1921e+01  1.0000e+00
-3.6005e+01 -1.1935e+01 -1.2167e+00 -4.3707e+01 -1.4202e+01 -1.5542e+00  4.5983e+01  1.0000e+00
 3.9418e+00 -2.7349e+00 -4.3510e+00  3.3978e+00 -2.6876e-01 -9.5682e-01  3.5401e+00  1.0000e+00
 3.6344e+01  6.3331e+00 -3.8066e+00  4.3910e+01  7.9117e+00 -4.6936e+00  4.4863e+01  1.0000e+00
-2.1526e-01  1.4646e+00  3.1314e-01 -1.8358e+01 -8.3594e+00 -6.5127e+00  2.1197e+01  1.0000e+00
-5.6124e-01  1.3302e+00  4.6649e-01  6.7170e+00  1.8794e+01  3.5845e+01  4.1027e+01  1.0000e+00
 4.2082e-01  1.1881e+00  2.7311e-01  3.3155e+00  2.0564e+00  5.6487e+00  6.8651e+00  1.0000e+00
-4.4937e+00  2.0394e+00 -8.9175e-02 -1.0077e+01  2.7844e+00  4.1038e-01  1.0463e+01  1.0000e+00
-2.2059e-01  1.3887e+00  5.9280e-01 -8.3261e+00 -1.1077e+01  3.4079e-02  1.3858e+01  1.0000e+00
-5.4735e-01  1.2553e+00  7.1676e-01 -1.8301e+00  3.6811e+00 -3.8511e+00  5.6330e+00  1.0000e+00
 2.4846e-02  1.6567e+00  4.2163e-01  1.7582e+01 -1.1405e+00  2.7087e+00  1.7826e+01  1.0000e+00
-1.4267e+01  1.2135e+01 -2.2030e+00 -1.5953e+01  1.3467e+01 -2.1954e+00  2.0992e+01  1.0000e+00
-1.0980e+00  1.3383e+00  1.7380e-01 -1.0390e+01  3.8972e+00  4.3964e+00  1.1936e+01  1.0000e+00
-1.4274e+01 -4.2728e+00 -2.0817e-01 -1.4976e+01 -4.4606e+00 -4.2545e-01  1.5632e+01  1.0000e+00
-9.3215e-01  1.6369e+00  1.2393e-01  3.1570e+00  1.2029e+00  1.2377e+01  1.2829e+01  1.0000e+00
 1.7073e+00  2.3779e+00 -4.4686e-01  1.7735e+01  1.1939e+01 -7.7272e+00  2.2733e+01  1.0000e+00
-4.3848e-01  1.1739e+00  2.8316e-01  1.5329e-01  1.3303e+01 -1.9726e+01  2.3793e+01  1.0000e+00
-7.7411e-01  2.2415e+00 -1.0590e-01  4.3626e-03 -4.0295e+00  1.1253e+01  1.1952e+01  1.0000e+00
 1.1608e+01 -2.8570e+01 -1.3784e+01  1.4012e+01 -3.4240e+01 -1.6558e+01  4.0533e+01  1.0000e+00
-2.6056e+01 -4.5874e+00  2.3461e+01 -3.1494e+01 -5.2612e+00  2.8339e+01  4.2693e+01  1.0000e+00
-7.3042e-01  1.7240e+00  2.8032e-01  2.7886e+00  9.6181e-01 -5.6102e+00  6.3384e+00  1.0000e+00
-2.6946e+00 -6.1405e-01 -3.5140e+00 -3.5579e-01  2.5331e+00  1.8139e+00  3.1358e+00  1.0000e+00
-8.9582e-01  2.4221e+00  4.1621e-01  4.9043e+00 -3.3548e+00  1.6315e-01  5.9442e+00  1.0000e+00
 5.4883e-02  1.1027e+00  4.7435e-01  2.7422e+00 -1.3814e+01 -1.1602e+00  1.4131e+01  1.0000e+00
-2.1841e+00 -2.3129e+01 -1.6363e+01 -1.8641e+00 -2.7769e+01 -1.9844e+01  3.4181e+01  1.0000e+00
-3.3575e+00  5.8175e+00 -3.9737e+00 -1.9705e+00  3.6162e+00 -7.5527e-01  4.1869e+00  1.0000e+00
 4.8591e-02  1.3142e+00  2.1061e-01 -1.6455e+01 -4.3912e+00 -1.8142e+01  2.4883e+01  1.0000e+00
-1.3781e-01  1.0145e+00  2.7250e-01 -1.5058e+01  1.5436e+01 -8.4568e+00  2.3164e+01  1.0000e+00
 6.3480e-01  1.3504e+00  2.7174e-02  1.7790e+01 -2.0747e+00 -6.2604e+00  1.8973e+01  1.0000e+00
-4.8395e+00  2.1038e+01 -8.7153e+00 -5.8648e+00  2.3985e+01 -9.4100e+00  2.6424e+01  1.0000e+00
-7.2266e-02  1.5338e+00  6.8889e-01  1.3430e+00 -1.1591e+01 -1.3369e+01  1.7745e+01  1.0000e+00
 9.4046e-01  4.0775e+00  2.5596e+01  1.8350e+00  5.0925e+00  2.8221e+01  2.8735e+01  1.0000e+00
 3.3336e-01  5.1262e+00 -3.0851e+00  3.0847e-01  4.2273e+00 -3.1266e+00  5.2669e+00  1.0000e+00
-3.1181e-01  1.5062e+00 -2.3955e-01 -5.0015e+00  8.6125e+00  1.3792e+01  1.7012e+01  1.0000e+00
 3.1087e-02  4.7351e-01  6.0808e-01 -5.3177e-01 -4.4090e+00  2.1673e+00  4.9416e+00  1.0000e+00
-4.1457e-01  1.3615e+00 -3.7417e-02 -5.5138e+00  1.6869e+00  8.8716e+00  1.0581e+01  1.0000e+00
 7.9079e+00  1.6185e+01  8.6016e+00  9.1198e+00  1.8490e+01  9.5727e+00  2.2731e+01  1.0000e+00
-7.2696e-01  1.7479e+00  5.2114e-01 -6.4195e+00 -4.5026e+00  3.5808e+00  8.6201e+00  1.0000e+00
 4.9363e-01  9.1443e-01  6.0582e-01 -1.2129e+01  1.3396e+01 -6.1845e+00  1.9100e+01  1.0000e+00
-4.5919e-01  1.5022e+00  7.0245e-01 -9.0818e+00  8.1015e-01  1.1493e+01  1.4671e+01  1.0000e+00
 1.2142e-01  1.0708e+00  7.2580e-01  4.2567e+00  2.8359e-01  2.6545e+00  5.0245e+00  1.0000e+00
 1.5928e-01  9.0814e-01 -1.2406e-01  5.8134e+00  6.6083e+00  2.1727e+00  9.0656e+00  1.0000e+00
-2.7909e-01  1.1869e+00  5.9762e-01 -1.6568e+01  4.7718e+00 -8.9861e-01  1.7265e+01  1.0000e+00
 1.2383e+01 -8.9979e+00 -1.4535e+00  1.3358e+01 -9.4849e+00 -1.3251e+00  1.6436e+01  1.0000e+00
-1.3945e-01  7.9589e-01  3.2920e-01 -1.2690e+01 -6.3784e+00 -2.9789e+00  1.4511e+01  1.0000e+00
 2.2640e+01 -4.3113e+01  2.7603e+01  2.5216e+01 -5.0317e+01  3.2422e+01  6.4952e+01  1.0000e+00
-3.5198e-01  3.1176e+00 -1.4926e+00 -2.4515e-01 -1.8864e+00 -7.0828e+00  7.3338e+00  1.0000e+00
 2.3608e+00 -1.2115e+01 -3.4662e+01  2.7445e+00 -1.4564e+01 -4.1831e+01  4.4379e+01  1.0000e+00
-9.4385e+00 -1.3573e+01 -2.3361e+01 -1.1666e+01 -1.6136e+01 -2.7862e+01  3.4245e+01  1.0000e+00
-1.6142e+00 -2.4795e+01  2.6783e+00 -1.7233e+00 -2.9339e+01  3.1550e+00  2.9559e+01  1.0000e+00
-3.4769e+01 -1.7505e+01 -9.0692e+00 -4.2358e+01 -2.1075e+01 -1.0977e+01  4.8568e+01  1.0000e+00
 2.4273e-01  1.3579e+00  2.7160e-01  4.1961e+00  1.0424e+01  1.2243e+01  1.6618e+01  1.0000e+00
-2.7741e+01 -6.8154e+00 -5.2212e+00 -3.3259e+01 -8.1143e+00 -6.2791e+00  3.4806e+01  1.0000e+00
-3.1552e-02  1.0974e+00  7.6279e-01 -5.0642e+00  7.1669e+00 -2.1317e+01  2.3053e+01  1.0000e+00
-3.2025e-01  1.1908e+00  7.7252e-01  3.6905e+00  9.1492e+00 -1.2060e+01  1.5581e+01  1.0000e+00
-4.3114e+00  2.5628e-01 -1.3698e+01 -4.8616e+00  8.0151e-01 -1.6161e+01  1.6895e+01  1.0000e+00
-1.2276e+00  1.5748e+00  8.7289e-02 -6.8629e+00 -8.0685e-01  7.6669e+00  1.0321e+01  1.0000e+00
-1.4896e-01  1.2936e+00  2.7945e-01 -8.1841e-01 -1.1092e+00 -8.4544e+00  8.5661e+00  1.0000e+00
