# limit = 29.4707
#
# x           y           z           vx          vy          vz          s           m
 5.6402e-01  2.6829e+00 -1.4980e+00  2.8970e+00  1.3460e+00 -9.0787e+00  9.6243e+00  1.0000e+00
 3.1485e-01  1.3042e+00 -1.4347e-01 -1.0843e+01 -2.1103e+00 -2.9935e+00  1.1445e+01  1.0000e+00
 2.8926e+01  1.4102e+00  5.6613e+00  3.3920e+01  2.1217e+00  6.6251e+00  3.4626e+01  1.0000e+00
 1.7830e-01  1.2891e+00  8.7270e-01 -1.2169e+01  8.7556e+00 -1.0883e+00  1.5031e+01  1.0000e+00
-2.4589e+01  9.2427e+00  1.4697e+01 -2.9198e+01  1.0818e+01  1.7224e+01  3.5585e+01  1.0000e+00
 1.0758e+01 -3.2630e+00  3.0453e+01  1.2998e+01 -3.5244e+00  3.6140e+01  3.8568e+01  1.0000e+00
 1.4942e+00 -2.4736e+01 -1.7060e+01  1.3492e+00 -2.9158e+01 -1.9922e+01  3.5340e+01  1.0000e+00
-4.9064e-01  1.3214e+00  3.1624e-01 -1.6463e+01  1.1603e+01 -1.3399e+01  2.4191e+01  1.0000e+00
-3.8777e+01  2.8312e+01  8.7922e+01 -4.5547e+01  3.3390e+01  1.0464e+02  1.1890e+02  1.0000e+00
 6.8014e+01 -3.6537e+01  1.7830e+00  1.1448e+02 -6.2004e+01  3.0410e+00  1.3022e+02  1.0000e+00
 2.7880e+00  4.5002e+00  2.6173e+00 -1.5238e+00  9.2472e-01 -3.9620e-01  1.8259e+00  1.0000e+00
-2.3603e-01  1.7743e+00  9.7763e-02 -3.3852e+00 -1.3725e+00  2.3132e-01  3.6602e+00  1.0000e+00
-4.7327e-01  3.2082e+00  1.0909e+00  3.3218e+00 -7.1028e+00  1.0395e+00  7.9098e+00  1.0000e+00
 6.4218e+00  2.0775e+00 -6.7653e-01  3.5015e+00  2.6248e+00  7.0950e-01  4.4332e+00  1.0000e+00
 1.8391e+00 -1.1776e+00  3.4543e-01 -1.3574e+00  2.9182e+00 -1.1244e+00  3.4092e+00  1.0000e+00
-9.4526e+00 -1.6570e+00 -7.1100e+00 -9.3832e+00 -8.6335e-01 -6.8733e+00  1.1663e+01  1.0000e+00
 1.7734e+01 -1.8557e+01 -2.1296e+01  2.0964e+01 -2.2018e+01 -2.5424e+01  3.9632e+01  1.0000e+00
-1.9611e-01  2.0872e+00  3.2652e-01 -2.5863e+00  1.2279e+01 -7.4774e-01  1.2571e+01  1.0000e+00
-2.9002e-01  9.4779e-01  3.6592e-01  2.6712e+00 -1.1272e+01  1.8155e+00  1.1725e+01  1.0000e+00
 6.1666e+01  4.9970e+01 -2.1590e+01  7.3441e+01  5.8889e+01 -2.5204e+01  9.7451e+01  1.0000e+00
-1.4692e-01  1.3694e+00  6.5168e-01  1.1518e+01  8.6105e+00 -9.6427e+00  1.7314e+01  1.0000e+00
 8.0402e-02  2.4163e+00  4.3281e-01  2.6425e+00 -7.4262e+00  1.3004e+00  7.9889e+00  1.0000e+00
-5.3291e+00 -6.7553e+00  1.0320e+01 -8.0424e+00 -1.1455e+01  1.5632e+01  2.0982e+01  1.0000e+00
-1.3312e+01  2.5273e+01 -2.5462e+01 -1.5903e+01  3.0448e+01 -3.0423e+01  4.5886e+01  1.0000e+00
-9.5003e-01  2.8463e+01 -1.2583e+01 -1.2376e+00  3.3672e+01 -1.4797e+01  3.6800e+01  1.0000e+00
-6.8764e+00  4.1063e+00 -1.0165e+01 -7.7654e+00  5.2904e+00 -9.7241e+00  1.3522e+01  1.0000e+00
 8.9162e+00 -2.2241e+01  4.2028e+00  9.9901e+00 -2.6150e+01  4.7386e+00  2.8392e+01  1.0000e+00
 6.0593e+01 -1.5874e+01 -5.8460e+01  7.5256e+01 -1.9839e+01 -7.2627e+01  1.0645e+02  1.0000e+00
 1.7509e+00 -3.4865e+01 -4.5982e+01  2.1726e+00 -4.2131e+01 -5.5559e+01  6.9760e+01  1.0000e+00
 1.7700e-01  1.5817e+00 -1.1334e-02  6.1687e+00  3.8889e+00 -4.8980e+00  8.7844e+00  1.0000e+00
-4.1503e-01  1.0134e+00  5.0352e-01  9.1373e+00 -7.0940e+00 -5.0973e+00  1.2641e+01  1.0000e+00
-5.7554e-01  1.0596e+00  5.2917e-01 -8.7688e+00 -4.7389e+00  1.1530e+01  1.5241e+01  1.0000e+00
 1.4996e-01  1.2153e+00  3.2863e-01  6.8097e+00 -1.4449e+00  1.3656e+01  1.5328e+01  1.0000e+00
-1.0626e-02  8.2474e-01  4.1169e-01 -1.0246e+01 -3.4868e-01 -7.7974e-01  1.0281e+01  1.0000e+00
-2.7453e-01  1.4492e+00 -8.1820e-02  6.2929e+00 -1.0897e+01 -8.0379e+00  1.4932e+01  1.0000e+00
 2.9235e-01  1.9024e+00  8.6002e-01  3.6456e+00  3.5155e-01 -4.7372e+00  5.9879e+00  1.0000e+00
-1.0419e+00  8.6335e-01  1.0377e+00 -1.8282e+01  1.1373e+00  7.5841e+00  1.9825e+01  1.0000e+00
-2.3915e+01  4.5817e+01 -5.7481e+01 -2.8528e+01  5.4672e+01 -6.7946e+01  9.1758e+01  1.0000e+00
-4.5348e-01  8.0935e-01  6.1216e-01 -2.8833e+00  5.5179e+00 -1.9244e+01  2.0226e+01  1.0000e+00
 1.7014e+01 -3.7357e+00  1.4337e+01  1.9364e+01 -4.0650e+00  1.6416e+01  2.5709e+01  1.0000e+00
 8.7059e+00  8.1960e+00  1.3396e+00  7.7991e+00  7.7912e+00  2.0269e+00  1.1209e+01  1.0000e+00
 2.6405e+00  1.1998e+00 -9.3390e-01 -5.0001e+00  1.1818e+00  9.4729e-02  5.1388e+00  1.0000e+00
 1.0626e-01  1.3706e+00  1.4812e-01  4.6806e+00  1.9175e+01  2.7869e+00  1.9934e+01  1.0000e+00
 3.5283e+00 -1.0175e+01  3.3182e+01  4.3056e+00 -1.1972e+01  3.9516e+01  4.1513e+01  1.0000e+00
 3.2222e+01  1.5536e+01  2.5711e+00  3.8696e+01  1.8511e+01  3.1347e+00  4.3010e+01  1.0000e+00
 2.3422e+00 -2.0379e+01  3.4221e+00  3.2365e+00 -2.3462e+01  4.1424e+00  2.4044e+01  1.0000e+00
-4.0196e-01  1.2039e+00  4.4918e-01  2.4373e+01 -1.6524e+00 -4.2329e+00  2.4792e+01  1.0000e+00
 1.9408e+00  3.2989e-01  7.1730e-01 -7.0719e+00  9.0729e+00  2.7857e+00  1.1836e+01  1.0000e+00
 1.3573e+01 -5.2514e+00  6.2563e+00  1.4151e+01 -5.3786e+00  6.9961e+00  1.6677e+01  1.0000e+00
-5.1728e-01  1.7148e+00  3.6728e-01  5.7070e+00 -6.2723e+00 -1.6890e+00  8.6467e+00  1.0000e+00
 7.7515e-01  1.1648e+00  3.7646e-02  7.4804e+00  1.9824e+00  4.0379e-01  7.7491e+00  1.0000e+00
-1.7301e-01  1.0913e+00  2.0607e-01 -1.2505e+00 -9.7217e+00  5.4671e-01  9.8171e+00  1.0000e+00
-3.8069e+00 -5.9453e+00  6.1298e+00 -2.9763e+00 -4.3862e+00  5.0550e+00  7.3246e+00  1.0000e+00
 5.9554e-01  3.3271e-01 -1.0582e+00  6.4946e+00 -3.4222e+00 -1.1063e+01  1.3277e+01  1.0000e+00
 4.9605e-01  6.4250e+00  6.4698e+00  2.1598e+00  1.2969e+01  1.3910e+01  1.9140e+01  1.0000e+00
-1.1060e-01  7.7024e-01  7.8890e-01  4.7443e+00  1.8732e-01  6.7483e+00  8.2513e+00  1.0000e+00
-8.5177e-02  1.2168e+00  3.1902e-01 -1.2738e+00 -4.0099e+00  7.6030e+00  8.6895e+00  1.0000e+00
 2.3444e-01  6.0175e-01  9.8432e-01  2.1331e+00 -1.9537e+00  9.7678e+00  1.0187e+01  1.0000e+00
-4.7650e-01  1.2334e+00  6.2935e-01 -1.0929e+01 -1.0728e+01 -2.1818e+00  1.5468e+01  1.0000e+00
 7.8697e+00 -4.4186e+00  2.3596e+01  8.9693e+00 -5.3911e+00  2.7592e+01  2.9510e+01  1.0000e+00
-6.6289e-01  1.3272e+00  5.7444e-01  4.2375e+00 -3.6764e-02 -1.0136e+01  1.0986e+01  1.0000e+00
-4.9102e+00 -8.6754e+00  3.8971e+00 -7.0380e+00 -1.4104e+01  5.6693e+00  1.6751e+01  1.0000e+00
 1.4807e+01  1.4925e+00 -7.1175e+00  1.7861e+01  1.9609e+00 -8.4984e+00  1.9877e+01  1.0000e+00
-2.2477e-01  1.2675e+00  6.1356e-01 -6.6276e+00  1.4938e+01 -1.6044e+01  2.2902e+01  1.0000e+00
-4.4713e-03  4.2622e+00  5.8042e-01  2.2613e+00  4.0440e+00  1.0236e+00  4.7450e+00  1.0000e+00
 5.2931e-01  1.1400e+00  2.6811e-01  1.9538e+00  1.0002e+01 -7.2695e+00  1.2518e+01  1.0000e+00
-6.1334e-02  1.2410e+00  1.2951e-01  1.8982e+00  5.9533e+00  1.6471e+01  1.7617e+01  1.0000e+00
 1.6417e-01  1.5566e+00 -2.7449e-01  9.8605e+00  4.8528e+00 -1.1076e+01  1.5603e+01  1.0000e+00
-1.3416e-01  1.4981e+00  3.5921e-01 -4.7310e+00 -8.4990e+00 -1.1538e+01  1.5091e+01  1.0000e+00
-1.7465e-01  5.4047e-01  6.9239e-01 -1.9052e+00 -9.1357e+00  5.6259e+00  1.0897e+01  1.0000e+00
 2.8515e+01  3.0775e+00  5.1710e+00  3.3795e+01  3.3126e+00  6.0622e+00  3.4494e+01  1.0000e+00
-2.7019e-01  1.4171e+00  2.0363e-01  3.1015e+00  4.6949e+00 -2.3458e+00  6.0962e+00  1.0000e+00
 8.6326e-01  1.2880e+00  6.2824e-01 -6.6065e-01  8.5990e+00 -4.9231e+00  9.9306e+00  1.0000e+00
-1.5122e-01  1.0303e+00 -8.0208e-01  2.0809e+00  3.5663e+00 -8.5532e-01  4.2167e+00  1.0000e+00
-1.9857e-01  1.1002e+00  3.3231e-01 -2.1110e+00  1.8290e+01  2.8847e+00  1.8636e+01  1.0000e+00
-2.4390e-01  1.2521e+00  4.8732e-01  9.9110e+00 -5.6224e+00 -2.0293e+00  1.1574e+01  1.0000e+00
-5.5094e-01  1.4404e+00  1.9013e-01 -8.1622e-01  1.7471e+00 -6.4045e+00  6.6885e+00  1.0000e+00
-4.0118e-01  1.5937e+00  8.1145e-01  2.5099e+00 -2.8053e-01 -1.3927e+01  1.4155e+01  1.0000e+00
 3.4468e+01 -1.6420e+01 -3.9535e+00  4.1403e+01 -1.9447e+01 -4.6703e+00  4.5981e+01  1.0000e+00
-2.0004e+01 -1.2099e+01 -7.6416e+00 -2.3410e+01 -1.3771e+01 -8.7184e+00  2.8525e+01  1.0000e+00
-2.3951e-01  1.9483e+00  5.4429e-01 -2.6320e+00  1.3334e+01  2.8070e-01  1.3594e+01  1.0000e+00
 2.2648e+01  5.1967e+00  1.4639e+01  3.2056e+01  6.9156e+00  2.0550e+01  3.8700e+01  1.0000e+00
 2.9506e-01  9.3723e-01  1.3660e+00 -3.8017e+00  2.4075e+00  1.0344e+00  4.6173e+00  1.0000e+00
 6.3093e+00  5.8329e+00  8.2241e+00  5.3674e+00  5.8968e+00  7.3991e+00  1.0878e+01  1.0000e+00
-4.9003e-01  1.2199e+00  2.5613e-01 -2.3177e+01 -6.1333e-01  1.9444e+00  2.3267e+01  1.0000e+00
-5.0294e-01  1.5558e-01  2.1739e-01 -6.1393e+00 -9.6181e+00 -2.0325e+00  1.1590e+01  1.0000e+00
 1.6124e+00  1.1244e+00  7.1334e-01  4.6132e+00  7.1832e-01  5.1459e+00  6.9482e+00  1.0000e+00
-1.2245e+00  2.4733e+00  3.0638e-01 -4.4033e+00  6.8451e+00  1.3236e+00  8.2460e+00  1.0000e+00
 1.4562e+02  3.6692e+01 -1.4129e+02  2.2218e+02  5.5313e+01 -2.1506e+02  3.1413e+02  1.0000e+00
 9.9284e-03  5.9957e-01  6.0664e-01  6.4776e+00  8.6039e-01  2.8826e+00  7.1421e+00  1.0000e+00
-1.1320e+00  2.6707e+00  7.1082e-01 -8.8772e+00  1.4858e+01  5.1518e+00  1.8059e+01  1.0000e+00
-3.1417e-01  2.1149e+00  6.1904e-01 -6.4659e+00 -6.9433e+00  8.3759e+00  1.2656e+01  1.0000e+00
 1.2016e+00  1.2404e+00  1.2307e+00  6.1738e+00  1.1246e+00  9.9439e+00  1.1758e+01  1.0000e+00
-2.4623e-01  2.0638e+00  4.7487e-01 -1.0137e+01  4.4283e+00 -7.4630e+00  1.3344e+01  1.0000e+00
 5.4589e+00 -1.8530e+00 -4.4694e-01  4.4345e+00 -1.0049e+00  3.9100e-02  4.5471e+00  1.0000e+00
-6.3305e-01  1.1159e+00  5.6735e-01 -5.2377e+00  1.1090e+01  5.3548e+00  1.3382e+01  1.0000e+00
 8.9126e+00  1.8443e+01  3.2313e+01  1.7303e+01  3.3989e+01  6.1205e+01  7.2115e+01  1.0000e+00
-1.1058e+01 -1.6134e+01 -1.8152e+01 -1.2948e+01 -1.8750e+01 -2.1168e+01  3.1101e+01  1.0000e+00
 2.4092e+00 -4.9520e+00 -2.1288e+01  2.6674e+00 -5.3957e+00 -2.3141e+01  2.3911e+01  1.0000e+00
 1.9486e+00  4.2777e+00 -1.5489e+00  1.1017e+00 -1.5472e+00  2.9730e+00  3.5280e+00  1.0000e+00
-1.0145e+00  1.6254e+00  2.9587e-01 -3.2584e+00  1.7347e+00  7.0929e+00  7.9959e+00  1.0000e+00
-4.0603e-01  1.2674e+00  7.5934e-01  9.9378e-01 -4.4398e+00 -2.1856e+00  5.0474e+00  1.0000e+00
-3.6719e+00  1.6207e+00 -6.5249e-01 -2.9570e+00  2.8089e+00  1.9035e+00  4.5008e+00  1.0000e+00
 3.4632e-01  1.0296e+00  5.7357e-02 -4.5254e+00 -3.4531e+00  7.0001e+00  9.0225e+00  1.0000e+00
 2.8135e+01  1.0905e+01 -7.2924e-01  3.3216e+01  1.3170e+01 -8.7853e-01  3.5742e+01  1.0000e+00
-4.3301e-01  1.1221e+00  6.1581e-01  5.8198e+00  5.5659e+00 -1.0072e+00  8.1157e+00  1.0000e+00
 2.0910e+01  1.2368e+00  2.3444e+01  2.4702e+01  1.5780e+00  2.7685e+01  3.7137e+01  1.0000e+00
-1.1087e+00  2.3456e+00 -6.0665e-01 -4.5178e+00  9.2631e+00 -6.4508e+00  1.2158e+01  1.0000e+00
 3.0131e-01  1.5487e+00 -4.3658e-02  4.2463e+00 -1.3636e+01  8.0043e-01  1.4304e+01  1.0000e+00
-3.4330e+01  7.3418e+00  7.8569e+00 -4.1050e+01  8.9797e+00  9.4534e+00  4.3071e+01  1.0000e+00
-7.6581e-01  1.7034e+00  4.1510e-01  4.1827e+00 -1.3399e+01  8.7896e+00  1.6561e+01  1.0000e+00
 7.1693e+00 -1.1667e+01  2.1086e+01  7.2884e+00 -1.2162e+01  2.5311e+01  2.9012e+01  1.0000e+00
 7.6910e+00 -8.0614e+00  1.6801e+01  8.5259e+00 -9.1321e+00  1.9082e+01  2.2808e+01  1.0000e+00
 1.3820e+01 -1.6550e+01 -6.3989e+00  1.5151e+01 -1.8994e+01 -7.0884e+00  2.5310e+01  1.0000e+00
 1.5286e+00  1.5892e-01  7.6109e-01 -9.5106e+00  8.0284e+00 -1.9990e+00  1.2606e+01  1.0000e+00
-7.0936e-01  1.4052e+00  5.4316e-01  7.0286e+00  1.5182e+00 -1.5143e+01  1.6764e+01  1.0000e+00
-1.7338e-01  1.5666e+00 -2.8880e-01 -3.8894e+00 -1.6232e+01  1.0841e+01  1.9903e+01  1.0000e+00
-3.4953e+00  2.1298e-01 -2.7508e+00 -8.2101e+00 -2.0038e+00 -4.9965e+00  9.8176e+00  1.0000e+00
-5.9881e-01  1.2794e+00  6.6766e-01 -5.5947e-02  6.9089e+00  9.5215e+00  1.1764e+01  1.0000e+00
 1.9963e-01  1.2201e+00  2.2671e-01  1.5834e+01 -1.6277e+00  4.0281e+00  1.6419e+01  1.0000e+00
 3.2373e-02  1.2169e+00  5.4409e-01 -3.5176e+00  1.2806e+01 -2.4004e+00  1.3496e+01  1.0000e+00
 6.4744e-01  1.3351e+00  2.9489e-01  8.8174e+00  2.4089e+00 -1.2623e+00  9.2273e+00  1.0000e+00
-4.5486e+01  1.8884e+01  1.7347e+01 -5.4910e+01  2.2866e+01  2.1171e+01  6.3137e+01  1.0000e+00
-6.3370e-01  1.2629e+00  1.0210e-01 -8.7246e+00 -6.8297e-01  1.1279e+01  1.4276e+01  1.0000e+00
-3.2068e-01  1.2690e+00  6.2263e-01  6.0403e+00 -2.1190e+01  9.4239e+00  2.3965e+01  1.0000e+00
-2.6267e-01  2.2086e+00  5.5287e-01 -2.2931e+00  2.0333e+01  4.7068e+00  2.0996e+01  1.0000e+00
 1.6423e+01 -1.3962e+01 -5.5038e+00  1.8992e+01 -1.6007e+01 -6.0619e+00  2.5567e+01  1.0000e+00
-5.9215e-01  1.9716e+00  8.6036e-01  7.8443e+00  5.3804e+00 -5.2634e+00  1.0871e+01  1.0000e+00
 1.1076e+01 -9.5726e+00  2.4607e+01  1.2843e+01 -1.1029e+01  2.9112e+01  3.3676e+01  1.0000e+00
 2.3421e+01  3.4802e+00  2.5294e+01  4.3725e+01  5.2995e+00  4.6147e+01  6.3792e+01  1.0000e+00
-4.2150e+00 -4.4128e+00 -2.0095e+01 -5.0734e+00 -4.8842e+00 -2.3154e+01  2.4201e+01  1.0000e+00
-8.0808e-01  2.5244e+00  2.6419e-01  1.4041e+00 -5.9623e+00  2.0890e+00  6.4718e+00  1.0000e+00
-1.7335e-01  1.3224e+00  1.9513e-01  1.4197e+01 -5.2533e+00  1.6246e+00  1.5225e+01  1.0000e+00
-5.2628e-01  1.4265e+00  3.4626e-02  6.7047e+00  5.1783e+00 -5.8221e+00  1.0279e+01  1.0000e+00
-9.8947e-01  5.2758e-01  9.7282e-01 -3.2671e+00 -5.1198e+00  4.2186e+00  7.3948e+00  1.0000e+00
 1.1737e-01  3.0666e-01  7.8621e-01 -3.0045e+00  3.1607e+00  1.4063e+01  1.4724e+01  1.0000e+00
-2.7819e-01  9.3398e-01  3.6562e-01 -1.2475e+01 -1.2974e+01  1.4056e+01  2.2837e+01  1.0000e+00
 2.4701e-01  1.3833e+00  3.1435e-01 -1.0406e+01  8.1838e+00 -5.2004e+00  1.4223e+01  1.0000e+00
-9.7379e-01  1.7278e+00 -2.9801e-01 -1.3064e+01  8.8866e+00 -1.0856e+01  1.9170e+01  1.0000e+00
-3.4067e+00 -9.6400e+00  2.1947e+01 -3.9132e+00 -1.1415e+01  2.5552e+01  2.8258e+01  1.0000e+00
 9.7227e-02  6.5477e-01  7.9741e-01  1.4493e+00 -5.2987e+00 -9.6702e+00  1.1122e+01  1.0000e+00
-4.6852e-01  2.0056e+00  6.9110e-01 -3.7937e+00 -1.2342e+00 -1.0216e+01  1.0967e+01  1.0000e+00
-3.0343e+01  6.4896e+00 -8.3925e+00 -3.5350e+01  8.4834e+00 -9.3566e+00  3.7538e+01  1.0000e+00
-1.3126e-01  1.0210e+00  1.1783e-01 -2.3732e+00  1.7635e+01  6.5705e+00  1.8968e+01  1.0000e+00
-9.7069e-01  1.6941e+00  1.3259e+00  3.0674e+00 -2.8214e+00 -5.3679e+00  6.7958e+00  1.0000e+00
-2.6701e-01  1.7236e+00  1.3700e-01 -2.9266e+00  7.7303e+00  8.6153e+00  1.1939e+01  1.0000e+00
-1.2152e+01 -3.8965e+01 -4.4689e+01 -1.4921e+01 -4.4678e+01 -5.2173e+01  7.0291e+01  1.0000e+00
 2.9638e+01 -2.6128e+01  7.3615e+00  3.5413e+01 -3.1131e+01  8.7269e+00  4.7952e+01  1.0000e+00
-5.3821e-01  1.3011e+00  3.2655e-01 -3.6163e+00  7.7209e+00 -1.4772e+01  1.7056e+01  1.0000e+00
-4.4316e+00  3.0689e+00  1.8647e+00 -6.4776e+00  3.9779e+00  1.0526e+00  7.6740e+00  1.0000e+00
-2.3193e-01 -3.6097e+00  7.9901e-01 -1.5494e+00 -2.4222e+01  3.4243e+00  2.4512e+01  1.0000e+00
-1.3538e+00  1.3439e+00  5.6617e-01  1.1519e+01  8.6641e-01 -2.9834e+00  1.1931e+01  1.0000e+00
 4.2769e-01  5.8686e-01  4.9806e-01  2.0249e+00  3.9438e+00 -4.5369e+00  6.3433e+00  1.0000e+00
-1.1454e-01  1.6267e+00  9.9349e-02 -1.8055e+00 -9.6217e+00 -1.1226e+00  9.8538e+00  1.0000e+00
-1.6154e+01  2.5312e+01 -1.3428e+01 -1.9145e+01  3.0292e+01 -1.5821e+01  3.9172e+01  1.0000e+00
-2.6774e+00  1.7914e+00  4.1878e+00 -5.5003e-01  2.0888e+00  6.2278e+00  6.5918e+00  1.0000e+00
-1.2441e-01  1.1817e+00  2.6045e+00  3.6965e+00  1.2170e+00 -1.9271e+00  4.3427e+00  1.0000e+00
-5.4294e-01  1.0530e+00  5.6599e-01 -1.1105e+01  1.2136e+01 -6.9980e+00  1.7877e+01  1.0000e+00
-1.9061e-01  1.2279e+00  1.6713e-01 -1.1141e+01  5.2048e+00  3.2758e+00  1.2725e+01  1.0000e+00
-7.6397e-01  1.5190e+00  3.5506e-01  5.1508e+00 -9.6231e-01  1.3002e+01  1.4018e+01  1.0000e+00
 1.5589e-01  1.4171e+00  1.7240e-01 -1.4161e+01  7.6184e+00  1.5305e+00  1.6153e+01  1.0000e+00
-4.6303e-01  1.4851e+00  3.0927e-01 -1.1595e+01  1.2163e-01 -2.7063e+00  1.1907e+01  1.0000e+00
-1.5564e-01  1.9519e+00 -3.7894e-01  4.2956e+00 -1.6691e+00 -1.0827e+00  4.7339e+00  1.0000e+00
-1.5326e-01  1.2624e+00  3.2792e-01  7.3126e-01 -1.4804e+01  1.3020e+01  1.9729e+01  1.0000e+00
-3.5896e-01  1.6798e+00  3.1621e-01 -1.3924e+01 -5.5856e+00 -7.0346e+00  1.6570e+01  1.0000e+00
 7.1566e+00 -1.1820e+01  2.0972e+01  9.0079e+00 -1.4490e+01  2.3603e+01  2.9124e+01  1.0000e+00
-1.3178e+00  2.4136e+00 -1.1077e+00 -3.5611e+00  2.6480e+00 -5.8842e+00  7.3700e+00  1.0000e+00
 5.7790e+01 -3.9521e+01 -8.0390e+01  6.9252e+01 -4.7253e+01 -9.5417e+01  1.2702e+02  1.0000e+00
 5.3379e-01  7.3846e+00 -1.8891e+00  1.7234e+00  1.6394e+01 -6.7342e+00  1.7807e+01  1.0000e+00
-5.4210e-01  2.0111e+00  2.3017e-01  8.6125e+00 -1.5955e+01 -9.9537e+00  2.0684e+01  1.0000e+00
 1.4598e+01 -3.9599e+00 -2.9986e+00  1.6343e+01 -3.6568e+00 -2.7388e+00  1.6969e+01  1.0000e+00
-1.1149e-01  1.2176e+00  1.9514e-01 -9.6081e-01 -6.3909e+00  1.1363e+01  1.3072e+01  1.0000e+00
-1.3953e+00  2.3073e+00  1.6728e-01 -1.3169e+01  4.0304e+00  1.9150e+00  1.3905e+01  1.0000e+00
-1.2688e-01  1.6993e+00  7.0902e-01 -8.7983e-01  1.1486e+01  9.8924e-01  1.1562e+01  1.0000e+00
-7.9950e-01  1.4728e+00  7.6082e-02  8.1461e+00  6.3955e+00  7.1058e+00  1.2560e+01  1.0000e+00
 3.3360e-01  1.0241e+00  5.0850e-01  1.2469e+01 -7.0991e+00  1.2865e+00  1.4406e+01  1.0000e+00
-2.5282e-01  1.5674e+00  7.6233e-02 -4.8949e+00  1.6153e+01  9.2941e+00  1.9268e+01  1.0000e+00
 1.4059e-01  1.1648e+00  9.7350e-01  2.6518e+00 -9.5412e+00  7.9158e+00  1.2678e+01  1.0000e+00
 8.0395e-01  1.3661e+00  2.8239e-01  1.0417e+01 -5.7113e+00 -5.6390e+00  1.3150e+01  1.0000e+00
 1.4301e+00 -1.1301e+01  1.9998e+01  1.7338e+00 -1.3000e+01  2.2973e+01  2.6453e+01  1.0000e+00
-3.9677e+01  3.0552e+01 -2.5329e+01 -5.8160e+01  4.4360e+01 -3.7300e+01  8.2108e+01  1.0000e+00
-1.4593e+00  1.3101e+00  8.8612e-01  1.4164e+01  5.6015e-01  1.3101e+00  1.4236e+01  1.0000e+00
-7.5734e-02  1.5866e-01  3.7038e-01 -1.8859e+00 -7.3356e+00  3.8481e+00  8.4956e+00  1.0000e+00
 1.0585e-02  1.3960e+00  4.0903e-01 -1.1615e+01  6.8380e+00 -1.6614e+01  2.1394e+01  1.0000e+00
-3.8580e-01  1.2752e+00  2.7239e-01  2.2030e+01 -6.9625e+00 -1.9140e+01  3.0002e+01  1.0000e+00
-4.9363e-01  1.4980e+00 -7.4949e-02  1.5763e+01 -4.2192e-01  5.8830e+00  1.6830e+01  1.0000e+00
-1.7868e-01  1.2214e+00  2.7973e-01  1.1189e+01  1.7140e+01 -4.3301e+00  2.0922e+01  1.0000e+00
-1.9215e+01  1.6211e+01 -5.3586e+00 -2.2201e+01  1.8766e+01 -6.1545e+00  2.9714e+01  1.0000e+00
 1.1733e+01 -9.2154e+00 -3.5913e+01  1.4086e+01 -1.1145e+01 -4.3141e+01  4.6731e+01  1.0000e+00
-4.0135e-01  2.9844e+00 -1.6031e-02 -3.8502e+00 -2.5988e+00  7.3835e-01  4.7035e+00  1.0000e+00
-8.3737e-01 -2.2970e+01 -1.6401e+01 -3.0915e-01 -2.7059e+01 -1.9096e+01  3.3121e+01  1.0000e+00
-8.6916e+00  8.2012e+00 -3.3881e+01 -1.0539e+01  9.9685e+00 -4.0480e+01  4.3001e+01  1.0000e+00
 4.0033e+00 -2.0010e+01  2.2056e-01  4.5150e+00 -2.3017e+01  3.5375e-01  2.3458e+01  1.0000e+00
-1.3443e+00  1.6473e+00  5.0338e-01  1.4734e+01  2.6465e+00 -1.8519e+00  1.5084e+01  1.0000e+00
-3.9098e+00 -5.0911e+00 -2.1508e+01 -4.5818e+00 -6.0474e+00 -2.4256e+01  2.5415e+01  1.0000e+00
 2.1866e+00  5.0425e+00  4.6046e+00  1.8411e+00  3.8763e+00  3.3420e+00  5.4392e+00  1.0000e+00
-1.6776e-02  1.5352e+00  6.7598e-01  2.6172e+00  4.6318e+00  8.3535e+00  9.9038e+00  1.0000e+00
 1.3547e+01  8.0279e+00  1.8663e+01  1.8097e+01  9.8693e+00  2.4554e+01  3.2060e+01  1.0000e+00
-1.0931e+00  1.9339e+00 -6.1461e-01  2.2116e+00  1.5667e+00  6.2097e+00  6.7754e+00  1.0000e+00
 1.3458e+01 -1.6600e+01 -6.5631e+00  1.6347e+01 -1.8747e+01 -7.7235e+00  2.6045e+01  1.0000e+00
-7.9564e-01  1.4864e+00  2.5733e-01 -4.2051e-01 -3.9376e+00 -2.0688e-01  3.9654e+00  1.0000e+00
-4.4684e-01  1.0870e+00  1.7568e-01 -2.6486e+00  1.7131e+01 -3.6255e+00  1.7710e+01  1.0000e+00
-2.3399e+01 -1.0511e+01 -7.3084e+00 -2.7351e+01 -1.2228e+01 -8.4332e+00  3.1124e+01  1.0000e+00
 1.1527e+01  6.4304e+00  1.1640e+01  1.2378e+01  7.4895e+00  1.3306e+01  1.9656e+01  1.0000e+00
 3.7922e-01  1.1954e+00  6.2552e-02  1.2989e+01 -5.1783e+00  5.4262e+00  1.4999e+01  1.0000e+00
 9.4944e+00 -3.0862e+01 -2.4413e+00  1.1446e+01 -3.6745e+01 -2.9204e+00  3.8597e+01  1.0000e+00
 3.4430e+01 -1.0265e+01  2.6649e+01  8.4634e+01 -2.7143e+01  6.4804e+01  1.1000e+02  1.0000e+00
-4.5851e+01 -4.4153e+00  6.7667e+01 -5.6974e+01 -5.5829e+00  8.4052e+01  1.0170e+02  1.0000e+00
 1.8162e+01 -3.1333e+01 -2.5461e+01  2.2006e+01 -3.7693e+01 -3.0704e+01  5.3364e+01  1.0000e+00
-2.8100e-01  1.1598e+00  5.5546e-02 -2.9286e+00 -2.2487e+00  8.2791e+00  9.0651e+00  1.0000e+00
-1.8719e+00  6.4811e+00  1.5142e+00 -5.5272e-01  6.7963e+00  1.1003e+00  6.9069e+00  1.0000e+00
-1.0749e-02  9.8227e-01 -1.0618e-01  4.5639e+00  1.2843e+01 -2.0481e+00  1.3783e+01  1.0000e+00
-9.7748e+00 -1.9715e+00 -6.8837e+00 -9.7757e+00 -2.4344e+00 -5.8341e+00  1.1642e+01  1.0000e+00
-4.6245e-01  1.2310e+00  6.1985e-01  1.9732e+01  1.4891e+01 -1.5281e+01  2.9062e+01  1.0000e+00
-1.3555e-01  5.2785e-01  6.7828e-02  3.1663e+00 -1.2360e+01  6.8811e-01  1.2778e+01  1.0000e+00
-3.0741e-01 -2.2918e+01 -1.6329e+01 -1.0856e+00 -2.6665e+01 -1.9220e+01  3.2887e+01  1.0000e+00
-1.1041e+00 -1.1912e+01 -3.4137e-01 -2.3384e+00 -3.7383e+01 -2.6132e+00  3.7547e+01  1.0000e+00
-6.1730e-01  1.4550e+00  1.6327e-01 -1.6508e+01  1.1192e+01 -4.0826e+00  2.0358e+01  1.0000e+00
-3.3278e-01  9.2258e-01  1.1681e+00 -8.5103e-01 -6.3210e+00  6.0777e-01  6.4069e+00  1.0000e+00
 6.5224e-01  1.2613e+00  4.3791e-01  1.2501e+01  6.7036e+00  1.4101e+00  1.4255e+01  1.0000e+00
-5.6859e-01  1.2376e+00  5.4978e-01  1.1268e+01  6.0606e-01  1.3757e+01  1.7793e+01  1.0000e+00
-4.4131e+01 -5.3057e+01  2.4840e+01 -5.1364e+01 -6.2584e+01  2.9541e+01  8.6184e+01  1.0000e+00
 5.3419e-01  1.6672e+00 -2.5160e-01  7.3867e+00  4.0226e+00 -2.1903e+00  8.6915e+00  1.0000e+00
-3.5918e+00  6.5727e+00 -2.5114e+00 -2.9522e+00  6.2606e+00 -1.4786e+00  7.0779e+00  1.0000e+00
 3.8206e-01  9.0562e-01  1.9914e-01 -1.0394e+01  3.6582e+00  4.2521e-01  1.1028e+01  1.0000e+00
-3.9672e-01  9.8787e-01  6.4758e-01 -1.4665e+01  1.8324e+00  5.3289e+00  1.5711e+01  1.0000e+00
 5.2261e-02  1.4987e+00  2.4666e-01  1.8337e+01 -5.9735e+00  1.0353e+01  2.1889e+01  1.0000e+00
-6.5003e-01  1.4803e+00  7.3190e-01  8.8825e+00  4.2953e+00 -7.1975e+00  1.2213e+01  1.0000e+00
-3.4187e-01  6.7774e-01  1.6454e-01  9.0524e+00  5.5390e+00 -1.5622e+00  1.0727e+01  1.0000e+00
-1.5193e-01 -2.0093e+01  9.5524e+00 -1.7765e-01 -2.3234e+01  1.0874e+01  2.5653e+01  1.0000e+00
-2.6418e+01 -1.5710e+01 -9.6173e+00 -3.0472e+01 -1.7271e+01 -1.0286e+01  3.6505e+01  1.0000e+00
 3.8316e-01  1.8305e+00  1.1639e-01  6.6054e+00 -4.1619e+00 -4.7819e+00  9.1553e+00  1.0000e+00
 1.4155e-01  1.5997e+00  4.3802e-01 -1.4881e+01 -4.8929e+00  1.0457e+01  1.8835e+01  1.0000e+00
 3.3926e+01 -1.2141e+01 -1.9790e+00  4.0615e+01 -1.4485e+01 -2.2776e+00  4.3181e+01  1.0000e+00
 9.2609e-02  1.1958e+00  1.0290e+00  1.6334e+01 -6.4098e+00 -8.0519e+00  1.9306e+01  1.0000e+00
 3.3052e+02 -4.0890e+02  2.6769e+02  3.8386e+02 -4.7418e+02  3.0947e+02  6.8408e+02  1.0000e+00
 3.5721e-01  1.1443e+00  1.8645e-01  8.9130e-01  6.2102e+00 -1.0624e+01  1.2338e+01  1.0000e+00
-4.8721e-01  1.3830e+00  7.0853e-01  6.1294e+00 -8.8238e+00  6.9203e+00  1.2780e+01  1.0000e+00
-3.5263e-01  1.1167e+00 -1.6393e-01 -3.0728e+00  4.7218e+00 -3.6050e+00  6.6883e+00  1.0000e+00
 1.8448e+01  1.4866e+01  1.4638e+00  2.1206e+01  1.6977e+01  1.8628e+00  2.7228e+01  1.0000e+00
-1.5162e+01 -3.8922e+00  8.3253e+00 -1.8339e+01 -4.6324e+00  1.0725e+01  2.1744e+01  1.0000e+00
 4.5508e+00 -2.5163e+01  1.2204e+00  5.2342e+00 -2.9255e+01  1.2200e+00  2.9744e+01  1.0000e+00
-7.7047e-02  9.7166e-01  2.4483e-01 -7.0886e+00  6.5591e+00 -1.5000e+01  1.7840e+01  1.0000e+00
 1.1754e+00  1.1554e+01 -1.7930e+01  1.2353e+00  1.3106e+01 -2.0511e+01  2.4372e+01  1.0000e+00
-5.1880e+01  1.7470e+01  1.8948e+01 -6.8463e+01  2.3092e+01  2.4960e+01  7.6443e+01  1.0000e+00
-3.6259e-01  1.3277e+00  5.1542e-01 -1.3395e+00  1.0766e+01 -3.4053e+00  1.1371e+01  1.0000e+00
-6.0116e-01  1.4153e+00  5.2090e-01  2.1021e+00 -1.8103e+01 -7.6011e+00  1.9746e+01  1.0000e+00
-4.4394e-02  1.4113e+00  6.1292e-01 -9.2160e+00  1.5678e+01 -3.6408e+00  1.8547e+01  1.0000e+00
-1.4422e+00  2.3615e+00 -9.5797e-02 -3.9593e+00  6.6209e+00 -5.7398e+00  9.6155e+00  1.0000e+00
 2.5185e+00 -2.6089e+01  2.0742e+01  2.9591e+00 -3.1079e+01  2.4725e+01  3.9824e+01  1.0000e+00
 1.5930e+01 -2.9786e+01  1.1820e+01  2.3422e+01 -4.3972e+01  1.7147e+01  5.2689e+01  1.0000e+00
-1.6907e+00  1.4465e+01  2.4131e+00 -3.1927e+00  1.4899e+01  2.9237e+00  1.5516e+01  1.0000e+00
-4.7079e-01  2.0749e+00  6.8069e-01  8.4115e+00  5.5148e+00  9.0034e+00  1.3499e+01  1.0000e+00
-1.8635e+00  4.1927e+00  1.0275e-02 -5.4461e+00  1.1199e+01 -2.0889e-02  1.2453e+01  1.0000e+00
-3.1888e-01  1.4498e+00  6.0257e-01  7.0486e+00 -3.9933e+00  8.1401e+00  1.1484e+01  1.0000e+00
 1.3057e+01 -4.0117e+00  6.9128e+00  1.4285e+01 -3.7121e+00  7.1171e+00  1.6386e+01  1.0000e+00
-3.7650e-01  1.0827e+00 -4.9749e-02 -1.4787e+01  6.0247e+00 -6.2573e+00  1.7149e+01  1.0000e+00
 2.4790e-02  9.9869e-01 -5.1378e-02  2.6063e+00 -3.6342e+00 -3.2777e+00  5.5447e+00  1.0000e+00
-5.8187e-02  1.3751e+00  8.9492e-02 -4.1640e+00 -1.0672e+01 -3.7392e+00  1.2051e+01  1.0000e+00
-5.4976e+00 -4.6974e+00 -2.7990e+01 -6.3545e+00 -5.3984e+00 -3.2919e+01  3.3959e+01  1.0000e+00
-1.3943e+00 -1.5954e-01  4.3338e+00  7.5067e-01  2.3939e+00 -9.5767e-01  2.6854e+00  1.0000e+00
 3.4405e+01 -7.2181e-01 -7.3639e+00  4.1148e+01 -7.3242e-01 -8.5539e+00  4.2034e+01  1.0000e+00
-3.8303e-01  2.1738e+00 -2.0105e-01 -5.6824e+00  2.9686e+00 -4.1081e+00  7.6144e+00  1.0000e+00
 1.1995e+01 -2.0754e+00  3.1447e+01  1.4328e+01 -2.8575e+00  3.7625e+01  4.0362e+01  1.0000e+00
-1.5652e-02  1.0321e+00  9.1849e-01  1.1402e+01 -1.3366e+01  1.2161e+01  2.1367e+01  1.0000e+00
 4.3987e-01  2.4040e+00 -3.0635e-01  7.3822e+00  5.6272e+00  6.5374e+00  1.1353e+01  1.0000e+00
-1.3372e+01  2.2850e+00  2.1881e+01 -1.5391e+01  2.6631e+00  2.5525e+01  2.9925e+01  1.0000e+00
-2.5487e+00  9.3634e+00 -4.9739e-01 -3.5347e+00  6.1400e+00 -7.3249e-01  7.1226e+00  1.0000e+00
 7.2173e-02  1.1964e+00  1.6979e-01  7.4655e+00  1.1838e+01  1.0077e+01  1.7246e+01  1.0000e+00
 9.3355e-01  5.3755e+01  3.4777e+01  2.7989e-01  6.3422e+01  4.0453e+01  7.5225e+01  1.0000e+00
-6.8722e+00  6.1282e+00 -1.9704e+00 -5.0166e+00  4.6967e+00 -3.5317e-01  6.8811e+00  1.0000e+00
-2.4613e-01  5.4854e-01  1.1293e+00  7.4885e+00  8.5949e+00 -6.1945e+00  1.2974e+01  1.0000e+00
-6.3958e-01  1.3238e+00  3.5669e-01  6.7780e+00 -1.1409e+00 -8.8361e+00  1.1195e+01  1.0000e+00
-4.4995e-01  1.0344e+00  6.0739e-01  3.0879e+00  4.6077e-01 -3.3712e-01  3.1402e+00  1.0000e+00
-1.4612e-01  1.3383e+00 -3.1478e-01  6.9643e+00  1.8545e+00  3.7734e+00  8.1351e+00  1.0000e+00
-2.9207e-01  1.6306e+00  4.1341e-01 -1.1980e+01  2.0199e+00 -1.0323e-01  1.2150e+01  1.0000e+00
-3.0300e+00  6.1230e-01  4.6929e+00  9.2312e-01  1.8598e+00 -6.3201e-02  2.0773e+00  1.0000e+00
 1.0882e-01  6.9316e-01  8.1011e-01 -6.0881e+00 -3.1902e+00  1.7478e+00  7.0921e+00  1.0000e+00
-1.9781e+01  1.6547e+01  5.5677e+00 -2.6852e+01  2.2422e+01  7.1442e+00  3.5704e+01  1.0000e+00
 2.3708e+00 -3.8829e+00  1.3756e+00  1.7965e+01 -3.1194e+01  6.2746e+00  3.6540e+01  1.0000e+00
-3.3151e-01  1.4765e+00  3.6096e-01 -3.2138e+00 -3.7249e+00  1.1177e+00  5.0450e+00  1.0000e+00
-4.6314e-01  1.0595e+00  5.8775e-01 -1.9865e+01 -7.6698e+00  5.2341e+00  2.1928e+01  1.0000e+00
-2.0250e-01  1.4783e+00  1.0036e+00 -5.0889e+00  2.7493e+00  7.5742e+00  9.5301e+00  1.0000e+00
 1.1222e+01 -1.8750e+01 -9.4452e+00  1.3089e+01 -2.1373e+01 -1.0959e+01  2.7354e+01  1.0000e+00
-6.3512e-01  1.9780e+00 -1.8546e-01 -1.6960e-01 -6.5480e+00  3.8580e+00  7.6019e+00  1.0000e+00
 1.4821e+01  4.1736e+00 -3.2764e+01  1.7745e+01  5.2265e+00 -3.7963e+01  4.2230e+01  1.0000e+00
-2.2979e+00  1.2392e+01 -7.5524e+00 -2.4398e+00  1.2927e+01 -7.0775e+00  1.4938e+01  1.0000e+00
-2.9599e+01 -1.0314e+01  7.0232e+00 -3.5392e+01 -1.2073e+01  8.3575e+00  3.8317e+01  1.0000e+00
 3.7240e+01 -3.5764e+00 -1.5217e+01  4.4975e+01 -4.2829e+00 -1.8239e+01  4.8721e+01  1.0000e+00
 1.4478e+01 -8.0101e+01  4.9711e+01  1.7616e+01 -9.7711e+01  6.0738e+01  1.1639e+02  1.0000e+00
-3.2885e-01  1.2099e+00  3.9658e-01  6.8967e+00  5.4922e+00 -8.0989e+00  1.1972e+01  1.0000e+00
 6.6738e-02  1.7182e+00  6.7691e-01  5.2411e+00  8.7296e+00  4.2409e+00  1.1030e+01  1.0000e+00
 2.1847e-01  1.3739e+00  4.6884e-01 -6.8006e-01 -6.4307e+00  1.7315e+00  6.6944e+00  1.0000e+00
-1.1381e+00  4.4115e-01  6.1687e-01  4.0056e+00  5.2129e+00 -3.8024e-01  6.5851e+00  1.0000e+00
-1.7849e+01 -8.6385e+00 -9.1285e+00 -2.0707e+01 -9.4530e+00 -1.0557e+01  2.5092e+01  1.0000e+00
-3.9638e-01  1.3387e+00  4.5561e-01  2.0865e+01 -8.7103e+00  2.1028e+00  2.2707e+01  1.0000e+00
 1.4727e-01  1.6906e+00  2.8252e-01  2.1968e+00  1.4051e+01  1.8639e+01  2.3445e+01  1.0000e+00
 1.5792e-01  1.4826e+00  6.0401e-01 -1.0741e+01  1.9017e+00 -9.5019e+00  1.4466e+01  1.0000e+00
-5.0142e-01  1.4431e+00  3.9395e-01 -1.6932e+01 -1.8188e+00  1.1943e+01  2.0800e+01  1.0000e+00
 3.4493e+00 -2.8242e+00 -4.0300e+00  1.7985e+00  5.7165e-01 -1.9373e+00  2.7046e+00  1.0000e+00
-8.7034e-01  1.4266e+00  4.4425e-01 -5.8013e+00  7.0537e+00  1.9297e+00  9.3345e+00  1.0000e+00
-8.4274e-01  1.2693e+00  2.6064e-01  1.2615e+00  1.1835e+01  3.9817e+00  1.2550e+01  1.0000e+00
 1.2138e+01 -1.4793e+01 -1.7849e+01  1.4082e+01 -1.7621e+01 -2.0526e+01  3.0497e+01  1.0000e+00
 9.5731e+00  4.6109e+00 -4.9627e+00  2.2018e+01  8.6970e+00 -1.0153e+01  2.5758e+01  1.0000e+00
 1.8587e-01  1.0878e+00  7.0943e-01 -6.4107e+00 -3.2672e-01  6.6622e+00  9.2514e+00  1.0000e+00
 2.0634e-02  7.2093e-01  6.0508e-01 -3.7581e+00 -5.1376e-01  1.4885e+00  4.0747e+00  1.0000e+00
 1.9384e-01  9.2491e-01 -5.2450e-01  6.8267e+00  1.0556e+01 -6.3457e+00  1.4082e+01  1.0000e+00
 1.7441e+01 -8.5468e+00 -1.1465e+01  3.0635e+01 -1.5824e+01 -2.0136e+01  3.9930e+01  1.0000e+00
-6.9648e-01  1.3790e+00  2.9421e-01  2.6016e+00  7.5889e+00 -6.0428e+00  1.0044e+01  1.0000e+00
-3.6872e-01  1.2830e+00  3.6974e-01 -2.5108e+01  1.4843e+01 -8.4438e+00  3.0365e+01  1.0000e+00
-4.3292e+01  1.0425e+01  2.1327e+01 -6.0113e+01  1.4430e+01  2.9670e+01  6.8572e+01  1.0000e+00
 6.9370e-02  1.5780e+00  5.7027e-01  2.4383e+00  7.4526e+00  6.5740e+00  1.0232e+01  1.0000e+00
 1.5887e+01  1.1498e+01 -1.1938e+00  1.7509e+01  1.3200e+01 -9.2983e-01  2.1947e+01  1.0000e+00
-3.8481e-01  1.4051e+00  1.6053e-01 -1.6831e+01  3.8888e+00  1.3201e+01  2.1741e+01  1.0000e+00
-3.7093e-01  9.7741e-01  1.9576e-01  5.8059e+00  7.5871e+00  5.9238e+00  1.1241e+01  1.0000e+00
 7.9682e-02  1.3412e+00  6.8524e-01  9.7766e-01 -1.7902e+00  4.9488e+00  5.3527e+00  1.0000e+00
 3.1655e+00  1.4185e+01 -7.6315e-01  3.7250e+00  1.4238e+01 -1.3275e+00  1.4777e+01  1.0000e+00
-3.2815e+02  4.0751e+02 -2.7282e+02 -3.7964e+02  4.7214e+02 -3.1702e+02  6.8377e+02  1.0000e+00
-8.9144e-01  1.2659e+00 -1.8887e-01  6.6869e+00  2.3172e+00  1.6118e+00  7.2583e+00  1.0000e+00
-9.5575e-01  3.1585e+00  4.6070e-01  2.4107e+00  4.7553e+00  2.9733e+00  6.1045e+00  1.0000e+00
-1.0712e+00  3.8396e+00  2.8123e-02  1.9814e-01 -1.6219e+00  1.1625e+00  2.0053e+00  1.0000e+00
 3.1029e-01  1.1749e+00  9.0601e-01  4.4994e+00  2.0994e+00  2.2420e-01  4.9701e+00  1.0000e+00
-7.6113e-01  1.3022e+00  9.8464e-01 -6.9661e+00  1.1176e+01  7.5064e+00  1.5158e+01  1.0000e+00
 1.1579e+01 -1.6981e+01 -1.6290e+01  1.3970e+01 -1.8807e+01 -1.9588e+01  3.0538e+01  1.0000e+00
 2.0434e-01  9.8195e-01  6.6535e-01 -2.2689e+01  1.6024e+01 -4.0274e+00  2.8067e+01  1.0000e+00
 7.2847e-02  1.4178e+00 -6.1606e-01 -2.6107e+00  2.3271e+00 -1.7835e+01  1.8175e+01  1.0000e+00
-5.9858e-01  7.7888e-01  4.1468e-01 -4.4146e+00  9.9916e-02 -5.6711e+00  7.1876e+00  1.0000e+00
-2.5605e+01  1.6616e+00  2.1993e+01 -3.0519e+01  2.2603e+00  2.6393e+01  4.0412e+01  1.0000e+00
-3.8909e-01  1.2049e+00  2.9347e-01  4.6525e+00  1.3430e+01  7.6750e-01  1.4234e+01  1.0000e+00
-1.8628e-01  1.1738e+00  4.5902e-01  4.1265e+00  5.6021e+00  9.9971e+00  1.2180e+01  1.0000e+00
-1.7339e+01  1.5853e+01 -2.7972e+01 -2.0713e+01  1.9129e+01 -3.3449e+01  4.3747e+01  1.0000e+00
 2.9332e+01 -1.9985e+01  8.1252e+00  3.5071e+01 -2.3784e+01  9.7746e+00  4.3488e+01  1.0000e+00
 1.5359e+01 -9.4341e+00  1.7340e+01  1.7646e+01 -1.0840e+01  2.0286e+01  2.8990e+01  1.0000e+00
 3.9871e-02  1.1499e+00  9.5221e-01 -1.8187e+01 -1.4309e+00  5.0654e+00  1.8934e+01  1.0000e+00
-4.4710e-01  1.2949e+00  4.3845e-01  6.1168e+00  1.1163e+01 -1.0283e+01  1.6363e+01  1.0000e+00
-2.1126e-01  1.4230e+00  4.2428e-01 -1.5636e+00 -3.8283e+00 -2.1766e+01  2.2156e+01  1.0000e+00
-1.0888e+01  1.4749e+00  3.4237e+00 -1.0001e+01  9.4431e-01  2.7618e+00  1.0418e+01  1.0000e+00
-9.5826e-01  1.3198e+00  3.4086e-01 -3.9812e+00 -2.1933e+00 -3.0495e+00  5.4735e+00  1.0000e+00
-1.8788e-01  1.1966e+00  3.1327e-01 -1.2473e+01  6.9369e+00 -7.6892e+00  1.6211e+01  1.0000e+00
-3.1389e-01  1.2478e+00  4.6171e-01 -7.7528e+00 -5.6898e+00  1.5382e+01  1.8141e+01  1.0000e+00
-6.4864e-01  1.6381e+00  7.1020e-01  7.1035e-01 -1.9721e+00 -2.5516e+00  3.3022e+00  1.0000e+00
-1.0836e+01  1.1029e+01 -9.0473e+00 -1.1698e+01  1.2964e+01 -9.7172e+00  1.9983e+01  1.0000e+00
-3.5071e-01  1.7983e+00  5.2603e-01 -2.0237e+01  1.0686e+01 -4.7770e+00  2.3378e+01  1.0000e+00
-8.7695e+00  5.5507e+00 -2.1325e+01 -1.0213e+01  6.4135e+00 -2.4536e+01  2.7340e+01  1.0000e+00
-3.5748e+00  1.2642e+01  4.8760e+00 -5.2319e+00  1.2399e+01  3.8511e+00  1.3998e+01  1.0000e+00
-2.7844e+01 -6.0063e+00 -7.5200e+00 -3.3291e+01 -6.8866e+00 -8.3712e+00  3.5011e+01  1.0000e+00
-2.3034e-01  7.1546e-01  9.3146e-01  7.8385e+00 -8.6511e+00  9.9701e+00  1.5352e+01  1.0000e+00
-1.6607e-01  1.9399e-01 -2.7185e+00 -3.9198e-01  2.7678e+00  4.6475e+00  5.4234e+00  1.0000e+00
-4.3428e-01  1.4083e+00  1.7879e-01 -9.0908e+00  1.8539e+01 -6.4170e+00  2.1622e+01  1.0000e+00
 2.0793e+00  1.3422e+00 -1.0366e+00  7.2154e+00  7.6639e-01  9.2125e-01  7.3142e+00  1.0000e+00
 5.3902e-04  6.2176e-01  7.6472e-01  4.5271e+00  1.2953e+01  4.8382e+00  1.4549e+01  1.0000e+00
-4.7022e-01  1.2978e+00  4.1466e-01  1.7056e+01  9.7874e+00  9.0231e+00  2.1636e+01  1.0000e+00
 3.9611e-01  3.0355e+00  1.7509e+00  9.5152e-01  4.8488e+00  2.3294e+00  5.4628e+00  1.0000e+00
 2.2105e+00 -2.2629e-01 -1.0662e+00 -5.4218e+00  5.4043e+00 -2.4737e+00  8.0449e+00  1.0000e+00
 2.2517e+00  7.1704e+00 -2.2445e+00  3.5480e+00  9.9416e+00 -4.4201e+00  1.1444e+01  1.0000e+00
-1.6807e-01  2.4252e+00  3.7942e-01 -5.7296e+00  1.2778e+01 -2.4956e-01  1.4006e+01  1.0000e+00
-3.5653e+01  3.8813e+01 -2.3570e+01 -4.1903e+01  4.4159e+01 -2.6614e+01  6.6439e+01  1.0000e+00
-2.7054e-01  1.5144e+00 -1.6842e-01  3.0223e+00  3.1286e+00  1.0360e+01  1.1236e+01  1.0000e+00
-2.9010e-01  1.3777e-01  7.0011e-01  1.0216e+01 -8.6144e+00  2.8098e-01  1.3366e+01  1.0000e+00
-1.1438e+01 -5.4865e+00 -1.1143e+01 -1.9580e+01 -1.0615e+01 -1.9937e+01  2.9892e+01  1.0000e+00
-2.5256e-01  1.5406e+00  6.1963e-01  2.1500e+00  5.8095e+00 -1.3316e+00  6.3360e+00  1.0000e+00
-5.9147e-01 -1.9159e+01 -1.0611e+01 -5.9246e-01 -2.1782e+01 -1.2430e+01  2.5086e+01  1.0000e+00
 2.4345e-01  1.3134e+00  7.7897e-01 -8.0331e+00  6.4340e+00  1.0468e+01  1.4680e+01  1.0000e+00
 1.1680e+01 -1.6973e+01 -1.6166e+01  1.3369e+01 -2.0562e+01 -1.8196e+01  3.0539e+01  1.0000e+00
-9.0086e-01  1.4022e+00  7.5543e-01 -9.1835e+00 -3.8325e+00 -1.4350e+00  1.0054e+01  1.0000e+00
-3.7174e+01  9.5876e+00 -1.9482e+01 -9.0987e+01  2.1558e+01 -4.8368e+01  1.0528e+02  1.0000e+00
 1.5743e+00  1.1605e+01  4.5394e+00  2.3793e+00  1.1151e+01  3.7078e+00  1.1990e+01  1.0000e+00
 5.8408e+00 -1.1757e+01  1.8623e+01  7.0009e+00 -1.3424e+01  2.1633e+01  2.6405e+01  1.0000e+00
-2.0731e-01  1.5800e+00  4.0819e-01 -8.4032e+00  6.3701e+00  9.7694e-01  1.0590e+01  1.0000e+00
-2.3246e+01  1.3261e+01 -5.3175e+00 -4.2300e+01  2.3330e+01 -9.9059e+00  4.9312e+01  1.0000e+00
 6.9987e-02  9.8321e-01  2.9093e-01  4.3143e+00 -4.3813e+00 -6.7523e-01  6.1859e+00  1.0000e+00
 2.1832e-01  1.7595e+00  1.0036e+00 -7.7476e-01 -4.2786e+00 -6.5131e+00  7.8312e+00  1.0000e+00
-1.3732e+01 -4.6456e+00  8.1306e+00 -1.4899e+01 -5.0957e+00  8.4332e+00  1.7862e+01  1.0000e+00
-1.3096e-01  1.6337e+00  2.0108e-01  5.6946e+00 -5.4712e+00 -6.8488e+00  1.0453e+01  1.0000e+00
-3.0449e+00  7.7151e+00  1.1782e+00 -9.1147e+00  2.0371e+01  2.8063e+00  2.2493e+01  1.0000e+00
 2.2286e+01 -2.8529e+01 -2.2824e+00  2.6823e+01 -3.4043e+01 -2.7892e+00  4.3431e+01  1.0000e+00
-1.0120e+00  2.8850e+00  8.5801e-01  2.3174e+00 -4.5610e+00  9.4142e-02  5.1168e+00  1.0000e+00
 8.7037e-01 -2.3249e+00  1.5995e+00 -8.2699e-01 -2.0357e+00  1.8960e+00  2.9022e+00  1.0000e+00
 6.6188e-02  1.1774e+00  7.5267e-01  1.1734e+01  1.4683e+01 -7.0598e+00  2.0077e+01  1.0000e+00
 1.0338e+00  8.6491e-01  8.4593e-01  5.7526e-01  7.5788e+00  3.3480e+00  8.3053e+00  1.0000e+00
-1.6033e+00  2.3802e+00 -2.1721e+00 -3.7036e+00  3.7033e+00 -8.9690e+00  1.0386e+01  1.0000e+00
-8.2685e-01  1.1741e+00  6.4293e-01 -8.3384e+00  9.7669e+00 -7.9450e+00  1.5101e+01  1.0000e+00
-1.3699e+00  1.5366e+00 -5.2061e-01  8.9627e+00  4.7356e+00  3.2217e+00  1.0637e+01  1.0000e+00
-6.5389e+00 -1.9796e+00 -1.2364e+00 -4.8969e+00 -3.6200e-01 -3.4837e-01  4.9226e+00  1.0000e+00
-4.1473e-01  1.2362e+00  4.3698e-01  5.7613e+00  9.0305e+00  6.5255e-01  1.0732e+01  1.0000e+00
-2.7701e-01  8.4599e-01  4.8068e-01 -2.4295e+00  1.0406e+00 -1.9940e+00  3.3108e+00  1.0000e+00
-3.4420e-01  1.4441e+00  2.5377e-01 -1.9652e+01  1.0787e+01 -2.9221e+00  2.2608e+01  1.0000e+00
-4.1693e-01  1.8087e+00  4.2420e-01 -8.6030e+00  8.9455e+00 -6.4605e+00  1.3992e+01  1.0000e+00
-1.4466e-01  1.3426e+00  8.9167e-01  9.4761e+00  1.4759e+01  2.6943e+00  1.7745e+01  1.0000e+00
 5.2353e-01  2.1223e+00  1.1485e+00 -1.0537e+00 -4.8239e+00 -5.4982e+00  7.3898e+00  1.0000e+00
 6.2486e+00 -1.4107e+01 -3.7818e+00  2.1719e+01 -5.0365e+01 -1.3233e+01  5.6422e+01  1.0000e+00
-9.2060e-03  1.3138e+00  3.4016e-01 -2.6592e+01  7.3338e+00 -6.6056e+00  2.8365e+01  1.0000e+00
-4.8531e+01  3.9169e+01  1.8265e+01 -8.1274e+01  6.5132e+01  3.0714e+01  1.0859e+02  1.0000e+00
-1.1305e+00  1.5957e+00  1.1352e+00  5.7510e+00 -2.9197e+00  3.2328e+00  7.2145e+00  1.0000e+00
-9.3039e-02  8.1085e-01 -3.1468e-01  3.3496e+00  5.9278e+00  7.7025e+00  1.0280e+01  1.0000e+00
-1.5898e+02  5.2153e+00  1.4285e+02 -2.4181e+02  7.3671e+00  2.1773e+02  3.2547e+02  1.0000e+00
-1.2547e-01  1.4012e+00 -4.4398e-02  7.4750e+00 -7.1676e+00  3.5017e+00  1.0932e+01  1.0000e+00
-9.8111e-01  1.0773e+00  2.4821e-02  1.0509e+01  5.3734e+00  1.0947e+01  1.6098e+01  1.0000e+00
-5.1766e-01  1.4476e+00  4.4885e-01 -7.8777e+00  8.3544e+00 -1.0474e+01  1.5542e+01  1.0000e+00
-4.1059e+00  6.0395e+00  1.5670e+01 -4.2177e+00  5.9313e+00  1.5801e+01  1.7397e+01  1.0000e+00
 6.0158e+00  2.7986e+00  1.7083e+00  1.4135e+00  2.3823e+00  1.3196e+00  3.0684e+00  1.0000e+00
 1.2002e+01 -7.0459e+00 -1.0242e+01  1.3125e+01 -8.0081e+00 -1.1015e+01  1.8913e+01  1.0000e+00
 3.0854e-01  1.6178e+00 -3.4425e-01  1.0853e+01  6.1399e+00 -4.3034e+00  1.3191e+01  1.0000e+00
 1.7677e+01 -1.7948e+01 -2.6495e+01  2.1280e+01 -2.1430e+01 -3.1475e+01  4.3621e+01  1.0000e+00
-2.9826e-01  1.7132e+00  6.3960e-01  2.6146e+00 -5.3323e-01 -4.2404e+00  5.0101e+00  1.0000e+00
-1.5396e-01  1.0889e+00  5.6024e-01  7.9306e-02 -3.9721e+00 -2.0334e+00  4.4630e+00  1.0000e+00
 3.9498e-01  1.4888e+00  9.1232e-01 -2.3650e+00  8.0504e+00 -3.1994e+00  8.9799e+00  1.0000e+00
-1.3356e+01 -2.1396e+01 -2.0122e+01 -2.4925e+01 -4.1529e+01 -3.8295e+01  6.1745e+01  1.0000e+00
-5.0207e-01  1.2338e+00  1.9104e-01  1.2883e+01 -5.0994e+00  1.7898e+01  2.2634e+01  1.0000e+00
 5.8703e-01  1.9490e+00 -1.2571e-01  6.4732e-01  3.9293e+00  5.2909e+00  6.6221e+00  1.0000e+00
 3.4672e-01  1.2576e+00  2.2528e-01 -1.0231e+01  9.1451e+00  6.1033e+00  1.5018e+01  1.0000e+00
-8.0436e-02  1.7235e+00  8.0485e-01  6.1776e+00  9.9783e+00  1.8013e+01  2.1498e+01  1.0000e+00
 5.4557e-01  7.1213e-01  8.9905e-01  3.0051e+00  5.0308e+00 -4.9894e+00  7.6963e+00  1.0000e+00
-1.2387e+00  2.6554e+00  2.2672e+00  2.0711e+00 -1.7655e-01 -4.7232e+00  5.1603e+00  1.0000e+00
-4.2938e+00  6.6873e+00  1.8810e+01 -4.4271e+00  7.7771e+00  2.1012e+01  2.2838e+01  1.0000e+00
-7.7483e-01  1.2131e+00 -8.7720e-01 -4.3751e+00 -5.7230e+00  7.4171e+00  1.0340e+01  1.0000e+00
 1.5439e-01  7.4971e-01  1.0704e-01 -4.0989e+00  8.5485e+00  9.5613e+00  1.3465e+01  1.0000e+00
-3.1929e-01  1.3134e+00  3.0148e-01  9.5550e+00 -4.0175e+00  1.3755e+01  1.7223e+01  1.0000e+00
-8.8169e-01  1.3952e+00  3.8987e-01  1.7841e+01  7.1724e+00  8.5005e+00  2.1024e+01  1.0000e+00
 1.3350e+01 -3.3605e+01  5.9750e+01  1.5600e+01 -3.9382e+01  7.0865e+01  8.2560e+01  1.0000e+00
 2.5667e+01  4.8839e+00  2.4242e+01  3.0615e+01  5.7710e+00  2.9112e+01  4.2639e+01  1.0000e+00
-3.2760e+00  1.1020e+00 -1.3902e+00 -1.5032e-01 -1.1427e+00 -3.7802e+00  3.9520e+00  1.0000e+00
-2.1317e-01  1.0862e+00  9.2747e-01 -1.0919e+01  6.3542e+00 -1.4009e+01  1.8864e+01  1.0000e+00
-2.8376e-02  1.4469e+00  9.0239e-01  4.6716e-01  1.5324e+01 -7.6897e+00  1.7151e+01  1.0000e+00
-6.7648e+00  4.4813e+00  2.6769e+01 -7.9679e+00  5.5238e+00  3.1498e+01  3.2957e+01  1.0000e+00
-1.7557e+01 -3.0735e+00 -1.6606e+01 -2.0274e+01 -2.4823e+00 -1.8732e+01  2.7714e+01  1.0000e+00
-2.8618e+00  9.6928e-01  1.6196e+00 -8.5974e+00 -1.9102e+00  3.4991e+00  9.4767e+00  1.0000e+00
-9.6750e+00 -1.6747e+01 -1.2610e+00 -1.1993e+01 -2.1820e+01 -1.2744e+00  2.4932e+01  1.0000e+00
 1.9049e-01  2.5062e+00  2.4583e-01 -9.4296e-01  1.7728e+01 -9.7291e-01  1.7780e+01  1.0000e+00
-7.9311e-03  1.2198e+00  4.2780e-01 -9.6957e-01  1.6645e-01 -6.3838e+00  6.4592e+00  1.0000e+00
-1.8726e+00  4.6575e-02  2.4326e-01  5.8633e+00  8.3252e+00  1.7651e+00  1.0335e+01  1.0000e+00
-2.2503e-01  1.1863e+00  5.0494e-01 -3.1492e+00 -1.9597e+00  1.1601e+01  1.2179e+01  1.0000e+00
-1.0234e-01  1.4511e+00  1.2813e+00 -4.8455e+00  1.7662e-01  9.4156e-01  4.9393e+00  1.0000e+00
-9.1741e+00  2.9023e+01 -3.7228e+00 -1.0759e+01  3.4309e+01 -4.3238e+00  3.6215e+01  1.0000e+00
 3.9347e+00  2.3000e+00  4.9280e+00  1.7756e-01  3.7845e+00  3.2790e+00  5.0106e+00  1.0000e+00
-1.6195e+01 -1.5226e-01 -4.2265e+00 -1.7487e+01  4.1802e-01 -4.6852e+00  1.8109e+01  1.0000e+00
 1.9483e+00  2.0366e+00 -2.7826e+00  1.1525e+00  9.7891e-01  2.0551e+00  2.5515e+00  1.0000e+00
-1.2993e+01 -4.8300e+00  8.9755e+00 -1.4088e+01 -4.3700e+00  9.5317e+00  1.7562e+01  1.0000e+00
-2.3691e-01  8.8103e-01  3.9247e-02 -1.5865e+00  1.2077e+01  4.2792e+00  1.2910e+01  1.0000e+00
 3.4093e+01  1.2373e+01  2.8366e+00  4.0644e+01  1.4932e+01  3.3230e+00  4.3427e+01  1.0000e+00
 1.2203e+01  1.6900e+01  2.3609e+00  1.4015e+01  1.9056e+01  3.0648e+00  2.3853e+01  1.0000e+00
-2.6634e+01 -1.5942e+01 -9.7799e+00 -3.2959e+01 -1.9928e+01 -1.2725e+01  4.0563e+01  1.0000e+00
 2.4391e+00  3.0274e+00 -1.7582e+00  5.3173e+00  5.7858e-01 -6.0795e+00  8.0974e+00  1.0000e+00
-2.6057e+01 -5.7663e-01 -6.8347e+00 -3.0649e+01 -4.6279e-01 -8.0902e+00  3.1703e+01  1.0000e+00
-3.9439e-01  1.1967e+00  3.5399e-01  1.6024e+01 -5.6468e+00  3.8461e+00  1.7420e+01  1.0000e+00
-9.4129e-02  1.6980e+00  9.8420e-01 -5.8133e+00  3.9982e+00 -2.8721e+00  7.6177e+00  1.0000e+00
-5.1982e+00  2.1045e+01 -8.0849e+00 -5.4977e+00  2.4607e+01 -9.4148e+00  2.6914e+01  1.0000e+00
 3.3627e+01  2.7466e+01 -2.1089e+01  4.7169e+01  3.8165e+01 -2.9446e+01  6.7443e+01  1.0000e+00
-2.7791e-01  1.2369e+00 -4.0232e-02 -1.4438e+01 -1.1486e+01  9.8899e+00  2.0933e+01  1.0000e+00
-1.3962e-01  1.5434e+00  3.7808e-01  1.9667e+00 -6.0317e+00  3.1178e+01  3.1817e+01  1.0000e+00
-2.4264e-01  1.8876e+00  4.3143e-01 -2.7118e+00 -1.1599e+00  1.4016e+01  1.4323e+01  1.0000e+00
 4.2474e+00 -3.0049e+00  6.8278e-01  1.7970e+00  6.4662e-01  4.0351e+00  4.4643e+00  1.0000e+00
 2.8047e+00 -1.3100e+00  7.6535e-01  1.3756e+00  2.7629e+00 -4.9694e-01  3.1261e+00  1.0000e+00
-5.6054e-01  1.0140e+00  8.7077e-01 -1.1879e+01  1.9377e+00  1.4343e+01  1.8724e+01  1.0000e+00
-2.0423e+01 -1.0303e+01 -3.5923e+01 -2.4803e+01 -1.2597e+01 -4.3838e+01  5.1920e+01  1.0000e+00
-3.6359e+01 -1.2050e+01 -1.2293e+00 -4.3704e+01 -1.4201e+01 -1.5543e+00  4.5980e+01  1.0000e+00
 3.9692e+00 -2.7369e+00 -4.3585e+00  3.3546e+00 -2.4611e-01 -9.1478e-01  3.4858e+00  1.0000e+00
 3.6700e+01  6.3972e+00 -3.8447e+00  4.3907e+01  7.9112e+00 -4.6932e+00  4.4860e+01  1.0000e+00
-3.6242e-01  1.3814e+00  2.5948e-01 -1.6744e+01 -1.1486e+01 -6.9870e+00  2.1473e+01  1.0000e+00
-4.9197e-01  1.4721e+00  7.4511e-01  9.7349e+00  1.5996e+01  3.3506e+01  3.8384e+01  1.0000e+00
 4.3599e-01  1.2051e+00  3.1733e-01  4.8035e-01  2.1776e+00  5.2194e+00  5.6758e+00  1.0000e+00
-4.5749e+00  2.0619e+00 -8.5804e-02 -9.9409e+00  2.7631e+00  4.2076e-01  1.0326e+01  1.0000e+00
-2.9490e-01  1.2964e+00  5.8150e-01 -1.0390e+01 -1.2257e+01 -2.6844e+00  1.6291e+01  1.0000e+00
-5.5298e-01  1.2841e+00  6.6685e-01  1.8489e-01  3.3143e+00 -8.7270e+00  9.3370e+00  1.0000e+00
 1.5935e-01  1.6346e+00  4.4270e-01  1.5740e+01 -5.0690e+00  2.1654e+00  1.6677e+01  1.0000e+00
-1.4397e+01  1.2244e+01 -2.2208e+00 -1.5946e+01  1.3461e+01 -2.1944e+00  2.0983e+01  1.0000e+00
-1.1728e+00  1.3710e+00  2.1231e-01 -8.0920e+00  4.1473e+00  5.0543e+00  1.0403e+01  1.0000e+00
-1.4395e+01 -4.3091e+00 -2.1162e-01 -1.4964e+01 -4.4558e+00 -4.2524e-01  1.5619e+01  1.0000e+00
-8.9857e-01  1.6409e+00  2.3010e-01  5.1842e+00 -2.6977e-01  1.3746e+01  1.4693e+01  1.0000e+00
 1.8498e+00  2.4740e+00 -5.0900e-01  1.7417e+01  1.1760e+01 -7.5992e+00  2.2347e+01  1.0000e+00
-4.2420e-01  1.2896e+00  1.4167e-01  2.9568e+00  1.5106e+01 -1.4915e+01  2.1433e+01  1.0000e+00
-7.7156e-01  2.2042e+00 -1.2125e-02  6.4278e-01 -5.1857e+00  1.1871e+01  1.2970e+01  1.0000e+00
 1.1721e+01 -2.8847e+01 -1.3918e+01  1.4011e+01 -3.4237e+01 -1.6557e+01  4.0529e+01  1.0000e+00
-2.6311e+01 -4.6302e+00  2.3691e+01 -3.1492e+01 -5.2606e+00  2.8337e+01  4.2690e+01  1.0000e+00
-7.0151e-01  1.7234e+00  2.3928e-01  4.3904e+00 -1.2222e+00 -4.4859e+00  6.3947e+00  1.0000e+00
-2.6973e+00 -5.9332e-01 -3.4990e+00 -3.0897e-01  2.5771e+00  1.8952e+00  3.2138e+00  1.0000e+00
-8.5373e-01  2.3910e+00  4.1681e-01  5.4882e+00 -4.3219e+00 -2.0782e-02  6.9857e+00  1.0000e+00
 6.6971e-02  1.0007e+00  4.6361e-01  3.2488e-01 -1.1347e+01 -1.6112e+00  1.1465e+01  1.0000e+00
-2.1991e+00 -2.3354e+01 -1.6524e+01 -1.8572e+00 -2.7764e+01 -1.9841e+01  3.4175e+01  1.0000e+00
-3.3734e+00  5.8467e+00 -3.9797e+00 -1.9461e+00  3.5827e+00 -7.1727e-01  4.1397e+00  1.0000e+00
-9.4562e-02  1.2713e+00  7.2568e-02 -1.8806e+01 -6.0860e+00 -1.5090e+01  2.4868e+01  1.0000e+00
-2.6751e-01  1.1550e+00  2.1667e-01 -1.5694e+01  1.9221e+01 -5.3883e+00  2.5393e+01  1.0000e+00
 7.7164e-01  1.3321e+00 -1.9792e-02  1.6019e+01 -2.4152e+00 -5.3348e+00  1.7056e+01  1.0000e+00
-4.8871e+00  2.1232e+01 -8.7916e+00 -5.8687e+00  2.3976e+01 -9.3958e+00  2.6411e+01  1.0000e+00
-6.2190e-02  1.4350e+00  5.6725e-01  1.0564e+00 -1.3050e+01 -1.5833e+01  2.0545e+01  1.0000e+00
 9.5533e-01  4.1189e+00  2.5824e+01  1.8348e+00  5.0918e+00  2.8215e+01  2.8730e+01  1.0000e+00
 3.3581e-01  5.1602e+00 -3.1101e+00  2.9799e-01  4.1576e+00 -3.0588e+00  5.1702e+00  1.0000e+00
-3.3473e-01  1.5553e+00 -1.1788e-01 -1.7793e+00  4.6870e+00  1.6241e+01  1.6997e+01  1.0000e+00
 2.3866e-02  4.4797e-01  6.2539e-01 -1.1994e+00 -1.9041e+00  2.0867e+00  3.0690e+00  1.0000e+00
-4.5344e-01  1.3741e+00  5.0345e-02 -4.1364e+00  1.4694e+00  1.2952e+01  1.3675e+01  1.0000e+00
 7.9819e+00  1.6335e+01  8.6793e+00  9.1164e+00  1.8483e+01  9.5689e+00  2.2722e+01  1.0000e+00
-7.7077e-01  1.7031e+00  5.4642e-01 -4.3398e+00 -6.5552e+00  2.5732e+00  8.2720e+00  1.0000e+00
 3.8544e-01  1.0276e+00  5.5345e-01 -1.4738e+01  1.4557e+01 -6.8602e+00  2.1822e+01  1.0000e+00
-5.2807e-01  1.4987e+00  7.8116e-01 -7.7370e+00 -1.6919e+00  7.7222e+00  1.1061e+01  1.0000e+00
 1.4932e-01  1.0803e+00  7.3896e-01  2.9842e+00  2.0861e+00  3.4718e-01  3.6576e+00  1.0000e+00
 2.0052e-01  9.6751e-01 -9.8457e-02  4.3282e+00  8.0254e+00  4.1481e+00  1.0017e+01  1.0000e+00
-4.1656e-01  1.2327e+00  5.7502e-01 -1.7008e+01  6.6574e+00 -4.3998e+00  1.8787e+01  1.0000e+00
 1.2491e+01 -9.0750e+00 -1.4642e+00  1.3349e+01 -9.4784e+00 -1.3242e+00  1.6426e+01  1.0000e+00
-2.4320e-01  7.5885e-01  3.0742e-01 -1.2832e+01 -2.7846e+00 -2.3736e+00  1.3343e+01  1.0000e+00
 2.2844e+01 -4.3521e+01  2.7866e+01  2.5215e+01 -5.0315e+01  3.2422e+01  6.4951e+01  1.0000e+00
-3.5392e-01  3.1014e+00 -1.5490e+00 -2.3437e-01 -2.1223e+00 -6.8195e+00  7.1459e+00  1.0000e+00
 2.3830e+00 -1.2233e+01 -3.5001e+01  2.7445e+00 -1.4563e+01 -4.1828e+01  4.4376e+01  1.0000e+00
-9.5331e+00 -1.3704e+01 -2.3587e+01 -1.1665e+01 -1.6135e+01 -2.7858e+01  3.4241e+01  1.0000e+00
-1.6282e+00 -2.5033e+01  2.7038e+00 -1.7224e+00 -2.9334e+01  3.1544e+00  2.9553e+01  1.0000e+00
-3.5112e+01 -1.7676e+01 -9.1581e+00 -4.2357e+01 -2.1073e+01 -1.0976e+01  4.8566e+01  1.0000e+00
 2.6655e-01  1.4335e+00  3.7331e-01  1.4992e+00  7.8671e+00  1.2491e+01  1.4838e+01  1.0000e+00
-2.8011e+01 -6.8812e+00 -5.2721e+00 -3.3255e+01 -8.1128e+00 -6.2798e+00  3.4801e+01  1.0000e+00
-7.7946e-02  1.1606e+00  5.8448e-01 -6.5762e+00  8.6547e+00 -2.3138e+01  2.5564e+01  1.0000e+00
-2.8920e-01  1.2698e+00  6.5600e-01  3.6132e+00  1.0308e+01 -1.7208e+01  2.0382e+01  1.0000e+00
-4.3508e+00  2.6279e-01 -1.3829e+01 -4.8584e+00  8.0234e-01 -1.6148e+01  1.6882e+01  1.0000e+00
-1.2760e+00  1.5665e+00  1.5187e-01 -5.0881e+00 -1.2174e+00  8.2473e+00  9.7667e+00  1.0000e+00
-1.6471e-01  1.2879e+00  2.1719e-01 -3.1100e+00 -5.1803e-01 -6.6401e+00  7.3506e+00  1.0000e+00
