# limit = 30.22
#
# x           y           z           vx          vy          vz          s           m
 6.1960e-01  2.7053e+00 -1.6747e+00  2.5905e+00  8.8540e-01 -8.3632e+00  8.7999e+00  1.0000e+00
 5.4291e-02  1.2638e+00 -1.4693e-01 -1.5024e+01 -1.9106e+00  3.4363e+00  1.5530e+01  1.0000e+00
 2.9615e+01  1.4533e+00  5.7957e+00  3.3909e+01  2.1274e+00  6.6217e+00  3.4615e+01  1.0000e+00
-9.5958e-02  1.4594e+00  7.7746e-01 -1.4888e+01  8.0729e+00 -8.2273e+00  1.8828e+01  1.0000e+00
-2.5180e+01  9.4620e+00  1.5046e+01 -2.9191e+01  1.0815e+01  1.7219e+01  3.5575e+01  1.0000e+00
 1.1021e+01 -3.3345e+00  3.1185e+01  1.2998e+01 -3.5208e+00  3.6132e+01  3.8560e+01  1.0000e+00
 1.5215e+00 -2.5327e+01 -1.7464e+01  1.3444e+00 -2.9146e+01 -1.9916e+01  3.5327e+01  1.0000e+00
-7.0573e-01  1.4974e+00  1.4135e-01 -3.9870e+00  8.8009e+00 -2.6130e+00  1.0009e+01  1.0000e+00
-3.9701e+01  2.8989e+01  9.0043e+01 -4.5547e+01  3.3390e+01  1.0464e+02  1.1890e+02  1.0000e+00
 7.0333e+01 -3.7796e+01  1.8447e+00  1.1448e+02 -6.2004e+01  3.0410e+00  1.3022e+02  1.0000e+00
 2.7554e+00  4.5173e+00  2.6081e+00 -1.6871e+00  7.5720e-01 -5.1613e-01  1.9199e+00  1.0000e+00
-3.2998e-01  1.6518e+00  1.7872e-01 -5.9606e+00 -1.1021e+01  7.4395e+00  1.4572e+01  1.0000e+00
-4.0531e-01  3.0501e+00  1.1054e+00  3.3754e+00 -8.5172e+00  3.5827e-01  9.1687e+00  1.0000e+00
 6.4913e+00  2.1305e+00 -6.6190e-01  3.3591e+00  2.6091e+00  7.3342e-01  4.3161e+00  1.0000e+00
 1.8081e+00 -1.1138e+00  3.2280e-01 -1.7000e+00  3.3773e+00 -1.1056e+00  3.9393e+00  1.0000e+00
-9.6434e+00 -1.6749e+00 -7.2488e+00 -9.3961e+00 -8.9954e-01 -6.8115e+00  1.1640e+01  1.0000e+00
 1.8160e+01 -1.9003e+01 -2.1811e+01  2.0959e+01 -2.2014e+01 -2.5419e+01  3.9623e+01  1.0000e+00
-2.6104e-01  2.2808e+00  3.2738e-01 -3.6922e+00  6.9875e+00  6.1710e-01  7.9270e+00  1.0000e+00
-2.6533e-01  7.3852e-01  4.9087e-01  9.7608e-01 -5.4403e+00  6.5595e+00  8.5777e+00  1.0000e+00
 6.3154e+01  5.1164e+01 -2.2101e+01  7.3441e+01  5.8889e+01 -2.5204e+01  9.7451e+01  1.0000e+00
 2.9668e-02  1.5282e+00  3.7762e-01  4.1064e+00  5.6569e+00 -1.6189e+01  1.7634e+01  1.0000e+00
 1.1691e-01  2.2310e+00  4.5651e-01  8.6618e-01 -1.0988e+01  1.0974e+00  1.1076e+01  1.0000e+00
-5.4922e+00 -6.9875e+00  1.0636e+01 -8.0290e+00 -1.1434e+01  1.5604e+01  2.0945e+01  1.0000e+00
-1.3634e+01  2.5891e+01 -2.6078e+01 -1.5901e+01  3.0444e+01 -3.0419e+01  4.5880e+01  1.0000e+00
-9.7512e-01  2.9146e+01 -1.2883e+01 -1.2378e+00  3.3664e+01 -1.4793e+01  3.6792e+01  1.0000e+00
-7.0337e+00  4.2136e+00 -1.0362e+01 -7.7435e+00  5.2806e+00 -9.6884e+00  1.3480e+01  1.0000e+00
 9.1184e+00 -2.2772e+01  4.2988e+00  9.9848e+00 -2.6139e+01  4.7357e+00  2.8379e+01  1.0000e+00
 6.2119e+01 -1.6276e+01 -5.9932e+01  7.5256e+01 -1.9839e+01 -7.2627e+01  1.0645e+02  1.0000e+00
 1.7950e+00 -3.5719e+01 -4.7107e+01  2.1724e+00 -4.2131e+01 -5.5555e+01  6.9757e+01  1.0000e+00
 2.6558e-01  1.6239e+00 -6.8919e-02  2.5206e+00  5.4774e-01 -8.8391e-01  2.7267e+00  1.0000e+00
-2.1226e-01  9.5159e-01  3.9265e-01  9.7742e+00  2.8427e-01 -5.3865e+00  1.1164e+01  1.0000e+00
-6.2596e-01  1.0326e+00  7.3206e-01  9.4765e-01  1.6498e+00  6.6563e+00  6.9229e+00  1.0000e+00
 2.0844e-01  1.1993e+00  5.7789e-01 -1.3942e+00  3.0401e-02  9.8195e+00  9.9180e+00  1.0000e+00
-2.4602e-01  9.0231e-01  3.9972e-01 -1.2652e+01  9.1904e+00 -2.3742e-01  1.5639e+01  1.0000e+00
-1.5515e-01  1.2415e+00 -1.5181e-01  5.0904e+00 -9.0861e+00  1.6399e+00  1.0543e+01  1.0000e+00
 3.3156e-01  1.8728e+00  7.4218e-01 -3.2849e-02 -3.3275e+00 -6.8632e+00  7.6274e+00  1.0000e+00
-1.3884e+00  8.9975e-01  1.1719e+00 -1.5996e+01  2.3452e+00  5.7808e+00  1.7169e+01  1.0000e+00
-2.4493e+01  4.6927e+01 -5.8858e+01 -2.8528e+01  5.4672e+01 -6.7946e+01  9.1758e+01  1.0000e+00
-4.6478e-01  1.0091e+00  2.1329e-01  1.7039e+00  1.4157e+01 -1.8707e+01  2.3522e+01  1.0000e+00
 1.7407e+01 -3.8182e+00  1.4670e+01  1.9352e+01 -4.0621e+00  1.6407e+01  2.5694e+01  1.0000e+00
 8.8637e+00  8.3536e+00  1.3806e+00  7.7558e+00  7.7578e+00  2.0222e+00  1.1155e+01  1.0000e+00
 2.5327e+00  1.2243e+00 -9.2948e-01 -5.6556e+00  1.2418e+00  3.4032e-01  5.8003e+00  1.0000e+00
 1.0744e-01  1.7324e+00  3.0437e-01 -3.5273e+00  1.4646e+01  9.6353e+00  1.7882e+01  1.0000e+00
 3.6155e+00 -1.0418e+01  3.3983e+01  4.3056e+00 -1.1969e+01  3.9508e+01  4.1505e+01  1.0000e+00
 3.3008e+01  1.5911e+01  2.6348e+00  3.8690e+01  1.8506e+01  3.1342e+00  4.3002e+01  1.0000e+00
 2.4078e+00 -2.0854e+01  3.5061e+00  3.2360e+00 -2.3447e+01  4.1386e+00  2.4029e+01  1.0000e+00
 6.0905e-02  1.2708e+00  3.1504e-01  1.7652e+01  5.0017e+00 -8.2083e+00  2.0100e+01  1.0000e+00
 1.7867e+00  5.1827e-01  7.7217e-01 -8.1573e+00  9.5171e+00  2.6119e+00  1.2804e+01  1.0000e+00
 1.3860e+01 -5.3603e+00  6.3980e+00  1.4125e+01 -5.3608e+00  6.9903e+00  1.6647e+01  1.0000e+00
-3.6097e-01  1.4924e+00  3.3665e-01  9.5787e+00 -1.6524e+01 -1.1825e+00  1.9136e+01  1.0000e+00
 8.8913e-01  1.2181e+00  6.1582e-02  3.9902e+00  3.1839e+00  2.0137e+00  5.4876e+00  1.0000e+00
-2.1180e-01  1.0012e+00  2.5541e-01 -2.5689e+00  7.0275e-01  4.5604e+00  5.2811e+00  1.0000e+00
-3.8670e+00 -6.0338e+00  6.2319e+00 -2.9528e+00 -4.3382e+00  5.0157e+00  7.2592e+00  1.0000e+00
 7.2178e-01  2.7051e-01 -1.2723e+00  5.9771e+00 -2.7444e+00 -1.0087e+01  1.2042e+01  1.0000e+00
 5.3977e-01  6.6874e+00  6.7511e+00  2.1521e+00  1.2904e+01  1.3829e+01  1.9037e+01  1.0000e+00
-1.0283e-02  8.0878e-01  8.8365e-01  4.8837e+00  3.4802e+00  2.5571e+00  6.5193e+00  1.0000e+00
-1.6540e-01  1.1662e+00  4.8065e-01  2.2213e+00 -3.1620e+00  1.2788e+01  1.3359e+01  1.0000e+00
 2.5527e-01  5.9136e-01  1.1514e+00 -9.2432e-03  8.3644e-01  6.8262e+00  6.8772e+00  1.0000e+00
-6.0793e-01  1.1048e+00  4.9570e-01 -3.1788e+00 -2.0926e+00 -8.4146e+00  9.2352e+00  1.0000e+00
 8.0515e+00 -4.5278e+00  2.4154e+01  8.9658e+00 -5.3897e+00  2.7581e+01  2.9498e+01  1.0000e+00
-4.6563e-01  1.3452e+00  3.2575e-01  1.3754e+01  3.5703e+00 -1.3104e+01  1.9330e+01  1.0000e+00
-5.0527e+00 -8.9610e+00  4.0119e+00 -7.0175e+00 -1.4061e+01  5.6548e+00  1.6701e+01  1.0000e+00
 1.5169e+01  1.5323e+00 -7.2896e+00  1.7838e+01  1.9598e+00 -8.4862e+00  1.9851e+01  1.0000e+00
-4.0378e-01  1.4433e+00  2.5196e-01 -8.3471e+00  3.9824e+00 -1.6759e+01  1.9141e+01  1.0000e+00
 4.0430e-02  4.3371e+00  6.0058e-01  2.1658e+00  3.3404e+00  9.6420e-01  4.0962e+00  1.0000e+00
 5.0094e-01  1.3512e+00  1.3427e-01 -4.4269e+00  1.0226e+01 -5.7111e+00  1.2522e+01  1.0000e+00
-1.5414e-01  1.3588e+00  5.0867e-01 -9.4691e+00  4.8810e+00  1.8392e+01  2.1254e+01  1.0000e+00
 3.4693e-01  1.6416e+00 -4.5645e-01  8.2500e+00  3.6710e+00 -7.0871e+00  1.1479e+01  1.0000e+00
-2.5694e-01  1.2600e+00  1.7121e-01 -1.2039e+00 -7.9652e+00 -5.2630e+00  9.6225e+00  1.0000e+00
-2.0178e-01  4.0720e-01  7.9015e-01 -8.5340e-01 -4.2221e+00  4.0279e+00  5.8974e+00  1.0000e+00
 2.9200e+01  3.1446e+00  5.2940e+00  3.3788e+01  3.3062e+00  6.0622e+00  3.4486e+01  1.0000e+00
-2.2018e-01  1.4243e+00  2.3880e-01  2.1000e+00 -3.8487e+00  5.0387e+00  6.6791e+00  1.0000e+00
 8.0808e-01  1.4571e+00  5.1232e-01 -4.6879e+00  7.7052e+00 -6.7976e+00  1.1294e+01  1.0000e+00
-1.0990e-01  1.1114e+00 -7.8756e-01  1.9722e+00  4.4306e+00  2.2729e+00  5.3559e+00  1.0000e+00
-2.8119e-01  1.5348e+00  4.0427e-01 -5.9527e+00  1.8686e+01  2.1327e+00  1.9727e+01  1.0000e+00
-1.2116e-01  1.2157e+00  3.8804e-01  8.5365e-01  5.5561e+00 -6.6229e+00  8.6869e+00  1.0000e+00
-5.1978e-01  1.4478e+00  1.8898e-01  2.1813e+00  1.7364e+00  8.4745e+00  8.9213e+00  1.0000e+00
-3.3326e-01  1.5283e+00  4.5343e-01  4.4551e+00 -6.2987e+00 -2.1824e+01  2.3148e+01  1.0000e+00
 3.5307e+01 -1.6815e+01 -4.0483e+00  4.1399e+01 -1.9444e+01 -4.6693e+00  4.5976e+01  1.0000e+00
-2.0479e+01 -1.2378e+01 -7.8185e+00 -2.3402e+01 -1.3763e+01 -8.7149e+00  2.8513e+01  1.0000e+00
-3.0828e-01  2.1585e+00  5.3099e-01 -3.9031e+00  7.4562e+00 -1.2669e+00  8.5109e+00  1.0000e+00
 2.3298e+01  5.3369e+00  1.5056e+01  3.2048e+01  6.9134e+00  2.0544e+01  3.8690e+01  1.0000e+00
 2.0204e-01  9.9657e-01  1.3515e+00 -5.3455e+00  3.4029e+00 -2.5483e+00  6.8299e+00  1.0000e+00
 6.4178e+00  5.9522e+00  8.3738e+00  5.3352e+00  5.8746e+00  7.3593e+00  1.0823e+01  1.0000e+00
-8.4084e-01  1.3021e+00  3.1540e-01 -1.1130e+01  7.7397e+00  3.5917e+00  1.4024e+01  1.0000e+00
-6.1848e-01 -1.0599e-02  1.8246e-01 -5.2921e+00 -6.9100e+00 -1.4436e+00  8.8226e+00  1.0000e+00
 1.6900e+00  1.1400e+00  8.1479e-01  3.0615e+00  8.1678e-01  4.8488e+00  5.7923e+00  1.0000e+00
-1.2983e+00  2.5939e+00  3.3340e-01 -2.9134e+00  5.0929e+00  1.3485e+00  6.0203e+00  1.0000e+00
 1.5012e+02  3.7814e+01 -1.4565e+02  2.2218e+02  5.5313e+01 -2.1506e+02  3.1413e+02  1.0000e+00
 1.1933e-01  6.4648e-01  6.7854e-01  3.3679e+00  1.3275e+00  3.0099e+00  4.7080e+00  1.0000e+00
-1.2992e+00  2.9578e+00  8.1056e-01 -7.6575e+00  1.3472e+01  4.6900e+00  1.6190e+01  1.0000e+00
-4.4961e-01  1.9258e+00  7.6493e-01 -6.4656e+00 -1.1050e+01  5.6941e+00  1.4012e+01  1.0000e+00
 1.3109e+00  1.2632e+00  1.4213e+00  4.6704e+00  1.1337e+00  8.8735e+00  1.0091e+01  1.0000e+00
-4.4964e-01  2.0900e+00  3.3075e-01 -9.7703e+00 -1.7991e+00 -6.6594e+00  1.1960e+01  1.0000e+00
 5.5475e+00 -1.8726e+00 -4.4594e-01  4.2996e+00 -9.3310e-01  5.9765e-02  4.4000e+00  1.0000e+00
-6.2449e-01  1.3789e+00  6.1247e-01  4.9243e+00  1.4713e+01 -2.5077e+00  1.5717e+01  1.0000e+00
 9.2636e+00  1.9131e+01  3.3552e+01  1.7301e+01  3.3985e+01  6.1201e+01  7.2110e+01  1.0000e+00
-1.1321e+01 -1.6513e+01 -1.8581e+01 -1.2943e+01 -1.8744e+01 -2.1161e+01  3.1091e+01  1.0000e+00
 2.4634e+00 -5.0612e+00 -2.1757e+01  2.6645e+00 -5.3924e+00 -2.3127e+01  2.3896e+01  1.0000e+00
 1.9689e+00  4.2436e+00 -1.4869e+00  9.0117e-01 -1.8198e+00  3.1408e+00  3.7401e+00  1.0000e+00
-1.0143e+00  1.6322e+00  4.4600e-01  3.1811e+00 -3.8776e-01  7.9914e+00  8.6100e+00  1.0000e+00
-4.0862e-01  1.1909e+00  5.7139e-01 -4.6511e+00 -4.3500e+00 -1.8745e+01  1.9797e+01  1.0000e+00
-3.7273e+00  1.6774e+00 -6.1260e-01 -2.5065e+00  2.7802e+00  2.0290e+00  4.2578e+00  1.0000e+00
 1.9500e-01  9.9587e-01  2.4244e-01 -1.1775e+01  3.9056e-01  1.1148e+01  1.6220e+01  1.0000e+00
 2.8808e+01  1.1172e+01 -7.4706e-01  3.3208e+01  1.3166e+01 -8.7757e-01  3.5734e+01  1.0000e+00
-2.7556e-01  1.3023e+00  5.0942e-01  1.0539e+01  1.0747e+01 -8.0681e+00  1.7078e+01  1.0000e+00
 2.1412e+01  1.2688e+00  2.4005e+01  2.4696e+01  1.5786e+00  2.7679e+01  3.7129e+01  1.0000e+00
-1.1914e+00  2.5215e+00 -7.2523e-01 -3.6725e+00  8.1215e+00 -5.2831e+00  1.0361e+01  1.0000e+00
 3.2536e-01  1.2571e+00  2.2125e-02 -7.2804e+00 -1.1529e+01  8.8676e+00  1.6265e+01  1.0000e+00
-3.5162e+01  7.5239e+00  8.0486e+00 -4.1042e+01  8.9787e+00  9.4515e+00  4.3063e+01  1.0000e+00
-5.8477e-01  1.3539e+00  5.6597e-01  1.5577e+01 -1.8838e+01  5.2510e+00  2.5002e+01  1.0000e+00
 7.3171e+00 -1.1917e+01  2.1597e+01  7.2894e+00 -1.2504e+01  2.5040e+01  2.8923e+01  1.0000e+00
 7.8639e+00 -8.2464e+00  1.7188e+01  8.5193e+00 -9.1254e+00  1.9070e+01  2.2793e+01  1.0000e+00
 1.4126e+01 -1.6935e+01 -6.5432e+00  1.5025e+01 -1.9000e+01 -7.1430e+00  2.5254e+01  1.0000e+00
 1.3252e+00  3.3010e-01  7.1818e-01 -1.0588e+01  8.8833e+00 -2.2356e+00  1.4000e+01  1.0000e+00
-4.6848e-01  1.4290e+00  1.9697e-01  1.4435e+01  1.6761e+00 -1.8857e+01  2.3807e+01  1.0000e+00
-2.5749e-01  1.2066e+00  2.0517e-02 -4.4498e+00 -1.9820e+01  1.9781e+01  2.8354e+01  1.0000e+00
-3.6598e+00  1.7309e-01 -2.8502e+00 -8.0105e+00 -1.9308e+00 -4.8095e+00  9.5408e+00  1.0000e+00
-5.0751e-01  1.4158e+00  7.4974e-01  6.8736e+00  6.3636e+00 -7.7180e-01  9.3988e+00  1.0000e+00
 4.5709e-01  1.2138e+00  3.3226e-01  9.4373e+00  8.1250e-01  6.2254e+00  1.1335e+01  1.0000e+00
-1.2704e-01  1.4806e+00  4.3749e-01 -1.2317e+01  1.1523e+01 -9.6937e+00  1.9454e+01  1.0000e+00
 7.8093e-01  1.3737e+00  2.7694e-01  4.5147e+00  1.5210e+00 -5.0540e-01  4.7908e+00  1.0000e+00
-4.6600e+01  1.9348e+01  1.7777e+01 -5.4906e+01  2.2865e+01  2.1170e+01  6.3132e+01  1.0000e+00
-7.2275e-01  1.2913e+00  4.0470e-01 -4.1486e-01  4.0557e+00  1.7043e+01  1.7524e+01  1.0000e+00
-2.0140e-01  9.1892e-01  6.9818e-01  5.4935e+00 -1.3567e+01 -3.2445e-01  1.4640e+01  1.0000e+00
-3.1185e-01  2.5717e+00  6.3702e-01 -2.4754e+00  1.5980e+01  3.5970e+00  1.6566e+01  1.0000e+00
 1.6808e+01 -1.4286e+01 -5.6268e+00  1.8979e+01 -1.5999e+01 -6.0595e+00  2.5552e+01  1.0000e+00
-4.0578e-01  2.0380e+00  7.1209e-01  1.0557e+01  4.3914e-01 -9.1881e+00  1.4002e+01  1.0000e+00
 1.1336e+01 -9.7968e+00  2.5198e+01  1.2838e+01 -1.1025e+01  2.9102e+01  3.3665e+01  1.0000e+00
 2.4308e+01  3.5877e+00  2.6230e+01  4.3721e+01  5.2992e+00  4.6139e+01  6.3784e+01  1.0000e+00
-4.3180e+00 -4.5119e+00 -2.0564e+01 -5.0691e+00 -4.8837e+00 -2.3146e+01  2.4193e+01  1.0000e+00
-7.6744e-01  2.3706e+00  3.1375e-01  2.7761e+00 -9.4226e+00  2.8629e+00  1.0232e+01  1.0000e+00
 7.0967e-03  1.1914e+00  3.4528e-01  3.1418e+00 -3.5070e+00  1.1548e+01  1.2471e+01  1.0000e+00
-3.1155e-01  1.5079e+00  2.7242e-02  1.3704e+01  3.5427e+00  5.1201e+00  1.5052e+01  1.0000e+00
-1.0380e+00  4.4500e-01  1.0434e+00 -1.5831e+00 -3.0772e+00  2.7834e+00  4.4410e+00  1.0000e+00
 4.4007e-02  4.1123e-01  1.0526e+00 -4.1469e+00  7.0298e+00  1.2101e+01  1.4597e+01  1.0000e+00
-4.7036e-01  8.4612e-01  5.7926e-01 -7.1506e+00  6.5124e-02  9.0827e+00  1.1560e+01  1.0000e+00
-5.2846e-02  1.5237e+00  2.4107e-01 -1.9976e+01  5.5459e+00 -5.1865e+00  2.1370e+01  1.0000e+00
-1.2161e+00  1.8980e+00 -4.9639e-01 -1.0813e+01  7.9802e+00 -8.8673e+00  1.6101e+01  1.0000e+00
-3.4861e+00 -9.8717e+00  2.2466e+01 -3.9100e+00 -1.1409e+01  2.5541e+01  2.8245e+01  1.0000e+00
 7.9396e-02  6.5246e-01  5.8966e-01 -2.2055e+00  6.2390e+00 -1.0241e+01  1.2193e+01  1.0000e+00
-5.1773e-01  1.9352e+00  4.6297e-01 -1.2451e+00 -6.4642e+00 -1.2277e+01  1.3931e+01  1.0000e+00
-3.1060e+01  6.6618e+00 -8.5822e+00 -3.5342e+01  8.4815e+00 -9.3547e+00  3.7530e+01  1.0000e+00
-2.4598e-01  1.4454e+00  3.3977e-01 -1.0303e+01  2.1412e+01  1.3691e+01  2.7424e+01  1.0000e+00
-8.9177e-01  1.6243e+00  1.1855e+00  4.7209e+00 -4.2843e+00 -8.6887e+00  1.0777e+01  1.0000e+00
-3.4468e-01  1.7900e+00  3.0327e-01 -7.8627e+00  9.9756e-01  6.4782e+00  1.0236e+01  1.0000e+00
-1.2454e+01 -3.9873e+01 -4.5746e+01 -1.4920e+01 -4.4678e+01 -5.2169e+01  7.0288e+01  1.0000e+00
 3.0357e+01 -2.6759e+01  7.5384e+00  3.5410e+01 -3.1127e+01  8.7260e+00  4.7947e+01  1.0000e+00
-4.9378e-01  1.5231e+00  9.3494e-02  7.6958e+00  9.0936e+00 -4.9043e+00  1.2883e+01  1.0000e+00
-4.5604e+00  3.1485e+00  1.8851e+00 -6.2333e+00  3.8801e+00  9.6037e-01  7.4048e+00  1.0000e+00
-2.6326e-01 -4.0985e+00  8.6827e-01 -1.5405e+00 -2.3989e+01  3.4065e+00  2.4279e+01  1.0000e+00
-1.0702e+00  1.3669e+00  4.9613e-01  1.7040e+01  1.5182e+00 -4.0115e+00  1.7572e+01  1.0000e+00
 4.3491e-01  7.0328e-01  4.0640e-01 -1.3419e+00  7.5584e+00 -4.4205e+00  8.8584e+00  1.0000e+00
-1.9164e-01  1.3766e+00  1.7024e-01 -6.6875e+00 -1.3898e+01  8.8592e+00  1.7787e+01  1.0000e+00
-1.6543e+01  2.5926e+01 -1.3749e+01 -1.9142e+01  3.0286e+01 -1.5818e+01  3.9164e+01  1.0000e+00
-2.6870e+00  1.8333e+00  4.3116e+00 -3.9559e-01  2.0512e+00  5.9769e+00  6.3315e+00  1.0000e+00
-5.0130e-02  1.2071e+00  2.5536e+00  3.6207e+00  1.2973e+00 -3.0974e+00  4.9383e+00  1.0000e+00
-6.9317e-01  1.3581e+00  4.1537e-01 -2.6373e+00  1.8149e+01 -8.0156e+00  2.0015e+01  1.0000e+00
-4.9271e-01  1.4052e+00  2.8059e-01 -1.7209e+01  1.3702e+01  4.3538e+00  2.2424e+01  1.0000e+00
-5.8839e-01  1.4251e+00  5.8623e-01  9.8731e+00 -8.7853e+00  7.7886e+00  1.5340e+01  1.0000e+00
-1.7572e-01  1.4995e+00  2.1251e-01 -1.9782e+01  8.5699e-03  4.4375e+00  2.0274e+01  1.0000e+00
-6.3251e-01  1.4048e+00  2.8237e-01 -4.1222e+00 -3.8757e+00 -4.1459e-01  5.6732e+00  1.0000e+00
-7.4631e-02  1.8913e+00 -3.6580e-01  3.6295e+00 -4.2832e+00  2.4142e+00  6.1113e+00  1.0000e+00
-2.4605e-01  9.9292e-01  4.5795e-01 -1.2068e+01 -1.4410e+01 -7.1175e+00  2.0099e+01  1.0000e+00
-6.2152e-01  1.4522e+00  2.0705e-01 -9.0317e+00 -1.9096e+01 -5.2024e+00  2.1755e+01  1.0000e+00
 7.3392e+00 -1.2110e+01  2.1454e+01  8.9980e+00 -1.4134e+01  2.3849e+01  2.9146e+01  1.0000e+00
-1.3836e+00  2.4614e+00 -1.2171e+00 -2.9405e+00  2.0770e+00 -4.9165e+00  6.0937e+00  1.0000e+00
 5.9194e+01 -4.0479e+01 -8.2327e+01  6.9252e+01 -4.7253e+01 -9.5417e+01  1.2702e+02  1.0000e+00
 5.6858e-01  7.7156e+00 -2.0252e+00  1.7079e+00  1.6250e+01 -6.6821e+00  1.7653e+01  1.0000e+00
-3.4622e-01  1.6157e+00  6.5320e-02  1.0484e+01 -2.3893e+01 -4.7551e+00  2.6522e+01  1.0000e+00
 1.4929e+01 -4.0340e+00 -3.0542e+00  1.6317e+01 -3.6488e+00 -2.7331e+00  1.6942e+01  1.0000e+00
-2.2410e-01  1.2242e+00  4.6787e-01 -1.0504e+01  8.6622e+00  8.3376e+00  1.5965e+01  1.0000e+00
-1.6430e+00  2.3773e+00  2.0801e-01 -1.1298e+01  2.9103e+00  2.0877e+00  1.1852e+01  1.0000e+00
-1.6110e-01  1.8670e+00  6.8800e-01 -2.5741e+00  4.9738e+00 -2.9144e+00  6.3134e+00  1.0000e+00
-5.5148e-01  1.6059e+00  3.0117e-01  1.6332e+01  2.5223e+00  1.2984e+01  2.1016e+01  1.0000e+00
 5.3188e-01  9.2619e-01  5.3354e-01  7.2682e+00 -3.3356e+00  7.8570e-01  8.0356e+00  1.0000e+00
-3.3849e-01  1.8257e+00  3.2708e-01 -1.0786e+00  5.4315e+00  1.5703e+01  1.6650e+01  1.0000e+00
 1.6218e-01  1.0212e+00  1.0729e+00 -1.8189e-02 -6.0515e+00  2.1730e+00  6.4299e+00  1.0000e+00
 9.6593e-01  1.2467e+00  1.7307e-01  5.7998e+00 -5.8646e+00 -5.2308e+00  9.7669e+00  1.0000e+00
 1.4653e+00 -1.1565e+01  2.0463e+01  1.7350e+00 -1.2992e+01  2.2962e+01  2.6440e+01  1.0000e+00
-4.0856e+01  3.1452e+01 -2.6086e+01 -5.8157e+01  4.4360e+01 -3.7300e+01  8.2106e+01  1.0000e+00
-1.1386e+00  1.3243e+00  8.9544e-01  1.7686e+01  8.8799e-01 -6.2059e-01  1.7719e+01  1.0000e+00
-1.1742e-01  4.4990e-02  4.5258e-01 -2.1820e+00 -3.9986e+00  4.2412e+00  6.2240e+00  1.0000e+00
-3.0169e-01  1.4565e+00  9.3618e-02 -1.6860e+01 -8.4475e-01 -1.2078e+01  2.0757e+01  1.0000e+00
 5.0792e-02  1.1829e+00  1.1799e-03  1.9207e+01 -1.1669e+00 -8.7747e+00  2.1148e+01  1.0000e+00
-1.6187e-01  1.4524e+00  1.5225e-01  1.5023e+01 -4.3972e+00  1.7544e+01  2.3512e+01  1.0000e+00
-3.0818e-02  1.5375e+00  2.3101e-01  2.8030e+00  1.1808e+01  2.6486e+00  1.2422e+01  1.0000e+00
-1.9665e+01  1.6591e+01 -5.4835e+00 -2.2192e+01  1.8757e+01 -6.1517e+00  2.9701e+01  1.0000e+00
 1.2019e+01 -9.4414e+00 -3.6787e+01  1.4084e+01 -1.1144e+01 -4.3137e+01  4.6727e+01  1.0000e+00
-4.7852e-01  2.9122e+00  4.7413e-03 -3.7344e+00 -4.5503e+00  1.3342e+00  6.0358e+00  1.0000e+00
-8.4299e-01 -2.3520e+01 -1.6788e+01 -2.4494e-01 -2.7048e+01 -1.9083e+01  3.3103e+01  1.0000e+00
-8.9052e+00  8.4033e+00 -3.4701e+01 -1.0537e+01  9.9666e+00 -4.0473e+01  4.2993e+01  1.0000e+00
 4.0948e+00 -2.0477e+01  2.2775e-01  4.5119e+00 -2.3002e+01  3.5490e-01  2.3443e+01  1.0000e+00
-9.9651e-01  1.6802e+00  4.5530e-01  2.0206e+01 -6.5627e-01 -3.4140e+00  2.0503e+01  1.0000e+00
-4.0028e+00 -5.2137e+00 -2.2001e+01 -4.5808e+00 -6.0405e+00 -2.4235e+01  2.5393e+01  1.0000e+00
 2.2233e+00  5.1201e+00  4.6712e+00  1.7742e+00  3.7740e+00  3.2198e+00  5.2686e+00  1.0000e+00
-7.3527e-03  1.5890e+00  7.8985e-01 -1.5714e+00  1.3443e+00  3.2283e+00  3.8338e+00  1.0000e+00
 1.3914e+01  8.2282e+00  1.9161e+01  1.8090e+01  9.8645e+00  2.4543e+01  3.2045e+01  1.0000e+00
-1.0347e+00  1.9536e+00 -4.6688e-01  3.4480e+00  2.3279e-01  8.4070e+00  9.0896e+00  1.0000e+00
 1.3791e+01 -1.6980e+01 -6.7192e+00  1.6457e+01 -1.8720e+01 -7.6622e+00  2.6077e+01  1.0000e+00
-6.9846e-01  1.3875e+00  2.9613e-01  1.0915e+01 -4.3625e+00  4.1333e+00  1.2460e+01  1.0000e+00
-4.4663e-01  1.5134e+00  2.0573e-01  6.7038e-01  2.1991e+01  7.7019e+00  2.3310e+01  1.0000e+00
-2.3954e+01 -1.0759e+01 -7.4796e+00 -2.7341e+01 -1.2223e+01 -8.4304e+00  3.1113e+01  1.0000e+00
 1.1778e+01  6.5821e+00  1.1910e+01  1.2361e+01  7.4816e+00  1.3290e+01  1.9631e+01  1.0000e+00
 5.7668e-01  1.1072e+00  2.1382e-01  6.8450e+00 -3.1419e+00  8.6803e+00  1.1492e+01  1.0000e+00
 9.7262e+00 -3.1608e+01 -2.5004e+00  1.1444e+01 -3.6737e+01 -2.9199e+00  3.8589e+01  1.0000e+00
 3.6146e+01 -1.0815e+01  2.7963e+01  8.4634e+01 -2.7141e+01  6.4804e+01  1.1000e+02  1.0000e+00
-4.7007e+01 -4.5283e+00  6.9368e+01 -5.6974e+01 -5.5829e+00  8.4052e+01  1.0170e+02  1.0000e+00
 1.8608e+01 -3.2098e+01 -2.6083e+01  2.2004e+01 -3.7690e+01 -3.0701e+01  5.3359e+01  1.0000e+00
-3.1539e-01  1.1970e+00  3.1587e-01  4.4263e-01  6.6056e+00  1.6041e+01  1.7354e+01  1.0000e+00
-1.8825e+00  6.6169e+00  1.5360e+00 -4.9359e-01  6.6011e+00  1.0492e+00  6.7022e+00  1.0000e+00
 6.4078e-02  1.2651e+00 -6.5165e-02  1.9012e+00  1.4978e+01  5.3621e+00  1.6022e+01  1.0000e+00
-9.9722e+00 -2.0202e+00 -7.0020e+00 -9.6953e+00 -2.3750e+00 -5.8424e+00  1.1566e+01  1.0000e+00
-9.9434e-02  1.3598e+00  1.2610e-01  1.2085e+01 -1.1621e+00 -2.8176e+01  3.0680e+01  1.0000e+00
-7.6053e-02  3.2316e-01  1.0207e-01  2.7031e+00 -8.0946e+00  2.5231e+00  8.8992e+00  1.0000e+00
-3.3017e-01 -2.3460e+01 -1.6718e+01 -1.1597e+00 -2.6667e+01 -1.9225e+01  3.2895e+01  1.0000e+00
-1.1516e+00 -1.2670e+01 -3.9435e-01 -2.3354e+00 -3.7346e+01 -2.6112e+00  3.7510e+01  1.0000e+00
-8.5947e-01  1.5768e+00  1.3447e-01 -6.8936e+00  2.3659e+00  1.4893e+00  7.4389e+00  1.0000e+00
-3.3990e-01  8.1667e-01  1.1326e+00  1.8222e-01 -4.0503e+00 -3.9570e+00  5.6653e+00  1.0000e+00
 8.5862e-01  1.3991e+00  4.5615e-01  7.9666e+00  7.0008e+00  8.4162e-01  1.0639e+01  1.0000e+00
-2.6735e-01  1.2416e+00  7.5681e-01  1.5370e+01 -1.6331e+00  5.0617e+00  1.6264e+01  1.0000e+00
-4.5173e+01 -5.4327e+01  2.5439e+01 -5.1364e+01 -6.2584e+01  2.9541e+01  8.6184e+01  1.0000e+00
 6.5194e-01  1.7347e+00 -2.7246e-01  4.2668e+00  2.6803e+00 -6.1898e-03  5.0388e+00  1.0000e+00
-3.6509e+00  6.6986e+00 -2.5409e+00 -2.8810e+00  6.1509e+00 -1.4222e+00  6.9395e+00  1.0000e+00
 1.2487e-01  1.0329e+00  2.1778e-01 -1.4363e+01  8.6510e+00  1.8488e+00  1.6868e+01  1.0000e+00
-6.7850e-01  1.1116e+00  6.6647e-01 -1.2507e+01  8.2051e+00 -2.1481e+00  1.5111e+01  1.0000e+00
 3.5259e-01  1.3228e+00  4.5011e-01  1.0781e+01 -1.0107e+01  9.5608e+00  1.7601e+01  1.0000e+00
-4.1951e-01  1.5253e+00  5.1696e-01  1.2454e+01 -4.0511e-02 -1.4629e+01  1.9213e+01  1.0000e+00
-1.5055e-01  8.6347e-01  1.7017e-01  9.3384e+00  1.3004e+01  2.3018e+00  1.6175e+01  1.0000e+00
-1.5553e-01 -2.0564e+01  9.7727e+00 -1.7691e-01 -2.3220e+01  1.0867e+01  2.5638e+01  1.0000e+00
-2.7037e+01 -1.6061e+01 -9.8265e+00 -3.0543e+01 -1.7349e+01 -1.0343e+01  3.6617e+01  1.0000e+00
 4.7974e-01  1.7138e+00  3.4177e-02  2.9023e+00 -7.1272e+00 -3.2698e+00  8.3614e+00  1.0000e+00
-2.0075e-01  1.4356e+00  6.2803e-01 -1.8915e+01 -1.1368e+01  6.0467e+00  2.2882e+01  1.0000e+00
 3.4750e+01 -1.2434e+01 -2.0252e+00  4.0607e+01 -1.4483e+01 -2.2776e+00  4.3173e+01  1.0000e+00
 3.8712e-01  1.0483e+00  8.0422e-01  1.2313e+01 -6.3258e+00 -1.2990e+01  1.8984e+01  1.0000e+00
 3.3830e+02 -4.1851e+02  2.7397e+02  3.8386e+02 -4.7418e+02  3.0947e+02  6.8408e+02  1.0000e+00
 3.3218e-01  1.2857e+00 -4.4613e-03  1.9089e+00  3.9705e+00 -1.1019e+01  1.1867e+01  1.0000e+00
-3.2430e-01  1.1813e+00  7.1398e-01  1.0789e+01 -8.8637e+00 -7.5386e+00  1.5868e+01  1.0000e+00
-3.9861e-01  1.2424e+00 -1.4186e-01 -1.5378e+00  7.3478e+00  6.1955e+00  9.7334e+00  1.0000e+00
 1.8877e+01  1.5211e+01  1.5016e+00  2.1194e+01  1.6967e+01  1.8620e+00  2.7213e+01  1.0000e+00
-1.5534e+01 -3.9861e+00  8.5427e+00 -1.8311e+01 -4.6302e+00  1.0714e+01  2.1714e+01  1.0000e+00
 4.6571e+00 -2.5757e+01  1.2452e+00  5.2323e+00 -2.9242e+01  1.2195e+00  2.9732e+01  1.0000e+00
-2.6397e-01  1.2010e+00  6.8452e-03 -9.5228e+00  1.7384e+01 -6.3244e+00  2.0806e+01  1.0000e+00
 1.2005e+00  1.1820e+01 -1.8346e+01  1.2336e+00  1.3098e+01 -2.0495e+01  2.4354e+01  1.0000e+00
-5.3269e+01  1.7939e+01  1.9453e+01 -6.8463e+01  2.3092e+01  2.4958e+01  7.6442e+01  1.0000e+00
-3.3456e-01  1.4615e+00  3.2292e-01  5.7076e+00  7.9662e+00 -1.3718e+01  1.6859e+01  1.0000e+00
-4.8897e-01  1.0786e+00  3.6182e-01  8.5689e+00 -1.2801e+01 -7.5325e+00  1.7147e+01  1.0000e+00
-2.9735e-01  1.6468e+00  4.9368e-01 -1.3175e+01  6.9948e+00 -5.2073e+00  1.5799e+01  1.0000e+00
-1.5071e+00  2.4834e+00 -2.0369e-01 -2.4980e+00  5.4251e+00 -4.9356e+00  7.7480e+00  1.0000e+00
 2.5786e+00 -2.6718e+01  2.1243e+01  2.9589e+00 -3.1073e+01  2.4721e+01  3.9817e+01  1.0000e+00
 1.6405e+01 -3.0678e+01  1.2168e+01  2.3419e+01 -4.3966e+01  1.7145e+01  5.2683e+01  1.0000e+00
-1.7554e+00  1.4767e+01  2.4723e+00 -3.1882e+00  1.4858e+01  2.9177e+00  1.5474e+01  1.0000e+00
-2.8920e-01  2.1200e+00  8.2432e-01  8.9478e+00 -6.4229e-01  5.2257e+00  1.0382e+01  1.0000e+00
-1.9709e+00  4.4148e+00  1.0487e-02 -5.1535e+00  1.0712e+01  3.9969e-02  1.1887e+01  1.0000e+00
-1.7864e-01  1.3202e+00  6.6702e-01  6.1886e+00 -7.6968e+00 -2.5054e+00  1.0189e+01  1.0000e+00
 1.3347e+01 -4.0871e+00  7.0569e+00  1.4264e+01 -3.7101e+00  7.1013e+00  1.6360e+01  1.0000e+00
-6.3182e-01  1.2509e+00 -1.0036e-01 -1.0333e+01  1.0075e+01  1.1584e+00  1.4479e+01  1.0000e+00
 4.0688e-02  9.8016e-01 -7.9560e-02 -9.7002e-01  1.5847e+00  9.3935e-01  2.0820e+00  1.0000e+00
-1.9832e-01  1.1516e+00  1.1270e-01 -9.0110e+00 -9.0700e+00  5.9645e+00  1.4108e+01  1.0000e+00
-5.6263e+00 -4.8070e+00 -2.8658e+01 -6.3526e+00 -5.3969e+00 -3.2908e+01  3.3947e+01  1.0000e+00
-1.3783e+00 -1.0980e-01  4.3114e+00  8.2932e-01  2.5119e+00 -1.2512e+00  2.9263e+00  1.0000e+00
 3.5241e+01 -7.3665e-01 -7.5375e+00  4.1140e+01 -7.3218e-01 -8.5520e+00  4.2026e+01  1.0000e+00
-4.9506e-01  2.2020e+00 -2.5928e-01 -5.3132e+00 -1.1976e-01 -1.6178e+00  5.5553e+00  1.0000e+00
 1.2286e+01 -2.1334e+00  3.2210e+01  1.4323e+01 -2.8602e+00  3.7613e+01  4.0349e+01  1.0000e+00
 1.9866e-01  7.9562e-01  1.1125e+00  9.5626e+00 -1.0355e+01  7.3831e+00  1.5911e+01  1.0000e+00
 5.7753e-01  2.4999e+00 -1.6279e-01  6.1814e+00  3.8462e+00  7.5599e+00  1.0495e+01  1.0000e+00
-1.3684e+01  2.3391e+00  2.2398e+01 -1.5384e+01  2.6624e+00  2.5515e+01  2.9912e+01  1.0000e+00
-2.6201e+00  9.4870e+00 -5.1213e-01 -3.5079e+00  6.0431e+00 -7.2098e-01  7.0245e+00  1.0000e+00
 1.5099e-01  1.4531e+00  3.8313e-01 -1.1528e+00  1.1877e+01  7.3984e+00  1.4040e+01  1.0000e+00
 9.3921e-01  5.5041e+01  3.5598e+01  2.7984e-01  6.3418e+01  4.0453e+01  7.5222e+01  1.0000e+00
-6.9731e+00  6.2230e+00 -1.9773e+00 -4.9399e+00  4.6447e+00 -3.2799e-01  6.7884e+00  1.0000e+00
-7.7527e-02  7.4689e-01  9.5059e-01  9.2192e+00  1.0633e+01 -1.1398e+01  1.8110e+01  1.0000e+00
-3.9218e-01  1.3676e+00  1.9042e-01  1.5786e+01  6.9291e+00 -4.7917e+00  1.7893e+01  1.0000e+00
-3.7402e-01  1.1504e+00  5.4784e-01  5.7971e+00  1.0850e+01 -4.8624e+00  1.3228e+01  1.0000e+00
-2.3357e-02  1.3758e+00 -1.6049e-01  4.8479e+00  1.3490e+00  1.1659e+01  1.2698e+01  1.0000e+00
-5.1639e-01  1.5714e+00  3.8047e-01 -8.9967e+00 -8.1479e+00 -3.7764e+00  1.2712e+01  1.0000e+00
-3.0099e+00  6.5047e-01  4.6896e+00  1.0560e+00  1.9039e+00 -2.6672e-01  2.1934e+00  1.0000e+00
-5.0735e-02  6.5857e-01  7.8096e-01 -8.6357e+00  9.7594e-01 -3.4075e+00  9.3348e+00  1.0000e+00
-2.0324e+01  1.7001e+01  5.7127e+00 -2.6842e+01  2.2414e+01  7.1412e+00  3.5692e+01  1.0000e+00
 2.7345e+00 -4.5140e+00  1.5025e+00  1.7895e+01 -3.1043e+01  6.2435e+00  3.6371e+01  1.0000e+00
-3.7218e-01  1.3371e+00  3.9289e-01  5.3977e-01 -5.2615e+00  9.8168e-01  5.3795e+00  1.0000e+00
-7.8766e-01  1.0214e+00  6.5834e-01 -1.2081e+01  2.9464e+00  2.1579e+00  1.2621e+01  1.0000e+00
-3.0170e-01  1.5190e+00  1.0863e+00 -4.5926e+00  1.3859e+00  9.0819e-01  4.8823e+00  1.0000e+00
 1.1487e+01 -1.9183e+01 -9.6674e+00  1.3084e+01 -2.1362e+01 -1.0953e+01  2.7340e+01  1.0000e+00
-6.1879e-01  1.8119e+00 -7.0592e-02  1.9677e+00 -1.0143e+01  7.8592e+00  1.2982e+01  1.0000e+00
 1.5181e+01  4.2794e+00 -3.3535e+01  1.7743e+01  5.2255e+00 -3.7955e+01  4.2222e+01  1.0000e+00
-2.3473e+00  1.2654e+01 -7.6957e+00 -2.4347e+00  1.2896e+01 -7.0549e+00  1.4900e+01  1.0000e+00
-3.0316e+01 -1.0559e+01  7.1924e+00 -3.5384e+01 -1.2070e+01  8.3556e+00  3.8308e+01  1.0000e+00
 3.8152e+01 -3.6632e+00 -1.5587e+01  4.4971e+01 -4.2824e+00 -1.8237e+01  4.8717e+01  1.0000e+00
 1.4836e+01 -8.2085e+01  5.0943e+01  1.7616e+01 -9.7711e+01  6.0738e+01  1.1639e+02  1.0000e+00
-1.7816e-01  1.3896e+00  2.6087e-01  7.5324e+00  1.3413e+01 -6.5274e+00  1.6711e+01  1.0000e+00
 1.3128e-01  1.8348e+00  7.3104e-01  1.3461e+00  3.0282e+00  1.0549e+00  3.4778e+00  1.0000e+00
 1.2125e-01  1.2359e+00  4.7258e-01 -9.2631e+00 -6.7367e+00 -1.5560e+00  1.1559e+01  1.0000e+00
-1.0343e+00  5.7025e-01  6.0534e-01  6.2830e+00  7.6025e+00 -7.8560e-01  9.8940e+00  1.0000e+00
-1.8268e+01 -8.8302e+00 -9.3421e+00 -2.0696e+01 -9.4469e+00 -1.0551e+01  2.5077e+01  1.0000e+00
-4.0775e-02  1.1514e+00  3.9847e-01  1.0558e+01 -5.6824e+00 -9.1733e+00  1.5097e+01  1.0000e+00
 1.4601e-01  1.9111e+00  6.6833e-01 -2.0918e+00  7.8555e+00  1.9032e+01  2.0696e+01  1.0000e+00
-1.4014e-01  1.4717e+00  3.9876e-01 -1.8201e+01 -5.2461e+00 -8.5255e+00  2.0772e+01  1.0000e+00
-7.6434e-01  1.4110e+00  5.9259e-01 -7.8865e+00 -1.1967e+00  5.8380e+00  9.8849e+00  1.0000e+00
 3.4855e+00 -2.8118e+00 -4.0687e+00  1.7768e+00  6.5517e-01 -1.8800e+00  2.6685e+00  1.0000e+00
-8.8494e-01  1.5471e+00  4.5250e-01  4.0472e+00  4.8446e+00 -4.1341e-01  6.3262e+00  1.0000e+00
-7.0804e-01  1.5303e+00  3.5299e-01  1.2936e+01  1.2046e+01  4.0025e+00  1.8124e+01  1.0000e+00
 1.2423e+01 -1.5151e+01 -1.8264e+01  1.4076e+01 -1.7619e+01 -2.0514e+01  3.0486e+01  1.0000e+00
 1.0019e+01  4.7871e+00 -5.1684e+00  2.1975e+01  8.6823e+00 -1.0129e+01  2.5708e+01  1.0000e+00
 2.6206e-01  1.3148e+00  9.7908e-01  4.3957e+00  1.3376e+01  1.2077e+01  1.8550e+01  1.0000e+00
-6.8547e-02  7.5504e-01  6.2920e-01 -4.8124e+00  4.2213e+00  6.3104e-01  6.4325e+00  1.0000e+00
 3.1658e-01  1.1522e+00 -6.1942e-01  5.2670e+00  1.1718e+01 -3.0948e+00  1.3215e+01  1.0000e+00
 1.8063e+01 -8.8673e+00 -1.1873e+01  3.0624e+01 -1.5819e+01 -2.0129e+01  3.9915e+01  1.0000e+00
-5.3817e-01  1.5082e+00  2.3258e-01  9.9363e+00  4.8391e+00  4.3168e-01  1.1060e+01  1.0000e+00
-7.7509e-01  1.5786e+00  2.0756e-01 -1.2058e+01  1.3173e+01 -7.2206e+00  1.9263e+01  1.0000e+00
-4.4512e+01  1.0718e+01  2.1929e+01 -6.0109e+01  1.4429e+01  2.9669e+01  6.8567e+01  1.0000e+00
 6.2896e-02  1.6653e+00  6.7058e-01 -3.1205e+00  1.5987e+00  3.6697e+00  5.0754e+00  1.0000e+00
 1.6242e+01  1.1766e+01 -1.2126e+00  1.7492e+01  1.3190e+01 -9.2732e-01  2.1927e+01  1.0000e+00
-7.2108e-01  1.4667e+00  4.4808e-01 -1.3710e+01  1.8493e+00  1.2147e+01  1.8410e+01  1.0000e+00
-2.1700e-01  1.2390e+00  3.5792e-01  9.2366e+00  1.7889e+01  9.3043e+00  2.2179e+01  1.0000e+00
 5.2892e-02  1.2988e+00  7.3002e-01 -3.7792e+00 -1.6604e+00 -7.7078e-01  4.1992e+00  1.0000e+00
 3.2409e+00  1.4473e+01 -7.9003e-01  3.7138e+00  1.4199e+01 -1.3234e+00  1.4736e+01  1.0000e+00
-3.3584e+02  4.1709e+02 -2.7926e+02 -3.7964e+02  4.7214e+02 -3.1702e+02  6.8377e+02  1.0000e+00
-7.1369e-01  1.3222e+00 -1.0724e-01  1.1183e+01  3.2379e+00  6.8963e+00  1.3531e+01  1.0000e+00
-9.0194e-01  3.2394e+00  5.2049e-01  2.8823e+00  3.2375e+00  2.9122e+00  5.2220e+00  1.0000e+00
-1.0645e+00  3.7979e+00  5.3147e-02  4.6468e-01 -2.4993e+00  1.3073e+00  2.8586e+00  1.0000e+00
 3.3829e-01  1.2240e+00  8.6817e-01 -1.5896e+00  2.6149e+00 -3.7464e+00  4.8373e+00  1.0000e+00
-8.6840e-01  1.5285e+00  1.0879e+00 -3.9271e+00  1.1033e+01  3.0890e+00  1.2112e+01  1.0000e+00
 1.1867e+01 -1.7363e+01 -1.6681e+01  1.4398e+01 -1.8842e+01 -1.8955e+01  3.0358e+01  1.0000e+00
-2.9997e-01  1.3585e+00  5.3442e-01 -2.5842e+01  1.9696e+01 -1.1731e+01  3.4545e+01  1.0000e+00
 1.1914e-02  1.4618e+00 -9.4181e-01 -3.2961e+00  2.0211e+00 -1.4527e+01  1.5033e+01  1.0000e+00
-6.3953e-01  8.4788e-01  3.0864e-01  4.2165e-01  6.6570e+00 -4.7005e+00  8.1602e+00  1.0000e+00
-2.6223e+01  1.7075e+00  2.2529e+01 -3.0514e+01  2.2598e+00  2.6387e+01  4.0404e+01  1.0000e+00
-2.4624e-01  1.4946e+00  3.6932e-01  6.9490e+00  1.2348e+01  6.7914e+00  1.5713e+01  1.0000e+00
-1.9072e-01  1.3277e+00  5.5948e-01 -3.7605e+00  6.4373e+00 -4.5903e-01  7.4693e+00  1.0000e+00
-1.7759e+01  1.6241e+01 -2.8651e+01 -2.0709e+01  1.9127e+01 -3.3445e+01  4.3741e+01  1.0000e+00
 3.0044e+01 -2.0467e+01  8.3235e+00  3.5067e+01 -2.3780e+01  9.7727e+00  4.3482e+01  1.0000e+00
 1.5717e+01 -9.6534e+00  1.7752e+01  1.7638e+01 -1.0834e+01  2.0278e+01  2.8977e+01  1.0000e+00
-3.3165e-01  1.1383e+00  9.8663e-01 -1.8285e+01  4.3858e-01 -1.7834e+00  1.8377e+01  1.0000e+00
-3.0674e-01  1.4496e+00  3.6239e-01  1.0308e+01 -5.0328e-01 -6.6910e+00  1.2300e+01  1.0000e+00
-2.5124e-01  1.2897e+00  5.8141e-02 -2.0237e+00 -7.0629e+00 -1.0388e+01  1.2723e+01  1.0000e+00
-1.1090e+01  1.4941e+00  3.4795e+00 -9.9474e+00  9.4318e-01  2.7456e+00  1.0362e+01  1.0000e+00
-9.5153e-01  1.2966e+00  2.8986e-01  4.7368e+00 -1.9582e-03 -1.6707e+00  5.0228e+00  1.0000e+00
-3.3168e-01  1.3745e+00  2.6885e-01 -1.4553e+00  9.9904e+00  4.8906e+00  1.1218e+01  1.0000e+00
-2.1951e-01  1.0884e+00  6.1274e-01  1.0085e+01 -5.5788e+00  1.3929e+00  1.1609e+01  1.0000e+00
-5.8279e-01  1.5356e+00  5.9747e-01  5.8619e+00 -8.4104e+00 -9.4529e+00  1.3945e+01  1.0000e+00
-1.1073e+01  1.1292e+01 -9.2443e+00 -1.1682e+01  1.2949e+01 -9.7032e+00  1.9958e+01  1.0000e+00
-7.3132e-01  1.9485e+00  4.0350e-01 -1.6686e+01  4.3548e+00 -6.7935e+00  1.8535e+01  1.0000e+00
-8.9764e+00  5.6809e+00 -2.1823e+01 -1.0208e+01  6.4102e+00 -2.4523e+01  2.7325e+01  1.0000e+00
-3.6808e+00  1.2893e+01  4.9539e+00 -5.2183e+00  1.2359e+01  3.8329e+00  1.3952e+01  1.0000e+00
-2.8519e+01 -6.1460e+00 -7.6897e+00 -3.3282e+01 -6.8857e+00 -8.3655e+00  3.5001e+01  1.0000e+00
-7.7325e-02  5.8827e-01  1.1081e+00  6.9911e+00 -3.6218e+00  7.3241e+00  1.0753e+01  1.0000e+00
-1.7409e-01  2.5218e-01 -2.6190e+00 -3.9780e-01  2.9720e+00  5.1702e+00  5.9768e+00  1.0000e+00
-5.6911e-01  1.6800e+00  1.5364e-01 -5.1592e+00  7.6837e+00  4.1722e+00  1.0152e+01  1.0000e+00
 2.2196e+00  1.3576e+00 -1.0137e+00  6.6446e+00  7.4378e-01  1.3422e+00  6.8195e+00  1.0000e+00
 9.2372e-02  9.1292e-01  8.3560e-01  3.1501e+00  1.5468e+01  1.9116e+00  1.5901e+01  1.0000e+00
-5.0056e-02  1.4030e+00  4.3915e-01  1.5825e+01  2.3154e+00 -8.7746e-01  1.6018e+01  1.0000e+00
 4.1204e-01  3.1258e+00  1.7912e+00  6.2133e-01  4.0637e+00  1.6529e+00  4.4308e+00  1.0000e+00
 2.0961e+00 -1.1367e-01 -1.1135e+00 -5.8537e+00  5.7040e+00 -2.1864e+00  8.4605e+00  1.0000e+00
 2.3230e+00  7.3708e+00 -2.3336e+00  3.4888e+00  9.8226e+00 -4.3653e+00  1.1301e+01  1.0000e+00
-2.8725e-01  2.6462e+00  3.7691e-01 -6.0018e+00  9.1658e+00  9.0208e-03  1.0956e+01  1.0000e+00
-3.6504e+01  3.9709e+01 -2.4110e+01 -4.1903e+01  4.4155e+01 -2.6612e+01  6.6436e+01  1.0000e+00
-2.2687e-01  1.5232e+00  1.4092e-01  7.1918e-01 -4.0246e+00  2.0947e+01  2.1342e+01  1.0000e+00
-7.9952e-02 -3.3894e-03  6.9794e-01  1.0372e+01 -5.4070e+00 -4.8122e-01  1.1707e+01  1.0000e+00
-1.1835e+01 -5.7015e+00 -1.1547e+01 -1.9565e+01 -1.0605e+01 -1.9921e+01  2.9868e+01  1.0000e+00
-2.1602e-01  1.5891e+00  5.1876e-01 -2.8386e-02  1.1914e-01 -1.0086e+01  1.0087e+01  1.0000e+00
-6.0347e-01 -1.9602e+01 -1.0863e+01 -5.9162e-01 -2.1770e+01 -1.2425e+01  2.5073e+01  1.0000e+00
 1.1759e-02  1.4307e+00  9.3642e-01 -1.3967e+01  5.5051e+00  4.2677e+00  1.5607e+01  1.0000e+00
 1.1947e+01 -1.7390e+01 -1.6542e+01  1.2932e+01 -2.0510e+01 -1.8817e+01  3.0692e+01  1.0000e+00
-1.0265e+00  1.3235e+00  6.8726e-01 -3.2954e+00 -3.6190e+00 -5.1794e+00  7.1262e+00  1.0000e+00
-3.9021e+01  1.0024e+01 -2.0462e+01 -9.0980e+01  2.1556e+01 -4.8364e+01  1.0527e+02  1.0000e+00
 1.6224e+00  1.1831e+01  4.6143e+00  2.3694e+00  1.1100e+01  3.6859e+00  1.1934e+01  1.0000e+00
 5.9829e+00 -1.2029e+01  1.9062e+01  7.0000e+00 -1.3415e+01  2.1628e+01  2.6395e+01  1.0000e+00
-4.0215e-01  1.6084e+00  4.1531e-01 -9.8448e+00 -4.3391e+00 -8.0650e-01  1.0789e+01  1.0000e+00
-2.4105e+01  1.3734e+01 -5.5183e+00 -4.2288e+01  2.3324e+01 -9.9040e+00  4.9299e+01  1.0000e+00
 1.0013e-01  9.5239e-01  2.9230e-01 -2.3304e+00  1.2485e+00  5.3645e-01  2.6977e+00  1.0000e+00
 1.6945e-01  1.6432e+00  8.2698e-01 -4.3540e+00 -7.2822e+00 -1.1127e+01  1.3993e+01  1.0000e+00
-1.4034e+01 -4.7489e+00  8.3013e+00 -1.4874e+01 -5.0856e+00  8.4332e+00  1.7839e+01  1.0000e+00
-7.5773e-02  1.4347e+00  1.0349e-01 -1.4919e+00 -1.3643e+01 -4.5598e-01  1.3732e+01  1.0000e+00
-3.2292e+00  8.1269e+00  1.2349e+00 -9.0575e+00  2.0251e+01  2.7866e+00  2.2359e+01  1.0000e+00
 2.2829e+01 -2.9219e+01 -2.3389e+00  2.6820e+01 -3.4040e+01 -2.7887e+00  4.3425e+01  1.0000e+00
-9.5910e-01  2.7759e+00  8.5161e-01  2.9320e+00 -6.1854e+00 -7.1370e-01  6.8822e+00  1.0000e+00
 8.5267e-01 -2.3627e+00  1.6367e+00 -9.1802e-01 -1.6919e+00  1.7748e+00  2.6183e+00  1.0000e+00
 2.4180e-01  1.4854e+00  5.6435e-01  5.0274e+00  1.5164e+01 -1.1245e+01  1.9536e+01  1.0000e+00
 1.0211e+00  1.0267e+00  9.0410e-01 -1.8301e+00  8.3298e+00  2.3560e+00  8.8480e+00  1.0000e+00
-1.6757e+00  2.4534e+00 -2.3485e+00 -3.4373e+00  3.5204e+00 -8.4398e+00  9.7692e+00  1.0000e+00
-9.1259e-01  1.3985e+00  4.5141e-01  1.4062e-01  1.2102e+01 -1.0690e+01  1.6148e+01  1.0000e+00
-1.1668e+00  1.6318e+00 -4.3672e-01  1.1112e+01  4.6705e+00  5.1417e+00  1.3104e+01  1.0000e+00
-6.6371e+00 -1.9863e+00 -1.2432e+00 -4.7922e+00 -3.0408e-01 -3.2293e-01  4.8126e+00  1.0000e+00
-2.1828e-01  1.4849e+00  3.9700e-01  9.3255e+00  1.3988e+01 -7.9408e+00  1.8593e+01  1.0000e+00
-3.2540e-01  9.7296e-01  4.0453e-01 -7.1150e-01  1.1351e+01 -4.5168e+00  1.2237e+01  1.0000e+00
-7.2387e-01  1.5453e+00  2.4058e-01 -1.5225e+01  1.3699e-01  1.4238e+00  1.5292e+01  1.0000e+00
-5.6609e-01  1.9117e+00  3.0540e-01 -6.1216e+00  1.3898e+00 -5.1714e+00  8.1332e+00  1.0000e+00
 3.5352e-02  1.6318e+00  8.6383e-01  7.8057e+00  1.3048e+01 -5.5636e+00  1.6191e+01  1.0000e+00
 4.8330e-01  2.0056e+00  1.0189e+00 -3.0394e+00 -6.7547e+00 -7.3601e+00  1.0442e+01  1.0000e+00
 6.6892e+00 -1.5128e+01 -4.0501e+00  2.1711e+01 -5.0345e+01 -1.3228e+01  5.6400e+01  1.0000e+00
-5.8701e-01  1.4258e+00  2.2577e-01 -2.6535e+01  6.4456e+00 -2.8103e+00  2.7451e+01  1.0000e+00
-5.0178e+01  4.0489e+01  1.8889e+01 -8.1274e+01  6.5132e+01  3.0714e+01  1.0859e+02  1.0000e+00
-9.8463e-01  1.5305e+00  1.1755e+00  8.8397e+00 -3.3998e+00  5.4312e-01  9.4865e+00  1.0000e+00
-3.1105e-02  9.7030e-01 -1.0814e-01  2.8456e+00  1.0185e+01  1.3089e+01  1.6827e+01  1.0000e+00
-1.6388e+02  5.3646e+00  1.4726e+02 -2.4181e+02  7.3671e+00  2.1773e+02  3.2547e+02  1.0000e+00
-2.5916e-02  1.2396e+00  1.2610e-01  1.4529e+00 -7.9500e+00  1.2736e+01  1.5084e+01  1.0000e+00
-7.0783e-01  1.2235e+00  2.8052e-01  1.7240e+01  1.0019e+01  1.4595e+01  2.4710e+01  1.0000e+00
-5.9796e-01  1.4727e+00  1.7827e-01  2.1708e+00 -6.0798e-01 -1.1413e+01  1.1634e+01  1.0000e+00
-4.1912e+00  6.1597e+00  1.5991e+01 -4.2115e+00  5.9237e+00  1.5778e+01  1.7372e+01  1.0000e+00
 6.0430e+00  2.8465e+00  1.7347e+00  1.2677e+00  2.3480e+00  1.2850e+00  2.9616e+00  1.0000e+00
 1.2268e+01 -7.2081e+00 -1.0465e+01  1.3111e+01 -7.9995e+00 -1.1001e+01  1.8892e+01  1.0000e+00
 5.0164e-01  1.7253e+00 -3.9520e-01  8.2883e+00  4.5218e+00 -9.6655e-01  9.4908e+00  1.0000e+00
 1.8108e+01 -1.8383e+01 -2.7134e+01  2.1276e+01 -2.1426e+01 -3.1470e+01  4.3613e+01  1.0000e+00
-2.4424e-01  1.6125e+00  5.0334e-01  1.7060e+00 -1.1657e+01 -1.0562e+01  1.5823e+01  1.0000e+00
-1.3962e-01  1.1973e+00  5.4792e-01  4.6017e+00  2.0601e+01  9.0034e+00  2.2949e+01  1.0000e+00
 2.9718e-01  1.6341e+00  8.1126e-01 -7.5408e+00  6.2527e+00 -6.7879e+00  1.1918e+01  1.0000e+00
-1.3861e+01 -2.2239e+01 -2.0898e+01 -2.4921e+01 -4.1522e+01 -3.8291e+01  6.1736e+01  1.0000e+00
-1.6156e-01  1.2174e+00  5.9360e-01  2.0266e+01  2.6574e+00  1.7497e+01  2.6906e+01  1.0000e+00
 5.7392e-01  2.0051e+00 -4.4241e-03 -1.9235e+00  1.5773e+00  6.6046e+00  7.0575e+00  1.0000e+00
 4.8962e-02  1.4285e+00  4.0564e-01 -1.8784e+01  7.6040e+00  1.4362e+01  2.4838e+01  1.0000e+00
 2.3066e-02  1.8765e+00  1.1193e+00  4.2372e+00  5.6376e+00  1.3163e+01  1.4933e+01  1.0000e+00
 5.7388e-01  8.3587e-01  7.7967e-01 -2.8329e-01  7.1910e+00 -6.7456e+00  9.8638e+00  1.0000e+00
-1.1929e+00  2.6469e+00  2.1638e+00  2.4495e+00 -6.7086e-01 -5.4905e+00  6.0494e+00  1.0000e+00
-4.3835e+00  6.8451e+00  1.9235e+01 -4.4228e+00  7.7709e+00  2.0992e+01  2.2817e+01  1.0000e+00
-8.5255e-01  1.1020e+00 -7.0161e-01 -3.2326e+00 -5.1595e+00  9.9260e+00  1.1645e+01  1.0000e+00
 4.4022e-02  9.9215e-01  3.3069e-01 -5.7645e+00  1.5906e+01  1.2281e+01  2.0906e+01  1.0000e+00
-1.3534e-01  1.1988e+00  5.6555e-01  7.2114e+00 -6.2683e+00  7.9403e+00  1.2424e+01  1.0000e+00
-4.5724e-01  1.5528e+00  5.5840e-01  2.2921e+01  5.8702e+00  6.4743e+00  2.4531e+01  1.0000e+00
 1.3666e+01 -3.4402e+01  6.1188e+01  1.5600e+01 -3.9382e+01  7.0865e+01  8.2560e+01  1.0000e+00
 2.6288e+01  5.0007e+00  2.4833e+01  3.0608e+01  5.7681e+00  2.9108e+01  4.2631e+01  1.0000e+00
-3.2749e+00  1.0794e+00 -1.4643e+00  2.5509e-01 -1.0835e+00 -3.5226e+00  3.6943e+00  1.0000e+00
-3.9377e-01  1.2883e+00  5.7777e-01 -5.0599e-01  1.5650e+01 -1.6443e+01  2.2706e+01  1.0000e+00
-4.2037e-02  1.7131e+00  6.7380e-01 -1.4332e+00  1.0015e+01 -1.4154e+01  1.7398e+01  1.0000e+00
-6.9265e+00  4.5933e+00  2.7408e+01 -7.9650e+00  5.5222e+00  3.1487e+01  3.2945e+01  1.0000e+00
-1.7969e+01 -3.1238e+00 -1.6986e+01 -2.0264e+01 -2.4807e+00 -1.8722e+01  2.7700e+01  1.0000e+00
-3.0300e+00  9.3162e-01  1.6876e+00 -8.0057e+00 -1.8042e+00  3.2136e+00  8.8133e+00  1.0000e+00
-9.9182e+00 -1.7190e+01 -1.2869e+00 -1.1985e+01 -2.1805e+01 -1.2734e+00  2.4914e+01  1.0000e+00
 1.5980e-01  2.8391e+00  2.3054e-01 -1.9790e+00  1.5237e+01 -5.8986e-01  1.5376e+01  1.0000e+00
-1.8455e-01  1.2135e+00  3.3591e-01 -1.6669e+01 -3.6981e+00  3.1914e-01  1.7078e+01  1.0000e+00
-1.7429e+00  2.2429e-01  2.8026e-01  6.9665e+00  9.2245e+00  1.8870e+00  1.1713e+01  1.0000e+00
-3.1996e-01  1.2218e+00  6.2983e-01 -5.7103e+00  4.0082e+00  8.4611e-01  7.0277e+00  1.0000e+00
-2.0540e-01  1.4482e+00  1.2454e+00 -5.2909e+00 -3.4609e-01 -4.5346e+00  6.9768e+00  1.0000e+00
-9.3925e+00  2.9719e+01 -3.8105e+00 -1.0756e+01  3.4300e+01 -4.3229e+00  3.6206e+01  1.0000e+00
 3.9371e+00  2.3766e+00  4.9933e+00  6.8695e-02  3.7622e+00  3.1558e+00  4.9110e+00  1.0000e+00
-1.6550e+01 -1.4377e-01 -4.3214e+00 -1.7462e+01  4.1940e-01 -4.6785e+00  1.8083e+01  1.0000e+00
 1.9694e+00  2.0558e+00 -2.7374e+00  9.2818e-01  9.1734e-01  2.4017e+00  2.7333e+00  1.0000e+00
-1.3279e+01 -4.9185e+00  9.1685e+00 -1.4081e+01 -4.3569e+00  9.5054e+00  1.7539e+01  1.0000e+00
-2.5742e-01  1.2145e+00  1.9650e-01 -1.7719e-01  2.1784e+01  1.1234e+01  2.4511e+01  1.0000e+00
 3.4917e+01  1.2676e+01  2.9040e+00  4.0636e+01  1.4930e+01  3.3223e+00  4.3419e+01  1.0000e+00
 1.2487e+01  1.7287e+01  2.4231e+00  1.4004e+01  1.9041e+01  3.0630e+00  2.3833e+01  1.0000e+00
-2.7302e+01 -1.6346e+01 -1.0037e+01 -3.2875e+01 -1.9840e+01 -1.2662e+01  4.0432e+01  1.0000e+00
 2.5439e+00  3.0372e+00 -1.8790e+00  5.0171e+00  3.9888e-01 -5.8400e+00  7.7095e+00  1.0000e+00
-2.6679e+01 -5.8604e-01 -6.9987e+00 -3.0638e+01 -4.6331e-01 -8.0874e+00  3.1691e+01  1.0000e+00
-1.9036e-02  1.2384e+00  5.1350e-01  1.6298e+01  5.1460e+00  1.1656e+01  2.0688e+01  1.0000e+00
-2.1415e-01  1.7413e+00  8.6232e-01 -5.8794e+00  1.4860e-01 -9.0622e+00  1.0803e+01  1.0000e+00
-5.3095e+00  2.1544e+01 -8.2760e+00 -5.4820e+00  2.4599e+01 -9.4377e+00  2.6912e+01  1.0000e+00
 3.4585e+01  2.8240e+01 -2.1686e+01  4.7165e+01  3.8162e+01 -2.9444e+01  6.7437e+01  1.0000e+00
-5.3630e-01  1.0550e+00  2.5939e-01 -1.0151e+01 -5.3735e+00  1.8220e+01  2.1538e+01  1.0000e+00
-1.1289e-01  1.3719e+00  9.5791e-01  1.1944e+00 -9.0977e+00  2.4602e+01  2.6257e+01  1.0000e+00
-3.0878e-01  1.7990e+00  7.0400e-01 -3.2571e+00 -7.6005e+00  1.1914e+01  1.4503e+01  1.0000e+00
 4.2826e+00 -2.9905e+00  7.6450e-01  1.6752e+00  7.6686e-01  4.0228e+00  4.4246e+00  1.0000e+00
 2.8296e+00 -1.2514e+00  7.5480e-01  1.0769e+00  3.0156e+00 -5.4276e-01  3.2478e+00  1.0000e+00
-7.6824e-01  1.0832e+00  1.1056e+00 -8.8263e+00  4.5015e+00  9.2427e+00  1.3550e+01  1.0000e+00
-2.0927e+01 -1.0559e+01 -3.6812e+01 -2.4801e+01 -1.2596e+01 -4.3834e+01  5.1915e+01  1.0000e+00
-3.7244e+01 -1.2338e+01 -1.2608e+00 -4.3697e+01 -1.4199e+01 -1.5545e+00  4.5972e+01  1.0000e+00
 4.0362e+00 -2.7414e+00 -4.3761e+00  3.2475e+00 -1.8913e-01 -8.1357e-01  3.3532e+00  1.0000e+00
 3.7589e+01  6.5574e+00 -3.9398e+00  4.3899e+01  7.9102e+00 -4.6923e+00  4.4853e+01  1.0000e+00
-6.5200e-01  1.1879e+00  1.8504e-01 -1.0853e+01 -5.8446e+00 -2.9850e-01  1.2331e+01  1.0000e+00
-2.8697e-01  1.7668e+00  1.3526e+00  1.0586e+01  1.3383e+01  2.7257e+01  3.2158e+01  1.0000e+00
 3.7319e-01  1.2575e+00  4.1033e-01 -6.7586e+00  3.1812e+00  3.8831e+00  8.4188e+00  1.0000e+00
-4.7732e+00  2.1174e+00 -7.7015e-02 -9.6205e+00  2.7143e+00  4.4568e-01  1.0006e+01  1.0000e+00
-7.2211e-01  1.1998e+00  5.5967e-01 -2.3310e+01  2.6752e-01 -1.2836e+00  2.3347e+01  1.0000e+00
-4.9940e-01  1.3327e+00  3.8853e-01  4.9662e+00  3.6795e+00 -1.8212e+01  1.9232e+01  1.0000e+00
 3.9234e-01  1.4654e+00  4.8213e-01  7.4981e+00 -1.0502e+01  1.7588e+00  1.3023e+01  1.0000e+00
-1.4720e+01  1.2517e+01 -2.2654e+00 -1.5928e+01  1.3447e+01 -2.1918e+00  2.0960e+01  1.0000e+00
-1.2853e+00  1.4625e+00  3.2642e-01 -3.2274e+00  5.0985e+00  6.0865e+00  8.5706e+00  1.0000e+00
-1.4699e+01 -4.3992e+00 -2.2024e-01 -1.4936e+01 -4.4442e+00 -4.2474e-01  1.5589e+01  1.0000e+00
-7.2301e-01  1.5804e+00  5.2103e-01  1.2260e+01 -6.4659e+00  1.3844e+01  1.9590e+01  1.0000e+00
 2.1962e+00  2.7087e+00 -6.6041e-01  1.6778e+01  1.1397e+01 -7.3446e+00  2.1572e+01  1.0000e+00
-3.6471e-01  1.5944e+00 -3.8000e-02  2.5038e+00  1.2379e+01 -2.1752e+00  1.2815e+01  1.0000e+00
-7.3737e-01  2.0640e+00  2.4455e-01  2.9708e+00 -8.9363e+00  1.3470e+01  1.6436e+01  1.0000e+00
 1.2005e+01 -2.9542e+01 -1.4254e+01  1.4008e+01 -3.4230e+01 -1.6553e+01  4.0520e+01  1.0000e+00
-2.6950e+01 -4.7370e+00  2.4265e+01 -3.1486e+01 -5.2592e+00  2.8332e+01  4.2682e+01  1.0000e+00
-5.5626e-01  1.6157e+00  1.8271e-01  1.0636e+01 -1.0716e+01 -7.4784e-01  1.5117e+01  1.0000e+00
-2.7024e+00 -5.3994e-01 -3.4585e+00 -1.9193e-01  2.6876e+00  2.0990e+00  3.4155e+00  1.0000e+00
-7.2498e-01  2.2754e+00  4.1017e-01  7.2480e+00 -7.2593e+00 -7.0957e-01  1.0283e+01  1.0000e+00
 2.4482e-02  8.3642e-01  4.1939e-01 -4.2398e+00 -4.5637e+00 -2.5500e+00  6.7310e+00  1.0000e+00
-2.2366e+00 -2.3917e+01 -1.6926e+01 -1.8407e+00 -2.7753e+01 -1.9834e+01  3.4161e+01  1.0000e+00
-3.4122e+00  5.9185e+00 -3.9932e+00 -1.8855e+00  3.4999e+00 -6.2354e-01  4.0241e+00  1.0000e+00
-4.8557e-01  1.1779e+00 -1.2569e-01 -1.8225e+01 -2.4453e+00 -5.7905e+00  1.9278e+01  1.0000e+00
-5.5199e-01  1.5776e+00  2.0950e-01 -1.3706e+01  1.7596e+01  3.9716e+00  2.2655e+01  1.0000e+00
 1.0600e+00  1.2785e+00 -1.0706e-01  1.2605e+01 -2.7124e+00 -3.3899e+00  1.3332e+01  1.0000e+00
-5.0063e+00  2.1719e+01 -8.9818e+00 -5.8782e+00  2.3955e+01 -9.3606e+00  2.6382e+01  1.0000e+00
-9.1926e-02  1.1966e+00  2.2123e-01 -2.8110e+00 -4.8506e+00 -1.6564e+01  1.7487e+01  1.0000e+00
 9.9253e-01  4.2224e+00  2.6397e+01  1.8343e+00  5.0899e+00  2.8204e+01  2.8718e+01  1.0000e+00
 3.4160e-01  5.2428e+00 -3.1705e+00  2.7217e-01  3.9873e+00 -2.8932e+00  4.9339e+00  1.0000e+00
-3.6076e-01  1.5751e+00  2.8510e-01 -1.1098e+00 -3.8766e+00  2.3079e+01  2.3429e+01  1.0000e+00
-1.1614e-02  4.6833e-01  6.6448e-01 -2.2271e+00  3.8137e+00  1.7047e+00  4.7340e+00  1.0000e+00
-4.9653e-01  1.4020e+00  4.0022e-01  1.7372e-01  1.0567e+00  1.7393e+01  1.7426e+01  1.0000e+00
 8.1669e+00  1.6709e+01  8.8729e+00  9.1078e+00  1.8466e+01  9.5593e+00  2.2701e+01  1.0000e+00
-7.8860e-01  1.5139e+00  5.5423e-01  3.1641e+00 -1.1814e+01 -2.4093e+00  1.2465e+01  1.0000e+00
 1.6558e-02  1.3676e+00  4.0185e-01 -2.1686e+01  1.9485e+01 -7.0853e+00  3.0002e+01  1.0000e+00
-6.3238e-01  1.4337e+00  8.4948e-01 -3.0363e+00 -4.1811e+00 -7.2594e-01  5.2180e+00  1.0000e+00
-9.8326e-02  9.5645e-01  5.1694e-01 -1.7119e+01 -4.8500e+00 -1.4263e+01  2.2803e+01  1.0000e+00
 2.4484e-01  1.1628e+00  3.6035e-02 -1.9258e-01  1.1248e+01  8.9880e+00  1.4400e+01  1.0000e+00
-6.8570e-01  1.3945e+00  4.7861e-01 -8.9180e+00  9.0310e+00 -6.5941e+00  1.4303e+01  1.0000e+00
 1.2762e+01 -9.2668e+00 -1.4910e+00  1.3330e+01 -9.4621e+00 -1.3220e+00  1.6400e+01  1.0000e+00
-4.8807e-01  7.8919e-01  2.8045e-01 -1.0887e+01  5.5739e+00 -1.8299e-01  1.2232e+01  1.0000e+00
 2.3355e+01 -4.4541e+01  2.8524e+01  2.5213e+01 -5.0311e+01  3.2422e+01  6.4947e+01  1.0000e+00
-3.5842e-01  3.0527e+00 -1.6806e+00 -2.0918e-01 -2.6650e+00 -6.1618e+00  6.7167e+00  1.0000e+00
 2.4385e+00 -1.2529e+01 -3.5847e+01  2.7442e+00 -1.4561e+01 -4.1820e+01  4.4368e+01  1.0000e+00
-9.7696e+00 -1.4031e+01 -2.4151e+01 -1.1662e+01 -1.6131e+01 -2.7850e+01  3.4232e+01  1.0000e+00
-1.6631e+00 -2.5628e+01  2.7677e+00 -1.7203e+00 -2.9322e+01  3.1530e+00  2.9542e+01  1.0000e+00
-3.5971e+01 -1.8104e+01 -9.3803e+00 -4.2353e+01 -2.1070e+01 -1.0975e+01  4.8561e+01  1.0000e+00
 2.1544e-01  1.5606e+00  6.0798e-01 -5.9032e+00  4.3832e+00  1.0303e+01  1.2657e+01  1.0000e+00
-2.8686e+01 -7.0457e+00 -5.3994e+00 -3.3243e+01 -8.1090e+00 -6.2817e+00  3.4790e+01  1.0000e+00
-3.0867e-01  1.3558e+00  8.7751e-02 -1.4599e+01  8.2157e+00 -2.3024e+01  2.8473e+01  1.0000e+00
-2.4075e-01  1.5837e+00  2.3612e-01  1.4861e+00  1.6201e+01 -1.8821e+01  2.4878e+01  1.0000e+00
-4.4493e+00  2.7908e-01 -1.4156e+01 -4.8504e+00  8.0433e-01 -1.6117e+01  1.6850e+01  1.0000e+00
-1.3311e+00  1.5295e+00  3.3149e-01 -5.0989e-02 -2.6997e+00  9.3094e+00  9.6930e+00  1.0000e+00
-2.5778e-01  1.3016e+00  1.9584e-01 -9.6284e+00  2.1341e+00  5.3145e+00  1.1203e+01  1.0000e+00
