# limit = 30.3701
#
# x           y           z           vx          vy          vz          s           m
 6.2999e-01  2.7088e+00 -1.7084e+00  2.5335e+00  8.0306e-01 -8.2279e+00  8.6465e+00  1.0000e+00
-8.0874e-03  1.2569e+00 -1.2894e-01 -1.5708e+01 -1.4715e+00  5.3838e+00  1.6670e+01  1.0000e+00
 2.9752e+01  1.4620e+00  5.8226e+00  3.3906e+01  2.1286e+00  6.6211e+00  3.4612e+01  1.0000e+00
-1.5724e-01  1.4912e+00  7.4075e-01 -1.5314e+01  7.5660e+00 -9.9072e+00  1.9746e+01  1.0000e+00
-2.5298e+01  9.5059e+00  1.5116e+01 -2.9189e+01  1.0815e+01  1.7219e+01  3.5573e+01  1.0000e+00
 1.1074e+01 -3.3488e+00  3.1332e+01  1.2998e+01 -3.5201e+00  3.6131e+01  3.8559e+01  1.0000e+00
 1.5269e+00 -2.5445e+01 -1.7545e+01  1.3435e+00 -2.9144e+01 -1.9915e+01  3.5324e+01  1.0000e+00
-7.1768e-01  1.5322e+00  1.3501e-01 -1.9936e+00  8.2769e+00 -5.7788e-01  8.5332e+00  1.0000e+00
-3.9885e+01  2.9124e+01  9.0467e+01 -4.5547e+01  3.3390e+01  1.0464e+02  1.1890e+02  1.0000e+00
 7.0797e+01 -3.8048e+01  1.8570e+00  1.1448e+02 -6.2004e+01  3.0410e+00  1.3022e+02  1.0000e+00
 2.7485e+00  4.5203e+00  2.6059e+00 -1.7200e+00  7.2338e-01 -5.4037e-01  1.9426e+00  1.0000e+00
-3.5422e-01  1.6016e+00  2.1180e-01 -5.9978e+00 -1.3721e+01  8.9133e+00  1.7426e+01  1.0000e+00
-3.9160e-01  3.0150e+00  1.1065e+00  3.3833e+00 -8.8276e+00  1.9691e-01  9.4559e+00  1.0000e+00
 6.5049e+00  2.1411e+00 -6.5891e-01  3.3309e+00  2.6060e+00  7.3809e-01  4.2931e+00  1.0000e+00
 1.8011e+00 -1.0999e+00  3.1833e-01 -1.7695e+00  3.4700e+00 -1.1014e+00  4.0478e+00  1.0000e+00
-9.6815e+00 -1.6785e+00 -7.2764e+00 -9.3979e+00 -9.0630e-01 -6.7996e+00  1.1635e+01  1.0000e+00
 1.8245e+01 -1.9093e+01 -2.1914e+01  2.0958e+01 -2.2013e+01 -2.5418e+01  3.9622e+01  1.0000e+00
-2.7630e-01  2.3072e+00  3.3023e-01 -3.8270e+00  6.0292e+00  7.8911e-01  7.1847e+00  1.0000e+00
-2.6092e-01  7.1977e-01  5.1715e-01  1.2028e+00 -3.8226e+00  6.3982e+00  7.5496e+00  1.0000e+00
 6.3453e+01  5.1403e+01 -2.2204e+01  7.3441e+01  5.8889e+01 -2.5204e+01  9.7451e+01  1.0000e+00
 4.2391e-02  1.5479e+00  3.1231e-01  2.1097e+00  4.1860e+00 -1.5956e+01  1.6630e+01  1.0000e+00
 1.1956e-01  2.1847e+00  4.6094e-01  4.3404e-01 -1.1833e+01  1.0905e+00  1.1891e+01  1.0000e+00
-5.5248e+00 -7.0338e+00  1.0700e+01 -8.0265e+00 -1.1430e+01  1.5599e+01  2.0938e+01  1.0000e+00
-1.3699e+01  2.6014e+01 -2.6201e+01 -1.5901e+01  3.0443e+01 -3.0418e+01  4.5879e+01  1.0000e+00
-9.8014e-01  2.9283e+01 -1.2943e+01 -1.2379e+00  3.3663e+01 -1.4792e+01  3.6790e+01  1.0000e+00
-7.0651e+00  4.2350e+00 -1.0401e+01 -7.7392e+00  5.2787e+00 -9.6814e+00  1.3472e+01  1.0000e+00
 9.1588e+00 -2.2878e+01  4.3180e+00  9.9839e+00 -2.6137e+01  4.7351e+00  2.8377e+01  1.0000e+00
 6.2424e+01 -1.6357e+01 -6.0227e+01  7.5256e+01 -1.9839e+01 -7.2627e+01  1.0645e+02  1.0000e+00
 1.8038e+00 -3.5890e+01 -4.7332e+01  2.1723e+00 -4.2131e+01 -5.5554e+01  6.9757e+01  1.0000e+00
 2.7434e-01  1.6250e+00 -7.0994e-02  1.7987e+00  1.9027e-02 -1.3967e-01  1.8042e+00  1.0000e+00
-1.7470e-01  9.5613e-01  3.7192e-01  8.8371e+00  2.0276e+00 -4.8565e+00  1.0286e+01  1.0000e+00
-6.2079e-01  1.0415e+00  7.5669e-01  1.6119e+00  2.6991e+00  5.5086e+00  6.3426e+00  1.0000e+00
 1.9985e-01  1.2005e+00  6.1610e-01 -2.8302e+00  5.6619e-01  9.0164e+00  9.4671e+00  1.0000e+00
-2.9620e-01  9.4596e-01  4.0004e-01 -1.2079e+01  1.2239e+01  1.1860e+00  1.7236e+01  1.0000e+00
-1.3489e-01  1.2056e+00 -1.4126e-01  4.9122e+00 -8.5381e+00  3.5453e+00  1.0469e+01  1.0000e+00
 3.2947e-01  1.8577e+00  7.1359e-01 -1.0072e+00 -4.0867e+00 -7.2198e+00  8.3571e+00  1.0000e+00
-1.4525e+00  9.0962e-01  1.1948e+00 -1.5608e+01  2.5147e+00  5.5081e+00  1.6741e+01  1.0000e+00
-2.4609e+01  4.7149e+01 -5.9134e+01 -2.8528e+01  5.4672e+01 -6.7946e+01  9.1758e+01  1.0000e+00
-4.5650e-01  1.0699e+00  1.3982e-01  2.4381e+00  1.5789e+01 -1.7508e+01  2.3701e+01  1.0000e+00
 1.7485e+01 -3.8347e+00  1.4737e+01  1.9350e+01 -4.0615e+00  1.6405e+01  2.5691e+01  1.0000e+00
 8.8951e+00  8.3851e+00  1.3888e+00  7.7473e+00  7.7514e+00  2.0212e+00  1.1144e+01  1.0000e+00
 2.5094e+00  1.2293e+00 -9.2800e-01 -5.8052e+00  1.2638e+00  3.8687e-01  5.9537e+00  1.0000e+00
 9.0890e-02  1.7891e+00  3.4408e-01 -4.6131e+00  1.3311e+01  9.9261e+00  1.7234e+01  1.0000e+00
 3.6330e+00 -1.0467e+01  3.4143e+01  4.3056e+00 -1.1968e+01  3.9506e+01  4.1503e+01  1.0000e+00
 3.3165e+01  1.5987e+01  2.6475e+00  3.8689e+01  1.8505e+01  3.1341e+00  4.3001e+01  1.0000e+00
 2.4209e+00 -2.0949e+01  3.5228e+00  3.2359e+00 -2.3444e+01  4.1378e+00  2.4026e+01  1.0000e+00
 1.2834e-01  1.2915e+00  2.8310e-01  1.5653e+01  5.1630e+00 -7.5793e+00  1.8142e+01  1.0000e+00
 1.7531e+00  5.5708e-01  7.8268e-01 -8.3927e+00  9.6160e+00  2.5677e+00  1.3019e+01  1.0000e+00
 1.3917e+01 -5.3821e+00  6.4263e+00  1.4120e+01 -5.3574e+00  6.9892e+00  1.6641e+01  1.0000e+00
-3.1593e-01  1.4232e+00  3.2888e-01  1.2169e+01 -1.6846e+01 -2.5610e+00  2.0938e+01  1.0000e+00
 9.0427e-01  1.2313e+00  7.0611e-02  3.4915e+00  3.3279e+00  2.4447e+00  5.4076e+00  1.0000e+00
-2.2241e-01  1.0077e+00  2.7598e-01 -2.6552e+00  2.4743e+00  5.5749e+00  6.6522e+00  1.0000e+00
-3.8789e+00 -6.0513e+00  6.2523e+00 -2.9483e+00 -4.3287e+00  5.0080e+00  7.2464e+00  1.0000e+00
 7.4585e-01  2.5961e-01 -1.3129e+00  5.8880e+00 -2.6299e+00 -9.9185e+00  1.1831e+01  1.0000e+00
 5.4850e-01  6.7397e+00  6.8071e+00  2.1506e+00  1.2892e+01  1.3814e+01  1.9017e+01  1.0000e+00
 8.3953e-03  8.2383e-01  8.9269e-01  4.1864e+00  3.8631e+00  1.9193e+00  6.0111e+00  1.0000e+00
-1.5746e-01  1.1580e+00  5.3222e-01  1.7306e+00 -1.0153e+00  1.2598e+01  1.2756e+01  1.0000e+00
 2.5443e-01  5.9586e-01  1.1780e+00 -4.0424e-01  1.3909e+00  6.2821e+00  6.4469e+00  1.0000e+00
-6.1838e-01  1.0993e+00  4.6068e-01 -1.9510e+00 -6.1125e-01 -8.8522e+00  9.0852e+00  1.0000e+00
 8.0879e+00 -4.5497e+00  2.4266e+01  8.9652e+00 -5.3894e+00  2.7579e+01  2.9496e+01  1.0000e+00
-4.0787e-01  1.3631e+00  2.7401e-01  1.4809e+01  5.2126e+00 -1.2313e+01  1.9952e+01  1.0000e+00
-5.0812e+00 -9.0181e+00  4.0349e+00 -7.0135e+00 -1.4052e+01  5.6520e+00  1.6691e+01  1.0000e+00
 1.5242e+01  1.5403e+00 -7.3241e+00  1.7834e+01  1.9596e+00 -8.4839e+00  1.9846e+01  1.0000e+00
-4.3684e-01  1.4587e+00  1.8592e-01 -7.8452e+00  3.6281e+00 -1.5710e+01  1.7931e+01  1.0000e+00
 4.9177e-02  4.3504e+00  6.0446e-01  2.1462e+00  3.2023e+00  9.5241e-01  3.9709e+00  1.0000e+00
 4.8076e-01  1.3923e+00  1.1197e-01 -5.5205e+00  1.0059e+01 -5.2815e+00  1.2631e+01  1.0000e+00
-1.9725e-01  1.3751e+00  5.8124e-01 -1.1982e+01  2.5662e+00  1.6684e+01  2.0700e+01  1.0000e+00
 3.7982e-01  1.6562e+00 -4.8384e-01  7.9643e+00  3.5091e+00 -6.4182e+00  1.0814e+01  1.0000e+00
-2.6182e-01  1.2313e+00  1.5600e-01 -1.1934e+00 -6.1043e+00 -2.5844e+00  6.7354e+00  1.0000e+00
-2.0494e-01  3.9183e-01  8.0584e-01 -7.0816e-01 -3.3585e+00  3.7111e+00  5.0551e+00  1.0000e+00
 2.9337e+01  3.1580e+00  5.3187e+00  3.3786e+01  3.3049e+00  6.0622e+00  3.4485e+01  1.0000e+00
-2.1156e-01  1.4084e+00  2.6127e-01  1.8771e+00 -3.6148e+00  5.9838e+00  7.2384e+00  1.0000e+00
 7.8794e-01  1.4875e+00  4.8400e-01 -5.2474e+00  7.3118e+00 -7.1236e+00  1.1478e+01  1.0000e+00
-1.0198e-01  1.1297e+00 -7.7708e-01  1.9300e+00  4.5975e+00  2.8939e+00  5.7651e+00  1.0000e+00
-3.0587e-01  1.6035e+00  4.1122e-01 -6.1160e+00  1.5047e+01  1.3096e+00  1.6295e+01  1.0000e+00
-1.2100e-01  1.2405e+00  3.6135e-01 -7.5562e-01  6.7609e+00 -6.4915e+00  9.4032e+00  1.0000e+00
-5.0796e-01  1.4561e+00  2.2768e-01  3.6999e+00  2.4213e+00  1.0409e+01  1.1310e+01  1.0000e+00
-3.1225e-01  1.5008e+00  3.6076e-01  6.2110e+00 -7.1342e+00 -2.3448e+01  2.5284e+01  1.0000e+00
 3.5475e+01 -1.6894e+01 -4.0673e+00  4.1398e+01 -1.9443e+01 -4.6691e+00  4.5975e+01  1.0000e+00
-2.0574e+01 -1.2434e+01 -7.8538e+00 -2.3400e+01 -1.3761e+01 -8.7143e+00  2.8511e+01  1.0000e+00
-3.2426e-01  2.1864e+00  5.2545e-01 -3.9681e+00  6.3354e+00 -1.4604e+00  7.6168e+00  1.0000e+00
 2.3428e+01  5.3650e+00  1.5139e+01  3.2047e+01  6.9130e+00  2.0543e+01  3.8688e+01  1.0000e+00
 1.7977e-01  1.0107e+00  1.3396e+00 -5.6284e+00  3.5716e+00 -3.3271e+00  7.4502e+00  1.0000e+00
 6.4395e+00  5.9761e+00  8.4036e+00  5.3289e+00  5.8703e+00  7.3514e+00  1.0812e+01  1.0000e+00
-8.8245e-01  1.3349e+00  3.3072e-01 -9.4664e+00  8.3723e+00  3.8936e+00  1.3224e+01  1.0000e+00
-6.3966e-01 -3.7703e-02  1.7680e-01 -5.1465e+00 -6.4558e+00 -1.3459e+00  8.3651e+00  1.0000e+00
 1.7018e+00  1.1434e+00  8.3433e-01  2.7695e+00  8.3356e-01  4.7830e+00  5.5895e+00  1.0000e+00
-1.3096e+00  2.6139e+00  3.3889e-01 -2.6355e+00  4.7697e+00  1.3556e+00  5.6155e+00  1.0000e+00
 1.5102e+02  3.8038e+01 -1.4652e+02  2.2218e+02  5.5313e+01 -2.1506e+02  3.1413e+02  1.0000e+00
 1.3141e-01  6.5380e-01  6.8972e-01  2.6119e+00  2.2766e+00  2.5354e+00  4.2934e+00  1.0000e+00
-1.3298e+00  3.0119e+00  8.2940e-01 -7.4684e+00  1.3222e+01  4.6000e+00  1.5867e+01  1.0000e+00
-4.7482e-01  1.8791e+00  7.8615e-01 -5.9574e+00 -1.1984e+01  4.7591e+00  1.4204e+01  1.0000e+00
 1.3293e+00  1.2679e+00  1.4568e+00  4.4103e+00  1.1379e+00  8.6748e+00  9.7978e+00  1.0000e+00
-4.8904e-01  2.0800e+00  3.0418e-01 -9.6521e+00 -3.1350e+00 -6.4269e+00  1.2012e+01  1.0000e+00
 5.5649e+00 -1.8764e+00 -4.4569e-01  4.2732e+00 -9.1899e-01  6.3782e-02  4.3713e+00  1.0000e+00
-5.9914e-01  1.4392e+00  5.9762e-01  7.4922e+00  1.4771e+01 -4.6176e+00  1.7194e+01  1.0000e+00
 9.3337e+00  1.9269e+01  3.3800e+01  1.7300e+01  3.3984e+01  6.1200e+01  7.2109e+01  1.0000e+00
-1.1373e+01 -1.6589e+01 -1.8667e+01 -1.2942e+01 -1.8743e+01 -2.1160e+01  3.1089e+01  1.0000e+00
 2.4742e+00 -5.0830e+00 -2.1851e+01  2.6640e+00 -5.3917e+00 -2.3124e+01  2.3894e+01  1.0000e+00
 1.9725e+00  4.2361e+00 -1.4741e+00  8.6007e-01 -1.8751e+00  3.1746e+00  3.7860e+00  1.0000e+00
-9.9709e-01  1.6308e+00  4.7792e-01  5.2479e+00 -5.2167e-01  7.6601e+00  9.3000e+00  1.0000e+00
-4.2289e-01  1.1756e+00  4.9298e-01 -2.5030e+00 -2.9509e+00 -1.9730e+01  2.0105e+01  1.0000e+00
-3.7372e+00  1.6887e+00 -6.0432e-01 -2.4175e+00  2.7744e+00  2.0534e+00  4.2140e+00  1.0000e+00
 1.4329e-01  9.9972e-01  2.8854e-01 -1.3757e+01  1.4570e+00  1.1582e+01  1.8042e+01  1.0000e+00
 2.8943e+01  1.1226e+01 -7.5063e-01  3.3206e+01  1.3166e+01 -8.7738e-01  3.5732e+01  1.0000e+00
-2.3229e-01  1.3469e+00  4.7488e-01  1.0651e+01  1.1120e+01 -8.9172e+00  1.7794e+01  1.0000e+00
 2.1512e+01  1.2753e+00  2.4117e+01  2.4695e+01  1.5787e+00  2.7678e+01  3.7127e+01  1.0000e+00
-1.2060e+00  2.5540e+00 -7.4624e-01 -3.5263e+00  7.9179e+00 -5.0763e+00  1.0045e+01  1.0000e+00
 2.9322e-01  1.2116e+00  5.8445e-02 -8.8459e+00 -1.1100e+01  9.2862e+00  1.6962e+01  1.0000e+00
-3.5328e+01  7.5604e+00  8.0869e+00 -4.1041e+01  8.9785e+00  9.4512e+00  4.3061e+01  1.0000e+00
-5.1984e-01  1.2802e+00  5.8485e-01  1.6548e+01 -1.7524e+01  3.9439e+00  2.4423e+01  1.0000e+00
 7.3467e+00 -1.1968e+01  2.1698e+01  7.2955e+00 -1.2557e+01  2.4998e+01  2.8910e+01  1.0000e+00
 7.8984e+00 -8.2834e+00  1.7266e+01  8.5179e+00 -9.1242e+00  1.9068e+01  2.2790e+01  1.0000e+00
 1.4187e+01 -1.7012e+01 -6.5722e+00  1.4999e+01 -1.9001e+01 -7.1555e+00  2.5243e+01  1.0000e+00
 1.2818e+00  3.6654e-01  7.0901e-01 -1.0839e+01  9.0792e+00 -2.2857e+00  1.4323e+01  1.0000e+00
-4.0847e-01  1.4373e+00  1.2655e-01  1.5292e+01  2.3306e+00 -1.5788e+01  2.2103e+01  1.0000e+00
-2.7687e-01  1.1307e+00  1.0011e-01 -4.5248e+00 -1.7727e+01  2.0590e+01  2.7544e+01  1.0000e+00
-3.6922e+00  1.6528e-01 -2.8697e+00 -7.9720e+00 -1.9167e+00 -4.7740e+00  9.4878e+00  1.0000e+00
-4.7856e-01  1.4412e+00  7.4253e-01  7.3963e+00  6.0953e+00 -2.8063e+00  9.9866e+00  1.0000e+00
 4.9267e-01  1.2177e+00  3.5791e-01  8.1231e+00  1.1306e+00  6.4030e+00  1.0405e+01  1.0000e+00
-1.8370e-01  1.5236e+00  3.9296e-01 -1.6175e+01  1.0082e+01 -1.2351e+01  2.2712e+01  1.0000e+00
 7.9767e-01  1.3796e+00  2.7522e-01  3.7405e+00  1.4339e+00 -3.4153e-01  4.0204e+00  1.0000e+00
-4.6822e+01  1.9441e+01  1.7862e+01 -5.4906e+01  2.2864e+01  2.1169e+01  6.3131e+01  1.0000e+00
-7.2054e-01  1.3111e+00  4.7294e-01  1.4213e+00  5.5842e+00  1.6527e+01  1.7503e+01  1.0000e+00
-1.7903e-01  8.6635e-01  6.9474e-01  5.5444e+00 -1.2382e+01 -1.3368e+00  1.3633e+01  1.0000e+00
-3.2191e-01  2.6353e+00  6.5120e-01 -2.4845e+00  1.5368e+01  3.3970e+00  1.5934e+01  1.0000e+00
 1.6885e+01 -1.4351e+01 -5.6514e+00  1.8976e+01 -1.5998e+01 -6.0591e+00  2.5549e+01  1.0000e+00
-3.6254e-01  2.0374e+00  6.7377e-01  1.0749e+01 -7.1939e-01 -9.7068e+00  1.4501e+01  1.0000e+00
 1.1388e+01 -9.8416e+00  2.5316e+01  1.2837e+01 -1.1025e+01  2.9100e+01  3.3663e+01  1.0000e+00
 2.4485e+01  3.6092e+00  2.6417e+01  4.3720e+01  5.2992e+00  4.6137e+01  6.3782e+01  1.0000e+00
-4.3386e+00 -4.5318e+00 -2.0658e+01 -5.0683e+00 -4.8836e+00 -2.3145e+01  2.4191e+01  1.0000e+00
-7.5531e-01  2.3306e+00  3.2576e-01  3.2141e+00 -1.0311e+01  3.0568e+00  1.1224e+01  1.0000e+00
 1.5476e-02  1.1781e+00  3.9306e-01  1.0164e+00 -3.3109e+00  1.1782e+01  1.2280e+01  1.0000e+00
-2.5765e-01  1.5205e+00  5.4149e-02  1.2368e+01  2.6781e+00  8.0457e+00  1.4996e+01  1.0000e+00
-1.0438e+00  4.3328e-01  1.0542e+00 -1.2824e+00 -2.7005e+00  2.5227e+00  3.9117e+00  1.0000e+00
 2.6821e-02  4.4123e-01  1.1008e+00 -4.3252e+00  7.7611e+00  1.1661e+01  1.4660e+01  1.0000e+00
-4.9801e-01  8.4923e-01  6.1493e-01 -6.4868e+00  1.4503e+00  8.4961e+00  1.0787e+01  1.0000e+00
-1.3513e-01  1.5441e+00  2.2157e-01 -2.1140e+01  4.0768e+00 -4.1530e+00  2.1927e+01  1.0000e+00
-1.2591e+00  1.9300e+00 -5.3159e-01 -1.0393e+01  7.8016e+00 -8.4925e+00  1.5524e+01  1.0000e+00
-3.5020e+00 -9.9180e+00  2.2570e+01 -3.9094e+00 -1.1408e+01  2.5538e+01  2.8242e+01  1.0000e+00
 6.9428e-02  6.7995e-01  5.4846e-01 -2.7269e+00  7.3219e+00 -1.0106e+01  1.2774e+01  1.0000e+00
-5.2184e-01  1.9061e+00  4.1227e-01 -7.6775e-01 -7.9211e+00 -1.2711e+01  1.4997e+01  1.0000e+00
-3.1204e+01  6.6962e+00 -8.6202e+00 -3.5341e+01  8.4811e+00 -9.3543e+00  3.7528e+01  1.0000e+00
-2.9049e-01  1.5322e+00  3.9599e-01 -1.1449e+01  2.0719e+01  1.3447e+01  2.7225e+01  1.0000e+00
-8.7196e-01  1.6056e+00  1.1483e+00  5.0167e+00 -4.9987e+00 -9.7509e+00  1.2051e+01  1.0000e+00
-3.7608e-01  1.7915e+00  3.3179e-01 -7.6155e+00 -5.0105e-01  7.4477e+00  1.0664e+01  1.0000e+00
-1.2515e+01 -4.0055e+01 -4.5957e+01 -1.4920e+01 -4.4678e+01 -5.2169e+01  7.0288e+01  1.0000e+00
 3.0500e+01 -2.6886e+01  7.5738e+00  3.5409e+01 -3.1127e+01  8.7258e+00  4.7946e+01  1.0000e+00
-4.6080e-01  1.5578e+00  7.9559e-02  8.5825e+00  7.9214e+00 -2.0342e+00  1.1855e+01  1.0000e+00
-4.5856e+00  3.1643e+00  1.8890e+00 -6.1859e+00  3.8611e+00  9.4263e-01  7.3527e+00  1.0000e+00
-2.6951e-01 -4.1958e+00  8.8209e-01 -1.5389e+00 -2.3947e+01  3.4032e+00  2.4237e+01  1.0000e+00
-9.9771e-01  1.3736e+00  4.7927e-01  1.8769e+01  1.7854e+00 -4.3180e+00  1.9342e+01  1.0000e+00
 4.2805e-01  7.3546e-01  3.8865e-01 -2.0373e+00  8.3092e+00 -4.3235e+00  9.5857e+00  1.0000e+00
-2.2142e-01  1.3217e+00  2.1066e-01 -8.2354e+00 -1.3178e+01  1.1086e+01  1.9088e+01  1.0000e+00
-1.6621e+01  2.6049e+01 -1.3813e+01 -1.9141e+01  3.0285e+01 -1.5817e+01  3.9163e+01  1.0000e+00
-2.6886e+00  1.8416e+00  4.3357e+00 -3.6589e-01  2.0436e+00  5.9277e+00  6.2808e+00  1.0000e+00
-3.5482e-02  1.2124e+00  2.5406e+00  3.5998e+00  1.3147e+00 -3.3380e+00  5.0823e+00  1.0000e+00
-7.0043e-01  1.4327e+00  3.8318e-01 -8.9688e-01  1.8512e+01 -7.8010e+00  2.0109e+01  1.0000e+00
-5.5935e-01  1.4617e+00  2.9790e-01 -1.5596e+01  1.4045e+01  4.1302e+00  2.1390e+01  1.0000e+00
-5.4869e-01  1.3882e+00  6.1473e-01  9.7612e+00 -8.9768e+00  6.0941e+00  1.4595e+01  1.0000e+00
-2.5804e-01  1.4965e+00  2.3100e-01 -1.9681e+01 -9.4450e-01  4.4407e+00  2.0197e+01  1.0000e+00
-6.4685e-01  1.3902e+00  2.8142e-01 -3.0715e+00 -3.6459e+00  5.6662e-01  4.8008e+00  1.0000e+00
-6.0278e-02  1.8729e+00 -3.5450e-01  3.4422e+00 -4.8017e+00  3.1600e+00  6.7001e+00  1.0000e+00
-2.9464e-01  9.3719e-01  4.2600e-01 -1.1860e+01 -1.2940e+01 -9.3490e+00  1.9888e+01  1.0000e+00
-6.4991e-01  1.3780e+00  1.9402e-01 -5.8509e+00 -1.7230e+01 -1.5663e+00  1.8263e+01  1.0000e+00
 7.3757e+00 -1.2168e+01  2.1551e+01  8.9901e+00 -1.4079e+01  2.3887e+01  2.9148e+01  1.0000e+00
-1.3953e+00  2.4696e+00 -1.2367e+00 -2.8237e+00  1.9747e+00 -4.7314e+00  5.8531e+00  1.0000e+00
 5.9475e+01 -4.0670e+01 -8.2715e+01  6.9252e+01 -4.7253e+01 -9.5417e+01  1.2702e+02  1.0000e+00
 5.7550e-01  7.7815e+00 -2.0522e+00  1.7049e+00  1.6223e+01 -6.6722e+00  1.7624e+01  1.0000e+00
-3.0331e-01  1.5146e+00  5.0249e-02  1.0928e+01 -2.5939e+01 -2.5542e+00  2.8262e+01  1.0000e+00
 1.4995e+01 -4.0488e+00 -3.0652e+00  1.6312e+01 -3.6472e+00 -2.7320e+00  1.6937e+01  1.0000e+00
-2.6625e-01  1.2624e+00  5.0040e-01 -1.0336e+01  1.0255e+01  7.5732e+00  1.6412e+01  1.0000e+00
-1.6881e+00  2.3887e+00  2.1653e-01 -1.0961e+01  2.7160e+00  2.1136e+00  1.1488e+01  1.0000e+00
-1.7220e-01  1.8844e+00  6.7489e-01 -2.8861e+00  3.6018e+00 -3.5498e+00  5.8227e+00  1.0000e+00
-4.8258e-01  1.6107e+00  3.5348e-01  1.7630e+01 -1.9162e-01  1.2837e+01  2.1809e+01  1.0000e+00
 5.5958e-01  9.1366e-01  5.3651e-01  6.3943e+00 -2.8420e+00  6.8363e-01  7.0308e+00  1.0000e+00
-3.4380e-01  1.8416e+00  3.8939e-01 -1.5150e+00  2.5952e+00  1.5100e+01  1.5396e+01  1.0000e+00
 1.6120e-01  9.9713e-01  1.0799e+00 -4.6570e-01 -5.7899e+00  1.2995e+00  5.9522e+00  1.0000e+00
 9.8776e-01  1.2230e+00  1.5179e-01  4.9559e+00 -5.7685e+00 -5.2685e+00  9.2517e+00  1.0000e+00
 1.4723e+00 -1.1617e+01  2.0556e+01  1.7353e+00 -1.2991e+01  2.2960e+01  2.6437e+01  1.0000e+00
-4.1092e+01  3.1632e+01 -2.6237e+01 -5.8156e+01  4.4360e+01 -3.7300e+01  8.2105e+01  1.0000e+00
-1.0651e+00  1.3281e+00  8.9170e-01  1.8546e+01  9.9206e-01 -1.2363e+00  1.8614e+01  1.0000e+00
-1.2631e-01  2.9965e-02  4.6992e-01 -2.1997e+00 -3.4119e+00  4.3056e+00  5.9176e+00  1.0000e+00
-3.6959e-01  1.4522e+00  4.9608e-02 -1.6537e+01 -1.2290e+00 -9.5356e+00  1.9128e+01  1.0000e+00
 1.2665e-01  1.1798e+00 -3.2158e-02  1.8185e+01 -3.6598e-01 -7.6346e+00  1.9726e+01  1.0000e+00
-1.0557e-01  1.4330e+00  2.2820e-01  1.2300e+01 -4.9879e+00  1.9837e+01  2.3868e+01  1.0000e+00
-2.6560e-02  1.5805e+00  2.4442e-01 -1.4855e-01  9.6586e+00  3.8412e+00  1.0395e+01  1.0000e+00
-1.9755e+01  1.6667e+01 -5.5085e+00 -2.2190e+01  1.8756e+01 -6.1511e+00  2.9699e+01  1.0000e+00
 1.2076e+01 -9.4866e+00 -3.6961e+01  1.4084e+01 -1.1144e+01 -4.3137e+01  4.6726e+01  1.0000e+00
-4.9359e-01  2.8929e+00  1.0432e-02 -3.6915e+00 -4.9642e+00  1.4725e+00  6.3592e+00  1.0000e+00
-8.4396e-01 -2.3630e+01 -1.6866e+01 -2.3151e-01 -2.7045e+01 -1.9080e+01  3.3099e+01  1.0000e+00
-8.9480e+00  8.4438e+00 -3.4865e+01 -1.0537e+01  9.9662e+00 -4.0471e+01  4.2991e+01  1.0000e+00
 4.1132e+00 -2.0571e+01  2.2919e-01  4.5113e+00 -2.2999e+01  3.5512e-01  2.3440e+01  1.0000e+00
-9.1283e-01  1.6740e+00  4.4106e-01  2.1142e+01 -2.2651e+00 -3.5617e+00  2.1559e+01  1.0000e+00
-4.0214e+00 -5.2382e+00 -2.2099e+01 -4.5806e+00 -6.0392e+00 -2.4232e+01  2.5389e+01  1.0000e+00
 2.2304e+00  5.1353e+00  4.6842e+00  1.7610e+00  3.7539e+00  3.1957e+00  5.2350e+00  1.0000e+00
-1.4471e-02  1.5936e+00  8.0071e-01 -1.9311e+00  9.4146e-01  2.0716e+00  2.9844e+00  1.0000e+00
 1.3987e+01  8.2682e+00  1.9260e+01  1.8088e+01  9.8636e+00  2.4541e+01  3.2043e+01  1.0000e+00
-1.0202e+00  1.9539e+00 -4.3193e-01  3.7078e+00 -6.1879e-02  8.8264e+00  9.5738e+00  1.0000e+00
 1.3858e+01 -1.7056e+01 -6.7502e+00  1.6481e+01 -1.8714e+01 -7.6484e+00  2.6083e+01  1.0000e+00
-6.4762e-01  1.3724e+00  3.1251e-01  1.4045e+01 -2.6959e+00  3.3975e+00  1.4700e+01  1.0000e+00
-4.4374e-01  1.5981e+00  2.3981e-01  8.2259e-01  1.9663e+01  8.9555e+00  2.1622e+01  1.0000e+00
-2.4065e+01 -1.0809e+01 -7.5138e+00 -2.7339e+01 -1.2222e+01 -8.4298e+00  3.1110e+01  1.0000e+00
 1.1828e+01  6.6124e+00  1.1964e+01  1.2358e+01  7.4801e+00  1.3286e+01  1.9627e+01  1.0000e+00
 6.0242e-01  1.0953e+00  2.4961e-01  5.8551e+00 -2.6978e+00  8.9587e+00  1.1037e+01  1.0000e+00
 9.7725e+00 -3.1757e+01 -2.5122e+00  1.1444e+01 -3.6736e+01 -2.9199e+00  3.8587e+01  1.0000e+00
 3.6489e+01 -1.0925e+01  2.8226e+01  8.4634e+01 -2.7141e+01  6.4804e+01  1.1000e+02  1.0000e+00
-4.7238e+01 -4.5509e+00  6.9709e+01 -5.6974e+01 -5.5829e+00  8.4052e+01  1.0170e+02  1.0000e+00
 1.8697e+01 -3.2250e+01 -2.6208e+01  2.2003e+01 -3.7689e+01 -3.0700e+01  5.3358e+01  1.0000e+00
-3.1162e-01  1.2280e+00  3.8149e-01  1.4058e+00  8.6301e+00  1.6204e+01  1.8412e+01  1.0000e+00
-1.8845e+00  6.6436e+00  1.5403e+00 -4.8202e-01  6.5627e+00  1.0393e+00  6.6620e+00  1.0000e+00
 6.9380e-02  1.3256e+00 -4.1179e-02  6.7008e-01  1.4839e+01  6.4954e+00  1.6212e+01  1.0000e+00
-1.0012e+01 -2.0299e+00 -7.0257e+00 -9.6802e+00 -2.3637e+00 -5.8438e+00  1.1552e+01  1.0000e+00
-5.3542e-02  1.3566e+00  1.6284e-02  1.0641e+01 -6.0217e-01 -2.5940e+01  2.8044e+01  1.0000e+00
-6.5274e-02  2.9174e-01  1.1286e-01  2.6106e+00 -7.3995e+00  2.7923e+00  8.3286e+00  1.0000e+00
-3.3491e-01 -2.3568e+01 -1.6796e+01 -1.1751e+00 -2.6668e+01 -1.9226e+01  3.2897e+01  1.0000e+00
-1.1610e+00 -1.2822e+01 -4.0494e-01 -2.3349e+00 -3.7339e+01 -2.6108e+00  3.7503e+01  1.0000e+00
-8.8333e-01  1.5852e+00  1.4296e-01 -4.8407e+00  1.8526e+00  2.7034e+00  5.8457e+00  1.0000e+00
-3.3873e-01  8.0130e-01  1.1149e+00  3.9595e-01 -3.5229e+00 -4.7717e+00  5.9445e+00  1.0000e+00
 8.8880e-01  1.4277e+00  4.5957e-01  6.9200e+00  7.0888e+00  8.1372e-01  9.9398e+00  1.0000e+00
-2.0516e-01  1.2358e+00  7.7239e-01  1.5294e+01 -1.1946e+00  2.6533e+00  1.5569e+01  1.0000e+00
-4.5381e+01 -5.4581e+01  2.5559e+01 -5.1364e+01 -6.2584e+01  2.9541e+01  8.6184e+01  1.0000e+00
 6.6802e-01  1.7451e+00 -2.7178e-01  3.6612e+00  2.4355e+00  3.3713e-01  4.4101e+00  1.0000e+00
-3.6626e+00  6.7235e+00 -2.5466e+00 -2.8671e+00  6.1293e+00 -1.4112e+00  6.9123e+00  1.0000e+00
 6.4584e-02  1.0695e+00  2.2743e-01 -1.5403e+01  9.4581e+00  2.9066e+00  1.8307e+01  1.0000e+00
-7.2713e-01  1.1465e+00  6.5565e-01 -1.1477e+01  9.0376e+00 -3.1843e+00  1.4952e+01  1.0000e+00
 3.9346e-01  1.2811e+00  4.8737e-01  9.2803e+00 -1.0370e+01  8.7493e+00  1.6438e+01  1.0000e+00
-3.6723e-01  1.5233e+00  4.5411e-01  1.3417e+01 -9.7559e-01 -1.6539e+01  2.1319e+01  1.0000e+00
-1.1322e-01  9.1970e-01  1.8140e-01  9.0384e+00  1.4731e+01  3.2420e+00  1.7585e+01  1.0000e+00
-1.5624e-01 -2.0659e+01  9.8167e+00 -1.7677e-01 -2.3218e+01  1.0866e+01  2.5635e+01  1.0000e+00
-2.7161e+01 -1.6131e+01 -9.8685e+00 -3.0553e+01 -1.7361e+01 -1.0352e+01  3.6634e+01  1.0000e+00
 4.8995e-01  1.6840e+00  2.1619e-02  2.1287e+00 -7.5843e+00 -2.9175e+00  8.4003e+00  1.0000e+00
-2.7773e-01  1.3875e+00  6.4776e-01 -1.8889e+01 -1.2226e+01  3.6061e+00  2.2788e+01  1.0000e+00
 3.4915e+01 -1.2493e+01 -2.0344e+00  4.0606e+01 -1.4482e+01 -2.2776e+00  4.3171e+01  1.0000e+00
 4.3529e-01  1.0234e+00  7.5044e-01  1.1442e+01 -5.9231e+00 -1.3514e+01  1.8672e+01  1.0000e+00
 3.3986e+02 -4.2044e+02  2.7523e+02  3.8386e+02 -4.7418e+02  3.0947e+02  6.8408e+02  1.0000e+00
 3.3721e-01  1.3004e+00 -4.5991e-02  6.3395e-01  3.5009e+00 -9.6459e+00  1.0281e+01  1.0000e+00
-2.7941e-01  1.1482e+00  6.7896e-01  1.1288e+01 -7.4301e+00 -9.6556e+00  1.6609e+01  1.0000e+00
-4.0414e-01  1.2731e+00 -1.1274e-01 -1.1421e+00  7.7938e+00  8.1958e+00  1.1367e+01  1.0000e+00
 1.8963e+01  1.5280e+01  1.5091e+00  2.1191e+01  1.6965e+01  1.8618e+00  2.7210e+01  1.0000e+00
-1.5608e+01 -4.0049e+00  8.5862e+00 -1.8305e+01 -4.6297e+00  1.0712e+01  2.1708e+01  1.0000e+00
 4.6784e+00 -2.5875e+01  1.2501e+00  5.2319e+00 -2.9240e+01  1.2194e+00  2.9729e+01  1.0000e+00
-2.9965e-01  1.2735e+00 -8.0357e-03 -8.2787e+00  1.8380e+01 -1.9501e+00  2.0252e+01  1.0000e+00
 1.2055e+00  1.1873e+01 -1.8429e+01  1.2333e+00  1.3096e+01 -2.0492e+01  2.4351e+01  1.0000e+00
-5.3546e+01  1.8033e+01  1.9554e+01 -6.8463e+01  2.3092e+01  2.4957e+01  7.6442e+01  1.0000e+00
-3.1194e-01  1.4920e+00  2.7331e-01  5.7587e+00  6.5862e+00 -1.0987e+01  1.4045e+01  1.0000e+00
-4.5249e-01  1.0300e+00  3.3125e-01  9.3944e+00 -1.1156e+01 -7.4457e+00  1.6375e+01  1.0000e+00
-3.5006e-01  1.6692e+00  4.6992e-01 -1.2849e+01  4.0323e+00 -6.5539e+00  1.4977e+01  1.0000e+00
-1.5167e+00  2.5049e+00 -2.2343e-01 -2.2378e+00  5.2030e+00 -4.7956e+00  7.4214e+00  1.0000e+00
 2.5906e+00 -2.6844e+01  2.1343e+01  2.9588e+00 -3.1072e+01  2.4720e+01  3.9816e+01  1.0000e+00
 1.6500e+01 -3.0857e+01  1.2238e+01  2.3419e+01 -4.3966e+01  1.7145e+01  5.2682e+01  1.0000e+00
-1.7683e+00  1.4827e+01  2.4841e+00 -3.1873e+00  1.4850e+01  2.9165e+00  1.5466e+01  1.0000e+00
-2.5305e-01  2.1154e+00  8.4414e-01  8.8783e+00 -1.6051e+00  4.5458e+00  1.0103e+01  1.0000e+00
-1.9917e+00  4.4581e+00  1.0671e-02 -5.1003e+00  1.0622e+01  5.0938e-02  1.1783e+01  1.0000e+00
-1.5485e-01  1.2888e+00  6.5150e-01  5.6104e+00 -7.7912e+00 -5.1628e+00  1.0901e+01  1.0000e+00
 1.3404e+01 -4.1021e+00  7.0857e+00  1.4260e+01 -3.7097e+00  7.0982e+00  1.6355e+01  1.0000e+00
-6.7235e-01  1.2938e+00 -9.2677e-02 -9.6128e+00  1.1341e+01  2.7384e+00  1.5117e+01  1.0000e+00
 3.3979e-02  9.8880e-01 -7.3727e-02 -2.4001e+00  2.7678e+00  2.0455e+00  4.1958e+00  1.0000e+00
-2.3589e-01  1.1193e+00  1.3965e-01 -9.5405e+00 -6.8704e+00  7.1796e+00  1.3776e+01  1.0000e+00
-5.6521e+00 -4.8290e+00 -2.8791e+01 -6.3522e+00 -5.3967e+00 -3.2906e+01  3.3945e+01  1.0000e+00
-1.3749e+00 -9.9560e-02  4.3062e+00  8.4508e-01  2.5357e+00 -1.3105e+00  2.9768e+00  1.0000e+00
 3.5408e+01 -7.3962e-01 -7.5722e+00  4.1138e+01 -7.3213e-01 -8.5516e+00  4.2024e+01  1.0000e+00
-5.1640e-01  2.2004e+00 -2.6481e-01 -5.2036e+00 -6.9765e-01 -1.1079e+00  5.3658e+00  1.0000e+00
 1.2344e+01 -2.1450e+00  3.2362e+01  1.4322e+01 -2.8607e+00  3.7611e+01  4.0347e+01  1.0000e+00
 2.3660e-01  7.5442e-01  1.1411e+00  9.1412e+00 -9.9716e+00  6.7284e+00  1.5108e+01  1.0000e+00
 6.0211e-01  2.5148e+00 -1.3178e-01  5.9326e+00  3.5040e+00  7.7232e+00  1.0350e+01  1.0000e+00
-1.3746e+01  2.3500e+00  2.2501e+01 -1.5382e+01  2.6622e+00  2.5513e+01  2.9910e+01  1.0000e+00
-2.6343e+00  9.5114e+00 -5.1505e-01 -3.5026e+00  6.0241e+00 -7.1864e-01  7.0053e+00  1.0000e+00
 1.4203e-01  1.5000e+00  4.1337e-01 -3.1984e+00  1.1215e+01  7.4700e+00  1.3849e+01  1.0000e+00
 9.4035e-01  5.5298e+01  3.5762e+01  2.7984e-01  6.3417e+01  4.0453e+01  7.5221e+01  1.0000e+00
-6.9931e+00  6.2418e+00 -1.9787e+00 -4.9248e+00  4.6345e+00 -3.2305e-01  6.7702e+00  1.0000e+00
-3.9678e-02  7.9190e-01  9.0219e-01  9.5374e+00  1.1641e+01 -1.2486e+01  1.9554e+01  1.0000e+00
-3.2690e-01  1.3981e+00  1.7556e-01  1.6308e+01  7.9475e+00 -2.4930e+00  1.8312e+01  1.0000e+00
-3.5055e-01  1.1991e+00  5.2655e-01  5.8422e+00  1.2945e+01 -5.8021e+00  1.5342e+01  1.0000e+00
-4.8061e-03  1.3801e+00 -1.0967e-01  4.2692e+00  7.8414e-01  1.3425e+01  1.4109e+01  1.0000e+00
-5.4981e-01  1.5355e+00  3.6281e-01 -7.3813e+00 -9.4189e+00 -4.8496e+00  1.2912e+01  1.0000e+00
-3.0056e+00  6.5821e-01  4.6884e+00  1.0826e+00  1.9129e+00 -3.0759e-01  2.2194e+00  1.0000e+00
-8.5897e-02  6.6470e-01  7.6602e-01 -8.6892e+00  2.0528e+00 -3.9621e+00  9.7680e+00  1.0000e+00
-2.0433e+01  1.7092e+01  5.7417e+00 -2.6840e+01  2.2413e+01  7.1407e+00  3.5689e+01  1.0000e+00
 2.8070e+00 -4.6399e+00  1.5278e+00  1.7883e+01 -3.1016e+01  6.2381e+00  3.6342e+01  1.0000e+00
-3.6846e-01  1.3184e+00  3.9543e-01  1.3701e+00 -3.8908e+00  3.2394e-01  4.1376e+00  1.0000e+00
-8.3415e-01  1.0355e+00  6.6584e-01 -1.0860e+01  3.9871e+00  1.5385e+00  1.1671e+01  1.0000e+00
-3.1993e-01  1.5241e+00  1.0876e+00 -4.3877e+00  1.0876e+00 -2.7598e-01  4.5289e+00  1.0000e+00
 1.1540e+01 -1.9269e+01 -9.7118e+00  1.3084e+01 -2.1359e+01 -1.0952e+01  2.7338e+01  1.0000e+00
-6.0961e-01  1.7687e+00 -3.6365e-02  2.5711e+00 -1.1147e+01  9.0482e+00  1.4586e+01  1.0000e+00
 1.5253e+01  4.3006e+00 -3.3689e+01  1.7743e+01  5.2253e+00 -3.7954e+01  4.2221e+01  1.0000e+00
-2.3572e+00  1.2706e+01 -7.7243e+00 -2.4337e+00  1.2890e+01 -7.0506e+00  1.4892e+01  1.0000e+00
-3.0460e+01 -1.0608e+01  7.2263e+00 -3.5382e+01 -1.2069e+01  8.3552e+00  3.8307e+01  1.0000e+00
 3.8334e+01 -3.6805e+00 -1.5661e+01  4.4970e+01 -4.2823e+00 -1.8237e+01  4.8716e+01  1.0000e+00
 1.4907e+01 -8.2482e+01  5.1189e+01  1.7616e+01 -9.7711e+01  6.0738e+01  1.1639e+02  1.0000e+00
-1.5342e-01  1.4452e+00  2.3480e-01  4.9163e+00  1.3710e+01 -6.0914e+00  1.5787e+01  1.0000e+00
 1.3542e-01  1.8456e+00  7.3386e-01  6.8490e-01  2.3164e+00  3.8293e-01  2.4457e+00  1.0000e+00
 7.9677e-02  1.2098e+00  4.6533e-01 -1.1256e+01 -6.1457e+00 -2.0092e+00  1.2981e+01  1.0000e+00
-1.0078e+00  6.0221e-01  6.0194e-01  6.7890e+00  8.1597e+00 -8.9410e-01  1.0652e+01  1.0000e+00
-1.8352e+01 -8.8686e+00 -9.3849e+00 -2.0693e+01 -9.4458e+00 -1.0549e+01  2.5074e+01  1.0000e+00
 1.0620e-04  1.1326e+00  3.6082e-01  9.7289e+00 -3.5975e+00 -9.1641e+00  1.3841e+01  1.0000e+00
 1.3619e-01  1.9400e+00  7.4514e-01 -2.7266e+00  6.3746e+00  1.8748e+01  1.9989e+01  1.0000e+00
-2.1870e-01  1.4519e+00  3.6497e-01 -2.0559e+01 -4.2611e+00 -8.5200e+00  2.2659e+01  1.0000e+00
-7.9271e-01  1.4068e+00  6.1287e-01 -6.1228e+00 -8.4666e-01  4.1255e+00  7.4314e+00  1.0000e+00
 3.4927e+00 -2.8091e+00 -4.0764e+00  1.7726e+00  6.7146e-01 -1.8683e+00  2.6615e+00  1.0000e+00
-8.6496e-01  1.5651e+00  4.5028e-01  5.7780e+00  4.0136e+00 -7.0292e-01  7.0702e+00  1.0000e+00
-6.5179e-01  1.5763e+00  3.6863e-01  1.4798e+01  1.0553e+01  3.6905e+00  1.8546e+01  1.0000e+00
 1.2480e+01 -1.5222e+01 -1.8348e+01  1.4075e+01 -1.7619e+01 -2.0512e+01  3.0484e+01  1.0000e+00
 1.0108e+01  4.8223e+00 -5.2095e+00  2.1967e+01  8.6794e+00 -1.0125e+01  2.5698e+01  1.0000e+00
 2.7844e-01  1.3690e+00  1.0260e+00  3.6798e+00  1.3329e+01  1.1084e+01  1.7722e+01  1.0000e+00
-8.8541e-02  7.7452e-01  6.3100e-01 -5.0612e+00  5.3947e+00  2.5747e-01  7.4016e+00  1.0000e+00
 3.3731e-01  1.2000e+00 -6.3076e-01  4.9537e+00  1.1859e+01 -2.4977e+00  1.3093e+01  1.0000e+00
 1.8187e+01 -8.9314e+00 -1.1955e+01  3.0622e+01 -1.5818e+01 -2.0127e+01  3.9913e+01  1.0000e+00
-4.9499e-01  1.5248e+00  2.3502e-01  1.1355e+01  3.4045e+00  8.6522e-01  1.1886e+01  1.0000e+00
-8.1986e-01  1.6290e+00  1.8009e-01 -1.0191e+01  1.1698e+01 -6.3721e+00  1.6772e+01  1.0000e+00
-4.4757e+01  1.0777e+01  2.2049e+01 -6.0108e+01  1.4429e+01  2.9668e+01  6.8566e+01  1.0000e+00
 4.8236e-02  1.6700e+00  6.8441e-01 -4.0555e+00  7.2001e-01  3.1420e+00  5.1805e+00  1.0000e+00
 1.6313e+01  1.1820e+01 -1.2164e+00  1.7489e+01  1.3188e+01 -9.2683e-01  2.1923e+01  1.0000e+00
-7.7252e-01  1.4723e+00  4.9656e-01 -1.1658e+01  9.4188e-01  1.1909e+01  1.6692e+01  1.0000e+00
-1.8006e-01  1.3122e+00  3.9501e-01  8.6357e+00  1.8360e+01  9.0378e+00  2.2212e+01  1.0000e+00
 3.5177e-02  1.2925e+00  7.2402e-01 -4.9773e+00 -1.4712e+00 -2.2248e+00  5.6469e+00  1.0000e+00
 3.2560e+00  1.4531e+01 -7.9540e-01  3.7116e+00  1.4191e+01 -1.3226e+00  1.4728e+01  1.0000e+00
-3.3738e+02  4.1901e+02 -2.8054e+02 -3.7964e+02  4.7214e+02 -3.1702e+02  6.8377e+02  1.0000e+00
-6.6549e-01  1.3347e+00 -7.6479e-02  1.2559e+01  2.6539e+00  8.1819e+00  1.5222e+01  1.0000e+00
-8.9007e-01  3.2520e+00  5.3226e-01  2.9684e+00  2.9401e+00  2.8918e+00  5.0811e+00  1.0000e+00
-1.0625e+00  3.7874e+00  5.8512e-02  5.2113e-01 -2.6815e+00  1.3379e+00  3.0417e+00  1.0000e+00
 3.2994e-01  1.2350e+00  8.5147e-01 -2.5271e+00  2.7695e+00 -4.4943e+00  5.8528e+00  1.0000e+00
-8.8359e-01  1.5732e+00  1.0996e+00 -3.5412e+00  1.1076e+01  2.8504e+00  1.1973e+01  1.0000e+00
 1.1926e+01 -1.7439e+01 -1.6757e+01  1.4470e+01 -1.8869e+01 -1.8821e+01  3.0326e+01  1.0000e+00
-4.0337e-01  1.4375e+00  4.8307e-01 -2.5133e+01  1.9331e+01 -1.3583e+01  3.4494e+01  1.0000e+00
-1.6238e-03  1.4699e+00 -9.9967e-01 -3.3756e+00  1.9759e+00 -1.4006e+01  1.4542e+01  1.0000e+00
-6.3567e-01  8.7758e-01  2.9011e-01  1.5047e+00  7.9819e+00 -4.4202e+00  9.2474e+00  1.0000e+00
-2.6347e+01  1.7167e+00  2.2636e+01 -3.0512e+01  2.2597e+00  2.6386e+01  4.0402e+01  1.0000e+00
-2.1636e-01  1.5378e+00  3.9642e-01  7.8769e+00  9.0613e+00  5.9141e+00  1.3384e+01  1.0000e+00
-2.0549e-01  1.3557e+00  5.5324e-01 -3.2415e+00  7.9168e+00 -2.0655e+00  8.8006e+00  1.0000e+00
-1.7843e+01  1.6318e+01 -2.8787e+01 -2.0709e+01  1.9127e+01 -3.3445e+01  4.3740e+01  1.0000e+00
 3.0186e+01 -2.0564e+01  8.3632e+00  3.5066e+01 -2.3779e+01  9.7723e+00  4.3481e+01  1.0000e+00
 1.5789e+01 -9.6973e+00  1.7835e+01  1.7637e+01 -1.0833e+01  2.0277e+01  2.8975e+01  1.0000e+00
-4.0530e-01  1.1410e+00  9.7663e-01 -1.8005e+01  9.0914e-01 -3.1320e+00  1.8298e+01  1.0000e+00
-2.6491e-01  1.4507e+00  3.3321e-01  9.8383e+00  8.3454e-01 -7.3271e+00  1.2295e+01  1.0000e+00
-2.6054e-01  1.2614e+00  2.0390e-02 -2.7901e+00 -6.7483e+00 -8.4840e+00  1.1194e+01  1.0000e+00
-1.1130e+01  1.4979e+00  3.4907e+00 -9.9369e+00  9.4297e-01  2.7425e+00  1.0351e+01  1.0000e+00
-9.2807e-01  1.2980e+00  2.8441e-01  6.8609e+00  7.5177e-01 -9.4309e-01  6.9661e+00  1.0000e+00
-3.3677e-01  1.4179e+00  2.9068e-01 -7.9306e-01  1.1455e+01  6.1185e+00  1.3011e+01  1.0000e+00
-1.7885e-01  1.0696e+00  6.1535e-01  9.9292e+00 -3.6947e+00 -6.0449e-02  1.0594e+01  1.0000e+00
-5.5702e-01  1.4987e+00  5.5585e-01  6.8033e+00 -9.7913e+00 -1.1016e+01  1.6233e+01  1.0000e+00
-1.1121e+01  1.1344e+01 -9.2836e+00 -1.1679e+01  1.2947e+01 -9.7005e+00  1.9953e+01  1.0000e+00
-7.9713e-01  1.9641e+00  3.7552e-01 -1.5732e+01  3.3707e+00 -7.0058e+00  1.7549e+01  1.0000e+00
-9.0178e+00  5.7069e+00 -2.1922e+01 -1.0207e+01  6.4097e+00 -2.4520e+01  2.7322e+01  1.0000e+00
-3.7019e+00  1.2943e+01  4.9695e+00 -5.2156e+00  1.2351e+01  3.8294e+00  1.3943e+01  1.0000e+00
-2.8654e+01 -6.1739e+00 -7.7237e+00 -3.3280e+01 -6.8856e+00 -8.3644e+00  3.4999e+01  1.0000e+00
-4.8926e-02  5.7474e-01  1.1364e+00  7.0127e+00 -3.0697e+00  6.6394e+00  1.0133e+01  1.0000e+00
-1.7570e-01  2.6432e-01 -2.5978e+00 -3.9874e-01  3.0144e+00  5.2779e+00  6.0911e+00  1.0000e+00
-5.8765e-01  1.7059e+00  1.7363e-01 -4.0130e+00  5.1683e+00  5.6436e+00  8.6409e+00  1.0000e+00
 2.2464e+00  1.3606e+00 -1.0080e+00  6.5499e+00  7.3044e-01  1.4257e+00  6.7429e+00  1.0000e+00
 1.0376e-01  9.7671e-01  8.4184e-01  2.4641e+00  1.5982e+01  1.1513e+00  1.6211e+01  1.0000e+00
 1.1539e-02  1.4128e+00  4.3250e-01  1.4148e+01  2.9389e+00 -2.1194e+00  1.4605e+01  1.0000e+00
 4.1443e-01  3.1420e+00  1.7976e+00  5.5659e-01  3.9108e+00  1.5219e+00  4.2333e+00  1.0000e+00
 2.0722e+00 -9.0403e-02 -1.1222e+00 -5.9418e+00  5.7656e+00 -2.1252e+00  8.5477e+00  1.0000e+00
 2.3371e+00  7.4106e+00 -2.3513e+00  3.4773e+00  9.7997e+00 -4.3547e+00  1.1273e+01  1.0000e+00
-3.1167e-01  2.6821e+00  3.7705e-01 -6.0302e+00  8.5475e+00  6.1118e-02  1.0461e+01  1.0000e+00
-3.6674e+01  3.9889e+01 -2.4218e+01 -4.1903e+01  4.4155e+01 -2.6612e+01  6.6435e+01  1.0000e+00
-2.2592e-01  1.5019e+00  2.3318e-01 -1.3219e+00 -6.9333e+00  2.5022e+01  2.5999e+01  1.0000e+00
-3.7999e-02 -2.4170e-02  6.9569e-01  1.0304e+01 -4.8420e+00 -6.2510e-01  1.1403e+01  1.0000e+00
-1.1915e+01 -5.7445e+00 -1.1628e+01 -1.9562e+01 -1.0603e+01 -1.9918e+01  2.9864e+01  1.0000e+00
-2.2514e-01  1.5859e+00  4.6969e-01 -4.6428e+00 -3.1719e+00 -1.4495e+01  1.5547e+01  1.0000e+00
-6.0586e-01 -1.9690e+01 -1.0913e+01 -5.9146e-01 -2.1768e+01 -1.2423e+01  2.5071e+01  1.0000e+00
-4.6187e-02  1.4527e+00  9.5087e-01 -1.4556e+01  5.3372e+00  2.8645e+00  1.5766e+01  1.0000e+00
 1.1999e+01 -1.7473e+01 -1.6618e+01  1.2858e+01 -2.0479e+01 -1.8949e+01  3.0721e+01  1.0000e+00
-1.0374e+00  1.3093e+00  6.6492e-01 -2.0571e+00 -3.3690e+00 -5.8261e+00  7.0374e+00  1.0000e+00
-3.9390e+01  1.0112e+01 -2.0658e+01 -9.0978e+01  2.1556e+01 -4.8363e+01  1.0526e+02  1.0000e+00
 1.6320e+00  1.1876e+01  4.6293e+00  2.3674e+00  1.1090e+01  3.6816e+00  1.1923e+01  1.0000e+00
 6.0113e+00 -1.2083e+01  1.9150e+01  6.9998e+00 -1.3413e+01  2.1626e+01  2.6393e+01  1.0000e+00
-4.3981e-01  1.5856e+00  4.1025e-01 -8.6052e+00 -6.8275e+00 -1.8086e+00  1.1133e+01  1.0000e+00
-2.4276e+01  1.3829e+01 -5.5584e+00 -4.2286e+01  2.3323e+01 -9.9036e+00  4.9297e+01  1.0000e+00
 8.8653e-02  9.6127e-01  2.9511e-01 -3.2143e+00  3.1595e+00  8.2625e-01  4.5822e+00  1.0000e+00
 1.4977e-01  1.6127e+00  7.7978e-01 -5.3606e+00 -7.6976e+00 -1.2145e+01  1.5346e+01  1.0000e+00
-1.4094e+01 -4.7695e+00  8.3354e+00 -1.4870e+01 -5.0835e+00  8.4332e+00  1.7834e+01  1.0000e+00
-8.5760e-02  1.3771e+00  1.0560e-01 -3.2725e+00 -1.4560e+01  1.3313e+00  1.4983e+01  1.0000e+00
-3.2659e+00  8.2091e+00  1.2462e+00 -9.0469e+00  2.0229e+01  2.7828e+00  2.2334e+01  1.0000e+00
 2.2938e+01 -2.9357e+01 -2.3502e+00  2.6819e+01 -3.4039e+01 -2.7886e+00  4.3424e+01  1.0000e+00
-9.4687e-01  2.7501e+00  8.4840e-01  3.0989e+00 -6.5201e+00 -8.7022e-01  7.2714e+00  1.0000e+00
 8.4891e-01 -2.3694e+00  1.6438e+00 -9.3563e-01 -1.6244e+00  1.7512e+00  2.5653e+00  1.0000e+00
 2.5914e-01  1.5462e+00  5.1820e-01  3.5238e+00  1.4743e+01 -1.1482e+01  1.9016e+01  1.0000e+00
 1.0127e+00  1.0608e+00  9.1320e-01 -2.3194e+00  8.4442e+00  2.1313e+00  9.0126e+00  1.0000e+00
-1.6895e+00  2.4676e+00 -2.3825e+00 -3.3879e+00  3.4868e+00 -8.3406e+00  9.6541e+00  1.0000e+00
-9.0797e-01  1.4479e+00  4.0766e-01  2.1570e+00  1.2180e+01 -1.0817e+01  1.6432e+01  1.0000e+00
-1.1208e+00  1.6507e+00 -4.1494e-01  1.1567e+01  4.6284e+00  5.6011e+00  1.3660e+01  1.0000e+00
-6.6565e+00 -1.9875e+00 -1.2445e+00 -4.7716e+00 -2.9268e-01 -3.1795e-01  4.7911e+00  1.0000e+00
-1.8916e-01  1.5383e+00  3.6298e-01  5.0743e+00  1.1791e+01 -7.3810e+00  1.4807e+01  1.0000e+00
-3.2576e-01  1.0220e+00  3.8668e-01  4.5456e-01  1.2696e+01 -4.2829e+00  1.3407e+01  1.0000e+00
-7.8162e-01  1.5442e+00  2.4699e-01 -1.3213e+01 -6.1283e-01  1.7543e+00  1.3343e+01  1.0000e+00
-5.8968e-01  1.9145e+00  2.8516e-01 -5.5001e+00 -1.6894e-02 -4.7906e+00  7.2940e+00  1.0000e+00
 6.5813e-02  1.6830e+00  8.3811e-01  7.2212e+00  1.2171e+01 -7.0831e+00  1.5826e+01  1.0000e+00
 4.6995e-01  1.9773e+00  9.8816e-01 -3.5479e+00 -7.1929e+00 -7.7918e+00  1.1182e+01  1.0000e+00
 6.7773e+00 -1.5332e+01 -4.1038e+00  2.1710e+01 -5.0342e+01 -1.3227e+01  5.6396e+01  1.0000e+00
-6.9300e-01  1.4517e+00  2.1195e-01 -2.5034e+01  5.8282e+00 -3.3477e+00  2.5921e+01  1.0000e+00
-5.0508e+01  4.0753e+01  1.9013e+01 -8.1274e+01  6.5132e+01  3.0714e+01  1.0859e+02  1.0000e+00
-9.4708e-01  1.5169e+00  1.1760e+00  9.6830e+00 -3.2844e+00 -3.0441e-01  1.0229e+01  1.0000e+00
-1.8700e-02  1.0137e+00 -5.2384e-02  3.3097e+00  1.1139e+01  1.4300e+01  1.8426e+01  1.0000e+00
-1.6486e+02  5.3944e+00  1.4815e+02 -2.4181e+02  7.3671e+00  2.1773e+02  3.2547e+02  1.0000e+00
-2.3456e-02  1.2087e+00  1.8053e-01 -2.7949e-01 -7.2584e+00  1.4024e+01  1.5793e+01  1.0000e+00
-6.3456e-01  1.2674e+00  3.4070e-01  1.8841e+01  1.1688e+01  1.4996e+01  2.6768e+01  1.0000e+00
-5.8594e-01  1.4684e+00  1.3880e-01  3.7698e+00 -1.2481e+00 -8.3262e+00  9.2247e+00  1.0000e+00
-4.2083e+00  6.1837e+00  1.6055e+01 -4.2102e+00  5.9222e+00  1.5774e+01  1.7367e+01  1.0000e+00
 6.0481e+00  2.8560e+00  1.7399e+00  1.2388e+00  2.3411e+00  1.2781e+00  2.9409e+00  1.0000e+00
 1.2321e+01 -7.2406e+00 -1.0510e+01  1.3108e+01 -7.9978e+00 -1.0999e+01  1.8888e+01  1.0000e+00
 5.3438e-01  1.7431e+00 -3.9802e-01  7.8544e+00  4.2390e+00 -4.2882e-01  8.9356e+00  1.0000e+00
 1.8194e+01 -1.8470e+01 -2.7262e+01  2.1276e+01 -2.1425e+01 -3.1469e+01  4.3611e+01  1.0000e+00
-2.3305e-01  1.5603e+00  4.6089e-01  3.9436e+00 -1.2809e+01 -1.0373e+01  1.6948e+01  1.0000e+00
-1.2142e-01  1.2775e+00  5.9083e-01  3.9636e+00  1.9502e+01  1.0524e+01  2.2512e+01  1.0000e+00
 2.6393e-01  1.6585e+00  7.8214e-01 -8.8667e+00  5.7666e+00 -7.5772e+00  1.3011e+01  1.0000e+00
-1.3962e+01 -2.2408e+01 -2.1054e+01 -2.4920e+01 -4.1521e+01 -3.8291e+01  6.1735e+01  1.0000e+00
-8.0625e-02  1.2288e+00  6.5628e-01  1.9222e+01  3.1988e+00  1.3871e+01  2.3919e+01  1.0000e+00
 5.6509e-01  2.0105e+00  2.2822e-02 -2.4328e+00  1.0901e+00  6.8256e+00  7.3277e+00  1.0000e+00
-3.2896e-02  1.4558e+00  4.6220e-01 -2.1328e+01  5.6647e+00  1.3240e+01  2.5734e+01  1.0000e+00
 3.9713e-02  1.8983e+00  1.1711e+00  3.9728e+00  5.1137e+00  1.2369e+01  1.3961e+01  1.0000e+00
 5.7125e-01  8.6600e-01  7.5159e-01 -1.0216e+00  7.6692e+00 -7.1045e+00  1.0504e+01  1.0000e+00
-1.1828e+00  2.6439e+00  2.1412e+00  2.5301e+00 -7.7675e-01 -5.6529e+00  6.2418e+00  1.0000e+00
-4.4014e+00  6.8767e+00  1.9320e+01 -4.4220e+00  7.7697e+00  2.0989e+01  2.2813e+01  1.0000e+00
-8.6512e-01  1.0814e+00 -6.6028e-01 -2.9587e+00 -4.9889e+00  1.0451e+01  1.1952e+01  1.0000e+00
 1.8883e-02  1.0594e+00  3.8027e-01 -6.7385e+00  1.7406e+01  1.2139e+01  2.2265e+01  1.0000e+00
-1.1197e-01  1.1827e+00  5.8896e-01  4.9806e+00 -2.5253e+00  5.0098e+00  7.5021e+00  1.0000e+00
-3.6243e-01  1.5733e+00  5.7974e-01  2.3691e+01  4.3132e+00  4.0646e+00  2.4422e+01  1.0000e+00
 1.3730e+01 -3.4562e+01  6.1476e+01  1.5600e+01 -3.9382e+01  7.0865e+01  8.2560e+01  1.0000e+00
 2.6413e+01  5.0241e+00  2.4951e+01  3.0606e+01  5.7676e+00  2.9107e+01  4.2629e+01  1.0000e+00
-3.2737e+00  1.0750e+00 -1.4784e+00  3.3452e-01 -1.0711e+00 -3.4713e+00  3.6482e+00  1.0000e+00
-3.9342e-01  1.3528e+00  5.0749e-01  6.1120e-01  1.6271e+01 -1.8234e+01  2.4446e+01  1.0000e+00
-4.8739e-02  1.7511e+00  6.1515e-01 -1.9114e+00  8.6897e+00 -1.4723e+01  1.7203e+01  1.0000e+00
-6.9588e+00  4.6158e+00  2.7535e+01 -7.9644e+00  5.5220e+00  3.1485e+01  3.2943e+01  1.0000e+00
-1.8051e+01 -3.1339e+00 -1.7062e+01 -2.0262e+01 -2.4803e+00 -1.8720e+01  2.7698e+01  1.0000e+00
-3.0623e+00  9.2434e-01  1.7006e+00 -7.8950e+00 -1.7833e+00  3.1607e+00  8.6892e+00  1.0000e+00
-9.9668e+00 -1.7278e+01 -1.2920e+00 -1.1983e+01 -2.1802e+01 -1.2732e+00  2.4911e+01  1.0000e+00
 1.5146e-01  2.9001e+00  2.2825e-01 -2.1281e+00  1.4825e+01 -5.3701e-01  1.4986e+01  1.0000e+00
-2.5357e-01  1.2036e+00  3.3931e-01 -1.7263e+01 -1.2975e+00  1.1547e+00  1.7350e+01  1.0000e+00
-1.7141e+00  2.6211e-01  2.8797e-01  7.2156e+00  9.4247e+00  1.9138e+00  1.2023e+01  1.0000e+00
-3.4191e-01  1.2395e+00  6.2929e-01 -5.0429e+00  4.7402e+00 -1.1661e+00  7.0186e+00  1.0000e+00
-2.2696e-01  1.4467e+00  1.2246e+00 -5.3320e+00 -4.0358e-01 -5.7074e+00  7.8210e+00  1.0000e+00
-9.4361e+00  2.9858e+01 -3.8280e+00 -1.0756e+01  3.4298e+01 -4.3227e+00  3.6204e+01  1.0000e+00
 3.9374e+00  2.3918e+00  5.0060e+00  4.7229e-02  3.7577e+00  3.1313e+00  4.8916e+00  1.0000e+00
-1.6621e+01 -1.4207e-01 -4.3404e+00 -1.7457e+01  4.1967e-01 -4.6771e+00  1.8078e+01  1.0000e+00
 1.9730e+00  2.0595e+00 -2.7276e+00  8.8275e-01  9.0528e-01  2.4712e+00  2.7759e+00  1.0000e+00
-1.3336e+01 -4.9362e+00  9.2070e+00 -1.4079e+01 -4.3544e+00  9.5002e+00  1.7534e+01  1.0000e+00
-2.5875e-01  1.3093e+00  2.4150e-01 -8.4015e-01  2.4822e+01  1.0881e+01  2.7115e+01  1.0000e+00
 3.5082e+01  1.2737e+01  2.9175e+00  4.0634e+01  1.4929e+01  3.3222e+00  4.3417e+01  1.0000e+00
 1.2544e+01  1.7364e+01  2.4355e+00  1.4002e+01  1.9038e+01  3.0627e+00  2.3830e+01  1.0000e+00
-2.7435e+01 -1.6426e+01 -1.0089e+01 -3.2862e+01 -1.9827e+01 -1.2652e+01  4.0412e+01  1.0000e+00
 2.5641e+00  3.0388e+00 -1.9026e+00  4.9591e+00  3.6514e-01 -5.7928e+00  7.6342e+00  1.0000e+00
-2.6803e+01 -5.8792e-01 -7.0315e+00 -3.0636e+01 -4.6341e-01 -8.0868e+00  3.1689e+01  1.0000e+00
 4.3328e-02  1.2603e+00  5.5857e-01  1.4507e+01  5.5813e+00  1.0570e+01  1.8797e+01  1.0000e+00
-2.3808e-01  1.7402e+00  8.2284e-01 -5.9456e+00 -6.8079e-01 -1.0430e+01  1.2025e+01  1.0000e+00
-5.3317e+00  2.1644e+01 -8.3144e+00 -5.4788e+00  2.4598e+01 -9.4424e+00  2.6912e+01  1.0000e+00
 3.4776e+01  2.8395e+01 -2.1805e+01  4.7164e+01  3.8161e+01 -2.9444e+01  6.7436e+01  1.0000e+00
-5.7460e-01  1.0364e+00  3.3456e-01 -8.7433e+00 -3.8238e+00  1.8764e+01  2.1051e+01  1.0000e+00
-1.0833e-01  1.3352e+00  1.0547e+00  1.0367e+00 -8.9366e+00  2.3131e+01  2.4819e+01  1.0000e+00
-3.2155e-01  1.7659e+00  7.5031e-01 -3.0136e+00 -8.7115e+00  1.0906e+01  1.4280e+01  1.0000e+00
 4.2894e+00 -2.9874e+00  7.8081e-01  1.6512e+00  7.9048e-01  4.0201e+00  4.4173e+00  1.0000e+00
 2.8339e+00 -1.2391e+00  7.5258e-01  1.0175e+00  3.0656e+00 -5.5154e-01  3.2768e+00  1.0000e+00
-8.0307e-01  1.1022e+00  1.1415e+00 -8.3463e+00  4.8240e+00  8.4541e+00  1.2822e+01  1.0000e+00
-2.1028e+01 -1.0610e+01 -3.6990e+01 -2.4800e+01 -1.2596e+01 -4.3834e+01  5.1914e+01  1.0000e+00
-3.7421e+01 -1.2396e+01 -1.2671e+00 -4.3695e+01 -1.4199e+01 -1.5546e+00  4.5970e+01  1.0000e+00
 4.0493e+00 -2.7421e+00 -4.3793e+00  3.2262e+00 -1.7768e-01 -7.9397e-01  3.3272e+00  1.0000e+00
 3.7766e+01  6.5895e+00 -3.9588e+00  4.3898e+01  7.9100e+00 -4.6921e+00  4.4851e+01  1.0000e+00
-6.9320e-01  1.1670e+00  1.8627e-01 -9.4398e+00 -4.4923e+00  8.4266e-01  1.0488e+01  1.0000e+00
-2.4396e-01  1.8205e+00  1.4617e+00  1.0610e+01  1.3084e+01  2.6522e+01  3.1419e+01  1.0000e+00
 3.4332e-01  1.2719e+00  4.2695e-01 -7.8559e+00  3.8055e+00  4.3631e+00  9.7587e+00  1.0000e+00
-4.8122e+00  2.1284e+00 -7.5197e-02 -9.5595e+00  2.7052e+00  4.5048e-01  9.9451e+00  1.0000e+00
-8.1347e-01  1.2028e+00  5.5301e-01 -2.1727e+01  1.2378e+00 -1.9582e+00  2.1850e+01  1.0000e+00
-4.7553e-01  1.3514e+00  3.1329e-01  6.8317e+00  5.4199e+00 -1.8706e+01  2.0639e+01  1.0000e+00
 4.1981e-01  1.4218e+00  4.8889e-01  6.0591e+00 -1.0981e+01  1.5619e+00  1.2639e+01  1.0000e+00
-1.4785e+01  1.2572e+01 -2.2742e+00 -1.5924e+01  1.3445e+01 -2.1913e+00  2.0956e+01  1.0000e+00
-1.2972e+00  1.4845e+00  3.5160e-01 -2.7925e+00  5.8297e+00  6.4063e+00  9.1008e+00  1.0000e+00
-1.4759e+01 -4.4172e+00 -2.2196e-01 -1.4931e+01 -4.4419e+00 -4.2464e-01  1.5583e+01  1.0000e+00
-6.7081e-01  1.5508e+00  5.7485e-01  1.3492e+01 -8.0811e+00  1.2593e+01  2.0147e+01  1.0000e+00
 2.2641e+00  2.7548e+00 -6.9012e-01  1.6671e+01  1.1336e+01 -7.3024e+00  2.1442e+01  1.0000e+00
-3.5413e-01  1.6420e+00 -4.1867e-02  2.6728e+00  1.1018e+01  1.7264e-01  1.1338e+01  1.0000e+00
-7.2395e-01  2.0255e+00  2.9994e-01  3.6506e+00 -1.0046e+01  1.3834e+01  1.7483e+01  1.0000e+00
 1.2062e+01 -2.9681e+01 -1.4321e+01  1.4008e+01 -3.4228e+01 -1.6552e+01  4.0519e+01  1.0000e+00
-2.7078e+01 -4.7583e+00  2.4380e+01 -3.1485e+01 -5.2589e+00  2.8331e+01  4.2681e+01  1.0000e+00
-5.1197e-01  1.5668e+00  1.8556e-01  1.1448e+01 -1.3142e+01  1.9176e+00  1.7534e+01  1.0000e+00
-2.7031e+00 -5.2899e-01 -3.4499e+00 -1.6847e-01  2.7099e+00  2.1398e+00  3.4569e+00  1.0000e+00
-6.9488e-01  2.2444e+00  4.0690e-01  7.5876e+00 -8.0337e+00 -9.0951e-01  1.1088e+01  1.0000e+00
 5.8086e-03  8.2102e-01  4.0909e-01 -4.9537e+00 -3.0318e+00 -2.5122e+00  6.3279e+00  1.0000e+00
-2.2441e+00 -2.4030e+01 -1.7007e+01 -1.8374e+00 -2.7750e+01 -1.9833e+01  3.4158e+01  1.0000e+00
-3.4198e+00  5.9327e+00 -3.9957e+00 -1.8735e+00  3.4835e+00 -6.0501e-01  4.0014e+00  1.0000e+00
-5.5809e-01  1.1699e+00 -1.4609e-01 -1.7548e+01 -1.5561e+00 -4.2840e+00  1.8130e+01  1.0000e+00
-6.0288e-01  1.6456e+00  2.2517e-01 -1.1488e+01  1.5762e+01  4.0148e+00  1.9913e+01  1.0000e+00
 1.1100e+00  1.2676e+00 -1.2021e-01  1.2059e+01 -2.6857e+00 -3.0977e+00  1.2737e+01  1.0000e+00
-5.0301e+00  2.1816e+01 -9.0197e+00 -5.8801e+00  2.3951e+01 -9.3535e+00  2.6376e+01  1.0000e+00
-1.0556e-01  1.1799e+00  1.5612e-01 -3.8063e+00 -3.3908e+00 -1.5470e+01  1.6288e+01  1.0000e+00
 9.9996e-01  4.2431e+00  2.6511e+01  1.8342e+00  5.0895e+00  2.8202e+01  2.8716e+01  1.0000e+00
 3.4269e-01  5.2589e+00 -3.1822e+00  2.6706e-01  3.9539e+00 -2.8607e+00  4.8875e+00  1.0000e+00
-3.6394e-01  1.5536e+00  3.8000e-01 -1.7958e-01 -6.6693e+00  2.3629e+01  2.4553e+01  1.0000e+00
-2.1032e-02  4.8601e-01  6.7112e-01 -2.4182e+00  4.9045e+00  1.5643e+00  5.6876e+00  1.0000e+00
-4.9287e-01  1.4061e+00  4.6802e-01  1.6762e+00  1.0863e+00  1.6130e+01  1.6253e+01  1.0000e+00
 8.2039e+00  1.6784e+01  8.9116e+00  9.1061e+00  1.8463e+01  9.5574e+00  2.2697e+01  1.0000e+00
-7.7166e-01  1.4644e+00  5.4145e-01  5.1891e+00 -1.2577e+01 -4.1282e+00  1.4218e+01  1.0000e+00
-7.5180e-02  1.4477e+00  3.7521e-01 -2.3482e+01  1.9720e+01 -6.1179e+00  3.1268e+01  1.0000e+00
-6.4299e-01  1.4165e+00  8.4334e-01 -2.1957e+00 -4.3163e+00 -2.2915e+00  5.3575e+00  1.0000e+00
-1.6935e-01  9.4019e-01  4.5769e-01 -1.7869e+01 -3.1297e+00 -1.4981e+01  2.3528e+01  1.0000e+00
 2.4231e-01  1.2101e+00  7.3878e-02 -8.8296e-01  1.2005e+01  9.5813e+00  1.5385e+01  1.0000e+00
-7.1915e-01  1.4317e+00  4.4902e-01 -7.5606e+00  9.3224e+00 -7.8791e+00  1.4358e+01  1.0000e+00
 1.2816e+01 -9.3051e+00 -1.4964e+00  1.3326e+01 -9.4591e+00 -1.3216e+00  1.6395e+01  1.0000e+00
-5.3122e-01  8.1500e-01  2.8054e-01 -1.0390e+01  7.1622e+00  2.2606e-01  1.2621e+01  1.0000e+00
 2.3458e+01 -4.4745e+01  2.8656e+01  2.5213e+01 -5.0310e+01  3.2422e+01  6.4946e+01  1.0000e+00
-3.5925e-01  3.0417e+00 -1.7054e+00 -2.0451e-01 -2.7662e+00 -6.0303e+00  6.6376e+00  1.0000e+00
 2.4497e+00 -1.2588e+01 -3.6017e+01  2.7442e+00 -1.4561e+01 -4.1819e+01  4.4366e+01  1.0000e+00
-9.8169e+00 -1.4096e+01 -2.4264e+01 -1.1661e+01 -1.6130e+01 -2.7849e+01  3.4230e+01  1.0000e+00
-1.6701e+00 -2.5747e+01  2.7805e+00 -1.7198e+00 -2.9320e+01  3.1527e+00  2.9539e+01  1.0000e+00
-3.6142e+01 -1.8189e+01 -9.4248e+00 -4.2352e+01 -2.1069e+01 -1.0975e+01  4.8560e+01  1.0000e+00
 1.8908e-01  1.5769e+00  6.4841e-01 -7.1098e+00  3.7295e+00  9.6684e+00  1.2567e+01  1.0000e+00
-2.8821e+01 -7.0786e+00 -5.4249e+00 -3.3241e+01 -8.1083e+00 -6.2821e+00  3.4788e+01  1.0000e+00
-3.6672e-01  1.3902e+00  3.6286e-05 -1.4050e+01  8.7781e+00 -2.0170e+01  2.6101e+01  1.0000e+00
-2.3674e-01  1.6436e+00  1.6223e-01  4.9361e-01  1.3368e+01 -1.7455e+01  2.1991e+01  1.0000e+00
-4.4689e+00  2.8234e-01 -1.4221e+01 -4.8489e+00  8.0471e-01 -1.6111e+01  1.6844e+01  1.0000e+00
-1.3283e+00  1.5170e+00  3.6914e-01  1.5467e+00 -3.5705e+00  9.1560e+00  9.9486e+00  1.0000e+00
-2.9540e-01  1.3105e+00  2.1971e-01 -8.3966e+00  2.4363e+00  6.8319e+00  1.1096e+01  1.0000e+00
