# limit = 31.4226
#
# x           y           z           vx          vy          vz          s           m
 6.9659e-01  2.7241e+00 -1.9292e+00  2.1647e+00  2.9601e-01 -7.3376e+00  7.6560e+00  1.0000e+00
-4.9187e-01  1.2556e+00  2.0984e-01 -1.6634e+01  2.0806e+00  1.7551e+01  2.4271e+01  1.0000e+00
 3.0716e+01  1.5225e+00  6.0109e+00  3.3890e+01  2.1363e+00  6.6164e+00  3.4596e+01  1.0000e+00
-5.7914e-01  1.5866e+00  2.9380e-01 -1.2380e+01 -8.3223e-02 -1.7420e+01  2.1372e+01  1.0000e+00
-2.6126e+01  9.8129e+00  1.5604e+01 -2.9179e+01  1.0811e+01  1.7213e+01  3.5561e+01  1.0000e+00
 1.1443e+01 -3.4486e+00  3.2357e+01  1.2998e+01 -3.5154e+00  3.6126e+01  3.8554e+01  1.0000e+00
 1.5650e+00 -2.6273e+01 -1.8111e+01  1.3372e+00 -2.9130e+01 -1.9907e+01  3.5307e+01  1.0000e+00
-6.4453e-01  1.7047e+00  2.7177e-01  6.1031e+00  3.9684e+00  8.5883e+00  1.1259e+01  1.0000e+00
-4.1178e+01  3.0072e+01  9.3436e+01 -4.5547e+01  3.3390e+01  1.0464e+02  1.1890e+02  1.0000e+00
 7.4044e+01 -3.9810e+01  1.9434e+00  1.1448e+02 -6.2004e+01  3.0410e+00  1.3022e+02  1.0000e+00
 2.6963e+00  4.5374e+00  2.5881e+00 -1.9524e+00  4.8316e-01 -7.1246e-01  2.1338e+00  1.0000e+00
-3.7944e-01  1.2508e+00  5.4098e-01  2.8392e+00 -8.4380e+00  8.3424e+00  1.2201e+01  1.0000e+00
-2.9524e-01  2.7305e+00  1.0925e+00  3.3770e+00 -1.1288e+01 -1.2834e+00  1.1852e+01  1.0000e+00
 6.5968e+00  2.2148e+00 -6.3749e-01  3.1370e+00  2.5847e+00  7.6977e-01  4.1369e+00  1.0000e+00
 1.7438e+00 -9.9197e-01  2.8752e-01 -2.2676e+00  4.1316e+00 -1.0659e+00  4.8320e+00  1.0000e+00
-9.9485e+00 -1.7049e+00 -7.4684e+00 -9.4055e+00 -9.4993e-01 -6.7211e+00  1.1599e+01  1.0000e+00
 1.8840e+01 -1.9717e+01 -2.2634e+01  2.0953e+01 -2.2008e+01 -2.5413e+01  3.9613e+01  1.0000e+00
-3.9328e-01  2.3833e+00  3.6768e-01 -4.2490e+00 -7.7866e-01  1.7945e+00  4.6776e+00  1.0000e+00
-2.0027e-01  7.6385e-01  6.9191e-01  2.6395e+00  7.0728e+00  5.4012e+00  9.2825e+00  1.0000e+00
 6.5537e+01  5.3074e+01 -2.2919e+01  7.3441e+01  5.8889e+01 -2.5204e+01  9.7451e+01  1.0000e+00
-6.7933e-02  1.5579e+00 -3.0488e-02 -8.0984e+00 -3.0886e+00 -6.2860e+00  1.0707e+01  1.0000e+00
 6.1072e-02  1.7376e+00  4.9319e-01 -5.8274e+00 -2.0297e+01  1.1662e+00  2.1149e+01  1.0000e+00
-5.7524e+00 -7.3581e+00  1.1142e+01 -8.0093e+00 -1.1403e+01  1.5564e+01  2.0891e+01  1.0000e+00
-1.4150e+01  2.6880e+01 -2.7066e+01 -1.5898e+01  3.0438e+01 -3.0413e+01  4.5871e+01  1.0000e+00
-1.0153e+00  3.0239e+01 -1.3364e+01 -1.2382e+00  3.3652e+01 -1.4787e+01  3.6778e+01  1.0000e+00
-7.2845e+00  4.3846e+00 -1.0675e+01 -7.7101e+00  5.2656e+00 -9.6342e+00  1.3416e+01  1.0000e+00
 9.4419e+00 -2.3620e+01  4.4522e+00  9.9772e+00 -2.6122e+01  4.7311e+00  2.8360e+01  1.0000e+00
 6.4560e+01 -1.6920e+01 -6.2288e+01  7.5256e+01 -1.9839e+01 -7.2627e+01  1.0645e+02  1.0000e+00
 1.8655e+00 -3.7086e+01 -4.8908e+01  2.1720e+00 -4.2131e+01 -5.5549e+01  6.9752e+01  1.0000e+00
 2.5637e-01  1.5791e+00  1.3634e-02 -3.2530e+00 -1.7584e+00  7.1714e+00  8.0686e+00  1.0000e+00
 1.0082e-02  1.1997e+00  2.9416e-01  2.2468e+00  1.2925e+01  8.4715e-01  1.3146e+01  1.0000e+00
-5.1103e-01  1.2101e+00  8.0638e-01  5.9266e+00  9.2757e+00 -2.4652e+00  1.1280e+01  1.0000e+00
-2.1243e-02  1.2846e+00  7.6246e-01 -1.1048e+01  6.4958e+00 -1.0110e+00  1.2856e+01  1.0000e+00
-5.5127e-01  1.4481e+00  3.9269e-01 -5.1787e+00  2.2100e+01 -3.4525e+00  2.2959e+01  1.0000e+00
-2.9392e-02  1.0891e+00  1.7394e-01  1.2727e+00  2.0921e+00  1.8801e+01  1.8960e+01  1.0000e+00
 1.8248e-01  1.6673e+00  4.8343e-01 -1.0188e+01 -9.4048e+00 -8.7768e+00  1.6410e+01  1.0000e+00
-1.8627e+00  9.9348e-01  1.3294e+00 -1.3408e+01  3.2996e+00  4.0903e+00  1.4401e+01  1.0000e+00
-2.5418e+01  4.8703e+01 -6.1062e+01 -2.8528e+01  5.4672e+01 -6.7946e+01  9.1758e+01  1.0000e+00
-3.1874e-01  1.6226e+00 -1.8159e-01  6.0161e+00  2.0340e+01 -4.4728e+00  2.1678e+01  1.0000e+00
 1.8035e+01 -3.9500e+00  1.5203e+01  1.9334e+01 -4.0579e+00  1.6394e+01  2.5672e+01  1.0000e+00
 9.1144e+00  8.6046e+00  1.4461e+00  7.6896e+00  7.7071e+00  2.0149e+00  1.1072e+01  1.0000e+00
 2.3277e+00  1.2740e+00 -9.1527e-01 -6.8052e+00  2.1558e+00  4.0156e-01  7.1498e+00  1.0000e+00
-1.2103e-01  2.0309e+00  6.2824e-01 -9.5061e+00  3.2900e+00  8.8988e+00  1.3431e+01  1.0000e+00
 3.7552e+00 -1.0807e+01  3.5265e+01  4.3056e+00 -1.1965e+01  3.9496e+01  4.1492e+01  1.0000e+00
 3.4265e+01  1.6513e+01  2.7366e+00  3.8684e+01  1.8500e+01  3.1334e+00  4.2994e+01  1.0000e+00
 2.5127e+00 -2.1613e+01  3.6403e+00  3.2352e+00 -2.3426e+01  4.1325e+00  2.4006e+01  1.0000e+00
 4.1068e-01  1.4363e+00  1.0009e-01  5.2798e+00  5.3279e+00 -5.1069e+00  9.0743e+00  1.0000e+00
 1.4892e+00  8.4107e-01  8.5011e-01 -1.0254e+01  1.0403e+01  2.1415e+00  1.4763e+01  1.0000e+00
 1.4317e+01 -5.5339e+00  6.6246e+00  1.4087e+01 -5.3337e+00  6.9812e+00  1.6602e+01  1.0000e+00
-2.7880e-02  1.1233e+00  2.8487e-01  8.1555e+00 -6.8980e+00  2.5149e+00  1.0974e+01  1.0000e+00
 9.5449e-01  1.3253e+00  1.6998e-01 -3.6799e-01  3.3872e+00  4.2625e+00  5.4568e+00  1.0000e+00
-3.1605e-01  1.2496e+00  4.6427e-01 -2.7061e+00  1.4114e+01  7.0005e+00  1.5986e+01  1.0000e+00
-3.9622e+00 -6.1734e+00  6.3937e+00 -2.9169e+00 -4.2645e+00  4.9555e+00  7.1590e+00  1.0000e+00
 9.0521e-01  1.9492e-01 -1.5796e+00  5.3576e+00 -1.9580e+00 -8.9054e+00  1.0576e+01  1.0000e+00
 6.0943e-01  7.1047e+00  7.1980e+00  2.1404e+00  1.2812e+01  1.3713e+01  1.8889e+01  1.0000e+00
 5.3620e-02  9.9786e-01  8.2116e-01 -1.1891e-01  8.8797e+00 -5.9199e+00  1.0673e+01  1.0000e+00
-8.5359e-02  1.2534e+00  7.3981e-01  2.2991e+00  6.9156e+00  2.1928e-01  7.2910e+00  1.0000e+00
 2.2326e-01  6.8948e-01  1.2980e+00 -1.8321e+00  4.5612e+00  2.3524e+00  5.4493e+00  1.0000e+00
-5.3481e-01  1.1980e+00  2.0469e-01  9.1747e+00  8.0449e+00 -6.8482e+00  1.3993e+01  1.0000e+00
 8.3429e+00 -4.7025e+00  2.5049e+01  8.9612e+00 -5.3874e+00  2.7563e+01  2.9479e+01  1.0000e+00
 2.5977e-02  1.6087e+00  1.0772e-01  1.1113e+01  8.4403e+00  8.3362e-01  1.3980e+01  1.0000e+00
-5.2800e+00 -9.4164e+00  4.1951e+00 -6.9872e+00 -1.3996e+01  5.6333e+00  1.6627e+01  1.0000e+00
 1.5748e+01  1.5958e+00 -7.5649e+00  1.7803e+01  1.9581e+00 -8.4679e+00  1.9812e+01  1.0000e+00
-5.5887e-01  1.4972e+00 -3.5752e-02 -1.2452e+00 -3.9568e-01 -4.8498e-01  1.3937e+00  1.0000e+00
 1.0813e-01  4.4278e+00  6.3034e-01  2.0033e+00  2.2529e+00  8.6966e-01  3.1377e+00  1.0000e+00
 2.1908e-01  1.6521e+00 -1.4328e-03 -1.2872e+01  6.4783e+00 -3.1598e+00  1.4753e+01  1.0000e+00
-5.4395e-01  1.4417e+00  7.7475e-01 -1.0781e+01  2.9922e+00 -8.2660e-01  1.1219e+01  1.0000e+00
 5.7691e-01  1.7403e+00 -6.0799e-01  5.8621e+00  2.3791e+00 -2.5414e+00  6.8179e+00  1.0000e+00
-2.8352e-01  1.2072e+00  2.3451e-01 -1.3190e-01  4.6678e+00  7.0727e+00  8.4752e+00  1.0000e+00
-2.1709e-01  3.7454e-01  8.8058e-01 -2.6723e-01  1.9678e+00  1.5830e+00  2.5396e+00  1.0000e+00
 3.0295e+01  3.2518e+00  5.4909e+00  3.3776e+01  3.2963e+00  6.0622e+00  3.4473e+01  1.0000e+00
-3.4369e-01  1.4189e+00  4.3518e-01 -7.1147e+00  2.7270e+00  1.4442e+00  7.7551e+00  1.0000e+00
 5.6531e-01  1.6640e+00  2.7460e-01 -1.0814e+01  5.0902e+00 -7.2711e+00  1.3990e+01  1.0000e+00
-5.3667e-02  1.2760e+00 -6.3000e-01  1.4446e+00  5.7070e+00  7.6244e+00  9.6327e+00  1.0000e+00
-5.2038e-01  1.7155e+00  4.1643e-01 -6.5073e+00 -4.5771e+00 -8.1730e-01  7.9977e+00  1.0000e+00
-3.0880e-01  1.5345e+00  2.2590e-01 -8.4790e+00  1.1158e+01  3.8788e-01  1.4020e+01  1.0000e+00
-2.2691e-01  1.5436e+00  4.9019e-01  1.1643e+01  8.6609e+00  3.4274e+00  1.4910e+01  1.0000e+00
-1.8778e-01  1.2957e+00 -6.2394e-02  2.0112e+00 -5.5033e+00 -6.3070e+00  8.6087e+00  1.0000e+00
 3.6650e+01 -1.7446e+01 -4.2001e+00  4.1393e+01 -1.9438e+01 -4.6678e+00  4.5967e+01  1.0000e+00
-2.1239e+01 -1.2825e+01 -8.1012e+00 -2.3390e+01 -1.3750e+01 -8.7103e+00  2.8496e+01  1.0000e+00
-4.3427e-01  2.2574e+00  4.6243e-01 -3.5502e+00 -1.2776e+00 -2.9898e+00  4.8140e+00  1.0000e+00
 2.4339e+01  5.5612e+00  1.5723e+01  3.2036e+01  6.9104e+00  2.0535e+01  3.8675e+01  1.0000e+00
-7.5330e-03  1.1310e+00  1.1630e+00 -7.5472e+00  5.0110e+00 -9.2998e+00  1.2983e+01  1.0000e+00
 6.5902e+00  6.1424e+00  8.6116e+00  5.2859e+00  5.8409e+00  7.2984e+00  1.0739e+01  1.0000e+00
-9.6599e-01  1.5981e+00  4.3773e-01  3.0007e+00  8.8852e+00  2.7606e+00  9.7761e+00  1.0000e+00
-7.7276e-01 -1.8104e-01  1.4701e-01 -4.2583e+00 -3.7571e+00 -7.8158e-01  5.7324e+00  1.0000e+00
 1.7525e+00  1.1684e+00  9.6306e-01  8.2076e-01  9.2301e-01  4.2662e+00  4.4414e+00  1.0000e+00
-1.3579e+00  2.7186e+00  3.7772e-01 -7.8999e-01  2.6310e+00  1.3648e+00  3.0674e+00  1.0000e+00
 1.5732e+02  3.9608e+01 -1.5263e+02  2.2218e+02  5.5313e+01 -2.1506e+02  3.1413e+02  1.0000e+00
 1.4059e-01  8.1068e-01  7.2614e-01 -1.9734e+00  8.7777e+00 -8.4969e-02  8.9972e+00  1.0000e+00
-1.5265e+00  3.3661e+00  9.5221e-01 -6.4477e+00  1.1797e+01  4.0774e+00  1.4049e+01  1.0000e+00
-5.9267e-01  1.4532e+00  7.9510e-01 -4.9758e+00 -1.3888e+01 -5.8964e+00  1.5887e+01  1.0000e+00
 1.4314e+00  1.3007e+00  1.6847e+00  2.8403e+00  1.1814e+00  7.4030e+00  8.0167e+00  1.0000e+00
-7.3129e-01  1.8364e+00  1.7123e-01 -6.3447e+00 -1.4748e+01 -1.9588e+00  1.6174e+01  1.0000e+00
 5.6837e+00 -1.9011e+00 -4.4349e-01  4.0935e+00 -8.2233e-01  9.0845e-02  4.1763e+00  1.0000e+00
-2.7369e-01  1.7593e+00  3.2250e-01  1.3484e+01  5.3538e+00 -1.1109e+01  1.8273e+01  1.0000e+00
 9.8251e+00  2.0233e+01  3.5537e+01  1.7298e+01  3.3979e+01  6.1195e+01  7.2101e+01  1.0000e+00
-1.1740e+01 -1.7120e+01 -1.9268e+01 -1.2937e+01 -1.8735e+01 -2.1152e+01  3.1077e+01  1.0000e+00
 2.5498e+00 -5.2359e+00 -2.2508e+01  2.6603e+00 -5.3870e+00 -2.3106e+01  2.3874e+01  1.0000e+00
 1.9928e+00  4.1772e+00 -1.3806e+00  5.6293e-01 -2.2696e+00  3.4130e+00  4.1372e+00  1.0000e+00
-6.8910e-01  1.5437e+00  6.3007e-01  1.6243e+01 -5.6615e+00  3.1165e+00  1.7482e+01  1.0000e+00
-3.5613e-01  1.2765e+00 -4.3950e-03  5.5016e+00  9.2311e+00 -1.1216e+01  1.5533e+01  1.0000e+00
-3.7971e+00  1.7669e+00 -5.4365e-01 -1.8003e+00  2.7338e+00  2.2169e+00  3.9534e+00  1.0000e+00
-3.6476e-01  1.1939e+00  5.4252e-01 -1.8288e+01  1.3579e+01  5.4249e+00  2.3415e+01  1.0000e+00
 2.9886e+01  1.1600e+01 -7.7552e-01  3.3196e+01  1.3162e+01 -8.7613e-01  3.5721e+01  1.0000e+00
-1.4196e-02  1.6472e+00  1.6261e-01  5.5625e+00  7.8515e+00 -9.5645e+00  1.3567e+01  1.0000e+00
 2.2214e+01  1.3201e+00  2.4902e+01  2.4688e+01  1.5792e+00  2.7670e+01  3.7117e+01  1.0000e+00
-1.2931e+00  2.7601e+00 -8.7170e-01 -2.6482e+00  6.6303e+00 -3.8027e+00  8.0891e+00  1.0000e+00
-1.1949e-01  1.0311e+00  4.0770e-01 -1.8721e+01  4.1281e-01  1.4353e+01  2.3593e+01  1.0000e+00
-3.6492e+01  7.8154e+00  8.3552e+00 -4.1030e+01  8.9772e+00  9.4489e+00  4.3050e+01  1.0000e+00
 1.5866e-02  9.3898e-01  5.6533e-01  1.8212e+01 -6.3648e+00 -4.1618e+00  1.9736e+01  1.0000e+00
 7.5547e+00 -1.2329e+01  2.2405e+01  7.3586e+00 -1.2844e+01  2.4764e+01  2.8850e+01  1.0000e+00
 8.1400e+00 -8.5424e+00  1.7808e+01  8.5087e+00 -9.1162e+00  1.9052e+01  2.2770e+01  1.0000e+00
 1.4610e+01 -1.7552e+01 -6.7769e+00  1.4800e+01 -1.9010e+01 -7.2643e+00  2.5164e+01  1.0000e+00
 9.4368e-01  6.4752e-01  6.3832e-01 -1.3170e+01  1.0855e+01 -2.7327e+00  1.7285e+01  1.0000e+00
-5.7279e-03  1.4766e+00 -8.5929e-02  1.1647e+01  9.7631e-01 -1.2263e-01  1.1689e+01  1.0000e+00
-3.1785e-01  8.6060e-01  7.3860e-01  3.1725e-01 -3.8892e+00  2.1078e+01  2.1436e+01  1.0000e+00
-3.9149e+00  1.1220e-01 -3.0019e+00 -7.7159e+00 -1.8219e+00 -4.5411e+00  9.1365e+00  1.0000e+00
-2.3757e-01  1.5178e+00  4.2490e-01  8.1171e+00 -4.8132e+00 -1.6846e+01  1.9309e+01  1.0000e+00
 6.0622e-01  1.2611e+00  5.5078e-01  1.6522e-02  1.3193e+00  6.7308e+00  6.8589e+00  1.0000e+00
-6.2540e-01  1.5960e+00  1.7357e-01 -1.2652e+01 -2.1988e+00 -2.9885e+00  1.3185e+01  1.0000e+00
 8.2945e-01  1.4148e+00  2.7868e-01 -1.4104e+00  1.0231e+00  4.3976e-01  1.7970e+00  1.0000e+00
-4.8382e+01  2.0089e+01  1.8463e+01 -5.4900e+01  2.2861e+01  2.1167e+01  6.3125e+01  1.0000e+00
-5.4257e-01  1.5071e+00  8.3654e-01  1.4745e+01  2.1096e+00  8.9785e+00  1.7392e+01  1.0000e+00
-3.4526e-02  6.2548e-01  5.9008e-01  3.5542e+00 -4.3420e+00 -4.0548e+00  6.9229e+00  1.0000e+00
-3.9314e-01  3.0214e+00  7.3230e-01 -2.5211e+00  1.2033e+01  2.4191e+00  1.2530e+01  1.0000e+00
 1.7425e+01 -1.4805e+01 -5.8236e+00  1.8960e+01 -1.5988e+01 -6.0557e+00  2.5530e+01  1.0000e+00
-6.8013e-02  1.8663e+00  3.6419e-01  8.6446e+00 -1.2386e+01 -1.0992e+01  1.8681e+01  1.0000e+00
 1.1752e+01 -1.0154e+01  2.6141e+01  1.2831e+01 -1.1019e+01  2.9087e+01  3.3647e+01  1.0000e+00
 2.5727e+01  3.7598e+00  2.7729e+01  4.3715e+01  5.2992e+00  4.6127e+01  6.3771e+01  1.0000e+00
-4.4825e+00 -4.6706e+00 -2.1315e+01 -5.0623e+00 -4.8830e+00 -2.3134e+01  2.4180e+01  1.0000e+00
-6.0015e-01  1.9227e+00  4.1844e-01  8.0656e+00 -1.9394e+01  2.7574e+00  2.1184e+01  1.0000e+00
-2.3066e-01  1.2640e+00  6.0868e-01 -1.5881e+01  5.2524e+00  8.5389e-01  1.6749e+01  1.0000e+00
-1.3216e-01  1.4679e+00  3.8922e-01 -4.0700e+00 -4.6490e+00  8.3297e+00  1.0371e+01  1.0000e+00
-1.0524e+00  3.9231e-01  1.1017e+00  6.2980e-01 -2.1703e-01  8.6045e-01  1.0882e+00  1.0000e+00
-6.9425e-02  7.5184e-01  1.3684e+00 -2.6569e+00  1.2731e+01  7.1212e+00  1.4828e+01  1.0000e+00
-6.2423e-01  1.0110e+00  7.8944e-01 -2.6303e+00  9.8807e+00  3.5330e+00  1.0818e+01  1.0000e+00
-7.3181e-01  1.4642e+00  3.1567e-01 -1.5578e+01 -4.6423e+00  7.0330e+00  1.7711e+01  1.0000e+00
-1.5235e+00  2.1378e+00 -7.4286e-01 -8.4013e+00  6.9160e+00 -6.5480e+00  1.2700e+01  1.0000e+00
-3.6129e+00 -1.0242e+01  2.3296e+01 -3.9051e+00 -1.1401e+01  2.5522e+01  2.8224e+01  1.0000e+00
-8.7067e-02  1.0273e+00  2.6694e-01 -8.4389e+00  1.8208e+01 -8.6007e+00  2.1834e+01  1.0000e+00
-4.9235e-01  1.4925e+00  1.1808e-01  2.7551e+00 -1.9328e+01 -4.4666e+00  2.0028e+01  1.0000e+00
-3.2208e+01  6.9372e+00 -8.8859e+00 -3.5330e+01  8.4784e+00 -9.3516e+00  3.7517e+01  1.0000e+00
-5.8690e-01  1.9204e+00  5.9585e-01 -7.9630e+00  7.4952e+00  2.5134e+00  1.1221e+01  1.0000e+00
-7.1964e-01  1.4426e+00  7.6782e-01  8.7412e+00 -6.3147e+00 -1.7257e+01  2.0349e+01  1.0000e+00
-4.9816e-01  1.5377e+00  5.0131e-01  1.8948e+00 -1.5032e+01  2.8200e+00  1.5411e+01  1.0000e+00
-1.2938e+01 -4.1326e+01 -4.7437e+01 -1.4918e+01 -4.4678e+01 -5.2169e+01  7.0288e+01  1.0000e+00
 3.1507e+01 -2.7769e+01  7.8215e+00  3.5403e+01 -3.1121e+01  8.7244e+00  4.7938e+01  1.0000e+00
-1.9607e-01  1.6155e+00  2.4189e-01  8.5515e+00 -2.0928e+00  1.3093e+01  1.5778e+01  1.0000e+00
-4.7567e+00  3.2721e+00  1.9141e+00 -5.8661e+00  3.7331e+00  8.2428e-01  7.0019e+00  1.0000e+00
-3.1308e-01 -4.8722e+00  9.7844e-01 -1.5298e+00 -2.3695e+01  3.3821e+00  2.3984e+01  1.0000e+00
-2.7839e-01  1.4588e+00  3.1670e-01  3.0881e+01  4.9908e+00 -5.4600e+00  3.1755e+01  1.0000e+00
 2.9497e-01  1.0485e+00  2.8582e-01 -7.7747e+00  1.3774e+01 -2.5869e+00  1.6027e+01  1.0000e+00
-4.8184e-01  1.1351e+00  5.6815e-01 -6.8629e+00 -7.1490e-01  1.0499e+01  1.2564e+01  1.0000e+00
-1.7166e+01  2.6908e+01 -1.4261e+01 -1.9136e+01  3.0277e+01 -1.5812e+01  3.9152e+01  1.0000e+00
-2.6961e+00  1.8989e+00  4.4993e+00 -1.6778e-01  1.9906e+00  5.5912e+00  5.9374e+00  1.0000e+00
 6.4087e-02  1.2517e+00  2.4210e+00  3.3924e+00  1.4597e+00 -5.1142e+00  6.3082e+00  1.0000e+00
-5.2946e-01  1.9182e+00  2.8371e-01  9.5515e+00  1.3123e+01  3.1628e-01  1.6234e+01  1.0000e+00
-8.3299e-01  1.8009e+00  3.9448e-01 -3.7872e+00  8.8077e+00  1.1819e+00  9.6600e+00  1.0000e+00
-1.7332e-01  1.2121e+00  5.9308e-01  1.5837e+01 -1.1311e+00 -6.8998e+00  1.7312e+01  1.0000e+00
-3.5621e-01  1.6412e+00  6.1506e-01  1.2066e+01  1.0728e+01  1.5818e+01  2.2603e+01  1.0000e+00
-5.1457e-01  1.3770e+00  3.4805e-01  1.0248e+01  3.0844e+00  1.8673e+00  1.0864e+01  1.0000e+00
 9.1366e-03  1.6831e+00 -1.7753e-01  1.0405e+00 -8.6330e+00  9.9032e+00  1.3179e+01  1.0000e+00
-5.7124e-01  8.1601e-01  1.4439e-01 -7.8974e+00  1.5099e+00 -8.6745e+00  1.1828e+01  1.0000e+00
-6.7515e-01  9.9864e-01  2.7091e-01  3.1104e+00 -8.7130e+00  5.8559e+00  1.0949e+01  1.0000e+00
 7.6300e+00 -1.2563e+01  2.2232e+01  8.9152e+00 -1.3773e+01  2.4089e+01  2.9146e+01  1.0000e+00
-1.4645e+00  2.5163e+00 -1.3533e+00 -2.0608e+00  1.3370e+00 -3.4959e+00  4.2727e+00  1.0000e+00
 6.1440e+01 -4.2011e+01 -8.5428e+01  6.9252e+01 -4.7253e+01 -9.5417e+01  1.2702e+02  1.0000e+00
 6.2365e-01  8.2397e+00 -2.2408e+00  1.6858e+00  1.6047e+01 -6.6064e+00  1.7435e+01  1.0000e+00
-4.1468e-02  8.3921e-01  1.7738e-01  7.4568e+00 -1.8949e+01  9.0155e+00  2.2270e+01  1.0000e+00
 1.5458e+01 -4.1522e+00 -3.1427e+00  1.6278e+01 -3.6366e+00 -2.7245e+00  1.6900e+01  1.0000e+00
-4.4625e-01  1.5819e+00  5.5852e-01 -5.6297e-01  1.1985e+01 -1.8051e+00  1.2133e+01  1.0000e+00
-1.9688e+00  2.4488e+00  2.7847e-01 -8.8783e+00  1.5747e+00  2.2314e+00  9.2889e+00  1.0000e+00
-2.8401e-01  1.8420e+00  4.9568e-01 -4.7062e+00 -7.4259e+00 -9.1789e+00  1.2710e+01  1.0000e+00
 2.5737e-02  1.4330e+00  6.3060e-01  1.4166e+01 -8.8060e+00  5.6833e+00  1.7622e+01  1.0000e+00
 6.4647e-01  9.0685e-01  5.4632e-01 -8.2145e-02  2.7108e+00 -6.9673e-01  2.8002e+00  1.0000e+00
-3.9032e-01  1.7098e+00  7.3048e-01 -1.0114e+00 -1.0595e+01  7.2434e+00  1.2874e+01  1.0000e+00
 1.0452e-01  8.7084e-01  1.0362e+00 -3.4447e+00 -2.7680e+00 -4.2214e+00  6.1113e+00  1.0000e+00
 1.0551e+00  1.0838e+00  1.2219e-02  3.4427e-01 -4.1169e+00 -4.2684e+00  5.9403e+00  1.0000e+00
 1.5216e+00 -1.1986e+01  2.1208e+01  1.7369e+00 -1.2980e+01  2.2944e+01  2.6418e+01  1.0000e+00
-4.2742e+01  3.2892e+01 -2.7297e+01 -5.8151e+01  4.4360e+01 -3.7300e+01  8.2101e+01  1.0000e+00
-4.4201e-01  1.3781e+00  7.5266e-01  2.5127e+01  3.7420e+00 -9.7206e+00  2.7200e+01  1.0000e+00
-1.8786e-01 -1.2939e-02  5.9376e-01 -2.1207e+00  3.0522e-01  4.2908e+00  4.7960e+00  1.0000e+00
-7.2208e-01  1.4159e+00  1.8409e-02 -7.9380e+00 -1.0043e-01  5.5039e+00  9.6599e+00  1.0000e+00
 5.5621e-01  1.2195e+00 -1.5551e-01  1.2514e+01  2.7454e+00 -2.0007e+00  1.2966e+01  1.0000e+00
 1.7828e-02  1.2907e+00  7.9587e-01 -1.6972e+00 -6.2160e+00  1.6918e+01  1.8103e+01  1.0000e+00
-1.9606e-01  1.6679e+00  4.1145e-01 -1.1060e+01 -3.6438e+00  7.0550e+00  1.3616e+01  1.0000e+00
-2.0385e+01  1.7198e+01 -5.6834e+00 -2.2176e+01  1.8745e+01 -6.1471e+00  2.9681e+01  1.0000e+00
 1.2477e+01 -9.8030e+00 -3.8184e+01  1.4081e+01 -1.1143e+01 -4.3131e+01  4.6720e+01  1.0000e+00
-5.9192e-01  2.7080e+00  6.7961e-02 -3.1622e+00 -8.1590e+00  2.6262e+00  9.1359e+00  1.0000e+00
-8.4914e-01 -2.4399e+01 -1.7408e+01 -1.3068e-01 -2.7025e+01 -1.9059e+01  3.3070e+01  1.0000e+00
-9.2470e+00  8.7268e+00 -3.6013e+01 -1.0536e+01  9.9636e+00 -4.0460e+01  4.2980e+01  1.0000e+00
 4.2413e+00 -2.1224e+01  2.3929e-01  4.5073e+00 -2.2980e+01  3.5659e-01  2.3420e+01  1.0000e+00
-1.9183e-01  1.4773e+00  2.9181e-01  2.3028e+01 -9.6779e+00 -6.5801e+00  2.5831e+01  1.0000e+00
-4.1516e+00 -5.4097e+00 -2.2788e+01 -4.5793e+00 -6.0300e+00 -2.4205e+01  2.5362e+01  1.0000e+00
 2.2792e+00  5.2400e+00  4.7726e+00  1.6704e+00  3.6156e+00  3.0305e+00  5.0047e+00  1.0000e+00
-1.3639e-01  1.5957e+00  6.8285e-01 -1.3539e+01 -1.1253e+00 -8.5228e+00  1.6038e+01  1.0000e+00
 1.4501e+01  8.5486e+00  1.9957e+01  1.8077e+01  9.8572e+00  2.4528e+01  3.2024e+01  1.0000e+00
-8.7432e-01  1.9138e+00 -1.3022e-01  6.9922e+00 -3.1709e+00  1.2832e+01  1.4953e+01  1.0000e+00
 1.4328e+01 -1.7587e+01 -6.9659e+00  1.6657e+01 -1.8677e+01 -7.5309e+00  2.6134e+01  1.0000e+00
-1.3156e-01  1.4306e+00  4.4083e-01  1.8111e+01  5.9185e+00  4.9233e+00  1.9679e+01  1.0000e+00
-3.8083e-01  1.8864e+00  5.6438e-01  3.3151e+00  1.9729e+00  1.0919e+01  1.1580e+01  1.0000e+00
-2.4842e+01 -1.1156e+01 -7.7534e+00 -2.7326e+01 -1.2216e+01 -8.4267e+00  3.1096e+01  1.0000e+00
 1.2179e+01  6.8247e+00  1.2341e+01  1.2336e+01  7.4697e+00  1.3265e+01  1.9594e+01  1.0000e+00
 6.7484e-01  1.0553e+00  5.2609e-01 -9.0517e-01 -4.6894e-01  1.0213e+01  1.0264e+01  1.0000e+00
 1.0097e+01 -3.2799e+01 -2.5950e+00  1.1441e+01 -3.6725e+01 -2.9192e+00  3.8576e+01  1.0000e+00
 3.8893e+01 -1.1695e+01  3.0066e+01  8.4634e+01 -2.7138e+01  6.4804e+01  1.1000e+02  1.0000e+00
-4.8856e+01 -4.7098e+00  7.2099e+01 -5.6974e+01 -5.5829e+00  8.4052e+01  1.0170e+02  1.0000e+00
 1.9322e+01 -3.3318e+01 -2.7081e+01  2.2001e+01 -3.7683e+01 -3.0698e+01  5.3352e+01  1.0000e+00
-4.9027e-01  1.6148e+00  5.9645e-01 -7.9363e+00  1.2717e+01 -2.0753e+00  1.5134e+01  1.0000e+00
-1.8970e+00  6.8263e+00  1.5688e+00 -4.0362e-01  6.3001e+00  9.7202e-01  6.3874e+00  1.0000e+00
-8.2675e-02  1.6931e+00  2.5080e-01 -1.1201e+01  8.5430e+00  1.4094e+01  1.9927e+01  1.0000e+00
-1.0285e+01 -2.0959e+00 -7.1919e+00 -9.5829e+00 -2.2891e+00 -5.8514e+00  1.1459e+01  1.0000e+00
 2.1052e-01  1.3547e+00 -5.7764e-01  8.0319e+00  2.8060e-01 -1.7432e+01  1.9196e+01  1.0000e+00
-8.0451e-04  1.4297e-01  2.1326e-01  1.9246e+00 -3.2445e+00  4.1419e+00  5.6023e+00  1.0000e+00
-3.6987e-01 -2.4327e+01 -1.7343e+01 -1.2890e+00 -2.6676e+01 -1.9235e+01  3.2913e+01  1.0000e+00
-1.2273e+00 -1.3882e+01 -4.7906e-01 -2.3313e+00 -3.7295e+01 -2.6083e+00  3.7458e+01  1.0000e+00
-8.3056e-01  1.5911e+00  3.1936e-01  8.2437e+00 -9.6001e-01  8.3304e+00  1.1759e+01  1.0000e+00
-3.0821e-01  7.6250e-01  9.0306e-01  1.7065e+00  1.1935e+00 -1.0161e+01  1.0372e+01  1.0000e+00
 1.0058e+00  1.6177e+00  4.7031e-01  1.7235e+00  6.1377e+00  3.1686e-02  6.3751e+00  1.0000e+00
 2.0100e-01  1.2629e+00  6.8512e-01  1.1560e+01  3.8829e+00 -5.8882e+00  1.3542e+01  1.0000e+00
-4.6839e+01 -5.6360e+01  2.6397e+01 -5.1364e+01 -6.2584e+01  2.9541e+01  8.6184e+01  1.0000e+00
 7.1297e-01  1.7920e+00 -2.3736e-01 -3.8708e-01  9.7686e-01  1.8157e+00  2.0978e+00  1.0000e+00
-3.7426e+00  6.8955e+00 -2.5856e+00 -2.7717e+00  5.9817e+00 -1.3361e+00  6.7266e+00  1.0000e+00
-4.2831e-01  1.5263e+00  4.2014e-01 -1.5947e+01  2.3718e+01  9.5647e+00  3.0139e+01  1.0000e+00
-9.3386e-01  1.4796e+00  4.9723e-01 -2.3169e+00  1.3300e+01 -6.8193e+00  1.5125e+01  1.0000e+00
 5.4635e-01  1.0162e+00  6.8383e-01  2.2117e+00 -8.2478e+00  4.6546e+00  9.7254e+00  1.0000e+00
-7.7897e-02  1.4046e+00  9.9065e-02  4.8849e+00 -5.0871e+00 -5.5212e+00  8.9568e+00  1.0000e+00
 2.6583e-03  1.4592e+00  3.5945e-01 -7.0463e+00  2.0361e+01  1.1321e+01  2.4339e+01  1.0000e+00
-1.6125e-01 -2.1318e+01  1.0125e+01 -1.7580e-01 -2.3201e+01  1.0858e+01  2.5617e+01  1.0000e+00
-2.8029e+01 -1.6625e+01 -1.0163e+01 -3.0609e+01 -1.7423e+01 -1.0401e+01  3.6724e+01  1.0000e+00
 4.5981e-01  1.4341e+00 -1.5251e-02 -4.5302e+00 -9.3952e+00  6.7549e-01  1.0452e+01  1.0000e+00
-7.2315e-01  1.1369e+00  5.4955e-01 -1.1652e+01 -4.5447e+00 -7.1196e+00  1.4392e+01  1.0000e+00
 3.6069e+01 -1.2904e+01 -2.0992e+00  4.0596e+01 -1.4480e+01 -2.2776e+00  4.3161e+01  1.0000e+00
 6.9655e-01  8.8178e-01  3.6560e-01  6.9436e+00 -3.5599e+00 -1.2456e+01  1.4698e+01  1.0000e+00
 3.5075e+02 -4.3389e+02  2.8403e+02  3.8386e+02 -4.7418e+02  3.0947e+02  6.8408e+02  1.0000e+00
 2.6694e-01  1.4032e+00 -2.2880e-01 -4.9156e+00  3.9214e+00 -3.3449e+00  7.1225e+00  1.0000e+00
 2.4981e-02  1.1139e+00  2.9000e-01  5.4201e+00  5.5007e+00 -1.5402e+01  1.7230e+01  1.0000e+00
-3.9017e-01  1.5366e+00  3.3791e-01  3.2951e+00  7.6474e+00  2.2966e+01  2.4429e+01  1.0000e+00
 1.9564e+01  1.5761e+01  1.5620e+00  2.1175e+01  1.6952e+01  1.8607e+00  2.7189e+01  1.0000e+00
-1.6127e+01 -4.1364e+00  8.8906e+00 -1.8267e+01 -4.6264e+00  1.0697e+01  2.1668e+01  1.0000e+00
 4.8272e+00 -2.6706e+01  1.2847e+00  5.2292e+00 -2.9224e+01  1.2188e+00  2.9713e+01  1.0000e+00
-5.0962e-01  1.7628e+00  1.7889e-01 -6.3543e+00  1.3231e+01  1.3705e+01  2.0081e+01  1.0000e+00
 1.2405e+00  1.2245e+01 -1.9011e+01  1.2311e+00  1.3084e+01 -2.0473e+01  2.4328e+01  1.0000e+00
-5.5490e+01  1.8690e+01  2.0262e+01 -6.8463e+01  2.3092e+01  2.4955e+01  7.6441e+01  1.0000e+00
-1.7900e-01  1.4261e+00  1.8495e-01  2.9532e+00 -3.8389e+00  5.7758e+00  7.5379e+00  1.0000e+00
-1.3492e-01  8.9937e-01  2.2109e-01  1.1632e+01  1.7810e+00 -6.2101e-01  1.1784e+01  1.0000e+00
-5.9878e-01  1.5486e+00  2.6259e-01 -3.9555e+00 -8.0497e+00 -5.0809e+00  1.0308e+01  1.0000e+00
-1.5562e+00  2.6317e+00 -3.4660e-01 -5.9418e-01  3.7533e+00 -3.8933e+00  5.4404e+00  1.0000e+00
 2.6747e+00 -2.7725e+01  2.2046e+01  2.9585e+00 -3.1064e+01  2.4715e+01  3.9806e+01  1.0000e+00
 1.7165e+01 -3.2107e+01  1.2725e+01  2.3416e+01 -4.3960e+01  1.7142e+01  5.2675e+01  1.0000e+00
-1.8588e+00  1.5248e+01  2.5669e+00 -3.1813e+00  1.4795e+01  2.9086e+00  1.5410e+01  1.0000e+00
-1.0989e-02  1.9793e+00  9.0498e-01  7.8203e+00 -7.9298e+00 -4.1190e-01  1.1145e+01  1.0000e+00
-2.1316e+00  4.7513e+00  1.3114e-02 -4.7646e+00  1.0043e+01  1.1866e-01  1.1116e+01  1.0000e+00
-3.3758e-02  1.1066e+00  4.0297e-01  1.5492e+00 -3.6069e+00 -1.0035e+01  1.0775e+01  1.0000e+00
 1.3809e+01 -4.2076e+00  7.2870e+00  1.4232e+01 -3.7073e+00  7.0774e+00  1.6321e+01  1.0000e+00
-8.0048e-01  1.6498e+00  1.3664e-01  4.3188e-01  1.2646e+01  1.2886e+01  1.8060e+01  1.0000e+00
-1.3116e-01  1.1651e+00  8.6635e-02 -8.7038e+00  7.4681e+00  8.6355e+00  1.4356e+01  1.0000e+00
-5.2753e-01  1.0507e+00  4.5382e-01 -8.1727e+00  3.5761e+00  1.2468e+01  1.5331e+01  1.0000e+00
-5.8323e+00 -4.9825e+00 -2.9726e+01 -6.3496e+00 -5.3946e+00 -3.2893e+01  3.3932e+01  1.0000e+00
-1.3493e+00 -2.5147e-02  4.2630e+00  9.5617e-01  2.7049e+00 -1.7317e+00  3.3511e+00  1.0000e+00
 3.6577e+01 -7.6039e-01 -7.8152e+00  4.1128e+01 -7.3180e-01 -8.5489e+00  4.2013e+01  1.0000e+00
-6.4986e-01  2.1225e+00 -2.4254e-01 -4.0789e+00 -4.8798e+00  2.8116e+00  6.9537e+00  1.0000e+00
 1.2751e+01 -2.2263e+00  3.3430e+01  1.4314e+01 -2.8643e+00  3.7596e+01  4.0330e+01  1.0000e+00
 4.4113e-01  4.9722e-01  1.2914e+00  5.5406e+00 -7.8127e+00  4.0678e+00  1.0406e+01  1.0000e+00
 7.4507e-01  2.5812e+00  1.0045e-01  4.1114e+00  1.1931e+00  8.5378e+00  9.5510e+00  1.0000e+00
-1.4183e+01  2.4257e+00  2.3225e+01 -1.5373e+01  2.6612e+00  2.5499e+01  2.9894e+01  1.0000e+00
-2.7333e+00  9.6807e+00 -5.3522e-01 -3.4661e+00  5.8937e+00 -7.0201e-01  6.8733e+00  1.0000e+00
-1.0253e-01  1.7311e+00  6.0796e-01 -1.3303e+01  5.0234e+00  4.5549e+00  1.4931e+01  1.0000e+00
 9.4827e-01  5.7098e+01  3.6910e+01  2.7979e-01  6.3416e+01  4.0453e+01  7.5221e+01  1.0000e+00
-7.1315e+00  6.3724e+00 -1.9874e+00 -4.8210e+00  4.5644e+00 -2.8932e-01  6.6453e+00  1.0000e+00
 2.0384e-01  1.2171e+00  5.1172e-01  4.6272e+00  1.8127e+01 -1.5329e+01  2.4186e+01  1.0000e+00
-9.9196e-02  1.6333e+00  4.2360e-01 -3.8617e+00  6.8051e+00  1.5639e+01  1.7487e+01  1.0000e+00
-6.7028e-02  1.6807e+00  3.9923e-01  4.6883e+00  1.5373e+01 -5.8116e+00  1.7090e+01  1.0000e+00
 7.5113e-03  1.3709e+00  4.1089e-01 -2.9597e+00 -6.9753e-01  2.0128e+01  2.0356e+01  1.0000e+00
-5.9507e-01  1.2517e+00  2.9560e-01  4.4399e+00 -8.4391e+00  3.0665e+00  1.0017e+01  1.0000e+00
-2.9722e+00  7.1345e-01  4.6756e+00  1.2693e+00  1.9775e+00 -5.9526e-01  2.4241e+00  1.0000e+00
-3.1272e-01  8.3734e-01  5.7480e-01 -6.5651e+00  1.0132e+01 -8.8150e+00  1.4949e+01  1.0000e+00
-2.1194e+01  1.7728e+01  5.9446e+00 -2.6828e+01  2.2402e+01  7.1367e+00  3.5672e+01  1.0000e+00
 3.3139e+00 -5.5185e+00  1.7045e+00  1.7809e+01 -3.0861e+01  6.2064e+00  3.6168e+01  1.0000e+00
-2.6594e-01  1.3737e+00  3.4484e-01  3.9398e+00  9.2552e+00 -3.5761e+00  1.0676e+01  1.0000e+00
-1.0362e+00  1.2325e+00  6.5136e-01 -3.2497e+00  9.2968e+00 -2.4055e+00  1.0138e+01  1.0000e+00
-4.1260e-01  1.5190e+00  9.4008e-01 -1.7636e+00 -2.1996e+00 -1.2009e+01  1.2336e+01  1.0000e+00
 1.1911e+01 -1.9876e+01 -1.0023e+01  1.3077e+01 -2.1345e+01 -1.0945e+01  2.7320e+01  1.0000e+00
-4.4203e-01  1.3576e+00  3.7934e-01  9.3268e+00 -1.4860e+01  1.9470e+01  2.6209e+01  1.0000e+00
 1.5756e+01  4.4488e+00 -3.4768e+01  1.7740e+01  5.2240e+00 -3.7948e+01  4.2215e+01  1.0000e+00
-2.4263e+00  1.3072e+01 -7.9242e+00 -2.4269e+00  1.2849e+01 -7.0206e+00  1.4842e+01  1.0000e+00
-3.1464e+01 -1.0951e+01  7.4633e+00 -3.5372e+01 -1.2065e+01  8.3525e+00  3.8295e+01  1.0000e+00
 3.9610e+01 -3.8020e+00 -1.6179e+01  4.4965e+01 -4.2816e+00 -1.8234e+01  4.8710e+01  1.0000e+00
 1.5408e+01 -8.5259e+01  5.2914e+01  1.7616e+01 -9.7711e+01  6.0738e+01  1.1639e+02  1.0000e+00
-2.1912e-01  1.6545e+00  2.3182e-01 -6.9469e+00 -2.0334e+00  5.3126e+00  8.9787e+00  1.0000e+00
 1.0826e-01  1.7720e+00  6.5991e-01 -3.1549e+00 -6.9750e+00 -6.5943e+00  1.0104e+01  1.0000e+00
-3.1579e-01  1.0199e+00  4.4264e-01 -1.2891e+01 -1.7132e+00  1.0447e+00  1.3047e+01  1.0000e+00
-7.5528e-01  9.0451e-01  5.6171e-01  1.1376e+01  1.3766e+01 -2.0739e+00  1.7978e+01  1.0000e+00
-1.8940e+01 -9.1369e+00 -9.6839e+00 -2.0679e+01 -9.4377e+00 -1.0540e+01  2.5056e+01  1.0000e+00
 1.0904e-01  1.0970e+00  1.6191e-01 -1.9131e+00  9.3494e-01 -4.1682e+00  4.6806e+00  1.0000e+00
 1.6040e-02  2.0311e+00  1.2074e+00 -5.3286e+00  1.0104e+00  1.3882e+01  1.4904e+01  1.0000e+00
-7.0193e-01  1.4710e+00  1.1835e-01 -1.1523e+01  3.1578e+00 -3.8730e+00  1.2560e+01  1.0000e+00
-8.3256e-01  1.4140e+00  6.0428e-01  2.7252e+00  1.2207e+00 -3.0508e+00  4.2690e+00  1.0000e+00
 3.5427e+00 -2.7884e+00 -4.1282e+00  1.7435e+00  7.8198e-01 -1.7849e+00  2.6148e+00  1.0000e+00
-5.2077e-01  1.6081e+00  3.4156e-01  1.8237e+01 -1.5868e+00 -7.2076e+00  1.9674e+01  1.0000e+00
-1.2906e-01  1.7248e+00  4.0353e-01  1.7870e+01 -2.1422e+00  2.5584e-01  1.8000e+01  1.0000e+00
 1.2879e+01 -1.5723e+01 -1.8930e+01  1.4067e+01 -1.7616e+01 -2.0498e+01  3.0470e+01  1.0000e+00
 1.0732e+01  5.0686e+00 -5.4967e+00  2.1915e+01  8.6612e+00 -1.0095e+01  2.5636e+01  1.0000e+00
 3.2452e-01  1.7349e+00  1.2596e+00 -1.0363e-01  1.2266e+01  5.7320e+00  1.3539e+01  1.0000e+00
-2.5559e-01  1.0392e+00  6.0400e-01 -5.6878e+00  1.4087e+01 -3.6811e+00  1.5632e+01  1.0000e+00
 4.4764e-01  1.5450e+00 -6.4471e-01  2.8305e+00  1.2280e+01  1.4826e+00  1.2689e+01  1.0000e+00
 1.9058e+01 -9.3800e+00 -1.2526e+01  3.0607e+01 -1.5812e+01 -2.0117e+01  3.9893e+01  1.0000e+00
-9.9245e-02  1.4608e+00  3.6957e-01  1.2897e+01 -3.7058e+00  1.0646e+01  1.7129e+01  1.0000e+00
-9.7849e-01  1.8523e+00  8.1831e-02 -2.7929e-01  4.1764e+00 -7.5531e-01  4.2534e+00  1.0000e+00
-4.6465e+01  1.1187e+01  2.2893e+01 -6.0103e+01  1.4427e+01  2.9665e+01  6.8560e+01  1.0000e+00
-1.1464e-01  1.5756e+00  7.0216e-01 -2.0624e+00 -5.0730e+00 -6.0901e+00  8.1901e+00  1.0000e+00
 1.6810e+01  1.2193e+01 -1.2427e+00  1.7467e+01  1.3173e+01 -9.2358e-01  2.1897e+01  1.0000e+00
-9.1151e-01  1.4196e+00  7.5507e-01  6.5566e-01 -3.0265e+00  5.5574e+00  6.3619e+00  1.0000e+00
-1.5615e-01  1.7948e+00  5.4426e-01 -2.6363e+00  1.1462e+01  1.6922e+00  1.1882e+01  1.0000e+00
-1.6101e-01  1.1922e+00  5.5333e-01 -4.3587e+00 -4.1375e+00 -4.4142e+00  7.4567e+00  1.0000e+00
 3.3612e+00  1.4933e+01 -8.3289e-01  3.6966e+00  1.4138e+01 -1.3172e+00  1.4673e+01  1.0000e+00
-3.4814e+02  4.3242e+02 -2.8956e+02 -3.7964e+02  4.7214e+02 -3.1702e+02  6.8377e+02  1.0000e+00
-2.0521e-01  1.4967e+00  3.1061e-01  2.2276e+01  1.0239e+01  2.0552e+01  3.1991e+01  1.0000e+00
-7.9751e-01  3.3062e+00  6.1150e-01  3.5470e+00  8.7731e-01  2.6640e+00  4.5219e+00  1.0000e+00
-1.0418e+00  3.6924e+00  9.9717e-02  9.4857e-01 -4.0298e+00  1.5682e+00  4.4270e+00  1.0000e+00
 1.3170e-01  1.3358e+00  6.4269e-01 -1.2305e+01  4.3560e+00 -9.5627e+00  1.6181e+01  1.0000e+00
-8.8192e-01  1.8342e+00  1.1402e+00  2.0604e+00  7.7606e+00 -9.3935e-01  8.0842e+00  1.0000e+00
 1.2343e+01 -1.7981e+01 -1.7277e+01  1.4857e+01 -1.9365e+01 -1.7662e+01  3.0127e+01  1.0000e+00
-9.6196e-01  1.8272e+00  7.3359e-02 -1.5353e+01  9.4177e+00 -1.2301e+01  2.1811e+01  1.0000e+00
-1.0260e-01  1.5235e+00 -1.3538e+00 -3.6763e+00  1.8332e+00 -1.1122e+01  1.1857e+01  1.0000e+00
-5.0064e-01  1.2256e+00  2.3817e-01  5.4163e+00  1.7884e+01  9.4090e-01  1.8710e+01  1.0000e+00
-2.7215e+01  1.7810e+00  2.3386e+01 -3.0504e+01  2.2591e+00  2.6380e+01  4.0392e+01  1.0000e+00
-1.7976e-01  1.5566e+00  4.2047e-01 -2.9326e+00 -4.3449e+00 -1.5797e+00  5.4748e+00  1.0000e+00
-3.8553e-01  1.5123e+00  3.6591e-01 -8.0837e+00 -8.9982e-01 -8.6261e+00  1.1856e+01  1.0000e+00
-1.8430e+01  1.6860e+01 -2.9737e+01 -2.0703e+01  1.9124e+01 -3.3439e+01  4.3733e+01  1.0000e+00
 3.1182e+01 -2.1239e+01  8.6409e+00  3.5061e+01 -2.3774e+01  9.7696e+00  4.3473e+01  1.0000e+00
 1.6290e+01 -1.0004e+01  1.8412e+01  1.7626e+01 -1.0826e+01  2.0266e+01  2.8958e+01  1.0000e+00
-8.6082e-01  1.2201e+00  7.6167e-01 -1.2932e+01  4.8420e+00 -1.1473e+01  1.7953e+01  1.0000e+00
-2.2983e-01  1.4903e+00  2.3699e-01 -5.1921e+00  2.1083e-01  1.7276e+00  5.4760e+00  1.0000e+00
-3.3025e-01  1.1896e+00 -1.7790e-02 -1.2107e+00  1.7841e+00  5.4727e+00  5.8821e+00  1.0000e+00
-1.1412e+01  1.5246e+00  3.5682e+00 -9.8657e+00  9.4169e-01  2.7210e+00  1.0277e+01  1.0000e+00
-5.4033e-01  1.4019e+00  3.2490e-01  2.1979e+01  4.9445e+00  4.0318e+00  2.2886e+01  1.0000e+00
-2.3449e-01  1.6592e+00  4.1357e-01  4.8133e+00  3.2174e+00  2.7883e+00  6.4261e+00  1.0000e+00
 1.5034e-02  1.1569e+00  4.9832e-01  1.8610e+00  8.5753e+00 -7.7610e+00  1.1715e+01  1.0000e+00
-1.8723e-01  1.2886e+00  1.7729e-01  1.6632e+01 -1.7500e+00 -1.1384e+01  2.0231e+01  1.0000e+00
-1.1452e+01  1.1712e+01 -9.5586e+00 -1.1659e+01  1.2928e+01 -9.6820e+00  1.9920e+01  1.0000e+00
-1.1445e+00  1.9743e+00  1.8062e-01 -9.0055e+00 -2.2347e+00 -6.4564e+00  1.1304e+01  1.0000e+00
-9.3075e+00  5.8892e+00 -2.2619e+01 -1.0200e+01  6.4056e+00 -2.4504e+01  2.7304e+01  1.0000e+00
-3.8498e+00  1.3293e+01  5.0779e+00 -5.1973e+00  1.2298e+01  3.8053e+00  1.3883e+01  1.0000e+00
-2.9600e+01 -6.3695e+00 -7.9613e+00 -3.3270e+01 -6.8849e+00 -8.3570e+00  3.4987e+01  1.0000e+00
 1.1405e-01  5.0504e-01  1.2858e+00  4.7125e+00 -8.6842e-01  4.0358e+00  6.2649e+00  1.0000e+00
-1.8709e-01  3.5433e-01 -2.4369e+00 -4.0242e-01  3.3297e+00  6.0660e+00  6.9314e+00  1.0000e+00
-6.3200e-01  1.6665e+00  3.9242e-01  2.3887e+00 -7.1044e+00  5.7918e+00  9.4723e+00  1.0000e+00
 2.4250e+00  1.3736e+00 -9.5654e-01  5.8311e+00 -9.2895e-02  2.3055e+00  6.2710e+00  1.0000e+00
 9.7717e-02  1.4769e+00  7.4563e-01 -3.3957e+00  1.7709e+01 -8.9082e+00  2.0112e+01  1.0000e+00
 2.2310e-01  1.4713e+00  3.6313e-01  5.4763e-01  1.4243e+00 -2.4096e+00  2.8521e+00  1.0000e+00
 4.2391e-01  3.2381e+00  1.8282e+00  1.1482e-01  2.8595e+00  6.4019e-01  2.9325e+00  1.0000e+00
 1.8945e+00  7.9651e-02 -1.1761e+00 -6.5779e+00  6.2139e+00 -1.6579e+00  9.1994e+00  1.0000e+00
 2.4348e+00  7.6867e+00 -2.4739e+00  3.4009e+00  9.6471e+00 -4.2833e+00  1.1090e+01  1.0000e+00
-4.8267e-01  2.8701e+00  3.8233e-01 -5.9392e+00  4.8334e+00  2.6319e-01  7.6619e+00  1.0000e+00
-3.7865e+01  4.1144e+01 -2.4973e+01 -4.1903e+01  4.4149e+01 -2.6609e+01  6.6431e+01  1.0000e+00
-3.7360e-01  1.2930e+00  8.5827e-01 -3.5191e+00 -2.6224e+00  1.7341e+01  1.7887e+01  1.0000e+00
 2.4296e-01 -1.1279e-01  6.6759e-01  9.4338e+00 -1.5803e+00 -1.2504e+00  9.6466e+00  1.0000e+00
-1.2470e+01 -6.0456e+00 -1.2194e+01 -1.9543e+01 -1.0591e+01 -1.9898e+01  2.9833e+01  1.0000e+00
-4.1445e-01  1.2381e+00  3.5377e-02 -5.2238e+00 -1.2523e+01 -1.0718e+01  1.7291e+01  1.0000e+00
-6.2264e-01 -2.0307e+01 -1.1265e+01 -5.9033e-01 -2.1752e+01 -1.2415e+01  2.5053e+01  1.0000e+00
-4.8403e-01  1.5700e+00  8.7281e-01 -1.4972e+01  1.0829e+00 -9.0317e+00  1.7518e+01  1.0000e+00
 1.2358e+01 -1.8049e+01 -1.7171e+01  1.2461e+01 -1.9961e+01 -2.0092e+01  3.0942e+01  1.0000e+00
-9.6275e-01  1.2414e+00  4.4491e-01  7.0977e+00 -7.9423e-01 -8.6888e+00  1.1247e+01  1.0000e+00
-4.1975e+01  1.0725e+01 -2.2031e+01 -9.0973e+01  2.1555e+01 -4.8358e+01  1.0526e+02  1.0000e+00
 1.6991e+00  1.2190e+01  4.7335e+00  2.3540e+00  1.1023e+01  3.6525e+00  1.1848e+01  1.0000e+00
 6.2102e+00 -1.2464e+01  1.9764e+01  6.9985e+00 -1.3401e+01  2.1618e+01  2.6380e+01  1.0000e+00
-8.5826e-01  1.0522e+00  1.5673e-01 -2.1406e+01 -2.6504e+01 -1.2160e+01  3.6173e+01  1.0000e+00
-2.5478e+01  1.4491e+01 -5.8394e+00 -4.2273e+01  2.3317e+01 -9.9010e+00  4.9282e+01  1.0000e+00
-1.2697e-01  1.2336e+00  3.8544e-01 -1.1893e+01  1.3099e+01  4.5676e+00  1.8273e+01  1.0000e+00
-1.0843e-01  1.4023e+00  3.4971e-01 -1.4621e+01 -6.3674e+00 -1.6469e+01  2.2925e+01  1.0000e+00
-1.4516e+01 -4.9136e+00  8.5744e+00 -1.4837e+01 -5.0701e+00  8.4332e+00  1.7803e+01  1.0000e+00
-2.8233e-01  1.0442e+00  2.7691e-01 -8.1464e+00 -6.4308e+00  9.6470e+00  1.4170e+01  1.0000e+00
-3.5219e+00  8.7815e+00  1.3249e+00 -8.9781e+00  2.0086e+01  2.7573e+00  2.2173e+01  1.0000e+00
 2.3699e+01 -3.0324e+01 -2.4293e+00  2.6813e+01 -3.4034e+01 -2.7879e+00  4.3417e+01  1.0000e+00
-8.3882e-01  2.5273e+00  8.0631e-01  4.5971e+00 -9.3271e+00 -2.1662e+00  1.0622e+01  1.0000e+00
 8.2064e-01 -2.4090e+00  1.6913e+00 -1.0534e+00 -1.1621e+00  1.5909e+00  2.2341e+00  1.0000e+00
 2.2883e-01  1.8910e+00  2.0033e-01 -4.8952e+00  9.2073e+00 -1.0210e+01  1.4594e+01  1.0000e+00
 8.9641e-01  1.3084e+00  9.4814e-01 -5.9363e+00  8.8839e+00  2.3105e-01  1.0687e+01  1.0000e+00
-1.7811e+00  2.5635e+00 -2.6101e+00 -3.0720e+00  3.2729e+00 -7.6982e+00  8.9113e+00  1.0000e+00
-6.5760e-01  1.7401e+00  1.3084e-01  1.4041e+01  7.9134e+00 -5.3395e+00  1.6979e+01  1.0000e+00
-7.4113e-01  1.7686e+00 -1.9225e-01  1.5270e+01  3.2847e+00  1.0765e+01  1.8970e+01  1.0000e+00
-6.7900e+00 -1.9947e+00 -1.2530e+00 -4.6304e+00 -2.1455e-01 -2.8393e-01  4.6440e+00  1.0000e+00
-2.7465e-01  1.5649e+00  2.7265e-01 -5.3972e+00 -7.1221e+00 -1.3072e-01  8.9371e+00  1.0000e+00
-2.9678e-01  1.5453e+00  3.2109e-01  2.2130e+00  2.1535e+01  1.2073e+00  2.1682e+01  1.0000e+00
-9.6682e-01  1.5112e+00  3.4247e-01 -3.8703e-01 -4.9309e-01  4.6864e+00  4.7282e+00  1.0000e+00
-6.7290e-01  1.7516e+00  2.1924e-01 -4.6757e-01 -1.1898e+01  5.6562e-01  1.1921e+01  1.0000e+00
 1.6660e-01  1.9583e+00  5.5814e-01 -8.3377e-01  6.2184e+00 -1.0958e+01  1.2627e+01  1.0000e+00
 2.9979e-01  1.7246e+00  7.1658e-01 -9.1785e+00 -1.0779e+01 -1.1627e+01  1.8320e+01  1.0000e+00
 7.3938e+00 -1.6762e+01 -4.4796e+00  2.1701e+01 -5.0318e+01 -1.3221e+01  5.6371e+01  1.0000e+00
-1.2234e+00  1.6403e+00  2.2738e-01 -1.3372e+01  6.6303e+00  2.7223e+00  1.5172e+01  1.0000e+00
-5.2815e+01  4.2601e+01  1.9887e+01 -8.1274e+01  6.5132e+01  3.0714e+01  1.0859e+02  1.0000e+00
-6.1286e-01  1.4352e+00  1.0646e+00  1.3735e+01 -2.8768e+00 -7.9822e+00  1.6144e+01  1.0000e+00
 1.2077e-02  1.4289e+00  4.7129e-01 -1.7834e+00  1.8596e+01  2.0024e+01  2.7385e+01  1.0000e+00
-1.7173e+02  5.6034e+00  1.5433e+02 -2.4181e+02  7.3671e+00  2.1773e+02  3.2547e+02  1.0000e+00
-1.4641e-01  1.0541e+00  6.1382e-01 -6.4517e+00 -1.3611e+00  1.4647e+01  1.6063e+01  1.0000e+00
-2.4631e-02  1.6580e+00  6.8328e-01  1.9817e+01  1.1222e+01  8.3828e+00  2.4267e+01  1.0000e+00
-3.0946e-01  1.4423e+00  8.1665e-02  1.3198e+01 -8.5195e-01  5.1870e+00  1.4206e+01  1.0000e+00
-4.3278e+00  6.3520e+00  1.6503e+01 -4.2018e+00  5.9122e+00  1.5744e+01  1.7334e+01  1.0000e+00
 6.0804e+00  2.9219e+00  1.7756e+00  1.0380e+00  2.2939e+00  1.2297e+00  2.8020e+00  1.0000e+00
 1.2694e+01 -7.4675e+00 -1.0823e+01  1.3089e+01 -7.9863e+00 -1.0981e+01  1.8860e+01  1.0000e+00
 7.1834e-01  1.8360e+00 -3.5822e-01  5.0724e+00  2.2622e+00  3.2704e+00  6.4454e+00  1.0000e+00
 1.8798e+01 -1.9078e+01 -2.8157e+01  2.1270e+01 -2.1422e+01 -3.1461e+01  4.3602e+01  1.0000e+00
-2.5997e-01  1.2768e+00  7.5681e-02 -3.7197e+00 -6.6687e+00 -9.1955e+00  1.1953e+01  1.0000e+00
-8.9087e-02  1.7782e+00  7.4595e-01  3.4917e-01  1.3286e+01 -6.5515e-02  1.3291e+01  1.0000e+00
-1.2221e-01  1.7334e+00  5.0171e-01 -1.8342e+01 -2.9138e+00 -1.1470e+01  2.1828e+01  1.0000e+00
-1.4670e+01 -2.3588e+01 -2.2140e+01 -2.4915e+01 -4.1516e+01 -3.8285e+01  6.1726e+01  1.0000e+00
 3.4645e-01  1.3722e+00  8.7745e-01  1.0893e+01  5.3553e+00  2.4829e+00  1.2389e+01  1.0000e+00
 4.4051e-01  1.9893e+00  2.3748e-01 -6.6337e+00 -2.8193e+00  8.2597e+00  1.0963e+01  1.0000e+00
-7.0388e-01  1.5175e+00  6.7455e-01 -2.0575e+01 -2.9496e-01  2.2444e+00  2.0699e+01  1.0000e+00
 1.3020e-01  2.0047e+00  1.4562e+00  2.4737e+00  2.6077e+00  7.9366e+00  8.7125e+00  1.0000e+00
 4.9082e-01  1.1433e+00  4.8634e-01  4.1259e+00  9.3747e+00 -1.1097e+01  1.5102e+01  1.0000e+00
-1.1024e+00  2.6105e+00  1.9635e+00  3.1540e+00 -1.6063e+00 -6.8893e+00  7.7453e+00  1.0000e+00
-4.5269e+00  7.0971e+00  1.9916e+01 -4.4164e+00  7.7615e+00  2.0963e+01  2.2786e+01  1.0000e+00
-9.1625e-01  9.6435e-01 -3.0851e-01 -4.7040e-01 -2.9714e+00  1.4402e+01  1.4713e+01  1.0000e+00
-1.8468e-01  1.6314e+00  6.6527e-01 -7.7974e+00  2.0452e+01  6.3433e+00  2.2788e+01  1.0000e+00
-1.2912e-01  1.2448e+00  5.7746e-01 -7.2291e+00  6.7314e+00 -6.7206e+00  1.1947e+01  1.0000e+00
 2.3080e-01  1.5744e+00  5.4879e-01  1.5790e+01 -2.3039e+00 -4.0109e+00  1.6454e+01  1.0000e+00
 1.4173e+01 -3.5678e+01  6.3489e+01  1.5600e+01 -3.9382e+01  7.0865e+01  8.2560e+01  1.0000e+00
 2.7282e+01  5.1877e+00  2.5779e+01  3.0596e+01  5.7641e+00  2.9102e+01  4.2618e+01  1.0000e+00
-3.2565e+00  1.0459e+00 -1.5719e+00  8.7672e-01 -9.7910e-01 -3.1118e+00  3.3779e+00  1.0000e+00
-2.8631e-01  1.7588e+00 -6.5757e-02  5.2474e+00  1.0049e+01 -1.6425e+01  1.9958e+01  1.0000e+00
-1.7773e-01  1.8412e+00  1.8884e-01 -7.1049e+00 -3.1549e+00 -1.3258e+01  1.5369e+01  1.0000e+00
-7.1851e+00  4.7726e+00  2.8430e+01 -7.9604e+00  5.5200e+00  3.1472e+01  3.2929e+01  1.0000e+00
-1.8625e+01 -3.2043e+00 -1.7593e+01 -2.0249e+01 -2.4780e+00 -1.8707e+01  2.7679e+01  1.0000e+00
-3.2761e+00  8.7576e-01  1.7854e+00 -7.1786e+00 -1.6383e+00  2.8220e+00  7.8854e+00  1.0000e+00
-1.0307e+01 -1.7898e+01 -1.3282e+00 -1.1972e+01 -2.1781e+01 -1.2719e+00  2.4887e+01  1.0000e+00
 7.9341e-02  3.2851e+00  2.1757e-01 -2.8757e+00  1.2409e+01 -2.3091e-01  1.2740e+01  1.0000e+00
-6.5032e-01  1.3322e+00  3.8929e-01 -8.1935e+00  8.6512e+00  1.2142e+00  1.1977e+01  1.0000e+00
-1.4807e+00  5.5248e-01  3.4518e-01  9.3568e+00  1.1126e+01  2.1180e+00  1.4691e+01  1.0000e+00
-4.2610e-01  1.5393e+00  4.3148e-01 -1.5031e+00  1.5325e+01 -1.2139e+01  1.9608e+01  1.0000e+00
-3.7893e-01  1.4448e+00  9.1977e-01  2.6590e+00  1.1942e+00 -1.8059e+01  1.8293e+01  1.0000e+00
-9.7419e+00  3.0833e+01 -3.9509e+00 -1.0752e+01  3.4287e+01 -4.3213e+00  3.6192e+01  1.0000e+00
 3.9366e+00  2.4981e+00  5.0926e+00 -1.0044e-01  3.7258e+00  2.9618e+00  4.7607e+00  1.0000e+00
-1.7116e+01 -1.3012e-01 -4.4733e+00 -1.7424e+01  4.2149e-01 -4.6682e+00  1.8044e+01  1.0000e+00
 1.9935e+00  2.0840e+00 -2.6504e+00  5.5787e-01  8.2286e-01  2.9603e+00  3.1227e+00  1.0000e+00
-1.3735e+01 -5.0597e+00  9.4765e+00 -1.4070e+01 -4.3376e+00  9.4654e+00  1.7503e+01  1.0000e+00
-3.0246e-01  2.0373e+00  4.6242e-01 -2.3957e+00  1.9740e+01  6.2784e+00  2.0852e+01  1.0000e+00
 3.6235e+01  1.3161e+01  3.0120e+00  4.0624e+01  1.4927e+01  3.3212e+00  4.3407e+01  1.0000e+00
 1.2942e+01  1.7904e+01  2.5226e+00  1.3987e+01  1.9016e+01  3.0603e+00  2.3804e+01  1.0000e+00
-2.8367e+01 -1.6988e+01 -1.0447e+01 -3.2789e+01 -1.9751e+01 -1.2596e+01  4.0298e+01  1.0000e+00
 2.6994e+00  3.0460e+00 -2.0625e+00  4.5714e+00  1.4787e-01 -5.4676e+00  7.1284e+00  1.0000e+00
-2.7673e+01 -6.0110e-01 -7.2612e+00 -3.0623e+01 -4.6410e-01 -8.0828e+00  3.1675e+01  1.0000e+00
 3.0220e-01  1.3988e+00  7.9854e-01  4.0730e+00  3.5117e+00  6.5301e+00  8.4596e+00  1.0000e+00
-4.2881e-01  1.5885e+00  3.8869e-01 -6.1424e+00 -1.1770e+01 -1.8988e+01  2.3170e+01  1.0000e+00
-5.4871e+00  2.2344e+01 -8.5829e+00 -5.4568e+00  2.4588e+01 -9.4765e+00  2.6910e+01  1.0000e+00
 3.6117e+01  2.9479e+01 -2.2641e+01  4.7159e+01  3.8155e+01 -2.9441e+01  6.7428e+01  1.0000e+00
-7.1539e-01  1.0688e+00  8.3401e-01 -1.4044e+00  4.8200e+00  1.5290e+01  1.6093e+01  1.0000e+00
-9.3229e-02  1.0954e+00  1.6092e+00  2.5886e-01 -8.0239e+00  1.6726e+01  1.8553e+01  1.0000e+00
-3.7620e-01  1.4376e+00  9.2966e-01 -1.0619e+01 -1.2648e+01  3.4096e+00  1.6863e+01  1.0000e+00
 4.3339e+00 -2.9626e+00  8.9471e-01  1.4870e+00  9.5297e-01  3.9991e+00  4.3717e+00  1.0000e+00
 2.8569e+00 -1.1470e+00  7.3608e-01  6.0180e-01  3.4123e+00 -6.0969e-01  3.5182e+00  1.0000e+00
-9.9469e-01  1.2641e+00  1.3113e+00 -5.1778e+00  6.3367e+00  3.7049e+00  8.9827e+00  1.0000e+00
-2.1733e+01 -1.0968e+01 -3.8234e+01 -2.4798e+01 -1.2595e+01 -4.3828e+01  5.1908e+01  1.0000e+00
-3.8660e+01 -1.2799e+01 -1.3114e+00 -4.3685e+01 -1.4196e+01 -1.5549e+00  4.5960e+01  1.0000e+00
 4.1388e+00 -2.7460e+00 -4.4000e+00  3.0789e+00 -9.7064e-02 -6.6252e-01  3.1509e+00  1.0000e+00
 3.9011e+01  6.8144e+00 -4.0922e+00  4.3887e+01  7.9087e+00 -4.6908e+00  4.4840e+01  1.0000e+00
-8.0554e-01  1.1519e+00  2.7931e-01  2.4207e+00  2.8646e+00  4.9009e+00  6.1713e+00  1.0000e+00
 5.4706e-02  2.1726e+00  2.1660e+00  1.0370e+01  1.1887e+01  2.3529e+01  2.8327e+01  1.0000e+00
-2.0952e-02  1.3959e+00  5.4190e-01 -1.8518e+01  5.1452e+00  2.5340e+00  1.9386e+01  1.0000e+00
-5.0779e+00  2.2044e+00 -6.1943e-02 -9.1578e+00  2.6471e+00  4.8234e-01  9.5449e+00  1.0000e+00
-1.2865e+00  1.3120e+00  4.8670e-01 -1.2112e+01  5.5455e+00 -2.3820e+00  1.3532e+01  1.0000e+00
-1.8214e-01  1.5835e+00 -2.9934e-02  1.0528e+01  7.4319e+00 -4.3696e+00  1.3607e+01  1.0000e+00
 4.5371e-01  1.0894e+00  5.2195e-01 -1.1459e+01 -9.0173e+00  1.6509e+00  1.4675e+01  1.0000e+00
-1.5237e+01  1.2953e+01 -2.3363e+00 -1.5901e+01  1.3426e+01 -2.1880e+00  2.0926e+01  1.0000e+00
-1.2970e+00  1.5629e+00  6.4268e-01  4.0021e+00  1.1046e+00  9.8464e+00  1.0686e+01  1.0000e+00
-1.5183e+01 -4.5432e+00 -2.3402e-01 -1.4893e+01 -4.4266e+00 -4.2395e-01  1.5543e+01  1.0000e+00
-1.5448e-01  1.2896e+00  7.3111e-01  1.9633e+01 -7.8746e+00 -6.0692e-01  2.1162e+01  1.0000e+00
 2.7282e+00  3.0715e+00 -8.9394e-01  1.6043e+01  1.0984e+01 -7.0645e+00  2.0686e+01  1.0000e+00
-2.7083e-01  1.8141e+00  1.2786e-01  2.9280e+00  5.8532e-01  1.0686e+01  1.1096e+01  1.0000e+00
-5.2583e-01  1.6052e+00  6.4815e-01  1.1411e+01 -1.9666e+01  8.4653e+00  2.4261e+01  1.0000e+00
 1.2460e+01 -3.0652e+01 -1.4791e+01  1.4004e+01 -3.4218e+01 -1.6550e+01  4.0507e+01  1.0000e+00
-2.7972e+01 -4.9079e+00  2.5183e+01 -3.1479e+01 -5.2569e+00  2.8326e+01  4.2672e+01  1.0000e+00
-1.2460e-01  1.1859e+00  4.4124e-01  1.1150e+01 -1.0813e+01  1.0158e+01  1.8559e+01  1.0000e+00
-2.7055e+00 -4.4980e-01 -3.3850e+00 -2.7680e-03  2.8661e+00  2.4267e+00  3.7554e+00  1.0000e+00
-4.5509e-01  1.9039e+00  3.6613e-01  9.1197e+00 -1.7329e+01 -1.5255e+00  1.9641e+01  1.0000e+00
-1.6904e-01  8.9498e-01  3.6087e-01 -6.6371e+00  8.9472e+00 -1.0077e+00  1.1186e+01  1.0000e+00
-2.2960e+00 -2.4817e+01 -1.7570e+01 -1.8155e+00 -2.7734e+01 -1.9824e+01  3.4139e+01  1.0000e+00
-3.4719e+00  6.0301e+00 -4.0111e+00 -1.7902e+00  3.3702e+00 -4.7720e-01  3.8458e+00  1.0000e+00
-9.8607e-01  1.1865e+00 -1.5727e-01 -1.2542e+01  2.0929e+00  2.5373e+00  1.2966e+01  1.0000e+00
-7.6045e-01  1.9348e+00  3.5620e-01 -6.4952e-01  4.5165e+00  4.4515e+00  6.3747e+00  1.0000e+00
 1.4073e+00  1.1954e+00 -1.8616e-01  9.0739e+00 -2.3861e+00 -1.6997e+00  9.5351e+00  1.0000e+00
-5.1974e+00  2.2497e+01 -9.2847e+00 -5.8940e+00  2.3922e+01 -9.3032e+00  2.6336e+01  1.0000e+00
-2.7270e-01  1.2049e+00 -1.1470e-01 -7.3346e+00  4.4936e+00 -2.8203e+00  9.0523e+00  1.0000e+00
 1.0520e+00  4.3875e+00  2.7312e+01  1.8336e+00  5.0868e+00  2.8186e+01  2.8699e+01  1.0000e+00
 3.4977e-01  5.3679e+00 -3.2602e+00  2.3177e-01  3.7255e+00 -2.6386e+00  4.5711e+00  1.0000e+00
-3.2672e-01  1.2838e+00  8.2248e-01 -1.8517e+00 -1.0018e+01  6.2355e+00  1.1944e+01  1.0000e+00
-1.1403e-01  7.4327e-01  6.8306e-01 -4.3555e+00  1.3478e+01 -1.6277e+00  1.4258e+01  1.0000e+00
-3.2147e-01  1.4450e+00  7.7091e-01  8.5282e+00  3.2048e-01  5.4164e+00  1.0108e+01  1.0000e+00
 8.4629e+00  1.7307e+01  9.1826e+00  9.0944e+00  1.8440e+01  9.5448e+00  2.2668e+01  1.0000e+00
-4.8609e-01  1.1948e+00  3.2676e-01  1.4934e+01 -4.0644e+00 -9.7844e+00  1.8310e+01  1.0000e+00
-8.7082e-01  1.7897e+00  2.2328e-01 -2.5449e+01  5.6811e+00 -3.7813e+00  2.6348e+01  1.0000e+00
-6.1498e-01  1.3141e+00  6.3737e-01  4.7718e+00 -1.6487e+00 -1.1029e+01  1.2130e+01  1.0000e+00
-6.5236e-01  1.0498e+00  2.7280e-02 -1.4808e+01  9.3298e+00 -1.2482e+01  2.1497e+01  1.0000e+00
 1.1299e-01  1.5441e+00  4.1413e-01 -9.5799e+00  1.0799e+01  1.4117e+01  2.0192e+01  1.0000e+00
-7.5364e-01  1.7112e+00  1.9894e-01  5.2086e+00  9.8320e+00 -8.4402e+00  1.3966e+01  1.0000e+00
 1.3194e+01 -9.5735e+00 -1.5339e+00  1.3300e+01 -9.4378e+00 -1.3187e+00  1.6361e+01  1.0000e+00
-7.3521e-01  1.1994e+00  3.0145e-01 -2.8993e+00  1.8726e+01  5.0488e-01  1.8956e+01  1.0000e+00
 2.4173e+01 -4.6177e+01  2.9577e+01  2.5210e+01 -5.0305e+01  3.2422e+01  6.4941e+01  1.0000e+00
-3.6462e-01  2.9537e+00 -1.8635e+00 -1.7411e-01 -3.4151e+00 -5.1077e+00  6.1467e+00  1.0000e+00
 2.5277e+00 -1.3002e+01 -3.7202e+01  2.7438e+00 -1.4558e+01 -4.1810e+01  4.4357e+01  1.0000e+00
-1.0148e+01 -1.4554e+01 -2.5055e+01 -1.1657e+01 -1.6125e+01 -2.7838e+01  3.4218e+01  1.0000e+00
-1.7189e+00 -2.6580e+01  2.8699e+00 -1.7170e+00 -2.9304e+01  3.1508e+00  2.9523e+01  1.0000e+00
-3.7344e+01 -1.8787e+01 -9.7358e+00 -4.2347e+01 -2.1066e+01 -1.0974e+01  4.8553e+01  1.0000e+00
-1.7190e-01  1.6167e+00  8.1176e-01 -1.6667e+01 -1.0515e+00 -1.7759e+00  1.6794e+01  1.0000e+00
-2.9766e+01 -7.3089e+00 -5.6031e+00 -3.3230e+01 -8.1043e+00 -6.2848e+00  3.4776e+01  1.0000e+00
-7.1313e-01  1.6241e+00 -3.4996e-01 -1.0577e+01  7.6577e+00 -7.1518e+00  1.4888e+01  1.0000e+00
-2.8490e-01  1.8573e+00 -1.8444e-01 -2.8074e+00  3.4933e+00 -7.3755e+00  8.6303e+00  1.0000e+00
-4.6064e+00  3.0524e-01 -1.4678e+01 -4.8384e+00  8.0731e-01 -1.6070e+01  1.6802e+01  1.0000e+00
-1.1585e+00  1.4862e+00  5.1138e-01  9.4399e+00 -1.7125e-01  4.3586e+00  1.0399e+01  1.0000e+00
-4.3435e-01  1.5153e+00  5.2149e-01  5.6826e-01  7.1149e+00  9.5246e+00  1.1902e+01  1.0000e+00
