# limit = 31.4979
#
# x           y           z           vx          vy          vz          s           m
 7.0096e-01  2.7247e+00 -1.9440e+00  2.1401e+00  2.6373e-01 -7.2774e+00  7.5901e+00  1.0000e+00
-5.2429e-01  1.2585e+00  2.4737e-01 -1.4614e+01  9.4147e-01  1.9086e+01  2.4057e+01  1.0000e+00
 3.0785e+01  1.5269e+00  6.0243e+00  3.3889e+01  2.1368e+00  6.6161e+00  3.4595e+01  1.0000e+00
-6.0372e-01  1.5856e+00  2.5860e-01 -1.1839e+01 -8.7972e-01 -1.7231e+01  2.0925e+01  1.0000e+00
-2.6185e+01  9.8349e+00  1.5639e+01 -2.9178e+01  1.0810e+01  1.7213e+01  3.5560e+01  1.0000e+00
 1.1470e+01 -3.4558e+00  3.2430e+01  1.2998e+01 -3.5151e+00  3.6125e+01  3.8553e+01  1.0000e+00
 1.5677e+00 -2.6332e+01 -1.8151e+01  1.3368e+00 -2.9129e+01 -1.9907e+01  3.5306e+01  1.0000e+00
-6.3169e-01  1.7122e+00  2.8913e-01  6.5501e+00  3.4007e+00  8.5207e+00  1.1273e+01  1.0000e+00
-4.1270e+01  3.0140e+01  9.3648e+01 -4.5547e+01  3.3390e+01  1.0464e+02  1.1890e+02  1.0000e+00
 7.4276e+01 -3.9936e+01  1.9496e+00  1.1448e+02 -6.2004e+01  3.0410e+00  1.3022e+02  1.0000e+00
 2.6924e+00  4.5384e+00  2.5867e+00 -1.9692e+00  4.6574e-01 -7.2491e-01  2.1495e+00  1.0000e+00
-3.7345e-01  1.2331e+00  5.5732e-01  2.5879e+00 -9.1562e+00  7.6995e+00  1.2240e+01  1.0000e+00
-2.8839e-01  2.7074e+00  1.0898e+00  3.3701e+00 -1.1488e+01 -1.4099e+00  1.2055e+01  1.0000e+00
 6.6031e+00  2.2201e+00 -6.3593e-01  3.1233e+00  2.5832e+00  7.7197e-01  4.1260e+00  1.0000e+00
 1.7392e+00 -9.8354e-01  2.8537e-01 -2.3041e+00  4.1799e+00 -1.0629e+00  4.8898e+00  1.0000e+00
-9.9676e+00 -1.7068e+00 -7.4820e+00 -9.4058e+00 -9.5283e-01 -6.7158e+00  1.1596e+01  1.0000e+00
 1.8883e+01 -1.9762e+01 -2.2686e+01  2.0953e+01 -2.2007e+01 -2.5413e+01  3.9612e+01  1.0000e+00
-4.0190e-01  2.3812e+00  3.7138e-01 -4.2420e+00 -1.3065e+00  1.8564e+00  4.8112e+00  1.0000e+00
-1.9472e-01  7.7882e-01  7.0258e-01  2.8425e+00  7.6839e+00  5.1035e+00  9.6523e+00  1.0000e+00
 6.5686e+01  5.3194e+01 -2.2970e+01  7.3441e+01  5.8889e+01 -2.5204e+01  9.7451e+01  1.0000e+00
-8.4754e-02  1.5514e+00 -4.2449e-02 -8.4846e+00 -3.2417e+00 -5.5005e+00  1.0619e+01  1.0000e+00
 4.8430e-02  1.6957e+00  4.9539e-01 -6.6396e+00 -2.0997e+01  9.8333e-01  2.2044e+01  1.0000e+00
-5.7687e+00 -7.3812e+00  1.1174e+01 -8.0082e+00 -1.1401e+01  1.5562e+01  2.0888e+01  1.0000e+00
-1.4182e+01  2.6941e+01 -2.7128e+01 -1.5898e+01  3.0437e+01 -3.0412e+01  4.5870e+01  1.0000e+00
-1.0178e+00  3.0307e+01 -1.3394e+01 -1.2382e+00  3.3651e+01 -1.4787e+01  3.6777e+01  1.0000e+00
-7.3001e+00  4.3953e+00 -1.0695e+01 -7.7081e+00  5.2647e+00 -9.6310e+00  1.3412e+01  1.0000e+00
 9.4621e+00 -2.3673e+01  4.4618e+00  9.9767e+00 -2.6121e+01  4.7309e+00  2.8359e+01  1.0000e+00
 6.4713e+01 -1.6960e+01 -6.2436e+01  7.5256e+01 -1.9839e+01 -7.2627e+01  1.0645e+02  1.0000e+00
 1.8700e+00 -3.7172e+01 -4.9020e+01  2.1720e+00 -4.2131e+01 -5.5548e+01  6.9752e+01  1.0000e+00
 2.4913e-01  1.5756e+00  2.8543e-02 -3.8730e+00 -1.7472e+00  7.5247e+00  8.6414e+00  1.0000e+00
 1.3829e-02  1.2259e+00  2.9624e-01  1.4558e+00  1.2934e+01  1.2013e+00  1.3071e+01  1.0000e+00
-4.9860e-01  1.2295e+00  8.0071e-01  6.3234e+00  9.8087e+00 -3.1244e+00  1.2081e+01  1.0000e+00
-4.4195e-02  1.2978e+00  7.5974e-01 -1.1711e+01  6.4702e+00 -1.7697e+00  1.3496e+01  1.0000e+00
-5.6068e-01  1.4930e+00  3.8543e-01 -4.0930e+00  2.2153e+01 -3.6479e+00  2.2821e+01  1.0000e+00
-2.7203e-02  1.0941e+00  2.1303e-01  8.9477e-01  2.7733e+00  1.9755e+01  1.9968e+01  1.0000e+00
 1.6088e-01  1.6477e+00  4.6559e-01 -1.1128e+01 -9.9064e+00 -8.8015e+00  1.7304e+01  1.0000e+00
-1.8898e+00  1.0002e+00  1.3376e+00 -1.3278e+01  3.3385e+00  4.0123e+00  1.4267e+01  1.0000e+00
-2.5476e+01  4.8814e+01 -6.1199e+01 -2.8528e+01  5.4672e+01 -6.7946e+01  9.1758e+01  1.0000e+00
-3.0646e-01  1.6637e+00 -1.8986e-01  6.0864e+00  2.0192e+01 -3.6773e+00  2.1408e+01  1.0000e+00
 1.8074e+01 -3.9582e+00  1.5236e+01  1.9333e+01 -4.0577e+00  1.6393e+01  2.5670e+01  1.0000e+00
 9.1300e+00  8.6202e+00  1.4502e+00  7.6856e+00  7.7040e+00  2.0144e+00  1.1067e+01  1.0000e+00
 2.3139e+00  1.2784e+00 -9.1445e-01 -6.8062e+00  2.2159e+00  4.1195e-01  7.1697e+00  1.0000e+00
-1.4050e-01  2.0368e+00  6.4600e-01 -9.6860e+00  2.5321e+00  8.6001e+00  1.3198e+01  1.0000e+00
 3.7639e+00 -1.0832e+01  3.5345e+01  4.3056e+00 -1.1965e+01  3.9495e+01  4.1492e+01  1.0000e+00
 3.4344e+01  1.6550e+01  2.7430e+00  3.8683e+01  1.8499e+01  3.1334e+00  4.2994e+01  1.0000e+00
 2.5192e+00 -2.1661e+01  3.6487e+00  3.2352e+00 -2.3424e+01  4.1321e+00  2.4005e+01  1.0000e+00
 4.2089e-01  1.4472e+00  8.9855e-02  4.7877e+00  5.3326e+00 -4.9850e+00  8.7298e+00  1.0000e+00
 1.4683e+00  8.6224e-01  8.5441e-01 -1.0404e+01  1.0462e+01  2.1006e+00  1.4903e+01  1.0000e+00
 1.4346e+01 -5.5447e+00  6.6388e+00  1.4085e+01 -5.3321e+00  6.9807e+00  1.6600e+01  1.0000e+00
-1.1205e-02  1.1099e+00  2.9021e-01  8.2100e+00 -6.2331e+00  2.6491e+00  1.0643e+01  1.0000e+00
 9.5339e-01  1.3322e+00  1.7873e-01 -7.1940e-01  3.4212e+00  4.3604e+00  5.5889e+00  1.0000e+00
-3.2148e-01  1.2788e+00  4.7851e-01 -2.6501e+00  1.4686e+01  7.0095e+00  1.6488e+01  1.0000e+00
-3.9682e+00 -6.1820e+00  6.4038e+00 -2.9147e+00 -4.2600e+00  4.9518e+00  7.1529e+00  1.0000e+00
 9.1605e-01  1.9099e-01 -1.5976e+00  5.3247e+00 -1.9167e+00 -8.8417e+00  1.0498e+01  1.0000e+00
 6.1378e-01  7.1307e+00  7.2258e+00  2.1397e+00  1.2807e+01  1.3707e+01  1.8880e+01  1.0000e+00
 5.3051e-02  1.0163e+00  8.0867e-01 -4.4610e-01  9.2950e+00 -6.3973e+00  1.1293e+01  1.0000e+00
-8.1099e-02  1.2682e+00  7.3949e-01  1.7498e+00  7.7511e+00 -5.5239e-01  7.9654e+00  1.0000e+00
 2.1940e-01  6.9888e-01  1.3026e+00 -1.9770e+00  4.7051e+00  2.1083e+00  5.5219e+00  1.0000e+00
-5.1528e-01  1.2157e+00  1.9200e-01  9.9841e+00  9.3504e+00 -5.6252e+00  1.4790e+01  1.0000e+00
 8.3611e+00 -4.7135e+00  2.5104e+01  8.9609e+00 -5.3872e+00  2.7562e+01  2.9478e+01  1.0000e+00
 4.7679e-02  1.6257e+00  1.1020e-01  1.0266e+01  8.2870e+00  1.5933e+00  1.3290e+01  1.0000e+00
-5.2941e+00 -9.4448e+00  4.2065e+00 -6.9854e+00 -1.3992e+01  5.6320e+00  1.6622e+01  1.0000e+00
 1.5784e+01  1.5998e+00 -7.5820e+00  1.7801e+01  1.9580e+00 -8.4668e+00  1.9809e+01  1.0000e+00
-5.6107e-01  1.4964e+00 -3.5819e-02 -9.2822e-01 -4.2867e-01  4.1566e-01  1.1037e+00  1.0000e+00
 1.1219e-01  4.4323e+00  6.3210e-01  1.9926e+00  2.1859e+00  8.6370e-01  3.0814e+00  1.0000e+00
 1.9254e-01  1.6648e+00 -7.3440e-03 -1.3296e+01  6.0388e+00 -2.6613e+00  1.4844e+01  1.0000e+00
-5.6607e-01  1.4479e+00  7.7279e-01 -1.1079e+01  3.0098e+00 -1.1233e+00  1.1535e+01  1.0000e+00
 5.8864e-01  1.7450e+00 -6.1291e-01  5.6928e+00  2.2867e+00 -2.3098e+00  6.5553e+00  1.0000e+00
-2.8370e-01  1.2174e+00  2.4933e-01 -4.7337e-02  5.4007e+00  7.5410e+00  9.2756e+00  1.0000e+00
-2.1762e-01  3.7889e-01  8.8365e-01 -2.5495e-01  2.3179e+00  1.4369e+00  2.7390e+00  1.0000e+00
 3.0364e+01  3.2585e+00  5.5032e+00  3.3775e+01  3.2957e+00  6.0622e+00  3.4472e+01  1.0000e+00
-3.5797e-01  1.4250e+00  4.3763e-01 -6.9662e+00  3.2342e+00  9.7925e-01  7.7426e+00  1.0000e+00
 5.4287e-01  1.6741e+00  2.5991e-01 -1.1305e+01  4.9107e+00 -7.2017e+00  1.4275e+01  1.0000e+00
-5.0773e-02  1.2877e+00 -6.1415e-01  1.4080e+00  5.7881e+00  8.0023e+00  9.9761e+00  1.0000e+00
-5.3313e-01  1.7052e+00  4.1454e-01 -6.0487e+00 -5.5568e+00 -1.0479e+00  8.2803e+00  1.0000e+00
-3.2522e-01  1.5569e+00  2.2837e-01 -7.7037e+00  1.0876e+01  2.0357e+00  1.3482e+01  1.0000e+00
-2.0332e-01  1.5609e+00  4.9591e-01  1.1606e+01  8.4093e+00  2.2358e+00  1.4505e+01  1.0000e+00
-1.8402e-01  1.2848e+00 -7.4235e-02  1.6912e+00 -5.3061e+00 -5.3673e+00  7.7345e+00  1.0000e+00
 3.6734e+01 -1.7486e+01 -4.2096e+00  4.1393e+01 -1.9437e+01 -4.6677e+00  4.5967e+01  1.0000e+00
-2.1287e+01 -1.2853e+01 -8.1189e+00 -2.3389e+01 -1.3750e+01 -8.7100e+00  2.8495e+01  1.0000e+00
-4.4137e-01  2.2543e+00  4.5627e-01 -3.4489e+00 -1.8175e+00 -3.0783e+00  4.9673e+00  1.0000e+00
 2.4404e+01  5.5752e+00  1.5764e+01  3.2035e+01  6.9102e+00  2.0534e+01  3.8674e+01  1.0000e+00
-2.2988e-02  1.1413e+00  1.1436e+00 -7.6862e+00  5.1550e+00 -9.8151e+00  1.3490e+01  1.0000e+00
 6.6009e+00  6.1543e+00  8.6264e+00  5.2829e+00  5.8388e+00  7.2947e+00  1.0734e+01  1.0000e+00
-9.5911e-01  1.6158e+00  4.4317e-01  3.7746e+00  8.5374e+00  2.6051e+00  9.6913e+00  1.0000e+00
-7.8134e-01 -1.8850e-01  1.4546e-01 -4.2013e+00 -3.5886e+00 -7.4735e-01  5.5756e+00  1.0000e+00
 1.7540e+00  1.1703e+00  9.7168e-01  6.8509e-01  9.3019e-01  4.2259e+00  4.3809e+00  1.0000e+00
-1.3594e+00  2.7238e+00  3.8049e-01 -6.6246e-01  2.4826e+00  1.3624e+00  2.9083e+00  1.0000e+00
 1.5777e+02  3.9720e+01 -1.5307e+02  2.2218e+02  5.5313e+01 -2.1506e+02  3.1413e+02  1.0000e+00
 1.3623e-01  8.2898e-01  7.2573e-01 -2.3234e+00  9.2652e+00 -3.1954e-01  9.5574e+00  1.0000e+00
-1.5395e+00  3.3900e+00  9.6045e-01 -6.3883e+00  1.1712e+01  4.0463e+00  1.3941e+01  1.0000e+00
-6.0138e-01  1.4252e+00  7.8215e-01 -3.5680e+00 -1.3580e+01 -6.8834e+00  1.5638e+01  1.0000e+00
 1.4370e+00  1.3031e+00  1.6996e+00  2.7413e+00  1.1855e+00  7.3190e+00  7.9049e+00  1.0000e+00
-7.4361e-01  1.8055e+00  1.6773e-01 -5.7828e+00 -1.5714e+01 -1.4821e+00  1.6810e+01  1.0000e+00
 5.6920e+00 -1.9027e+00 -4.4330e-01  4.0810e+00 -8.1556e-01  9.2709e-02  4.1628e+00  1.0000e+00
-2.4621e-01  1.7690e+00  3.0032e-01  1.3578e+01  4.1600e+00 -1.0739e+01  1.7805e+01  1.0000e+00
 9.8602e+00  2.0302e+01  3.5661e+01  1.7297e+01  3.3978e+01  6.1194e+01  7.2101e+01  1.0000e+00
-1.1766e+01 -1.7158e+01 -1.9311e+01 -1.2936e+01 -1.8734e+01 -2.1152e+01  3.1076e+01  1.0000e+00
 2.5552e+00 -5.2468e+00 -2.2555e+01  2.6601e+00 -5.3867e+00 -2.3104e+01  2.3873e+01  1.0000e+00
 1.9939e+00  4.1726e+00 -1.3736e+00  5.4106e-01 -2.2983e+00  3.4301e+00  4.1642e+00  1.0000e+00
-6.5561e-01  1.5317e+00  6.3633e-01  1.6787e+01 -6.0690e+00  2.9693e+00  1.8096e+01  1.0000e+00
-3.4476e-01  1.2952e+00 -2.6141e-02  5.7178e+00  9.2059e+00 -1.0224e+01  1.4899e+01  1.0000e+00
-3.8007e+00  1.7724e+00 -5.3914e-01 -1.7565e+00  2.7308e+00  2.2282e+00  3.9379e+00  1.0000e+00
-4.0126e-01  1.2233e+00  5.5314e-01 -1.7214e+01  1.5576e+01  5.1078e+00  2.3770e+01  1.0000e+00
 2.9953e+01  1.1626e+01 -7.7729e-01  3.3195e+01  1.3162e+01 -8.7604e-01  3.5720e+01  1.0000e+00
-3.4381e-03  1.6625e+00  1.4367e-01  5.0792e+00  7.2217e+00 -9.1051e+00  1.2683e+01  1.0000e+00
 2.2264e+01  1.3234e+00  2.4958e+01  2.4688e+01  1.5792e+00  2.7670e+01  3.7116e+01  1.0000e+00
-1.2984e+00  2.7735e+00 -8.7934e-01 -2.5933e+00  6.5455e+00 -3.7209e+00  7.9632e+00  1.0000e+00
-1.5760e-01  1.0329e+00  4.3677e-01 -1.8841e+01  1.3712e+00  1.4300e+01  2.3693e+01  1.0000e+00
-3.6575e+01  7.8336e+00  8.3744e+00 -4.1029e+01  8.9771e+00  9.4488e+00  4.3050e+01  1.0000e+00
 5.2381e-02  9.2676e-01  5.5671e-01  1.7780e+01 -5.6932e+00 -4.3273e+00  1.9165e+01  1.0000e+00
 7.5697e+00 -1.2355e+01  2.2455e+01  7.3639e+00 -1.2860e+01  2.4750e+01  2.8847e+01  1.0000e+00
 8.1573e+00 -8.5609e+00  1.7846e+01  8.5081e+00 -9.1156e+00  1.9051e+01  2.2769e+01  1.0000e+00
 1.4640e+01 -1.7590e+01 -6.7916e+00  1.4785e+01 -1.9011e+01 -7.2738e+00  2.5158e+01  1.0000e+00
 9.1673e-01  6.6972e-01  6.3273e-01 -1.3394e+01  1.1027e+01 -2.7787e+00  1.7570e+01  1.0000e+00
 1.7435e-02  1.4787e+00 -8.5367e-02  1.1183e+01  1.0809e+00  6.6528e-01  1.1255e+01  1.0000e+00
-3.1702e-01  8.5325e-01  7.8096e-01  4.9649e-01 -3.3750e+00  2.0679e+01  2.0959e+01  1.0000e+00
-3.9306e+00  1.0851e-01 -3.0111e+00 -7.6985e+00 -1.8154e+00 -4.5254e+00  9.1127e+00  1.0000e+00
-2.2072e-01  1.5082e+00  3.9027e-01  8.5476e+00 -4.6003e+00 -1.7265e+01  1.9807e+01  1.0000e+00
 6.0573e-01  1.2637e+00  5.6432e-01 -5.0328e-01  1.2791e+00  6.6162e+00  6.7575e+00  1.0000e+00
-6.5049e-01  1.5913e+00  1.6842e-01 -1.2073e+01 -2.3431e+00 -2.0867e+00  1.2474e+01  1.0000e+00
 8.2623e-01  1.4168e+00  2.7960e-01 -1.7555e+00  9.8486e-01  4.6705e-01  2.0664e+00  1.0000e+00
-4.8493e+01  2.0136e+01  1.8506e+01 -5.4900e+01  2.2861e+01  2.1167e+01  6.3124e+01  1.0000e+00
-5.1213e-01  1.5112e+00  8.5384e-01  1.5251e+01  2.0297e+00  8.0921e+00  1.7384e+01  1.0000e+00
-2.7489e-02  6.1728e-01  5.8182e-01  3.3844e+00 -3.7416e+00 -4.0838e+00  6.4908e+00  1.0000e+00
-3.9825e-01  3.0456e+00  7.3715e-01 -2.5220e+00  1.1836e+01  2.3652e+00  1.2331e+01  1.0000e+00
 1.7463e+01 -1.4838e+01 -5.8359e+00  1.8959e+01 -1.5988e+01 -6.0555e+00  2.5529e+01  1.0000e+00
-5.1013e-02  1.8401e+00  3.4210e-01  8.0962e+00 -1.3494e+01 -1.0774e+01  1.9071e+01  1.0000e+00
 1.1779e+01 -1.0176e+01  2.6200e+01  1.2830e+01 -1.1019e+01  2.9086e+01  3.3646e+01  1.0000e+00
 2.5815e+01  3.7705e+00  2.7822e+01  4.3714e+01  5.2992e+00  4.6126e+01  6.3770e+01  1.0000e+00
-4.4928e+00 -4.6805e+00 -2.1361e+01 -5.0618e+00 -4.8829e+00 -2.3133e+01  2.4179e+01  1.0000e+00
-5.8335e-01  1.8825e+00  4.2385e-01  8.4983e+00 -2.0222e+01  2.5740e+00  2.2085e+01  1.0000e+00
-2.6261e-01  1.2748e+00  6.0964e-01 -1.5658e+01  5.4920e+00  1.0281e-01  1.6593e+01  1.0000e+00
-1.4031e-01  1.4583e+00  4.0582e-01 -4.0270e+00 -4.6662e+00  8.0723e+00  1.0156e+01  1.0000e+00
-1.0510e+00  3.9205e-01  1.1033e+00  7.5689e-01 -4.4909e-02  7.4853e-01  1.0655e+00  1.0000e+00
-7.4825e-02  7.7785e-01  1.3825e+00 -2.6656e+00  1.2906e+01  6.8203e+00  1.4839e+01  1.0000e+00
-6.2931e-01  1.0316e+00  7.9622e-01 -2.3707e+00  1.0455e+01  3.1505e+00  1.1174e+01  1.0000e+00
-7.6248e-01  1.4549e+00  3.3009e-01 -1.4662e+01 -4.4618e+00  7.1805e+00  1.6925e+01  1.0000e+00
-1.5405e+00  2.1517e+00 -7.5604e-01 -8.2898e+00  6.8679e+00 -6.4399e+00  1.2544e+01  1.0000e+00
-3.6208e+00 -1.0266e+01  2.3348e+01 -3.9048e+00 -1.1400e+01  2.5521e+01  2.8223e+01  1.0000e+00
-1.0425e-01  1.0652e+00  2.4990e-01 -8.4519e+00  1.9135e+01 -8.1827e+00  2.2462e+01  1.0000e+00
-4.8641e-01  1.4533e+00  1.0994e-01  3.1010e+00 -1.9303e+01 -3.5582e+00  1.9872e+01  1.0000e+00
-3.2279e+01  6.9544e+00 -8.9049e+00 -3.5329e+01  8.4782e+00 -9.3514e+00  3.7516e+01  1.0000e+00
-6.0266e-01  1.9349e+00  6.0051e-01 -7.5719e+00  6.8032e+00  2.0897e+00  1.0392e+01  1.0000e+00
-7.0111e-01  1.4299e+00  7.3210e-01  9.5320e+00 -6.1627e+00 -1.7931e+01  2.1222e+01  1.0000e+00
-4.9301e-01  1.5073e+00  5.0650e-01  3.1273e+00 -1.4905e+01  2.2916e+00  1.5401e+01  1.0000e+00
-1.2968e+01 -4.1417e+01 -4.7543e+01 -1.4918e+01 -4.4678e+01 -5.2169e+01  7.0288e+01  1.0000e+00
 3.1579e+01 -2.7832e+01  7.8391e+00  3.5403e+01 -3.1121e+01  8.7243e+00  4.7938e+01  1.0000e+00
-1.7966e-01  1.6109e+00  2.6926e-01  7.6428e+00 -2.5084e+00  1.3890e+01  1.6051e+01  1.0000e+00
-4.7686e+00  3.2796e+00  1.9157e+00 -5.8440e+00  3.7242e+00  8.1619e-01  6.9777e+00  1.0000e+00
-3.1619e-01 -4.9203e+00  9.8530e-01 -1.5292e+00 -2.3679e+01  3.3807e+00  2.3968e+01  1.0000e+00
-2.1529e-01  1.4695e+00  3.0600e-01  3.1246e+01  5.5750e+00 -5.0627e+00  3.2141e+01  1.0000e+00
 2.7861e-01  1.0769e+00  2.8077e-01 -8.3541e+00  1.4169e+01 -2.3850e+00  1.6620e+01  1.0000e+00
-4.9524e-01  1.1344e+00  5.8902e-01 -6.3514e+00  2.5901e-02  1.0071e+01  1.1907e+01  1.0000e+00
-1.7205e+01  2.6970e+01 -1.4293e+01 -1.9135e+01  3.0276e+01 -1.5812e+01  3.9151e+01  1.0000e+00
-2.6964e+00  1.9030e+00  4.5106e+00 -1.5423e-01  1.9868e+00  5.5677e+00  5.9136e+00  1.0000e+00
 7.0951e-02  1.2547e+00  2.4104e+00  3.3729e+00  1.4714e+00 -5.2486e+00  6.4101e+00  1.0000e+00
-5.0982e-01  1.9438e+00  2.8469e-01  9.7991e+00  1.2168e+01  6.4027e-01  1.5636e+01  1.0000e+00
-8.3997e-01  1.8183e+00  3.9665e-01 -3.0963e+00  8.3189e+00  9.6174e-01  8.9284e+00  1.0000e+00
-1.4113e-01  1.2105e+00  5.7750e-01  1.5680e+01 -3.2850e-01 -8.4144e+00  1.7798e+01  1.0000e+00
-3.3168e-01  1.6623e+00  6.4642e-01  1.2130e+01  1.0104e+01  1.5105e+01  2.1849e+01  1.0000e+00
-4.9364e-01  1.3847e+00  3.5138e-01  1.0450e+01  4.6648e+00  1.3076e+00  1.1519e+01  1.0000e+00
 1.0957e-02  1.6653e+00 -1.5676e-01  7.4972e-01 -8.9373e+00  1.0578e+01  1.3868e+01  1.0000e+00
-5.8705e-01  8.1968e-01  1.2706e-01 -7.6843e+00  2.1017e+00 -8.4056e+00  1.1581e+01  1.0000e+00
-6.6840e-01  9.8167e-01  2.8298e-01  3.5378e+00 -8.0186e+00  6.0363e+00  1.0642e+01  1.0000e+00
 7.6481e+00 -1.2591e+01  2.2281e+01  8.9091e+00 -1.3755e+01  2.4101e+01  2.9145e+01  1.0000e+00
-1.4686e+00  2.5190e+00 -1.3603e+00 -2.0098e+00  1.2956e+00 -3.4110e+00  4.1657e+00  1.0000e+00
 6.1580e+01 -4.2106e+01 -8.5622e+01  6.9252e+01 -4.7253e+01 -9.5417e+01  1.2702e+02  1.0000e+00
 6.2707e-01  8.2722e+00 -2.2542e+00  1.6845e+00  1.6035e+01 -6.6019e+00  1.7423e+01  1.0000e+00
-2.6651e-02  8.0155e-01  1.9605e-01  7.1567e+00 -1.8182e+01  9.3710e+00  2.1670e+01  1.0000e+00
 1.5491e+01 -4.1596e+00 -3.1482e+00  1.6276e+01 -3.6358e+00 -2.7240e+00  1.6898e+01  1.0000e+00
-4.4729e-01  1.6056e+00  5.5416e-01 -4.4047e-01  1.1297e+01 -2.4728e+00  1.1573e+01  1.0000e+00
-1.9867e+00  2.4519e+00  2.8300e-01 -8.7447e+00  1.5050e+00  2.2364e+00  9.1507e+00  1.0000e+00
-2.9348e-01  1.8258e+00  4.7685e-01 -4.6174e+00 -8.4727e+00 -9.3750e+00  1.3454e+01  1.0000e+00
 5.3790e-02  1.4150e+00  6.4148e-01  1.3490e+01 -8.8847e+00  5.0435e+00  1.6922e+01  1.0000e+00
 6.4594e-01  9.1271e-01  5.4484e-01 -4.3386e-01  3.0649e+00 -7.6047e-01  3.1875e+00  1.0000e+00
-3.9217e-01  1.6876e+00  7.4430e-01 -7.9820e-01 -1.1317e+01  6.3636e+00  1.3008e+01  1.0000e+00
 9.7335e-02  8.6552e-01  1.0272e+00 -3.6395e+00 -2.4768e+00 -4.5864e+00  6.3573e+00  1.0000e+00
 1.0556e+00  1.0756e+00  3.6575e-03  1.0171e-01 -4.0255e+00 -4.1698e+00  5.7967e+00  1.0000e+00
 1.5251e+00 -1.2012e+01  2.1254e+01  1.7370e+00 -1.2980e+01  2.2942e+01  2.6417e+01  1.0000e+00
-4.2860e+01  3.2982e+01 -2.7373e+01 -5.8150e+01  4.4360e+01 -3.7300e+01  8.2101e+01  1.0000e+00
-3.9077e-01  1.3860e+00  7.3238e-01  2.5370e+01  4.0024e+00 -1.0272e+01  2.7662e+01  1.0000e+00
-1.9216e-01 -1.2066e-02  6.0244e-01 -2.1142e+00  5.5430e-01  4.2678e+00  4.7949e+00  1.0000e+00
-7.3757e-01  1.4160e+00  3.0368e-02 -7.3259e+00  1.5449e-01  6.2839e+00  9.6530e+00  1.0000e+00
 5.8128e-01  1.2252e+00 -1.5930e-01  1.2193e+01  2.8793e+00 -1.7372e+00  1.2648e+01  1.0000e+00
 1.3481e-02  1.2783e+00  8.2896e-01 -2.5159e+00 -5.9841e+00  1.5755e+01  1.7040e+01  1.0000e+00
-2.2230e-01  1.6600e+00  4.2453e-01 -1.7265e+01 -7.4091e-01  1.6963e+00  1.7364e+01  1.0000e+00
-2.0430e+01  1.7236e+01 -5.6959e+00 -2.2175e+01  1.8745e+01 -6.1468e+00  2.9680e+01  1.0000e+00
 1.2505e+01 -9.8256e+00 -3.8272e+01  1.4081e+01 -1.1142e+01 -4.3131e+01  4.6719e+01  1.0000e+00
-5.9828e-01  2.6912e+00  7.3383e-02 -3.1070e+00 -8.4154e+00  2.7177e+00  9.3733e+00  1.0000e+00
-8.4939e-01 -2.4453e+01 -1.7446e+01 -1.2295e-01 -2.7023e+01 -1.9057e+01  3.3067e+01  1.0000e+00
-9.2684e+00  8.7470e+00 -3.6095e+01 -1.0536e+01  9.9634e+00 -4.0460e+01  4.2980e+01  1.0000e+00
 4.2505e+00 -2.1271e+01  2.4002e-01  4.5071e+00 -2.2979e+01  3.5668e-01  2.3419e+01  1.0000e+00
-1.4633e-01  1.4584e+00  2.7986e-01  2.1897e+01 -9.1557e+00 -5.3048e+00  2.4320e+01  1.0000e+00
-4.1609e+00 -5.4220e+00 -2.2837e+01 -4.5792e+00 -6.0293e+00 -2.4203e+01  2.5360e+01  1.0000e+00
 2.2825e+00  5.2473e+00  4.7787e+00  1.6641e+00  3.6059e+00  3.0190e+00  4.9885e+00  1.0000e+00
-1.6362e-01  1.5929e+00  6.6529e-01 -1.3338e+01 -1.6063e+00 -8.8654e+00  1.6096e+01  1.0000e+00
 1.4538e+01  8.5686e+00  2.0007e+01  1.8077e+01  9.8568e+00  2.4527e+01  3.2023e+01  1.0000e+00
-8.5981e-01  1.9071e+00 -1.0376e-01  7.3086e+00 -3.5012e+00  1.3252e+01  1.5533e+01  1.0000e+00
 1.4362e+01 -1.7625e+01 -6.9812e+00  1.6671e+01 -1.8674e+01 -7.5208e+00  2.6138e+01  1.0000e+00
-9.5336e-02  1.4432e+00  4.4968e-01  1.7542e+01  6.4761e+00  3.8073e+00  1.9082e+01  1.0000e+00
-3.7388e-01  1.8895e+00  5.8606e-01  3.5267e+00  1.0686e+00  1.0447e+01  1.1077e+01  1.0000e+00
-2.4898e+01 -1.1181e+01 -7.7706e+00 -2.7325e+01 -1.2216e+01 -8.4265e+00  3.1095e+01  1.0000e+00
 1.2204e+01  6.8399e+00  1.2368e+01  1.2334e+01  7.4690e+00  1.3263e+01  1.9591e+01  1.0000e+00
 6.7250e-01  1.0544e+00  5.4677e-01 -1.4008e+00 -3.6596e-01  1.0173e+01  1.0275e+01  1.0000e+00
 1.0120e+01 -3.2873e+01 -2.6009e+00  1.1441e+01 -3.6724e+01 -2.9191e+00  3.8576e+01  1.0000e+00
 3.9064e+01 -1.1750e+01  3.0197e+01  8.4634e+01 -2.7138e+01  6.4804e+01  1.1000e+02  1.0000e+00
-4.8972e+01 -4.7212e+00  7.2270e+01 -5.6974e+01 -5.5829e+00  8.4052e+01  1.0170e+02  1.0000e+00
 1.9367e+01 -3.3394e+01 -2.7143e+01  2.2001e+01 -3.7683e+01 -3.0697e+01  5.3351e+01  1.0000e+00
-5.0566e-01  1.6396e+00  5.9161e-01 -7.1882e+00  1.1747e+01 -2.7221e+00  1.4038e+01  1.0000e+00
-1.8978e+00  6.8390e+00  1.5708e+00 -3.9820e-01  6.2817e+00  9.6737e-01  6.3683e+00  1.0000e+00
-1.0615e-01  1.7096e+00  2.8006e-01 -1.1924e+01  7.6921e+00  1.4771e+01  2.0483e+01  1.0000e+00
-1.0305e+01 -2.1006e+00 -7.2038e+00 -9.5764e+00 -2.2840e+00 -5.8518e+00  1.1453e+01  1.0000e+00
 2.2667e-01  1.3553e+00 -6.1267e-01  7.8951e+00  3.3262e-01 -1.7095e+01  1.8833e+01  1.0000e+00
 3.0520e-03  1.3666e-01  2.2173e-01  1.8765e+00 -2.9800e+00  4.2109e+00  5.4894e+00  1.0000e+00
-3.7250e-01 -2.4381e+01 -1.7382e+01 -1.2977e+00 -2.6677e+01 -1.9236e+01  3.2915e+01  1.0000e+00
-1.2320e+00 -1.3957e+01 -4.8435e-01 -2.3311e+00 -3.7292e+01 -2.6081e+00  3.7455e+01  1.0000e+00
-8.1298e-01  1.5890e+00  3.3631e-01  9.0845e+00 -1.1143e+00  8.3766e+00  1.2407e+01  1.0000e+00
-3.0466e-01  7.6541e-01  8.8201e-01  1.7969e+00  1.6851e+00 -1.0603e+01  1.0886e+01  1.0000e+00
 1.0090e+00  1.6300e+00  4.7033e-01  1.4138e+00  6.0510e+00 -4.5291e-03  6.2140e+00  1.0000e+00
 2.2368e-01  1.2711e+00  6.7273e-01  1.0803e+01  4.1998e+00 -6.3170e+00  1.3200e+01  1.0000e+00
-4.6943e+01 -5.6487e+01  2.6457e+01 -5.1364e+01 -6.2584e+01  2.9541e+01  8.6184e+01  1.0000e+00
 7.1193e-01  1.7939e+00 -2.3362e-01 -6.3332e-01  9.0129e-01  1.8717e+00  2.1718e+00  1.0000e+00
-3.7483e+00  6.9076e+00 -2.5883e+00 -2.7650e+00  5.9713e+00 -1.3309e+00  6.7137e+00  1.0000e+00
-4.5453e-01  1.5791e+00  4.3888e-01 -1.1046e+01  2.6277e+01  7.9777e+00  2.9600e+01  1.0000e+00
-9.3782e-01  1.5066e+00  4.8317e-01 -1.5899e+00  1.3349e+01 -7.0494e+00  1.5179e+01  1.0000e+00
 5.5047e-01  9.9973e-01  6.9300e-01  1.8565e+00 -8.0096e+00  4.3800e+00  9.3158e+00  1.0000e+00
-6.8635e-02  1.3944e+00  8.8734e-02  4.2488e+00 -4.9343e+00 -4.6639e+00  8.0094e+00  1.0000e+00
-1.3001e-02  1.5003e+00  3.8290e-01 -8.4140e+00  2.0134e+01  1.1773e+01  2.4795e+01  1.0000e+00
-1.6161e-01 -2.1365e+01  1.0147e+01 -1.7573e-01 -2.3200e+01  1.0857e+01  2.5616e+01  1.0000e+00
-2.8091e+01 -1.6660e+01 -1.0184e+01 -3.0612e+01 -1.7427e+01 -1.0404e+01  3.6729e+01  1.0000e+00
 4.5011e-01  1.4151e+00 -1.3482e-02 -5.0271e+00 -9.3505e+00  1.0747e+00  1.0670e+01  1.0000e+00
-7.4618e-01  1.1282e+00  5.3489e-01 -1.1043e+01 -4.0268e+00 -7.3208e+00  1.3847e+01  1.0000e+00
 3.6151e+01 -1.2934e+01 -2.1038e+00  4.0596e+01 -1.4480e+01 -2.2776e+00  4.3161e+01  1.0000e+00
 7.1030e-01  8.7481e-01  3.4045e-01  6.6086e+00 -3.3086e+00 -1.2336e+01  1.4380e+01  1.0000e+00
 3.5153e+02 -4.3485e+02  2.8466e+02  3.8386e+02 -4.7418e+02  3.0947e+02  6.8408e+02  1.0000e+00
 2.5665e-01  1.4112e+00 -2.3512e-01 -5.2218e+00  3.9826e+00 -2.8884e+00  7.1743e+00  1.0000e+00
 3.4447e-02  1.1258e+00  2.5915e-01  3.9319e+00  6.1037e+00 -1.4949e+01  1.6619e+01  1.0000e+00
-3.8361e-01  1.5505e+00  3.8566e-01  2.8990e+00  6.3055e+00  2.3624e+01  2.4623e+01  1.0000e+00
 1.9607e+01  1.5796e+01  1.5658e+00  2.1174e+01  1.6951e+01  1.8606e+00  2.7187e+01  1.0000e+00
-1.6164e+01 -4.1458e+00  8.9124e+00 -1.8265e+01 -4.6262e+00  1.0696e+01  2.1666e+01  1.0000e+00
 4.8378e+00 -2.6765e+01  1.2872e+00  5.2290e+00 -2.9223e+01  1.2188e+00  2.9712e+01  1.0000e+00
-5.2243e-01  1.7889e+00  2.0732e-01 -6.2703e+00  1.2471e+01  1.4303e+01  1.9985e+01  1.0000e+00
 1.2430e+00  1.2271e+01 -1.9052e+01  1.2309e+00  1.3084e+01 -2.0471e+01  2.4326e+01  1.0000e+00
-5.5629e+01  1.8737e+01  2.0313e+01 -6.8463e+01  2.3092e+01  2.4955e+01  7.6441e+01  1.0000e+00
-1.7349e-01  1.4187e+00  1.9785e-01  2.4835e+00 -3.4796e+00  6.9544e+00  8.1633e+00  1.0000e+00
-1.1136e-01  9.0382e-01  2.2025e-01  1.1575e+01  2.5998e+00 -2.0271e-01  1.1865e+01  1.0000e+00
-6.0591e-01  1.5329e+00  2.5308e-01 -3.1064e+00 -7.3793e+00 -4.3443e+00  9.1091e+00  1.0000e+00
-1.5573e+00  2.6392e+00 -3.5443e-01 -4.8694e-01  3.6551e+00 -3.8316e+00  5.3177e+00  1.0000e+00
 2.6807e+00 -2.7788e+01  2.2096e+01  2.9585e+00 -3.1064e+01  2.4714e+01  3.9806e+01  1.0000e+00
 1.7212e+01 -3.2196e+01  1.2760e+01  2.3416e+01 -4.3960e+01  1.7142e+01  5.2675e+01  1.0000e+00
-1.8652e+00  1.5278e+01  2.5728e+00 -3.1809e+00  1.4791e+01  2.9081e+00  1.5406e+01  1.0000e+00
 4.6730e-03  1.9627e+00  9.0371e-01  7.6124e+00 -8.3763e+00 -8.4391e-01  1.1350e+01  1.0000e+00
-2.1413e+00  4.7717e+00  1.3359e-02 -4.7428e+00  1.0005e+01  1.2299e-01  1.1073e+01  1.0000e+00
-3.1220e-02  1.1001e+00  3.8251e-01  9.6736e-01 -2.7777e+00 -1.0135e+01  1.0553e+01  1.0000e+00
 1.3838e+01 -4.2151e+00  7.3014e+00  1.4230e+01 -3.7071e+00  7.0760e+00  1.6319e+01  1.0000e+00
-7.9868e-01  1.6754e+00  1.6345e-01  1.3674e+00  1.2675e+01  1.3524e+01  1.8586e+01  1.0000e+00
-1.4913e-01  1.1809e+00  1.0496e-01 -9.0014e+00  8.1098e+00  9.4248e+00  1.5350e+01  1.0000e+00
-5.4364e-01  1.0588e+00  4.7907e-01 -7.7075e+00  4.4075e+00  1.2414e+01  1.5262e+01  1.0000e+00
-5.8452e+00 -4.9935e+00 -2.9793e+01 -6.3495e+00 -5.3945e+00 -3.2892e+01  3.3931e+01  1.0000e+00
-1.3474e+00 -1.9646e-02  4.2595e+00  9.6418e-01  2.7172e+00 -1.7623e+00  3.3791e+00  1.0000e+00
 3.6661e+01 -7.6188e-01 -7.8325e+00  4.1127e+01 -7.3178e-01 -8.5487e+00  4.2013e+01  1.0000e+00
-6.5802e-01  2.1122e+00 -2.3651e-01 -3.9653e+00 -5.2081e+00  3.1310e+00  7.2561e+00  1.0000e+00
 1.2780e+01 -2.2321e+00  3.3507e+01  1.4313e+01 -2.8646e+00  3.7595e+01  4.0330e+01  1.0000e+00
 4.5222e-01  4.8155e-01  1.2995e+00  5.3901e+00 -7.6375e+00  3.9124e+00  1.0134e+01  1.0000e+00
 7.5328e-01  2.5835e+00  1.1781e-01  3.9759e+00  1.0324e+00  8.5757e+00  9.5088e+00  1.0000e+00
-1.4214e+01  2.4310e+00  2.3277e+01 -1.5373e+01  2.6612e+00  2.5498e+01  2.9893e+01  1.0000e+00
-2.7403e+00  9.6926e+00 -5.3665e-01 -3.4635e+00  5.8846e+00 -7.0082e-01  6.8640e+00  1.0000e+00
-1.2998e-01  1.7405e+00  6.1651e-01 -1.3752e+01  4.2387e+00  3.8792e+00  1.4904e+01  1.0000e+00
 9.4884e-01  5.7226e+01  3.6992e+01  2.7979e-01  6.3416e+01  4.0453e+01  7.5221e+01  1.0000e+00
-7.1413e+00  6.3817e+00 -1.9879e+00 -4.8137e+00  4.5595e+00 -2.8697e-01  6.6365e+00  1.0000e+00
 2.1242e-01  1.2543e+00  4.8057e-01  3.8254e+00  1.8442e+01 -1.5372e+01  2.4311e+01  1.0000e+00
-1.0792e-01  1.6469e+00  4.5494e-01 -4.7340e+00  6.5525e+00  1.5232e+01  1.7244e+01  1.0000e+00
-5.9046e-02  1.7111e+00  3.8782e-01  3.0694e+00  1.4690e+01 -5.3821e+00  1.5944e+01  1.0000e+00
 4.1758e-04  1.3701e+00  4.5187e-01 -4.0340e+00 -1.1751e-01  2.0231e+01  2.0630e+01  1.0000e+00
-5.8513e-01  1.2352e+00  3.0196e-01  5.3629e+00 -7.8204e+00  3.1636e+00  9.9964e+00  1.0000e+00
-2.9696e+00  7.1747e-01  4.6744e+00  1.2826e+00  1.9823e+00 -6.1592e-01  2.4401e+00  1.0000e+00
-3.2585e-01  8.5868e-01  5.5682e-01 -6.3782e+00  1.0914e+01 -8.9141e+00  1.5468e+01  1.0000e+00
-2.1248e+01  1.7773e+01  5.9591e+00 -2.6827e+01  2.2401e+01  7.1364e+00  3.5671e+01  1.0000e+00
 3.3500e+00 -5.5811e+00  1.7171e+00  1.7805e+01 -3.0852e+01  6.2045e+00  3.6157e+01  1.0000e+00
-2.5781e-01  1.3935e+00  3.3778e-01  4.1134e+00  1.0234e+01 -3.3735e+00  1.1534e+01  1.0000e+00
-1.0422e+00  1.2516e+00  6.4626e-01 -2.6263e+00  9.5430e+00 -2.6223e+00  1.0239e+01  1.0000e+00
-4.1602e-01  1.5139e+00  9.1457e-01 -1.6231e+00 -2.7890e+00 -1.3131e+01  1.3522e+01  1.0000e+00
 1.1938e+01 -1.9919e+01 -1.0045e+01  1.3076e+01 -2.1344e+01 -1.0944e+01  2.7319e+01  1.0000e+00
-4.2284e-01  1.3282e+00  4.1872e-01  9.6317e+00 -1.4120e+01  1.9331e+01  2.5803e+01  1.0000e+00
 1.5792e+01  4.4594e+00 -3.4845e+01  1.7740e+01  5.2239e+00 -3.7948e+01  4.2214e+01  1.0000e+00
-2.4312e+00  1.3098e+01 -7.9384e+00 -2.4264e+00  1.2846e+01 -7.0185e+00  1.4838e+01  1.0000e+00
-3.1535e+01 -1.0976e+01  7.4802e+00 -3.5371e+01 -1.2065e+01  8.3523e+00  3.8294e+01  1.0000e+00
 3.9701e+01 -3.8107e+00 -1.6216e+01  4.4965e+01 -4.2816e+00 -1.8234e+01  4.8710e+01  1.0000e+00
 1.5444e+01 -8.5457e+01  5.3038e+01  1.7616e+01 -9.7711e+01  6.0738e+01  1.1639e+02  1.0000e+00
-2.3302e-01  1.6489e+00  2.4376e-01 -6.7818e+00 -3.3686e+00  6.4557e+00  9.9507e+00  1.0000e+00
 1.0119e-01  1.7573e+00  6.4607e-01 -3.8220e+00 -7.5808e+00 -7.0432e+00  1.1031e+01  1.0000e+00
-3.4170e-01  1.0173e+00  4.4475e-01 -1.2637e+01 -8.1060e-01  1.0403e+00  1.2706e+01  1.0000e+00
-7.3176e-01  9.3304e-01  5.5737e-01  1.1808e+01  1.4364e+01 -2.2064e+00  1.8725e+01  1.0000e+00
-1.8982e+01 -9.1561e+00 -9.7053e+00 -2.0678e+01 -9.4372e+00 -1.0539e+01  2.5054e+01  1.0000e+00
 1.0442e-01  1.0993e+00  1.5406e-01 -2.6353e+00  1.4060e+00 -3.5546e+00  4.6430e+00  1.0000e+00
 5.1379e-03  2.0329e+00  1.2353e+00 -5.4144e+00  7.7573e-01  1.3576e+01  1.4636e+01  1.0000e+00
-7.2461e-01  1.4775e+00  1.1108e-01 -1.0828e+01  3.2731e+00 -3.2986e+00  1.1783e+01  1.0000e+00
-8.2628e-01  1.4166e+00  5.9783e-01  3.4722e+00  1.3540e+00 -3.3041e+00  4.9806e+00  1.0000e+00
 3.5462e+00 -2.7868e+00 -4.1318e+00  1.7414e+00  7.8965e-01 -1.7788e+00  2.6116e+00  1.0000e+00
-4.8311e-01  1.6042e+00  3.2734e-01  1.8961e+01 -2.3847e+00 -6.7051e+00  2.0253e+01  1.0000e+00
-9.3092e-02  1.7190e+00  4.0423e-01  1.7690e+01 -3.5873e+00  3.5449e-01  1.8054e+01  1.0000e+00
 1.2908e+01 -1.5759e+01 -1.8971e+01  1.4067e+01 -1.7616e+01 -2.0498e+01  3.0469e+01  1.0000e+00
 1.0776e+01  5.0862e+00 -5.5172e+00  2.1911e+01  8.6599e+00 -1.0093e+01  2.5631e+01  1.0000e+00
 3.2410e-01  1.7597e+00  1.2709e+00 -3.1197e-01  1.2160e+01  5.4276e+00  1.3320e+01  1.0000e+00
-2.6692e-01  1.0686e+00  5.9608e-01 -5.4783e+00  1.4935e+01 -4.1195e+00  1.6433e+01  1.0000e+00
 4.5324e-01  1.5699e+00 -6.4142e-01  2.6887e+00  1.2273e+01  1.7550e+00  1.2686e+01  1.0000e+00
 1.9120e+01 -9.4120e+00 -1.2567e+01  3.0606e+01 -1.5812e+01 -2.0116e+01  3.9892e+01  1.0000e+00
-7.4886e-02  1.4532e+00  3.9177e-01  1.1238e+01 -3.6547e+00  1.1197e+01  1.6279e+01  1.0000e+00
-9.7798e-01  1.8586e+00  7.9194e-02  3.9336e-01  2.2666e+00 -2.0142e+00  3.0577e+00  1.0000e+00
-4.6588e+01  1.1216e+01  2.2953e+01 -6.0102e+01  1.4427e+01  2.9665e+01  6.8560e+01  1.0000e+00
-1.2005e-01  1.5658e+00  6.8836e-01 -3.1852e+00 -4.6277e+00 -7.4096e+00  9.2985e+00  1.0000e+00
 1.6845e+01  1.2220e+01 -1.2446e+00  1.7465e+01  1.3172e+01 -9.2335e-01  2.1895e+01  1.0000e+00
-9.0949e-01  1.4135e+00  7.6585e-01  1.3307e+00 -3.0323e+00  5.0666e+00  6.0528e+00  1.0000e+00
-1.6166e-01  1.8168e+00  5.4719e-01 -2.8141e+00  1.0197e+01  1.2226e+00  1.0649e+01  1.0000e+00
-1.6987e-01  1.1852e+00  5.4490e-01 -4.2527e+00 -2.7066e+00 -3.9674e+00  6.4149e+00  1.0000e+00
 3.3687e+00  1.4962e+01 -8.3556e-01  3.6956e+00  1.4135e+01 -1.3168e+00  1.4669e+01  1.0000e+00
-3.4891e+02  4.3338e+02 -2.9020e+02 -3.7964e+02  4.7214e+02 -3.1702e+02  6.8377e+02  1.0000e+00
-1.6046e-01  1.5166e+00  3.5222e-01  2.1684e+01  9.5663e+00  2.0695e+01  3.1464e+01  1.0000e+00
-7.9027e-01  3.3078e+00  6.1688e-01  3.5888e+00  7.2819e-01  2.6427e+00  4.5159e+00  1.0000e+00
-1.0398e+00  3.6841e+00  1.0292e-01  9.8161e-01 -4.1315e+00  1.5858e+00  4.5329e+00  1.0000e+00
 1.0593e-01  1.3448e+00  6.2291e-01 -1.3129e+01  4.5825e+00 -9.9472e+00  1.7097e+01  1.0000e+00
-8.7750e-01  1.8497e+00  1.1379e+00  2.2941e+00  7.5793e+00 -1.2636e+00  8.0191e+00  1.0000e+00
 1.2373e+01 -1.8020e+01 -1.7313e+01  1.4870e+01 -1.9436e+01 -1.7553e+01  3.0116e+01  1.0000e+00
-9.9309e-01  1.8479e+00  5.0165e-02 -1.4951e+01  1.0722e+01 -1.0389e+01  2.1129e+01  1.0000e+00
-1.1007e-01  1.5272e+00 -1.3762e+00 -3.6866e+00  1.8293e+00 -1.0955e+01  1.1703e+01  1.0000e+00
-4.9067e-01  1.2638e+00  2.3915e-01  3.8215e+00  1.9464e+01  3.4175e-01  1.9839e+01  1.0000e+00
-2.7277e+01  1.7855e+00  2.3440e+01 -3.0504e+01  2.2590e+00  2.6379e+01  4.0391e+01  1.0000e+00
-1.8648e-01  1.5471e+00  4.1691e-01 -3.6516e+00 -5.0124e+00 -1.9901e+00  6.5129e+00  1.0000e+00
-4.0165e-01  1.5124e+00  3.4856e-01 -7.7539e+00  7.9904e-01 -8.1449e+00  1.1274e+01  1.0000e+00
-1.8472e+01  1.6899e+01 -2.9805e+01 -2.0703e+01  1.9124e+01 -3.3439e+01  4.3732e+01  1.0000e+00
 3.1253e+01 -2.1288e+01  8.6607e+00  3.5060e+01 -2.3774e+01  9.7694e+00  4.3472e+01  1.0000e+00
 1.6326e+01 -1.0026e+01  1.8453e+01  1.7625e+01 -1.0825e+01  2.0265e+01  2.8957e+01  1.0000e+00
-8.8650e-01  1.2302e+00  7.3797e-01 -1.2380e+01  5.1602e+00 -1.1879e+01  1.7917e+01  1.0000e+00
-2.4047e-01  1.4908e+00  2.4211e-01 -5.2675e+00  3.2011e-01  3.2882e+00  6.2178e+00  1.0000e+00
-3.3265e-01  1.1940e+00 -5.8673e-03 -1.1588e+00  2.6221e+00  6.2672e+00  6.8918e+00  1.0000e+00
-1.1432e+01  1.5265e+00  3.5738e+00 -9.8607e+00  9.4160e-01  2.7195e+00  1.0272e+01  1.0000e+00
-4.9444e-01  1.4114e+00  3.3435e-01  2.3138e+01  4.2595e+00  5.3440e+00  2.4126e+01  1.0000e+00
-2.2069e-01  1.6644e+00  4.2016e-01  1.1267e+01 -1.6350e+00  7.8499e+00  1.3829e+01  1.0000e+00
 1.7964e-02  1.1749e+00  4.8227e-01  1.0180e+00  9.1448e+00 -8.0510e+00  1.2226e+01  1.0000e+00
-1.5382e-01  1.2855e+00  1.5487e-01  1.6297e+01 -1.2609e+00 -1.0703e+01  1.9538e+01  1.0000e+00
-1.1475e+01  1.1738e+01 -9.5782e+00 -1.1658e+01  1.2926e+01 -9.6808e+00  1.9918e+01  1.0000e+00
-1.1623e+00  1.9694e+00  1.6760e-01 -8.5540e+00 -2.5371e+00 -6.3789e+00  1.0968e+01  1.0000e+00
-9.3282e+00  5.9022e+00 -2.2669e+01 -1.0200e+01  6.4054e+00 -2.4503e+01  2.7303e+01  1.0000e+00
-3.8603e+00  1.3318e+01  5.0856e+00 -5.1960e+00  1.2295e+01  3.8036e+00  1.3879e+01  1.0000e+00
-2.9667e+01 -6.3835e+00 -7.9783e+00 -3.3269e+01 -6.8849e+00 -8.3565e+00  3.4987e+01  1.0000e+00
 1.2356e-01  5.0353e-01  1.2938e+00  4.6634e+00 -6.1509e-01  3.8385e+00  6.0712e+00  1.0000e+00
-1.8791e-01  3.6111e-01 -2.4245e+00 -4.0245e-01  3.3537e+00  6.1248e+00  6.9945e+00  1.0000e+00
-6.2623e-01  1.6515e+00  4.0385e-01  3.3083e+00 -7.6178e+00  5.4764e+00  9.9482e+00  1.0000e+00
 2.4367e+00  1.3733e+00 -9.5180e-01  5.7078e+00 -1.4776e-01  2.3587e+00  6.1777e+00  1.0000e+00
 9.0153e-02  1.5126e+00  7.2680e-01 -4.0647e+00  1.7508e+01 -9.6601e+00  2.0405e+01  1.0000e+00
 2.2326e-01  1.4742e+00  3.5846e-01 -3.8385e-01  1.4178e+00 -2.1934e+00  2.6398e+00  1.0000e+00
 4.2412e-01  3.2438e+00  1.8294e+00  8.4039e-02  2.7851e+00  5.7942e-01  2.8460e+00  1.0000e+00
 1.8811e+00  9.2293e-02 -1.1795e+00 -6.6248e+00  6.2471e+00 -1.6216e+00  9.2490e+00  1.0000e+00
 2.4417e+00  7.7063e+00 -2.4826e+00  3.3957e+00  9.6367e+00 -4.2784e+00  1.1077e+01  1.0000e+00
-4.9470e-01  2.8797e+00  3.8287e-01 -5.9177e+00  4.5938e+00  2.7042e-01  7.4964e+00  1.0000e+00
-3.7950e+01  4.1233e+01 -2.5027e+01 -4.1903e+01  4.4149e+01 -2.6609e+01  6.6430e+01  1.0000e+00
-3.8036e-01  1.2880e+00  8.9229e-01 -3.1810e+00 -2.2235e+00  1.6202e+01  1.6661e+01  1.0000e+00
 2.6203e-01 -1.1580e-01  6.6503e-01  9.3666e+00 -1.3836e+00 -1.2774e+00  9.5540e+00  1.0000e+00
-1.2510e+01 -6.0671e+00 -1.2234e+01 -1.9542e+01 -1.0590e+01 -1.9896e+01  2.9831e+01  1.0000e+00
-4.2444e-01  1.2132e+00  1.4301e-02 -4.6320e+00 -1.1998e+01 -1.0043e+01  1.6318e+01  1.0000e+00
-6.2383e-01 -2.0351e+01 -1.1291e+01 -5.9025e-01 -2.1751e+01 -1.2415e+01  2.5051e+01  1.0000e+00
-5.1415e-01  1.5714e+00  8.5357e-01 -1.4684e+01  2.3856e-01 -9.9252e+00  1.7725e+01  1.0000e+00
 1.2383e+01 -1.8089e+01 -1.7212e+01  1.2447e+01 -1.9888e+01 -2.0200e+01  3.0960e+01  1.0000e+00
-9.4765e-01  1.2401e+00  4.2728e-01  7.7933e+00 -4.7662e-01 -8.6824e+00  1.1677e+01  1.0000e+00
-4.2159e+01  1.0768e+01 -2.2129e+01 -9.0973e+01  2.1555e+01 -4.8358e+01  1.0526e+02  1.0000e+00
 1.7039e+00  1.2212e+01  4.7408e+00  2.3530e+00  1.1018e+01  3.6505e+00  1.1843e+01  1.0000e+00
 6.2244e+00 -1.2491e+01  1.9808e+01  6.9984e+00 -1.3400e+01  2.1618e+01  2.6379e+01  1.0000e+00
-9.0116e-01  9.9890e-01  1.3235e-01 -2.0891e+01 -2.6082e+01 -1.1885e+01  3.5468e+01  1.0000e+00
-2.5564e+01  1.4538e+01 -5.8595e+00 -4.2272e+01  2.3316e+01 -9.9008e+00  4.9281e+01  1.0000e+00
-1.5134e-01  1.2607e+00  3.9504e-01 -1.2126e+01  1.3600e+01  4.8514e+00  1.8855e+01  1.0000e+00
-1.3883e-01  1.3904e+00  3.1697e-01 -1.5344e+01 -5.3406e+00 -1.5844e+01  2.2694e+01  1.0000e+00
-1.4546e+01 -4.9239e+00  8.5915e+00 -1.4834e+01 -5.0692e+00  8.4332e+00  1.7801e+01  1.0000e+00
-2.9867e-01  1.0320e+00  2.9687e-01 -7.9575e+00 -5.5672e+00  1.0028e+01  1.3960e+01  1.0000e+00
-3.5401e+00  8.8223e+00  1.3305e+00 -8.9736e+00  2.0076e+01  2.7556e+00  2.2163e+01  1.0000e+00
 2.3753e+01 -3.0393e+01 -2.4349e+00  2.6813e+01 -3.4033e+01 -2.7879e+00  4.3416e+01  1.0000e+00
-8.2937e-01  2.5081e+00  8.0180e-01  4.7258e+00 -9.5720e+00 -2.2796e+00  1.0916e+01  1.0000e+00
 8.1849e-01 -2.4113e+00  1.6945e+00 -1.0614e+00 -1.1298e+00  1.5798e+00  2.2133e+00  1.0000e+00
 2.1846e-01  1.9093e+00  1.7983e-01 -5.3281e+00  8.7322e+00 -9.9875e+00  1.4297e+01  1.0000e+00
 8.8408e-01  1.3264e+00  9.4845e-01 -6.2148e+00  8.8898e+00  7.2431e-02  1.0847e+01  1.0000e+00
-1.7873e+00  2.5702e+00 -2.6257e+00 -3.0511e+00  3.2589e+00 -7.6554e+00  8.8620e+00  1.0000e+00
-6.2889e-01  1.7556e+00  1.2101e-01  1.4238e+01  7.3577e+00 -4.3640e+00  1.6611e+01  1.0000e+00
-7.0989e-01  1.7750e+00 -1.6987e-01  1.5513e+01  3.0700e+00  1.1298e+01  1.9435e+01  1.0000e+00
-6.7994e+00 -1.9952e+00 -1.2536e+00 -4.6205e+00 -2.0907e-01 -2.8156e-01  4.6338e+00  1.0000e+00
-2.8568e-01  1.5497e+00  2.7348e-01 -5.4462e+00 -7.7470e+00  9.0962e-01  9.5133e+00  1.0000e+00
-2.9190e-01  1.5882e+00  3.2334e-01  2.5767e+00  2.0721e+01  1.0489e+00  2.0906e+01  1.0000e+00
-9.6677e-01  1.5103e+00  3.5219e-01  4.4106e-01 -4.1060e-01  4.9033e+00  4.9401e+00  1.0000e+00
-6.7341e-01  1.7267e+00  2.2069e-01 -3.7994e-02 -1.2621e+01  8.6673e-01  1.2651e+01  1.0000e+00
 1.6443e-01  1.9702e+00  5.3577e-01 -1.3016e+00  5.6052e+00 -1.1083e+01  1.2488e+01  1.0000e+00
 2.8053e-01  1.7024e+00  6.9262e-01 -9.8191e+00 -1.1111e+01 -1.1992e+01  1.9070e+01  1.0000e+00
 7.4378e+00 -1.6864e+01 -4.5065e+00  2.1700e+01 -5.0317e+01 -1.3220e+01  5.6369e+01  1.0000e+00
-1.2500e+00  1.6537e+00  2.3302e-01 -1.2833e+01  6.5551e+00  2.8380e+00  1.4687e+01  1.0000e+00
-5.2980e+01  4.2733e+01  1.9949e+01 -8.1274e+01  6.5132e+01  3.0714e+01  1.0859e+02  1.0000e+00
-5.8465e-01  1.4294e+00  1.0477e+00  1.4073e+01 -2.8600e+00 -8.7510e+00  1.6817e+01  1.0000e+00
 7.3254e-03  1.4665e+00  5.1158e-01 -2.8963e+00  1.8404e+01  1.9656e+01  2.7082e+01  1.0000e+00
-1.7222e+02  5.6184e+00  1.5477e+02 -2.4181e+02  7.3671e+00  2.1773e+02  3.2547e+02  1.0000e+00
-1.5981e-01  1.0522e+00  6.4298e-01 -6.7403e+00 -5.1480e-01  1.4082e+01  1.5621e+01  1.0000e+00
 1.4849e-02  1.6803e+00  6.9956e-01  1.9131e+01  1.0794e+01  7.6588e+00  2.3263e+01  1.0000e+00
-2.8255e-01  1.4406e+00  9.3283e-02  1.3318e+01 -8.4598e-01  6.2650e+00  1.4743e+01  1.0000e+00
-4.3363e+00  6.3640e+00  1.6535e+01 -4.2012e+00  5.9115e+00  1.5742e+01  1.7332e+01  1.0000e+00
 6.0825e+00  2.9265e+00  1.7781e+00  1.0238e+00  2.2905e+00  1.2263e+00  2.7925e+00  1.0000e+00
 1.2720e+01 -7.4837e+00 -1.0845e+01  1.3088e+01 -7.9855e+00 -1.0980e+01  1.8858e+01  1.0000e+00
 7.2840e-01  1.8404e+00 -3.5131e-01  4.8406e+00  2.1059e+00  3.5414e+00  6.3566e+00  1.0000e+00
 1.8841e+01 -1.9122e+01 -2.8221e+01  2.1270e+01 -2.1422e+01 -3.1460e+01  4.3601e+01  1.0000e+00
-2.6760e-01  1.2637e+00  5.7762e-02 -3.8043e+00 -6.2812e+00 -8.4843e+00  1.1221e+01  1.0000e+00
-8.8673e-02  1.8044e+00  7.4501e-01  5.7506e-02  1.2540e+01 -8.5063e-01  1.2569e+01  1.0000e+00
-1.5985e-01  1.7265e+00  4.7794e-01 -1.8708e+01 -3.9172e+00 -1.1982e+01  2.2559e+01  1.0000e+00
-1.4721e+01 -2.3673e+01 -2.2218e+01 -2.4915e+01 -4.1515e+01 -3.8285e+01  6.1725e+01  1.0000e+00
 3.6794e-01  1.3831e+00  8.8186e-01  1.0289e+01  5.4199e+00  1.8801e+00  1.1780e+01  1.0000e+00
 4.2665e-01  1.9832e+00  2.5433e-01 -7.0275e+00 -3.1690e+00  8.3404e+00  1.1357e+01  1.0000e+00
-7.4460e-01  1.5168e+00  6.7835e-01 -1.9575e+01 -4.7497e-01  1.5778e+00  1.9645e+01  1.0000e+00
 1.3512e-01  2.0098e+00  1.4720e+00  2.3781e+00  2.4694e+00  7.6608e+00  8.3929e+00  1.0000e+00
 4.9862e-01  1.1623e+00  4.6397e-01  3.5803e+00  9.4030e+00 -1.0971e+01  1.4886e+01  1.0000e+00
-1.0959e+00  2.6072e+00  1.9494e+00  3.2031e+00 -1.6728e+00 -6.9853e+00  7.8647e+00  1.0000e+00
-4.5358e+00  7.1128e+00  1.9958e+01 -4.4161e+00  7.7610e+00  2.0961e+01  2.2784e+01  1.0000e+00
-9.1698e-01  9.5854e-01 -2.7898e-01 -2.5247e-01 -2.7544e+00  1.4702e+01  1.4960e+01  1.0000e+00
-2.0024e-01  1.6721e+00  6.7742e-01 -7.6060e+00  1.9658e+01  5.5859e+00  2.1805e+01  1.0000e+00
-1.4475e-01  1.2580e+00  5.6346e-01 -8.0424e+00  6.2303e+00 -7.0493e+00  1.2377e+01  1.0000e+00
 2.6191e-01  1.5695e+00  5.4040e-01  1.4873e+01 -2.4662e+00 -4.2515e+00  1.5664e+01  1.0000e+00
 1.4205e+01 -3.5758e+01  6.3633e+01  1.5600e+01 -3.9382e+01  7.0865e+01  8.2560e+01  1.0000e+00
 2.7344e+01  5.1993e+00  2.5838e+01  3.0596e+01  5.7639e+00  2.9102e+01  4.2617e+01  1.0000e+00
-3.2547e+00  1.0439e+00 -1.5782e+00  9.1459e-01 -9.7212e-01 -3.0860e+00  3.3623e+00  1.0000e+00
-2.7566e-01  1.7787e+00 -9.8450e-02  5.2387e+00  9.6048e+00 -1.5814e+01  1.9230e+01  1.0000e+00
-1.9252e-01  1.8338e+00  1.6246e-01 -7.5018e+00 -4.1355e+00 -1.2727e+01  1.5342e+01  1.0000e+00
-7.2013e+00  4.7838e+00  2.8494e+01 -7.9601e+00  5.5198e+00  3.1471e+01  3.2928e+01  1.0000e+00
-1.8666e+01 -3.2093e+00 -1.7631e+01 -2.0248e+01 -2.4779e+00 -1.8706e+01  2.7678e+01  1.0000e+00
-3.2907e+00  8.7244e-01  1.7911e+00 -7.1308e+00 -1.6281e+00  2.7997e+00  7.8318e+00  1.0000e+00
-1.0332e+01 -1.7942e+01 -1.3308e+00 -1.1971e+01 -2.1779e+01 -1.2718e+00  2.4885e+01  1.0000e+00
 7.3466e-02  3.3102e+00  2.1712e-01 -2.9141e+00  1.2261e+01 -2.1225e-01  1.2605e+01  1.0000e+00
-6.6601e-01  1.3502e+00  3.9162e-01 -7.2878e+00  9.0391e+00  1.0950e+00  1.1663e+01  1.0000e+00
-1.4615e+00  5.7521e-01  3.4949e-01  9.5463e+00  1.1277e+01  2.1324e+00  1.4928e+01  1.0000e+00
-4.3407e-01  1.5653e+00  4.0594e-01 -5.1543e+00  1.2139e+01 -1.2177e+01  1.7950e+01  1.0000e+00
-3.7377e-01  1.4450e+00  8.8553e-01  2.3182e+00 -1.8035e-01 -1.6806e+01  1.6966e+01  1.0000e+00
-9.7637e+00  3.0902e+01 -3.9596e+00 -1.0752e+01  3.4287e+01 -4.3212e+00  3.6192e+01  1.0000e+00
 3.9364e+00  2.5057e+00  5.0986e+00 -1.1083e-01  3.7235e+00  2.9498e+00  4.7516e+00  1.0000e+00
-1.7152e+01 -1.2926e-01 -4.4827e+00 -1.7422e+01  4.2161e-01 -4.6675e+00  1.8041e+01  1.0000e+00
 1.9946e+00  2.0857e+00 -2.6444e+00  5.3411e-01  8.1706e-01  2.9954e+00  3.1504e+00  1.0000e+00
-1.3763e+01 -5.0685e+00  9.4956e+00 -1.4069e+01 -4.3365e+00  9.4631e+00  1.7501e+01  1.0000e+00
-3.0735e-01  2.0765e+00  4.7509e-01 -2.4270e+00  1.8890e+01  6.2082e+00  2.0031e+01  1.0000e+00
 3.6318e+01  1.3192e+01  3.0187e+00  4.0623e+01  1.4927e+01  3.3211e+00  4.3406e+01  1.0000e+00
 1.2970e+01  1.7942e+01  2.5288e+00  1.3986e+01  1.9015e+01  3.0602e+00  2.3802e+01  1.0000e+00
-2.8433e+01 -1.7028e+01 -1.0473e+01 -3.2785e+01 -1.9747e+01 -1.2593e+01  4.0291e+01  1.0000e+00
 2.7086e+00  3.0463e+00 -2.0736e+00  4.5449e+00  1.3357e-01 -5.4448e+00  7.0937e+00  1.0000e+00
-2.7736e+01 -6.0205e-01 -7.2776e+00 -3.0622e+01 -4.6415e-01 -8.0825e+00  3.1674e+01  1.0000e+00
 3.0997e-01  1.4059e+00  8.1150e-01  3.5949e+00  3.4356e+00  6.2360e+00  7.9759e+00  1.0000e+00
-4.4052e-01  1.5631e+00  3.5086e-01 -5.3419e+00 -1.3054e+01 -1.8137e+01  2.2976e+01  1.0000e+00
-5.4981e+00  2.2394e+01 -8.6022e+00 -5.4552e+00  2.4588e+01 -9.4789e+00  2.6910e+01  1.0000e+00
 3.6212e+01  2.9557e+01 -2.2701e+01  4.7158e+01  3.8155e+01 -2.9441e+01  6.7428e+01  1.0000e+00
-7.1774e-01  1.0790e+00  8.6451e-01 -9.1922e-01  5.1777e+00  1.4765e+01  1.5674e+01  1.0000e+00
-9.2731e-02  1.0792e+00  1.6429e+00  2.3146e-01 -7.9642e+00  1.6426e+01  1.8256e+01  1.0000e+00
-3.9768e-01  1.4145e+00  9.3214e-01 -1.0420e+01 -1.0948e+01  1.4547e-01  1.5115e+01  1.0000e+00
 4.3369e+00 -2.9606e+00  9.0282e-01  1.4755e+00  9.6441e-01  3.9974e+00  4.3688e+00  1.0000e+00
 2.8580e+00 -1.1401e+00  7.3484e-01  5.7208e-01  3.4369e+00 -6.1364e-01  3.5378e+00  1.0000e+00
-1.0050e+00  1.2770e+00  1.3185e+00 -4.9646e+00  6.3912e+00  3.4109e+00  8.7823e+00  1.0000e+00
-2.1783e+01 -1.0993e+01 -3.8323e+01 -2.4797e+01 -1.2595e+01 -4.3828e+01  5.1908e+01  1.0000e+00
-3.8748e+01 -1.2828e+01 -1.3145e+00 -4.3685e+01 -1.4196e+01 -1.5549e+00  4.5960e+01  1.0000e+00
 4.1451e+00 -2.7462e+00 -4.4013e+00  3.0685e+00 -9.1275e-02 -6.5349e-01  3.1387e+00  1.0000e+00
 3.9100e+01  6.8305e+00 -4.1018e+00  4.3887e+01  7.9086e+00 -4.6907e+00  4.4839e+01  1.0000e+00
-7.9977e-01  1.1583e+00  2.8949e-01  3.2459e+00  3.4481e+00  5.1353e+00  6.9854e+00  1.0000e+00
 7.5726e-02  2.1967e+00  2.2136e+00  1.0348e+01  1.1832e+01  2.3396e+01  2.8186e+01  1.0000e+00
-5.9054e-02  1.4066e+00  5.4633e-01 -1.9017e+01  5.4123e+00  1.8080e+00  1.9855e+01  1.0000e+00
-5.0964e+00  2.2098e+00 -6.0962e-02 -9.1307e+00  2.6433e+00  4.8451e-01  9.5179e+00  1.0000e+00
-1.3106e+00  1.3234e+00  4.8185e-01 -1.1594e+01  5.6763e+00 -2.4013e+00  1.3131e+01  1.0000e+00
-1.6079e-01  1.5983e+00 -3.7929e-02  1.0531e+01  7.1200e+00 -3.5218e+00  1.3191e+01  1.0000e+00
 4.3015e-01  1.0715e+00  5.2515e-01 -1.1779e+01 -8.6205e+00  1.5151e+00  1.4675e+01  1.0000e+00
-1.5269e+01  1.2981e+01 -2.3407e+00 -1.5900e+01  1.3425e+01 -2.1878e+00  2.0924e+01  1.0000e+00
-1.2884e+00  1.5650e+00  6.6248e-01  4.4865e+00  1.0185e+00  9.6675e+00  1.0706e+01  1.0000e+00
-1.5213e+01 -4.5522e+00 -2.3488e-01 -1.4891e+01 -4.4255e+00 -4.2390e-01  1.5540e+01  1.0000e+00
-1.1429e-01  1.2737e+00  7.2907e-01  2.0187e+01 -7.7974e+00 -1.3129e+00  2.1680e+01  1.0000e+00
 2.7607e+00  3.0938e+00 -9.0826e-01  1.6004e+01  1.0963e+01 -7.0505e+00  2.0641e+01  1.0000e+00
-2.6477e-01  1.8145e+00  1.5028e-01  3.0817e+00 -1.9627e-01  1.1424e+01  1.1834e+01  1.0000e+00
-5.0195e-01  1.5650e+00  6.6424e-01  1.2061e+01 -1.9967e+01  7.4458e+00  2.4486e+01  1.0000e+00
 1.2489e+01 -3.0722e+01 -1.4824e+01  1.4004e+01 -3.4217e+01 -1.6550e+01  4.0507e+01  1.0000e+00
-2.8036e+01 -4.9186e+00  2.5241e+01 -3.1478e+01 -5.2567e+00  2.8326e+01  4.2671e+01  1.0000e+00
-1.0230e-01  1.1647e+00  4.6177e-01  1.0809e+01 -1.0049e+01  1.0112e+01  1.7891e+01  1.0000e+00
-2.7055e+00 -4.4398e-01 -3.3801e+00  9.2201e-03  2.8773e+00  2.4472e+00  3.7773e+00  1.0000e+00
-4.3651e-01  1.8678e+00  3.6306e-01  9.2026e+00 -1.8242e+01 -1.4976e+00  2.0487e+01  1.0000e+00
-1.8252e-01  9.1413e-01  3.5890e-01 -6.6569e+00  9.9286e+00 -9.1660e-01  1.1989e+01  1.0000e+00
-2.2997e+00 -2.4874e+01 -1.7611e+01 -1.8140e+00 -2.7733e+01 -1.9824e+01  3.4138e+01  1.0000e+00
-3.4755e+00  6.0369e+00 -4.0121e+00 -1.7843e+00  3.3622e+00 -4.6819e-01  3.8350e+00  1.0000e+00
-1.0112e+00  1.1909e+00 -1.5180e-01 -1.2177e+01  2.2366e+00  2.8591e+00  1.2707e+01  1.0000e+00
-7.6127e-01  1.9432e+00  3.6517e-01 -1.5768e-01  3.7639e+00  4.3998e+00  5.7922e+00  1.0000e+00
 1.4255e+00  1.1905e+00 -1.8954e-01  8.9003e+00 -2.3626e+00 -1.6295e+00  9.3516e+00  1.0000e+00
-5.2093e+00  2.2545e+01 -9.3036e+00 -5.8950e+00  2.3921e+01 -9.2996e+00  2.6333e+01  1.0000e+00
-2.8762e-01  1.2145e+00 -1.1936e-01 -7.3679e+00  4.9389e+00 -1.7751e+00  9.0460e+00  1.0000e+00
 1.0558e+00  4.3978e+00  2.7369e+01  1.8335e+00  5.0866e+00  2.8184e+01  2.8698e+01  1.0000e+00
 3.5024e-01  5.3754e+00 -3.2656e+00  2.2928e-01  3.7095e+00 -2.6231e+00  4.5490e+00  1.0000e+00
-3.3081e-01  1.2641e+00  8.3458e-01 -2.1439e+00 -9.4521e+00  5.6646e+00  1.1226e+01  1.0000e+00
-1.2324e-01  7.7128e-01  6.7957e-01 -4.7377e+00  1.4130e+01 -1.8038e+00  1.5012e+01  1.0000e+00
-3.0433e-01  1.4456e+00  7.8117e-01  8.3494e+00  2.5720e-01  4.6871e+00  9.5785e+00  1.0000e+00
 8.4813e+00  1.7345e+01  9.2020e+00  9.0937e+00  1.8439e+01  9.5439e+00  2.2667e+01  1.0000e+00
-4.5554e-01  1.1876e+00  3.0683e-01  1.5155e+01 -3.0663e+00 -9.8237e+00  1.8319e+01  1.0000e+00
-9.2168e-01  1.8008e+00  2.1573e-01 -2.4703e+01  5.2690e+00 -3.6733e+00  2.5525e+01  1.0000e+00
-6.0468e-01  1.3111e+00  6.1459e-01  5.3854e+00 -1.2292e+00 -1.1422e+01  1.2688e+01  1.0000e+00
-6.8205e-01  1.0692e+00  2.4722e-03 -1.4454e+01  9.7825e+00 -1.1975e+01  2.1166e+01  1.0000e+00
 9.2551e-02  1.5658e+00  4.4285e-01 -1.0570e+01  1.0542e+01  1.4185e+01  2.0593e+01  1.0000e+00
-7.4217e-01  1.7308e+00  1.8217e-01  6.0746e+00  9.4946e+00 -8.0683e+00  1.3862e+01  1.0000e+00
 1.3221e+01 -9.5927e+00 -1.5366e+00  1.3298e+01 -9.4364e+00 -1.3185e+00  1.6359e+01  1.0000e+00
-7.4043e-01  1.2377e+00  3.0263e-01 -2.2369e+00  1.9078e+01  6.8145e-01  1.9221e+01  1.0000e+00
 2.4224e+01 -4.6279e+01  2.9643e+01  2.5210e+01 -5.0305e+01  3.2422e+01  6.4941e+01  1.0000e+00
-3.6498e-01  2.9467e+00 -1.8738e+00 -1.7200e-01 -3.4577e+00 -5.0417e+00  6.1159e+00  1.0000e+00
 2.5332e+00 -1.3032e+01 -3.7287e+01  2.7438e+00 -1.4558e+01 -4.1810e+01  4.4357e+01  1.0000e+00
-1.0172e+01 -1.4587e+01 -2.5111e+01 -1.1657e+01 -1.6124e+01 -2.7838e+01  3.4217e+01  1.0000e+00
-1.7224e+00 -2.6640e+01  2.8763e+00 -1.7168e+00 -2.9303e+01  3.1507e+00  2.9522e+01  1.0000e+00
-3.7430e+01 -1.8830e+01 -9.7580e+00 -4.2346e+01 -2.1065e+01 -1.0974e+01  4.8553e+01  1.0000e+00
-2.0586e-01  1.6143e+00  8.0702e-01 -1.6807e+01 -1.4064e+00 -2.8940e+00  1.7112e+01  1.0000e+00
-2.9834e+01 -7.3253e+00 -5.6159e+00 -3.3229e+01 -8.1040e+00 -6.2850e+00  3.4776e+01  1.0000e+00
-7.3437e-01  1.6396e+00 -3.6394e-01 -1.0363e+01  7.6094e+00 -6.6396e+00  1.4470e+01  1.0000e+00
-2.9061e-01  1.8640e+00 -1.9878e-01 -2.8214e+00  3.0251e+00 -6.7516e+00  7.9181e+00  1.0000e+00
-4.6162e+00  3.0688e-01 -1.4711e+01 -4.8376e+00  8.0749e-01 -1.6068e+01  1.6800e+01  1.0000e+00
-1.1387e+00  1.4858e+00  5.2013e-01  1.0069e+01 -1.8883e-01  4.2565e+00  1.0933e+01  1.0000e+00
-4.3322e-01  1.5301e+00  5.3985e-01  5.3293e-01  7.4146e+00  8.5820e+00  1.1354e+01  1.0000e+00
