# limit = 32.1005
#
# x           y           z           vx          vy          vz          s           m
 7.3416e-01  2.7270e+00 -2.0584e+00  1.9515e+00  2.1119e-02 -6.8090e+00  7.0831e+00  1.0000e+00
-7.1100e-01  1.2970e+00  5.6979e-01 -8.3180e+00  4.2979e+00  1.9850e+01  2.1947e+01  1.0000e+00
 3.1336e+01  1.5616e+00  6.1318e+00  3.3881e+01  2.1411e+00  6.6134e+00  3.4587e+01  1.0000e+00
-7.8567e-01  1.5559e+00  2.7762e-02 -1.0379e+01 -2.4819e+00 -1.0204e+01  1.4764e+01  1.0000e+00
-2.6658e+01  1.0010e+01  1.5918e+01 -2.9172e+01  1.0808e+01  1.7210e+01  3.5553e+01  1.0000e+00
 1.1681e+01 -3.5128e+00  3.3016e+01  1.2998e+01 -3.5126e+00  3.6122e+01  3.8550e+01  1.0000e+00
 1.5894e+00 -2.6805e+01 -1.8475e+01  1.3334e+00 -2.9121e+01 -1.9902e+01  3.5297e+01  1.0000e+00
-4.9147e-01  1.7058e+00  4.3522e-01  1.0680e+01 -4.3491e+00  9.0738e+00  1.4673e+01  1.0000e+00
-4.2008e+01  3.0682e+01  9.5345e+01 -4.5547e+01  3.3390e+01  1.0464e+02  1.1890e+02  1.0000e+00
 7.6133e+01 -4.0943e+01  1.9990e+00  1.1448e+02 -6.2004e+01  3.0410e+00  1.3022e+02  1.0000e+00
 2.6593e+00  4.5448e+00  2.5741e+00 -2.1046e+00  3.2501e-01 -8.2543e-01  2.2839e+00  1.0000e+00
-3.1986e-01  1.1465e+00  6.4194e-01  4.6746e+00 -1.3759e+00  3.2449e+00  5.8544e+00  1.0000e+00
-2.3440e-01  2.5065e+00  1.0578e+00  3.2615e+00 -1.3349e+01 -2.5972e+00  1.3985e+01  1.0000e+00
 6.6529e+00  2.2619e+00 -6.2326e-01  3.0149e+00  2.5713e+00  7.8922e-01  4.0403e+00  1.0000e+00
 1.6994e+00 -9.1250e-01  2.6831e-01 -2.6015e+00  4.5731e+00 -1.0370e+00  5.3625e+00  1.0000e+00
-1.0120e+01 -1.7225e+00 -7.5907e+00 -9.4066e+00 -9.7510e-01 -6.6741e+00  1.1575e+01  1.0000e+00
 1.9223e+01 -2.0119e+01 -2.3098e+01  2.0949e+01 -2.2004e+01 -2.5410e+01  3.9607e+01  1.0000e+00
-4.6891e-01  2.3226e+00  4.0549e-01 -3.9156e+00 -6.0590e+00  2.3352e+00  7.5826e+00  1.0000e+00
-1.4436e-01  9.5011e-01  7.5387e-01  2.5364e+00  1.3443e+01  1.3417e+00  1.3746e+01  1.0000e+00
 6.6876e+01  5.4149e+01 -2.3379e+01  7.3441e+01  5.8889e+01 -2.5204e+01  9.7451e+01  1.0000e+00
-2.3315e-01  1.5001e+00 -7.7343e-02 -9.4790e+00 -3.6426e+00  1.1308e+00  1.0218e+01  1.0000e+00
-1.0178e-01  1.3347e+00  4.9109e-01 -1.2914e+01 -2.1137e+01 -1.3371e+00  2.4806e+01  1.0000e+00
-5.8987e+00 -7.5662e+00  1.1426e+01 -7.9990e+00 -1.1387e+01  1.5543e+01  2.0862e+01  1.0000e+00
-1.4440e+01  2.7436e+01 -2.7623e+01 -1.5896e+01  3.0434e+01 -3.0409e+01  4.5866e+01  1.0000e+00
-1.0379e+00  3.0853e+01 -1.3634e+01 -1.2384e+00  3.3645e+01 -1.4784e+01  3.6771e+01  1.0000e+00
-7.4252e+00  4.4808e+00 -1.0851e+01 -7.6922e+00  5.2574e+00 -9.6053e+00  1.3382e+01  1.0000e+00
 9.6238e+00 -2.4097e+01  4.5384e+00  9.9729e+00 -2.6113e+01  4.7288e+00  2.8350e+01  1.0000e+00
 6.5933e+01 -1.7282e+01 -6.3614e+01  7.5256e+01 -1.9839e+01 -7.2627e+01  1.0645e+02  1.0000e+00
 1.9052e+00 -3.7855e+01 -4.9921e+01  2.1718e+00 -4.2131e+01 -5.5545e+01  6.9750e+01  1.0000e+00
 1.4347e-01  1.5416e+00  1.7802e-01 -9.2651e+00 -2.5429e+00  1.1400e+01  1.4909e+01  1.0000e+00
-1.1904e-02  1.4560e+00  3.3619e-01 -4.9462e+00  1.5282e+01  3.7591e+00  1.6497e+01  1.0000e+00
-3.6919e-01  1.4233e+00  6.9750e-01  9.6819e+00  1.4127e+01 -1.0918e+01  2.0311e+01  1.0000e+00
-2.3901e-01  1.3710e+00  6.4030e-01 -1.2171e+01  5.7316e+00 -1.1292e+01  1.7564e+01  1.0000e+00
-5.6375e-01  1.8455e+00  3.5457e-01  3.2296e+00  1.9455e+01  4.4468e-01  1.9726e+01  1.0000e+00
-2.5609e-02  1.1578e+00  5.6302e-01 -1.2888e+00  6.0293e+00  2.1510e+01  2.2376e+01  1.0000e+00
-9.4369e-02  1.4608e+00  3.4012e-01 -1.9352e+01 -1.2760e+01 -6.2973e+00  2.4021e+01  1.0000e+00
-2.0975e+00  1.0566e+00  1.3981e+00 -1.2332e+01  3.5994e+00  3.4631e+00  1.3305e+01  1.0000e+00
-2.5940e+01  4.9702e+01 -6.2301e+01 -2.8528e+01  5.4672e+01 -6.7946e+01  9.1758e+01  1.0000e+00
-1.9439e-01  1.9951e+00 -2.2367e-01  7.3244e+00  1.9519e+01 -1.8168e+00  2.0927e+01  1.0000e+00
 1.8389e+01 -4.0241e+00  1.5502e+01  1.9325e+01 -4.0558e+00  1.6387e+01  2.5660e+01  1.0000e+00
 9.2544e+00  8.7453e+00  1.4829e+00  7.6540e+00  7.6798e+00  2.0108e+00  1.1028e+01  1.0000e+00
 2.2019e+00  1.3161e+00 -9.0603e-01 -7.0453e+00  2.3725e+00  6.5216e-01  7.4626e+00  1.0000e+00
-3.0478e-01  2.0285e+00  7.6236e-01 -1.0307e+01 -3.6600e+00  5.4730e+00  1.2231e+01  1.0000e+00
 3.8337e+00 -1.1026e+01  3.5986e+01  4.3056e+00 -1.1964e+01  3.9489e+01  4.1485e+01  1.0000e+00
 3.4972e+01  1.6851e+01  2.7939e+00  3.8680e+01  1.8496e+01  3.1330e+00  4.2989e+01  1.0000e+00
 2.5717e+00 -2.2041e+01  3.7159e+00  3.2348e+00 -2.3414e+01  4.1294e+00  2.3994e+01  1.0000e+00
 4.6437e-01  1.5291e+00  2.1931e-02  5.5743e-01  4.7951e+00 -3.0901e+00  5.7317e+00  1.0000e+00
 1.2889e+00  1.0358e+00  8.8540e-01 -1.1736e+01  1.0911e+01  1.6908e+00  1.6113e+01  1.0000e+00
 1.4575e+01 -5.6312e+00  6.7520e+00  1.4067e+01 -5.3192e+00  6.9765e+00  1.6578e+01  1.0000e+00
 5.5269e-02  1.0693e+00  3.3979e-01  1.0846e+00  8.0130e-01  3.5111e+00  3.7612e+00  1.0000e+00
 9.1721e-01  1.3901e+00  2.5540e-01 -3.8385e+00  3.7117e+00  5.0456e+00  7.3463e+00  1.0000e+00
-3.5458e-01  1.5367e+00  5.6781e-01 -3.6612e-01  1.5251e+01  1.3576e+00  1.5316e+01  1.0000e+00
-4.0153e+00 -6.2509e+00  6.4840e+00 -2.8975e+00 -4.2246e+00  4.9230e+00  7.1048e+00  1.0000e+00
 1.0005e+00  1.6242e-01 -1.7372e+00  5.0796e+00 -1.6091e+00 -8.3619e+00  9.9153e+00  1.0000e+00
 6.4847e-01  7.3383e+00  7.4479e+00  2.1343e+00  1.2765e+01  1.3654e+01  1.8813e+01  1.0000e+00
 2.0423e-02  1.1981e+00  6.7268e-01 -3.6687e+00  1.3118e+01 -1.0492e+01  1.7194e+01  1.0000e+00
-1.0086e-01  1.4202e+00  6.7677e-01 -1.3091e+00  1.1595e+01 -5.4951e+00  1.2898e+01  1.0000e+00
 1.7853e-01  7.8479e-01  1.3209e+00 -3.0275e+00  5.8952e+00  1.3672e-01  6.6285e+00  1.0000e+00
-3.2240e-01  1.4066e+00  1.4762e-01  1.3932e+01  1.2232e+01 -6.6449e-01  1.8552e+01  1.0000e+00
 8.5068e+00 -4.8008e+00  2.5552e+01  8.9586e+00 -5.3864e+00  2.7554e+01  2.9470e+01  1.0000e+00
 1.6138e-01  1.7416e+00  1.6326e-01  4.2018e+00  5.2972e+00  4.6124e+00  8.1847e+00  1.0000e+00
-5.4074e+00 -9.6717e+00  4.2979e+00 -6.9714e+00 -1.3962e+01  5.6220e+00  1.6588e+01  1.0000e+00
 1.6073e+01  1.6316e+00 -7.7194e+00  1.7785e+01  1.9572e+00 -8.4584e+00  1.9791e+01  1.0000e+00
-5.5565e-01  1.4887e+00  2.7420e-02  1.6870e+00 -4.6641e-01  7.4218e+00  7.6254e+00  1.0000e+00
 1.4383e-01  4.4634e+00  6.4573e-01  1.9047e+00  1.6530e+00  8.1559e-01  2.6505e+00  1.0000e+00
-5.4866e-02  1.7342e+00 -9.1399e-03 -1.6420e+01  1.9612e+00  2.5964e+00  1.6739e+01  1.0000e+00
-7.1020e-01  1.4839e+00  7.0498e-01 -5.9411e+00  2.4002e+00 -7.5278e+00  9.8856e+00  1.0000e+00
 6.6878e-01  1.7762e+00 -6.3597e-01  4.1275e+00  1.6072e+00 -5.4370e-01  4.4627e+00  1.0000e+00
-2.7944e-01  1.3574e+00  3.9573e-01  5.1603e-01  1.2868e+01  1.0569e+01  1.6660e+01  1.0000e+00
-2.2110e-01  4.3896e-01  8.9756e-01 -1.7757e-01  5.0726e+00  2.7975e-01  5.0834e+00  1.0000e+00
 3.0912e+01  3.3119e+00  5.6016e+00  3.3769e+01  3.2909e+00  6.0622e+00  3.4466e+01  1.0000e+00
-4.4371e-01  1.4929e+00  4.3398e-01 -1.7435e+00  5.6627e+00  9.3574e-02  5.9258e+00  1.0000e+00
 3.2431e-01  1.7392e+00  1.5107e-01 -1.5834e+01  2.8504e+00 -5.9586e+00  1.7157e+01  1.0000e+00
-3.1492e-02  1.3866e+00 -4.5768e-01  8.9824e-01  6.3945e+00  1.1433e+01  1.3131e+01  1.0000e+00
-5.8764e-01  1.5696e+00  3.8797e-01 -7.7390e-02 -1.0211e+01 -1.3026e+00  1.0294e+01  1.0000e+00
-4.2054e-01  1.6845e+00  3.4940e-01 -3.7889e+00  3.3415e+00  1.1841e+01  1.2874e+01  1.0000e+00
-3.7769e-02  1.6885e+00  4.8985e-01  7.7977e+00  6.2363e+00 -1.0151e+00  1.0036e+01  1.0000e+00
-1.7490e-01  1.2194e+00 -1.0470e-01 -2.6382e-01 -2.4792e+00  1.3783e+00  2.8488e+00  1.0000e+00
 3.7405e+01 -1.7802e+01 -4.2855e+00  4.1390e+01 -1.9434e+01 -4.6669e+00  4.5963e+01  1.0000e+00
-2.1667e+01 -1.3077e+01 -8.2600e+00 -2.3383e+01 -1.3744e+01 -8.7077e+00  2.8486e+01  1.0000e+00
-4.8786e-01  2.1898e+00  4.0349e-01 -2.2395e+00 -6.1202e+00 -3.2709e+00  7.2919e+00  1.0000e+00
 2.4924e+01  5.6874e+00  1.6098e+01  3.2029e+01  6.9086e+00  2.0530e+01  3.8666e+01  1.0000e+00
-1.5580e-01  1.2377e+00  9.4318e-01 -8.5185e+00  6.8270e+00 -1.5180e+01  1.8698e+01  1.0000e+00
 6.6865e+00  6.2489e+00  8.7446e+00  5.2593e+00  5.8227e+00  7.2656e+00  1.0694e+01  1.0000e+00
-8.5176e-01  1.7206e+00  4.7066e-01  9.2882e+00  4.5300e+00  5.0128e-01  1.0346e+01  1.0000e+00
-8.4598e-01 -2.3629e-01  1.3543e-01 -3.7678e+00 -2.3214e+00 -4.9507e-01  4.4531e+00  1.0000e+00
 1.7565e+00  1.1860e+00  1.0376e+00 -3.7726e-01  1.0147e+00  3.8962e+00  4.0438e+00  1.0000e+00
-1.3619e+00  2.7545e+00  4.0239e-01  3.5118e-01  1.2967e+00  1.3332e+00  1.8927e+00  1.0000e+00
 1.6137e+02  4.0617e+01 -1.5656e+02  2.2218e+02  5.5313e+01 -2.1506e+02  3.1413e+02  1.0000e+00
 7.5454e-02  1.0129e+00  7.0238e-01 -5.2528e+00  1.3575e+01 -2.7719e+00  1.4817e+01  1.0000e+00
-1.6396e+00  3.5749e+00  1.0242e+00 -5.9560e+00  1.1081e+01  3.8190e+00  1.3148e+01  1.0000e+00
-6.0946e-01  1.2411e+00  6.2233e-01  2.3579e+00 -9.8346e+00 -1.2212e+01  1.5856e+01  1.0000e+00
 1.4754e+00  1.3227e+00  1.8132e+00  1.9955e+00  1.2215e+00  6.6735e+00  7.0717e+00  1.0000e+00
-7.3482e-01  1.5354e+00  1.7040e-01  1.0656e+01 -8.1129e+00 -1.5740e-01  1.3394e+01  1.0000e+00
 5.7574e+00 -1.9155e+00 -4.4168e-01  3.9825e+00 -7.6201e-01  1.0730e-01  4.0562e+00  1.0000e+00
-4.4050e-02  1.7732e+00  1.6173e-01  1.1079e+01 -2.8669e+00 -6.3448e+00  1.3085e+01  1.0000e+00
 1.0141e+01  2.0853e+01  3.6656e+01  1.7296e+01  3.3975e+01  6.1191e+01  7.2096e+01  1.0000e+00
-1.1976e+01 -1.7462e+01 -1.9654e+01 -1.2933e+01 -1.8730e+01 -2.1147e+01  3.1069e+01  1.0000e+00
 2.5983e+00 -5.3342e+00 -2.2930e+01  2.6581e+00 -5.3844e+00 -2.3094e+01  2.3862e+01  1.0000e+00
 2.0012e+00  4.1334e+00 -1.3168e+00  3.6260e-01 -2.5294e+00  3.5679e+00  4.3885e+00  1.0000e+00
-3.3824e-01  1.4201e+00  6.5194e-01  2.1523e+01 -6.6856e+00 -1.7011e+00  2.2602e+01  1.0000e+00
-2.4360e-01  1.4419e+00 -1.3249e-01  6.4481e+00  9.2068e+00 -2.8492e+00  1.1596e+01  1.0000e+00
-3.8264e+00  1.8166e+00 -5.0225e-01 -1.4066e+00  2.7067e+00  2.3163e+00  3.8302e+00  1.0000e+00
-6.2958e-01  1.5022e+00  6.0427e-01 -1.1276e+01  1.7727e+01  8.0262e-01  2.1025e+01  1.0000e+00
 3.0492e+01  1.1840e+01 -7.9150e-01  3.3189e+01  1.3159e+01 -8.7537e-01  3.5713e+01  1.0000e+00
 6.0772e-02  1.7419e+00  2.8181e-02  2.2499e+00  2.7104e+00 -5.3611e+00  6.4148e+00  1.0000e+00
 2.2666e+01  1.3490e+00  2.5407e+01  2.4685e+01  1.5794e+00  2.7665e+01  3.7111e+01  1.0000e+00
-1.3371e+00  2.8744e+00 -9.3462e-01 -2.1831e+00  5.8923e+00 -3.0989e+00  7.0063e+00  1.0000e+00
-4.6490e-01  1.1184e+00  6.5861e-01 -1.8228e+01  9.2614e+00  1.2430e+01  2.3928e+01  1.0000e+00
-3.7241e+01  7.9793e+00  8.5278e+00 -4.1023e+01  8.9763e+00  9.4480e+00  4.3043e+01  1.0000e+00
 3.1553e-01  8.7257e-01  4.8309e-01  1.4687e+01 -1.0510e+00 -4.4857e+00  1.5393e+01  1.0000e+00
 7.6896e+00 -1.2565e+01  2.2856e+01  7.4081e+00 -1.2982e+01  2.4648e+01  2.8826e+01  1.0000e+00
 8.2954e+00 -8.7089e+00  1.8156e+01  8.5035e+00 -9.1110e+00  1.9042e+01  2.2757e+01  1.0000e+00
 1.4879e+01 -1.7899e+01 -6.9104e+00  1.4656e+01 -1.9019e+01 -7.3613e+00  2.5114e+01  1.0000e+00
 6.8183e-01  8.6240e-01  5.8423e-01 -1.5750e+01  1.2903e+01 -3.1803e+00  2.0607e+01  1.0000e+00
 1.6851e-01  1.5019e+00 -2.9948e-02  7.2765e+00  1.5904e+00  6.0914e+00  9.6219e+00  1.0000e+00
-2.9960e-01  8.2100e-01  1.0875e+00  1.4044e+00 -4.4756e-01  1.7147e+01  1.7211e+01  1.0000e+00
-4.0544e+00  7.9461e-02 -3.0836e+00 -7.5627e+00 -1.7640e+00 -4.4037e+00  8.9274e+00  1.0000e+00
-1.0358e-01  1.4170e+00  1.4794e-01  5.2089e+00 -7.9078e+00 -1.0624e+01  1.4232e+01  1.0000e+00
 5.6529e-01  1.2854e+00  6.6280e-01 -4.4569e+00  1.5149e+00  5.4782e+00  7.2228e+00  1.0000e+00
-8.1435e-01  1.5168e+00  1.8663e-01 -1.3413e+01 -1.5262e+01  4.7041e+00  2.0856e+01  1.0000e+00
 7.7553e-01  1.4302e+00  2.8885e-01 -4.5011e+00  6.7756e-01  6.8326e-01  4.6028e+00  1.0000e+00
-4.9384e+01  2.0507e+01  1.8849e+01 -5.4897e+01  2.2860e+01  2.1167e+01  6.3121e+01  1.0000e+00
-2.3901e-01  1.5224e+00  9.0576e-01  1.7006e+01 -5.2642e-01 -1.6322e+00  1.7092e+01  1.0000e+00
 1.8728e-02  5.9111e-01  5.1296e-01  2.3949e+00  3.4936e-01 -4.4382e+00  5.0552e+00  1.0000e+00
-4.3938e-01  3.2260e+00  7.7218e-01 -2.5557e+00  1.0430e+01  1.9552e+00  1.0915e+01  1.0000e+00
 1.7771e+01 -1.5097e+01 -5.9343e+00  1.8950e+01 -1.5982e+01 -6.0536e+00  2.5518e+01  1.0000e+00
 3.5550e-02  1.5638e+00  1.9985e-01  3.0218e+00 -1.9321e+01 -6.7527e+00  2.0689e+01  1.0000e+00
 1.1987e+01 -1.0355e+01  2.6672e+01  1.2826e+01 -1.1016e+01  2.9080e+01  3.3638e+01  1.0000e+00
 2.6525e+01  3.8565e+00  2.8571e+01  4.3711e+01  5.2992e+00  4.6120e+01  6.3764e+01  1.0000e+00
-4.5748e+00 -4.7599e+00 -2.1737e+01 -5.0587e+00 -4.8825e+00 -2.3127e+01  2.4172e+01  1.0000e+00
-4.1297e-01  1.4949e+00  4.5675e-01  1.2865e+01 -2.6638e+01  1.1235e+00  2.9604e+01  1.0000e+00
-5.0580e-01  1.3923e+00  5.6343e-01 -1.2876e+01  9.2112e+00 -5.5902e+00  1.6790e+01  1.0000e+00
-2.2839e-01  1.4152e+00  5.2015e-01 -7.2941e+00 -3.2296e-01  5.3131e+00  9.0298e+00  1.0000e+00
-1.0306e+00  4.0249e-01  1.1083e+00  1.7474e+00  1.3325e+00 -1.3138e-01  2.2014e+00  1.0000e+00
-1.1932e-01  9.9751e-01  1.4734e+00 -2.8411e+00  1.4079e+01  4.3397e+00  1.5004e+01  1.0000e+00
-6.4186e-01  1.2350e+00  8.1626e-01  1.3540e+00  1.4391e+01 -1.2006e+00  1.4504e+01  1.0000e+00
-9.4499e-01  1.3961e+00  4.5364e-01 -7.9492e+00 -2.4667e+00  7.9713e+00  1.1525e+01  1.0000e+00
-1.6683e+00  2.2603e+00 -8.5409e-01 -7.4751e+00  6.5189e+00 -5.6638e+00  1.1422e+01  1.0000e+00
-3.6842e+00 -1.0451e+01  2.3762e+01 -3.9025e+00 -1.1396e+01  2.5512e+01  2.8213e+01  1.0000e+00
-2.5731e-01  1.4278e+00  1.5652e-01 -1.1118e+01  2.4579e+01 -2.3311e+00  2.7077e+01  1.0000e+00
-4.0606e-01  1.1578e+00  1.1093e-01  7.0085e+00 -1.5833e+01  3.1007e+00  1.7590e+01  1.0000e+00
-3.2853e+01  7.0921e+00 -9.0567e+00 -3.5323e+01  8.4767e+00 -9.3499e+00  3.7510e+01  1.0000e+00
-7.0087e-01  2.0035e+00  6.1107e-01 -4.4652e+00  1.7248e+00 -8.1565e-01  4.8557e+00  1.0000e+00
-4.8469e-01  1.3409e+00  4.1903e-01  1.9239e+01 -6.1205e+00 -1.9867e+01  2.8325e+01  1.0000e+00
-3.9797e-01  1.2865e+00  5.2497e-01  7.9170e+00 -1.0974e+01  5.3680e-01  1.3543e+01  1.0000e+00
-1.3210e+01 -4.2143e+01 -4.8391e+01 -1.4917e+01 -4.4678e+01 -5.2169e+01  7.0288e+01  1.0000e+00
 3.2154e+01 -2.8338e+01  7.9807e+00  3.5400e+01 -3.1118e+01  8.7236e+00  4.7933e+01  1.0000e+00
-1.0054e-01  1.5363e+00  5.3515e-01  1.7319e+00 -6.3867e+00  1.7192e+01  1.8421e+01  1.0000e+00
-4.8621e+00  3.3395e+00  1.9285e+00 -5.6706e+00  3.6548e+00  7.5309e-01  6.7883e+00  1.0000e+00
-3.4098e-01 -5.3037e+00  1.0401e+00 -1.5251e+00 -2.3561e+01  3.3702e+00  2.3849e+01  1.0000e+00
 2.5097e-01  1.5483e+00  2.6069e-01  2.6894e+01  4.5341e+00 -4.9687e+00  2.7722e+01  1.0000e+00
 9.6581e-02  1.3349e+00  2.5620e-01 -1.3599e+01  1.8735e+01 -1.1855e+00  2.3180e+01  1.0000e+00
-5.7072e-01  1.1806e+00  7.1811e-01 -3.2446e+00  5.6123e+00  5.3529e+00  8.4071e+00  1.0000e+00
-1.7516e+01  2.7461e+01 -1.4550e+01 -1.9132e+01  3.0272e+01 -1.5810e+01  3.9145e+01  1.0000e+00
-2.6981e+00  1.9350e+00  4.5995e+00 -4.8513e-02  1.9568e+00  5.3813e+00  5.7262e+00  1.0000e+00
 1.2426e-01  1.2794e+00  2.3162e+00  3.1835e+00  1.5622e+00 -6.3741e+00  7.2941e+00  1.0000e+00
-3.4232e-01  2.0849e+00  3.0943e-01  1.0489e+01  5.5684e+00  2.3591e+00  1.2108e+01  1.0000e+00
-8.4689e-01  1.9211e+00  4.0424e-01  2.3985e+00  4.2803e+00  2.5605e-01  4.9131e+00  1.0000e+00
 7.0072e-02  1.2475e+00  4.0983e-01  1.0311e+01  4.7819e+00 -1.1205e+01  1.5961e+01  1.0000e+00
-1.3001e-01  1.7927e+00  8.3383e-01  1.1918e+01  5.9767e+00  7.6803e+00  1.5386e+01  1.0000e+00
-2.5236e-01  1.5271e+00  3.7074e-01  1.4496e+01  9.7165e+00  1.0690e+00  1.7484e+01  1.0000e+00
 6.7177e-04  1.5072e+00  6.3677e-02 -2.0319e+00 -1.0106e+01  1.6593e+01  1.9534e+01  1.0000e+00
-6.9784e-01  8.8705e-01  8.7023e-03 -5.9624e+00  6.0011e+00 -6.1880e+00  1.0481e+01  1.0000e+00
-5.8545e-01  8.9573e-01  3.9233e-01  6.6144e+00 -2.4336e+00  7.3465e+00  1.0181e+01  1.0000e+00
 7.7923e+00 -1.2813e+01  2.2673e+01  8.8586e+00 -1.3623e+01  2.4186e+01  2.9138e+01  1.0000e+00
-1.4980e+00  2.5374e+00 -1.4102e+00 -1.6168e+00  9.7858e-01 -2.7441e+00  3.3319e+00  1.0000e+00
 6.2703e+01 -4.2872e+01 -8.7172e+01  6.9252e+01 -4.7253e+01 -9.5417e+01  1.2702e+02  1.0000e+00
 6.5433e-01  8.5318e+00 -2.3611e+00  1.6745e+00  1.5944e+01 -6.5673e+00  1.7325e+01  1.0000e+00
 7.7351e-02  5.4477e-01  3.6114e-01  5.8103e+00 -1.3872e+01  1.0755e+01  1.8490e+01  1.0000e+00
 1.5755e+01 -4.2188e+00 -3.1925e+00  1.6257e+01 -3.6301e+00 -2.7200e+00  1.6878e+01  1.0000e+00
-4.3657e-01  1.7384e+00  4.7423e-01  1.8993e+00  4.5118e+00 -6.9828e+00  8.5278e+00  1.0000e+00
-2.1203e+00  2.4721e+00  3.1956e-01 -7.7289e+00  9.8863e-01  2.2631e+00  8.1139e+00  1.0000e+00
-3.5703e-01  1.5921e+00  3.1835e-01 -3.8631e+00 -2.0380e+01 -8.0185e+00  2.2239e+01  1.0000e+00
 2.2113e-01  1.2729e+00  6.8105e-01  7.1379e+00 -8.6211e+00  6.9959e-01  1.1214e+01  1.0000e+00
 6.1621e-01  9.8291e-01  5.3378e-01 -3.2203e+00  5.3186e+00 -4.6550e-01  6.2349e+00  1.0000e+00
-3.7982e-01  1.4690e+00  7.7991e-01  2.0949e+00 -1.4792e+01 -3.0444e+00  1.5247e+01  1.0000e+00
 2.5584e-02  8.4683e-01  9.2921e-01 -5.2071e+00  3.3601e-01 -7.4724e+00  9.1140e+00  1.0000e+00
 1.0419e+00  1.0161e+00 -5.7670e-02 -1.7623e+00 -3.3001e+00 -3.3840e+00  5.0446e+00  1.0000e+00
 1.5534e+00 -1.2223e+01  2.1626e+01  1.7379e+00 -1.2974e+01  2.2934e+01  2.6407e+01  1.0000e+00
-4.3803e+01  3.3703e+01 -2.7979e+01 -5.8147e+01  4.4360e+01 -3.7300e+01  8.2099e+01  1.0000e+00
 1.3334e-02  1.4648e+00  5.1728e-01  2.2962e+01  5.5348e+00 -1.6232e+01  2.8659e+01  1.0000e+00
-2.2599e-01  1.2823e-02  6.6992e-01 -2.0475e+00  2.4997e+00  4.0292e+00  5.1649e+00  1.0000e+00
-8.1563e-01  1.4478e+00  1.7716e-01 -2.0093e+00  4.1786e+00  1.1215e+01  1.2136e+01  1.0000e+00
 7.5957e-01  1.2788e+00 -1.7206e-01  9.8317e+00  3.6393e+00  8.3825e-02  1.0484e+01  1.0000e+00
-5.5949e-02  1.1953e+00  1.0331e+00 -5.9022e+00 -4.2869e+00  9.8285e+00  1.2240e+01  1.0000e+00
-3.6876e-01  1.6701e+00  3.7620e-01 -9.4567e+00 -2.8436e+00 -6.0962e+00  1.1605e+01  1.0000e+00
-2.0791e+01  1.7540e+01 -5.7958e+00 -2.2169e+01  1.8738e+01 -6.1449e+00  2.9671e+01  1.0000e+00
 1.2734e+01 -1.0006e+01 -3.8971e+01  1.4079e+01 -1.1142e+01 -4.3128e+01  4.6716e+01  1.0000e+00
-6.4440e-01  2.5364e+00  1.2376e-01 -2.5268e+00 -1.0734e+01  3.5144e+00  1.1574e+01  1.0000e+00
-8.5087e-01 -2.4891e+01 -1.7756e+01 -5.8036e-02 -2.7009e+01 -1.9045e+01  3.3048e+01  1.0000e+00
-9.4393e+00  8.9088e+00 -3.6751e+01 -1.0535e+01  9.9627e+00 -4.0453e+01  4.2973e+01  1.0000e+00
 4.3237e+00 -2.1643e+01  2.4581e-01  4.5048e+00 -2.2968e+01  3.5745e-01  2.3408e+01  1.0000e+00
 1.4225e-01  1.3234e+00  2.4508e-01  1.3581e+01 -8.2532e+00  9.1584e-01  1.5919e+01  1.0000e+00
-4.2353e+00 -5.5198e+00 -2.3229e+01 -4.5787e+00 -6.0244e+00 -2.4188e+01  2.5344e+01  1.0000e+00
 2.3091e+00  5.3052e+00  4.8270e+00  1.6136e+00  3.5289e+00  2.9272e+00  4.8606e+00  1.0000e+00
-3.7652e-01  1.5398e+00  4.7547e-01 -1.2147e+01 -6.9502e+00 -1.4029e+01  1.9816e+01  1.0000e+00
 1.4832e+01  8.7288e+00  2.0405e+01  1.8072e+01  9.8537e+00  2.4519e+01  3.2014e+01  1.0000e+00
-7.1768e-01  1.8250e+00  1.4097e-01  1.0782e+01 -6.7933e+00  1.6865e+01  2.1138e+01  1.0000e+00
 1.4634e+01 -1.7928e+01 -7.1025e+00  1.6787e+01 -1.8651e+01 -7.4286e+00  2.6170e+01  1.0000e+00
 1.1607e-01  1.5375e+00  4.8301e-01  7.3627e+00  4.8287e+00  3.1946e+00  9.3665e+00  1.0000e+00
-2.9489e-01  1.8517e+00  7.2752e-01  6.7335e+00 -4.2909e+00  6.9952e+00  1.0615e+01  1.0000e+00
-2.5342e+01 -1.1379e+01 -7.9075e+00 -2.7317e+01 -1.2213e+01 -8.4250e+00  3.1086e+01  1.0000e+00
 1.2404e+01  6.9612e+00  1.2583e+01  1.2322e+01  7.4632e+00  1.3251e+01  1.9573e+01  1.0000e+00
 6.2047e-01  1.0540e+00  7.0491e-01 -4.8782e+00  3.4688e-01  9.1176e+00  1.0346e+01  1.0000e+00
 1.0306e+01 -3.3468e+01 -2.6482e+00  1.1439e+01 -3.6718e+01 -2.9188e+00  3.8569e+01  1.0000e+00
 4.0438e+01 -1.2191e+01  3.1249e+01  8.4634e+01 -2.7138e+01  6.4804e+01  1.1000e+02  1.0000e+00
-4.9896e+01 -4.8120e+00  7.3637e+01 -5.6974e+01 -5.5829e+00  8.4052e+01  1.0170e+02  1.0000e+00
 1.9724e+01 -3.4005e+01 -2.7642e+01  2.1999e+01 -3.7680e+01 -3.0696e+01  5.3348e+01  1.0000e+00
-5.7092e-01  1.7821e+00  4.9664e-01 -1.0969e+00  6.0358e+00 -8.4419e+00  1.0436e+01  1.0000e+00
-1.9040e+00  6.9398e+00  1.5862e+00 -3.5565e-01  6.1365e+00  9.3073e-01  6.2169e+00  1.0000e+00
-3.2941e-01  1.7635e+00  5.3835e-01 -1.4676e+01 -1.2896e+00  1.5556e+01  2.1425e+01  1.0000e+00
-1.0460e+01 -2.1373e+00 -7.2988e+00 -9.5265e+00 -2.2447e+00 -5.8547e+00  1.1405e+01  1.0000e+00
 3.4728e-01  1.3638e+00 -8.7094e-01  7.0231e+00  6.9079e-01 -1.4857e+01  1.6447e+01  1.0000e+00
 3.0516e-02  1.0500e-01  2.9403e-01  1.5136e+00 -9.3642e-01  4.6712e+00  4.9988e+00  1.0000e+00
-3.9414e-01 -2.4814e+01 -1.7695e+01 -1.3697e+00 -2.6685e+01 -1.9242e+01  3.2927e+01  1.0000e+00
-1.2699e+00 -1.4562e+01 -5.2670e-01 -2.3292e+00 -3.7270e+01 -2.6068e+00  3.7433e+01  1.0000e+00
-6.0846e-01  1.5566e+00  4.6812e-01  1.6495e+01 -3.0612e+00  7.2943e+00  1.8294e+01  1.0000e+00
-2.6963e-01  8.3866e-01  6.8808e-01  2.5708e+00  7.3822e+00 -1.2960e+01  1.5135e+01  1.0000e+00
 1.0123e+00  1.7225e+00  4.6818e-01 -9.8772e-01  5.3219e+00 -2.4910e-01  5.4185e+00  1.0000e+00
 3.5234e-01  1.3535e+00  5.5107e-01  5.0832e+00  5.7168e+00 -8.3296e+00  1.1309e+01  1.0000e+00
-4.7776e+01 -5.7503e+01  2.6936e+01 -5.1364e+01 -6.2584e+01  2.9541e+01  8.6184e+01  1.0000e+00
 6.8739e-01  1.8039e+00 -1.9867e-01 -2.3371e+00  3.1551e-01  2.5263e+00  3.4560e+00  1.0000e+00
-3.7927e+00  7.0039e+00 -2.6096e+00 -2.7125e+00  5.8896e+00 -1.2896e+00  6.6112e+00  1.0000e+00
-5.9930e-01  1.9447e+00  5.3407e-01 -7.2722e+00  1.8725e+01  3.9926e+00  2.0480e+01  1.0000e+00
-9.1251e-01  1.7196e+00  3.6135e-01  4.9305e+00  1.2310e+01 -7.0968e+00  1.5040e+01  1.0000e+00
 5.6064e-01  8.8652e-01  7.4803e-01 -4.9806e-01 -5.8511e+00  2.4687e+00  6.3700e+00  1.0000e+00
-3.1006e-02  1.3174e+00  6.8943e-02  1.2211e+00 -4.3974e+00  2.0512e+00  5.0036e+00  1.0000e+00
-2.1335e-01  1.7552e+00  5.9544e-01 -1.4288e+01  1.0443e+01  1.3452e+01  2.2230e+01  1.0000e+00
-1.6446e-01 -2.1742e+01  1.0323e+01 -1.7521e-01 -2.3191e+01  1.0852e+01  2.5605e+01  1.0000e+00
-2.8589e+01 -1.6944e+01 -1.0353e+01 -3.0633e+01 -1.7451e+01 -1.0424e+01  3.6763e+01  1.0000e+00
 3.3846e-01  1.2738e+00  2.8852e-02 -8.8180e+00 -7.9082e+00  4.0786e+00  1.2527e+01  1.0000e+00
-8.8408e-01  1.0978e+00  4.0885e-01 -5.9820e+00  3.4756e-01 -7.9084e+00  9.9221e+00  1.0000e+00
 3.6810e+01 -1.3169e+01 -2.1408e+00  4.0593e+01 -1.4479e+01 -2.2776e+00  4.3158e+01  1.0000e+00
 7.9860e-01  8.3511e-01  1.4670e-01  4.3784e+00 -1.6493e+00 -1.1561e+01  1.2472e+01  1.0000e+00
 3.5776e+02 -4.4255e+02  2.8969e+02  3.8386e+02 -4.7418e+02  3.0947e+02  6.8408e+02  1.0000e+00
 1.5167e-01  1.4791e+00 -2.4935e-01 -7.6869e+00  4.3135e+00  1.3109e+00  8.9114e+00  1.0000e+00
 5.3402e-02  1.2421e+00  5.3938e-02 -9.0447e-01  8.8782e+00 -1.0275e+01  1.3610e+01  1.0000e+00
-3.3975e-01  1.6274e+00  7.3455e-01  2.6499e+00  2.4786e+00  1.8016e+01  1.8378e+01  1.0000e+00
 1.9950e+01  1.6071e+01  1.5961e+00  2.1165e+01  1.6945e+01  1.8600e+00  2.7176e+01  1.0000e+00
-1.6460e+01 -4.2209e+00  9.0860e+00 -1.8245e+01 -4.6242e+00  1.0687e+01  2.1644e+01  1.0000e+00
 4.9229e+00 -2.7239e+01  1.3069e+00  5.2279e+00 -2.9214e+01  1.2185e+00  2.9703e+01  1.0000e+00
-6.0563e-01  1.9321e+00  4.6100e-01 -3.7794e+00  5.1365e+00  1.6372e+01  1.7570e+01  1.0000e+00
 1.2630e+00  1.2483e+01 -1.9385e+01  1.2298e+00  1.3077e+01 -2.0461e+01  2.4314e+01  1.0000e+00
-5.6740e+01  1.9112e+01  2.0718e+01 -6.8463e+01  2.3092e+01  2.4955e+01  7.6441e+01  1.0000e+00
-1.6830e-01  1.3902e+00  3.7091e-01 -2.0868e+00  8.6931e-01  1.3033e+01  1.3227e+01  1.0000e+00
 6.3548e-02  9.9808e-01  2.4129e-01  9.6694e+00  9.0700e+00  2.6827e+00  1.3526e+01  1.0000e+00
-6.1789e-01  1.4383e+00  2.1561e-01  1.5379e+00 -4.2513e+00  1.8826e-01  4.5249e+00  1.0000e+00
-1.5585e+00  2.6923e+00 -4.1266e-01  3.2845e-01  2.8874e+00 -3.3416e+00  4.4284e+00  1.0000e+00
 2.7288e+00 -2.8292e+01  2.2497e+01  2.9583e+00 -3.1059e+01  2.4711e+01  3.9800e+01  1.0000e+00
 1.7592e+01 -3.2910e+01  1.3038e+01  2.3414e+01 -4.3957e+01  1.7141e+01  5.2671e+01  1.0000e+00
-1.9168e+00  1.5518e+01  2.6199e+00 -3.1776e+00  1.4761e+01  2.9037e+00  1.5376e+01  1.0000e+00
 1.0976e-01  1.7985e+00  8.5819e-01  5.1132e+00 -1.1753e+01 -4.9087e+00  1.3725e+01  1.0000e+00
-2.2169e+00  4.9317e+00  1.5626e-02 -4.5765e+00  9.7133e+00  1.5564e-01  1.0739e+01  1.0000e+00
-1.8666e-02  1.1298e+00  2.1597e-01  4.6811e-01  5.4608e+00 -9.0922e+00  1.0616e+01  1.0000e+00
 1.4069e+01 -4.2754e+00  7.4162e+00  1.4215e+01 -3.7059e+00  7.0647e+00  1.6300e+01  1.0000e+00
-7.1698e-01  1.8605e+00  3.9217e-01  7.7868e+00  9.4446e+00  1.4679e+01  1.9113e+01  1.0000e+00
-2.9650e-01  1.3565e+00  3.0279e-01 -8.8186e+00  1.3906e+01  1.4801e+01  2.2141e+01  1.0000e+00
-6.3487e-01  1.1768e+00  6.6864e-01 -2.8040e+00  1.0293e+01  1.0458e+01  1.4939e+01  1.0000e+00
-5.9482e+00 -5.0812e+00 -3.0327e+01 -6.3484e+00 -5.3934e+00 -3.2886e+01  3.3925e+01  1.0000e+00
-1.3312e+00  2.5270e-02  4.2289e+00  1.0286e+00  2.8165e+00 -2.0091e+00  3.6093e+00  1.0000e+00
 3.7329e+01 -7.7375e-01 -7.9714e+00  4.1121e+01 -7.3159e-01 -8.5472e+00  4.2006e+01  1.0000e+00
-7.1296e-01  2.0060e+00 -1.6338e-01 -2.6846e+00 -7.8660e+00  5.9546e+00  1.0224e+01  1.0000e+00
 1.3013e+01 -2.2787e+00  3.4117e+01  1.4308e+01 -2.8665e+00  3.7589e+01  4.0322e+01  1.0000e+00
 5.3116e-01  3.6808e-01  1.3539e+00  4.3832e+00 -6.3761e+00  2.8301e+00  8.2387e+00  1.0000e+00
 8.0889e-01  2.5899e+00  2.5898e-01  2.8693e+00 -2.3327e-01  8.7895e+00  9.2490e+00  1.0000e+00
-1.4463e+01  2.4742e+00  2.3690e+01 -1.5368e+01  2.6608e+00  2.5491e+01  2.9884e+01  1.0000e+00
-2.7964e+00  9.7876e+00 -5.4795e-01 -3.4432e+00  5.8127e+00 -6.9123e-01  6.7912e+00  1.0000e+00
-3.6852e-01  1.7568e+00  6.4480e-01 -1.4427e+01 -2.1653e+00 -6.3560e-01  1.4602e+01  1.0000e+00
 9.5337e-01  5.8255e+01  3.7648e+01  2.7977e-01  6.3416e+01  4.0453e+01  7.5221e+01  1.0000e+00
-7.2190e+00  6.4554e+00 -1.9925e+00 -4.7561e+00  4.5206e+00 -2.6838e-01  6.5673e+00  1.0000e+00
 2.0780e-01  1.5709e+00  2.4393e-01 -6.2759e+00  1.9270e+01 -9.3177e+00  2.2305e+01  1.0000e+00
-2.1693e-01  1.6953e+00  6.5408e-01 -7.2665e+00 -2.1291e-01  8.6355e+00  1.1288e+01  1.0000e+00
-6.7138e-02  1.8690e+00  3.3009e-01 -2.6011e+00  5.7473e+00 -2.7664e+00  6.8884e+00  1.0000e+00
-1.2406e-01  1.3931e+00  7.4509e-01 -1.3322e+01  1.9686e+00  1.2875e+01  1.8631e+01  1.0000e+00
-4.5763e-01  1.1713e+00  3.6725e-01  9.7807e+00 -6.9136e-01  5.5955e+00  1.1289e+01  1.0000e+00
-2.9479e+00  7.4996e-01  4.6630e+00  1.3899e+00  2.0205e+00 -7.8183e-01  2.5740e+00  1.0000e+00
-4.1809e-01  1.0925e+00  3.9901e-01 -5.0094e+00  1.7149e+01 -1.0149e+01  2.0547e+01  1.0000e+00
-2.1683e+01  1.8136e+01  6.0751e+00 -2.6821e+01  2.2395e+01  7.1342e+00  3.5663e+01  1.0000e+00
 3.6388e+00 -6.0814e+00  1.8177e+00  1.7770e+01 -3.0782e+01  6.1905e+00  3.6078e+01  1.0000e+00
-2.0190e-01  1.5833e+00  3.0152e-01  7.5212e-01  9.7501e+00 -7.5621e-01  9.8083e+00  1.0000e+00
-1.0367e+00  1.4171e+00  5.9018e-01  3.6401e+00  1.0517e+01 -4.5253e+00  1.2014e+01  1.0000e+00
-4.3158e-01  1.4571e+00  6.3911e-01  1.6933e+00 -3.9868e+00 -2.1192e+01  2.1630e+01  1.0000e+00
 1.2150e+01 -2.0265e+01 -1.0223e+01  1.3073e+01 -2.1336e+01 -1.0940e+01  2.7310e+01  1.0000e+00
-2.4725e-01  1.1373e+00  7.1859e-01  1.0221e+01 -9.5727e+00  1.6191e+01  2.1407e+01  1.0000e+00
 1.6080e+01  4.5441e+00 -3.5461e+01  1.7738e+01  5.2231e+00 -3.7945e+01  4.2211e+01  1.0000e+00
-2.4705e+00  1.3306e+01 -8.0522e+00 -2.4227e+00  1.2824e+01 -7.0022e+00  1.4811e+01  1.0000e+00
-3.2109e+01 -1.1172e+01  7.6156e+00 -3.5365e+01 -1.2063e+01  8.3508e+00  3.8287e+01  1.0000e+00
 4.0431e+01 -3.8801e+00 -1.6512e+01  4.4962e+01 -4.2812e+00 -1.8232e+01  4.8706e+01  1.0000e+00
 1.5730e+01 -8.7044e+01  5.4023e+01  1.7616e+01 -9.7711e+01  6.0738e+01  1.1639e+02  1.0000e+00
-3.5006e-01  1.5568e+00  4.0405e-01 -5.7820e+00 -7.0498e+00  1.1017e+01  1.4300e+01  1.0000e+00
-1.6090e-02  1.5833e+00  5.1496e-01 -1.0973e+01 -1.3533e+01 -8.8861e+00  1.9558e+01  1.0000e+00
-5.1819e-01  1.0577e+00  4.6242e-01 -8.4558e+00  5.8278e+00  1.1624e+00  1.0335e+01  1.0000e+00
-5.0460e-01  1.2173e+00  5.1643e-01  1.6342e+01  2.0901e+01 -2.6081e+00  2.6660e+01  1.0000e+00
-1.9317e+01 -9.3094e+00 -9.8762e+00 -2.0670e+01 -9.4326e+00 -1.0535e+01  2.5044e+01  1.0000e+00
 1.9564e-02  1.1694e+00  1.3990e-01 -7.3146e+00  7.6783e+00  1.3484e+00  1.0690e+01  1.0000e+00
-8.6353e-02  2.0324e+00  1.4368e+00 -5.7796e+00 -7.2807e-01  1.1286e+01  1.2701e+01  1.0000e+00
-8.4847e-01  1.5299e+00  9.7778e-02 -3.8800e+00  3.1997e+00  2.0521e+00  5.4318e+00  1.0000e+00
-7.1906e-01  1.4464e+00  5.2606e-01  9.9717e+00  2.3098e+00 -5.6791e+00  1.1706e+01  1.0000e+00
 3.5743e+00 -2.7735e+00 -4.1603e+00  1.7250e+00  8.4999e-01 -1.7298e+00  2.5866e+00  1.0000e+00
-1.5374e-01  1.5197e+00  2.8171e-01  1.9725e+01 -6.5553e+00  2.8676e+00  2.0982e+01  1.0000e+00
 1.4854e-01  1.6208e+00  3.9706e-01  1.1294e+01 -8.7985e+00 -5.4485e-02  1.4317e+01  1.0000e+00
 1.3136e+01 -1.6045e+01 -1.9304e+01  1.4063e+01 -1.7614e+01 -2.0490e+01  3.0461e+01  1.0000e+00
 1.1132e+01  5.2266e+00 -5.6808e+00  2.1884e+01  8.6503e+00 -1.0078e+01  2.5599e+01  1.0000e+00
 3.0647e-01  1.9498e+00  1.3410e+00 -1.8119e+00  1.1233e+01  3.2911e+00  1.1844e+01  1.0000e+00
-3.5877e-01  1.3696e+00  5.1349e-01 -6.0380e+00  2.2094e+01 -5.7418e+00  2.3613e+01  1.0000e+00
 4.8929e-01  1.7677e+00 -5.9620e-01  1.8223e+00  1.2009e+01  3.7655e+00  1.2717e+01  1.0000e+00
 1.9617e+01 -9.6683e+00 -1.2894e+01  3.0598e+01 -1.5809e+01 -2.0111e+01  3.9883e+01  1.0000e+00
 4.1746e-02  1.4450e+00  5.9710e-01  2.8243e+00  1.4693e+00  1.1005e+01  1.1456e+01  1.0000e+00
-9.5507e-01  1.8752e+00  5.1432e-02  2.9826e+00 -9.4287e-02 -6.3699e-01  3.0514e+00  1.0000e+00
-4.7564e+01  1.1450e+01  2.3436e+01 -6.0099e+01  1.4427e+01  2.9664e+01  6.8557e+01  1.0000e+00
-2.0605e-01  1.4836e+00  5.0223e-01 -6.9431e+00 -5.8103e+00 -1.5176e+01  1.7671e+01  1.0000e+00
 1.7129e+01  1.2434e+01 -1.2595e+00  1.7453e+01  1.3165e+01 -9.2160e-01  2.1881e+01  1.0000e+00
-8.4848e-01  1.3680e+00  8.1317e-01  6.0813e+00 -2.3554e+00  7.0142e-01  6.5591e+00  1.0000e+00
-2.2387e-01  1.9083e+00  5.5037e-01 -4.7716e+00  1.3053e+00 -5.0502e-01  4.9727e+00  1.0000e+00
-2.4443e-01  1.2030e+00  4.7123e-01 -5.6446e+00  4.9074e+00 -4.9232e+00  8.9545e+00  1.0000e+00
 3.4286e+00  1.5191e+01 -8.5692e-01  3.6874e+00  1.4106e+01 -1.3139e+00  1.4639e+01  1.0000e+00
-3.5507e+02  4.4104e+02 -2.9535e+02 -3.7964e+02  4.7214e+02 -3.1702e+02  6.8377e+02  1.0000e+00
 1.4322e-01  1.6640e+00  6.8400e-01  1.5205e+01  8.4259e+00  1.8539e+01  2.5414e+01  1.0000e+00
-7.2917e-01  3.3098e+00  6.5832e-01  3.9467e+00 -4.9168e-01  2.4595e+00  4.6763e+00  1.0000e+00
-1.0217e+00  3.6102e+00  1.2984e-01  1.2617e+00 -4.9760e+00  1.7327e+00  5.4180e+00  1.0000e+00
-1.6376e-01  1.4542e+00  4.4188e-01 -1.9075e+01  9.9455e+00 -1.2162e+01  2.4712e+01  1.0000e+00
-8.2566e-01  1.9604e+00  1.0965e+00  4.0723e+00  6.0247e+00 -3.8406e+00  8.2239e+00  1.0000e+00
 1.2614e+01 -1.8343e+01 -1.7589e+01  1.4645e+01 -2.0565e+01 -1.6429e+01  3.0122e+01  1.0000e+00
-1.1958e+00  2.0062e+00 -8.2598e-02 -1.1058e+01  8.8021e+00 -6.9254e+00  1.5739e+01  1.0000e+00
-1.7040e-01  1.5567e+00 -1.5439e+00 -3.7368e+00  1.8074e+00 -9.7458e+00  1.0593e+01  1.0000e+00
-4.0990e-01  1.6058e+00  2.8447e-01  5.9487e+00  2.2307e+01  6.4100e+00  2.3960e+01  1.0000e+00
-2.7773e+01  1.8223e+00  2.3869e+01 -3.0499e+01  2.2586e+00  2.6376e+01  4.0386e+01  1.0000e+00
-2.6023e-01  1.4502e+00  3.7368e-01 -6.8381e+00 -5.5124e+00 -1.4566e+00  8.9032e+00  1.0000e+00
-5.0675e-01  1.5339e+00  2.3612e-01 -3.4165e+00  8.4973e-01 -4.2934e+00  5.5522e+00  1.0000e+00
-1.8808e+01  1.7209e+01 -3.0349e+01 -2.0701e+01  1.9122e+01 -3.3436e+01  4.3728e+01  1.0000e+00
 3.1822e+01 -2.1674e+01  8.8194e+00  3.5057e+01 -2.3772e+01  9.7679e+00  4.3469e+01  1.0000e+00
 1.6612e+01 -1.0202e+01  1.8782e+01  1.7619e+01 -1.0822e+01  2.0259e+01  2.8948e+01  1.0000e+00
-1.0528e+00  1.3395e+00  5.2559e-01 -7.8658e+00  8.6621e+00 -1.3672e+01  1.7995e+01  1.0000e+00
-3.4680e-01  1.4945e+00  3.7453e-01 -6.0050e+00 -5.0482e-01  1.2473e+01  1.3852e+01  1.0000e+00
-3.3199e-01  1.2835e+00  1.3667e-01  7.2976e-01  8.3372e+00  1.1525e+01  1.4243e+01  1.0000e+00
-1.1591e+01  1.5418e+00  3.6178e+00 -9.8217e+00  9.4101e-01  2.7077e+00  1.0231e+01  1.0000e+00
-1.3608e-01  1.4788e+00  4.4584e-01  2.0087e+01  4.1468e+00  7.2386e+00  2.1751e+01  1.0000e+00
-1.5950e-01  1.5497e+00  5.5947e-01  2.8820e+00 -9.5490e+00  6.4265e+00  1.1865e+01  1.0000e+00
-1.8139e-02  1.3583e+00  3.5025e-01 -5.1667e+00  1.3768e+01 -7.6788e+00  1.6590e+01  1.0000e+00
 7.9378e-02  1.2947e+00  3.0975e-02  1.2054e+01  1.9138e+00 -4.2567e+00  1.2926e+01  1.0000e+00
-1.1665e+01  1.1948e+01 -9.7354e+00 -1.1647e+01  1.2916e+01 -9.6709e+00  1.9900e+01  1.0000e+00
-1.2717e+00  1.9106e+00  7.1039e-02 -5.0053e+00 -4.6531e+00 -5.2328e+00  8.6073e+00  1.0000e+00
-9.4938e+00  6.0063e+00 -2.3067e+01 -1.0196e+01  6.4031e+00 -2.4494e+01  2.7293e+01  1.0000e+00
-3.9446e+00  1.3517e+01  5.1473e+00 -5.1859e+00  1.2266e+01  3.7905e+00  1.3846e+01  1.0000e+00
-3.0207e+01 -6.4953e+00 -8.1141e+00 -3.3263e+01 -6.8845e+00 -8.3527e+00  3.4980e+01  1.0000e+00
 1.9551e-01  5.0865e-01  1.3438e+00  4.1703e+00  1.1790e+00  2.3375e+00  4.9240e+00  1.0000e+00
-1.9444e-01  4.1716e-01 -2.3212e+00 -4.0153e-01  3.5534e+00  6.6102e+00  7.5155e+00  1.0000e+00
-5.0616e-01  1.5204e+00  4.6639e-01  1.1367e+01 -8.1513e+00  2.3530e+00  1.4184e+01  1.0000e+00
 2.5226e+00  1.3696e+00 -9.1111e-01  4.9416e+00 -2.6065e-01  2.6304e+00  5.6042e+00  1.0000e+00
-2.6561e-02  1.7692e+00  5.1239e-01 -1.0475e+01  1.2346e+01 -1.6081e+01  2.2820e+01  1.0000e+00
 1.6106e-01  1.4901e+00  3.3286e-01 -7.0477e+00  7.2354e-01 -1.7725e+00  7.3031e+00  1.0000e+00
 4.2350e-01  3.2842e+00  1.8350e+00 -1.5892e-01  2.1921e+00  1.0109e-01  2.2001e+00  1.0000e+00
 1.7705e+00  1.9590e-01 -1.2034e+00 -7.0084e+00  6.5183e+00 -1.3155e+00  9.6610e+00  1.0000e+00
 2.4965e+00  7.8621e+00 -2.5518e+00  3.3550e+00  9.5555e+00 -4.2401e+00  1.0979e+01  1.0000e+00
-5.8903e-01  2.9392e+00  3.8781e-01 -5.6852e+00  2.7594e+00  3.4339e-01  6.3288e+00  1.0000e+00
-3.8631e+01  4.1950e+01 -2.5459e+01 -4.1903e+01  4.4146e+01 -2.6607e+01  6.6428e+01  1.0000e+00
-4.2623e-01  1.2755e+00  1.0911e+00 -2.4428e+00  1.7487e-01  8.7344e+00  9.0713e+00  1.0000e+00
 4.0968e-01 -1.2614e-01  6.4274e-01  8.8188e+00  7.9269e-02 -1.4596e+00  8.9391e+00  1.0000e+00
-1.2827e+01 -6.2391e+00 -1.2557e+01 -1.9532e+01 -1.0584e+01 -1.9886e+01  2.9816e+01  1.0000e+00
-4.7354e-01  1.0547e+00 -1.0424e-01 -1.9505e+00 -7.6560e+00 -4.8620e+00  9.2768e+00  1.0000e+00
-6.3342e-01 -2.0704e+01 -1.1492e+01 -5.8963e-01 -2.1743e+01 -1.2411e+01  2.5042e+01  1.0000e+00
-7.1158e-01  1.5366e+00  6.4300e-01 -9.3893e+00 -4.2843e+00 -1.5586e+01  1.8693e+01  1.0000e+00
 1.2586e+01 -1.8405e+01 -1.7549e+01  1.2666e+01 -1.8746e+01 -2.1316e+01  3.1084e+01  1.0000e+00
-7.6978e-01  1.2565e+00  2.9338e-01  1.4224e+01  2.7146e+00 -7.1635e+00  1.6156e+01  1.0000e+00
-4.3636e+01  1.1118e+01 -2.2914e+01 -9.0973e+01  2.1555e+01 -4.8357e+01  1.0526e+02  1.0000e+00
 1.7420e+00  1.2391e+01  4.8000e+00  2.3456e+00  1.0981e+01  3.6347e+00  1.1803e+01  1.0000e+00
 6.3381e+00 -1.2709e+01  2.0159e+01  6.9976e+00 -1.3394e+01  2.1613e+01  2.6372e+01  1.0000e+00
-1.2188e+00  5.9559e-01 -5.0032e-02 -1.8596e+01 -2.3866e+01 -1.0730e+01  3.2102e+01  1.0000e+00
-2.6250e+01  1.4917e+01 -6.0201e+00 -4.2266e+01  2.3313e+01 -9.8992e+00  4.9274e+01  1.0000e+00
-3.5359e-01  1.5269e+00  4.7670e-01 -1.2907e+01  1.8831e+01  4.8262e+00  2.3334e+01  1.0000e+00
-3.9494e-01  1.3537e+00  1.0664e-01 -1.5764e+01  9.9413e-02 -8.2857e+00  1.7809e+01  1.0000e+00
-1.4786e+01 -5.0063e+00  8.7280e+00 -1.4816e+01 -5.0620e+00  8.4332e+00  1.7784e+01  1.0000e+00
-4.2060e-01  1.0066e+00  4.8844e-01 -7.6274e+00  3.7993e+00  1.3227e+01  1.5734e+01  1.0000e+00
-3.6855e+00  9.1476e+00  1.3751e+00 -8.9387e+00  2.0004e+01  2.7421e+00  2.2081e+01  1.0000e+00
 2.4188e+01 -3.0945e+01 -2.4801e+00  2.6810e+01 -3.4030e+01 -2.7877e+00  4.3412e+01  1.0000e+00
-7.4323e-01  2.3346e+00  7.5631e-01  5.9599e+00 -1.1960e+01 -3.4039e+00  1.3790e+01  1.0000e+00
 8.0075e-01 -2.4276e+00  1.7194e+00 -1.1242e+00 -8.7377e-01  1.4918e+00  2.0622e+00  1.0000e+00
 1.0743e-01  2.0182e+00  3.4740e-02 -8.1573e+00  4.6514e+00 -7.7947e+00  1.2204e+01  1.0000e+00
 7.6400e-01  1.4703e+00  9.3854e-01 -8.6554e+00  8.7929e+00 -1.3417e+00  1.2411e+01  1.0000e+00
-1.8356e+00  2.6222e+00 -2.7473e+00 -2.8918e+00  3.1516e+00 -7.3257e+00  8.4830e+00  1.0000e+00
-3.8772e-01  1.8355e+00  9.5738e-02  1.5201e+01  2.2697e+00  6.4104e-01  1.5383e+01  1.0000e+00
-4.4323e-01  1.8055e+00  5.4422e-02  1.7493e+01  3.5045e-01  1.6736e+01  2.4211e+01  1.0000e+00
-6.8738e+00 -1.9982e+00 -1.2580e+00 -4.5423e+00 -1.6574e-01 -2.6285e-01  4.5529e+00  1.0000e+00
-3.2825e-01  1.4401e+00  3.4137e-01  6.3562e-01 -3.0297e+00  9.0132e+00  9.5300e+00  1.0000e+00
-2.4552e-01  1.8539e+00  3.6783e-01  2.6319e+00  1.1318e+01  4.1563e+00  1.2341e+01  1.0000e+00
-9.0236e-01  1.5072e+00  4.4434e-01  7.4690e+00 -4.4766e-01  6.1031e+00  9.6558e+00  1.0000e+00
-6.4188e-01  1.4946e+00  2.5538e-01  4.2272e+00 -1.5487e+01  3.7172e+00  1.6479e+01  1.0000e+00
 1.1562e-01  2.0214e+00  3.5155e-01 -4.5668e+00  6.5128e-01 -1.1395e+01  1.2293e+01  1.0000e+00
 6.3341e-02  1.5025e+00  4.7008e-01 -1.6835e+01 -1.2763e+01 -1.6606e+01  2.6871e+01  1.0000e+00
 7.7899e+00 -1.7680e+01 -4.7212e+00  2.1696e+01 -5.0305e+01 -1.3217e+01  5.6355e+01  1.0000e+00
-1.4272e+00  1.7556e+00  2.8373e-01 -9.1657e+00  6.0204e+00  3.2799e+00  1.1446e+01  1.0000e+00
-5.4298e+01  4.3789e+01  2.0448e+01 -8.1274e+01  6.5132e+01  3.0714e+01  1.0859e+02  1.0000e+00
-3.3460e-01  1.3811e+00  8.4175e-01  1.6273e+01 -2.8274e+00 -1.7053e+01  2.3741e+01  1.0000e+00
-8.5178e-02  1.7509e+00  7.7264e-01 -7.9254e+00  1.6100e+01  1.2198e+01  2.1698e+01  1.0000e+00
-1.7615e+02  5.7382e+00  1.5831e+02 -2.4181e+02  7.3671e+00  2.1773e+02  3.2547e+02  1.0000e+00
-2.7804e-01  1.0888e+00  8.3295e-01 -7.6622e+00  4.8494e+00  9.1422e+00  1.2877e+01  1.0000e+00
 2.8851e-01  1.8260e+00  7.8150e-01  1.4623e+01  7.3643e+00  3.2672e+00  1.6695e+01  1.0000e+00
-7.5871e-02  1.4412e+00  2.6656e-01  1.0904e+01  2.4078e+00  1.3989e+01  1.7899e+01  1.0000e+00
-4.4046e+00  6.4598e+00  1.6790e+01 -4.1966e+00  5.9062e+00  1.5725e+01  1.7314e+01  1.0000e+00
 6.0982e+00  2.9635e+00  1.7977e+00  9.1052e-01  2.2639e+00  1.1987e+00  2.7187e+00  1.0000e+00
 1.2932e+01 -7.6134e+00 -1.1023e+01  1.3078e+01 -7.9792e+00 -1.0971e+01  1.8843e+01  1.0000e+00
 7.8979e-01  1.8642e+00 -2.7757e-01  2.6349e+00  8.4454e-01  5.4394e+00  6.1027e+00  1.0000e+00
 1.9186e+01 -1.9470e+01 -2.8732e+01  2.1267e+01 -2.1421e+01 -3.1455e+01  4.3596e+01  1.0000e+00
-3.4419e-01  1.1896e+00 -2.8688e-02 -5.0564e+00 -2.2826e+00 -1.9346e+00  5.8754e+00  1.0000e+00
-1.0975e-01  1.9605e+00  6.9149e-01 -2.7604e+00  6.5753e+00 -5.2492e+00  8.8549e+00  1.0000e+00
-4.5547e-01  1.5928e+00  2.8970e-01 -1.4454e+01 -9.6315e+00 -1.0036e+01  2.0060e+01  1.0000e+00
-1.5125e+01 -2.4347e+01 -2.2839e+01 -2.4912e+01 -4.1512e+01 -3.8282e+01  6.1720e+01  1.0000e+00
 4.9667e-01  1.4718e+00  8.8237e-01  5.7943e+00  5.3408e+00 -1.4451e+00  8.0116e+00  1.0000e+00
 2.8371e-01  1.9066e+00  3.9321e-01 -1.0783e+01 -6.4296e+00  8.6457e+00  1.5243e+01  1.0000e+00
-1.0156e+00  1.4938e+00  6.7232e-01 -1.4069e+01 -2.1211e+00 -2.3720e+00  1.4424e+01  1.0000e+00
 1.6763e-01  2.0415e+00  1.5792e+00  1.6366e+00  1.4608e+00  5.5787e+00  5.9945e+00  1.0000e+00
 5.2326e-01  1.3236e+00  2.9118e-01 -6.0731e-01  1.0499e+01 -1.0292e+01  1.4715e+01  1.0000e+00
-1.0406e+00  2.5754e+00  1.8295e+00  3.6228e+00 -2.2506e+00 -7.8044e+00  8.8938e+00  1.0000e+00
-4.6076e+00  7.2387e+00  2.0298e+01 -4.4130e+00  7.7565e+00  2.0947e+01  2.2769e+01  1.0000e+00
-9.0533e-01  9.3007e-01 -2.1080e-02  1.7998e+00 -6.4483e-01  1.6977e+01  1.7085e+01  1.0000e+00
-3.3404e-01  1.9283e+00  7.0660e-01 -9.1080e+00  1.0744e+01 -1.7456e+00  1.4193e+01  1.0000e+00
-2.8883e-01  1.3887e+00  4.2740e-01 -9.5614e+00  1.1485e+01 -9.4421e+00  1.7677e+01  1.0000e+00
 4.4949e-01  1.5190e+00  4.6316e-01  8.5736e+00 -3.7046e+00 -5.1617e+00  1.0671e+01  1.0000e+00
 1.4458e+01 -3.6397e+01  6.4782e+01  1.5600e+01 -3.9382e+01  7.0865e+01  8.2560e+01  1.0000e+00
 2.7840e+01  5.2928e+00  2.6311e+01  3.0591e+01  5.7620e+00  2.9100e+01  4.2612e+01  1.0000e+00
-3.2374e+00  1.0286e+00 -1.6266e+00  1.2139e+00 -9.1426e-01 -2.8790e+00  3.2555e+00  1.0000e+00
-2.1761e-01  1.8989e+00 -3.0967e-01  1.6989e+00  5.9510e+00 -9.3235e+00  1.1191e+01  1.0000e+00
-3.2931e-01  1.7189e+00  9.1937e-03 -8.6681e+00 -9.1865e+00 -6.3736e+00  1.4147e+01  1.0000e+00
-7.3306e+00  4.8735e+00  2.9005e+01 -7.9580e+00  5.5187e+00  3.1463e+01  3.2920e+01  1.0000e+00
-1.8994e+01 -3.2496e+00 -1.7935e+01 -2.0242e+01 -2.4767e+00 -1.8699e+01  2.7669e+01  1.0000e+00
-3.4034e+00  8.4668e-01  1.8351e+00 -6.7629e+00 -1.5462e+00  2.6281e+00  7.4185e+00  1.0000e+00
-1.0526e+01 -1.8296e+01 -1.3514e+00 -1.1965e+01 -2.1769e+01 -1.2711e+00  2.4873e+01  1.0000e+00
 2.3945e-02  3.5002e+00  2.1483e-01 -3.1737e+00  1.1171e+01 -7.3108e-02  1.1613e+01  1.0000e+00
-7.3625e-01  1.5130e+00  4.0367e-01 -1.0809e+00  1.0808e+01  2.6694e-01  1.0865e+01  1.0000e+00
-1.2926e+00  7.6928e-01  3.8479e-01  1.1350e+01  1.2700e+01  2.1985e+00  1.7174e+01  1.0000e+00
-4.7922e-01  1.7185e+00  2.2268e-01 -4.2963e-01  6.3894e+00 -8.4318e+00  1.0588e+01  1.0000e+00
-3.4491e-01  1.4471e+00  5.5791e-01  1.0458e+00  9.6068e-01 -2.3668e+01  2.3711e+01  1.0000e+00
-9.9384e+00  3.1459e+01 -4.0298e+00 -1.0749e+01  3.4280e+01 -4.3205e+00  3.6185e+01  1.0000e+00
 3.9339e+00  2.5660e+00  5.1457e+00 -1.9320e-01  3.7049e+00  2.8542e+00  4.6808e+00  1.0000e+00
-1.7434e+01 -1.2241e-01 -4.5585e+00 -1.7403e+01  4.2260e-01 -4.6626e+00  1.8022e+01  1.0000e+00
 2.0017e+00  2.0986e+00 -2.5935e+00  3.4094e-01  7.7076e-01  3.2770e+00  3.3837e+00  1.0000e+00
-1.3992e+01 -5.1387e+00  9.6490e+00 -1.4064e+01 -4.3276e+00  9.4441e+00  1.7484e+01  1.0000e+00
-3.4985e-01  2.3398e+00  5.6853e-01 -2.8328e+00  1.3861e+01  5.2024e+00  1.5074e+01  1.0000e+00
 3.6977e+01  1.3434e+01  3.0727e+00  4.0617e+01  1.4927e+01  3.3205e+00  4.3400e+01  1.0000e+00
 1.3197e+01  1.8250e+01  2.5784e+00  1.3977e+01  1.9004e+01  3.0588e+00  2.3788e+01  1.0000e+00
-2.8966e+01 -1.7348e+01 -1.0677e+01 -3.2755e+01 -1.9715e+01 -1.2569e+01  4.0244e+01  1.0000e+00
 2.7807e+00  3.0476e+00 -2.1605e+00  4.3385e+00  2.4603e-02 -5.2653e+00  6.8225e+00  1.0000e+00
-2.8233e+01 -6.0958e-01 -7.4088e+00 -3.0614e+01 -4.6452e-01 -8.0802e+00  3.1666e+01  1.0000e+00
 3.4401e-01  1.4588e+00  8.8878e-01  6.6477e-01  3.1329e+00  3.1109e+00  4.4648e+00  1.0000e+00
-4.6422e-01  1.3566e+00  1.3836e-01  1.6307e+00 -1.1716e+01 -8.8799e+00  1.4791e+01  1.0000e+00
-5.5866e+00  2.2794e+01 -8.7563e+00 -5.4426e+00  2.4583e+01 -9.4996e+00  2.6911e+01  1.0000e+00
 3.6978e+01  3.0176e+01 -2.3178e+01  4.7155e+01  3.8152e+01 -2.9439e+01  6.7423e+01  1.0000e+00
-7.0574e-01  1.1840e+00  1.0688e+00  2.2008e+00  7.5708e+00  1.0425e+01  1.3070e+01  1.0000e+00
-9.0435e-02  9.5377e-01  1.8924e+00  6.5894e-02 -7.4707e+00  1.4426e+01  1.6245e+01  1.0000e+00
-5.4787e-01  1.2533e+00  8.7111e-01 -7.7713e+00 -8.8552e+00 -7.1777e+00  1.3796e+01  1.0000e+00
 4.3601e+00 -2.9443e+00  9.6761e-01  1.3843e+00  1.0553e+00  3.9836e+00  4.3473e+00  1.0000e+00
 2.8654e+00 -1.0827e+00  7.2462e-01  3.3379e-01  3.6330e+00 -6.4439e-01  3.7048e+00  1.0000e+00
-1.0721e+00  1.3834e+00  1.3556e+00 -3.3184e+00  6.6769e+00  1.1989e+00  7.5518e+00  1.0000e+00
-2.2186e+01 -1.1198e+01 -3.9034e+01 -2.4796e+01 -1.2594e+01 -4.3825e+01  5.1904e+01  1.0000e+00
-3.9456e+01 -1.3058e+01 -1.3398e+00 -4.3682e+01 -1.4194e+01 -1.5551e+00  4.5957e+01  1.0000e+00
 4.1942e+00 -2.7473e+00 -4.4114e+00  2.9859e+00 -4.4830e-02 -5.8295e-01  3.0426e+00  1.0000e+00
 3.9811e+01  6.9590e+00 -4.1781e+00  4.3880e+01  7.9078e+00 -4.6899e+00  4.4833e+01  1.0000e+00
-7.0582e-01  1.2529e+00  3.8936e-01  8.1058e+00  8.2424e+00  7.0164e+00  1.3523e+01  1.0000e+00
 2.4227e-01  2.3857e+00  2.5860e+00  1.0173e+01  1.1477e+01  2.2531e+01  2.7256e+01  1.0000e+00
-3.8512e-01  1.5083e+00  5.2997e-01 -2.0772e+01  7.2266e+00 -2.8631e+00  2.2179e+01  1.0000e+00
-5.2429e+00  2.2525e+00 -5.2959e-02 -8.9204e+00  2.6139e+00  5.0131e-01  9.3090e+00  1.0000e+00
-1.4688e+00  1.4211e+00  4.4197e-01 -8.0506e+00  6.2697e+00 -2.5062e+00  1.0507e+01  1.0000e+00
 7.2880e-03  1.6873e+00 -4.5359e-02  9.8067e+00  4.6244e+00  3.0416e+00  1.1261e+01  1.0000e+00
 2.1019e-01  9.5392e-01  5.4456e-01 -1.5351e+01 -5.8097e+00  8.1170e-01  1.6433e+01  1.0000e+00
-1.5527e+01  1.3199e+01 -2.3762e+00 -1.5887e+01  1.3415e+01 -2.1860e+00  2.0908e+01  1.0000e+00
-1.1849e+00  1.5764e+00  8.0613e-01  8.2667e+00  3.7975e-01  7.9130e+00  1.1450e+01  1.0000e+00
-1.5455e+01 -4.6239e+00 -2.4175e-01 -1.4871e+01 -4.4172e+00 -4.2352e-01  1.5518e+01  1.0000e+00
 2.0199e-01  1.2264e+00  6.9892e-01  1.7295e+01 -6.1903e-01 -4.0614e+00  1.7776e+01  1.0000e+00
 3.0182e+00  3.2705e+00 -1.0219e+00  1.5722e+01  1.0809e+01 -6.9485e+00  2.0305e+01  1.0000e+00
-2.0990e-01  1.7499e+00  3.7771e-01  2.1742e+00 -7.6636e+00  1.6538e+01  1.8356e+01  1.0000e+00
-2.8820e-01  1.2480e+00  7.3828e-01  1.3307e+01 -1.7685e+01  1.3170e+00  2.2172e+01  1.0000e+00
 1.2716e+01 -3.1277e+01 -1.5093e+01  1.4002e+01 -3.4211e+01 -1.6548e+01  4.0500e+01  1.0000e+00
-2.8548e+01 -5.0040e+00  2.5700e+01 -3.1475e+01 -5.2556e+00  2.8323e+01  4.2667e+01  1.0000e+00
 4.2672e-02  1.0584e+00  6.1422e-01  7.1686e+00 -3.4065e+00  8.4816e+00  1.1616e+01  1.0000e+00
-2.7046e+00 -3.9653e-01 -3.3390e+00  1.0618e-01  2.9674e+00  2.6123e+00  3.9549e+00  1.0000e+00
-2.8350e-01  1.4848e+00  3.7005e-01  8.0363e+00 -2.9797e+01  3.8383e+00  3.1099e+01  1.0000e+00
-2.9709e-01  1.1369e+00  3.5856e-01 -7.5347e+00  1.7525e+01  1.1523e+00  1.9110e+01  1.0000e+00
-2.3290e+00 -2.5324e+01 -1.7933e+01 -1.8021e+00 -2.7725e+01 -1.9819e+01  3.4128e+01  1.0000e+00
-3.5041e+00  6.0909e+00 -4.0191e+00 -1.7374e+00  3.2985e+00 -3.9674e-01  3.7491e+00  1.0000e+00
-1.1852e+00  1.2355e+00 -8.6940e-02 -9.2640e+00  3.2365e+00  5.0074e+00  1.1017e+01  1.0000e+00
-7.3588e-01  1.9567e+00  4.3372e-01  3.3618e+00 -2.1915e+00  4.0242e+00  5.6832e+00  1.0000e+00
 1.5595e+00  1.1537e+00 -2.1193e-01  7.6376e+00 -2.1683e+00 -1.1515e+00  8.0225e+00  1.0000e+00
-5.3051e+00  2.2933e+01 -9.4543e+00 -5.9030e+00  2.3905e+01 -9.2701e+00  2.6310e+01  1.0000e+00
-3.9879e-01  1.3192e+00 -8.3093e-02 -5.9632e+00  7.5431e+00  5.9771e+00  1.1322e+01  1.0000e+00
 1.0855e+00  4.4802e+00  2.7827e+01  1.8331e+00  5.0851e+00  2.8175e+01  2.8689e+01  1.0000e+00
 3.5380e-01  5.4346e+00 -3.3072e+00  2.0949e-01  3.5833e+00 -2.5004e+00  4.3745e+00  1.0000e+00
-3.6798e-01  1.1464e+00  8.7846e-01 -1.9753e+00 -5.1764e+00 -4.6661e-01  5.5601e+00  1.0000e+00
-2.2004e-01  1.0393e+00  6.5124e-01 -6.6133e+00  1.9277e+01 -2.0812e+00  2.0486e+01  1.0000e+00
-1.9104e-01  1.4493e+00  7.9218e-01  5.6245e+00  1.3547e-01 -3.7571e+00  6.7653e+00  1.0000e+00
 8.6286e+00  1.7644e+01  9.3568e+00  9.0876e+00  1.8427e+01  9.5370e+00  2.2651e+01  1.0000e+00
-1.9611e-01  1.1987e+00  1.7227e-01  1.6150e+01  4.4661e+00 -6.2870e+00  1.7897e+01  1.0000e+00
-1.2870e+00  1.8713e+00  1.5949e-01 -2.0783e+01  3.8146e+00 -3.4380e+00  2.1408e+01  1.0000e+00
-4.7228e-01  1.3303e+00  4.2201e-01  8.9532e+00  6.0720e+00 -1.0800e+01  1.5286e+01  1.0000e+00
-8.9444e-01  1.2484e+00 -1.6302e-01 -1.1763e+01  1.1957e+01 -8.5028e+00  1.8805e+01  1.0000e+00
-1.5929e-01  1.7004e+00  6.4594e-01 -1.9005e+01  5.5264e+00  9.7964e+00  2.2084e+01  1.0000e+00
-6.3722e-01  1.8532e+00  8.9100e-02  7.3516e+00  5.3041e+00 -3.6318e+00  9.7657e+00  1.0000e+00
 1.3437e+01 -9.7460e+00 -1.5580e+00  1.3283e+01 -9.4249e+00 -1.3169e+00  1.6341e+01  1.0000e+00
-7.2619e-01  1.5692e+00  3.3706e-01  4.3203e+00  2.0827e+01  3.7113e+00  2.1592e+01  1.0000e+00
 2.4633e+01 -4.7097e+01  3.0169e+01  2.5208e+01 -5.0302e+01  3.2422e+01  6.4938e+01  1.0000e+00
-3.6763e-01  2.8879e+00 -1.9514e+00 -1.5508e-01 -3.7825e+00 -4.5124e+00  5.8901e+00  1.0000e+00
 2.5779e+00 -1.3268e+01 -3.7964e+01  2.7436e+00 -1.4556e+01 -4.1807e+01  4.4354e+01  1.0000e+00
-1.0361e+01 -1.4849e+01 -2.5563e+01 -1.1655e+01 -1.6121e+01 -2.7831e+01  3.4210e+01  1.0000e+00
-1.7503e+00 -2.7116e+01  2.9275e+00 -1.7153e+00 -2.9294e+01  3.1497e+00  2.9512e+01  1.0000e+00
-3.8116e+01 -1.9172e+01 -9.9363e+00 -4.2343e+01 -2.1064e+01 -1.0973e+01  4.8549e+01  1.0000e+00
-4.8843e-01  1.5571e+00  6.9672e-01 -1.6422e+01 -6.2272e+00 -1.0553e+01  2.0490e+01  1.0000e+00
-3.0374e+01 -7.4569e+00 -5.7179e+00 -3.3223e+01 -8.1017e+00 -6.2865e+00  3.4770e+01  1.0000e+00
-8.8901e-01  1.7589e+00 -4.4363e-01 -8.7247e+00  7.0500e+00 -3.3854e+00  1.1717e+01  1.0000e+00
-3.2344e-01  1.8800e+00 -2.6565e-01 -7.5168e-01 -5.0717e-01 -1.7473e+00  1.9686e+00  1.0000e+00
-4.6948e+00  3.2000e-01 -1.4972e+01 -4.8319e+00  8.0889e-01 -1.6046e+01  1.6777e+01  1.0000e+00
-9.2904e-01  1.4805e+00  5.7974e-01  1.5762e+01 -6.6473e-01  2.9870e+00  1.6056e+01  1.0000e+00
-3.9501e-01  1.6363e+00  6.2958e-01  4.9560e+00  4.2884e+00  2.6959e+00  7.0866e+00  1.0000e+00
