# limit = 32.3264
#
# x           y           z           vx          vy          vz          s           m
 7.4583e-01  2.7268e+00 -2.0993e+00  1.8840e+00 -6.3251e-02 -6.6391e+00  6.9016e+00  1.0000e+00
-7.5370e-01  1.3270e+00  6.8770e-01 -5.7693e+00  5.5146e+00  1.8815e+01  2.0438e+01  1.0000e+00
 3.1542e+01  1.5746e+00  6.1720e+00  3.3879e+01  2.1426e+00  6.6124e+00  3.4585e+01  1.0000e+00
-8.4473e-01  1.5398e+00 -2.7040e-02 -8.9995e+00 -2.7310e+00 -7.9409e+00  1.2309e+01  1.0000e+00
-2.6836e+01  1.0076e+01  1.6023e+01 -2.9170e+01  1.0807e+01  1.7209e+01  3.5550e+01  1.0000e+00
 1.1760e+01 -3.5342e+00  3.3236e+01  1.2998e+01 -3.5117e+00  3.6121e+01  3.8549e+01  1.0000e+00
 1.5975e+00 -2.6983e+01 -1.8596e+01  1.3321e+00 -2.9118e+01 -1.9900e+01  3.5294e+01  1.0000e+00
-4.1842e-01  1.6724e+00  4.8817e-01  1.2875e+01 -7.0417e+00  7.9811e+00  1.6705e+01  1.0000e+00
-4.2285e+01  3.0885e+01  9.5981e+01 -4.5547e+01  3.3390e+01  1.0464e+02  1.1890e+02  1.0000e+00
 7.6831e+01 -4.1321e+01  2.0175e+00  1.1448e+02 -6.2004e+01  3.0410e+00  1.3022e+02  1.0000e+00
 2.6463e+00  4.5466e+00  2.5690e+00 -2.1559e+00  2.7155e-01 -8.6352e-01  2.3382e+00  1.0000e+00
-2.8873e-01  1.1453e+00  6.5849e-01  6.1814e+00  1.1198e+00  1.8198e+00  6.5403e+00  1.0000e+00
-2.1479e-01  2.4227e+00  1.0403e+00  3.1722e+00 -1.4195e+01 -3.1729e+00  1.4887e+01  1.0000e+00
 6.6712e+00  2.2776e+00 -6.1843e-01  2.9746e+00  2.5669e+00  7.9555e-01  4.0087e+00  1.0000e+00
 1.6832e+00 -8.8420e-01  2.6203e-01 -2.7159e+00  4.7240e+00 -1.0262e+00  5.5448e+00  1.0000e+00
-1.0177e+01 -1.7284e+00 -7.6313e+00 -9.4065e+00 -9.8307e-01 -6.6590e+00  1.1567e+01  1.0000e+00
 1.9351e+01 -2.0253e+01 -2.3252e+01  2.0948e+01 -2.2003e+01 -2.5408e+01  3.9605e+01  1.0000e+00
-4.9201e-01  2.2798e+00  4.2001e-01 -3.6684e+00 -8.0456e+00  2.4176e+00  9.1670e+00  1.0000e+00
-1.3104e-01  1.0389e+00  7.5821e-01  1.7462e+00  1.5826e+01  9.9785e-02  1.5922e+01  1.0000e+00
 6.7322e+01  5.4507e+01 -2.3533e+01  7.3441e+01  5.8889e+01 -2.5204e+01  9.7451e+01  1.0000e+00
-2.9042e-01  1.4761e+00 -6.4442e-02 -9.2474e+00 -4.0489e+00  3.2267e+00  1.0598e+01  1.0000e+00
-1.8685e-01  1.2147e+00  4.8053e-01 -1.5012e+01 -1.8172e+01 -2.0194e+00  2.3657e+01  1.0000e+00
-5.9473e+00 -7.6355e+00  1.1521e+01 -7.9958e+00 -1.1381e+01  1.5537e+01  2.0853e+01  1.0000e+00
-1.4537e+01  2.7621e+01 -2.7808e+01 -1.5896e+01  3.0433e+01 -3.0408e+01  4.5864e+01  1.0000e+00
-1.0455e+00  3.1058e+01 -1.3724e+01 -1.2385e+00  3.3643e+01 -1.4782e+01  3.6768e+01  1.0000e+00
-7.4720e+00  4.5128e+00 -1.0910e+01 -7.6864e+00  5.2548e+00 -9.5959e+00  1.3371e+01  1.0000e+00
 9.6845e+00 -2.4256e+01  4.5672e+00  9.9715e+00 -2.6111e+01  4.7281e+00  2.8347e+01  1.0000e+00
 6.6391e+01 -1.7403e+01 -6.4055e+01  7.5256e+01 -1.9839e+01 -7.2627e+01  1.0645e+02  1.0000e+00
 1.9185e+00 -3.8112e+01 -5.0260e+01  2.1717e+00 -4.2131e+01 -5.5544e+01  6.9749e+01  1.0000e+00
 7.9495e-02  1.5243e+00  2.5258e-01 -1.1890e+01 -3.4436e+00  1.3051e+01  1.7988e+01  1.0000e+00
-5.1707e-02  1.5439e+00  3.6038e-01 -7.8182e+00  1.2923e+01  4.0802e+00  1.5645e+01  1.0000e+00
-3.0705e-01  1.5086e+00  6.1836e-01  1.0416e+01  1.3622e+01 -1.5008e+01  2.2788e+01  1.0000e+00
-3.1664e-01  1.4134e+00  5.6463e-01 -1.2571e+01  8.1788e+00 -1.4130e+01  2.0606e+01  1.0000e+00
-5.4155e-01  1.9564e+00  3.6030e-01  3.9829e+00  1.6957e+01  1.4078e+00  1.7475e+01  1.0000e+00
-3.6611e-02  1.2010e+00  6.9209e-01 -2.3819e+00  8.0875e+00  2.0590e+01  2.2249e+01  1.0000e+00
-2.1748e-01  1.3860e+00  3.0787e-01 -2.1248e+01 -1.1676e+01 -3.7557e+00  2.4534e+01  1.0000e+00
-2.1716e+00  1.0788e+00  1.4187e+00 -1.2015e+01  3.6787e+00  3.2863e+00  1.2988e+01  1.0000e+00
-2.6114e+01  5.0035e+01 -6.2714e+01 -2.8528e+01  5.4672e+01 -6.7946e+01  9.1758e+01  1.0000e+00
-1.5064e-01  2.1100e+00 -2.3154e-01  7.0654e+00  1.8256e+01 -7.7473e-01  1.9590e+01  1.0000e+00
 1.8507e+01 -4.0488e+00  1.5602e+01  1.9323e+01 -4.0550e+00  1.6385e+01  2.5657e+01  1.0000e+00
 9.3011e+00  8.7919e+00  1.4951e+00  7.6423e+00  7.6709e+00  2.0095e+00  1.1013e+01  1.0000e+00
 2.1586e+00  1.3306e+00 -9.0171e-01 -7.2068e+00  2.3891e+00  7.6617e-01  7.6310e+00  1.0000e+00
-3.6744e-01  1.9988e+00  7.9018e-01 -1.0253e+01 -6.0071e+00  3.5610e+00  1.2405e+01  1.0000e+00
 3.8600e+00 -1.1099e+01  3.6226e+01  4.3056e+00 -1.1963e+01  3.9487e+01  4.1483e+01  1.0000e+00
 3.5208e+01  1.6964e+01  2.8130e+00  3.8679e+01  1.8495e+01  3.1329e+00  4.2988e+01  1.0000e+00
 2.5914e+00 -2.2183e+01  3.7410e+00  3.2347e+00 -2.3410e+01  4.1284e+00  2.3990e+01  1.0000e+00
 4.6305e-01  1.5578e+00  6.0141e-03 -9.8212e-01  4.6108e+00 -2.1231e+00  5.1702e+00  1.0000e+00
 1.2157e+00  1.1027e+00  8.9510e-01 -1.2315e+01  1.1067e+01  1.4889e+00  1.6624e+01  1.0000e+00
 1.4660e+01 -5.6635e+00  6.7945e+00  1.4060e+01 -5.3144e+00  6.9749e+00  1.6570e+01  1.0000e+00
 5.8186e-02  1.0805e+00  3.6122e-01 -8.3784e-02  2.8847e+00  3.5126e+00  4.5461e+00  1.0000e+00
 8.8981e-01  1.4130e+00  2.8667e-01 -5.1770e+00  3.7992e+00  5.2145e+00  8.2720e+00  1.0000e+00
-3.5862e-01  1.6221e+00  5.6500e-01 -9.6474e-01  1.2978e+01 -1.8733e+00  1.3148e+01  1.0000e+00
-4.0329e+00 -6.2766e+00  6.5139e+00 -2.8912e+00 -4.2116e+00  4.9123e+00  7.0871e+00  1.0000e+00
 1.0311e+00  1.5295e-01 -1.7876e+00  4.9947e+00 -1.5028e+00 -8.1936e+00  9.7129e+00  1.0000e+00
 6.6146e-01  7.4160e+00  7.5310e+00  2.1323e+00  1.2750e+01  1.3636e+01  1.8789e+01  1.0000e+00
-7.8782e-03  1.2805e+00  6.0392e-01 -5.7369e+00  1.3944e+01 -1.1887e+01  1.9201e+01  1.0000e+00
-1.1535e-01  1.4926e+00  6.3433e-01 -1.9196e+00  1.2993e+01 -9.8113e+00  1.6394e+01  1.0000e+00
 1.5899e-01  8.2213e-01  1.3194e+00 -3.3902e+00  6.3758e+00 -6.3522e-01  7.2489e+00  1.0000e+00
-2.3599e-01  1.4856e+00  1.5367e-01  1.3991e+01  1.3388e+01  2.6448e+00  1.9545e+01  1.0000e+00
 8.5615e+00 -4.8336e+00  2.5719e+01  8.9578e+00 -5.3861e+00  2.7551e+01  2.9467e+01  1.0000e+00
 1.8232e-01  1.7684e+00  1.9374e-01  2.7085e+00  3.3920e+00  5.2409e+00  6.8051e+00  1.0000e+00
-5.4499e+00 -9.7567e+00  4.3320e+00 -6.9663e+00 -1.3951e+01  5.6183e+00  1.6575e+01  1.0000e+00
 1.6181e+01  1.6435e+00 -7.7709e+00  1.7778e+01  1.9570e+00 -8.4552e+00  1.9784e+01  1.0000e+00
-5.4143e-01  1.4855e+00  8.1353e-02  3.0275e+00 -6.1190e-01  1.0369e+01  1.0819e+01  1.0000e+00
 1.5532e-01  4.4729e+00  6.5064e-01  1.8702e+00  1.4538e+00  7.9727e-01  2.4993e+00  1.0000e+00
-1.5499e-01  1.7418e+00  1.2687e-02 -1.6575e+01  5.8194e-01  4.6095e+00  1.7214e+01  1.0000e+00
-7.3956e-01  1.4988e+00  6.5014e-01 -3.7169e+00  2.4561e+00 -1.0423e+01  1.1335e+01  1.0000e+00
 6.9208e-01  1.7855e+00 -6.3731e-01  3.5343e+00  1.4542e+00  1.0082e-01  3.8231e+00  1.0000e+00
-2.8594e-01  1.4556e+00  4.5544e-01 -3.2765e+00  1.7641e+01  7.5906e+00  1.9482e+01  1.0000e+00
-2.2210e-01  4.7297e-01  8.9794e-01 -1.4934e-01  6.1015e+00 -1.5812e-01  6.1054e+00  1.0000e+00
 3.1117e+01  3.3320e+00  5.6385e+00  3.3766e+01  3.2892e+00  6.0622e+00  3.4464e+01  1.0000e+00
-4.3618e-01  1.5250e+00  4.4226e-01  4.6198e+00  3.5735e+00  2.1584e+00  6.2267e+00  1.0000e+00
 2.2129e-01  1.7528e+00  1.1797e-01 -1.8091e+01  1.5877e+00 -4.7418e+00  1.8769e+01  1.0000e+00
-2.6878e-02  1.4262e+00 -3.8328e-01  6.1032e-01  6.6076e+00  1.3046e+01  1.4637e+01  1.0000e+00
-5.7891e-01  1.5049e+00  3.8359e-01  3.0840e+00 -1.0892e+01 -1.5249e-01  1.1321e+01  1.0000e+00
-4.3611e-01  1.6922e+00  4.2537e-01 -1.5755e+00 -4.4721e-01  1.3101e+01  1.3203e+01  1.0000e+00
 3.0795e-03  1.7205e+00  4.8209e-01  5.6227e+00  4.2307e+00 -1.6207e+00  7.2208e+00  1.0000e+00
-1.7756e-01  1.2082e+00 -8.9337e-02 -5.8268e-01 -1.1938e+00  3.6653e+00  3.8986e+00  1.0000e+00
 3.7657e+01 -1.7920e+01 -4.3140e+00  4.1389e+01 -1.9433e+01 -4.6666e+00  4.5961e+01  1.0000e+00
-2.1809e+01 -1.3160e+01 -8.3129e+00 -2.3381e+01 -1.3742e+01 -8.7069e+00  2.8483e+01  1.0000e+00
-5.0021e-01  2.1472e+00  3.8417e-01 -1.8328e+00 -7.9301e+00 -3.0277e+00  8.6840e+00  1.0000e+00
 2.5119e+01  5.7294e+00  1.6222e+01  3.2027e+01  6.9081e+00  2.0529e+01  3.8664e+01  1.0000e+00
-2.0982e-01  1.2817e+00  8.4277e-01 -9.2289e+00  7.6802e+00 -1.7944e+01  2.1590e+01  1.0000e+00
 6.7186e+00  6.2843e+00  8.7888e+00  5.2506e+00  5.8167e+00  7.2549e+00  1.0679e+01  1.0000e+00
-7.8830e-01  1.7447e+00  4.7169e-01  1.1621e+01  3.3346e+00 -1.3308e-01  1.2091e+01  1.0000e+00
-8.6845e-01 -2.4906e-01  1.3268e-01 -3.6138e+00 -1.8777e+00 -4.0955e-01  4.0931e+00  1.0000e+00
 1.7530e+00  1.1923e+00  1.0610e+00 -7.6145e-01  1.0575e+00  3.7707e+00  3.9896e+00  1.0000e+00
-1.3586e+00  2.7610e+00  4.1046e-01  7.3177e-01  8.4938e-01  1.3194e+00  1.7314e+00  1.0000e+00
 1.6273e+02  4.0954e+01 -1.5787e+02  2.2218e+02  5.5313e+01 -2.1506e+02  3.1413e+02  1.0000e+00
 3.9794e-02  1.1007e+00  6.7862e-01 -6.2779e+00  1.4929e+01 -5.0644e+00  1.6969e+01  1.0000e+00
-1.6754e+00  3.6417e+00  1.0473e+00 -5.8106e+00  1.0867e+01  3.7424e+00  1.2879e+01  1.0000e+00
-5.8922e-01  1.1865e+00  5.4669e-01  4.3274e+00 -7.9211e+00 -1.2669e+01  1.5555e+01  1.0000e+00
 1.4867e+00  1.3301e+00  1.8531e+00  1.7343e+00  1.2367e+00  6.4422e+00  6.7852e+00  1.0000e+00
-6.6476e-01  1.4844e+00  1.7588e-01  1.2630e+01 -8.5543e+00  2.0561e+00  1.5392e+01  1.0000e+00
 5.7815e+00 -1.9201e+00 -4.4101e-01  3.9462e+00 -7.4219e-01  1.1263e-01  4.0170e+00  1.0000e+00
 2.0796e-02  1.7500e+00  1.2661e-01  1.0235e+01 -4.7068e+00 -5.2076e+00  1.2411e+01  1.0000e+00
 1.0246e+01  2.1060e+01  3.7029e+01  1.7295e+01  3.3974e+01  6.1190e+01  7.2094e+01  1.0000e+00
-1.2055e+01 -1.7576e+01 -1.9783e+01 -1.2932e+01 -1.8728e+01 -2.1145e+01  3.1066e+01  1.0000e+00
 2.6145e+00 -5.3669e+00 -2.3071e+01  2.6574e+00 -5.3835e+00 -2.3090e+01  2.3858e+01  1.0000e+00
 2.0032e+00  4.1178e+00 -1.2950e+00  2.9383e-01 -2.6168e+00  3.6198e+00  4.4762e+00  1.0000e+00
-2.0947e-01  1.3828e+00  6.3001e-01  2.0507e+01 -5.4515e+00 -5.5530e+00  2.1934e+01  1.0000e+00
-2.0534e-01  1.4993e+00 -1.3973e-01  6.0307e+00  9.4493e+00  3.5700e-01  1.1215e+01  1.0000e+00
-3.8346e+00  1.8330e+00 -4.8805e-01 -1.2755e+00  2.6975e+00  2.3485e+00  3.7972e+00  1.0000e+00
-6.9285e-01  1.6070e+00  6.0359e-01 -9.3908e+00  1.6416e+01 -1.0602e+00  1.8942e+01  1.0000e+00
 3.0694e+01  1.1920e+01 -7.9683e-01  3.3187e+01  1.3158e+01 -8.7512e-01  3.5711e+01  1.0000e+00
 6.9451e-02  1.7527e+00 -4.9380e-04  6.0423e-01  4.7152e-01 -4.2034e+00  4.2727e+00  1.0000e+00
 2.2816e+01  1.3586e+00  2.5575e+01  2.4684e+01  1.5794e+00  2.7663e+01  3.7109e+01  1.0000e+00
-1.3500e+00  2.9096e+00 -9.5281e-01 -2.0405e+00  5.6577e+00 -2.8784e+00  6.6677e+00  1.0000e+00
-5.7403e-01  1.1834e+00  7.3048e-01 -1.7858e+01  1.2436e+01  1.1375e+01  2.4555e+01  1.0000e+00
-3.7490e+01  8.0339e+00  8.5853e+00 -4.1021e+01  8.9760e+00  9.4477e+00  4.3041e+01  1.0000e+00
 4.0164e-01  8.7013e-01  4.5611e-01  1.3652e+01  2.1173e-01 -4.3706e+00  1.4336e+01  1.0000e+00
 7.7347e+00 -1.2644e+01  2.3006e+01  7.4254e+00 -1.3023e+01  2.4613e+01  2.8819e+01  1.0000e+00
 8.3472e+00 -8.7644e+00  1.8272e+01  8.5018e+00 -9.1093e+00  1.9038e+01  2.2753e+01  1.0000e+00
 1.4968e+01 -1.8014e+01 -6.9553e+00  1.4604e+01 -1.9022e+01 -7.4005e+00  2.5098e+01  1.0000e+00
 5.8232e-01  9.4441e-01  5.6442e-01 -1.6926e+01  1.4140e+01 -3.3790e+00  2.2312e+01  1.0000e+00
 2.0778e-01  1.5112e+00  1.2999e-02  5.6014e+00  1.4580e+00  7.9808e+00  9.8588e+00  1.0000e+00
-2.9066e-01  8.2135e-01  1.1886e+00  1.5273e+00  5.2849e-01  1.6076e+01  1.6157e+01  1.0000e+00
-4.1003e+00  6.8778e-02 -3.1103e+00 -7.5135e+00 -1.7452e+00 -4.3599e+00  8.8604e+00  1.0000e+00
-7.3634e-02  1.3705e+00  9.1363e-02  4.7666e+00 -7.4187e+00 -7.9378e+00  1.1865e+01  1.0000e+00
 5.3361e-01  1.2953e+00  6.9457e-01 -5.9532e+00  1.7332e+00  4.9386e+00  7.9268e+00  1.0000e+00
-8.8224e-01  1.4201e+00  2.1913e-01 -8.8991e+00 -1.5693e+01  6.1536e+00  1.9061e+01  1.0000e+00
 7.4481e-01  1.4341e+00  2.9337e-01 -5.6055e+00  6.1253e-01  8.0811e-01  5.6964e+00  1.0000e+00
-4.9718e+01  2.0646e+01  1.8978e+01 -5.4896e+01  2.2859e+01  2.1167e+01  6.3120e+01  1.0000e+00
-1.3719e-01  1.5171e+00  8.8572e-01  1.6322e+01 -1.1877e+00 -4.9201e+00  1.7089e+01  1.0000e+00
 3.2579e-02  5.9711e-01  4.8542e-01  2.1608e+00  1.5947e+00 -4.5805e+00  5.3097e+00  1.0000e+00
-4.5505e-01  3.2881e+00  7.8363e-01 -2.5941e+00  9.9598e+00  1.8040e+00  1.0449e+01  1.0000e+00
 1.7887e+01 -1.5194e+01 -5.9712e+00  1.8947e+01 -1.5980e+01 -6.0529e+00  2.5514e+01  1.0000e+00
 4.9018e-02  1.4435e+00  1.6455e-01  9.0883e-01 -1.9996e+01 -4.6072e+00  2.0540e+01  1.0000e+00
 1.2065e+01 -1.0422e+01  2.6848e+01  1.2825e+01 -1.1015e+01  2.9078e+01  3.3635e+01  1.0000e+00
 2.6791e+01  3.8888e+00  2.8852e+01  4.3710e+01  5.2992e+00  4.6118e+01  6.3761e+01  1.0000e+00
-4.6056e+00 -4.7896e+00 -2.1878e+01 -5.0575e+00 -4.8824e+00 -2.3125e+01  2.4170e+01  1.0000e+00
-3.2743e-01  1.3447e+00  4.6296e-01  1.4939e+01 -2.1977e+01  3.6657e-01  2.6577e+01  1.0000e+00
-5.7468e-01  1.4531e+00  5.2383e-01 -9.7351e+00  1.0790e+01 -7.4230e+00  1.6318e+01  1.0000e+00
-2.7883e-01  1.4189e+00  5.4459e-01 -9.6701e+00  1.1930e+00  2.8380e+00  1.0148e+01  1.0000e+00
-1.0189e+00  4.1218e-01  1.1065e+00  2.1115e+00  1.8542e+00 -4.5699e-01  2.8470e+00  1.0000e+00
-1.3690e-01  1.0842e+00  1.4968e+00 -2.9325e+00  1.4397e+01  3.3402e+00  1.5067e+01  1.0000e+00
-6.2724e-01  1.3241e+00  8.0198e-01  3.3155e+00  1.4627e+01 -3.6126e+00  1.5427e+01  1.0000e+00
-9.8702e-01  1.3839e+00  5.0314e-01 -5.9257e+00 -1.5061e+00  8.1962e+00  1.0225e+01  1.0000e+00
-1.7129e+00  2.2997e+00 -8.8779e-01 -7.1978e+00  6.4001e+00 -5.4064e+00  1.1045e+01  1.0000e+00
-3.7079e+00 -1.0521e+01  2.3917e+01 -3.9017e+00 -1.1395e+01  2.5510e+01  2.8210e+01  1.0000e+00
-3.2752e-01  1.5725e+00  1.5165e-01 -1.1529e+01  2.2926e+01  7.7489e-01  2.5674e+01  1.0000e+00
-3.6147e-01  1.0689e+00  1.3462e-01  7.5444e+00 -1.3393e+01  4.6404e+00  1.6057e+01  1.0000e+00
-3.3068e+01  7.1438e+00 -9.1136e+00 -3.5321e+01  8.4761e+00 -9.3493e+00  3.7507e+01  1.0000e+00
-7.2315e-01  2.0082e+00  6.0180e-01 -2.7259e+00 -1.4912e-01 -2.2827e+00  3.5586e+00  1.0000e+00
-3.5860e-01  1.3255e+00  3.5145e-01  2.0457e+01  7.0405e-01 -9.1060e+00  2.2403e+01  1.0000e+00
-3.4826e-01  1.2299e+00  5.2385e-01  8.4413e+00 -7.4956e+00 -1.0071e+00  1.1334e+01  1.0000e+00
-1.3301e+01 -4.2415e+01 -4.8709e+01 -1.4917e+01 -4.4678e+01 -5.2169e+01  7.0287e+01  1.0000e+00
 3.2369e+01 -2.8527e+01  8.0338e+00  3.5399e+01 -3.1117e+01  8.7233e+00  4.7932e+01  1.0000e+00
-1.0179e-01  1.4937e+00  6.3340e-01 -3.9104e+00 -8.5401e+00  1.5851e+01  1.8425e+01  1.0000e+00
-4.8964e+00  3.3617e+00  1.9330e+00 -5.6071e+00  3.6294e+00  7.3013e-01  6.7190e+00  1.0000e+00
-3.5026e-01 -5.4470e+00  1.0606e+00 -1.5237e+00 -2.3520e+01  3.3666e+00  2.3808e+01  1.0000e+00
 4.0529e-01  1.5753e+00  2.3177e-01  2.4158e+01  4.2327e+00 -4.4975e+00  2.4935e+01  1.0000e+00
 7.4462e-03  1.4526e+00  2.5289e-01 -1.5994e+01  1.9994e+01  2.8239e-01  2.5606e+01  1.0000e+00
-5.8791e-01  1.2202e+00  7.4368e-01 -2.3419e+00  7.0373e+00  3.0749e+00  8.0289e+00  1.0000e+00
-1.7633e+01  2.7645e+01 -1.4646e+01 -1.9131e+01  3.0270e+01 -1.5809e+01  3.9143e+01  1.0000e+00
-2.6982e+00  1.9469e+00  4.6320e+00 -1.0017e-02  1.9456e+00  5.3123e+00  5.6574e+00  1.0000e+00
 1.4337e-01  1.2890e+00  2.2761e+00  3.0934e+00  1.5921e+00 -6.8208e+00  7.6568e+00  1.0000e+00
-2.7906e-01  2.1121e+00  3.2554e-01  1.0260e+01  3.3599e+00  2.9154e+00  1.1183e+01  1.0000e+00
-8.2526e-01  1.9421e+00  4.0643e-01  4.6950e+00  2.6134e+00  5.0392e-01  5.3969e+00  1.0000e+00
 1.2606e-01  1.2822e+00  3.4121e-01  8.0971e+00  6.5746e+00 -1.1322e+01  1.5394e+01  1.0000e+00
-6.0632e-02  1.8235e+00  8.6978e-01  1.0493e+01  4.3257e+00  4.2958e+00  1.2135e+01  1.0000e+00
-1.7011e-01  1.5762e+00  3.8142e-01  1.2533e+01  6.5894e+00  2.2459e+00  1.4337e+01  1.0000e+00
-1.4763e-02  1.4447e+00  1.7358e-01 -2.7865e+00 -1.0380e+01  1.9633e+01  2.2382e+01  1.0000e+00
-7.3225e-01  9.2740e-01 -2.6322e-02 -5.3313e+00  7.2345e+00 -5.2931e+00  1.0430e+01  1.0000e+00
-5.4223e-01  8.8796e-01  4.3797e-01  7.5465e+00 -1.1434e-01  7.6158e+00  1.0722e+01  1.0000e+00
 7.8462e+00 -1.2896e+01  2.2820e+01  8.8390e+00 -1.3578e+01  2.4214e+01  2.9134e+01  1.0000e+00
-1.5074e+00  2.5431e+00 -1.4262e+00 -1.4763e+00  8.6551e-01 -2.4987e+00  3.0285e+00  1.0000e+00
 6.3125e+01 -4.3160e+01 -8.7753e+01  6.9252e+01 -4.7253e+01 -9.5417e+01  1.2702e+02  1.0000e+00
 6.6452e-01  8.6288e+00 -2.4010e+00  1.6710e+00  1.5912e+01 -6.5548e+00  1.7290e+01  1.0000e+00
 1.1141e-01  4.6418e-01  4.2761e-01  5.3754e+00 -1.2605e+01  1.1041e+01  1.7598e+01  1.0000e+00
 1.5854e+01 -4.2408e+00 -3.2090e+00  1.6250e+01 -3.6280e+00 -2.7185e+00  1.6871e+01  1.0000e+00
-4.2397e-01  1.7522e+00  4.2954e-01  2.2779e+00 -2.8118e-01 -7.4667e+00  7.8115e+00  1.0000e+00
-2.1662e+00  2.4776e+00  3.3335e-01 -7.3689e+00  8.1172e-01  2.2677e+00  7.7525e+00  1.0000e+00
-3.8025e-01  1.4641e+00  2.8070e-01 -3.4098e+00 -2.1536e+01 -4.0455e+00  2.2176e+01  1.0000e+00
 2.6878e-01  1.2087e+00  6.8343e-01  1.0312e+01 -1.0935e+01 -7.2612e-01  1.5048e+01  1.0000e+00
 5.9336e-01  1.0163e+00  5.3163e-01 -4.3290e+00  5.5409e+00 -2.0666e-01  7.0345e+00  1.0000e+00
-3.6317e-01  1.3785e+00  7.4953e-01  3.3985e+00 -1.4691e+01 -6.7758e+00  1.6531e+01  1.0000e+00
-7.8951e-03  8.5290e-01  8.8052e-01 -5.7852e+00  1.6917e+00 -8.5152e+00  1.0433e+01  1.0000e+00
 1.0291e+00  9.9685e-01 -7.7356e-02 -2.4441e+00 -3.0195e+00 -3.0806e+00  4.9579e+00  1.0000e+00
 1.5640e+00 -1.2302e+01  2.1766e+01  1.7382e+00 -1.2972e+01  2.2932e+01  2.6404e+01  1.0000e+00
-4.4157e+01  3.3973e+01 -2.8206e+01 -5.8146e+01  4.4360e+01 -3.7300e+01  8.2098e+01  1.0000e+00
 1.4397e-01  1.5008e+00  4.1254e-01  1.9925e+01  6.1209e+00 -1.7812e+01  2.7418e+01  1.0000e+00
-2.3835e-01  3.0223e-02  6.9411e-01 -2.0116e+00  3.2154e+00  3.9161e+00  5.4517e+00  1.0000e+00
-8.2586e-01  1.4807e+00  2.4734e-01 -1.4039e+00  5.7385e+00  1.1688e+01  1.3096e+01  1.0000e+00
 8.1695e-01  1.3015e+00 -1.6978e-01  9.0218e+00  3.8231e+00  6.5653e-01  9.8204e+00  1.0000e+00
-9.4125e-02  1.1712e+00  1.0869e+00 -6.5819e+00 -3.6444e+00  7.8819e+00  1.0896e+01  1.0000e+00
-4.2975e-01  1.6458e+00  3.4198e-01 -9.8719e+00 -4.8493e+00 -4.6282e+00  1.1933e+01  1.0000e+00
-2.0926e+01  1.7654e+01 -5.8333e+00 -2.2167e+01  1.8736e+01 -6.1442e+00  2.9667e+01  1.0000e+00
 1.2820e+01 -1.0074e+01 -3.9233e+01  1.4079e+01 -1.1141e+01 -4.3127e+01  4.6715e+01  1.0000e+00
-6.5887e-01  2.4680e+00  1.4623e-01 -2.2125e+00 -1.1769e+01  3.8722e+00  1.2586e+01  1.0000e+00
-8.5114e-01 -2.5056e+01 -1.7872e+01 -3.2113e-02 -2.7003e+01 -1.9040e+01  3.3041e+01  1.0000e+00
-9.5034e+00  8.9694e+00 -3.6997e+01 -1.0535e+01  9.9624e+00 -4.0452e+01  4.2972e+01  1.0000e+00
 4.3512e+00 -2.1783e+01  2.4799e-01  4.5039e+00 -2.2964e+01  3.5773e-01  2.3404e+01  1.0000e+00
 2.1559e-01  1.2777e+00  2.5360e-01  1.0749e+01 -6.8796e+00  1.8145e+00  1.2890e+01  1.0000e+00
-4.2632e+00 -5.5564e+00 -2.3376e+01 -4.5786e+00 -6.0225e+00 -2.4183e+01  2.5339e+01  1.0000e+00
 2.3189e+00  5.3266e+00  4.8447e+00  1.5948e+00  3.5004e+00  2.8933e+00  4.8133e+00  1.0000e+00
-4.3726e-01  1.4909e+00  3.9727e-01 -8.4253e+00 -8.3717e+00 -1.0290e+01  1.5715e+01  1.0000e+00
 1.4942e+01  8.7889e+00  2.0555e+01  1.8070e+01  9.8526e+00  2.4516e+01  3.2010e+01  1.0000e+00
-6.4683e-01  1.7794e+00  2.4740e-01  1.2483e+01 -8.2937e+00  1.8183e+01  2.3563e+01  1.0000e+00
 1.4736e+01 -1.8042e+01 -7.1477e+00  1.6835e+01 -1.8643e+01 -7.3876e+00  2.6183e+01  1.0000e+00
 1.5047e-01  1.5633e+00  4.9832e-01  4.1797e+00  3.6280e+00  1.7173e+00  5.7949e+00  1.0000e+00
-2.5419e-01  1.8191e+00  7.6243e-01  6.5514e+00 -6.5339e+00  4.3842e+00  1.0239e+01  1.0000e+00
-2.5508e+01 -1.1453e+01 -7.9589e+00 -2.7314e+01 -1.2212e+01 -8.4245e+00  3.1083e+01  1.0000e+00
 1.2479e+01  7.0067e+00  1.2664e+01  1.2317e+01  7.4612e+00  1.3247e+01  1.9567e+01  1.0000e+00
 5.8723e-01  1.0572e+00  7.5848e-01 -6.0352e+00  7.3902e-01  8.4567e+00  1.0416e+01  1.0000e+00
 1.0375e+01 -3.3691e+01 -2.6660e+00  1.1439e+01 -3.6716e+01 -2.9186e+00  3.8567e+01  1.0000e+00
 4.0953e+01 -1.2356e+01  3.1644e+01  8.4634e+01 -2.7138e+01  6.4804e+01  1.1000e+02  1.0000e+00
-5.0243e+01 -4.8460e+00  7.4150e+01 -5.6974e+01 -5.5829e+00  8.4052e+01  1.0170e+02  1.0000e+00
 1.9858e+01 -3.4234e+01 -2.7829e+01  2.1998e+01 -3.7679e+01 -3.0695e+01  5.3346e+01  1.0000e+00
-5.7210e-01  1.8124e+00  4.4295e-01  6.1975e-01  3.9307e+00 -9.0051e+00  9.8451e+00  1.0000e+00
-1.9061e+00  6.9770e+00  1.5918e+00 -3.4007e-01  6.0829e+00  9.1727e-01  6.1610e+00  1.0000e+00
-4.1902e-01  1.7458e+00  6.3146e-01 -1.5265e+01 -4.7390e+00  1.5036e+01  2.1944e+01  1.0000e+00
-1.0518e+01 -2.1509e+00 -7.3344e+00 -9.5086e+00 -2.2304e+00 -5.8556e+00  1.1388e+01  1.0000e+00
 3.8926e-01  1.3683e+00 -9.5937e-01  6.7711e+00  7.8409e-01 -1.4205e+01  1.5756e+01  1.0000e+00
 3.9346e-02  1.0159e-01  3.2290e-01  1.3878e+00 -1.8329e-01  4.8092e+00  5.0088e+00  1.0000e+00
-4.0257e-01 -2.4977e+01 -1.7812e+01 -1.3983e+00 -2.6688e+01 -1.9245e+01  3.2933e+01  1.0000e+00
-1.2840e+00 -1.4789e+01 -5.4257e-01 -2.3285e+00 -3.7262e+01 -2.6063e+00  3.7425e+01  1.0000e+00
-4.9576e-01  1.5347e+00  5.0877e-01  2.2142e+01 -2.2387e+00  4.9387e+00  2.2797e+01  1.0000e+00
-2.5367e-01  8.9077e-01  6.0767e-01  2.6397e+00  9.7627e+00 -1.3415e+01  1.6800e+01  1.0000e+00
 1.0036e+00  1.7540e+00  4.6643e-01 -1.8777e+00  5.0267e+00 -3.2689e-01  5.3760e+00  1.0000e+00
 3.7721e-01  1.3892e+00  4.9905e-01  3.1047e+00  6.0315e+00 -8.7493e+00  1.1071e+01  1.0000e+00
-4.8089e+01 -5.7884e+01  2.7116e+01 -5.1364e+01 -6.2584e+01  2.9541e+01  8.6184e+01  1.0000e+00
 6.7127e-01  1.8050e+00 -1.8208e-01 -2.9661e+00  4.3965e-02  2.9402e+00  4.1766e+00  1.0000e+00
-3.8092e+00  7.0396e+00 -2.6174e+00 -2.6931e+00  5.8594e+00 -1.2744e+00  6.5734e+00  1.0000e+00
-6.4164e-01  2.0495e+00  5.5314e-01 -6.6481e+00  1.5566e+01  2.5802e+00  1.7122e+01  1.0000e+00
-8.7524e-01  1.7915e+00  3.1982e-01  7.2875e+00  1.1286e+01 -6.5174e+00  1.4932e+01  1.0000e+00
 5.5515e-01  8.5371e-01  7.6108e-01 -1.3123e+00 -4.9183e+00  1.8341e+00  5.4107e+00  1.0000e+00
-2.5435e-02  1.2937e+00  8.8477e-02  4.7073e-01 -3.3003e+00  4.4072e+00  5.5260e+00  1.0000e+00
-3.0239e-01  1.8088e+00  6.7486e-01 -1.4837e+01  7.1536e+00  1.2523e+01  2.0692e+01  1.0000e+00
-1.6552e-01 -2.1884e+01  1.0389e+01 -1.7502e-01 -2.3188e+01  1.0851e+01  2.5602e+01  1.0000e+00
-2.8775e+01 -1.7050e+01 -1.0417e+01 -3.0639e+01 -1.7458e+01 -1.0430e+01  3.6774e+01  1.0000e+00
 2.7967e-01  1.2282e+00  5.7288e-02 -1.0528e+01 -7.0064e+00  5.2750e+00  1.3702e+01  1.0000e+00
-9.1529e-01  1.1044e+00  3.6123e-01 -4.2973e+00  1.7819e+00 -7.7188e+00  9.0123e+00  1.0000e+00
 3.7058e+01 -1.3257e+01 -2.1547e+00  4.0592e+01 -1.4479e+01 -2.2776e+00  4.3157e+01  1.0000e+00
 8.2312e-01  8.2676e-01  7.7121e-02  3.6872e+00 -1.0987e+00 -1.1296e+01  1.1934e+01  1.0000e+00
 3.6009e+02 -4.4543e+02  2.9157e+02  3.8386e+02 -4.7418e+02  3.0947e+02  6.8408e+02  1.0000e+00
 1.0226e-01  1.5053e+00 -2.3598e-01 -8.5409e+00  4.2960e+00  3.0909e+00  1.0048e+01  1.0000e+00
 4.5466e-02  1.3027e+00 -1.8583e-03 -1.7319e+00  1.0723e+01 -7.8563e+00  1.3405e+01  1.0000e+00
-3.2242e-01  1.6387e+00  8.3334e-01  3.0606e+00  1.3656e+00  1.4470e+01  1.4853e+01  1.0000e+00
 2.0079e+01  1.6174e+01  1.6074e+00  2.1162e+01  1.6942e+01  1.8597e+00  2.7172e+01  1.0000e+00
-1.6571e+01 -4.2491e+00  9.1509e+00 -1.8237e+01 -4.6235e+00  1.0684e+01  2.1636e+01  1.0000e+00
 4.9547e+00 -2.7417e+01  1.3143e+00  5.2274e+00 -2.9210e+01  1.2184e+00  2.9699e+01  1.0000e+00
-6.2664e-01  1.9584e+00  5.6117e-01 -3.2181e+00  3.6495e+00  1.6098e+01  1.6818e+01  1.0000e+00
 1.2705e+00  1.2563e+01 -1.9510e+01  1.2293e+00  1.3075e+01 -2.0457e+01  2.4309e+01  1.0000e+00
-5.7156e+01  1.9253e+01  2.0870e+01 -6.8463e+01  2.3092e+01  2.4955e+01  7.6441e+01  1.0000e+00
-1.9032e-01  1.4051e+00  4.5195e-01 -5.5173e+00  3.7686e+00  1.3110e+01  1.4714e+01  1.0000e+00
 1.1851e-01  1.0604e+00  2.6068e-01  8.3187e+00  1.1354e+01  3.6731e+00  1.4547e+01  1.0000e+00
-6.0370e-01  1.4180e+00  2.2642e-01  3.2067e+00 -2.6114e+00  3.6284e+00  5.5016e+00  1.0000e+00
-1.5556e+00  2.7090e+00 -4.3244e-01  6.1651e-01  2.6059e+00 -3.1576e+00  4.1402e+00  1.0000e+00
 2.7468e+00 -2.8481e+01  2.2648e+01  2.9582e+00 -3.1057e+01  2.4710e+01  3.9798e+01  1.0000e+00
 1.7735e+01 -3.3178e+01  1.3143e+01  2.3414e+01 -4.3956e+01  1.7140e+01  5.2670e+01  1.0000e+00
-1.9362e+00  1.5608e+01  2.6376e+00 -3.1763e+00  1.4750e+01  2.9021e+00  1.5365e+01  1.0000e+00
 1.3719e-01  1.7237e+00  8.2329e-01  3.9692e+00 -1.2817e+01 -6.5686e+00  1.4939e+01  1.0000e+00
-2.2446e+00  4.9905e+00  1.6608e-02 -4.5177e+00  9.6096e+00  1.6709e-01  1.0620e+01  1.0000e+00
-1.8012e-02  1.1723e+00  1.6202e-01 -4.3965e-01  8.9545e+00 -8.6647e+00  1.2468e+01  1.0000e+00
 1.4155e+01 -4.2980e+00  7.4593e+00  1.4209e+01 -3.7055e+00  7.0606e+00  1.6294e+01  1.0000e+00
-6.6513e-01  1.9154e+00  4.8265e-01  8.9229e+00  8.7170e+00  1.4830e+01  1.9379e+01  1.0000e+00
-3.4167e-01  1.4590e+00  4.1500e-01 -8.7341e+00  1.5157e+01  2.3425e+01  2.9236e+01  1.0000e+00
-6.4263e-01  1.2455e+00  7.2898e-01  3.7111e-01  1.1950e+01  9.4725e+00  1.5254e+01  1.0000e+00
-5.9868e+00 -5.1141e+00 -3.0527e+01 -6.3479e+00 -5.3929e+00 -3.2884e+01  3.3922e+01  1.0000e+00
-1.3249e+00  4.2533e-02  4.2163e+00  1.0531e+00  2.8543e+00 -2.1028e+00  3.6983e+00  1.0000e+00
 3.7580e+01 -7.7820e-01 -8.0235e+00  4.1119e+01 -7.3151e-01 -8.5466e+00  4.2004e+01  1.0000e+00
-7.2733e-01  1.9552e+00 -1.2354e-01 -2.0186e+00 -8.8267e+00  7.1515e+00  1.1538e+01  1.0000e+00
 1.3100e+01 -2.2961e+00  3.4346e+01  1.4307e+01 -2.8672e+00  3.7587e+01  4.0320e+01  1.0000e+00
 5.5687e-01  3.3057e-01  1.3700e+00  4.0672e+00 -5.9497e+00  2.4830e+00  7.6228e+00  1.0000e+00
 8.2507e-01  2.5871e+00  3.1263e-01  2.4446e+00 -6.9982e-01  8.8307e+00  9.1895e+00  1.0000e+00
-1.4557e+01  2.4903e+00  2.3845e+01 -1.5367e+01  2.6606e+00  2.5488e+01  2.9881e+01  1.0000e+00
-2.8173e+00  9.8229e+00 -5.5214e-01 -3.4356e+00  5.7862e+00 -6.8764e-01  6.7643e+00  1.0000e+00
-4.5073e-01  1.7357e+00  6.3206e-01 -1.1691e+01 -4.5123e+00 -3.8191e+00  1.3100e+01  1.0000e+00
 9.5507e-01  5.8640e+01  3.7894e+01  2.7976e-01  6.3416e+01  4.0453e+01  7.5221e+01  1.0000e+00
-7.2479e+00  6.4829e+00 -1.9941e+00 -4.7348e+00  4.5063e+00 -2.6153e-01  6.5416e+00  1.0000e+00
 1.6305e-01  1.6842e+00  1.8999e-01 -8.3868e+00  1.8152e+01 -8.4529e+00  2.1709e+01  1.0000e+00
-2.5697e-01  1.6996e+00  6.9719e-01 -7.3274e+00  2.9752e+00  5.6748e+00  9.7337e+00  1.0000e+00
-8.6547e-02  1.8965e+00  3.1544e-01 -3.7557e+00  3.2692e+00 -1.9985e+00  5.3653e+00  1.0000e+00
-2.1074e-01  1.4103e+00  8.1364e-01 -1.4803e+01  3.5916e+00  9.3325e+00  1.7864e+01  1.0000e+00
-3.9487e-01  1.1709e+00  4.0145e-01  1.0472e+01  1.2263e+00  5.0997e+00  1.1712e+01  1.0000e+00
-2.9393e+00  7.6231e-01  4.6581e+00  1.4302e+00  2.0350e+00 -8.4431e-01  2.6267e+00  1.0000e+00
-4.4463e-01  1.2127e+00  3.4362e-01 -3.0901e+00  2.2064e+01 -7.5511e+00  2.3524e+01  1.0000e+00
-2.1846e+01  1.8272e+01  6.1186e+00 -2.6819e+01  2.2394e+01  7.1334e+00  3.5660e+01  1.0000e+00
 3.7469e+00 -6.2688e+00  1.8554e+00  1.7759e+01 -3.0758e+01  6.1857e+00  3.6051e+01  1.0000e+00
-2.0128e-01  1.6336e+00  3.0479e-01 -5.0244e-01  6.8088e+00  1.7700e+00  7.0531e+00  1.0000e+00
-1.0073e+00  1.4817e+00  5.6076e-01  5.9679e+00  1.0594e+01 -5.1179e+00  1.3192e+01  1.0000e+00
-4.1376e-01  1.4359e+00  4.9824e-01  4.2674e+00 -2.2376e+00 -2.5584e+01  2.6034e+01  1.0000e+00
 1.2229e+01 -2.0395e+01 -1.0290e+01  1.3072e+01 -2.1333e+01 -1.0939e+01  2.7306e+01  1.0000e+00
-1.8755e-01  1.0858e+00  8.1111e-01  9.4562e+00 -7.3264e+00  1.4065e+01  1.8464e+01  1.0000e+00
 1.6188e+01  4.5758e+00 -3.5692e+01  1.7738e+01  5.2228e+00 -3.7944e+01  4.2209e+01  1.0000e+00
-2.4852e+00  1.3384e+01 -8.0948e+00 -2.4213e+00  1.2816e+01 -6.9962e+00  1.4800e+01  1.0000e+00
-3.2324e+01 -1.1245e+01  7.6664e+00 -3.5363e+01 -1.2062e+01  8.3502e+00  3.8285e+01  1.0000e+00
 4.0704e+01 -3.9061e+00 -1.6623e+01  4.4960e+01 -4.2811e+00 -1.8232e+01  4.8705e+01  1.0000e+00
 1.5837e+01 -8.7639e+01  5.4393e+01  1.7616e+01 -9.7711e+01  6.0738e+01  1.1639e+02  1.0000e+00
-3.9042e-01  1.4990e+00  4.7777e-01 -8.1396e+00 -5.8889e+00  1.8177e+01  2.0768e+01  1.0000e+00
-9.0273e-02  1.4923e+00  4.5741e-01 -1.2758e+01 -1.6559e+01 -9.9317e+00  2.3143e+01  1.0000e+00
-5.6412e-01  1.1016e+00  4.6981e-01 -6.6628e+00  8.5923e+00  1.3056e+00  1.0951e+01  1.0000e+00
-3.9808e-01  1.3534e+00  4.9772e-01  1.8857e+01  2.4050e+01 -3.8717e+00  3.0805e+01  1.0000e+00
-1.9443e+01 -9.3669e+00 -9.9403e+00 -2.0668e+01 -9.4309e+00 -1.0533e+01  2.5041e+01  1.0000e+00
-2.9353e-02  1.2211e+00  1.5426e-01 -8.7851e+00  8.9788e+00  3.3628e+00  1.3004e+01  1.0000e+00
-1.2171e-01  2.0267e+00  1.5030e+00 -5.8299e+00 -1.1518e+00  1.0462e+01  1.2032e+01  1.0000e+00
-8.6447e-01  1.5482e+00  1.1575e-01 -1.5149e+00  2.7780e+00  3.7439e+00  4.9019e+00  1.0000e+00
-6.4969e-01  1.4629e+00  4.9016e-01  1.2929e+01  3.1281e+00 -6.0653e+00  1.4620e+01  1.0000e+00
 3.5848e+00 -2.7683e+00 -4.1708e+00  1.7188e+00  8.7216e-01 -1.7112e+00  2.5775e+00  1.0000e+00
-3.6944e-02  1.4738e+00  3.0880e-01  1.8714e+01 -9.0978e+00  6.1833e+00  2.1707e+01  1.0000e+00
 2.0860e-01  1.5622e+00  3.9641e-01  8.3087e+00 -1.0324e+01 -1.3914e-01  1.3253e+01  1.0000e+00
 1.3222e+01 -1.6152e+01 -1.9429e+01  1.4062e+01 -1.7614e+01 -2.0487e+01  3.0458e+01  1.0000e+00
 1.1265e+01  5.2793e+00 -5.7422e+00  2.1874e+01  8.6469e+00 -1.0072e+01  2.5587e+01  1.0000e+00
 2.9393e-01  2.0170e+00  1.3589e+00 -2.3002e+00  1.0835e+01  2.6092e+00  1.1380e+01  1.0000e+00
-3.8802e-01  1.5118e+00  4.6185e-01 -2.2325e+00  1.4880e+01 -2.0431e+01  2.5373e+01  1.0000e+00
 4.9949e-01  1.8400e+00 -5.7117e-01  1.5195e+00  1.1748e+01  4.4553e+00  1.2656e+01  1.0000e+00
 1.9804e+01 -9.7645e+00 -1.3016e+01  3.0595e+01 -1.5808e+01 -2.0110e+01  3.9879e+01  1.0000e+00
 5.0603e-02  1.4550e+00  6.5712e-01  1.0993e-01  1.7126e+00  8.8237e+00  8.9891e+00  1.0000e+00
-9.3311e-01  1.8720e+00  5.0298e-02  4.2374e+00 -9.3852e-01  2.7050e-01  4.3485e+00  1.0000e+00
-4.7930e+01  1.1538e+01  2.3616e+01 -6.0098e+01  1.4427e+01  2.9663e+01  6.8555e+01  1.0000e+00
-2.5609e-01  1.4448e+00  4.0206e-01 -1.0640e+01 -6.8122e+00 -1.6954e+01  2.1144e+01  1.0000e+00
 1.7235e+01  1.2514e+01 -1.2651e+00  1.7448e+01  1.3162e+01 -9.2096e-01  2.1875e+01  1.0000e+00
-8.0579e-01  1.3550e+00  8.1204e-01  7.9898e+00 -1.9443e+00 -1.1244e+00  8.2995e+00  1.0000e+00
-2.5479e-01  1.9069e+00  5.4606e-01 -5.3771e+00 -1.6805e+00 -9.3826e-01  5.7111e+00  1.0000e+00
-2.8169e-01  1.2436e+00  4.4061e-01 -6.6711e+00  8.6199e+00 -5.1091e+00  1.2038e+01  1.0000e+00
 3.4511e+00  1.5277e+01 -8.6491e-01  3.6844e+00  1.4096e+01 -1.3128e+00  1.4628e+01  1.0000e+00
-3.5737e+02  4.4392e+02 -2.9729e+02 -3.7964e+02  4.7214e+02 -3.1702e+02  6.8377e+02  1.0000e+00
 2.3014e-01  1.7128e+00  7.9319e-01  1.3363e+01  7.6549e+00  1.7420e+01  2.3251e+01  1.0000e+00
-7.0468e-01  3.3054e+00  6.7309e-01  4.1016e+00 -9.5825e-01  2.3921e+00  4.8439e+00  1.0000e+00
-1.0137e+00  3.5789e+00  1.4056e-01  1.3752e+00 -5.3090e+00  1.7912e+00  5.7693e+00  1.0000e+00
-2.8781e-01  1.5114e+00  3.7145e-01 -2.1828e+01  7.7109e+00 -1.0327e+01  2.5349e+01  1.0000e+00
-7.9886e-01  1.9952e+00  1.0701e+00  4.7346e+00  5.3745e+00 -4.8476e+00  8.6487e+00  1.0000e+00
 1.2701e+01 -1.8471e+01 -1.7688e+01  1.3990e+01 -2.1607e+01 -1.5994e+01  3.0305e+01  1.0000e+00
-1.2608e+00  2.0579e+00 -1.2276e-01 -1.0308e+01  8.2152e+00 -6.2919e+00  1.4606e+01  1.0000e+00
-1.9318e-01  1.5677e+00 -1.6020e+00 -3.7444e+00  1.8018e+00 -9.3419e+00  1.0224e+01  1.0000e+00
-3.7330e-01  1.7325e+00  3.3524e-01  5.8127e+00  1.9103e+01  9.9652e+00  2.2317e+01  1.0000e+00
-2.7959e+01  1.8360e+00  2.4030e+01 -3.0498e+01  2.2585e+00  2.6375e+01  4.0384e+01  1.0000e+00
-3.3208e-01  1.3979e+00  4.2917e-01 -1.4349e+01 -6.8555e+00  1.1192e+01  1.9446e+01  1.0000e+00
-5.2153e-01  1.5400e+00  2.2465e-01 -2.9871e+00  4.8520e-01  3.0009e+00  4.2619e+00  1.0000e+00
-1.8934e+01  1.7325e+01 -3.0552e+01 -2.0700e+01  1.9122e+01 -3.3435e+01  4.3727e+01  1.0000e+00
 3.2036e+01 -2.1818e+01  8.8790e+00  3.5056e+01 -2.3771e+01  9.7673e+00  4.3467e+01  1.0000e+00
 1.6719e+01 -1.0268e+01  1.8906e+01  1.7617e+01 -1.0820e+01  2.0257e+01  2.8944e+01  1.0000e+00
-1.0929e+00  1.3953e+00  4.4264e-01 -5.2952e+00  9.5231e+00 -1.3504e+01  1.7352e+01  1.0000e+00
-3.8202e-01  1.4917e+00  4.6191e-01 -7.3743e+00  1.0918e+00  1.8140e+01  1.9612e+01  1.0000e+00
-3.2736e-01  1.3410e+00  2.1410e-01  8.0606e-01  1.0510e+01  1.4153e+01  1.7647e+01  1.0000e+00
-1.1651e+01  1.5475e+00  3.6343e+00 -9.8073e+00  9.4080e-01  2.7033e+00  1.0217e+01  1.0000e+00
-2.4687e-02  1.5045e+00  4.8724e-01  1.6252e+01  4.8128e+00  5.9874e+00  1.7976e+01  1.0000e+00
-1.4268e-01  1.4865e+00  5.9145e-01  2.7364e+00 -1.0986e+01  4.7023e+00  1.2260e+01  1.0000e+00
-5.6392e-02  1.4529e+00  3.0604e-01 -6.6056e+00  1.8097e+01 -6.1846e+00  2.0233e+01  1.0000e+00
 1.4479e-01  1.3070e+00  1.2411e-02  9.5144e+00  2.3144e+00 -1.9963e+00  9.9932e+00  1.0000e+00
-1.1736e+01  1.2026e+01 -9.7943e+00 -1.1643e+01  1.2912e+01 -9.6671e+00  1.9893e+01  1.0000e+00
-1.2996e+00  1.8807e+00  4.1614e-02 -4.1881e+00 -5.0980e+00 -4.4943e+00  7.9830e+00  1.0000e+00
-9.5559e+00  6.0454e+00 -2.3217e+01 -1.0194e+01  6.4022e+00 -2.4490e+01  2.7289e+01  1.0000e+00
-3.9762e+00  1.3592e+01  5.1703e+00 -5.1822e+00  1.2255e+01  3.7856e+00  1.3834e+01  1.0000e+00
-3.0410e+01 -6.5372e+00 -8.1650e+00 -3.3261e+01 -6.8843e+00 -8.3512e+00  3.4977e+01  1.0000e+00
 2.2022e-01  5.1762e-01  1.3564e+00  3.9465e+00  1.7590e+00  1.8068e+00  4.6833e+00  1.0000e+00
-1.9688e-01  4.3903e-01 -2.2804e+00 -4.0075e-01  3.6325e+00  6.7993e+00  7.7192e+00  1.0000e+00
-4.1983e-01  1.4723e+00  4.7549e-01  1.7549e+01 -6.7559e+00  2.0481e-01  1.8806e+01  1.0000e+00
 2.5520e+00  1.3680e+00 -8.9484e-01  4.7199e+00 -2.6064e-01  2.7114e+00  5.4495e+00  1.0000e+00
-9.5652e-02  1.8355e+00  4.1323e-01 -1.2132e+01  9.5922e+00 -1.6410e+01  2.2550e+01  1.0000e+00
 1.0887e-01  1.4947e+00  3.2295e-01 -1.0225e+01  7.4330e-01 -1.4517e+00  1.0354e+01  1.0000e+00
 4.2226e-01  3.2969e+00  1.8350e+00 -2.4884e-01  1.9702e+00 -7.5756e-02  1.9873e+00  1.0000e+00
 1.7273e+00  2.3590e-01 -1.2110e+00 -7.1559e+00  6.6223e+00 -1.1928e+00  9.8226e+00  1.0000e+00
 2.5169e+00  7.9202e+00 -2.5775e+00  3.3402e+00  9.5260e+00 -4.2261e+00  1.0944e+01  1.0000e+00
-6.2330e-01  2.9540e+00  3.9001e-01 -5.5712e+00  2.1060e+00  3.7977e-01  5.9681e+00  1.0000e+00
-3.8886e+01  4.2219e+01 -2.5621e+01 -4.1903e+01  4.4145e+01 -2.6607e+01  6.6427e+01  1.0000e+00
-4.3997e-01  1.2777e+00  1.1379e+00 -2.0812e+00  5.1504e-01  6.6710e+00  7.0070e+00  1.0000e+00
 4.6273e-01 -1.2410e-01  6.3368e-01  8.6055e+00  5.8623e-01 -1.5160e+00  8.7577e+00  1.0000e+00
-1.2946e+01 -6.3035e+00 -1.2678e+01 -1.9529e+01 -1.0582e+01 -1.9882e+01  2.9810e+01  1.0000e+00
-4.8381e-01  1.0123e+00 -1.2907e-01 -1.4410e+00 -6.2959e+00 -3.3218e+00  7.2628e+00  1.0000e+00
-6.3701e-01 -2.0836e+01 -1.1568e+01 -5.8940e-01 -2.1740e+01 -1.2410e+01  2.5039e+01  1.0000e+00
-7.5925e-01  1.5075e+00  5.4424e-01 -6.3801e+00 -5.0206e+00 -1.6660e+01  1.8533e+01  1.0000e+00
 1.2665e+01 -1.8516e+01 -1.7680e+01  1.3319e+01 -1.7700e+01 -2.1748e+01  3.1043e+01  1.0000e+00
-6.7649e-01  1.2783e+00  2.5354e-01  1.6440e+01  4.5457e+00 -5.9011e+00  1.8049e+01  1.0000e+00
-4.4190e+01  1.1250e+01 -2.3208e+01 -9.0973e+01  2.1555e+01 -4.8357e+01  1.0526e+02  1.0000e+00
 1.7563e+00  1.2457e+01  4.8221e+00  2.3428e+00  1.0968e+01  3.6288e+00  1.1788e+01  1.0000e+00
 6.3807e+00 -1.2790e+01  2.0290e+01  6.9973e+00 -1.3392e+01  2.1612e+01  2.6370e+01  1.0000e+00
-1.3305e+00  4.5187e-01 -1.1451e-01 -1.8127e+01 -2.3365e+01 -1.0461e+01  3.1368e+01  1.0000e+00
-2.6508e+01  1.5058e+01 -6.0803e+00 -4.2264e+01  2.3312e+01 -9.8987e+00  4.9272e+01  1.0000e+00
-4.4058e-01  1.6287e+00  4.9629e-01 -1.3983e+01  1.4891e+01  2.2122e+00  2.0546e+01  1.0000e+00
-4.8992e-01  1.3547e+00  6.7818e-02 -1.5073e+01  5.0629e-02 -4.6032e+00  1.5760e+01  1.0000e+00
-1.4877e+01 -5.0370e+00  8.7793e+00 -1.4810e+01 -5.0592e+00  8.4332e+00  1.7778e+01  1.0000e+00
-4.6571e-01  1.0394e+00  5.6773e-01 -7.0895e+00  6.9115e+00  1.2756e+01  1.6148e+01  1.0000e+00
-3.7399e+00  9.2693e+00  1.3918e+00 -8.9262e+00  1.9978e+01  2.7372e+00  2.2052e+01  1.0000e+00
 2.4351e+01 -3.1152e+01 -2.4971e+00  2.6809e+01 -3.4029e+01 -2.7876e+00  4.3410e+01  1.0000e+00
-7.0512e-01  2.2582e+00  7.3383e-01  6.5752e+00 -1.3184e+01 -4.0106e+00  1.5269e+01  1.0000e+00
 7.9383e-01 -2.4326e+00  1.7284e+00 -1.1470e+00 -7.7904e-01  1.4594e+00  2.0130e+00  1.0000e+00
 5.5335e-02  2.0419e+00 -9.8718e-03 -8.9336e+00  3.1454e+00 -6.8487e+00  1.1688e+01  1.0000e+00
 7.0807e-01  1.5235e+00  9.2849e-01 -9.7412e+00  8.6687e+00 -1.9720e+00  1.3188e+01  1.0000e+00
-1.8530e+00  2.6413e+00 -2.7915e+00 -2.8351e+00  3.1135e+00 -7.2076e+00  8.3475e+00  1.0000e+00
-2.9830e-01  1.8407e+00  1.0463e-01  1.4193e+01 -5.6228e-01  2.5780e+00  1.4436e+01  1.0000e+00
-3.3244e-01  1.8039e+00  1.6269e-01  1.8703e+01 -9.2992e-01  1.8526e+01  2.6342e+01  1.0000e+00
-6.9013e+00 -1.9992e+00 -1.2596e+00 -4.5133e+00 -1.4971e-01 -2.5595e-01  4.5231e+00  1.0000e+00
-3.2048e-01  1.4358e+00  4.1846e-01 -1.8638e+00  4.0822e+00  1.5048e+01  1.5703e+01  1.0000e+00
-2.3080e-01  1.9136e+00  3.9530e-01  2.1965e+00  8.3736e+00  4.8030e+00  9.9000e+00  1.0000e+00
-8.4896e-01  1.5035e+00  4.8221e-01  1.0173e+01 -7.0838e-01  6.3619e+00  1.2020e+01  1.0000e+00
-6.0794e-01  1.4005e+00  2.7912e-01  6.9966e+00 -1.4995e+01  3.7979e+00  1.6977e+01  1.0000e+00
 8.4442e-02  2.0195e+00  2.8282e-01 -5.6832e+00 -1.2849e+00 -1.1151e+01  1.2582e+01  1.0000e+00
-4.8150e-02  1.4257e+00  3.6944e-01 -1.9602e+01 -1.1625e+01 -1.7410e+01  2.8679e+01  1.0000e+00
 7.9219e+00 -1.7986e+01 -4.8018e+00  2.1694e+01 -5.0300e+01 -1.3216e+01  5.6350e+01  1.0000e+00
-1.4795e+00  1.7917e+00  3.0369e-01 -8.0270e+00  5.8323e+00  3.2641e+00  1.0445e+01  1.0000e+00
-5.4793e+01  4.4186e+01  2.0635e+01 -8.1274e+01  6.5132e+01  3.0714e+01  1.0859e+02  1.0000e+00
-2.3507e-01  1.3669e+00  7.2713e-01  1.6397e+01 -1.7238e+00 -2.0429e+01  2.6252e+01  1.0000e+00
-1.3679e-01  1.8457e+00  8.4412e-01 -8.6199e+00  1.4838e+01  1.1253e+01  2.0521e+01  1.0000e+00
-1.7763e+02  5.7831e+00  1.5964e+02 -2.4181e+02  7.3671e+00  2.1773e+02  3.2547e+02  1.0000e+00
-3.2581e-01  1.1248e+00  8.8163e-01 -8.2703e+00  6.8810e+00  6.7733e+00  1.2713e+01  1.0000e+00
 3.7326e-01  1.8677e+00  7.9880e-01  1.3254e+01  6.3537e+00  2.4433e+00  1.4900e+01  1.0000e+00
-1.7227e-02  1.4564e+00  3.5980e-01  7.6421e+00  2.1443e+00  1.5738e+01  1.7627e+01  1.0000e+00
-4.4302e+00  6.4957e+00  1.6886e+01 -4.1949e+00  5.9042e+00  1.5719e+01  1.7307e+01  1.0000e+00
 6.1036e+00  2.9772e+00  1.8050e+00  8.6829e-01  2.2539e+00  1.1884e+00  2.6919e+00  1.0000e+00
 1.3012e+01 -7.6621e+00 -1.1090e+01  1.3075e+01 -7.9769e+00 -1.0967e+01  1.8838e+01  1.0000e+00
 8.0307e-01  1.8680e+00 -2.4275e-01  1.7281e+00  4.0952e-01  5.9844e+00  6.2424e+00  1.0000e+00
 1.9315e+01 -1.9600e+01 -2.8923e+01  2.1266e+01 -2.1420e+01 -3.1454e+01  4.3593e+01  1.0000e+00
-3.7412e-01  1.1808e+00 -3.3666e-02 -4.7577e+00 -6.3555e-01  2.8220e-01  4.8083e+00  1.0000e+00
-1.2990e-01  1.9933e+00  6.5637e-01 -3.8472e+00  4.2266e+00 -6.2493e+00  8.4687e+00  1.0000e+00
-5.3664e-01  1.5291e+00  2.3100e-01 -1.0968e+01 -1.0867e+01 -1.1807e+01  1.9437e+01  1.0000e+00
-1.5277e+01 -2.4600e+01 -2.3072e+01 -2.4911e+01 -4.1511e+01 -3.8281e+01  6.1718e+01  1.0000e+00
 5.2785e-01  1.5037e+00  8.7087e-01  4.4791e+00  5.1610e+00 -2.3119e+00  7.2141e+00  1.0000e+00
 2.1302e-01  1.8629e+00  4.4537e-01 -1.2449e+01 -7.9311e+00  8.4505e+00  1.7009e+01  1.0000e+00
-1.0948e+00  1.4798e+00  6.5357e-01 -1.1904e+01 -2.3736e+00 -3.6970e+00  1.2688e+01  1.0000e+00
 1.7680e-01  2.0493e+00  1.6109e+00  1.3781e+00  1.1282e+00  4.8447e+00  5.1617e+00  1.0000e+00
 5.1452e-01  1.3887e+00  2.2968e-01 -2.2725e+00  1.0875e+01 -9.8783e+00  1.4867e+01  1.0000e+00
-1.0180e+00  2.5610e+00  1.7809e+00  3.7953e+00 -2.4933e+00 -8.1397e+00  9.3207e+00  1.0000e+00
-4.6345e+00  7.2859e+00  2.0426e+01 -4.4119e+00  7.7549e+00  2.0942e+01  2.2764e+01  1.0000e+00
-8.9133e-01  9.2906e-01  8.4350e-02  2.8190e+00  3.4227e-01  1.7627e+01  1.7854e+01  1.0000e+00
-3.8758e-01  1.9865e+00  6.9251e-01 -8.5266e+00  8.4275e+00 -2.7874e+00  1.2308e+01  1.0000e+00
-3.3644e-01  1.4424e+00  3.6027e-01 -6.5737e+00  2.2574e+00 -8.8095e+00  1.1221e+01  1.0000e+00
 4.9565e-01  1.4953e+00  4.3110e-01  6.6039e+00 -4.0552e+00 -5.3621e+00  9.4238e+00  1.0000e+00
 1.4553e+01 -3.6638e+01  6.5215e+01  1.5600e+01 -3.9382e+01  7.0865e+01  8.2560e+01  1.0000e+00
 2.8026e+01  5.3278e+00  2.6489e+01  3.0589e+01  5.7612e+00  2.9099e+01  4.2611e+01  1.0000e+00
-3.2296e+00  1.0231e+00 -1.6439e+00  1.3247e+00 -8.9163e-01 -2.8009e+00  3.2241e+00  1.0000e+00
-2.0830e-01  1.9331e+00 -3.6130e-01  1.3941e+00  5.2423e+00 -7.6899e+00  9.4107e+00  1.0000e+00
-3.8162e-01  1.6600e+00 -2.1935e-02 -8.4143e+00 -1.0166e+01 -3.8250e+00  1.3739e+01  1.0000e+00
-7.3791e+00  4.9071e+00  2.9197e+01 -7.9573e+00  5.5182e+00  3.1460e+01  3.2917e+01  1.0000e+00
-1.9117e+01 -3.2647e+00 -1.8049e+01 -2.0240e+01 -2.4763e+00 -1.8697e+01  2.7665e+01  1.0000e+00
-3.4442e+00  8.3736e-01  1.8510e+00 -6.6311e+00 -1.5156e+00  2.5669e+00  7.2703e+00  1.0000e+00
-1.0599e+01 -1.8429e+01 -1.3591e+00 -1.1963e+01 -2.1765e+01 -1.2708e+00  2.4868e+01  1.0000e+00
 4.3749e-03  3.5670e+00  2.1453e-01 -3.2532e+00  1.0797e+01 -2.4664e-02  1.1277e+01  1.0000e+00
-7.3380e-01  1.5787e+00  4.0555e-01  1.8752e+00  1.0588e+01  4.7668e-01  1.0763e+01  1.0000e+00
-1.2210e+00  8.4858e-01  3.9822e-01  1.2190e+01  1.3366e+01  2.2103e+00  1.8224e+01  1.0000e+00
-4.7820e-01  1.7508e+00  1.7806e-01  7.3307e-01  4.3139e+00 -6.2625e+00  7.6398e+00  1.0000e+00
-3.4155e-01  1.4534e+00  4.0238e-01  6.6826e+00  4.7904e+00 -2.7840e+01  2.9028e+01  1.0000e+00
-1.0004e+01  3.1668e+01 -4.0562e+00 -1.0748e+01  3.4278e+01 -4.3202e+00  3.6183e+01  1.0000e+00
 3.9327e+00  2.5885e+00  5.1629e+00 -2.2377e-01  3.6979e+00  2.8186e+00  4.6550e+00  1.0000e+00
-1.7540e+01 -1.1984e-01 -4.5869e+00 -1.7397e+01  4.2296e-01 -4.6607e+00  1.8015e+01  1.0000e+00
 2.0036e+00  2.1032e+00 -2.5732e+00  2.6692e-01  7.5337e-01  3.3830e+00  3.4762e+00  1.0000e+00
-1.4077e+01 -5.1650e+00  9.7065e+00 -1.4062e+01 -4.3244e+00  9.4373e+00  1.7478e+01  1.0000e+00
-3.6741e-01  2.4194e+00  5.9905e-01 -2.9231e+00  1.2319e+01  4.8354e+00  1.3553e+01  1.0000e+00
 3.7224e+01  1.3525e+01  3.0930e+00  4.0615e+01  1.4926e+01  3.3203e+00  4.3398e+01  1.0000e+00
 1.3282e+01  1.8366e+01  2.5969e+00  1.3974e+01  1.9000e+01  3.0583e+00  2.3783e+01  1.0000e+00
-2.9165e+01 -1.7469e+01 -1.0753e+01 -3.2744e+01 -1.9705e+01 -1.2561e+01  4.0228e+01  1.0000e+00
 2.8069e+00  3.0476e+00 -2.1924e+00  4.2635e+00 -1.3867e-02 -5.1994e+00  6.7239e+00  1.0000e+00
-2.8420e+01 -6.1241e-01 -7.4580e+00 -3.0611e+01 -4.6466e-01 -8.0793e+00  3.1663e+01  1.0000e+00
 3.4475e-01  1.4777e+00  9.0380e-01 -4.2594e-01  3.0637e+00  1.8222e+00  3.5900e+00  1.0000e+00
-4.4695e-01  1.2924e+00  8.8485e-02  3.5099e+00 -9.0849e+00 -7.4608e+00  1.2269e+01  1.0000e+00
-5.6198e+00  2.2944e+01 -8.8141e+00 -5.4379e+00  2.4581e+01 -9.5076e+00  2.6911e+01  1.0000e+00
 3.7266e+01  3.0409e+01 -2.3357e+01  4.7154e+01  3.8151e+01 -2.9439e+01  6.7421e+01  1.0000e+00
-6.8953e-01  1.2319e+00  1.1274e+00  3.1018e+00  8.1270e+00  8.8489e+00  1.2409e+01  1.0000e+00
-9.0166e-02  9.0890e-01  1.9784e+00  2.4129e-02 -7.2699e+00  1.3833e+01  1.5627e+01  1.0000e+00
-5.9291e-01  1.2027e+00  8.1856e-01 -6.9481e+00 -7.5868e+00 -1.0258e+01  1.4528e+01  1.0000e+00
 4.3685e+00 -2.9377e+00  9.9184e-01  1.3504e+00  1.0891e+00  3.9781e+00  4.3400e+00  1.0000e+00
 2.8672e+00 -1.0604e+00  7.2067e-01  2.4404e-01  3.7063e+00 -6.5555e-01  3.7718e+00  1.0000e+00
-1.0905e+00  1.4242e+00  1.3605e+00 -2.7136e+00  6.7330e+00  4.1581e-01  7.2711e+00  1.0000e+00
-2.2337e+01 -1.1274e+01 -3.9301e+01 -2.4795e+01 -1.2594e+01 -4.3824e+01  5.1903e+01  1.0000e+00
-3.9722e+01 -1.3145e+01 -1.3493e+00 -4.3681e+01 -1.4194e+01 -1.5552e+00  4.5955e+01  1.0000e+00
 4.2123e+00 -2.7475e+00 -4.4148e+00  2.9552e+00 -2.7358e-02 -5.5723e-01  3.0074e+00  1.0000e+00
 4.0077e+01  7.0073e+00 -4.2067e+00  4.3879e+01  7.9075e+00 -4.6896e+00  4.4832e+01  1.0000e+00
-6.4947e-01  1.3088e+00  4.3298e-01  1.0523e+01  1.0159e+01  7.2831e+00  1.6339e+01  1.0000e+00
 3.0403e-01  2.4553e+00  2.7224e+00  1.0114e+01  1.1371e+01  2.2275e+01  2.6977e+01  1.0000e+00
-5.0302e-01  1.5477e+00  4.9978e-01 -1.9035e+01  3.3930e+00 -5.8105e+00  2.0190e+01  1.0000e+00
-5.2970e+00  2.2683e+00 -4.9888e-02 -8.8445e+00  2.6035e+00  5.0737e-01  9.2337e+00  1.0000e+00
-1.5143e+00  1.4597e+00  4.2661e-01 -6.9193e+00  6.3930e+00 -2.5411e+00  9.7573e+00  1.0000e+00
 6.4446e-02  1.7147e+00 -1.8437e-02  9.0883e+00  4.6989e+00  5.9447e+00  1.1833e+01  1.0000e+00
 1.1322e-01  9.2363e-01  5.4896e-01 -1.6477e+01 -4.0694e+00  6.5834e-01  1.6984e+01  1.0000e+00
-1.5623e+01  1.3280e+01 -2.3895e+00 -1.5882e+01  1.3411e+01 -2.1853e+00  2.0902e+01  1.0000e+00
-1.1302e+00  1.5779e+00  8.5164e-01  9.6682e+00  1.3436e-01  7.0133e+00  1.1945e+01  1.0000e+00
-1.5545e+01 -4.6508e+00 -2.4433e-01 -1.4863e+01 -4.4141e+00 -4.2338e-01  1.5510e+01  1.0000e+00
 2.9224e-01  1.2388e+00  6.6923e-01  1.0639e+01  3.1581e+00 -4.7752e+00  1.2081e+01  1.0000e+00
 3.1136e+00  3.3361e+00 -1.0641e+00  1.5626e+01  1.0757e+01 -6.9139e+00  2.0191e+01  1.0000e+00
-2.0029e-01  1.6948e+00  4.7966e-01  9.1886e-01 -1.0465e+01  1.6715e+01  1.9742e+01  1.0000e+00
-2.0808e-01  1.1439e+00  7.3957e-01  1.2915e+01 -1.6477e+01 -7.8678e-01  2.0950e+01  1.0000e+00
 1.2801e+01 -3.1486e+01 -1.5194e+01  1.4002e+01 -3.4208e+01 -1.6547e+01  4.0498e+01  1.0000e+00
-2.8739e+01 -5.0361e+00  2.5872e+01 -3.1474e+01 -5.2552e+00  2.8321e+01  4.2665e+01  1.0000e+00
 8.2037e-02  1.0440e+00  6.6712e-01  5.5103e+00 -1.0627e+00  8.9081e+00  1.0528e+01  1.0000e+00
-2.7038e+00 -3.7836e-01 -3.3229e+00  1.4311e-01  3.0014e+00  2.6746e+00  4.0227e+00  1.0000e+00
-2.2769e-01  1.3308e+00  3.4338e-01  8.0029e+00 -2.1843e+01 -5.4254e+00  2.3887e+01  1.0000e+00
-3.4441e-01  1.2540e+00  3.6977e-01 -7.9692e+00  2.1176e+01  2.6714e+00  2.2783e+01  1.0000e+00
-2.3400e+00 -2.5492e+01 -1.8053e+01 -1.7977e+00 -2.7723e+01 -1.9818e+01  3.4125e+01  1.0000e+00
-3.5146e+00  6.1110e+00 -4.0214e+00 -1.7199e+00  3.2748e+00 -3.7021e-01  3.7174e+00  1.0000e+00
-1.2383e+00  1.2563e+00 -5.4496e-02 -8.1900e+00  3.5919e+00  5.6365e+00  1.0571e+01  1.0000e+00
-7.0907e-01  1.9349e+00  4.5817e-01  5.7703e+00 -5.0488e+00  4.2057e+00  8.7450e+00  1.0000e+00
 1.6047e+00  1.1408e+00 -2.1848e-01  7.2121e+00 -2.0931e+00 -1.0027e+00  7.5763e+00  1.0000e+00
-5.3410e+00  2.3078e+01 -9.5107e+00 -5.9060e+00  2.3900e+01 -9.2590e+00  2.6302e+01  1.0000e+00
-4.3288e-01  1.3671e+00 -3.8097e-02 -5.2612e+00  8.1904e+00  8.8836e+00  1.3179e+01  1.0000e+00
 1.0967e+00  4.5111e+00  2.7999e+01  1.8330e+00  5.0845e+00  2.8172e+01  2.8686e+01  1.0000e+00
 3.5505e-01  5.4563e+00 -3.3222e+00  2.0213e-01  3.5367e+00 -2.4551e+00  4.3101e+00  1.0000e+00
-3.7642e-01  1.1190e+00  8.6803e-01 -4.5284e-01 -3.7764e+00 -2.8401e+00  4.7468e+00  1.0000e+00
-2.6324e-01  1.1659e+00  6.3749e-01 -8.1209e+00  2.2157e+01 -2.1931e+00  2.3700e+01  1.0000e+00
-1.5978e-01  1.4463e+00  7.5946e-01  4.3286e+00 -1.2093e+00 -6.7622e+00  8.1195e+00  1.0000e+00
 8.6838e+00  1.7756e+01  9.4149e+00  9.0853e+00  1.8422e+01  9.5345e+00  2.2646e+01  1.0000e+00
-9.8431e-02  1.2330e+00  1.3937e-01  1.6163e+01  6.7234e+00 -4.5071e+00  1.8077e+01  1.0000e+00
-1.4098e+00  1.8935e+00  1.3814e-01 -1.9566e+01  3.4592e+00 -3.4986e+00  2.0176e+01  1.0000e+00
-4.1121e-01  1.3625e+00  3.1241e-01  1.2735e+01  5.1914e+00 -1.7702e+01  2.2416e+01  1.0000e+00
-9.6317e-01  1.3226e+00 -2.1115e-01 -1.0817e+01  1.2382e+01 -7.3223e+00  1.7999e+01  1.0000e+00
-2.8736e-01  1.7201e+00  7.0013e-01 -2.1546e+01 -3.4896e-01  7.8462e+00  2.2933e+01  1.0000e+00
-5.8976e-01  1.8804e+00  7.2388e-02  8.2679e+00  3.6480e+00 -1.8884e+00  9.2321e+00  1.0000e+00
 1.3518e+01 -9.8035e+00 -1.5660e+00  1.3278e+01 -9.4206e+00 -1.3163e+00  1.6334e+01  1.0000e+00
-6.9219e-01  1.6915e+00  3.6271e-01  6.7755e+00  1.9299e+01  4.6740e+00  2.0981e+01  1.0000e+00
 2.4787e+01 -4.7403e+01  3.0367e+01  2.5208e+01 -5.0301e+01  3.2422e+01  6.4937e+01  1.0000e+00
-3.6856e-01  2.8645e+00 -1.9783e+00 -1.4870e-01 -3.8970e+00 -4.3135e+00  5.8150e+00  1.0000e+00
 2.5946e+00 -1.3357e+01 -3.8219e+01  2.7435e+00 -1.4556e+01 -4.1806e+01  4.4352e+01  1.0000e+00
-1.0432e+01 -1.4947e+01 -2.5732e+01 -1.1654e+01 -1.6120e+01 -2.7829e+01  3.4207e+01  1.0000e+00
-1.7607e+00 -2.7295e+01  2.9466e+00 -1.7147e+00 -2.9290e+01  3.1494e+00  2.9509e+01  1.0000e+00
-3.8374e+01 -1.9300e+01 -1.0003e+01 -4.2342e+01 -2.1063e+01 -1.0973e+01  4.8548e+01  1.0000e+00
-5.8202e-01  1.5162e+00  6.2249e-01 -1.4340e+01 -7.0498e+00 -1.3843e+01  2.1142e+01  1.0000e+00
-3.0576e+01 -7.5063e+00 -5.7563e+00 -3.3221e+01 -8.1008e+00 -6.2871e+00  3.4767e+01  1.0000e+00
-9.4042e-01  1.8011e+00 -4.6124e-01 -8.1653e+00  6.8068e+00 -2.4161e+00  1.0902e+01  1.0000e+00
-3.2658e-01  1.8748e+00 -2.7196e-01 -3.2922e-01 -1.2004e+00 -3.2371e-01  1.2861e+00  1.0000e+00
-4.7243e+00  3.2492e-01 -1.5069e+01 -4.8298e+00  8.0941e-01 -1.6038e+01  1.6769e+01  1.0000e+00
-8.2635e-01  1.4762e+00  5.9444e-01  1.8227e+01 -6.2729e-01  1.7512e+00  1.8322e+01  1.0000e+00
-3.6175e-01  1.6566e+00  6.3700e-01  5.7930e+00  2.5268e+00 -4.0957e-01  6.3334e+00  1.0000e+00
