# limit = 32.477
#
# x           y           z           vx          vy          vz          s           m
 7.5339e-01  2.7265e+00 -2.1260e+00  1.8399e+00 -1.1764e-01 -6.5276e+00  6.7830e+00  1.0000e+00
-7.7393e-01  1.3506e+00  7.6284e-01 -4.1970e+00  6.0749e+00  1.8453e+01  1.9876e+01  1.0000e+00
 3.1680e+01  1.5833e+00  6.1988e+00  3.3878e+01  2.1437e+00  6.6117e+00  3.4583e+01  1.0000e+00
-8.7938e-01  1.5286e+00 -5.6935e-02 -8.0818e+00 -2.7704e+00 -6.8264e+00  1.0936e+01  1.0000e+00
-2.6954e+01  1.0120e+01  1.6093e+01 -2.9169e+01  1.0807e+01  1.7208e+01  3.5549e+01  1.0000e+00
 1.1813e+01 -3.5484e+00  3.3383e+01  1.2998e+01 -3.5111e+00  3.6120e+01  3.8548e+01  1.0000e+00
 1.6029e+00 -2.7101e+01 -1.8677e+01  1.3313e+00 -2.9116e+01 -1.9899e+01  3.5292e+01  1.0000e+00
-3.6735e-01  1.6388e+00  5.1938e-01  1.2470e+01 -9.1908e+00  7.6875e+00  1.7294e+01  1.0000e+00
-4.2470e+01  3.1020e+01  9.6406e+01 -4.5547e+01  3.3390e+01  1.0464e+02  1.1890e+02  1.0000e+00
 7.7296e+01 -4.1572e+01  2.0299e+00  1.1448e+02 -6.2004e+01  3.0410e+00  1.3022e+02  1.0000e+00
 2.6375e+00  4.5477e+00  2.5654e+00 -2.1903e+00  2.3570e-01 -8.8904e-01  2.3756e+00  1.0000e+00
-2.6238e-01  1.1556e+00  6.6267e-01  6.5353e+00  3.6801e+00  4.2888e-01  7.5125e+00  1.0000e+00
-2.0208e-01  2.3638e+00  1.0265e+00  3.0852e+00 -1.4813e+01 -3.6139e+00  1.5556e+01  1.0000e+00
 6.6832e+00  2.2880e+00 -6.1519e-01  2.9479e+00  2.5639e+00  7.9973e-01  3.9879e+00  1.0000e+00
 1.6720e+00 -8.6482e-01  2.5788e-01 -2.7931e+00  4.8258e+00 -1.0185e+00  5.6681e+00  1.0000e+00
-1.0216e+01 -1.7324e+00 -7.6583e+00 -9.4063e+00 -9.8827e-01 -6.6490e+00  1.1561e+01  1.0000e+00
 1.9436e+01 -2.0342e+01 -2.3355e+01  2.0948e+01 -2.2002e+01 -2.5408e+01  3.9604e+01  1.0000e+00
-5.0655e-01  2.2442e+00  4.2986e-01 -3.4927e+00 -9.4760e+00  2.4326e+00  1.0388e+01  1.0000e+00
-1.2629e-01  1.1068e+00  7.5690e-01  3.0570e-01  1.7402e+01 -9.9615e-01  1.7433e+01  1.0000e+00
 6.7620e+01  5.4746e+01 -2.3635e+01  7.3441e+01  5.8889e+01 -2.5204e+01  9.7451e+01  1.0000e+00
-3.2775e-01  1.4598e+00 -4.7713e-02 -9.1742e+00 -3.9802e+00  5.0498e+00  1.1203e+01  1.0000e+00
-2.5022e-01  1.1459e+00  4.7199e-01 -1.6128e+01 -1.5602e+01 -2.1432e+00  2.2541e+01  1.0000e+00
-5.9797e+00 -7.6817e+00  1.1584e+01 -7.9936e+00 -1.1378e+01  1.5532e+01  2.0847e+01  1.0000e+00
-1.4601e+01  2.7745e+01 -2.7931e+01 -1.5895e+01  3.0432e+01 -3.0407e+01  4.5863e+01  1.0000e+00
-1.0505e+00  3.1195e+01 -1.3784e+01 -1.2385e+00  3.3641e+01 -1.4782e+01  3.6766e+01  1.0000e+00
-7.5031e+00  4.5342e+00 -1.0949e+01 -7.6825e+00  5.2531e+00 -9.5896e+00  1.3363e+01  1.0000e+00
 9.7249e+00 -2.4362e+01  4.5863e+00  9.9705e+00 -2.6109e+01  4.7276e+00  2.8345e+01  1.0000e+00
 6.6696e+01 -1.7483e+01 -6.4350e+01  7.5256e+01 -1.9839e+01 -7.2627e+01  1.0645e+02  1.0000e+00
 1.9273e+00 -3.8283e+01 -5.0486e+01  2.1717e+00 -4.2131e+01 -5.5543e+01  6.9748e+01  1.0000e+00
 2.7613e-02  1.5075e+00  3.0889e-01 -1.3280e+01 -4.9759e+00  1.4778e+01  2.0482e+01  1.0000e+00
-8.6597e-02  1.5926e+00  3.7736e-01 -9.6980e+00  1.1307e+01  4.3431e+00  1.5516e+01  1.0000e+00
-2.6618e-01  1.5619e+00  5.5221e-01  9.4767e+00  1.2499e+01 -1.7470e+01  2.3478e+01  1.0000e+00
-3.6473e-01  1.4492e+00  4.9832e-01 -1.0866e+01  9.8384e+00 -1.9296e+01  2.4233e+01  1.0000e+00
-5.2459e-01  2.0221e+00  3.6711e-01  4.3771e+00  1.5473e+01  1.9351e+00  1.6196e+01  1.0000e+00
-4.8410e-02  1.2354e+00  7.7314e-01 -3.4463e+00  8.8164e+00  1.9276e+01  2.1475e+01  1.0000e+00
-3.0718e-01  1.3404e+00  2.9786e-01 -2.2835e+01 -1.0652e+01 -7.7572e-01  2.5209e+01  1.0000e+00
-2.2199e+00  1.0938e+00  1.4318e+00 -1.1813e+01  3.7271e+00  3.1757e+00  1.2788e+01  1.0000e+00
-2.6230e+01  5.0257e+01 -6.2990e+01 -2.8528e+01  5.4672e+01 -6.7946e+01  9.1758e+01  1.0000e+00
-1.2224e-01  2.1826e+00 -2.3336e-01  6.9309e+00  1.7517e+01 -1.2926e-01  1.8839e+01  1.0000e+00
 1.8585e+01 -4.0653e+00  1.5669e+01  1.9321e+01 -4.0546e+00  1.6383e+01  2.5654e+01  1.0000e+00
 9.3321e+00  8.8230e+00  1.5033e+00  7.6346e+00  7.6650e+00  2.0086e+00  1.1003e+01  1.0000e+00
 2.1291e+00  1.3403e+00 -8.9844e-01 -7.3255e+00  2.3976e+00  8.4559e-01  7.7541e+00  1.0000e+00
-4.0878e-01  1.9718e+00  8.0178e-01 -1.0101e+01 -7.2944e+00  2.1625e+00  1.2646e+01  1.0000e+00
 3.8775e+00 -1.1148e+01  3.6386e+01  4.3056e+00 -1.1963e+01  3.9485e+01  4.1481e+01  1.0000e+00
 3.5365e+01  1.7039e+01  2.8257e+00  3.8678e+01  1.8494e+01  3.1328e+00  4.2987e+01  1.0000e+00
 2.6045e+00 -2.2278e+01  3.7577e+00  3.2346e+00 -2.3407e+01  4.1278e+00  2.3987e+01  1.0000e+00
 4.5706e-01  1.5762e+00 -1.1939e-03 -1.9610e+00  4.4523e+00 -1.4209e+00  5.0683e+00  1.0000e+00
 1.1649e+00  1.1478e+00  9.0084e-01 -1.2733e+01  1.1167e+01  1.3353e+00  1.6989e+01  1.0000e+00
 1.4717e+01 -5.6851e+00  6.8229e+00  1.4056e+01 -5.3113e+00  6.9738e+00  1.6565e+01  1.0000e+00
 5.6372e-02  1.0951e+00  3.7547e-01 -8.1929e-01  4.3161e+00  3.5161e+00  5.6270e+00  1.0000e+00
 8.6689e-01  1.4285e+00  3.0799e-01 -6.1223e+00  3.8418e+00  5.2867e+00  8.9550e+00  1.0000e+00
-3.6364e-01  1.6717e+00  5.5422e-01 -1.5196e+00  1.1148e+01 -3.6306e+00  1.1823e+01  1.0000e+00
-4.0446e+00 -6.2936e+00  6.5338e+00 -2.8870e+00 -4.2029e+00  4.9053e+00  7.0754e+00  1.0000e+00
 1.0513e+00  1.4699e-01 -1.8206e+00  4.9398e+00 -1.4343e+00 -8.0845e+00  9.5822e+00  1.0000e+00
 6.7011e-01  7.4677e+00  7.5863e+00  2.1309e+00  1.2740e+01  1.3623e+01  1.8774e+01  1.0000e+00
-3.4367e-02  1.3391e+00  5.5435e-01 -7.4004e+00  1.5009e+01 -1.2519e+01  2.0899e+01  1.0000e+00
-1.1822e-01  1.5376e+00  5.9574e-01 -1.4383e+00  9.9948e+00 -9.8940e+00  1.4137e+01  1.0000e+00
 1.4473e-01  8.4868e-01  1.3157e+00 -3.6329e+00  6.7086e+00 -1.1678e+00  7.7180e+00  1.0000e+00
-1.8010e-01  1.5393e+00  1.6869e-01  1.3548e+01  1.2993e+01  4.7374e+00  1.9360e+01  1.0000e+00
 8.5979e+00 -4.8554e+00  2.5831e+01  8.9572e+00 -5.3859e+00  2.7549e+01  2.9465e+01  1.0000e+00
 1.9034e-01  1.7790e+00  2.1462e-01  1.1349e+00  1.9076e+00  5.0151e+00  5.4844e+00  1.0000e+00
-5.4782e+00 -9.8133e+00  4.3548e+00 -6.9630e+00 -1.3944e+01  5.6159e+00  1.6567e+01  1.0000e+00
 1.6253e+01  1.6514e+00 -7.8052e+00  1.7775e+01  1.9568e+00 -8.4531e+00  1.9779e+01  1.0000e+00
-5.2736e-01  1.4827e+00  1.2817e-01  3.8231e+00 -8.0463e-01  1.2822e+01  1.3404e+01  1.0000e+00
 1.6286e-01  4.4785e+00  6.5385e-01  1.8467e+00  1.3210e+00  7.8492e-01  2.4023e+00  1.0000e+00
-2.2289e-01  1.7425e+00  3.4406e-02 -1.6875e+01 -2.6590e-01  6.1357e+00  1.7958e+01  1.0000e+00
-7.5235e-01  1.5077e+00  6.0382e-01 -2.6143e+00  1.2806e+00 -1.2551e+01  1.2884e+01  1.0000e+00
 7.0567e-01  1.7913e+00 -6.3605e-01  3.1691e+00  1.3704e+00  5.1795e-01  3.4914e+00  1.0000e+00
-3.0688e-01  1.5232e+00  4.8280e-01 -6.9499e+00  1.5347e+01  6.4049e+00  1.8024e+01  1.0000e+00
-2.2266e-01  4.9914e-01  8.9669e-01 -1.2864e-01  6.7961e+00 -4.5936e-01  6.8128e+00  1.0000e+00
 3.1254e+01  3.3453e+00  5.6631e+00  3.3765e+01  3.2881e+00  6.0622e+00  3.4462e+01  1.0000e+00
-4.0893e-01  1.5335e+00  4.5286e-01  8.3247e+00  8.6881e-01  2.9428e+00  8.8722e+00  1.0000e+00
 1.4457e-01  1.7572e+00  1.0148e-01 -1.9773e+01  5.7549e-01 -3.2996e+00  2.0054e+01  1.0000e+00
-2.4822e-02  1.4533e+00 -3.2786e-01  4.0205e-01  6.7549e+00  1.4285e+01  1.5806e+01  1.0000e+00
-5.6165e-01  1.4607e+00  3.8482e-01  5.4113e+00 -1.0798e+01  7.8452e-01  1.2104e+01  1.0000e+00
-4.4041e-01  1.6861e+00  4.8018e-01 -7.6140e-01 -2.6659e+00  1.3814e+01  1.4090e+01  1.0000e+00
 2.3201e-02  1.7348e+00  4.7456e-01  4.3120e+00  2.8529e+00 -2.0852e+00  5.5750e+00  1.0000e+00
-1.8022e-01  1.2052e+00 -7.1358e-02 -7.2356e-01 -2.7940e-01  5.1959e+00  5.2535e+00  1.0000e+00
 3.7825e+01 -1.7999e+01 -4.3330e+00  4.1388e+01 -1.9432e+01 -4.6665e+00  4.5960e+01  1.0000e+00
-2.1904e+01 -1.3216e+01 -8.3482e+00 -2.3379e+01 -1.3740e+01 -8.7063e+00  2.8481e+01  1.0000e+00
-5.0719e-01  2.1121e+00  3.7247e-01 -1.6150e+00 -9.4048e+00 -2.7206e+00  9.9227e+00  1.0000e+00
 2.5249e+01  5.7575e+00  1.6305e+01  3.2025e+01  6.9077e+00  2.0529e+01  3.8662e+01  1.0000e+00
-2.4794e-01  1.3146e+00  7.6570e-01 -9.5342e+00  8.5426e+00 -2.0044e+01  2.3783e+01  1.0000e+00
 6.7398e+00  6.3079e+00  8.8182e+00  5.2448e+00  5.8128e+00  7.2479e+00  1.0669e+01  1.0000e+00
-7.3756e-01  1.7563e+00  4.7039e-01  1.3411e+01  2.3984e+00 -5.0689e-01  1.3633e+01  1.0000e+00
-8.8291e-01 -2.5610e-01  1.3113e-01 -3.5131e+00 -1.5901e+00 -3.5505e-01  3.8725e+00  1.0000e+00
 1.7494e+00  1.1967e+00  1.0761e+00 -1.0132e+00  1.0882e+00  3.6865e+00  3.9751e+00  1.0000e+00
-1.3551e+00  2.7639e+00  4.1580e-01  9.8678e-01  5.4959e-01  1.3096e+00  1.7294e+00  1.0000e+00
 1.6363e+02  4.1178e+01 -1.5874e+02  2.2218e+02  5.5313e+01 -2.1506e+02  3.1413e+02  1.0000e+00
 1.2507e-02  1.1631e+00  6.5686e-01 -7.2477e+00  1.5876e+01 -5.6238e+00  1.8336e+01  1.0000e+00
-1.6988e+00  3.6855e+00  1.0624e+00 -5.7180e+00  1.0730e+01  3.6936e+00  1.2707e+01  1.0000e+00
-5.6906e-01  1.1568e+00  4.9378e-01  5.3341e+00 -7.0434e+00 -1.3717e+01  1.6317e+01  1.0000e+00
 1.4934e+00  1.3352e+00  1.8789e+00  1.5650e+00  1.2472e+00  6.2909e+00  6.6015e+00  1.0000e+00
-6.0902e-01  1.4496e+00  1.8798e-01  1.5047e+01 -8.4747e+00  3.9937e+00  1.7726e+01  1.0000e+00
 5.7975e+00 -1.9231e+00 -4.4054e-01  3.9222e+00 -7.2906e-01  1.1614e-01  3.9911e+00  1.0000e+00
 6.1622e-02  1.7289e+00  1.0698e-01  9.9877e+00 -5.6148e+00 -4.4609e+00  1.2295e+01  1.0000e+00
 1.0316e+01  2.1198e+01  3.7278e+01  1.7295e+01  3.3973e+01  6.1189e+01  7.2093e+01  1.0000e+00
-1.2107e+01 -1.7652e+01 -1.9869e+01 -1.2931e+01 -1.8727e+01 -2.1144e+01  3.1064e+01  1.0000e+00
 2.6253e+00 -5.3888e+00 -2.3165e+01  2.6569e+00 -5.3829e+00 -2.3088e+01  2.3855e+01  1.0000e+00
 2.0043e+00  4.1070e+00 -1.2802e+00  2.4732e-01 -2.6752e+00  3.6544e+00  4.5357e+00  1.0000e+00
-1.2872e-01  1.3632e+00  6.0509e-01  1.9080e+01 -4.0960e+00 -6.4807e+00  2.0563e+01  1.0000e+00
-1.8137e-01  1.5373e+00 -1.3474e-01  5.7981e+00  9.3061e+00  2.0702e+00  1.1158e+01  1.0000e+00
-3.8396e+00  1.8440e+00 -4.7847e-01 -1.1882e+00  2.6913e+00  2.3697e+00  3.7776e+00  1.0000e+00
-7.2785e-01  1.6714e+00  5.9678e-01 -7.8351e+00  1.5360e+01 -2.2846e+00  1.7394e+01  1.0000e+00
 3.0828e+01  1.1973e+01 -8.0038e-01  3.3185e+01  1.3158e+01 -8.7496e-01  3.5709e+01  1.0000e+00
 7.2522e-02  1.7465e+00 -1.4815e-02  1.5635e+00 -3.2646e+00 -2.0867e+00  4.1781e+00  1.0000e+00
 2.2917e+01  1.3650e+00  2.5687e+01  2.4683e+01  1.5795e+00  2.7662e+01  3.7107e+01  1.0000e+00
-1.3581e+00  2.9322e+00 -9.6421e-01 -1.9481e+00  5.5039e+00 -2.7345e+00  6.4471e+00  1.0000e+00
-6.4330e-01  1.2434e+00  7.7624e-01 -1.5510e+01  1.6397e+01  1.0620e+01  2.4944e+01  1.0000e+00
-3.7656e+01  8.0704e+00  8.6236e+00 -4.1020e+01  8.9758e+00  9.4475e+00  4.3040e+01  1.0000e+00
 4.5588e-01  8.7261e-01  4.3863e-01  1.3073e+01  1.0164e+00 -4.2345e+00  1.3779e+01  1.0000e+00
 7.7649e+00 -1.2697e+01  2.3106e+01  7.4371e+00 -1.3049e+01  2.4591e+01  2.8815e+01  1.0000e+00
 8.3817e+00 -8.8014e+00  1.8350e+01  8.5007e+00 -9.1082e+00  1.9036e+01  2.2750e+01  1.0000e+00
 1.5027e+01 -1.8091e+01 -6.9854e+00  1.4568e+01 -1.9024e+01 -7.4291e+00  2.5087e+01  1.0000e+00
 5.1262e-01  1.0041e+00  5.5003e-01 -1.7326e+01  1.5215e+01 -3.7131e+00  2.3355e+01  1.0000e+00
 2.2813e-01  1.5169e+00  4.7664e-02  4.4193e+00  1.3500e+00  9.0714e+00  1.0181e+01  1.0000e+00
-2.8432e-01  8.2464e-01  1.2525e+00  1.5945e+00  1.0841e+00  1.5414e+01  1.5534e+01  1.0000e+00
-4.1308e+00  6.1720e-02 -3.1279e+00 -7.4812e+00 -1.7327e+00 -4.3311e+00  8.8164e+00  1.0000e+00
-5.4427e-02  1.3402e+00  6.3243e-02  4.7085e+00 -7.6040e+00 -5.8428e+00  1.0683e+01  1.0000e+00
 5.0738e-01  1.3026e+00  7.1377e-01 -6.9755e+00  1.8744e+00  4.5096e+00  8.5151e+00  1.0000e+00
-9.1496e-01  1.3577e+00  2.4558e-01 -7.2909e+00 -1.5055e+01  6.8454e+00  1.8074e+01  1.0000e+00
 7.2045e-01  1.4366e+00  2.9686e-01 -6.4134e+00  6.1776e-01  9.1671e-01  6.5079e+00  1.0000e+00
-4.9941e+01  2.0738e+01  1.9064e+01 -5.4895e+01  2.2859e+01  2.1167e+01  6.3119e+01  1.0000e+00
-7.2527e-02  1.5116e+00  8.6166e-01  1.5512e+01 -1.5350e+00 -6.8988e+00  1.7046e+01  1.0000e+00
 4.1003e-02  6.0522e-01  4.6683e-01  1.9821e+00  2.4070e+00 -4.5672e+00  5.5301e+00  1.0000e+00
-4.6565e-01  3.3279e+00  7.9074e-01 -2.6311e+00  9.6521e+00  1.7000e+00  1.0148e+01  1.0000e+00
 1.7964e+01 -1.5259e+01 -5.9958e+00  1.8944e+01 -1.5979e+01 -6.0524e+00  2.5512e+01  1.0000e+00
 4.8602e-02  1.3629e+00  1.4940e-01 -9.8364e-01 -1.9752e+01 -3.0251e+00  2.0007e+01  1.0000e+00
 1.2117e+01 -1.0467e+01  2.6966e+01  1.2824e+01 -1.1014e+01  2.9076e+01  3.3633e+01  1.0000e+00
 2.6968e+01  3.9103e+00  2.9040e+01  4.3709e+01  5.2992e+00  4.6116e+01  6.3760e+01  1.0000e+00
-4.6261e+00 -4.8095e+00 -2.1971e+01 -5.0568e+00 -4.8823e+00 -2.3124e+01  2.4168e+01  1.0000e+00
-2.6846e-01  1.2608e+00  4.6168e-01  1.3856e+01 -1.9629e+01 -1.1293e+00  2.4053e+01  1.0000e+00
-6.1137e-01  1.4979e+00  4.8981e-01 -8.0936e+00  1.0731e+01 -9.8555e+00  1.6667e+01  1.0000e+00
-3.2419e-01  1.4262e+00  5.5007e-01 -1.2308e+01  2.6873e+00 -7.0377e-01  1.2617e+01  1.0000e+00
-1.0098e+00  4.2042e-01  1.1042e+00  2.3534e+00  2.2050e+00 -6.7370e-01  3.2946e+00  1.0000e+00
-1.4893e-01  1.1430e+00  1.5089e+00 -2.9953e+00  1.4571e+01  2.6516e+00  1.5111e+01  1.0000e+00
-6.1213e-01  1.3829e+00  7.8354e-01  4.0734e+00  1.4270e+01 -5.4458e+00  1.5808e+01  1.0000e+00
-1.0083e+00  1.3792e+00  5.3609e-01 -4.5285e+00 -8.0043e-01  8.0053e+00  9.2322e+00  1.0000e+00
-1.7418e+00  2.3255e+00 -9.0940e-01 -7.0195e+00  6.3234e+00 -5.2431e+00  1.0805e+01  1.0000e+00
-3.7237e+00 -1.0567e+01  2.4020e+01 -3.9011e+00 -1.1394e+01  2.5508e+01  2.8208e+01  1.0000e+00
-3.7413e-01  1.6637e+00  1.5876e-01 -1.1424e+01  2.2005e+01  2.6822e+00  2.4938e+01  1.0000e+00
-3.3049e-01  1.0178e+00  1.5526e-01  7.7042e+00 -1.1772e+01  5.5058e+00  1.5108e+01  1.0000e+00
-3.3212e+01  7.1782e+00 -9.1516e+00 -3.5319e+01  8.4757e+00 -9.3489e+00  3.7506e+01  1.0000e+00
-7.3115e-01  2.0052e+00  5.9062e-01 -1.1826e+00 -1.3560e+00 -3.1582e+00  3.6348e+00  1.0000e+00
-2.7572e-01  1.3336e+00  3.1751e-01  1.9799e+01  3.7464e+00 -8.3528e+00  2.1813e+01  1.0000e+00
-3.1289e-01  1.2047e+00  5.1744e-01  8.9641e+00 -4.9471e+00 -2.1401e+00  1.0460e+01  1.0000e+00
-1.3361e+01 -4.2597e+01 -4.8921e+01 -1.4917e+01 -4.4678e+01 -5.2169e+01  7.0287e+01  1.0000e+00
 3.2512e+01 -2.8653e+01  8.0693e+00  3.5398e+01 -3.1116e+01  8.7231e+00  4.7930e+01  1.0000e+00
-1.3104e-01  1.4622e+00  6.8744e-01 -8.2744e+00 -7.8931e+00  1.1943e+01  1.6535e+01  1.0000e+00
-4.9191e+00  3.3764e+00  1.9359e+00 -5.5651e+00  3.6126e+00  7.1502e-01  6.6733e+00  1.0000e+00
-3.5644e-01 -5.5425e+00  1.0743e+00 -1.5228e+00 -2.3494e+01  3.3642e+00  2.3782e+01  1.0000e+00
 5.0086e-01  1.5917e+00  2.1413e-01  2.2963e+01  3.8338e+00 -4.2002e+00  2.3657e+01  1.0000e+00
-6.0884e-02  1.5326e+00  2.5871e-01 -1.7804e+01  1.9172e+01  2.9604e+00  2.6331e+01  1.0000e+00
-5.9974e-01  1.2449e+00  7.5470e-01 -4.0539e+00  5.7361e+00  2.7410e+00  7.5399e+00  1.0000e+00
-1.7710e+01  2.7768e+01 -1.4710e+01 -1.9130e+01  3.0269e+01 -1.5808e+01  3.9142e+01  1.0000e+00
-2.6982e+00  1.9548e+00  4.6535e+00  1.5318e-02  1.9382e+00  5.2665e+00  5.6119e+00  1.0000e+00
 1.5580e-01  1.2955e+00  2.2478e+00  3.0264e+00  1.6112e+00 -7.1255e+00  7.9075e+00  1.0000e+00
-2.3787e-01  2.1226e+00  3.3801e-01  1.0027e+01  1.8193e+00  3.2230e+00  1.0688e+01  1.0000e+00
-8.0322e-01  1.9503e+00  4.0895e-01  6.1497e+00  1.4281e+00  7.3930e-01  6.3565e+00  1.0000e+00
 1.5606e-01  1.3109e+00  2.9525e-01  6.6804e+00  7.4933e+00 -1.1285e+01  1.5104e+01  1.0000e+00
-1.9977e-02  1.8395e+00  8.8470e-01  9.6034e+00  3.5667e+00  3.1014e+00  1.0703e+01  1.0000e+00
-1.2103e-01  1.5997e+00  3.9092e-01  1.1970e+01  4.9435e+00  2.2573e+00  1.3146e+01  1.0000e+00
-2.7215e-02  1.4036e+00  2.5725e-01 -3.5575e+00 -9.6948e+00  2.1428e+01  2.3787e+01  1.0000e+00
-7.5292e-01  9.5832e-01 -4.6484e-02 -4.8393e+00  7.9911e+00 -4.6380e+00  1.0430e+01  1.0000e+00
-5.1051e-01  8.9064e-01  4.6908e-01  8.0723e+00  1.4366e+00  7.6969e+00  1.1246e+01  1.0000e+00
 7.8821e+00 -1.2951e+01  2.2919e+01  8.8258e+00 -1.3549e+01  2.4232e+01  2.9132e+01  1.0000e+00
-1.5132e+00  2.5464e+00 -1.4360e+00 -1.3846e+00  7.9171e-01 -2.3362e+00  2.8287e+00  1.0000e+00
 6.3405e+01 -4.3351e+01 -8.8141e+01  6.9252e+01 -4.7253e+01 -9.5417e+01  1.2702e+02  1.0000e+00
 6.7130e-01  8.6933e+00 -2.4276e+00  1.6686e+00  1.5890e+01 -6.5466e+00  1.7267e+01  1.0000e+00
 1.3268e-01  4.1460e-01  4.7256e-01  5.1124e+00 -1.1839e+01  1.1091e+01  1.7010e+01  1.0000e+00
 1.5920e+01 -4.2555e+00 -3.2200e+00  1.6246e+01 -3.6266e+00 -2.7175e+00  1.6866e+01  1.0000e+00
-4.1399e-01  1.7448e+00  4.0008e-01  2.6800e+00 -3.1025e+00 -6.9611e+00  8.0787e+00  1.0000e+00
-2.1957e+00  2.4806e+00  3.4256e-01 -7.1342e+00  6.9816e-01  2.2692e+00  7.5189e+00  1.0000e+00
-3.9083e-01  1.3751e+00  2.7043e-01 -8.9420e-01 -2.2249e+01 -1.5234e+00  2.2319e+01  1.0000e+00
 3.0986e-01  1.1677e+00  6.7833e-01  9.7740e+00 -9.4921e+00 -1.6649e+00  1.3726e+01  1.0000e+00
 5.7348e-01  1.0385e+00  5.3135e-01 -5.5774e+00  5.4247e+00  5.1998e-02  7.7806e+00  1.0000e+00
-3.4789e-01  1.3200e+00  7.1778e-01  4.1234e+00 -1.4072e+01 -8.8281e+00  1.7116e+01  1.0000e+00
-3.2126e-02  8.6182e-01  8.4458e-01 -6.1510e+00  2.7241e+00 -9.1921e+00  1.1391e+01  1.0000e+00
 1.0183e+00  9.8497e-01 -8.9438e-02 -2.8974e+00 -2.8323e+00 -2.8714e+00  4.9660e+00  1.0000e+00
 1.5710e+00 -1.2354e+01  2.1859e+01  1.7384e+00 -1.2971e+01  2.2930e+01  2.6401e+01  1.0000e+00
-4.4392e+01  3.4153e+01 -2.8358e+01 -5.8146e+01  4.4360e+01 -3.7300e+01  8.2098e+01  1.0000e+00
 2.2184e-01  1.5263e+00  3.4035e-01  1.8571e+01  6.3104e+00 -1.7315e+01  2.6163e+01  1.0000e+00
-2.4646e-01  4.4241e-02  7.0984e-01 -1.9831e+00  3.6911e+00  3.8331e+00  5.6789e+00  1.0000e+00
-8.2833e-01  1.5038e+00  2.9598e-01  2.4121e-01  5.7017e+00  1.2306e+01  1.3565e+01  1.0000e+00
 8.5250e-01  1.3173e+00 -1.6639e-01  8.4921e+00  3.9250e+00  1.0113e+00  9.4098e+00  1.0000e+00
-1.2151e-01  1.1572e+00  1.1165e+00 -6.8940e+00 -3.2461e+00  6.6935e+00  1.0142e+01  1.0000e+00
-4.6794e-01  1.6228e+00  3.2672e-01 -8.8720e+00 -6.5193e+00 -2.9372e+00  1.1395e+01  1.0000e+00
-2.1016e+01  1.7730e+01 -5.8583e+00 -2.2165e+01  1.8735e+01 -6.1437e+00  2.9665e+01  1.0000e+00
 1.2877e+01 -1.0119e+01 -3.9407e+01  1.4079e+01 -1.1141e+01 -4.3126e+01  4.6714e+01  1.0000e+00
-6.6735e-01  2.4187e+00  1.6248e-01 -1.9582e+00 -1.2527e+01  4.1421e+00  1.3339e+01  1.0000e+00
-8.5124e-01 -2.5165e+01 -1.7950e+01 -1.4293e-02 -2.6999e+01 -1.9037e+01  3.3036e+01  1.0000e+00
-9.5461e+00  9.0099e+00 -3.7161e+01 -1.0534e+01  9.9622e+00 -4.0451e+01  4.2971e+01  1.0000e+00
 4.3695e+00 -2.1876e+01  2.4944e-01  4.5034e+00 -2.2961e+01  3.5791e-01  2.3401e+01  1.0000e+00
 2.5588e-01  1.2514e+00  2.6194e-01  9.1116e+00 -6.0772e+00  2.2639e+00  1.1184e+01  1.0000e+00
-4.2818e+00 -5.5808e+00 -2.3474e+01 -4.5785e+00 -6.0213e+00 -2.4180e+01  2.5335e+01  1.0000e+00
 2.3254e+00  5.3408e+00  4.8564e+00  1.5823e+00  3.4815e+00  2.8708e+00  4.7818e+00  1.0000e+00
-4.6524e-01  1.4572e+00  3.6075e-01 -5.5112e+00 -8.1560e+00 -8.0720e+00  1.2730e+01  1.0000e+00
 1.5015e+01  8.8290e+00  2.0654e+01  1.8069e+01  9.8518e+00  2.4514e+01  3.2008e+01  1.0000e+00
-5.9388e-01  1.7432e+00  3.2361e-01  1.3582e+01 -9.5333e+00  1.9428e+01  2.5550e+01  1.0000e+00
 1.4804e+01 -1.8117e+01 -7.1776e+00  1.6868e+01 -1.8637e+01 -7.3579e+00  2.6192e+01  1.0000e+00
 1.6405e-01  1.5766e+00  5.0329e-01  2.5074e+00  2.9257e+00  7.9343e-01  3.9340e+00  1.0000e+00
-2.2886e-01  1.7896e+00  7.7669e-01  5.8715e+00 -7.9158e+00  2.6939e+00  1.0217e+01  1.0000e+00
-2.5619e+01 -1.1503e+01 -7.9931e+00 -2.7312e+01 -1.2211e+01 -8.4241e+00  3.1081e+01  1.0000e+00
 1.2529e+01  7.0370e+00  1.2717e+01  1.2314e+01  7.4599e+00  1.3244e+01  1.9563e+01  1.0000e+00
 5.6119e-01  1.0609e+00  7.9180e-01 -6.7969e+00  1.0769e+00  7.9575e+00  1.0520e+01  1.0000e+00
 1.0421e+01 -3.3840e+01 -2.6778e+00  1.1438e+01 -3.6714e+01 -2.9185e+00  3.8565e+01  1.0000e+00
 4.1296e+01 -1.2466e+01  3.1907e+01  8.4634e+01 -2.7138e+01  6.4804e+01  1.1000e+02  1.0000e+00
-5.0474e+01 -4.8687e+00  7.4491e+01 -5.6974e+01 -5.5829e+00  8.4052e+01  1.0170e+02  1.0000e+00
 1.9947e+01 -3.4386e+01 -2.7954e+01  2.1998e+01 -3.7678e+01 -3.0695e+01  5.3345e+01  1.0000e+00
-5.6777e-01  1.8252e+00  4.0654e-01  1.4592e+00  2.3114e+00 -8.9027e+00  9.3129e+00  1.0000e+00
-1.9074e+00  7.0017e+00  1.5955e+00 -3.2979e-01  6.0473e+00  9.0837e-01  6.1240e+00  1.0000e+00
-4.8310e-01  1.7217e+00  6.8647e-01 -1.5569e+01 -6.7796e+00  1.2048e+01  2.0821e+01  1.0000e+00
-1.0556e+01 -2.1600e+00 -7.3581e+00 -9.4969e+00 -2.2211e+00 -5.8561e+00  1.1376e+01  1.0000e+00
 4.1643e-01  1.3716e+00 -1.0162e+00  6.6178e+00  8.3669e-01 -1.3815e+01  1.5341e+01  1.0000e+00
 4.4814e-02  1.0187e-01  3.4260e-01  1.3072e+00  3.2036e-01  4.8938e+00  5.0755e+00  1.0000e+00
-4.0828e-01 -2.5085e+01 -1.7891e+01 -1.4178e+00 -2.6691e+01 -1.9247e+01  3.2937e+01  1.0000e+00
-1.2935e+00 -1.4940e+01 -5.5314e-01 -2.3281e+00 -3.7256e+01 -2.6060e+00  3.7420e+01  1.0000e+00
-4.0254e-01  1.5246e+00  5.2164e-01  2.4588e+01 -4.4126e+00  1.6709e+00  2.5036e+01  1.0000e+00
-2.4301e-01  9.3381e-01  5.5281e-01  2.6062e+00  1.1464e+01 -1.3600e+01  1.7977e+01  1.0000e+00
 9.9479e-01  1.7740e+00  4.6500e-01 -2.4747e+00  4.8213e+00 -3.7643e-01  5.4324e+00  1.0000e+00
 3.8721e-01  1.4141e+00  4.6299e-01  1.8267e+00  6.2229e+00 -9.0167e+00  1.1107e+01  1.0000e+00
-4.8297e+01 -5.8138e+01  2.7236e+01 -5.1364e+01 -6.2584e+01  2.9541e+01  8.6184e+01  1.0000e+00
 6.5832e-01  1.8048e+00 -1.6949e-01 -3.4152e+00 -1.6246e-01  3.2674e+00  4.7292e+00  1.0000e+00
-3.8201e+00  7.0634e+00 -2.6225e+00 -2.6803e+00  5.8393e+00 -1.2643e+00  6.5483e+00  1.0000e+00
-6.6764e-01  2.1087e+00  5.6300e-01 -6.1245e+00  1.3690e+01  2.2991e+00  1.5173e+01  1.0000e+00
-8.4263e-01  1.8358e+00  2.9439e-01  8.7590e+00  1.0530e+01 -5.9907e+00  1.4949e+01  1.0000e+00
 5.4868e-01  8.3502e-01  7.6778e-01 -1.8770e+00 -4.2909e+00  1.4765e+00  4.9107e+00  1.0000e+00
-2.6213e-02  1.2813e+00  1.1065e-01 -1.1521e+00 -3.4251e+00  7.0002e+00  7.8779e+00  1.0000e+00
-3.6250e-01  1.8336e+00  7.2351e-01 -1.4749e+01  5.1408e+00  1.1361e+01  1.9314e+01  1.0000e+00
-1.6623e-01 -2.1978e+01  1.0434e+01 -1.7490e-01 -2.3185e+01  1.0850e+01  2.5599e+01  1.0000e+00
-2.8899e+01 -1.7121e+01 -1.0459e+01 -3.0644e+01 -1.7463e+01 -1.0434e+01  3.6781e+01  1.0000e+00
 2.3448e-01  1.2014e+00  8.0388e-02 -1.1736e+01 -6.1580e+00  6.1137e+00  1.4596e+01  1.0000e+00
-9.3058e-01  1.1134e+00  3.3022e-01 -3.2403e+00  2.6370e+00 -7.5539e+00  8.6322e+00  1.0000e+00
 3.7222e+01 -1.3316e+01 -2.1639e+00  4.0591e+01 -1.4479e+01 -2.2776e+00  4.3156e+01  1.0000e+00
 8.3722e-01  8.2302e-01  3.1622e-02  3.2668e+00 -7.4236e-01 -1.1121e+01  1.1615e+01  1.0000e+00
 3.6165e+02 -4.4735e+02  2.9283e+02  3.8386e+02 -4.7418e+02  3.0947e+02  6.8408e+02  1.0000e+00
 6.6428e-02  1.5226e+00 -2.2098e-01 -9.1196e+00  4.2159e+00  4.3043e+00  1.0930e+01  1.0000e+00
 3.6930e-02  1.3473e+00 -2.9901e-02 -2.4912e+00  1.1196e+01 -5.9586e+00  1.2926e+01  1.0000e+00
-3.0965e-01  1.6433e+00  8.8759e-01  3.1923e+00  9.1594e-01  1.2301e+01  1.2741e+01  1.0000e+00
 2.0165e+01  1.6243e+01  1.6149e+00  2.1159e+01  1.6941e+01  1.8596e+00  2.7169e+01  1.0000e+00
-1.6645e+01 -4.2679e+00  9.1942e+00 -1.8232e+01 -4.6231e+00  1.0682e+01  2.1631e+01  1.0000e+00
 4.9759e+00 -2.7536e+01  1.3192e+00  5.2272e+00 -2.9208e+01  1.2183e+00  2.9697e+01  1.0000e+00
-6.3909e-01  1.9710e+00  6.2406e-01 -2.8700e+00  2.5231e+00  1.4811e+01  1.5296e+01  1.0000e+00
 1.2754e+00  1.2616e+01 -1.9593e+01  1.2291e+00  1.3074e+01 -2.0454e+01  2.4306e+01  1.0000e+00
-5.7434e+01  1.9347e+01  2.0972e+01 -6.8463e+01  2.3092e+01  2.4955e+01  7.6441e+01  1.0000e+00
-2.1736e-01  1.4226e+00  5.0388e-01 -7.7210e+00  4.7607e+00  1.2445e+01  1.5400e+01  1.0000e+00
 1.5016e-01  1.1093e+00  2.7672e-01  7.2671e+00  1.2730e+01  4.1998e+00  1.5248e+01  1.0000e+00
-5.8747e-01  1.4086e+00  2.4508e-01  4.8582e+00 -1.9426e+00  5.3180e+00  7.4604e+00  1.0000e+00
-1.5528e+00  2.7192e+00 -4.4501e-01  8.0384e-01  2.4197e+00 -3.0343e+00  3.9633e+00  1.0000e+00
 2.7588e+00 -2.8607e+01  2.2748e+01  2.9582e+00 -3.1056e+01  2.4709e+01  3.9797e+01  1.0000e+00
 1.7830e+01 -3.3356e+01  1.3212e+01  2.3413e+01 -4.3955e+01  1.7140e+01  5.2669e+01  1.0000e+00
-1.9491e+00  1.5668e+01  2.6494e+00 -3.1755e+00  1.4743e+01  2.9010e+00  1.5358e+01  1.0000e+00
 1.5201e-01  1.6706e+00  7.9468e-01  3.2666e+00 -1.3335e+01 -7.5009e+00  1.5644e+01  1.0000e+00
-2.2628e+00  5.0294e+00  1.7302e-02 -4.4794e+00  9.5421e+00  1.7451e-01  1.0543e+01  1.0000e+00
-2.2940e-02  1.2155e+00  1.2864e-01 -2.0359e+00  1.2490e+01 -7.7064e+00  1.4817e+01  1.0000e+00
 1.4213e+01 -4.3131e+00  7.4879e+00  1.4206e+01 -3.7052e+00  7.0579e+00  1.6289e+01  1.0000e+00
-6.2854e-01  1.9488e+00  5.4181e-01  9.1628e+00  7.6526e+00  1.4383e+01  1.8692e+01  1.0000e+00
-3.7750e-01  1.5132e+00  5.0819e-01 -9.5211e+00  1.1586e+01  2.2965e+01  2.7428e+01  1.0000e+00
-6.3632e-01  1.2936e+00  7.6609e-01  2.5731e+00  1.1466e+01  8.7060e+00  1.4625e+01  1.0000e+00
-6.0126e+00 -5.1361e+00 -3.0661e+01 -6.3476e+00 -5.3926e+00 -3.2882e+01  3.3921e+01  1.0000e+00
-1.3206e+00  5.4171e-02  4.2077e+00  1.0694e+00  2.8796e+00 -2.1657e+00  3.7584e+00  1.0000e+00
 3.7747e+01 -7.8117e-01 -8.0582e+00  4.1117e+01 -7.3147e-01 -8.5463e+00  4.2003e+01  1.0000e+00
-7.3450e-01  1.9180e+00 -9.2770e-02 -1.5034e+00 -9.4617e+00  8.0188e+00  1.2493e+01  1.0000e+00
 1.3158e+01 -2.3078e+00  3.4498e+01  1.4306e+01 -2.8677e+00  3.7585e+01  4.0318e+01  1.0000e+00
 5.7298e-01  3.0698e-01  1.3797e+00  3.8701e+00 -5.6768e+00  2.2654e+00  7.2343e+00  1.0000e+00
 8.3442e-01  2.5836e+00  3.4851e-01  2.1584e+00 -1.0092e+00  8.8470e+00  9.1622e+00  1.0000e+00
-1.4619e+01  2.5011e+00  2.3948e+01 -1.5365e+01  2.6605e+00  2.5486e+01  2.9878e+01  1.0000e+00
-2.8312e+00  9.8463e+00 -5.5493e-01 -3.4306e+00  5.7687e+00 -6.8526e-01  6.7466e+00  1.0000e+00
-4.9121e-01  1.7156e+00  6.1602e-01 -8.9425e+00 -5.5937e+00 -4.1374e+00  1.1330e+01  1.0000e+00
 9.5620e-01  5.8898e+01  3.8058e+01  2.7975e-01  6.3416e+01  4.0453e+01  7.5221e+01  1.0000e+00
-7.2671e+00  6.5011e+00 -1.9951e+00 -4.7207e+00  4.4967e+00 -2.5699e-01  6.5247e+00  1.0000e+00
 1.2719e-01  1.7575e+00  1.5636e-01 -9.2102e+00  1.7863e+01 -8.2883e+00  2.1739e+01  1.0000e+00
-2.9133e-01  1.7111e+00  7.1709e-01 -9.2374e+00  2.4301e+00  4.0649e+00  1.0381e+01  1.0000e+00
-1.0355e-01  1.9062e+00  3.0882e-01 -4.7143e+00  1.4695e+00 -1.2150e+00  5.0853e+00  1.0000e+00
-2.7088e-01  1.4249e+00  8.4638e-01 -1.4805e+01  3.5776e+00  6.8715e+00  1.6710e+01  1.0000e+00
-3.5098e-01  1.1821e+00  4.2282e-01  1.1193e+01  4.2902e+00  5.4925e+00  1.3186e+01  1.0000e+00
-2.9335e+00  7.7059e-01  4.6546e+00  1.4571e+00  2.0448e+00 -8.8606e-01  2.6626e+00  1.0000e+00
-4.5391e-01  1.3072e+00  3.1534e-01 -1.4687e+00  2.4560e+01 -6.3989e+00  2.5422e+01  1.0000e+00
-2.1955e+01  1.8363e+01  6.1476e+00 -2.6817e+01  2.2392e+01  7.1330e+00  3.5658e+01  1.0000e+00
 3.8190e+00 -6.3936e+00  1.8805e+00  1.7751e+01 -3.0743e+01  6.1827e+00  3.6034e+01  1.0000e+00
-2.0473e-01  1.6576e+00  3.1466e-01 -1.1773e+00  5.0715e+00  3.0148e+00  6.0163e+00  1.0000e+00
-9.7995e-01  1.5242e+00  5.3923e-01  7.5231e+00  1.0310e+01 -5.4773e+00  1.3889e+01  1.0000e+00
-3.8875e-01  1.4360e+00  3.9351e-01  7.7197e+00  1.2545e+00 -2.5144e+01  2.6332e+01  1.0000e+00
 1.2282e+01 -2.0482e+01 -1.0334e+01  1.3071e+01 -2.1331e+01 -1.0938e+01  2.7304e+01  1.0000e+00
-1.4958e-01  1.0588e+00  8.6443e-01  9.2365e+00 -6.0203e+00  1.2253e+01  1.6483e+01  1.0000e+00
 1.6260e+01  4.5970e+00 -3.5846e+01  1.7737e+01  5.2226e+00 -3.7943e+01  4.2208e+01  1.0000e+00
-2.4951e+00  1.3436e+01 -8.1233e+00 -2.4204e+00  1.2810e+01 -6.9923e+00  1.4794e+01  1.0000e+00
-3.2468e+01 -1.1294e+01  7.7003e+00 -3.5361e+01 -1.2061e+01  8.3499e+00  3.8283e+01  1.0000e+00
 4.0887e+01 -3.9235e+00 -1.6697e+01  4.4960e+01 -4.2810e+00 -1.8231e+01  4.8704e+01  1.0000e+00
 1.5909e+01 -8.8036e+01  5.4639e+01  1.7616e+01 -9.7711e+01  6.0738e+01  1.1639e+02  1.0000e+00
-4.1573e-01  1.4928e+00  5.3417e-01 -7.6403e+00  6.8884e-01  1.6766e+01  1.8438e+01  1.0000e+00
-1.4498e-01  1.4250e+00  4.1596e-01 -1.4290e+01 -1.6440e+01 -1.0336e+01  2.4110e+01  1.0000e+00
-5.8870e-01  1.1409e+00  4.7608e-01 -5.1762e+00  1.1134e+01  2.1176e+00  1.2460e+01  1.0000e+00
-3.2078e-01  1.4602e+00  4.7609e-01  1.3866e+01  3.0245e+01 -7.6624e+00  3.4144e+01  1.0000e+00
-1.9527e+01 -9.4053e+00 -9.9830e+00 -2.0666e+01 -9.4297e+00 -1.0532e+01  2.5038e+01  1.0000e+00
-6.7095e-02  1.2596e+00  1.6624e-01 -9.2615e+00  1.0206e+01  2.0358e+00  1.3931e+01  1.0000e+00
-1.4542e-01  2.0215e+00  1.5444e+00 -5.8517e+00 -1.4034e+00  9.9219e+00  1.1604e+01  1.0000e+00
-8.6787e-01  1.5590e+00  1.3287e-01 -1.6610e-01  2.5500e+00  4.6834e+00  5.3352e+00  1.0000e+00
-5.9101e-01  1.4773e+00  4.6707e-01  1.5761e+01  4.4532e+00 -4.6929e+00  1.7037e+01  1.0000e+00
 3.5918e+00 -2.7647e+00 -4.1777e+00  1.7147e+00  8.8682e-01 -1.6987e+00  2.5715e+00  1.0000e+00
 3.3101e-02  1.4366e+00  3.3478e-01  1.6291e+01 -8.5813e+00  6.4834e+00  1.9521e+01  1.0000e+00
 2.3695e-01  1.5184e+00  3.9516e-01  5.6376e+00 -1.1132e+01 -7.8776e-01  1.2503e+01  1.0000e+00
 1.3279e+01 -1.6223e+01 -1.9512e+01  1.4061e+01 -1.7613e+01 -2.0485e+01  3.0456e+01  1.0000e+00
 1.1354e+01  5.3144e+00 -5.7831e+00  2.1868e+01  8.6446e+00 -1.0069e+01  2.5579e+01  1.0000e+00
 2.8397e-01  2.0604e+00  1.3687e+00 -2.6023e+00  1.0552e+01  2.1808e+00  1.1085e+01  1.0000e+00
-3.9849e-01  1.5602e+00  3.8512e-01 -2.5547e+00  1.0244e+01 -1.7813e+01  2.0707e+01  1.0000e+00
 5.0519e-01  1.8873e+00 -5.5216e-01  1.2872e+00  1.1535e+01  4.9067e+00  1.2601e+01  1.0000e+00
 1.9928e+01 -9.8286e+00 -1.3098e+01  3.0594e+01 -1.5807e+01 -2.0109e+01  3.9877e+01  1.0000e+00
 4.7488e-02  1.4619e+00  6.9026e-01 -1.6298e+00  1.6863e+00  7.5031e+00  7.8611e+00  1.0000e+00
-9.1416e-01  1.8671e+00  5.2668e-02  5.1040e+00 -1.5018e+00  9.0180e-01  5.3962e+00  1.0000e+00
-4.8174e+01  1.1597e+01  2.3737e+01 -6.0097e+01  1.4427e+01  2.9663e+01  6.8555e+01  1.0000e+00
-3.0625e-01  1.4184e+00  3.3613e-01 -1.3796e+01 -6.1303e+00 -1.5812e+01  2.1862e+01  1.0000e+00
 1.7306e+01  1.2567e+01 -1.2689e+00  1.7445e+01  1.3160e+01 -9.2054e-01  2.1872e+01  1.0000e+00
-7.7033e-01  1.3475e+00  8.0418e-01  9.5159e+00 -1.6992e+00 -3.0481e+00  1.0136e+01  1.0000e+00
-2.7739e-01  1.8964e+00  5.4137e-01 -5.7530e+00 -3.4948e+00 -1.4014e+00  6.8757e+00  1.0000e+00
-3.1024e-01  1.2853e+00  4.2071e-01 -7.1027e+00  1.1824e+01 -4.4427e+00  1.4491e+01  1.0000e+00
 3.4660e+00  1.5334e+01 -8.7024e-01  3.6824e+00  1.4089e+01 -1.3120e+00  1.4621e+01  1.0000e+00
-3.5891e+02  4.4584e+02 -2.9857e+02 -3.7964e+02  4.7214e+02 -3.1702e+02  6.8377e+02  1.0000e+00
 2.8202e-01  1.7427e+00  8.6239e-01  1.2283e+01  7.1167e+00  1.6653e+01  2.1882e+01  1.0000e+00
-6.8781e-01  3.3009e+00  6.8271e-01  4.2135e+00 -1.2657e+00  2.3510e+00  4.9882e+00  1.0000e+00
-1.0079e+00  3.5569e+00  1.4792e-01  1.4537e+00 -5.5368e+00  1.8314e+00  6.0103e+00  1.0000e+00
-3.7889e-01  1.5364e+00  3.3462e-01 -2.2699e+01  4.8124e+00 -7.7969e+00  2.4478e+01  1.0000e+00
-7.7872e-01  2.0160e+00  1.0490e+00  5.1923e+00  4.9038e+00 -5.5545e+00  9.0477e+00  1.0000e+00
 1.2756e+01 -1.8561e+01 -1.7753e+01  1.2902e+01 -2.2634e+01 -1.6153e+01  3.0654e+01  1.0000e+00
-1.3017e+00  2.0906e+00 -1.4757e-01 -9.8538e+00  7.8745e+00 -5.9439e+00  1.3944e+01  1.0000e+00
-2.0838e-01  1.5750e+00 -1.6394e+00 -3.7469e+00  1.7984e+00 -9.0854e+00  9.9909e+00  1.0000e+00
-3.5045e-01  1.8056e+00  3.7807e-01  5.4332e+00  1.6875e+01  1.1008e+01  2.0868e+01  1.0000e+00
-2.8083e+01  1.8452e+00  2.4137e+01 -3.0496e+01  2.2584e+00  2.6374e+01  4.0382e+01  1.0000e+00
-3.8890e-01  1.3794e+00  4.7532e-01 -1.3297e+01 -2.2686e+00  1.1354e+01  1.7632e+01  1.0000e+00
-5.3739e-01  1.5348e+00  2.3955e-01 -3.7373e+00 -2.2120e+00  4.1811e+00  6.0284e+00  1.0000e+00
-1.9018e+01  1.7402e+01 -3.0688e+01 -2.0700e+01  1.9121e+01 -3.3434e+01  4.3726e+01  1.0000e+00
 3.2178e+01 -2.1915e+01  8.9186e+00  3.5055e+01 -2.3771e+01  9.7670e+00  4.3466e+01  1.0000e+00
 1.6790e+01 -1.0311e+01  1.8988e+01  1.7615e+01 -1.0819e+01  2.0255e+01  2.8942e+01  1.0000e+00
-1.1113e+00  1.4344e+00  3.8832e-01 -3.8133e+00  9.7485e+00 -1.3267e+01  1.6900e+01  1.0000e+00
-4.1713e-01  1.4727e+00  5.3349e-01 -4.5194e+00 -6.6382e+00  1.0410e+01  1.3148e+01  1.0000e+00
-3.2502e-01  1.3867e+00  2.7803e-01 -9.9587e-02  1.1856e+01  1.7490e+01  2.1131e+01  1.0000e+00
-1.1691e+01  1.5513e+00  3.6452e+00 -9.7978e+00  9.4067e-01  2.7005e+00  1.0207e+01  1.0000e+00
 3.7125e-02  1.5230e+00  5.0929e-01  1.4299e+01  4.2868e+00  4.9112e+00  1.5715e+01  1.0000e+00
-1.3263e-01  1.4428e+00  6.1080e-01  1.9036e+00 -1.0626e+01  4.5540e+00  1.1716e+01  1.0000e+00
-7.9963e-02  1.5266e+00  2.8402e-01 -5.3963e+00  1.7934e+01 -5.3212e+00  1.9469e+01  1.0000e+00
 1.8077e-01  1.3174e+00  6.9263e-03  8.2438e+00  2.8118e+00 -7.0663e-01  8.7387e+00  1.0000e+00
-1.1783e+01  1.2079e+01 -9.8336e+00 -1.1640e+01  1.2910e+01 -9.6647e+00  1.9889e+01  1.0000e+00
-1.3155e+00  1.8596e+00  2.4082e-02 -3.6401e+00 -5.2878e+00 -4.1536e+00  7.6462e+00  1.0000e+00
-9.5972e+00  6.0713e+00 -2.3316e+01 -1.0194e+01  6.4016e+00 -2.4488e+01  2.7286e+01  1.0000e+00
-3.9972e+00  1.3642e+01  5.1857e+00 -5.1797e+00  1.2248e+01  3.7824e+00  1.3826e+01  1.0000e+00
-3.0545e+01 -6.5651e+00 -8.1990e+00 -3.3259e+01 -6.8842e+00 -8.3503e+00  3.4976e+01  1.0000e+00
 2.3593e-01  5.2551e-01  1.3630e+00  3.7896e+00  2.1249e+00  1.4607e+00  4.5836e+00  1.0000e+00
-1.9851e-01  4.5389e-01 -2.2525e+00 -4.0014e-01  3.6866e+00  6.9277e+00  7.8578e+00  1.0000e+00
-3.3987e-01  1.4508e+00  4.7538e-01  2.4798e+01 -3.6743e+00  1.4633e+00  2.5112e+01  1.0000e+00
 2.5709e+00  1.3669e+00 -8.8373e-01  4.5811e+00 -2.5806e-01  2.7633e+00  5.3563e+00  1.0000e+00
-1.4663e-01  1.8717e+00  3.4632e-01 -1.2888e+01  8.2974e+00 -1.6565e+01  2.2569e+01  1.0000e+00
 6.1632e-02  1.4977e+00  3.1677e-01 -1.3529e+01  7.4480e-01 -1.6896e+00  1.3654e+01  1.0000e+00
 4.2113e-01  3.3046e+00  1.8345e+00 -3.0858e-01  1.8224e+00 -1.9328e-01  1.8584e+00  1.0000e+00
 1.6981e+00  2.6293e-01 -1.2157e+00 -7.2552e+00  6.6924e+00 -1.1083e+00  9.9325e+00  1.0000e+00
 2.5304e+00  7.9588e+00 -2.5947e+00  3.3304e+00  9.5066e+00 -4.2169e+00  1.0920e+01  1.0000e+00
-6.4575e-01  2.9617e+00  3.9160e-01 -5.4871e+00  1.6786e+00  4.0632e-01  5.7525e+00  1.0000e+00
-3.9056e+01  4.2399e+01 -2.5729e+01 -4.1903e+01  4.4145e+01 -2.6606e+01  6.6427e+01  1.0000e+00
-4.4799e-01  1.2802e+00  1.1624e+00 -1.8764e+00  7.2922e-01  5.4279e+00  5.7892e+00  1.0000e+00
 4.9736e-01 -1.2106e-01  6.2745e-01  8.4599e+00  9.1386e-01 -1.5504e+00  8.6492e+00  1.0000e+00
-1.3025e+01 -6.3464e+00 -1.2759e+01 -1.9527e+01 -1.0580e+01 -1.9879e+01  2.9806e+01  1.0000e+00
-4.8907e-01  9.8847e-01 -1.4062e-01 -1.1561e+00 -5.4350e+00 -2.3781e+00  6.0441e+00  1.0000e+00
-6.3941e-01 -2.0924e+01 -1.1618e+01 -5.8924e-01 -2.1738e+01 -1.2409e+01  2.5037e+01  1.0000e+00
-7.8284e-01  1.4873e+00  4.7657e-01 -5.5657e+00 -4.6855e+00 -1.6283e+01  1.7834e+01  1.0000e+00
 1.2721e+01 -1.8586e+01 -1.7768e+01  1.4405e+01 -1.6670e+01 -2.1587e+01  3.0845e+01  1.0000e+00
-6.0633e-01  1.3001e+00  2.3172e-01  1.8185e+01  6.3154e+00 -4.7461e+00  1.9827e+01  1.0000e+00
-4.4559e+01  1.1337e+01 -2.3405e+01 -9.0973e+01  2.1555e+01 -4.8357e+01  1.0526e+02  1.0000e+00
 1.7658e+00  1.2502e+01  4.8368e+00  2.3410e+00  1.0959e+01  3.6250e+00  1.1778e+01  1.0000e+00
 6.4091e+00 -1.2844e+01  2.0378e+01  6.9971e+00 -1.3390e+01  2.1610e+01  2.6368e+01  1.0000e+00
-1.4035e+00  3.5759e-01 -1.5667e-01 -1.7874e+01 -2.3093e+01 -1.0318e+01  3.0971e+01  1.0000e+00
-2.6680e+01  1.5153e+01 -6.1205e+00 -4.2263e+01  2.3311e+01 -9.8983e+00  4.9270e+01  1.0000e+00
-4.9239e-01  1.6864e+00  5.0281e-01 -1.1502e+01  1.3416e+01  1.0070e+00  1.7700e+01  1.0000e+00
-5.4875e-01  1.3562e+00  5.2771e-02 -1.3902e+01  7.7172e-01 -2.7915e+00  1.4200e+01  1.0000e+00
-1.4937e+01 -5.0575e+00  8.8134e+00 -1.4805e+01 -5.0574e+00  8.4332e+00  1.7773e+01  1.0000e+00
-4.9330e-01  1.0714e+00  6.1842e-01 -6.4874e+00  8.8027e+00  1.2179e+01  1.6368e+01  1.0000e+00
-3.7761e+00  9.3504e+00  1.4029e+00 -8.9181e+00  1.9962e+01  2.7340e+00  2.2033e+01  1.0000e+00
 2.4460e+01 -3.1290e+01 -2.5084e+00  2.6808e+01 -3.4028e+01 -2.7876e+00  4.3409e+01  1.0000e+00
-6.7748e-01  2.2026e+00  7.1650e-01  7.0542e+00 -1.4200e+01 -4.5519e+00  1.6496e+01  1.0000e+00
 7.8915e-01 -2.4356e+00  1.7343e+00 -1.1619e+00 -7.1623e-01  1.4379e+00  1.9826e+00  1.0000e+00
 1.8149e-02  2.0527e+00 -3.6322e-02 -9.3786e+00  2.1789e+00 -6.1769e+00  1.1439e+01  1.0000e+00
 6.6688e-01  1.5585e+00  9.1953e-01 -1.0572e+01  8.5353e+00 -2.4564e+00  1.3807e+01  1.0000e+00
-1.8644e+00  2.6539e+00 -2.8206e+00 -2.7982e+00  3.0886e+00 -7.1303e+00  8.2590e+00  1.0000e+00
-2.4113e-01  1.8352e+00  1.1822e-01  1.3998e+01 -2.1288e+00  4.0550e+00  1.4728e+01  1.0000e+00
-2.5651e-01  1.7974e+00  2.3963e-01  1.8633e+01 -2.3521e+00  1.9418e+01  2.7014e+01  1.0000e+00
-6.9196e+00 -1.9998e+00 -1.2606e+00 -4.4942e+00 -1.3908e-01 -2.5140e-01  4.5033e+00  1.0000e+00
-3.3524e-01  1.4553e+00  4.8145e-01 -5.5380e+00  2.2494e+00  1.6992e+01  1.8012e+01  1.0000e+00
-2.2247e-01  1.9437e+00  4.1518e-01  1.8978e+00  6.4868e+00  4.9351e+00  8.3687e+00  1.0000e+00
-8.0195e-01  1.5004e+00  5.0848e-01  1.3465e+01 -9.8263e-01  6.2228e+00  1.4866e+01  1.0000e+00
-5.7603e-01  1.3427e+00  2.9481e-01  8.7070e+00 -1.3410e+01  4.0140e+00  1.6485e+01  1.0000e+00
 5.9816e-02  2.0116e+00  2.3806e-01 -6.4524e+00 -2.6026e+00 -1.0887e+01  1.2920e+01  1.0000e+00
-1.2898e-01  1.3827e+00  2.9873e-01 -2.0358e+01 -9.8787e+00 -1.7104e+01  2.8365e+01  1.0000e+00
 8.0100e+00 -1.8190e+01 -4.8555e+00  2.1693e+01 -5.0297e+01 -1.3215e+01  5.6347e+01  1.0000e+00
-1.5107e+00  1.8151e+00  3.1686e-01 -7.3444e+00  5.6946e+00  3.2216e+00  9.8361e+00  1.0000e+00
-5.5122e+01  4.4451e+01  2.0760e+01 -8.1274e+01  6.5132e+01  3.0714e+01  1.0859e+02  1.0000e+00
-1.6897e-01  1.3620e+00  6.3988e-01  1.6223e+01 -6.0637e-01 -2.2652e+01  2.7868e+01  1.0000e+00
-1.7241e-01  1.9036e+00  8.8713e-01 -8.9493e+00  1.3703e+01  9.9439e+00  1.9150e+01  1.0000e+00
-1.7861e+02  5.8130e+00  1.6053e+02 -2.4181e+02  7.3671e+00  2.1773e+02  3.2547e+02  1.0000e+00
-3.6094e-01  1.1537e+00  9.0467e-01 -8.8088e+00  7.2881e+00  4.5691e+00  1.2312e+01  1.0000e+00
 4.2540e-01  1.8922e+00  8.0778e-01  1.2450e+01  5.7298e+00  1.9972e+00  1.3850e+01  1.0000e+00
 8.6647e-03  1.4657e+00  4.2081e-01  5.4467e+00  2.4466e+00  1.4464e+01  1.5648e+01  1.0000e+00
-4.4473e+00  6.5197e+00  1.6949e+01 -4.1938e+00  5.9028e+00  1.5715e+01  1.7303e+01  1.0000e+00
 6.1071e+00  2.9864e+00  1.8098e+00  8.4021e-01  2.2473e+00  1.1815e+00  2.6744e+00  1.0000e+00
 1.3065e+01 -7.6944e+00 -1.1134e+01  1.3072e+01 -7.9754e+00 -1.0965e+01  1.8834e+01  1.0000e+00
 8.0886e-01  1.8691e+00 -2.1779e-01  1.1238e+00  1.3403e-01  6.3110e+00  6.4117e+00  1.0000e+00
 1.9401e+01 -1.9687e+01 -2.9051e+01  2.1265e+01 -2.1420e+01 -3.1453e+01  4.3592e+01  1.0000e+00
-3.9297e-01  1.1804e+00 -2.9527e-02 -4.5287e+00  4.8321e-01  1.7718e+00  4.8870e+00  1.0000e+00
-1.4692e-01  2.0074e+00  6.2979e-01 -4.5295e+00  2.7216e+00 -6.8466e+00  8.6486e+00  1.0000e+00
-5.7278e-01  1.4889e+00  1.8710e-01 -7.9309e+00 -9.9117e+00 -9.7343e+00  1.5997e+01  1.0000e+00
-1.5378e+01 -2.4769e+01 -2.3227e+01 -2.4910e+01 -4.1510e+01 -3.8280e+01  6.1717e+01  1.0000e+00
 5.4444e-01  1.5244e+00  8.6045e-01  3.7077e+00  5.0474e+00 -2.8108e+00  6.8647e+00  1.0000e+00
 1.6012e-01  1.8285e+00  4.7919e-01 -1.3633e+01 -9.0420e+00  8.1919e+00  1.8296e+01  1.0000e+00
-1.1403e+00  1.4703e+00  6.3740e-01 -1.0541e+01 -2.3345e+00 -4.2378e+00  1.1598e+01  1.0000e+00
 1.8206e-01  2.0535e+00  1.6296e+00  1.2111e+00  9.2245e-01  4.3667e+00  4.6245e+00  1.0000e+00
 5.0301e-01  1.4333e+00  1.9034e-01 -3.3947e+00  1.1113e+01 -9.4841e+00  1.4999e+01  1.0000e+00
-1.0024e+00  2.5505e+00  1.7474e+00  3.9160e+00 -2.6650e+00 -8.3737e+00  9.6205e+00  1.0000e+00
-4.6524e+00  7.3173e+00  2.0511e+01 -4.4111e+00  7.7538e+00  2.0939e+01  2.2760e+01  1.0000e+00
-8.7848e-01  9.3198e-01  1.5665e-01  3.5089e+00  1.1116e+00  1.7991e+01  1.8364e+01  1.0000e+00
-4.2172e-01  2.0175e+00  6.8004e-01 -8.3221e+00  6.8398e+00 -3.3741e+00  1.1288e+01  1.0000e+00
-3.5831e-01  1.4563e+00  3.3519e-01 -4.0155e+00  4.0671e+00 -4.9143e+00  7.5376e+00  1.0000e+00
 5.1986e-01  1.4785e+00  4.0909e-01  5.3289e+00 -4.2251e+00 -5.4787e+00  8.7329e+00  1.0000e+00
 1.4616e+01 -3.6798e+01  6.5503e+01  1.5600e+01 -3.9382e+01  7.0865e+01  8.2560e+01  1.0000e+00
 2.8150e+01  5.3512e+00  2.6607e+01  3.0588e+01  5.7608e+00  2.9099e+01  4.2609e+01  1.0000e+00
-3.2241e+00  1.0195e+00 -1.6552e+00  1.3980e+00 -8.7627e-01 -2.7486e+00  3.2058e+00  1.0000e+00
-2.0289e-01  1.9534e+00 -3.9055e-01  1.2762e+00  4.7663e+00 -6.7397e+00  8.3528e+00  1.0000e+00
-4.1504e-01  1.6174e+00 -3.3859e-02 -8.0361e+00 -1.0780e+01 -2.0363e+00  1.3599e+01  1.0000e+00
-7.4114e+00  4.9295e+00  2.9324e+01 -7.9568e+00  5.5180e+00  3.1458e+01  3.2915e+01  1.0000e+00
-1.9199e+01 -3.2747e+00 -1.8124e+01 -2.0238e+01 -2.4760e+00 -1.8696e+01  2.7663e+01  1.0000e+00
-3.4709e+00  8.3125e-01  1.8613e+00 -6.5449e+00 -1.4952e+00  2.5270e+00  7.1734e+00  1.0000e+00
-1.0648e+01 -1.8517e+01 -1.3643e+00 -1.1961e+01 -2.1762e+01 -1.2707e+00  2.4865e+01  1.0000e+00
-8.9301e-03  3.6104e+00  2.1449e-01 -3.3017e+00  1.0557e+01  6.7106e-03  1.1061e+01  1.0000e+00
-7.2227e-01  1.6205e+00  4.0832e-01  3.8137e+00  1.0006e+01  9.0410e-01  1.0746e+01  1.0000e+00
-1.1703e+00  9.0385e-01  4.0720e-01  1.2830e+01  1.3876e+01  2.2121e+00  1.9028e+01  1.0000e+00
-4.7389e-01  1.7657e+00  1.5557e-01  1.3885e+00  3.0258e+00 -4.8196e+00  5.8576e+00  1.0000e+00
-3.1821e-01  1.4689e+00  2.9608e-01  4.3273e+00  2.5282e+00 -2.4718e+01  2.5221e+01  1.0000e+00
-1.0048e+01  3.1807e+01 -4.0737e+00 -1.0748e+01  3.4277e+01 -4.3200e+00  3.6181e+01  1.0000e+00
 3.9317e+00  2.6035e+00  5.1743e+00 -2.4406e-01  3.6932e+00  2.7949e+00  4.6379e+00  1.0000e+00
-1.7610e+01 -1.1812e-01 -4.6057e+00 -1.7392e+01  4.2320e-01 -4.6596e+00  1.8011e+01  1.0000e+00
 2.0046e+00  2.1063e+00 -2.5593e+00  2.1706e-01  7.4175e-01  3.4538e+00  3.5392e+00  1.0000e+00
-1.4134e+01 -5.1826e+00  9.7448e+00 -1.4060e+01 -4.3223e+00  9.4327e+00  1.7474e+01  1.0000e+00
-3.7933e-01  2.4675e+00  6.1825e-01 -2.9503e+00  1.1375e+01  4.6315e+00  1.2631e+01  1.0000e+00
 3.7389e+01  1.3586e+01  3.1065e+00  4.0613e+01  1.4926e+01  3.3202e+00  4.3396e+01  1.0000e+00
 1.3339e+01  1.8443e+01  2.6093e+00  1.3972e+01  1.8998e+01  3.0580e+00  2.3780e+01  1.0000e+00
-2.9298e+01 -1.7549e+01 -1.0804e+01 -3.2738e+01 -1.9699e+01 -1.2556e+01  4.0218e+01  1.0000e+00
 2.8241e+00  3.0475e+00 -2.2134e+00  4.2141e+00 -3.8831e-02 -5.1559e+00  6.6591e+00  1.0000e+00
-2.8544e+01 -6.1429e-01 -7.4908e+00 -3.0610e+01 -4.6475e-01 -8.0788e+00  3.1661e+01  1.0000e+00
 3.4153e-01  1.4900e+00  9.0946e-01 -1.1607e+00  3.0382e+00  9.6739e-01  3.3932e+00  1.0000e+00
-4.3193e-01  1.2584e+00  6.1218e-02  3.9061e+00 -7.6989e+00 -5.9649e+00  1.0493e+01  1.0000e+00
-5.6418e+00  2.3043e+01 -8.8526e+00 -5.4348e+00  2.4580e+01 -9.5129e+00  2.6911e+01  1.0000e+00
 3.7457e+01  3.0564e+01 -2.3477e+01  4.7153e+01  3.8151e+01 -2.9438e+01  6.7420e+01  1.0000e+00
-6.7583e-01  1.2654e+00  1.1613e+00  3.6436e+00  8.4140e+00  7.8287e+00  1.2057e+01  1.0000e+00
-9.0116e-02  8.7966e-01  2.0338e+00  1.1153e-03 -7.1364e+00  1.3476e+01  1.5249e+01  1.0000e+00
-6.1945e-01  1.1762e+00  7.7094e-01 -6.1735e+00 -5.0513e+00 -1.2934e+01  1.5196e+01  1.0000e+00
 4.3739e+00 -2.9333e+00  1.0080e+00  1.3280e+00  1.1115e+00  3.9744e+00  4.3353e+00  1.0000e+00
 2.8680e+00 -1.0452e+00  7.1799e-01  1.8405e-01  3.7552e+00 -6.6288e-01  3.8177e+00  1.0000e+00
-1.1007e+00  1.4516e+00  1.3612e+00 -2.3085e+00  6.7595e+00 -9.7264e-02  7.1435e+00  1.0000e+00
-2.2437e+01 -1.1326e+01 -3.9479e+01 -2.4795e+01 -1.2593e+01 -4.3823e+01  5.1902e+01  1.0000e+00
-3.9899e+01 -1.3202e+01 -1.3556e+00 -4.3680e+01 -1.4193e+01 -1.5553e+00  4.5955e+01  1.0000e+00
 4.2243e+00 -2.7476e+00 -4.4170e+00  2.9348e+00 -1.5695e-02 -5.4029e-01  2.9841e+00  1.0000e+00
 4.0255e+01  7.0394e+00 -4.2257e+00  4.3879e+01  7.9073e+00 -4.6894e+00  4.4831e+01  1.0000e+00
-6.0290e-01  1.3531e+00  4.6246e-01  1.2449e+01  1.1748e+01  7.1616e+00  1.8555e+01  1.0000e+00
 3.4501e-01  2.5013e+00  2.8125e+00  1.0076e+01  1.1308e+01  2.2120e+01  2.6808e+01  1.0000e+00
-5.7213e-01  1.5564e+00  4.7643e-01 -1.5903e+01  1.3930e+00 -5.9952e+00  1.7053e+01  1.0000e+00
-5.3328e+00  2.2789e+00 -4.7820e-02 -8.7947e+00  2.5967e+00  5.1133e-01  9.1843e+00  1.0000e+00
-1.5409e+00  1.4858e+00  4.1625e-01 -6.2061e+00  6.4610e+00 -2.5631e+00  9.3183e+00  1.0000e+00
 9.8002e-02  1.7390e+00  8.8807e-03  6.8074e+00  7.0359e+00  6.8568e+00  1.1952e+01  1.0000e+00
 4.5060e-02  9.0972e-01  5.5148e-01 -1.7087e+01 -2.7793e+00  5.8146e-01  1.7321e+01  1.0000e+00
-1.5688e+01  1.3335e+01 -2.3984e+00 -1.5879e+01  1.3409e+01 -2.1849e+00  2.0898e+01  1.0000e+00
-1.0892e+00  1.5782e+00  8.7880e-01  1.0566e+01 -1.0127e-02  6.3632e+00  1.2334e+01  1.0000e+00
-1.5605e+01 -4.6688e+00 -2.4605e-01 -1.4858e+01 -4.4121e+00 -4.2328e-01  1.5505e+01  1.0000e+00
 3.3204e-01  1.2502e+00  6.4967e-01  9.1677e+00  2.6917e+00 -4.9515e+00  1.0761e+01  1.0000e+00
 3.1769e+00  3.3797e+00 -1.0921e+00  1.5565e+01  1.0723e+01 -6.8917e+00  2.0118e+01  1.0000e+00
-1.9896e-01  1.6486e+00  5.4640e-01 -3.3729e-01 -1.2302e+01  1.6084e+01  2.0252e+01  1.0000e+00
-1.5569e-01  1.0794e+00  7.3477e-01  1.3241e+01 -1.5160e+01 -1.3150e+00  2.0172e+01  1.0000e+00
 1.2858e+01 -3.1624e+01 -1.5261e+01  1.4001e+01 -3.4207e+01 -1.6547e+01  4.0496e+01  1.0000e+00
-2.8867e+01 -5.0574e+00  2.5987e+01 -3.1473e+01 -5.2549e+00  2.8321e+01  4.2664e+01  1.0000e+00
 1.0210e-01  1.0426e+00  7.0208e-01  4.4363e+00  2.4759e-01  8.2949e+00  9.4100e+00  1.0000e+00
-2.7032e+00 -3.6613e-01 -3.3120e+00  1.6791e-01  3.0241e+00  2.7162e+00  4.0683e+00  1.0000e+00
-1.9845e-01  1.2474e+00  3.2352e-01  6.4635e+00 -1.9296e+01 -4.3823e+00  2.0816e+01  1.0000e+00
-3.7495e-01  1.3466e+00  3.8217e-01 -6.9018e+00  2.4308e+01  3.3167e+00  2.5486e+01  1.0000e+00
-2.3472e+00 -2.5605e+01 -1.8134e+01 -1.7948e+00 -2.7721e+01 -1.9816e+01  3.4123e+01  1.0000e+00
-3.5216e+00  6.1242e+00 -4.0229e+00 -1.7083e+00  3.2590e+00 -3.5260e-01  3.6964e+00  1.0000e+00
-1.2701e+00  1.2713e+00 -3.0836e-02 -7.4839e+00  3.8208e+00  6.0162e+00  1.0335e+01  1.0000e+00
-6.8184e-01  1.9118e+00  4.7654e-01  7.4778e+00 -6.2544e+00  4.7396e+00  1.0840e+01  1.0000e+00
 1.6334e+00  1.1324e+00 -2.2236e-01  6.9404e+00 -2.0424e+00 -9.1080e-01  7.2918e+00  1.0000e+00
-5.3649e+00  2.3175e+01 -9.5483e+00 -5.9080e+00  2.3896e+01 -9.2516e+00  2.6296e+01  1.0000e+00
-4.5346e-01  1.4010e+00  2.3021e-03 -4.8779e+00  8.5080e+00  1.1024e+01  1.4755e+01  1.0000e+00
 1.1041e+00  4.5317e+00  2.8113e+01  1.8329e+00  5.0841e+00  2.8170e+01  2.8683e+01  1.0000e+00
 3.5586e-01  5.4706e+00 -3.3321e+00  1.9724e-01  3.5058e+00 -2.4251e+00  4.2674e+00  1.0000e+00
-3.7530e-01  1.1070e+00  8.5502e-01  7.5915e-01 -2.0815e+00 -3.5280e+00  4.1660e+00  1.0000e+00
-2.9724e-01  1.2572e+00  6.2781e-01 -8.3804e+00  2.3081e+01 -2.9340e+00  2.4730e+01  1.0000e+00
-1.4432e-01  1.4411e+00  7.2725e-01  3.4194e+00 -1.2358e+00 -9.3739e+00  1.0054e+01  1.0000e+00
 8.7206e+00  1.7831e+01  9.4536e+00  9.0837e+00  1.8419e+01  9.5328e+00  2.2642e+01  1.0000e+00
-3.0105e-02  1.2627e+00  1.2554e-01  1.7261e+01  8.2567e+00 -2.3978e+00  1.9284e+01  1.0000e+00
-1.4878e+00  1.9070e+00  1.2420e-01 -1.8874e+01  3.1984e+00 -3.3608e+00  1.9436e+01  1.0000e+00
-3.5635e-01  1.3883e+00  2.4604e-01  1.3813e+01  7.6248e+00 -1.4229e+01  2.1246e+01  1.0000e+00
-1.0058e+00  1.3733e+00 -2.3937e-01 -1.0206e+01  1.2589e+01 -6.5870e+00  1.7494e+01  1.0000e+00
-3.7237e-01  1.7155e+00  7.2759e-01 -2.0516e+01 -1.7096e+00  5.6410e+00  2.1346e+01  1.0000e+00
-5.5497e-01  1.8930e+00  6.6971e-02  8.8651e+00  2.5544e+00 -7.7856e-01  9.2586e+00  1.0000e+00
 1.3572e+01 -9.8416e+00 -1.5713e+00  1.3275e+01 -9.4178e+00 -1.3160e+00  1.6329e+01  1.0000e+00
-6.6154e-01  1.7678e+00  3.8267e-01  8.3653e+00  1.8272e+01  5.1397e+00  2.0742e+01  1.0000e+00
 2.4889e+01 -4.7608e+01  3.0498e+01  2.5207e+01 -5.0300e+01  3.2422e+01  6.4936e+01  1.0000e+00
-3.6915e-01  2.8485e+00 -1.9955e+00 -1.4446e-01 -3.9712e+00 -4.1807e+00  5.7680e+00  1.0000e+00
 2.6058e+00 -1.3416e+01 -3.8388e+01  2.7435e+00 -1.4556e+01 -4.1805e+01  4.4351e+01  1.0000e+00
-1.0479e+01 -1.5012e+01 -2.5845e+01 -1.1653e+01 -1.6119e+01 -2.7828e+01  3.4205e+01  1.0000e+00
-1.7677e+00 -2.7414e+01  2.9594e+00 -1.7144e+00 -2.9288e+01  3.1492e+00  2.9507e+01  1.0000e+00
-3.8545e+01 -1.9385e+01 -1.0048e+01 -4.2341e+01 -2.1063e+01 -1.0973e+01  4.8547e+01  1.0000e+00
-6.3714e-01  1.4873e+00  5.6191e-01 -1.2771e+01 -7.1280e+00 -1.6004e+01  2.1680e+01  1.0000e+00
-3.0711e+01 -7.5392e+00 -5.7818e+00 -3.3219e+01 -8.1003e+00 -6.2875e+00  3.4766e+01  1.0000e+00
-9.7283e-01  1.8284e+00 -4.6983e-01 -7.8064e+00  6.6372e+00 -1.8197e+00  1.0407e+01  1.0000e+00
-3.2755e-01  1.8690e+00 -2.7130e-01 -1.5533e-01 -1.6798e+00  6.5374e-01  1.8093e+00  1.0000e+00
-4.7439e+00  3.2821e-01 -1.5134e+01 -4.8285e+00  8.0974e-01 -1.6033e+01  1.6763e+01  1.0000e+00
-7.4738e-01  1.4753e+00  5.9961e-01  2.0699e+01  7.9007e-01  9.4677e-01  2.0736e+01  1.0000e+00
-3.3825e-01  1.6648e+00  6.3090e-01  5.6856e+00  1.5051e+00 -2.5815e+00  6.4230e+00  1.0000e+00
