# limit = 32.7786
#
# x           y           z           vx          vy          vz          s           m
 7.6798e-01  2.7251e+00 -2.1781e+00  1.7538e+00 -2.2222e-01 -6.3082e+00  6.5512e+00  1.0000e+00
-7.8257e-01  1.3939e+00  9.0887e-01  1.0382e+00  5.1106e+00  1.6334e+01  1.7146e+01  1.0000e+00
 3.1954e+01  1.6007e+00  6.2523e+00  3.3874e+01  2.1458e+00  6.6105e+00  3.4580e+01  1.0000e+00
-9.3812e-01  1.5062e+00 -1.0490e-01 -6.4268e+00 -2.7376e+00 -5.0595e+00  8.6253e+00  1.0000e+00
-2.7190e+01  1.0208e+01  1.6233e+01 -2.9167e+01  1.0806e+01  1.7206e+01  3.5546e+01  1.0000e+00
 1.1919e+01 -3.5769e+00  3.3676e+01  1.2998e+01 -3.5099e+00  3.6119e+01  3.8547e+01  1.0000e+00
 1.6137e+00 -2.7338e+01 -1.8839e+01  1.3297e+00 -2.9112e+01 -1.9897e+01  3.5287e+01  1.0000e+00
-2.7030e-01  1.5500e+00  5.7067e-01  1.1091e+01 -1.2311e+01  4.5940e+00  1.7195e+01  1.0000e+00
-4.2839e+01  3.1291e+01  9.7254e+01 -4.5547e+01  3.3390e+01  1.0464e+02  1.1890e+02  1.0000e+00
 7.8227e+01 -4.2076e+01  2.0546e+00  1.1448e+02 -6.2004e+01  3.0410e+00  1.3022e+02  1.0000e+00
 2.6194e+00  4.5493e+00  2.5580e+00 -2.2595e+00  1.6345e-01 -9.4039e-01  2.4528e+00  1.0000e+00
-2.1076e-01  1.2002e+00  6.5726e-01  6.0419e+00  7.2744e+00 -1.8015e+00  9.6264e+00  1.0000e+00
-1.7803e-01  2.2380e+00  9.9307e-01  2.8117e+00 -1.6215e+01 -4.6634e+00  1.7105e+01  1.0000e+00
 6.7069e+00  2.3088e+00 -6.0867e-01  2.8947e+00  2.5581e+00  8.0799e-01  3.9467e+00  1.0000e+00
 1.6487e+00 -8.2480e-01  2.4968e-01 -2.9502e+00  5.0326e+00 -1.0022e+00  5.9190e+00  1.0000e+00
-1.0292e+01 -1.7405e+00 -7.7122e+00 -9.4056e+00 -9.9844e-01 -6.6294e+00  1.1550e+01  1.0000e+00
 1.9606e+01 -2.0521e+01 -2.3561e+01  2.0946e+01 -2.2001e+01 -2.5406e+01  3.9601e+01  1.0000e+00
-5.3317e-01  2.1541e+00  4.4934e-01 -2.9784e+00 -1.2834e+01  2.2519e+00  1.3366e+01  1.0000e+00
-1.2977e-01  1.2548e+00  7.3769e-01 -1.1018e+00  1.9403e+01 -3.8175e+00  1.9805e+01  1.0000e+00
 6.8215e+01  5.5224e+01 -2.3839e+01  7.3441e+01  5.8889e+01 -2.5204e+01  9.7451e+01  1.0000e+00
-4.0246e-01  1.4289e+00  1.0115e-02 -9.1722e+00 -3.5160e+00  9.3524e+00  1.3563e+01  1.0000e+00
-3.8181e-01  1.0417e+00  4.5473e-01 -1.5813e+01 -1.0582e+01 -2.1340e+00  1.9147e+01  1.0000e+00
-6.0446e+00 -7.7740e+00  1.1710e+01 -7.9893e+00 -1.1371e+01  1.5523e+01  2.0835e+01  1.0000e+00
-1.4730e+01  2.7992e+01 -2.8179e+01 -1.5895e+01  3.0431e+01 -3.0406e+01  4.5861e+01  1.0000e+00
-1.0606e+00  3.1468e+01 -1.3904e+01 -1.2386e+00  3.3638e+01 -1.4780e+01  3.6763e+01  1.0000e+00
-7.5655e+00  4.5768e+00 -1.1026e+01 -7.6749e+00  5.2497e+00 -9.5773e+00  1.3349e+01  1.0000e+00
 9.8058e+00 -2.4575e+01  4.6247e+00  9.9686e+00 -2.6105e+01  4.7267e+00  2.8340e+01  1.0000e+00
 6.7307e+01 -1.7644e+01 -6.4939e+01  7.5256e+01 -1.9839e+01 -7.2627e+01  1.0645e+02  1.0000e+00
 1.9449e+00 -3.8625e+01 -5.0938e+01  2.1716e+00 -4.2131e+01 -5.5542e+01  6.9747e+01  1.0000e+00
-8.0678e-02  1.4630e+00  4.2703e-01 -1.4767e+01 -5.6019e+00  1.4819e+01  2.1658e+01  1.0000e+00
-1.6115e-01  1.6543e+00  4.5793e-01 -9.7328e+00  5.5104e+00  1.0510e+01  1.5347e+01  1.0000e+00
-2.0583e-01  1.6501e+00  4.0354e-01  5.3261e+00  9.8883e+00 -1.8416e+01  2.1570e+01  1.0000e+00
-4.3111e-01  1.5266e+00  3.4780e-01 -6.6719e+00  7.2856e+00 -1.5947e+01  1.8759e+01  1.0000e+00
-4.9647e-01  2.1413e+00  3.5857e-01  2.6081e+00  1.2574e+01 -2.9412e+00  1.3174e+01  1.0000e+00
-8.3655e-02  1.3116e+00  9.1651e-01 -5.0650e+00  9.8938e+00  1.6009e+01  1.9490e+01  1.0000e+00
-4.9248e-01  1.2781e+00  2.9402e-01 -2.2282e+01 -5.5997e+00 -3.9205e-02  2.2975e+01  1.0000e+00
-2.3143e+00  1.1245e+00  1.4567e+00 -1.1432e+01  3.8145e+00  2.9702e+00  1.2412e+01  1.0000e+00
-2.6462e+01  5.0701e+01 -6.3543e+01 -2.8528e+01  5.4672e+01 -6.7946e+01  9.1758e+01  1.0000e+00
-6.7075e-02  2.3191e+00 -2.2971e-01  6.6502e+00  1.6145e+01  9.8300e-01  1.7489e+01  1.0000e+00
 1.8742e+01 -4.0983e+00  1.5802e+01  1.9317e+01 -4.0536e+00  1.6380e+01  2.5649e+01  1.0000e+00
 9.3939e+00  8.8852e+00  1.5196e+00  7.6194e+00  7.6534e+00  2.0069e+00  1.0984e+01  1.0000e+00
 2.0686e+00  1.3598e+00 -8.9091e-01 -7.5822e+00  2.4114e+00  1.0123e+00  8.0205e+00  1.0000e+00
-4.8859e-01  1.9012e+00  8.0764e-01 -9.4113e+00 -1.0647e+01 -8.6640e-01  1.4237e+01  1.0000e+00
 3.9125e+00 -1.1245e+01  3.6707e+01  4.3056e+00 -1.1962e+01  3.9482e+01  4.1478e+01  1.0000e+00
 3.5679e+01  1.7189e+01  2.8512e+00  3.8677e+01  1.8493e+01  3.1326e+00  4.2985e+01  1.0000e+00
 2.6307e+00 -2.2468e+01  3.7912e+00  3.2344e+00 -2.3402e+01  4.1264e+00  2.3982e+01  1.0000e+00
 4.3360e-01  1.6106e+00 -6.6437e-03 -3.8070e+00  3.9968e+00  1.2110e-01  5.5211e+00  1.0000e+00
 1.0579e+00  1.2393e+00  9.1026e-01 -1.3650e+01  1.1358e+01  9.7102e-01  1.7784e+01  1.0000e+00
 1.4831e+01 -5.7282e+00  6.8795e+00  1.4047e+01 -5.3050e+00  6.9717e+00  1.6555e+01  1.0000e+00
 4.2768e-02  1.1420e+00  4.0423e-01 -2.6237e+00  7.2464e+00  3.5673e+00  8.4924e+00  1.0000e+00
 8.0910e-01  1.4599e+00  3.5114e-01 -8.1427e+00  3.8944e+00  5.3122e+00  1.0473e+01  1.0000e+00
-3.7716e-01  1.7396e+00  5.1638e-01 -1.7937e+00  5.9208e+00 -5.3430e+00  8.1744e+00  1.0000e+00
-4.0681e+00 -6.3277e+00  6.5736e+00 -2.8787e+00 -4.1859e+00  4.8914e+00  7.0522e+00  1.0000e+00
 1.0910e+00  1.3589e-01 -1.8854e+00  4.8336e+00 -1.3025e+00 -7.8730e+00  9.3298e+00  1.0000e+00
 6.8740e-01  7.5711e+00  7.6968e+00  2.1284e+00  1.2721e+01  1.3599e+01  1.8743e+01  1.0000e+00
-1.1027e-01  1.4660e+00  4.5255e-01 -1.0633e+01  1.5784e+01 -1.2763e+01  2.2915e+01  1.0000e+00
-1.4482e-01  1.6107e+00  5.0586e-01 -5.1088e+00  8.1020e+00 -1.2298e+01  1.5588e+01  1.0000e+00
 1.1323e-01  9.0595e-01  1.3018e+00 -4.1324e+00  7.4039e+00 -2.2893e+00  8.7827e+00  1.0000e+00
-7.5570e-02  1.6409e+00  2.2621e-01  1.1658e+01  1.2201e+01  9.2857e+00  1.9261e+01  1.0000e+00
 8.6708e+00 -4.8991e+00  2.6055e+01  8.9561e+00 -5.3856e+00  2.7546e+01  2.9461e+01  1.0000e+00
 1.8739e-01  1.7864e+00  2.5539e-01 -1.7339e+00 -3.1706e-02  5.1293e+00  5.4145e+00  1.0000e+00
-5.5346e+00 -9.9266e+00  4.4004e+00 -6.9564e+00 -1.3930e+01  5.6112e+00  1.6551e+01  1.0000e+00
 1.6397e+01  1.6673e+00 -7.8739e+00  1.7767e+01  1.9565e+00 -8.4489e+00  1.9771e+01  1.0000e+00
-4.9302e-01  1.4709e+00  2.5574e-01  5.2590e+00 -2.0736e+00  1.8759e+01  1.9592e+01  1.0000e+00
 1.7766e-01  4.4882e+00  6.6012e-01  1.7983e+00  1.0552e+00  7.5983e-01  2.2191e+00  1.0000e+00
-3.6083e-01  1.7333e+00  9.8213e-02 -1.7081e+01 -2.0300e+00  9.6298e+00  1.9713e+01  1.0000e+00
-7.4506e-01  1.5050e+00  4.8552e-01  4.6566e+00 -1.1573e+00 -1.6000e+01  1.6704e+01  1.0000e+00
 7.2863e-01  1.8017e+00 -6.2856e-01  2.4945e+00  1.2104e+00  1.3198e+00  3.0708e+00  1.0000e+00
-3.7070e-01  1.6283e+00  5.3173e-01 -7.9353e+00  1.1202e+01  5.4783e+00  1.4780e+01  1.0000e+00
-2.2352e-01  5.6009e-01  8.9039e-01 -8.2076e-02  8.2287e+00 -1.1036e+00  8.3028e+00  1.0000e+00
 3.1528e+01  3.3720e+00  5.7123e+00  3.3762e+01  3.2858e+00  6.0622e+00  3.4459e+01  1.0000e+00
-3.3317e-01  1.5269e+00  4.8282e-01  8.9912e+00 -1.6993e+00  3.8115e+00  9.9125e+00  1.0000e+00
-2.3727e-02  1.7519e+00  8.3727e-02 -2.0997e+01 -1.6034e+00 -1.2760e+00  2.1097e+01  1.0000e+00
-2.2965e-02  1.5103e+00 -1.9951e-01  1.1308e-01  7.5725e+00  1.7641e+01  1.9198e+01  1.0000e+00
-4.9807e-01  1.3816e+00  3.9351e-01  1.0024e+01 -8.1308e+00  7.1617e-01  1.2927e+01  1.0000e+00
-4.4085e-01  1.6507e+00  5.8793e-01  6.9508e-01 -5.9412e+00  1.1927e+01  1.3343e+01  1.0000e+00
 4.8580e-02  1.7479e+00  4.5560e-01  1.8523e+00  3.9984e-01 -2.2854e+00  2.9689e+00  1.0000e+00
-1.8708e-01  1.2110e+00 -1.6509e-02 -9.8214e-01  1.7650e+00  8.3310e+00  8.5723e+00  1.0000e+00
 3.8160e+01 -1.8157e+01 -4.3709e+00  4.1386e+01 -1.9431e+01 -4.6661e+00  4.5958e+01  1.0000e+00
-2.2094e+01 -1.3327e+01 -8.4188e+00 -2.3376e+01 -1.3738e+01 -8.7052e+00  2.8477e+01  1.0000e+00
-5.0818e-01  2.0185e+00  3.8190e-01  1.2332e+00 -1.2387e+01  4.0717e+00  1.3097e+01  1.0000e+00
 2.5510e+01  5.8136e+00  1.6472e+01  3.2022e+01  6.9069e+00  2.0527e+01  3.8659e+01  1.0000e+00
-3.2895e-01  1.3917e+00  5.8375e-01 -1.0587e+01  1.1296e+01 -2.4669e+01  2.9125e+01  1.0000e+00
 6.7824e+00  6.3551e+00  8.8770e+00  5.2334e+00  5.8050e+00  7.2338e+00  1.0650e+01  1.0000e+00
-6.1336e-01  1.7675e+00  4.6400e-01  1.7206e+01  3.3214e-01 -8.1185e-01  1.7228e+01  1.0000e+00
-9.1063e-01 -2.6673e-01  1.2867e-01 -3.3152e+00 -1.0328e+00 -2.5145e-01  3.4815e+00  1.0000e+00
 1.7391e+00  1.2057e+00  1.1053e+00 -1.5073e+00  1.1531e+00  3.5160e+00  3.9955e+00  1.0000e+00
-1.3450e+00  2.7659e+00  4.2635e-01  1.5018e+00 -5.4804e-02  1.2888e+00  1.9798e+00  1.0000e+00
 1.6544e+02  4.1627e+01 -1.6049e+02  2.2218e+02  5.5313e+01 -2.1506e+02  3.1413e+02  1.0000e+00
-5.6707e-02  1.3020e+00  6.0521e-01 -9.8647e+00  1.8595e+01 -7.3454e+00  2.2294e+01  1.0000e+00
-1.7445e+00  3.7715e+00  1.0920e+00 -5.5421e+00  1.0468e+01  3.6009e+00  1.2380e+01  1.0000e+00
-5.3182e-01  1.1156e+00  3.8116e-01  5.2958e+00 -2.9563e+00 -1.3658e+01  1.4944e+01  1.0000e+00
 1.5048e+00  1.3454e+00  1.9288e+00  1.2374e+00  1.2690e+00  5.9946e+00  6.2511e+00  1.0000e+00
-4.6969e-01  1.3912e+00  2.3641e-01  1.8876e+01 -6.3161e+00  8.2831e+00  2.1559e+01  1.0000e+00
 5.8292e+00 -1.9289e+00 -4.3957e-01  3.8747e+00 -7.0298e-01  1.2307e-01  3.9398e+00  1.0000e+00
 1.3909e-01  1.6893e+00  7.5113e-02  8.3888e+00 -4.3885e+00 -3.3954e+00  1.0058e+01  1.0000e+00
 1.0457e+01  2.1474e+01  3.7776e+01  1.7294e+01  3.3972e+01  6.1188e+01  7.2091e+01  1.0000e+00
-1.2212e+01 -1.7804e+01 -2.0041e+01 -1.2930e+01 -1.8725e+01 -2.1142e+01  3.1061e+01  1.0000e+00
 2.6468e+00 -5.4325e+00 -2.3352e+01  2.6559e+00 -5.3818e+00 -2.3083e+01  2.3850e+01  1.0000e+00
 2.0059e+00  4.0848e+00 -1.2502e+00  1.5249e-01 -2.7926e+00  3.7240e+00  4.6572e+00  1.0000e+00
 3.0957e-03  1.3431e+00  5.4415e-01  1.3854e+01 -1.2252e+00 -8.6635e+00  1.6385e+01  1.0000e+00
-1.3543e-01  1.6110e+00 -1.0515e-01  5.5687e+00  8.7663e+00  5.1712e+00  1.1602e+01  1.0000e+00
-3.8485e+00  1.8658e+00 -4.5906e-01 -1.0133e+00  2.6787e+00  2.4114e+00  3.7440e+00  1.0000e+00
-7.7735e-01  1.7893e+00  5.6955e-01 -4.2929e+00  1.3724e+01 -4.2469e+00  1.4993e+01  1.0000e+00
 3.1098e+01  1.2080e+01 -8.0749e-01  3.3182e+01  1.3157e+01 -8.7464e-01  3.5706e+01  1.0000e+00
 8.7100e-02  1.7163e+00 -9.8398e-03  1.3595e+00 -4.0884e+00  2.7038e+00  5.0866e+00  1.0000e+00
 2.3117e+01  1.3779e+00  2.5912e+01  2.4682e+01  1.5795e+00  2.7660e+01  3.7105e+01  1.0000e+00
-1.3732e+00  2.9757e+00 -9.8526e-01 -1.7690e+00  5.2020e+00 -2.4537e+00  6.0175e+00  1.0000e+00
-7.5420e-01  1.3891e+00  8.4529e-01 -1.2350e+01  1.8872e+01  6.6325e+00  2.3509e+01  1.0000e+00
-3.7989e+01  8.1432e+00  8.7003e+00 -4.1018e+01  8.9755e+00  9.4472e+00  4.3039e+01  1.0000e+00
 5.5687e-01  8.8716e-01  4.0548e-01  1.1779e+01  2.5093e+00 -3.9501e+00  1.2675e+01  1.0000e+00
 7.8254e+00 -1.2803e+01  2.3305e+01  7.4608e+00 -1.3100e+01  2.4548e+01  2.8807e+01  1.0000e+00
 8.4508e+00 -8.8754e+00  1.8504e+01  8.4984e+00 -9.1059e+00  1.9032e+01  2.2745e+01  1.0000e+00
 1.5145e+01 -1.8245e+01 -7.0460e+00  1.4493e+01 -1.9029e+01 -7.4932e+00  2.5066e+01  1.0000e+00
 3.6861e-01  1.1333e+00  5.1891e-01 -1.8389e+01  1.6611e+01 -3.8289e+00  2.5075e+01  1.0000e+00
 2.5449e-01  1.5269e+00  1.2899e-01  2.1272e+00  1.1056e+00  1.0912e+01  1.1173e+01  1.0000e+00
-2.7090e-01  8.3741e-01  1.3726e+00  1.7085e+00  2.0277e+00  1.4189e+01  1.4435e+01  1.0000e+00
-4.1913e+00  4.7752e-02 -3.1628e+00 -7.4178e+00 -1.7082e+00 -4.2747e+00  8.7301e+00  1.0000e+00
-1.7271e-02  1.2791e+00  3.7658e-02  4.2052e+00 -6.8009e+00 -3.7472e-01  8.0048e+00  1.0000e+00
 4.4229e-01  1.3187e+00  7.4593e-01 -9.0426e+00  2.0997e+00  3.3301e+00  9.8625e+00  1.0000e+00
-9.6324e-01  1.2399e+00  3.0523e-01 -4.6678e+00 -1.4050e+01  7.7207e+00  1.6698e+01  1.0000e+00
 6.6093e-01  1.4423e+00  3.0544e-01 -8.3310e+00  8.0518e-01  1.2268e+00  8.4593e+00  1.0000e+00
-5.0387e+01  2.0924e+01  1.9236e+01 -5.4893e+01  2.2858e+01  2.1167e+01  6.3118e+01  1.0000e+00
 4.6133e-02  1.4967e+00  7.9052e-01  1.3620e+01 -2.1853e+00 -1.0788e+01  1.7512e+01  1.0000e+00
 5.5245e-02  6.3173e-01  4.3025e-01  1.5033e+00  4.1416e+00 -4.4328e+00  6.2500e+00  1.0000e+00
-4.8736e-01  3.4037e+00  8.0367e-01 -2.7175e+00  9.0226e+00  1.4844e+00  9.5392e+00  1.0000e+00
 1.8118e+01 -1.5389e+01 -6.0451e+00  1.8940e+01 -1.5976e+01 -6.0517e+00  2.5506e+01  1.0000e+00
 1.9511e-02  1.2071e+00  1.2733e-01 -5.9001e+00 -1.7555e+01 -2.0960e+00  1.8638e+01  1.0000e+00
 1.2221e+01 -1.0556e+01  2.7202e+01  1.2823e+01 -1.1013e+01  2.9073e+01  3.3630e+01  1.0000e+00
 2.7323e+01  3.9533e+00  2.9414e+01  4.3708e+01  5.2992e+00  4.6113e+01  6.3756e+01  1.0000e+00
-4.6671e+00 -4.8492e+00 -2.2159e+01 -5.0553e+00 -4.8821e+00 -2.3120e+01  2.4165e+01  1.0000e+00
-1.6733e-01  1.1175e+00  4.5225e-01  1.1226e+01 -1.5657e+01 -1.0558e+00  1.9295e+01  1.0000e+00
-6.8007e-01  1.5903e+00  4.3391e-01 -1.1072e+01  9.1243e+00 -3.1580e+00  1.4691e+01  1.0000e+00
-4.1733e-01  1.4729e+00  5.1976e-01 -9.7668e+00  7.9134e+00 -4.2216e+00  1.3260e+01  1.0000e+00
-9.8877e-01  4.4120e-01  1.0970e+00  2.8368e+00  2.9162e+00 -1.1082e+00  4.2166e+00  1.0000e+00
-1.7376e-01  1.2625e+00  1.5247e+00 -3.1224e+00  1.4835e+01  1.2380e+00  1.5210e+01  1.0000e+00
-5.7317e-01  1.4962e+00  7.2594e-01  5.7422e+00  1.3854e+01 -8.8561e+00  1.7416e+01  1.0000e+00
-1.0340e+00  1.3769e+00  5.9853e-01 -1.8885e+00  1.4376e-01  7.3418e+00  7.5822e+00  1.0000e+00
-1.7974e+00  2.3762e+00 -9.5070e-01 -6.6767e+00  6.1749e+00 -4.9344e+00  1.0347e+01  1.0000e+00
-3.7554e+00 -1.0659e+01  2.4227e+01 -3.9000e+00 -1.1392e+01  2.5504e+01  2.8204e+01  1.0000e+00
-4.6681e-01  1.8334e+00  1.9076e-01 -1.1323e+01  1.9453e+01  4.5802e+00  2.2969e+01  1.0000e+00
-2.6728e-01  9.3508e-01  2.0602e-01  7.8303e+00 -8.6259e+00  6.9517e+00  1.3566e+01  1.0000e+00
-3.3499e+01  7.2470e+00 -9.2275e+00 -3.5316e+01  8.4750e+00 -9.3482e+00  3.7503e+01  1.0000e+00
-7.2858e-01  1.9845e+00  5.6113e-01  1.7193e+00 -3.7463e+00 -4.0415e+00  5.7727e+00  1.0000e+00
-1.2776e-01  1.3776e+00  2.5590e-01  1.7080e+01  6.3818e+00 -6.9455e+00  1.9512e+01  1.0000e+00
-2.3928e-01  1.1824e+00  4.8876e-01  8.8623e+00 -3.9998e-01 -4.8188e+00  1.0096e+01  1.0000e+00
-1.3482e+01 -4.2960e+01 -4.9346e+01 -1.4917e+01 -4.4678e+01 -5.2169e+01  7.0287e+01  1.0000e+00
 3.2799e+01 -2.8906e+01  8.1403e+00  3.5397e+01 -3.1114e+01  8.7227e+00  4.7928e+01  1.0000e+00
-1.7436e-01  1.3694e+00  7.6255e-01 -4.6808e+00 -1.1722e+01  6.1832e+00  1.4055e+01  1.0000e+00
-4.9639e+00  3.4056e+00  1.9416e+00 -5.4822e+00  3.5795e+00  6.8528e-01  6.5831e+00  1.0000e+00
-3.6880e-01 -5.7330e+00  1.1016e+00 -1.5210e+00 -2.3443e+01  3.3596e+00  2.3732e+01  1.0000e+00
 6.7859e-01  1.6193e+00  1.8213e-01  2.0875e+01  3.0297e+00 -3.6806e+00  2.1412e+01  1.0000e+00
-1.6931e-01  1.6497e+00  3.0864e-01 -1.2076e+01  1.3362e+01  6.2618e+00  1.9068e+01  1.0000e+00
-6.3340e-01  1.3040e+00  7.7170e-01 -3.7061e+00  8.8704e+00  1.1957e+00  9.6876e+00  1.0000e+00
-1.7866e+01  2.8014e+01 -1.4838e+01 -1.9129e+01  3.0267e+01 -1.5807e+01  3.9139e+01  1.0000e+00
-2.6979e+00  1.9704e+00  4.6959e+00  6.5235e-02  1.9236e+00  5.1756e+00  5.5219e+00  1.0000e+00
 1.7977e-01  1.3087e+00  2.1874e+00  2.8756e+00  1.6522e+00 -7.7512e+00  8.4309e+00  1.0000e+00
-1.5913e-01  2.1242e+00  3.6611e-01  9.2888e+00 -1.4434e+00  3.6611e+00  1.0088e+01  1.0000e+00
-7.4178e-01  1.9519e+00  4.1688e-01  9.0004e+00 -1.0751e+00  1.2311e+00  9.1476e+00  1.0000e+00
 1.9834e-01  1.3761e+00  2.0683e-01  3.7971e+00  8.4024e+00 -1.0332e+01  1.3848e+01  1.0000e+00
 5.2516e-02  1.8623e+00  9.0171e-01  8.2933e+00  2.0709e+00  1.1491e+00  8.6249e+00  1.0000e+00
-5.2142e-02  1.6485e+00  3.6211e-01  5.3405e+00  5.6328e+00 -4.3733e+00  8.9092e+00  1.0000e+00
-6.6306e-02  1.3338e+00  4.3725e-01 -6.0078e+00 -7.0773e+00  2.2929e+01  2.4737e+01  1.0000e+00
-7.8769e-01  1.0290e+00 -7.8731e-02 -3.7031e+00  9.3882e+00 -3.2965e+00  1.0617e+01  1.0000e+00
-4.4096e-01  9.1510e-01  5.3114e-01  9.0541e+00  4.6214e+00  7.4876e+00  1.2625e+01  1.0000e+00
 7.9536e+00 -1.3061e+01  2.3115e+01  8.7990e+00 -1.3494e+01  2.4267e+01  2.9127e+01  1.0000e+00
-1.5237e+00  2.5523e+00 -1.4537e+00 -1.2054e+00  6.4773e-01 -2.0135e+00  2.4345e+00  1.0000e+00
 6.3967e+01 -4.3734e+01 -8.8916e+01  6.9252e+01 -4.7253e+01 -9.5417e+01  1.2702e+02  1.0000e+00
 6.8483e-01  8.8222e+00 -2.4807e+00  1.6640e+00  1.5849e+01 -6.5305e+00  1.7222e+01  1.0000e+00
 1.7234e-01  3.2378e-01  5.6245e-01  4.6714e+00 -1.0587e+01  1.1030e+01  1.5986e+01  1.0000e+00
 1.6052e+01 -4.2848e+00 -3.2420e+00  1.6237e+01 -3.6238e+00 -2.7156e+00  1.6856e+01  1.0000e+00
-3.9046e-01  1.7033e+00  3.4980e-01  3.0566e+00 -7.1084e+00 -5.3770e+00  9.4225e+00  1.0000e+00
-2.2517e+00  2.4854e+00  3.6098e-01 -6.6764e+00  4.8058e-01  2.2682e+00  7.0676e+00  1.0000e+00
-3.8833e-01  1.2182e+00  2.8403e-01  3.3555e-01 -1.6244e+01  3.8992e+00  1.6709e+01  1.0000e+00
 3.8303e-01  1.0972e+00  6.5998e-01  8.2812e+00 -7.9448e+00 -2.8455e+00  1.1823e+01  1.0000e+00
 5.1719e-01  1.0857e+00  5.3189e-01 -8.1303e+00  6.3415e+00  1.6185e-02  1.0311e+01  1.0000e+00
-3.0846e-01  1.2174e+00  6.3065e-01  5.3950e+00 -1.0982e+01 -1.2271e+01  1.7329e+01  1.0000e+00
-8.4787e-02  8.9362e-01  7.6458e-01 -6.7611e+00  5.2409e+00 -1.0554e+01  1.3586e+01  1.0000e+00
 9.9106e-01  9.6344e-01 -1.1099e-01 -3.8133e+00 -2.4816e+00 -2.4323e+00  5.1590e+00  1.0000e+00
 1.5851e+00 -1.2460e+01  2.2045e+01  1.7388e+00 -1.2968e+01  2.2926e+01  2.6397e+01  1.0000e+00
-4.4864e+01  3.4513e+01 -2.8660e+01 -5.8146e+01  4.4360e+01 -3.7300e+01  8.2098e+01  1.0000e+00
 3.6036e-01  1.5735e+00  2.0497e-01  1.5715e+01  5.3768e+00 -1.6326e+01  2.3290e+01  1.0000e+00
-2.6229e-01  7.8071e-02  7.4023e-01 -1.9136e+00  4.6429e+00  3.6483e+00  6.2071e+00  1.0000e+00
-8.1027e-01  1.5487e+00  4.0237e-01  4.4334e+00  5.0885e+00  1.3804e+01  1.5366e+01  1.0000e+00
 9.1718e-01  1.3498e+00 -1.5549e-01  7.4447e+00  4.0940e+00  1.6603e+00  8.6568e+00  1.0000e+00
-1.7924e-01  1.1341e+00  1.1619e+00 -7.2787e+00 -2.4347e+00  4.5329e+00  8.9137e+00  1.0000e+00
-5.2645e-01  1.5490e+00  3.0595e-01 -6.8586e+00 -1.2025e+01 -4.9450e+00  1.4700e+01  1.0000e+00
-2.1196e+01  1.7882e+01 -5.9081e+00 -2.2162e+01  1.8732e+01 -6.1427e+00  2.9661e+01  1.0000e+00
 1.2992e+01 -1.0210e+01 -3.9757e+01  1.4078e+01 -1.1141e+01 -4.3124e+01  4.6712e+01  1.0000e+00
-6.8072e-01  2.3102e+00  1.9863e-01 -1.2924e+00 -1.4266e+01  4.7918e+00  1.5104e+01  1.0000e+00
-8.5121e-01 -2.5384e+01 -1.8105e+01  2.2756e-02 -2.6990e+01 -1.9030e+01  3.3025e+01  1.0000e+00
-9.6315e+00  9.0907e+00 -3.7489e+01 -1.0534e+01  9.9618e+00 -4.0449e+01  4.2969e+01  1.0000e+00
 4.4061e+00 -2.2062e+01  2.5235e-01  4.5024e+00 -2.2956e+01  3.5827e-01  2.3396e+01  1.0000e+00
 3.1737e-01  1.2084e+00  2.8296e-01  6.0854e+00 -4.5162e+00  2.9422e+00  8.1292e+00  1.0000e+00
-4.3190e+00 -5.6297e+00 -2.3670e+01 -4.5783e+00 -6.0188e+00 -2.4173e+01  2.5328e+01  1.0000e+00
 2.3381e+00  5.3689e+00  4.8795e+00  1.5575e+00  3.4439e+00  2.8260e+00  4.7194e+00  1.0000e+00
-4.9350e-01  1.3960e+00  3.0025e-01 -2.3213e+00 -6.2343e+00 -7.4735e+00  1.0005e+01  1.0000e+00
 1.5162e+01  8.9091e+00  2.0853e+01  1.8067e+01  9.8503e+00  2.4511e+01  3.2003e+01  1.0000e+00
-4.7433e-01  1.6556e+00  4.8857e-01  1.5828e+01 -1.2287e+01  2.0761e+01  2.8853e+01  1.0000e+00
 1.4942e+01 -1.8268e+01 -7.2371e+00  1.6938e+01 -1.8625e+01 -7.2915e+00  2.6209e+01  1.0000e+00
 1.6911e-01  1.5942e+00  5.0545e-01 -1.4410e+00  1.2175e+00  4.0253e-02  1.8869e+00  1.0000e+00
-1.8757e-01  1.7162e+00  7.8591e-01  4.3402e+00 -1.0084e+01 -4.3998e-01  1.0987e+01  1.0000e+00
-2.5841e+01 -1.1602e+01 -8.0614e+00 -2.7309e+01 -1.2210e+01 -8.4233e+00  3.1078e+01  1.0000e+00
 1.2629e+01  7.0975e+00  1.2825e+01  1.2309e+01  7.4572e+00  1.3238e+01  1.9554e+01  1.0000e+00
 4.9991e-01  1.0728e+00  8.5204e-01 -8.2863e+00  1.8856e+00  6.8553e+00  1.0919e+01  1.0000e+00
 1.0514e+01 -3.4138e+01 -2.7014e+00  1.1437e+01 -3.6711e+01 -2.9183e+00  3.8562e+01  1.0000e+00
 4.1983e+01 -1.2687e+01  3.2433e+01  8.4634e+01 -2.7138e+01  6.4804e+01  1.1000e+02  1.0000e+00
-5.0936e+01 -4.9141e+00  7.5175e+01 -5.6974e+01 -5.5829e+00  8.4052e+01  1.0170e+02  1.0000e+00
 2.0125e+01 -3.4691e+01 -2.8203e+01  2.1997e+01 -3.7677e+01 -3.0694e+01  5.3344e+01  1.0000e+00
-5.5264e-01  1.8290e+00  3.4002e-01  2.3720e+00 -1.1071e+00 -7.1289e+00  7.5943e+00  1.0000e+00
-1.9100e+00  7.0505e+00  1.6028e+00 -3.0951e-01  5.9767e+00  8.9077e-01  6.0506e+00  1.0000e+00
-5.9830e-01  1.6599e+00  7.6778e-01 -1.2626e+01 -8.1648e+00  8.1558e+00  1.7106e+01  1.0000e+00
-1.0633e+01 -2.1779e+00 -7.4056e+00 -9.4741e+00 -2.2027e+00 -5.8571e+00  1.1354e+01  1.0000e+00
 4.6900e-01  1.3788e+00 -1.1255e+00  6.3399e+00  9.2436e-01 -1.3117e+01  1.4598e+01  1.0000e+00
 5.4801e-02  1.0857e-01  3.8298e-01  1.1549e+00  1.3319e+00  5.0520e+00  5.3508e+00  1.0000e+00
-4.1996e-01 -2.5302e+01 -1.8047e+01 -1.4583e+00 -2.6696e+01 -1.9250e+01  3.2945e+01  1.0000e+00
-1.3124e+00 -1.5243e+01 -5.7429e-01 -2.3272e+00 -3.7246e+01 -2.6054e+00  3.7409e+01  1.0000e+00
-1.5588e-01  1.4906e+00  6.5934e-01  2.9829e+01 -4.5744e+00  1.6099e+01  3.4203e+01  1.0000e+00
-2.2299e-01  1.0425e+00  4.4135e-01  2.2690e+00  1.5498e+01 -1.3794e+01  2.0871e+01  1.0000e+00
 9.6980e-01  1.8114e+00  4.6154e-01 -3.6866e+00  4.3854e+00 -4.7607e-01  5.7489e+00  1.0000e+00
 3.9131e-01  1.4656e+00  3.8782e-01 -8.7304e-01  6.3468e+00 -9.4509e+00  1.1418e+01  1.0000e+00
-4.8713e+01 -5.8646e+01  2.7476e+01 -5.1364e+01 -6.2584e+01  2.9541e+01  8.6184e+01  1.0000e+00
 6.2666e-01  1.8016e+00 -1.3993e-01 -4.4069e+00 -6.4344e-01  4.0410e+00  6.0137e+00  1.0000e+00
-3.8417e+00  7.1106e+00 -2.6327e+00 -2.6549e+00  5.7996e+00 -1.2444e+00  6.4986e+00  1.0000e+00
-7.1141e-01  2.2076e+00  5.8039e-01 -4.6120e+00  1.0753e+01  1.9723e+00  1.1865e+01  1.0000e+00
-7.6071e-01  1.9143e+00  2.5104e-01  1.1348e+01  8.7433e+00 -4.6458e+00  1.5060e+01  1.0000e+00
 5.2894e-01  8.0509e-01  7.7728e-01 -2.9758e+00 -3.0941e+00  8.7938e-01  4.3820e+00  1.0000e+00
-1.1940e-02  1.2433e+00  1.7754e-01  2.2183e+00 -3.3298e+00  7.7322e+00  8.7061e+00  1.0000e+00
-4.8133e-01  1.8651e+00  8.0476e-01 -1.4635e+01  3.4666e+00  8.7432e+00  1.7397e+01  1.0000e+00
-1.6765e-01 -2.2166e+01  1.0522e+01 -1.7465e-01 -2.3181e+01  1.0847e+01  2.5594e+01  1.0000e+00
-2.9148e+01 -1.7263e+01 -1.0544e+01 -3.0651e+01 -1.7472e+01 -1.0442e+01  3.6794e+01  1.0000e+00
 1.2984e-01  1.1604e+00  1.3738e-01 -1.4045e+01 -3.8148e+00  7.9202e+00  1.6569e+01  1.0000e+00
-9.4854e-01  1.1414e+00  2.7063e-01 -1.2021e+00  4.3239e+00 -7.0452e+00  8.3532e+00  1.0000e+00
 3.7552e+01 -1.3433e+01 -2.1824e+00  4.0589e+01 -1.4478e+01 -2.2776e+00  4.3154e+01  1.0000e+00
 8.6066e-01  8.1987e-01 -5.7236e-02  2.5301e+00 -3.1538e-02 -1.0766e+01  1.1059e+01  1.0000e+00
 3.6476e+02 -4.5120e+02  2.9535e+02  3.8386e+02 -4.7418e+02  3.0947e+02  6.8408e+02  1.0000e+00
-1.3014e-02  1.5548e+00 -1.7643e-01 -1.0547e+01  3.3563e+00  6.5661e+00  1.2869e+01  1.0000e+00
 1.0558e-02  1.4397e+00 -6.3944e-02 -3.9579e+00  1.1528e+01 -2.5956e+00  1.2462e+01  1.0000e+00
-2.8415e-01  1.6473e+00  9.7197e-01  3.0295e+00  8.6084e-02  8.6071e+00  9.1251e+00  1.0000e+00
 2.0337e+01  1.6380e+01  1.6301e+00  2.1156e+01  1.6938e+01  1.8593e+00  2.7164e+01  1.0000e+00
-1.6793e+01 -4.3055e+00  9.2808e+00 -1.8223e+01 -4.6221e+00  1.0678e+01  2.1621e+01  1.0000e+00
 5.0183e+00 -2.7773e+01  1.3291e+00  5.2266e+00 -2.9203e+01  1.2182e+00  2.9692e+01  1.0000e+00
-6.5563e-01  1.9830e+00  7.3286e-01 -1.0159e+00  5.4301e-01  1.2107e+01  1.2162e+01  1.0000e+00
 1.2854e+00  1.2722e+01 -1.9759e+01  1.2285e+00  1.3071e+01 -2.0449e+01  2.4300e+01  1.0000e+00
-5.7990e+01  1.9534e+01  2.1175e+01 -6.8463e+01  2.3092e+01  2.4955e+01  7.6441e+01  1.0000e+00
-2.9437e-01  1.4692e+00  5.9328e-01 -1.0839e+01  6.5486e+00  9.4982e+00  1.5830e+01  1.0000e+00
 2.0060e-01  1.2232e+00  3.1312e-01  5.1766e+00  1.5200e+01  4.6687e+00  1.6722e+01  1.0000e+00
-5.2714e-01  1.4016e+00  2.9335e-01  1.1025e+01  5.0055e-01  6.7552e+00  1.2940e+01  1.0000e+00
-1.5448e+00  2.7374e+00 -4.6864e-01  1.1683e+00  2.0494e+00 -2.7854e+00  3.6502e+00  1.0000e+00
 2.7828e+00 -2.8858e+01  2.2949e+01  2.9581e+00 -3.1054e+01  2.4708e+01  3.9794e+01  1.0000e+00
 1.8020e+01 -3.3713e+01  1.3351e+01  2.3413e+01 -4.3953e+01  1.7139e+01  5.2667e+01  1.0000e+00
-1.9748e+00  1.5787e+01  2.6729e+00 -3.1739e+00  1.4729e+01  2.8989e+00  1.5343e+01  1.0000e+00
 1.6996e-01  1.5581e+00  7.2606e-01  9.9650e-01 -1.4337e+01 -9.4393e+00  1.7194e+01  1.0000e+00
-2.2989e+00  5.1063e+00  1.8777e-02 -4.4050e+00  9.4106e+00  1.8885e-01  1.0392e+01  1.0000e+00
-3.8445e-02  1.3478e+00  8.6498e-02 -1.6850e+00  1.7419e+01 -3.2916e+00  1.7807e+01  1.0000e+00
 1.4328e+01 -4.3432e+00  7.5451e+00  1.4198e+01 -3.7046e+00  7.0525e+00  1.6281e+01  1.0000e+00
-5.5155e-01  2.0005e+00  6.5581e-01  9.8626e+00  5.1703e+00  1.3566e+01  1.7551e+01  1.0000e+00
-4.9465e-01  1.5768e+00  5.3417e-01 -1.3055e+01  6.3750e+00  1.8711e-01  1.4530e+01  1.0000e+00
-6.1205e-01  1.3827e+00  8.2456e-01  3.2748e+00  1.0983e+01  5.3950e+00  1.2667e+01  1.0000e+00
-6.0641e+00 -5.1799e+00 -3.0928e+01 -6.3471e+00 -5.3921e+00 -3.2879e+01  3.3917e+01  1.0000e+00
-1.3118e+00  7.7757e-02  4.1896e+00  1.1024e+00  2.9307e+00 -2.2924e+00  3.8806e+00  1.0000e+00
 3.8081e+01 -7.8711e-01 -8.1276e+00  4.1116e+01 -7.3137e-01 -8.5455e+00  4.2001e+01  1.0000e+00
-7.4196e-01  1.8361e+00 -1.9894e-02 -2.9554e-01 -1.0704e+01  1.0003e+01  1.4653e+01  1.0000e+00
 1.3274e+01 -2.3310e+00  3.4804e+01  1.4304e+01 -2.8686e+00  3.7582e+01  4.0315e+01  1.0000e+00
 6.0289e-01  2.6303e-01  1.3964e+00  3.5034e+00 -5.1552e+00  1.8583e+00  6.5041e+00  1.0000e+00
 8.4959e-01  2.5729e+00  4.2039e-01  1.5776e+00 -1.6260e+00  8.8531e+00  9.1384e+00  1.0000e+00
-1.4744e+01  2.5226e+00  2.4155e+01 -1.5363e+01  2.6604e+00  2.5482e+01  2.9874e+01  1.0000e+00
-2.8590e+00  9.8930e+00 -5.6047e-01 -3.4207e+00  5.7339e+00 -6.8052e-01  6.7113e+00  1.0000e+00
-5.5266e-01  1.6600e+00  5.7037e-01 -6.0260e+00 -8.0014e+00 -7.2093e+00  1.2341e+01  1.0000e+00
 9.5847e-01  5.9412e+01  3.8386e+01  2.7974e-01  6.3416e+01  4.0453e+01  7.5221e+01  1.0000e+00
-7.3053e+00  6.5376e+00 -1.9972e+00 -4.6926e+00  4.4778e+00 -2.4799e-01  6.4910e+00  1.0000e+00
 4.4685e-02  1.8876e+00  8.6684e-02 -1.1037e+01  1.4362e+01 -8.1602e+00  1.9866e+01  1.0000e+00
-3.7055e-01  1.7220e+00  7.3488e-01 -1.0007e+01  2.2579e-01  3.0391e-01  1.0014e+01  1.0000e+00
-1.5400e-01  1.9028e+00  3.0293e-01 -7.3630e+00 -2.1892e+00 -3.9726e-01  7.6918e+00  1.0000e+00
-3.9039e-01  1.4546e+00  8.8487e-01 -1.4603e+01  3.7894e+00  2.7223e+00  1.5330e+01  1.0000e+00
-2.5370e-01  1.2349e+00  4.7251e-01  1.2508e+01  7.8484e+00  6.6653e+00  1.6201e+01  1.0000e+00
-2.9214e+00  7.8727e-01  4.6470e+00  1.5110e+00  2.0644e+00 -9.6975e-01  2.7359e+00  1.0000e+00
-4.5515e-01  1.5209e+00  2.7653e-01  2.5339e-01  2.6578e+01 -2.8067e+00  2.6727e+01  1.0000e+00
-2.2172e+01  1.8545e+01  6.2055e+00 -2.6814e+01  2.2390e+01  7.1320e+00  3.5654e+01  1.0000e+00
 3.9631e+00 -6.6431e+00  1.9307e+00  1.7737e+01 -3.0714e+01  6.1770e+00  3.6002e+01  1.0000e+00
-2.1774e-01  1.6859e+00  3.4670e-01 -1.8045e+00  1.7752e+00  4.9807e+00  5.5871e+00  1.0000e+00
-9.0478e-01  1.6056e+00  4.9221e-01  1.1118e+01  9.7189e+00 -6.1231e+00  1.5986e+01  1.0000e+00
-3.2068e-01  1.4560e+00  1.9828e-01  7.9831e+00  2.8168e+00 -2.2152e+01  2.3714e+01  1.0000e+00
 1.2389e+01 -2.0655e+01 -1.0423e+01  1.3070e+01 -2.1327e+01 -1.0936e+01  2.7300e+01  1.0000e+00
-7.6963e-02  1.0181e+00  9.5342e-01  8.6493e+00 -4.1257e+00  9.8498e+00  1.3742e+01  1.0000e+00
 1.6404e+01  4.6393e+00 -3.6155e+01  1.7737e+01  5.2223e+00 -3.7941e+01  4.2207e+01  1.0000e+00
-2.5147e+00  1.3540e+01 -8.1801e+00 -2.4186e+00  1.2800e+01 -6.9844e+00  1.4780e+01  1.0000e+00
-3.2755e+01 -1.1392e+01  7.7680e+00 -3.5358e+01 -1.2060e+01  8.3491e+00  3.8280e+01  1.0000e+00
 4.1251e+01 -3.9582e+00 -1.6845e+01  4.4958e+01 -4.2808e+00 -1.8230e+01  4.8702e+01  1.0000e+00
 1.6052e+01 -8.8829e+01  5.5132e+01  1.7616e+01 -9.7711e+01  6.0738e+01  1.1639e+02  1.0000e+00
-4.5089e-01  1.4704e+00  6.2839e-01 -1.3777e+00 -4.9665e+00  6.1730e+00  8.0417e+00  1.0000e+00
-2.7281e-01  1.2995e+00  3.3296e-01 -1.6747e+01 -1.4062e+01 -9.9635e+00  2.4031e+01  1.0000e+00
-6.0473e-01  1.2443e+00  4.9318e-01 -2.1382e-01  1.4241e+01  1.7061e+00  1.4345e+01  1.0000e+00
-2.3406e-01  1.6886e+00  4.2773e-01  1.0984e+01  2.6445e+01 -5.5627e+00  2.9171e+01  1.0000e+00
-1.9695e+01 -9.4820e+00 -1.0068e+01 -2.0662e+01 -9.4277e+00 -1.0530e+01  2.5033e+01  1.0000e+00
-1.3928e-01  1.3511e+00  1.8619e-01 -9.2261e+00  1.2198e+01  3.6247e+00  1.5718e+01  1.0000e+00
-1.9305e-01  2.0082e+00  1.6207e+00 -5.8775e+00 -1.8505e+00  8.8660e+00  1.0797e+01  1.0000e+00
-8.5812e-01  1.5782e+00  1.7828e-01  2.6130e+00  2.1945e+00  6.5028e+00  7.3437e+00  1.0000e+00
-4.5127e-01  1.5169e+00  4.2683e-01  1.9369e+01  4.7679e+00 -5.4999e+00  2.0692e+01  1.0000e+00
 3.6057e+00 -2.7574e+00 -4.1914e+00  1.7065e+00  9.1581e-01 -1.6737e+00  2.5597e+00  1.0000e+00
 1.4934e-01  1.3749e+00  3.8787e-01  1.2644e+01 -7.0210e+00  6.6407e+00  1.5914e+01  1.0000e+00
 2.6963e-01  1.4280e+00  3.8565e-01  2.5782e+00 -1.1121e+01 -1.2793e+00  1.1487e+01  1.0000e+00
 1.3393e+01 -1.6366e+01 -1.9678e+01  1.4059e+01 -1.7613e+01 -2.0481e+01  3.0452e+01  1.0000e+00
 1.1531e+01  5.3846e+00 -5.8648e+00  2.1855e+01  8.6402e+00 -1.0062e+01  2.5564e+01  1.0000e+00
 2.6057e-01  2.1436e+00  1.3830e+00 -3.1497e+00  9.9465e+00  1.3632e+00  1.0522e+01  1.0000e+00
-4.2030e-01  1.6231e+00  2.4809e-01 -2.8954e+00  5.7433e+00 -1.5255e+01  1.6555e+01  1.0000e+00
 5.1355e-01  1.9790e+00 -5.0872e-01  7.6076e-01  1.1049e+01  5.7914e+00  1.2498e+01  1.0000e+00
 2.0177e+01 -9.9567e+00 -1.3261e+01  3.0590e+01 -1.5806e+01 -2.0106e+01  3.9872e+01  1.0000e+00
 2.1505e-02  1.4754e+00  7.4091e-01 -4.5531e+00  1.7581e+00  5.2088e+00  7.1382e+00  1.0000e+00
-8.6511e-01  1.8503e+00  6.5375e-02  7.0439e+00 -2.6501e+00  2.2457e+00  7.8539e+00  1.0000e+00
-4.8663e+01  1.1714e+01  2.3978e+01 -6.0096e+01  1.4427e+01  2.9662e+01  6.8553e+01  1.0000e+00
-3.6876e-01  1.3698e+00  2.1550e-01 -6.3125e+00 -4.2766e+00 -1.2837e+01  1.4931e+01  1.0000e+00
 1.7448e+01  1.2674e+01 -1.2764e+00  1.7439e+01  1.3156e+01 -9.1970e-01  2.1864e+01  1.0000e+00
-6.8968e-01  1.3423e+00  7.6620e-01  1.1391e+01 -6.4773e-02 -4.9160e+00  1.2406e+01  1.0000e+00
-3.2702e-01  1.8535e+00  5.2405e-01 -6.4299e+00 -7.0305e+00 -3.0453e+00  1.0002e+01  1.0000e+00
-3.6950e-01  1.4007e+00  3.8355e-01 -7.6867e+00  1.6386e+01 -4.6991e+00  1.8700e+01  1.0000e+00
 3.4959e+00  1.5449e+01 -8.8088e-01  3.6785e+00  1.4075e+01 -1.3106e+00  1.4607e+01  1.0000e+00
-3.6199e+02  4.4967e+02 -3.0115e+02 -3.7964e+02  4.7214e+02 -3.1702e+02  6.8377e+02  1.0000e+00
 3.7594e-01  1.7967e+00  9.9159e-01  1.0941e+01  6.2084e+00  1.5215e+01  1.9742e+01  1.0000e+00
-6.5266e-01  3.2882e+00  7.0149e-01  4.4420e+00 -1.8498e+00  2.2769e+00  5.3233e+00  1.0000e+00
-9.9545e-01  3.5101e+00  1.6312e-01  1.6186e+00 -6.0080e+00  1.9151e+00  6.5103e+00  1.0000e+00
-5.5532e-01  1.5721e+00  2.9690e-01 -1.8855e+01  3.7080e+00  1.5294e-01  1.9217e+01  1.0000e+00
-7.3263e-01  2.0516e+00  9.9777e-01  6.1790e+00  3.8011e+00 -7.1049e+00  1.0154e+01  1.0000e+00
 1.2849e+01 -1.8747e+01 -1.7896e+01  1.0588e+01 -2.2368e+01 -1.9544e+01  3.1534e+01  1.0000e+00
-1.3783e+00  2.1521e+00 -1.9339e-01 -9.0351e+00  7.2916e+00 -5.3636e+00  1.2789e+01  1.0000e+00
-2.3881e-01  1.5896e+00 -1.7112e+00 -3.7470e+00  1.7927e+00 -8.5992e+00  9.5499e+00  1.0000e+00
-3.0714e-01  1.9260e+00  4.7021e-01  5.2846e+00  1.2869e+01  1.1598e+01  1.8112e+01  1.0000e+00
-2.8331e+01  1.8636e+00  2.4351e+01 -3.0494e+01  2.2582e+00  2.6373e+01  4.0380e+01  1.0000e+00
-4.8374e-01  1.3848e+00  5.5856e-01 -1.0201e+01  3.4129e+00  9.1375e+00  1.4114e+01  1.0000e+00
-5.5149e-01  1.5085e+00  2.8599e-01  1.2044e+00 -3.5600e+00  7.5115e+00  8.3992e+00  1.0000e+00
-1.9186e+01  1.7557e+01 -3.0960e+01 -2.0699e+01  1.9121e+01 -3.3432e+01  4.3724e+01  1.0000e+00
 3.2464e+01 -2.2108e+01  8.9980e+00  3.5054e+01 -2.3770e+01  9.7666e+00  4.3465e+01  1.0000e+00
 1.6933e+01 -1.0399e+01  1.9153e+01  1.7612e+01 -1.0817e+01  2.0252e+01  2.8937e+01  1.0000e+00
-1.1316e+00  1.5143e+00  2.8237e-01 -1.2592e+00  9.8843e+00 -1.2818e+01  1.6235e+01  1.0000e+00
-4.3679e-01  1.4605e+00  6.0576e-01 -1.5045e+00  1.4626e+00  8.1912e+00  8.4556e+00  1.0000e+00
-4.0307e-01  1.5055e+00  4.3189e-01 -1.3674e+01  1.6376e+01  1.8732e+01  2.8391e+01  1.0000e+00
-1.1770e+01  1.5590e+00  3.6672e+00 -9.7790e+00  9.4043e-01  2.6948e+00  1.0187e+01  1.0000e+00
 1.3973e-01  1.5541e+00  5.4120e-01  1.1158e+01  3.6074e+00  2.9537e+00  1.2093e+01  1.0000e+00
-1.2745e-01  1.3565e+00  6.3768e-01 -4.7922e-01 -9.7784e+00  1.9600e+00  9.9844e+00  1.0000e+00
-1.7654e-01  1.6977e+00  2.3529e-01 -1.4936e+01  2.0410e+01 -3.6084e+00  2.5548e+01  1.0000e+00
 2.3803e-01  1.3436e+00  1.1235e-02  5.8955e+00  3.6479e+00  1.7196e+00  7.1429e+00  1.0000e+00
-1.1877e+01  1.2184e+01 -9.9122e+00 -1.1635e+01  1.2905e+01 -9.6599e+00  1.9880e+01  1.0000e+00
-1.3403e+00  1.8153e+00 -7.1545e-03 -2.4730e+00 -5.6325e+00 -3.5472e+00  7.1010e+00  1.0000e+00
-9.6800e+00  6.1232e+00 -2.3515e+01 -1.0192e+01  6.4005e+00 -2.4483e+01  2.7282e+01  1.0000e+00
-4.0392e+00  1.3741e+01  5.2164e+00 -5.1748e+00  1.2234e+01  3.7761e+00  1.3810e+01  1.0000e+00
-3.0815e+01 -6.6210e+00 -8.2669e+00 -3.3256e+01 -6.8841e+00 -8.3484e+00  3.4972e+01  1.0000e+00
 2.6537e-01  5.4561e-01  1.3721e+00  3.4611e+00  2.8196e+00  7.8240e-01  4.5322e+00  1.0000e+00
-2.0175e-01  4.8427e-01 -2.1952e+00 -3.9877e-01  3.7984e+00  7.1906e+00  8.1419e+00  1.0000e+00
-1.5874e-01  1.4573e+00  5.2098e-01  2.0832e+01  1.6479e+00  5.8311e+00  2.1695e+01  1.0000e+00
 2.6070e+00  1.3649e+00 -8.6088e-01  4.3176e+00 -2.4983e-01  2.8636e+00  5.1869e+00  1.0000e+00
-2.5082e-01  1.9267e+00  2.1575e-01 -1.2767e+01  5.0532e+00 -1.5207e+01  2.0489e+01  1.0000e+00
-7.6321e-02  1.5000e+00  3.1658e-01 -1.9013e+01  1.9335e-02  1.4578e+00  1.9069e+01  1.0000e+00
 4.1814e-01  3.3182e+00  1.8320e+00 -4.2782e-01  1.5263e+00 -4.2805e-01  1.6419e+00  1.0000e+00
 1.6384e+00  3.1783e-01 -1.2240e+00 -7.4561e+00  6.8341e+00 -9.3235e-01  1.0157e+01  1.0000e+00
 2.5574e+00  8.0359e+00 -2.6288e+00  3.3113e+00  9.4684e+00 -4.1987e+00  1.0874e+01  1.0000e+00
-6.8955e-01  2.9719e+00  3.9513e-01 -5.2984e+00  8.3929e-01  4.6290e-01  5.3844e+00  1.0000e+00
-3.9396e+01  4.2757e+01 -2.5945e+01 -4.1903e+01  4.4145e+01 -2.6606e+01  6.6427e+01  1.0000e+00
-4.6185e-01  1.2880e+00  1.1970e+00 -1.5541e+00  1.2197e+00  3.1282e+00  3.6998e+00  1.0000e+00
 5.6484e-01 -1.1105e-01  6.1461e-01  8.1598e+00  1.5467e+00 -1.6114e+00  8.4600e+00  1.0000e+00
-1.3184e+01 -6.4322e+00 -1.2920e+01 -1.9522e+01 -1.0577e+01 -1.9874e+01  2.9798e+01  1.0000e+00
-4.9635e-01  9.5113e-01 -1.5278e-01 -6.4821e-01 -3.7741e+00 -6.4624e-01  3.8835e+00  1.0000e+00
-6.4420e-01 -2.1100e+01 -1.1719e+01 -5.8894e-01 -2.1734e+01 -1.2407e+01  2.5033e+01  1.0000e+00
-8.1077e-01  1.4555e+00  3.5139e-01 -1.2567e+00 -3.0305e+00 -1.4844e+01  1.5202e+01  1.0000e+00
 1.2850e+01 -1.8718e+01 -1.7931e+01  1.6717e+01 -1.6930e+01 -1.8192e+01  2.9951e+01  1.0000e+00
-4.4612e-01  1.3705e+00  2.0958e-01  2.0569e+01  1.1406e+01 -1.0739e-01  2.3521e+01  1.0000e+00
-4.5298e+01  1.1512e+01 -2.3798e+01 -9.0973e+01  2.1555e+01 -4.8357e+01  1.0526e+02  1.0000e+00
 1.7848e+00  1.2591e+01  4.8662e+00  2.3374e+00  1.0941e+01  3.6174e+00  1.1758e+01  1.0000e+00
 6.4660e+00 -1.2953e+01  2.0553e+01  6.9967e+00 -1.3387e+01  2.1608e+01  2.6364e+01  1.0000e+00
-1.5469e+00  1.7198e-01 -2.3947e-01 -1.7465e+01 -2.2649e+01 -1.0090e+01  3.0329e+01  1.0000e+00
-2.7023e+01  1.5342e+01 -6.2008e+00 -4.2260e+01  2.3310e+01 -9.8975e+00  4.9266e+01  1.0000e+00
-5.7285e-01  1.7807e+00  5.0627e-01 -9.0220e+00  9.9666e+00 -2.8547e-01  1.3447e+01  1.0000e+00
-6.5103e-01  1.3693e+00  4.5899e-02 -1.1238e+01  2.4002e+00  1.0646e+00  1.1540e+01  1.0000e+00
-1.5057e+01 -5.0985e+00  8.8817e+00 -1.4797e+01 -5.0540e+00  8.4332e+00  1.7765e+01  1.0000e+00
-5.4077e-01  1.1566e+00  7.1130e-01 -5.2623e+00  1.2082e+01  1.0607e+01  1.6917e+01  1.0000e+00
-3.8484e+00  9.5123e+00  1.4251e+00 -8.9022e+00  1.9929e+01  2.7278e+00  2.1997e+01  1.0000e+00
 2.4677e+01 -3.1567e+01 -2.5310e+00  2.6807e+01 -3.4027e+01 -2.7875e+00  4.3407e+01  1.0000e+00
-6.1591e-01  2.0769e+00  6.7324e-01  8.1945e+00 -1.7000e+01 -6.1454e+00  1.9847e+01  1.0000e+00
 7.7959e-01 -2.4409e+00  1.7458e+00 -1.1914e+00 -5.9144e-01  1.3951e+00  1.9276e+00  1.0000e+00
-6.1007e-02  2.0628e+00 -8.0553e-02 -1.0076e+01  3.2710e-01 -4.6787e+00  1.1114e+01  1.0000e+00
 5.7325e-01  1.6255e+00  8.9438e-01 -1.2488e+01  7.8349e+00 -3.8757e+00  1.5243e+01  1.0000e+00
-1.8869e+00  2.6787e+00 -2.8779e+00 -2.7263e+00  3.0402e+00 -6.9793e+00  8.0862e+00  1.0000e+00
-1.3006e-01  1.8064e+00  1.6174e-01  1.3281e+01 -4.8712e+00  6.6837e+00  1.5646e+01  1.0000e+00
-1.0936e-01  1.7655e+00  4.0321e-01  1.7192e+01 -5.7571e+00  2.0451e+01  2.7331e+01  1.0000e+00
-6.9560e+00 -2.0008e+00 -1.2626e+00 -4.4561e+00 -1.1798e-01 -2.4236e-01  4.4643e+00  1.0000e+00
-3.8617e-01  1.4597e+00  5.7933e-01 -7.8264e+00  1.3532e-02  1.0846e+01  1.3375e+01  1.0000e+00
-2.1112e-01  1.9811e+00  4.5417e-01  7.7967e-01  2.7557e+00  4.6781e+00  5.4851e+00  1.0000e+00
-6.7779e-01  1.4969e+00  5.5757e-01  1.6436e+01  4.4607e-01  5.3172e+00  1.7280e+01  1.0000e+00
-4.8991e-01  1.2528e+00  3.2941e-01  1.2584e+01 -8.2706e+00  4.1739e+00  1.5626e+01  1.0000e+00
 1.2596e-03  1.9792e+00  1.5269e-01 -7.9362e+00 -5.4328e+00 -1.0091e+01  1.3940e+01  1.0000e+00
-3.0318e-01  1.3117e+00  1.7489e-01 -2.2184e+01 -7.1976e+00 -1.3263e+01  2.6830e+01  1.0000e+00
 8.1862e+00 -1.8598e+01 -4.9627e+00  2.1690e+01 -5.0292e+01 -1.3214e+01  5.6342e+01  1.0000e+00
-1.5653e+00  1.8601e+00  3.4264e-01 -6.1338e+00  5.3738e+00  3.1311e+00  8.7353e+00  1.0000e+00
-5.5781e+01  4.4981e+01  2.1009e+01 -8.1274e+01  6.5132e+01  3.0714e+01  1.0859e+02  1.0000e+00
-3.5810e-02  1.3697e+00  4.4804e-01  1.5469e+01  2.1993e+00 -2.4095e+01  2.8717e+01  1.0000e+00
-2.4754e-01  2.0069e+00  9.5852e-01 -9.5085e+00  1.1848e+01  7.7368e+00  1.7049e+01  1.0000e+00
-1.8058e+02  5.8729e+00  1.6230e+02 -2.4181e+02  7.3671e+00  2.1773e+02  3.2547e+02  1.0000e+00
-4.3031e-01  1.2175e+00  9.2774e-01 -8.2455e+00  8.5460e+00  1.3001e+00  1.1946e+01  1.0000e+00
 5.2061e-01  1.9341e+00  8.2102e-01  1.1042e+01  4.6218e+00  1.2965e+00  1.2040e+01  1.0000e+00
 3.9060e-02  1.4866e+00  5.3316e-01  1.9707e+00  2.5634e+00  1.3238e+01  1.3627e+01  1.0000e+00
-4.4813e+00  6.5676e+00  1.7077e+01 -4.1915e+00  5.9002e+00  1.5707e+01  1.7294e+01  1.0000e+00
 6.1137e+00  3.0046e+00  1.8193e+00  7.8420e-01  2.2342e+00  1.1677e+00  2.6401e+00  1.0000e+00
 1.3171e+01 -7.7591e+00 -1.1223e+01  1.3067e+01 -7.9724e+00 -1.0960e+01  1.8826e+01  1.0000e+00
 8.1310e-01  1.8681e+00 -1.6406e-01 -8.0262e-02 -3.9774e-01  6.9186e+00  6.9304e+00  1.0000e+00
 1.9574e+01 -1.9861e+01 -2.9307e+01  2.1263e+01 -2.1419e+01 -3.1450e+01  4.3589e+01  1.0000e+00
-4.2699e-01  1.1958e+00  9.5311e-05 -3.2758e+00  3.6413e+00  6.1601e+00  7.8700e+00  1.0000e+00
-1.8904e-01  2.0173e+00  5.6896e-01 -5.8522e+00 -3.4825e-01 -8.2148e+00  1.0092e+01  1.0000e+00
-6.1895e-01  1.4011e+00  1.2842e-01 -3.5099e+00 -1.0730e+01 -5.1866e+00  1.2424e+01  1.0000e+00
-1.5580e+01 -2.5106e+01 -2.3538e+01 -2.4909e+01 -4.1509e+01 -3.8278e+01  6.1715e+01  1.0000e+00
 5.6911e-01  1.5654e+00  8.3497e-01  2.3481e+00  5.1665e+00 -3.3208e+00  6.5753e+00  1.0000e+00
 3.7951e-02  1.7444e+00  5.4115e-01 -1.6520e+01 -1.1755e+01  6.6728e+00  2.1345e+01  1.0000e+00
-1.2159e+00  1.4518e+00  5.9991e-01 -8.1562e+00 -2.2143e+00 -4.9318e+00  9.7851e+00  1.0000e+00
 1.9056e-01  2.0594e+00  1.6613e+00  8.8306e-01  5.4513e-01  3.4404e+00  3.5935e+00  1.0000e+00
 4.6669e-01  1.5250e+00  1.1731e-01 -5.5884e+00  1.1377e+01 -8.4773e+00  1.5249e+01  1.0000e+00
-9.6955e-01  2.5274e+00  1.6775e+00  4.1736e+00 -3.0367e+00 -8.8702e+00  1.0263e+01  1.0000e+00
-4.6882e+00  7.3803e+00  2.0681e+01 -4.4096e+00  7.7517e+00  2.0932e+01  2.2753e+01  1.0000e+00
-8.4450e-01  9.4825e-01  3.0532e-01  4.8624e+00  2.9657e+00  1.8582e+01  1.9435e+01  1.0000e+00
-4.8929e-01  2.0602e+00  6.4704e-01 -8.5045e+00  3.6297e+00 -4.7648e+00  1.0402e+01  1.0000e+00
-3.8748e-01  1.4652e+00  3.1109e-01 -3.8975e+00 -1.3109e-01 -1.4491e+00  4.1603e+00  1.0000e+00
 5.5326e-01  1.4436e+00  3.6378e-01  2.9774e+00 -4.3067e+00 -5.6818e+00  7.7262e+00  1.0000e+00
 1.4743e+01 -3.7118e+01  6.6080e+01  1.5600e+01 -3.9382e+01  7.0865e+01  8.2560e+01  1.0000e+00
 2.8398e+01  5.3979e+00  2.6843e+01  3.0586e+01  5.7599e+00  2.9098e+01  4.2607e+01  1.0000e+00
-3.2122e+00  1.0125e+00 -1.6771e+00  1.5438e+00 -8.4487e-01 -2.6437e+00  3.1759e+00  1.0000e+00
-1.9320e-01  1.9884e+00 -4.3817e-01  1.1240e+00  3.8862e+00 -5.0202e+00  6.4474e+00  1.0000e+00
-4.7641e-01  1.5256e+00 -3.4862e-02 -6.9992e+00 -1.1766e+01  1.9088e+00  1.3823e+01  1.0000e+00
-7.4761e+00  4.9743e+00  2.9580e+01 -7.9559e+00  5.5174e+00  3.1454e+01  3.2911e+01  1.0000e+00
-1.9363e+01 -3.2948e+00 -1.8276e+01 -2.0235e+01 -2.4755e+00 -1.8692e+01  2.7659e+01  1.0000e+00
-3.5234e+00  8.1927e-01  1.8815e+00 -6.3765e+00 -1.4546e+00  2.4492e+00  6.9838e+00  1.0000e+00
-1.0745e+01 -1.8694e+01 -1.3746e+00 -1.1958e+01 -2.1757e+01 -1.2703e+00  2.4859e+01  1.0000e+00
-3.6097e-02  3.6942e+00  2.1480e-01 -3.3886e+00  1.0095e+01  6.7437e-02  1.0649e+01  1.0000e+00
-6.7436e-01  1.6950e+00  4.1975e-01  8.0328e+00  8.1749e+00  1.9241e+00  1.1621e+01  1.0000e+00
-1.0600e+00  1.0213e+00  4.2497e-01  1.4399e+01  1.5111e+01  2.1410e+00  2.0982e+01  1.0000e+00
-4.5492e-01  1.7794e+00  1.3050e-01  3.3329e+00  6.5508e-01 -9.6244e-01  3.5304e+00  1.0000e+00
-2.9071e-01  1.4752e+00  1.1980e-01  3.1452e+00 -6.6136e-01 -1.8678e+01  1.8952e+01  1.0000e+00
-1.0135e+01  3.2085e+01 -4.1088e+00 -1.0747e+01  3.4274e+01 -4.3196e+00  3.6178e+01  1.0000e+00
 3.9296e+00  2.6335e+00  5.1968e+00 -2.8443e-01  3.6838e+00  2.7476e+00  4.6044e+00  1.0000e+00
-1.7752e+01 -1.1468e-01 -4.6435e+00 -1.7384e+01  4.2367e-01 -4.6573e+00  1.8002e+01  1.0000e+00
 2.0059e+00  2.1122e+00 -2.5307e+00  1.1600e-01  7.1838e-01  3.5956e+00  3.6685e+00  1.0000e+00
-1.4248e+01 -5.2177e+00  9.8215e+00 -1.4058e+01 -4.3182e+00  9.4235e+00  1.7466e+01  1.0000e+00
-4.0333e-01  2.5527e+00  6.5433e-01 -2.9529e+00  9.6741e+00  4.2602e+00  1.0975e+01  1.0000e+00
 3.7718e+01  1.3707e+01  3.1334e+00  4.0610e+01  1.4926e+01  3.3199e+00  4.3393e+01  1.0000e+00
 1.3452e+01  1.8597e+01  2.6341e+00  1.3969e+01  1.8992e+01  3.0573e+00  2.3774e+01  1.0000e+00
-2.9564e+01 -1.7709e+01 -1.0906e+01 -3.2726e+01 -1.9686e+01 -1.2546e+01  4.0199e+01  1.0000e+00
 2.8579e+00  3.0470e+00 -2.2549e+00  4.1170e+00 -8.7199e-02 -5.0702e+00  6.5318e+00  1.0000e+00
-2.8793e+01 -6.1806e-01 -7.5564e+00 -3.0606e+01 -4.6493e-01 -8.0777e+00  3.1657e+01  1.0000e+00
 3.2606e-01  1.5145e+00  9.1034e-01 -2.6553e+00  2.9760e+00 -7.5903e-01  4.0600e+00  1.0000e+00
-3.9730e-01  1.2039e+00  2.2320e-02  4.0835e+00 -6.0499e+00 -4.2544e+00  8.4484e+00  1.0000e+00
-5.6859e+00  2.3243e+01 -8.9300e+00 -5.4285e+00  2.4578e+01 -9.5238e+00  2.6912e+01  1.0000e+00
 3.7840e+01  3.0873e+01 -2.3716e+01  4.7152e+01  3.8151e+01 -2.9437e+01  6.7419e+01  1.0000e+00
-6.4210e-01  1.3356e+00  1.2167e+00  4.6500e+00  8.8491e+00  5.8126e+00  1.1564e+01  1.0000e+00
-9.0268e-02  8.2278e-01  2.1405e+00 -3.7343e-02 -6.8773e+00  1.2830e+01  1.4557e+01  1.0000e+00
-6.6100e-01  1.1506e+00  6.5926e-01 -3.9159e+00 -1.6259e+00 -1.4446e+01  1.5055e+01  1.0000e+00
 4.3845e+00 -2.9241e+00  1.0402e+00  1.2833e+00  1.1561e+00  3.9668e+00  4.3265e+00  1.0000e+00
 2.8690e+00 -1.0143e+00  7.1255e-01  6.3648e-02  3.8529e+00 -6.7728e-01  3.9125e+00  1.0000e+00
-1.1161e+00  1.5066e+00  1.3562e+00 -1.4802e+00  6.7896e+00 -1.1127e+00  7.0376e+00  1.0000e+00
-2.2639e+01 -1.1428e+01 -3.9834e+01 -2.4794e+01 -1.2593e+01 -4.3821e+01  5.1900e+01  1.0000e+00
-4.0253e+01 -1.3317e+01 -1.3682e+00 -4.3679e+01 -1.4192e+01 -1.5553e+00  4.5953e+01  1.0000e+00
 4.2479e+00 -2.7476e+00 -4.4213e+00  2.8942e+00  7.6638e-03 -5.0693e-01  2.9383e+00  1.0000e+00
 4.0611e+01  7.1037e+00 -4.2639e+00  4.3877e+01  7.9069e+00 -4.6890e+00  4.4830e+01  1.0000e+00
-4.8491e-01  1.4627e+00  5.1425e-01  1.6831e+01  1.4864e+01  5.5949e+00  2.3141e+01  1.0000e+00
 4.2652e-01  2.5926e+00  2.9909e+00  1.0005e+01  1.1194e+01  2.1841e+01  2.6503e+01  1.0000e+00
-6.6291e-01  1.5481e+00  4.0006e-01 -4.6208e+00  1.3777e-01 -1.2916e+01  1.3718e+01  1.0000e+00
-5.4038e+00  2.2999e+00 -4.3637e-02 -8.6971e+00  2.5835e+00  5.1908e-01  9.0875e+00  1.0000e+00
-1.5858e+00  1.5387e+00  3.9527e-01 -4.8630e+00  6.5707e+00 -2.6021e+00  8.5787e+00  1.0000e+00
 1.3680e-01  1.7877e+00  7.3207e-02  3.1383e+00  4.7308e+00  9.0653e+00  1.0696e+01  1.0000e+00
-9.7862e-02  8.9813e-01  5.5539e-01 -1.8053e+01 -9.8942e-03  3.7667e-01  1.8057e+01  1.0000e+00
-1.5817e+01  1.3443e+01 -2.4161e+00 -1.5873e+01  1.3404e+01 -2.1840e+00  2.0890e+01  1.0000e+00
-9.9606e-01  1.5771e+00  9.2495e-01  1.2386e+01 -2.5890e-01  4.9814e+00  1.3353e+01  1.0000e+00
-1.5726e+01 -4.7046e+00 -2.4949e-01 -1.4848e+01 -4.4081e+00 -4.2309e-01  1.5495e+01  1.0000e+00
 3.9849e-01  1.2733e+00  6.0664e-01  7.2178e+00  3.0359e+00 -5.6364e+00  9.6479e+00  1.0000e+00
 3.3028e+00  3.4665e+00 -1.1479e+00  1.5448e+01  1.0659e+01 -6.8492e+00  1.9979e+01  1.0000e+00
-2.1345e-01  1.5348e+00  6.6301e-01 -2.8668e+00 -1.5584e+01  1.2143e+01  1.9963e+01  1.0000e+00
-5.0153e-02  9.7091e-01  7.1975e-01  1.2578e+01 -1.2131e+01 -2.4380e+00  1.7644e+01  1.0000e+00
 1.2972e+01 -3.1902e+01 -1.5395e+01  1.4001e+01 -3.4204e+01 -1.6546e+01  4.0494e+01  1.0000e+00
-2.9123e+01 -5.1001e+00  2.6217e+01 -3.1472e+01 -5.2543e+00  2.8319e+01  4.2662e+01  1.0000e+00
 1.3106e-01  1.0525e+00  7.6414e-01  2.7502e+00  2.1136e+00  6.9727e+00  7.7878e+00  1.0000e+00
-2.7016e+00 -3.4140e-01 -3.2896e+00  2.1802e-01  3.0697e+00  2.7998e+00  4.1604e+00  1.0000e+00
-1.5244e-01  1.1087e+00  2.9446e-01  5.0682e+00 -1.5116e+01 -2.8153e+00  1.6190e+01  1.0000e+00
-4.2420e-01  1.5650e+00  4.0188e-01 -5.9779e+00  2.7919e+01  4.9922e-01  2.8556e+01  1.0000e+00
-2.3618e+00 -2.5830e+01 -1.8295e+01 -1.7891e+00 -2.7717e+01 -1.9814e+01  3.4118e+01  1.0000e+00
-3.5353e+00  6.1506e+00 -4.0256e+00 -1.6851e+00  3.2276e+00 -3.1756e-01  3.6548e+00  1.0000e+00
-1.3252e+00  1.3041e+00  2.0842e-02 -6.0819e+00  4.2575e+00  6.6971e+00  9.9984e+00  1.0000e+00
-6.1144e-01  1.8496e+00  5.1294e-01  9.9063e+00 -9.3271e+00  3.8416e+00  1.4138e+01  1.0000e+00
 1.6876e+00  1.1162e+00 -2.2906e-01  6.4223e+00 -1.9395e+00 -7.4208e-01  6.7497e+00  1.0000e+00
-5.4129e+00  2.3369e+01 -9.6234e+00 -5.9122e+00  2.3889e+01 -9.2364e+00  2.6286e+01  1.0000e+00
-4.8864e-01  1.4721e+00  1.0988e-01 -3.5935e+00  8.8413e+00  1.5622e+01  1.8307e+01  1.0000e+00
 1.1190e+00  4.5729e+00  2.8342e+01  1.8327e+00  5.0834e+00  2.8166e+01  2.8680e+01  1.0000e+00
 3.5743e-01  5.4988e+00 -3.3516e+00  1.8749e-01  3.4446e+00 -2.3655e+00  4.1828e+00  1.0000e+00
-3.6669e-01  1.1021e+00  8.1847e-01  1.2822e+00  7.5656e-01 -5.5831e+00  5.7782e+00  1.0000e+00
-3.6370e-01  1.4574e+00  5.9256e-01 -8.5378e+00  2.6360e+01 -6.6456e+00  2.8494e+01  1.0000e+00
-1.5510e-01  1.4579e+00  6.3338e-01 -3.9871e+00  2.9876e+00 -1.2875e+01  1.3805e+01  1.0000e+00
 8.7942e+00  1.7980e+01  9.5311e+00  9.0807e+00  1.8413e+01  9.5293e+00  2.2634e+01  1.0000e+00
 6.7596e-02  1.3419e+00  1.0922e-01  9.6592e+00  9.4048e+00 -4.4885e-01  1.3489e+01  1.0000e+00
-1.6362e+00  1.9312e+00  9.8254e-02 -1.7718e+01  2.7947e+00 -3.0362e+00  1.8192e+01  1.0000e+00
-2.4820e-01  1.4582e+00  1.6124e-01  1.1972e+01  9.6502e+00 -8.1159e+00  1.7388e+01  1.0000e+00
-1.0839e+00  1.4767e+00 -2.8723e-01 -9.0233e+00  1.2850e+01 -5.2264e+00  1.6548e+01  1.0000e+00
-5.3519e-01  1.6946e+00  7.5627e-01 -1.9746e+01 -3.4828e+00  1.5882e+00  2.0113e+01  1.0000e+00
-4.7856e-01  1.9040e+00  7.0256e-02  9.9358e+00  5.5645e-02  1.6899e+00  1.0079e+01  1.0000e+00
 1.3679e+01 -9.9179e+00 -1.5820e+00  1.3268e+01 -9.4123e+00 -1.3152e+00  1.6321e+01  1.0000e+00
-5.8067e-01  1.9041e+00  4.2894e-01  1.1159e+01  1.5000e+01  6.1892e+00  1.9694e+01  1.0000e+00
 2.5093e+01 -4.8017e+01  3.0761e+01  2.5207e+01 -5.0298e+01  3.2422e+01  6.4935e+01  1.0000e+00
-3.7029e-01  2.8157e+00 -2.0284e+00 -1.3601e-01 -4.1147e+00 -3.9146e+00  5.6810e+00  1.0000e+00
 2.6281e+00 -1.3534e+01 -3.8727e+01  2.7434e+00 -1.4555e+01 -4.1803e+01  4.4350e+01  1.0000e+00
-1.0574e+01 -1.5143e+01 -2.6071e+01 -1.1652e+01 -1.6118e+01 -2.7825e+01  3.4202e+01  1.0000e+00
-1.7816e+00 -2.7652e+01  2.9850e+00 -1.7136e+00 -2.9285e+01  3.1487e+00  2.9503e+01  1.0000e+00
-3.8889e+01 -1.9556e+01 -1.0137e+01 -4.2340e+01 -2.1062e+01 -1.0972e+01  4.8546e+01  1.0000e+00
-7.2673e-01  1.4374e+00  4.2537e-01 -9.1818e+00 -4.7781e+00 -1.6867e+01  1.9790e+01  1.0000e+00
-3.0980e+01 -7.6050e+00 -5.8329e+00 -3.3216e+01 -8.0991e+00 -6.2881e+00  3.4763e+01  1.0000e+00
-1.0334e+00  1.8808e+00 -4.8008e-01 -7.1186e+00  6.2818e+00 -7.2511e-01  9.5216e+00  1.0000e+00
-3.2770e-01  1.8514e+00 -2.5766e-01  1.0802e-01 -2.6566e+00  2.7423e+00  3.8196e+00  1.0000e+00
-4.7831e+00  3.3479e-01 -1.5264e+01 -4.8258e+00  8.1041e-01 -1.6022e+01  1.6753e+01  1.0000e+00
-5.7034e-01  1.4909e+00  5.9179e-01  2.3382e+01  2.3147e+00 -2.7043e+00  2.3652e+01  1.0000e+00
-2.9614e-01  1.6647e+00  5.9250e-01  4.5542e+00 -1.7729e+00 -6.7398e+00  8.3251e+00  1.0000e+00
