# limit = 33.0806
#
# x           y           z           vx          vy          vz          s           m
 7.8187e-01  2.7229e+00 -2.2284e+00  1.6704e+00 -3.2148e-01 -6.0936e+00  6.3266e+00  1.0000e+00
-7.6569e-01  1.4383e+00  1.0282e+00  2.9264e+00  5.8371e+00  1.3364e+01  1.4874e+01  1.0000e+00
 3.2229e+01  1.6182e+00  6.3059e+00  3.3871e+01  2.1478e+00  6.6094e+00  3.4577e+01  1.0000e+00
-9.8420e-01  1.4845e+00 -1.3970e-01 -4.9472e+00 -2.5840e+00 -3.5303e+00  6.6041e+00  1.0000e+00
-2.7427e+01  1.0295e+01  1.6372e+01 -2.9164e+01  1.0804e+01  1.7205e+01  3.5543e+01  1.0000e+00
 1.2024e+01 -3.6054e+00  3.3968e+01  1.2998e+01 -3.5087e+00  3.6117e+01  3.8545e+01  1.0000e+00
 1.6245e+00 -2.7574e+01 -1.9000e+01  1.3281e+00 -2.9109e+01 -1.9895e+01  3.5283e+01  1.0000e+00
-1.8685e-01  1.4458e+00  5.9580e-01  9.9410e+00 -1.2912e+01  7.1018e-01  1.6311e+01  1.0000e+00
-4.3208e+01  3.1562e+01  9.8102e+01 -4.5547e+01  3.3390e+01  1.0464e+02  1.1890e+02  1.0000e+00
 7.9158e+01 -4.2579e+01  2.0793e+00  1.1448e+02 -6.2004e+01  3.0410e+00  1.3022e+02  1.0000e+00
 2.6008e+00  4.5503e+00  2.5501e+00 -2.3293e+00  9.0475e-02 -9.9214e-01  2.5334e+00  1.0000e+00
-1.6352e-01  1.2747e+00  6.3248e-01  6.5635e+00  1.1724e+01 -4.2757e+00  1.4100e+01  1.0000e+00
-1.5736e-01  2.0997e+00  9.5013e-01  2.2018e+00 -1.7874e+01 -5.9548e+00  1.8968e+01  1.0000e+00
 6.7302e+00  2.3295e+00 -6.0208e-01  2.8420e+00  2.5524e+00  8.1612e-01  3.9061e+00  1.0000e+00
 1.6241e+00 -7.8311e-01  2.4162e-01 -3.1109e+00  5.2439e+00 -9.8433e-01  6.1762e+00  1.0000e+00
-1.0368e+01 -1.7487e+00 -7.7659e+00 -9.4045e+00 -1.0083e+00 -6.6102e+00  1.1539e+01  1.0000e+00
 1.9776e+01 -2.0699e+01 -2.3767e+01  2.0944e+01 -2.1999e+01 -2.5405e+01  3.9598e+01  1.0000e+00
-5.5336e-01  2.0351e+00  4.6681e-01 -1.7833e+00 -1.6808e+01  2.2002e+00  1.7045e+01  1.0000e+00
-1.4626e-01  1.4215e+00  6.9157e-01 -3.0100e+00  2.1198e+01 -7.6676e+00  2.2742e+01  1.0000e+00
 6.8810e+01  5.5701e+01 -2.4044e+01  7.3441e+01  5.8889e+01 -2.5204e+01  9.7451e+01  1.0000e+00
-4.7335e-01  1.4038e+00  1.0465e-01 -8.0926e+00 -2.8184e+00  1.3794e+01  1.6239e+01  1.0000e+00
-5.0602e-01  9.6993e-01  4.3709e-01 -1.4710e+01 -7.1742e+00 -2.2207e+00  1.6516e+01  1.0000e+00
-6.1094e+00 -7.8663e+00  1.1836e+01 -7.9851e+00 -1.1364e+01  1.5515e+01  2.0824e+01  1.0000e+00
-1.4859e+01  2.8239e+01 -2.8426e+01 -1.5894e+01  3.0429e+01 -3.0404e+01  4.5858e+01  1.0000e+00
-1.0706e+00  3.1741e+01 -1.4025e+01 -1.2387e+00  3.3635e+01 -1.4779e+01  3.6759e+01  1.0000e+00
-7.6278e+00  4.6194e+00 -1.1104e+01 -7.6674e+00  5.2462e+00 -9.5651e+00  1.3334e+01  1.0000e+00
 9.8866e+00 -2.4787e+01  4.6630e+00  9.9667e+00 -2.6101e+01  4.7257e+00  2.8336e+01  1.0000e+00
 6.7917e+01 -1.7805e+01 -6.5528e+01  7.5256e+01 -1.9839e+01 -7.2627e+01  1.0645e+02  1.0000e+00
 1.9626e+00 -3.8966e+01 -5.1389e+01  2.1715e+00 -4.2131e+01 -5.5540e+01  6.9746e+01  1.0000e+00
-2.1628e-01  1.4283e+00  5.5250e-01 -1.7246e+01 -2.5479e+00  1.6073e+01  2.3712e+01  1.0000e+00
-2.4722e-01  1.6828e+00  5.3433e-01 -1.1961e+01  1.4005e+00  8.2053e+00  1.4573e+01  1.0000e+00
-1.8847e-01  1.7355e+00  2.5506e-01 -2.7053e-01  1.0173e+01 -1.6992e+01  1.9806e+01  1.0000e+00
-4.8428e-01  1.5797e+00  2.2597e-01 -6.2485e+00  5.5191e+00 -1.3434e+01  1.5811e+01  1.0000e+00
-4.7456e-01  2.2299e+00  3.3884e-01  2.8086e+00  9.3288e+00 -2.0800e+00  9.9621e+00  1.0000e+00
-1.2874e-01  1.3948e+00  1.0339e+00 -5.9729e+00  1.0525e+01  1.2992e+01  1.7755e+01  1.0000e+00
-6.5835e-01  1.2475e+00  3.0225e-01 -1.8856e+01 -2.1132e+00  1.5822e+00  1.9040e+01  1.0000e+00
-2.4056e+00  1.1557e+00  1.4801e+00 -1.1076e+01  3.8909e+00  2.7828e+00  1.2065e+01  1.0000e+00
-2.6694e+01  5.1145e+01 -6.4095e+01 -2.8528e+01  5.4672e+01 -6.7946e+01  9.1758e+01  1.0000e+00
-1.4396e-02  2.4451e+00 -2.1810e-01  6.3284e+00  1.4919e+01  1.8426e+00  1.6310e+01  1.0000e+00
 1.8900e+01 -4.1313e+00  1.5935e+01  1.9313e+01 -4.0527e+00  1.6377e+01  2.5644e+01  1.0000e+00
 9.4557e+00  8.9473e+00  1.5359e+00  7.6044e+00  7.6419e+00  2.0052e+00  1.0966e+01  1.0000e+00
 2.0059e+00  1.3794e+00 -8.8198e-01 -7.8587e+00  2.4226e+00  1.1897e+00  8.3092e+00  1.0000e+00
-5.6999e-01  1.7948e+00  8.2340e-01 -1.0158e+01 -1.3247e+01  1.9894e+00  1.6812e+01  1.0000e+00
 3.9474e+00 -1.1342e+01  3.7027e+01  4.3056e+00 -1.1961e+01  3.9479e+01  4.1475e+01  1.0000e+00
 3.5994e+01  1.7339e+01  2.8766e+00  3.8675e+01  1.8491e+01  3.1324e+00  4.2983e+01  1.0000e+00
 2.6569e+00 -2.2658e+01  3.8246e+00  3.2342e+00 -2.3397e+01  4.1251e+00  2.3977e+01  1.0000e+00
 3.9565e-01  1.6399e+00  2.9835e-03 -5.4113e+00  3.0621e+00  2.5927e+00  6.7365e+00  1.0000e+00
 9.4295e-01  1.3322e+00  9.1634e-01 -1.4695e+01  1.1529e+01  5.0957e-01  1.8685e+01  1.0000e+00
 1.4945e+01 -5.7713e+00  6.9361e+00  1.4039e+01 -5.2989e+00  6.9696e+00  1.6545e+01  1.0000e+00
 1.2974e-02  1.2124e+00  4.3329e-01 -4.6866e+00  1.0048e+01  3.5798e+00  1.1651e+01  1.0000e+00
 7.3435e-01  1.4915e+00  3.9369e-01 -1.0292e+01  3.8632e+00  5.1475e+00  1.2139e+01  1.0000e+00
-3.9071e-01  1.7733e+00  4.7121e-01 -1.1329e+00  3.3460e+00 -4.4339e+00  5.6691e+00  1.0000e+00
-4.0914e+00 -6.3616e+00  6.6132e+00 -2.8705e+00 -4.1690e+00  4.8776e+00  7.0293e+00  1.0000e+00
 1.1298e+00  1.2583e-01 -1.9485e+00  4.7314e+00 -1.1770e+00 -7.6702e+00  9.0886e+00  1.0000e+00
 7.0466e-01  7.6742e+00  7.8071e+00  2.1258e+00  1.2702e+01  1.3576e+01  1.8713e+01  1.0000e+00
-1.9985e-01  1.5885e+00  3.5099e-01 -1.2434e+01  1.4890e+01 -1.2041e+01  2.2831e+01  1.0000e+00
-2.0304e-01  1.6769e+00  3.9944e-01 -9.5446e+00  8.0275e+00 -1.3952e+01  1.8713e+01  1.0000e+00
 7.7582e-02  9.6899e-01  1.2783e+00 -4.6553e+00  8.1398e+00 -3.5259e+00  1.0018e+01  1.0000e+00
 6.8821e-03  1.7343e+00  3.1191e-01  8.4426e+00  1.0350e+01  1.1686e+01  1.7748e+01  1.0000e+00
 8.7436e+00 -4.9428e+00  2.6278e+01  8.9549e+00 -5.3852e+00  2.7542e+01  2.9457e+01  1.0000e+00
 1.6245e-01  1.7783e+00  2.9817e-01 -4.4722e+00 -1.9863e+00  5.3994e+00  7.2869e+00  1.0000e+00
-5.5910e+00 -1.0039e+01  4.4460e+00 -6.9500e+00 -1.3916e+01  5.6066e+00  1.6535e+01  1.0000e+00
 1.6541e+01  1.6832e+00 -7.9425e+00  1.7759e+01  1.9561e+00 -8.4448e+00  1.9762e+01  1.0000e+00
-4.4017e-01  1.4570e+00  4.1638e-01  8.1780e+00 -6.0520e-01  1.9441e+01  2.1100e+01  1.0000e+00
 1.9205e-01  4.4956e+00  6.6619e-01  1.7478e+00  7.8916e-01  7.3406e-01  2.0534e+00  1.0000e+00
-4.9870e-01  1.7117e+00  1.9165e-01 -1.6127e+01 -3.5243e+00  1.3315e+01  2.1208e+01  1.0000e+00
-6.9008e-01  1.5010e+00  3.5034e-01  8.8612e+00  4.2232e-01 -1.7109e+01  1.9272e+01  1.0000e+00
 7.4628e-01  1.8109e+00 -6.1471e-01  1.8599e+00  1.0440e+00  2.0888e+00  2.9854e+00  1.0000e+00
-4.3957e-01  1.7017e+00  5.6820e-01 -8.6991e+00  6.6092e+00  3.1206e+00  1.1362e+01  1.0000e+00
-2.2398e-01  6.3297e-01  8.7855e-01 -3.0276e-02  9.7471e+00 -1.8302e+00  9.9175e+00  1.0000e+00
 3.1802e+01  3.3987e+00  5.7615e+00  3.3759e+01  3.2835e+00  6.0622e+00  3.4456e+01  1.0000e+00
-2.7108e-01  1.5130e+00  5.1411e-01  6.5986e+00 -1.4341e+00  3.7335e+00  7.7160e+00  1.0000e+00
-1.9849e-01  1.7329e+00  8.5321e-02 -2.1961e+01 -3.1388e+00  1.7296e+00  2.2252e+01  1.0000e+00
-3.2151e-02  1.5835e+00 -4.3456e-02 -2.4696e+00  8.7850e+00  2.0308e+01  2.2264e+01  1.0000e+00
-4.0824e-01  1.3332e+00  3.9334e-01  1.1731e+01 -3.6571e+00 -6.4491e-01  1.2305e+01  1.0000e+00
-4.3013e-01  1.5895e+00  6.6132e-01  1.7658e+00 -9.2149e+00  6.0816e+00  1.1181e+01  1.0000e+00
 4.9201e-02  1.7404e+00  4.3632e-01 -1.6402e+00 -2.2049e+00 -2.5707e+00  3.7630e+00  1.0000e+00
-1.9699e-01  1.2343e+00  6.3512e-02 -1.5121e+00  3.9695e+00  1.1314e+01  1.2085e+01  1.0000e+00
 3.8496e+01 -1.8315e+01 -4.4089e+00  4.1385e+01 -1.9431e+01 -4.6657e+00  4.5957e+01  1.0000e+00
-2.2284e+01 -1.3439e+01 -8.4893e+00 -2.3373e+01 -1.3735e+01 -8.7040e+00  2.8473e+01  1.0000e+00
-4.9738e-01  1.9039e+00  4.2086e-01  1.4855e+00 -1.5841e+01  5.5660e+00  1.6856e+01  1.0000e+00
 2.5770e+01  5.8696e+00  1.6638e+01  3.2019e+01  6.9062e+00  2.0525e+01  3.8655e+01  1.0000e+00
-4.2048e-01  1.5024e+00  3.7967e-01 -1.1921e+01  1.4927e+01 -2.5638e+01  3.1972e+01  1.0000e+00
 6.8248e+00  6.4021e+00  8.9357e+00  5.2222e+00  5.7974e+00  7.2200e+00  1.0631e+01  1.0000e+00
-4.6550e-01  1.7630e+00  4.6380e-01  1.9063e+01 -1.9924e+00  7.3187e-02  1.9167e+01  1.0000e+00
-9.3674e-01 -2.7293e-01  1.2703e-01 -3.1202e+00 -4.9754e-01 -1.5366e-01  3.1634e+00  1.0000e+00
 1.7249e+00  1.2154e+00  1.1332e+00 -1.9915e+00  1.2209e+00  3.3419e+00  4.0774e+00  1.0000e+00
-1.3307e+00  2.7630e+00  4.3672e-01  2.0271e+00 -6.6751e-01  1.2660e+00  2.4814e+00  1.0000e+00
 1.6724e+02  4.2075e+01 -1.6223e+02  2.2218e+02  5.5313e+01 -2.1506e+02  3.1413e+02  1.0000e+00
-1.4968e-01  1.4623e+00  5.3871e-01 -1.3582e+01  2.0636e+01 -8.8290e+00  2.6235e+01  1.0000e+00
-1.7888e+00  3.8555e+00  1.1208e+00 -5.3776e+00  1.0221e+01  3.5140e+00  1.2072e+01  1.0000e+00
-4.8025e-01  1.1079e+00  2.7282e-01  7.4455e+00  1.0401e+00 -1.2860e+01  1.4896e+01  1.0000e+00
 1.5135e+00  1.3558e+00  1.9763e+00  9.2302e-01  1.2917e+00  5.7060e+00  5.9227e+00  1.0000e+00
-3.1306e-01  1.3544e+00  3.1039e-01  1.8829e+01 -2.6946e+00  9.9784e+00  2.1479e+01  1.0000e+00
 5.8604e+00 -1.9345e+00 -4.3855e-01  3.8277e+00 -6.7715e-01  1.2987e-01  3.8893e+00  1.0000e+00
 1.9682e-01  1.6519e+00  5.3726e-02  5.8523e+00 -4.9522e+00 -1.7997e+00  7.8748e+00  1.0000e+00
 1.0597e+01  2.1750e+01  3.8273e+01  1.7293e+01  3.3970e+01  6.1186e+01  7.2089e+01  1.0000e+00
-1.2317e+01 -1.7955e+01 -2.0212e+01 -1.2928e+01 -1.8722e+01 -2.1140e+01  3.1057e+01  1.0000e+00
 2.6684e+00 -5.4761e+00 -2.3540e+01  2.6550e+00 -5.3806e+00 -2.3078e+01  2.3846e+01  1.0000e+00
 2.0068e+00  4.0617e+00 -1.2197e+00  5.5025e-02 -2.9106e+00  3.7939e+00  4.7821e+00  1.0000e+00
 1.0139e-01  1.3406e+00  4.6946e-01  1.0799e+01  4.5555e-01 -9.5432e+00  1.4419e+01  1.0000e+00
-9.0550e-02  1.6773e+00 -5.1295e-02  5.4157e+00  7.3518e+00  8.1169e+00  1.2217e+01  1.0000e+00
-3.8560e+00  1.8875e+00 -4.3932e-01 -8.3819e-01  2.6660e+00  2.4524e+00  3.7181e+00  1.0000e+00
-7.9742e-01  1.8943e+00  5.3037e-01 -5.8282e-01  1.2143e+01 -5.3136e+00  1.3267e+01  1.0000e+00
 3.1367e+01  1.2187e+01 -8.1459e-01  3.3179e+01  1.3156e+01 -8.7433e-01  3.5703e+01  1.0000e+00
 9.2806e-02  1.6786e+00  2.4220e-02  1.3569e-02 -5.2602e+00  5.5235e+00  7.6275e+00  1.0000e+00
 2.3318e+01  1.3907e+00  2.6136e+01  2.4680e+01  1.5796e+00  2.7658e+01  3.7102e+01  1.0000e+00
-1.3868e+00  3.0167e+00 -1.0041e+00 -1.5963e+00  4.9067e+00 -2.1810e+00  5.6019e+00  1.0000e+00
-8.4413e-01  1.5431e+00  8.9322e-01 -9.8985e+00  1.9099e+01  5.1370e+00  2.2116e+01  1.0000e+00
-3.8322e+01  8.2161e+00  8.7769e+00 -4.1017e+01  8.9751e+00  9.4468e+00  4.3037e+01  1.0000e+00
 6.4706e-01  9.1244e-01  3.7427e-01  1.0452e+01  3.6763e+00 -3.7501e+00  1.1697e+01  1.0000e+00
 7.8860e+00 -1.2910e+01  2.3504e+01  7.4850e+00 -1.3147e+01  2.4507e+01  2.8800e+01  1.0000e+00
 8.5198e+00 -8.9494e+00  1.8659e+01  8.4961e+00 -9.1036e+00  1.9028e+01  2.2740e+01  1.0000e+00
 1.5263e+01 -1.8400e+01 -7.1071e+00  1.4412e+01 -1.9034e+01 -7.5688e+00  2.5045e+01  1.0000e+00
 2.1197e-01  1.2749e+00  4.8632e-01 -2.0337e+01  1.8528e+01 -4.5024e+00  2.7877e+01  1.0000e+00
 2.6284e-01  1.5340e+00  2.2259e-01 -1.5812e-01  5.6508e-01  1.1985e+01  1.1999e+01  1.0000e+00
-2.5667e-01  8.5710e-01  1.4831e+00  1.7919e+00  2.8020e+00  1.3062e+01  1.3479e+01  1.0000e+00
-4.2512e+00  3.3987e-02 -3.1973e+00 -7.3561e+00 -1.6840e+00 -4.2199e+00  8.6461e+00  1.0000e+00
 1.1634e-02  1.2316e+00  4.8348e-02  2.8787e+00 -4.9894e+00  2.8079e+00  6.4082e+00  1.0000e+00
 3.6103e-01  1.3372e+00  7.6711e-01 -1.0993e+01  2.5065e+00  1.8707e+00  1.1429e+01  1.0000e+00
-9.9108e-01  1.1289e+00  3.6811e-01 -2.1716e+00 -1.3138e+01  7.9172e+00  1.5492e+01  1.0000e+00
 5.8128e-01  1.4478e+00  3.1840e-01 -1.1784e+01 -2.7547e-01  2.0457e+00  1.1964e+01  1.0000e+00
-5.0832e+01  2.1109e+01  1.9407e+01 -5.4892e+01  2.2857e+01  2.1167e+01  6.3116e+01  1.0000e+00
 1.4336e-01  1.4769e+00  6.8776e-01  1.0607e+01 -2.6770e+00 -1.4364e+01  1.8055e+01  1.0000e+00
 6.5111e-02  6.7270e-01  3.9498e-01  9.1092e-01  5.9728e+00 -4.2504e+00  7.3871e+00  1.0000e+00
-5.0966e-01  3.4743e+00  8.1488e-01 -2.7659e+00  8.3734e+00  1.2827e+00  8.9112e+00  1.0000e+00
 1.8272e+01 -1.5518e+01 -6.0942e+00  1.8936e+01 -1.5974e+01 -6.0509e+00  2.5502e+01  1.0000e+00
-3.2508e-02  1.0780e+00  1.2067e-01 -6.7932e+00 -1.4363e+01  4.1805e-01  1.5894e+01  1.0000e+00
 1.2325e+01 -1.0645e+01  2.7438e+01  1.2821e+01 -1.1012e+01  2.9070e+01  3.3626e+01  1.0000e+00
 2.7678e+01  3.9963e+00  2.9789e+01  4.3706e+01  5.2992e+00  4.6110e+01  6.3753e+01  1.0000e+00
-4.7081e+00 -4.8888e+00 -2.2347e+01 -5.0537e+00 -4.8821e+00 -2.3117e+01  2.4162e+01  1.0000e+00
-8.3813e-02  1.0048e+00  4.4211e-01  9.5824e+00 -1.2191e+01 -1.4014e+00  1.5569e+01  1.0000e+00
-7.5309e-01  1.6562e+00  4.0740e-01 -7.1335e+00  7.3214e+00 -3.0125e+00  1.0657e+01  1.0000e+00
-4.9444e-01  1.5532e+00  5.0482e-01 -8.1257e+00  1.1399e+01 -4.5557e-01  1.4006e+01  1.0000e+00
-9.6378e-01  4.6781e-01  1.0862e+00  3.3225e+00  3.6442e+00 -1.5480e+00  5.1687e+00  1.0000e+00
-1.9962e-01  1.3836e+00  1.5289e+00 -3.2496e+00  1.4994e+01 -2.1042e-01  1.5343e+01  1.0000e+00
-5.1432e-01  1.6076e+00  6.3599e-01  9.0764e+00  1.3286e+01 -1.3518e+01  2.1015e+01  1.0000e+00
-1.0397e+00  1.3808e+00  6.5493e-01  4.7468e-01  8.0397e-01  6.5469e+00  6.6131e+00  1.0000e+00
-1.8502e+00  2.4257e+00 -9.8956e-01 -6.3497e+00  6.0310e+00 -4.6463e+00  9.9136e+00  1.0000e+00
-3.7871e+00 -1.0751e+01  2.4434e+01 -3.8990e+00 -1.1390e+01  2.5500e+01  2.8199e+01  1.0000e+00
-5.5347e-01  1.9780e+00  2.3576e-01 -1.0084e+01  1.6196e+01  6.5650e+00  2.0177e+01  1.0000e+00
-2.0375e-01  8.7765e-01  2.6729e-01  7.8224e+00 -5.5279e+00  8.0795e+00  1.2531e+01  1.0000e+00
-3.3785e+01  7.3159e+00 -9.3034e+00 -3.5313e+01  8.4742e+00 -9.3474e+00  3.7499e+01  1.0000e+00
-7.0323e-01  1.9431e+00  5.2441e-01  4.5844e+00 -6.5912e+00 -5.0816e+00  9.5017e+00  1.0000e+00
 9.1557e-04  1.4338e+00  2.0486e-01  1.4849e+01  7.3414e+00 -5.4732e+00  1.7446e+01  1.0000e+00
-1.7011e-01  1.1968e+00  4.4809e-01  8.0689e+00  3.5664e+00 -5.0301e+00  1.0155e+01  1.0000e+00
-1.3603e+01 -4.3323e+01 -4.9770e+01 -1.4916e+01 -4.4678e+01 -5.2169e+01  7.0287e+01  1.0000e+00
 3.3086e+01 -2.9158e+01  8.2112e+00  3.5395e+01 -3.1113e+01  8.7223e+00  4.7926e+01  1.0000e+00
-2.1311e-01  1.2798e+00  7.9476e-01 -4.8809e+00 -1.0032e+01  1.9083e+00  1.1319e+01  1.0000e+00
-5.0081e+00  3.4345e+00  1.9470e+00 -5.4007e+00  3.5469e+00  6.5617e-01  6.4945e+00  1.0000e+00
-3.8114e-01 -5.9231e+00  1.1288e+00 -1.5194e+00 -2.3396e+01  3.3552e+00  2.3684e+01  1.0000e+00
 8.4078e-01  1.6419e+00  1.5423e-01  1.9151e+01  2.6017e+00 -3.2248e+00  1.9594e+01  1.0000e+00
-2.6771e-01  1.7431e+00  3.8743e-01 -1.1415e+01  8.6316e+00  1.1888e+01  1.8604e+01  1.0000e+00
-6.5764e-01  1.3902e+00  7.5582e-01 -1.0265e+00  1.1463e+01 -4.7305e+00  1.2443e+01  1.0000e+00
-1.8022e+01  2.8259e+01 -1.4966e+01 -1.9127e+01  3.0264e+01 -1.5806e+01  3.9136e+01  1.0000e+00
-2.6972e+00  1.9860e+00  4.7375e+00  1.1416e-01  1.9091e+00  5.0855e+00  5.4333e+00  1.0000e+00
 2.0242e-01  1.3223e+00  2.1218e+00  2.7017e+00  1.7043e+00 -8.4029e+00  8.9895e+00  1.0000e+00
-8.8626e-02  2.0993e+00  3.9703e-01  7.9910e+00 -4.6705e+00  3.9263e+00  1.0054e+01  1.0000e+00
-6.5683e-01  1.9322e+00  4.2997e-01  1.1934e+01 -3.8606e+00  2.1090e+00  1.2719e+01  1.0000e+00
 2.1887e-01  1.4467e+00  1.2820e-01  1.2192e+00  8.9877e+00 -8.9936e+00  1.2773e+01  1.0000e+00
 1.1489e-01  1.8735e+00  9.0407e-01  7.0787e+00  7.0500e-01 -5.3466e-01  7.1338e+00  1.0000e+00
-2.3115e-02  1.6896e+00  3.2813e-01  2.2578e+00  4.9191e+00 -4.3134e+00  6.9210e+00  1.0000e+00
-1.2352e-01  1.2905e+00  6.2418e-01 -9.1601e+00 -3.9863e+00  2.3646e+01  2.5670e+01  1.0000e+00
-8.1280e-01  1.1104e+00 -9.9701e-02 -2.4712e+00  1.0680e+01 -1.8431e+00  1.1116e+01  1.0000e+00
-3.6409e-01  9.6587e-01  5.8851e-01  9.8748e+00  7.8045e+00  6.5897e+00  1.4207e+01  1.0000e+00
 8.0249e+00 -1.3170e+01  2.3312e+01  8.7718e+00 -1.3442e+01  2.4299e+01  2.9122e+01  1.0000e+00
-1.5328e+00  2.5569e+00 -1.4687e+00 -1.0316e+00  5.0844e-01 -1.6936e+00  2.0472e+00  1.0000e+00
 6.4528e+01 -4.4117e+01 -8.9691e+01  6.9252e+01 -4.7253e+01 -9.5417e+01  1.2702e+02  1.0000e+00
 6.9831e-01  8.9507e+00 -2.5337e+00  1.6596e+00  1.5809e+01 -6.5149e+00  1.7179e+01  1.0000e+00
 2.0866e-01  2.4212e-01  6.5136e-01  4.2866e+00 -9.5619e+00  1.0867e+01  1.5096e+01  1.0000e+00
 1.6184e+01 -4.3142e+00 -3.2641e+00  1.6228e+01 -3.6211e+00 -2.7137e+00  1.6847e+01  1.0000e+00
-3.6621e-01  1.6319e+00  3.1431e-01  2.7560e+00 -1.0026e+01 -3.2877e+00  1.0905e+01  1.0000e+00
-2.3041e+00  2.4885e+00  3.7937e-01 -6.2325e+00  2.7455e-01  2.2620e+00  6.6360e+00  1.0000e+00
-3.8506e-01  1.1061e+00  3.2189e-01  4.6032e-01 -1.1420e+01  5.2131e+00  1.2562e+01  1.0000e+00
 4.4415e-01  1.0390e+00  6.3290e-01  6.7715e+00 -6.3866e+00 -3.7721e+00  1.0043e+01  1.0000e+00
 4.4238e-01  1.1422e+00  5.3184e-01 -1.0273e+01  7.6069e+00 -2.4436e-02  1.2783e+01  1.0000e+00
-2.6105e-01  1.1426e+00  5.2343e-01  6.1695e+00 -7.4088e+00 -1.3958e+01  1.6964e+01  1.0000e+00
-1.3950e-01  9.4713e-01  6.7279e-01 -6.8474e+00  7.8323e+00 -1.2007e+01  1.5887e+01  1.0000e+00
 9.5627e-01  9.4440e-01 -1.2892e-01 -4.7703e+00 -2.2378e+00 -1.9981e+00  5.6353e+00  1.0000e+00
 1.5992e+00 -1.2565e+01  2.2231e+01  1.7393e+00 -1.2966e+01  2.2922e+01  2.6392e+01  1.0000e+00
-4.5335e+01  3.4873e+01 -2.8963e+01 -5.8146e+01  4.4360e+01 -3.7300e+01  8.2098e+01  1.0000e+00
 4.7817e-01  1.6128e+00  7.0880e-02  1.2775e+01  4.3533e+00 -1.7099e+01  2.1784e+01  1.0000e+00
-2.7748e-01  1.1962e-01  7.6900e-01 -1.8277e+00  5.5978e+00  3.4377e+00  6.8186e+00  1.0000e+00
-7.5385e-01  1.5891e+00  5.1300e-01  9.2935e+00  5.1510e+00  1.2958e+01  1.6757e+01  1.0000e+00
 9.7339e-01  1.3837e+00 -1.3963e-01  6.4094e+00  4.2385e+00  2.2385e+00  8.0035e+00  1.0000e+00
-2.3901e-01  1.1179e+00  1.1908e+00 -7.4187e+00 -1.5292e+00  2.6373e+00  8.0206e+00  1.0000e+00
-5.6656e-01  1.4326e+00  2.9362e-01 -2.1778e+00 -1.4190e+01  1.4161e+00  1.4426e+01  1.0000e+00
-2.1376e+01  1.8033e+01 -5.9579e+00 -2.2159e+01  1.8728e+01 -6.1418e+00  2.9656e+01  1.0000e+00
 1.3106e+01 -1.0300e+01 -4.0106e+01  1.4077e+01 -1.1140e+01 -4.3123e+01  4.6710e+01  1.0000e+00
-6.8729e-01  2.1859e+00  2.4083e-01 -2.3708e-01 -1.6440e+01  5.6405e+00  1.7382e+01  1.0000e+00
-8.5086e-01 -2.5603e+01 -1.8259e+01  6.1867e-02 -2.6981e+01 -1.9023e+01  3.3013e+01  1.0000e+00
-9.7170e+00  9.1716e+00 -3.7817e+01 -1.0534e+01  9.9614e+00 -4.0448e+01  4.2968e+01  1.0000e+00
 4.4427e+00 -2.2248e+01  2.5526e-01  4.5015e+00 -2.2951e+01  3.5862e-01  2.3391e+01  1.0000e+00
 3.5636e-01  1.1791e+00  3.1038e-01  3.6283e+00 -2.6736e+00  3.8181e+00  5.9068e+00  1.0000e+00
-4.3561e+00 -5.6785e+00 -2.3866e+01 -4.5781e+00 -6.0163e+00 -2.4166e+01  2.5321e+01  1.0000e+00
 2.3506e+00  5.3967e+00  4.9023e+00  1.5329e+00  3.4066e+00  2.7817e+00  4.6575e+00  1.0000e+00
-5.0855e-01  1.3748e+00  2.6043e-01 -2.8466e-01 -2.4930e-01 -2.9148e+00  2.9393e+00  1.0000e+00
 1.5309e+01  8.9892e+00  2.1052e+01  1.8064e+01  9.8488e+00  2.4507e+01  3.1999e+01  1.0000e+00
-3.4349e-01  1.5412e+00  6.4876e-01  1.4915e+01 -1.5726e+01  1.7656e+01  2.7955e+01  1.0000e+00
 1.5079e+01 -1.8419e+01 -7.2959e+00  1.7013e+01 -1.8612e+01 -7.2137e+00  2.6228e+01  1.0000e+00
 1.4450e-01  1.5937e+00  5.1037e-01 -4.2019e+00 -1.0088e+00  9.9389e-01  4.4342e+00  1.0000e+00
-1.5796e-01  1.6269e+00  7.6877e-01  2.9544e+00 -1.1870e+01 -3.8524e+00  1.2825e+01  1.0000e+00
-2.6063e+01 -1.1701e+01 -8.1297e+00 -2.7306e+01 -1.2208e+01 -8.4225e+00  3.1074e+01  1.0000e+00
 1.2729e+01  7.1580e+00  1.2933e+01  1.2303e+01  7.4545e+00  1.3233e+01  1.9546e+01  1.0000e+00
 4.2697e-01  1.0916e+00  9.0276e-01 -9.6739e+00  2.7361e+00  5.6354e+00  1.1525e+01  1.0000e+00
 1.0607e+01 -3.4435e+01 -2.7251e+00  1.1437e+01 -3.6708e+01 -2.9181e+00  3.8559e+01  1.0000e+00
 4.2669e+01 -1.2907e+01  3.2960e+01  8.4634e+01 -2.7138e+01  6.4804e+01  1.1000e+02  1.0000e+00
-5.1399e+01 -4.9595e+00  7.5858e+01 -5.6974e+01 -5.5829e+00  8.4052e+01  1.0170e+02  1.0000e+00
 2.0304e+01 -3.4997e+01 -2.8453e+01  2.1997e+01 -3.7675e+01 -3.0693e+01  5.3342e+01  1.0000e+00
-5.2589e-01  1.8084e+00  2.9022e-01  4.3350e+00 -4.0182e+00 -5.0900e+00  7.8004e+00  1.0000e+00
-1.9125e+00  7.0987e+00  1.6100e+00 -2.8957e-01  5.9068e+00  8.7340e-01  5.9781e+00  1.0000e+00
-6.8723e-01  1.5932e+00  8.1817e-01 -9.5026e+00 -8.1732e+00  4.3338e+00  1.3262e+01  1.0000e+00
-1.0710e+01 -2.1957e+00 -7.4531e+00 -9.4519e+00 -2.1847e+00 -5.8579e+00  1.1332e+01  1.0000e+00
 5.1944e-01  1.3866e+00 -1.2294e+00  6.0930e+00  9.9451e-01 -1.2509e+01  1.3950e+01  1.0000e+00
 6.3593e-02  1.2346e-01  4.2459e-01  1.0127e+00  2.3346e+00  5.1987e+00  5.7881e+00  1.0000e+00
-4.3196e-01 -2.5518e+01 -1.8203e+01 -1.5008e+00 -2.6703e+01 -1.9254e+01  3.2955e+01  1.0000e+00
-1.3312e+00 -1.5545e+01 -5.9543e-01 -2.3264e+00 -3.7237e+01 -2.6049e+00  3.7400e+01  1.0000e+00
 7.6060e-02  1.4529e+00  7.7633e-01  2.7335e+01 -3.9611e+00  1.3351e+01  3.0678e+01  1.0000e+00
-2.0409e-01  1.1847e+00  3.3235e-01  2.1401e+00  1.9231e+01 -1.2880e+01  2.3244e+01  1.0000e+00
 9.3487e-01  1.8450e+00  4.5724e-01 -4.9261e+00  3.9096e+00 -5.8585e-01  6.3162e+00  1.0000e+00
 3.7312e-01  1.5153e+00  3.1085e-01 -3.5957e+00  5.8779e+00 -9.4666e+00  1.1709e+01  1.0000e+00
-4.9130e+01 -5.9154e+01  2.7715e+01 -5.1364e+01 -6.2584e+01  2.9541e+01  8.6184e+01  1.0000e+00
 5.8636e-01  1.7940e+00 -1.0345e-01 -5.5604e+00 -1.2376e+00  4.9782e+00  7.5652e+00  1.0000e+00
-3.8632e+00  7.1575e+00 -2.6427e+00 -2.6297e+00  5.7603e+00 -1.2246e+00  6.4495e+00  1.0000e+00
-7.4327e-01  2.2850e+00  5.9439e-01 -3.2955e+00  8.4079e+00  1.4821e+00  9.1515e+00  1.0000e+00
-6.5912e-01  1.9762e+00  2.1953e-01  1.3706e+01  6.4172e+00 -3.0606e+00  1.5441e+01  1.0000e+00
 5.0053e-01  7.8469e-01  7.8222e-01 -4.0165e+00 -1.9365e+00  3.4283e-01  4.4721e+00  1.0000e+00
 8.5750e-04  1.2238e+00  2.4338e-01  8.8517e-01 -1.5707e+00  8.6055e+00  8.7923e+00  1.0000e+00
-5.8995e-01  1.8981e+00  8.2872e-01 -1.2431e+01  2.5385e+00 -9.6638e-02  1.2688e+01  1.0000e+00
-1.6907e-01 -2.2355e+01  1.0610e+01 -1.7440e-01 -2.3176e+01  1.0845e+01  2.5589e+01  1.0000e+00
-2.9397e+01 -1.7405e+01 -1.0629e+01 -3.0658e+01 -1.7480e+01 -1.0449e+01  3.6805e+01  1.0000e+00
 5.2525e-03  1.1408e+00  2.0721e-01 -1.6560e+01 -9.8548e-01  9.2198e+00  1.8979e+01  1.0000e+00
-9.5067e-01  1.1837e+00  2.1887e-01  7.2200e-01  5.9444e+00 -5.7150e+00  8.2776e+00  1.0000e+00
 3.7881e+01 -1.3551e+01 -2.2009e+00  4.0588e+01 -1.4478e+01 -2.2776e+00  4.3153e+01  1.0000e+00
 8.7873e-01  8.2269e-01 -1.4305e-01  1.9505e+00  7.4888e-01 -1.0363e+01  1.0572e+01  1.0000e+00
 3.6787e+02 -4.5504e+02  2.9786e+02  3.8386e+02 -4.7418e+02  3.0947e+02  6.8408e+02  1.0000e+00
-9.5500e-02  1.5674e+00 -1.0725e-01 -9.5179e+00  8.6637e-01  1.1074e+01  1.4628e+01  1.0000e+00
-2.8205e-02  1.5382e+00 -7.4855e-02 -5.8196e+00  1.3394e+01  5.8681e-02  1.4604e+01  1.0000e+00
-2.6096e-01  1.6449e+00  1.0289e+00  2.6745e+00 -6.7335e-01  5.4931e+00  6.1466e+00  1.0000e+00
 2.0508e+01  1.6517e+01  1.6452e+00  2.1152e+01  1.6935e+01  1.8590e+00  2.7160e+01  1.0000e+00
-1.6941e+01 -4.3430e+00  9.3673e+00 -1.8214e+01 -4.6211e+00  1.0675e+01  2.1611e+01  1.0000e+00
 5.0606e+00 -2.8011e+01  1.3390e+00  5.2260e+00 -2.9200e+01  1.2181e+00  2.9688e+01  1.0000e+00
-6.5502e-01  1.9794e+00  8.2172e-01  1.1022e+00 -1.5242e+00  9.9121e+00  1.0089e+01  1.0000e+00
 1.2954e+00  1.2828e+01 -1.9926e+01  1.2279e+00  1.3068e+01 -2.0443e+01  2.4294e+01  1.0000e+00
-5.8545e+01  1.9722e+01  2.1378e+01 -6.8463e+01  2.3092e+01  2.4955e+01  7.6441e+01  1.0000e+00
-3.9432e-01  1.5272e+00  6.5060e-01 -1.3438e+01  7.9989e+00  4.3499e+00  1.6232e+01  1.0000e+00
 2.3415e-01  1.3545e+00  3.5474e-01  3.4375e+00  1.7007e+01  6.0819e+00  1.8386e+01  1.0000e+00
-4.0983e-01  1.4092e+00  3.4113e-01  1.5438e+01  2.8757e+00  6.1004e+00  1.6847e+01  1.0000e+00
-1.5338e+00  2.7525e+00 -4.9022e-01  1.5208e+00  1.6805e+00 -2.5320e+00  3.3982e+00  1.0000e+00
 2.8068e+00 -2.9110e+01  2.3149e+01  2.9580e+00 -3.1052e+01  2.4706e+01  3.9791e+01  1.0000e+00
 1.8210e+01 -3.4070e+01  1.3491e+01  2.3412e+01 -4.3952e+01  1.7138e+01  5.2665e+01  1.0000e+00
-2.0006e+00  1.5907e+01  2.6965e+00 -3.1723e+00  1.4715e+01  2.8969e+00  1.5329e+01  1.0000e+00
 1.6465e-01  1.4401e+00  6.4234e-01 -2.5571e+00 -1.4342e+01 -1.0855e+01  1.8168e+01  1.0000e+00
-2.3344e+00  5.1822e+00  2.0366e-02 -4.3333e+00  9.2836e+00  2.0255e-01  1.0247e+01  1.0000e+00
-5.7305e-02  1.4909e+00  7.1236e-02 -3.1006e+00  1.7979e+01 -5.1443e-01  1.8252e+01  1.0000e+00
 1.4443e+01 -4.3733e+00  7.6023e+00  1.4191e+01 -3.7041e+00  7.0472e+00  1.6272e+01  1.0000e+00
-4.7168e-01  2.0343e+00  7.5609e-01  9.7301e+00  2.8449e+00  1.1112e+01  1.5042e+01  1.0000e+00
-5.9584e-01  1.6219e+00  5.2408e-01 -1.2525e+01  2.8141e+00 -4.2042e+00  1.3508e+01  1.0000e+00
-5.8001e-01  1.4734e+00  8.5300e-01  4.8364e+00  1.1416e+01  1.7039e+00  1.2515e+01  1.0000e+00
-6.1155e+00 -5.2238e+00 -3.1194e+01 -6.3465e+00 -5.3915e+00 -3.2876e+01  3.3914e+01  1.0000e+00
-1.3027e+00  1.0175e-01  4.1705e+00  1.1357e+00  2.9824e+00 -2.4203e+00  4.0053e+00  1.0000e+00
 3.8415e+01 -7.9304e-01 -8.1970e+00  4.1114e+01 -7.3128e-01 -8.5449e+00  4.1999e+01  1.0000e+00
-7.3866e-01  1.7451e+00  7.1027e-02  1.1789e+00 -1.1629e+01  1.2476e+01  1.7096e+01  1.0000e+00
 1.3390e+01 -2.3543e+00  3.5109e+01  1.4302e+01 -2.8695e+00  3.7579e+01  4.0311e+01  1.0000e+00
 6.2994e-01  2.2320e-01  1.4099e+00  3.1668e+00 -4.6629e+00  1.4827e+00  5.8283e+00  1.0000e+00
 8.5999e-01  2.5572e+00  4.9214e-01  9.8368e-01 -2.2429e+00  8.8237e+00  9.1573e+00  1.0000e+00
-1.4869e+01  2.5442e+00  2.4362e+01 -1.5361e+01  2.6602e+00  2.5478e+01  2.9869e+01  1.0000e+00
-2.8868e+00  9.9394e+00 -5.6598e-01 -3.4108e+00  5.6996e+00 -6.7582e-01  6.6765e+00  1.0000e+00
-5.7056e-01  1.5865e+00  5.0885e-01  2.8190e+00 -7.7000e+00 -5.6727e+00  9.9708e+00  1.0000e+00
 9.6073e-01  5.9926e+01  3.8714e+01  2.7973e-01  6.3416e+01  4.0453e+01  7.5221e+01  1.0000e+00
-7.3433e+00  6.5738e+00 -1.9991e+00 -4.6648e+00  4.4591e+00 -2.3911e-01  6.4576e+00  1.0000e+00
-5.2448e-02  1.9950e+00  3.1052e-02 -1.2892e+01  1.1831e+01 -5.4066e+00  1.8315e+01  1.0000e+00
-4.5246e-01  1.7142e+00  7.2120e-01 -1.0086e+01 -2.2543e+00 -3.7957e+00  1.1009e+01  1.0000e+00
-2.1932e-01  1.8696e+00  3.0381e-01 -8.6780e+00 -6.1041e+00  7.6676e-01  1.0637e+01  1.0000e+00
-5.0776e-01  1.4864e+00  8.9106e-01 -1.4372e+01  4.0121e+00 -1.2527e+00  1.4974e+01  1.0000e+00
-1.5354e-01  1.3061e+00  5.2587e-01  1.2006e+01  1.0015e+01  6.6692e+00  1.6998e+01  1.0000e+00
-2.9089e+00  8.0410e-01  4.6388e+00  1.5650e+00  2.0841e+00 -1.0537e+00  2.8113e+00  1.0000e+00
-4.4902e-01  1.7234e+00  2.7076e-01  1.4365e+00  2.3501e+01  6.4426e-01  2.3553e+01  1.0000e+00
-2.2390e+01  1.8726e+01  6.2635e+00 -2.6811e+01  2.2388e+01  7.1311e+00  3.5650e+01  1.0000e+00
 4.1070e+00 -6.8922e+00  1.9808e+00  1.7723e+01 -3.0687e+01  6.1716e+00  3.5971e+01  1.0000e+00
-2.2192e-01  1.6883e+00  3.8392e-01 -3.3094e-01 -3.1307e-01  4.3413e+00  4.3651e+00  1.0000e+00
-7.9641e-01  1.6800e+00  4.3984e-01  1.5874e+01  8.4139e+00 -6.7607e+00  1.9196e+01  1.0000e+00
-2.5623e-01  1.4795e+00  2.7833e-02  7.8114e+00  2.9262e+00 -2.0494e+01  2.2127e+01  1.0000e+00
 1.2495e+01 -2.0828e+01 -1.0512e+01  1.3068e+01 -2.1324e+01 -1.0934e+01  2.7295e+01  1.0000e+00
-9.1345e-03  9.9064e-01  1.0261e+00  8.0765e+00 -2.6978e+00  8.1385e+00  1.1779e+01  1.0000e+00
 1.6548e+01  4.6817e+00 -3.6463e+01  1.7736e+01  5.2219e+00 -3.7940e+01  4.2205e+01  1.0000e+00
-2.5343e+00  1.3644e+01 -8.2369e+00 -2.4168e+00  1.2789e+01 -6.9767e+00  1.4767e+01  1.0000e+00
-3.3041e+01 -1.1490e+01  7.8357e+00 -3.5355e+01 -1.2059e+01  8.3483e+00  3.8276e+01  1.0000e+00
 4.1616e+01 -3.9929e+00 -1.6993e+01  4.4957e+01 -4.2806e+00 -1.8230e+01  4.8701e+01  1.0000e+00
 1.6194e+01 -8.9622e+01  5.5625e+01  1.7616e+01 -9.7711e+01  6.0738e+01  1.1639e+02  1.0000e+00
-4.4053e-01  1.3976e+00  6.3049e-01 -2.9195e+00 -3.0132e+01 -3.8292e+00  3.0515e+01  1.0000e+00
-4.1322e-01  1.1988e+00  2.5753e-01 -1.7503e+01 -1.0820e+01 -8.2648e+00  2.2175e+01  1.0000e+00
-5.9387e-01  1.3733e+00  5.0378e-01  2.9639e+00  1.7533e+01  9.2408e-01  1.7805e+01  1.0000e+00
-1.4899e-01  1.8827e+00  3.7795e-01  9.4486e+00  2.1826e+01 -6.4385e+00  2.4639e+01  1.0000e+00
-1.9863e+01 -9.5586e+00 -1.0154e+01 -2.0658e+01 -9.4258e+00 -1.0527e+01  2.5028e+01  1.0000e+00
-2.1911e-01  1.4579e+00  2.2682e-01 -1.0777e+01  1.4043e+01  6.2282e+00  1.8765e+01  1.0000e+00
-2.4079e-01  1.9916e+00  1.6884e+00 -5.8838e+00 -2.2429e+00  7.8450e+00  1.0060e+01  1.0000e+00
-8.2395e-01  1.5941e+00  2.3870e-01  5.9765e+00  1.6497e+00  8.3944e+00  1.0436e+01  1.0000e+00
-2.9067e-01  1.5546e+00  3.9201e-01  1.9171e+01  4.3799e+00 -3.5824e+00  1.9989e+01  1.0000e+00
 3.6195e+00 -2.7498e+00 -4.2049e+00  1.6982e+00  9.4439e-01 -1.6484e+00  2.5481e+00  1.0000e+00
 2.4293e-01  1.3216e+00  4.3984e-01  1.0542e+01 -6.1242e+00  5.8363e+00  1.3517e+01  1.0000e+00
 2.7720e-01  1.3379e+00  3.7550e-01 -1.2539e+00 -1.1114e+01 -1.1685e+00  1.1245e+01  1.0000e+00
 1.3507e+01 -1.6508e+01 -1.9844e+01  1.4057e+01 -1.7612e+01 -2.0478e+01  3.0448e+01  1.0000e+00
 1.1708e+01  5.4547e+00 -5.9464e+00  2.1843e+01  8.6360e+00 -1.0055e+01  2.5550e+01  1.0000e+00
 2.3304e-01  2.2217e+00  1.3909e+00 -3.6249e+00  9.2980e+00  5.7851e-01  9.9964e+00  1.0000e+00
-4.4212e-01  1.6603e+00  1.4213e-01 -2.5054e+00  4.1288e+00 -1.0723e+01  1.1760e+01  1.0000e+00
 5.1740e-01  2.0665e+00 -4.5824e-01  1.8007e-01  1.0499e+01  6.6399e+00  1.2424e+01  1.0000e+00
 2.0425e+01 -1.0085e+01 -1.3424e+01  3.0586e+01 -1.5804e+01 -2.0104e+01  3.9868e+01  1.0000e+00
-2.0535e-02  1.4880e+00  7.6869e-01 -5.6646e+00  8.3151e-01  9.9317e-01  5.8108e+00  1.0000e+00
-7.9829e-01  1.8232e+00  8.9485e-02  9.5178e+00 -4.1425e+00  3.7581e+00  1.1040e+01  1.0000e+00
-4.9151e+01  1.1831e+01  2.4219e+01 -6.0094e+01  1.4427e+01  2.9661e+01  6.8551e+01  1.0000e+00
-4.2421e-01  1.3485e+00  1.2841e-01 -6.8850e+00 -1.4010e+00 -9.0140e+00  1.1429e+01  1.0000e+00
 1.7590e+01  1.2781e+01 -1.2838e+00  1.7434e+01  1.3152e+01 -9.1889e-01  2.1858e+01  1.0000e+00
-5.8213e-01  1.3439e+00  7.3508e-01  1.3996e+01  1.2522e+00 -3.2553e+00  1.4424e+01  1.0000e+00
-3.8322e-01  1.7775e+00  4.9179e-01 -8.3602e+00 -1.2777e+01 -6.1979e+00  1.6479e+01  1.0000e+00
-4.3823e-01  1.5416e+00  3.4384e-01 -8.7607e+00  1.6873e+01 -4.6346e+00  1.9569e+01  1.0000e+00
 3.5257e+00  1.5563e+01 -8.9151e-01  3.6746e+00  1.4061e+01 -1.3092e+00  1.4592e+01  1.0000e+00
-3.6508e+02  4.5350e+02 -3.0372e+02 -3.7964e+02  4.7214e+02 -3.1702e+02  6.8377e+02  1.0000e+00
 4.6040e-01  1.8441e+00  1.1098e+00  9.8947e+00  5.5107e+00  1.3955e+01  1.7972e+01  1.0000e+00
-6.1583e-01  3.2709e+00  7.1964e-01  4.6214e+00 -2.3994e+00  2.1895e+00  5.6487e+00  1.0000e+00
-9.8161e-01  3.4593e+00  1.7902e-01  1.7945e+00 -6.5035e+00  2.0035e+00  7.0377e+00  1.0000e+00
-6.8837e-01  1.5869e+00  3.1060e-01 -1.4849e+01 -2.4016e-01  3.1796e+00  1.5187e+01  1.0000e+00
-6.7808e-01  2.0766e+00  9.3294e-01  7.2823e+00  2.2799e+00 -8.9246e+00  1.1742e+01  1.0000e+00
 1.2938e+01 -1.8920e+01 -1.8062e+01  1.1455e+01 -2.0425e+01 -2.0808e+01  3.1327e+01  1.0000e+00
-1.4487e+00  2.2092e+00 -2.3492e-01 -8.3099e+00  6.8027e+00 -4.8846e+00  1.1798e+01  1.0000e+00
-2.6920e-01  1.6041e+00 -1.7791e+00 -3.7417e+00  1.7880e+00 -8.1448e+00  9.1397e+00  1.0000e+00
-2.6248e-01  2.0164e+00  5.6005e-01  6.0318e+00  9.4597e+00  9.8224e+00  1.4911e+01  1.0000e+00
-2.8579e+01  1.8819e+00  2.4565e+01 -3.0492e+01  2.2580e+00  2.6371e+01  4.0377e+01  1.0000e+00
-5.5165e-01  1.4326e+00  6.2434e-01 -6.4507e+00  8.0150e+00  7.0280e+00  1.2460e+01  1.0000e+00
-5.1914e-01  1.4992e+00  3.3653e-01  5.7934e+00 -6.0890e-01  5.1269e+00  7.7601e+00  1.0000e+00
-1.9354e+01  1.7712e+01 -3.1231e+01 -2.0698e+01  1.9120e+01 -3.3431e+01  4.3722e+01  1.0000e+00
 3.2749e+01 -2.2301e+01  9.0773e+00  3.5052e+01 -2.3769e+01  9.7662e+00  4.3463e+01  1.0000e+00
 1.7075e+01 -1.0487e+01  1.9318e+01  1.7609e+01 -1.0815e+01  2.0250e+01  2.8933e+01  1.0000e+00
-1.1325e+00  1.5944e+00  1.8052e-01  9.8824e-01  9.8095e+00 -1.2260e+01  1.5732e+01  1.0000e+00
-4.3107e-01  1.4456e+00  6.3411e-01  8.1686e+00 -2.2633e+00 -5.8936e+00  1.0324e+01  1.0000e+00
-5.1110e-01  1.6313e+00  5.8155e-01 -1.1777e+01  1.4303e+01  1.8105e+01  2.5905e+01  1.0000e+00
-1.1850e+01  1.5666e+00  3.6890e+00 -9.7604e+00  9.4020e-01  2.6892e+00  1.0168e+01  1.0000e+00
 2.1619e-01  1.5846e+00  5.5465e-01  7.3805e+00  3.5479e+00  6.2043e-01  8.2124e+00  1.0000e+00
-1.3728e-01  1.2862e+00  6.4191e-01 -2.2474e+00 -7.7248e+00 -1.8820e+00  8.2623e+00  1.0000e+00
-3.0020e-01  1.8523e+00  2.1914e-01 -1.5456e+01  1.7579e+01 -5.9273e-01  2.3415e+01  1.0000e+00
 2.7695e-01  1.3772e+00  3.4598e-02  3.6846e+00  4.6963e+00  4.0528e+00  7.2150e+00  1.0000e+00
-1.1972e+01  1.2288e+01 -9.9908e+00 -1.1629e+01  1.2900e+01 -9.6553e+00  1.9871e+01  1.0000e+00
-1.3555e+00  1.7682e+00 -3.3530e-02 -1.2598e+00 -5.9512e+00 -2.9516e+00  6.7613e+00  1.0000e+00
-9.7628e+00  6.1750e+00 -2.3714e+01 -1.0191e+01  6.3995e+00 -2.4479e+01  2.7277e+01  1.0000e+00
-4.0811e+00  1.3840e+01  5.2471e+00 -5.1700e+00  1.2220e+01  3.7699e+00  1.3794e+01  1.0000e+00
-3.1085e+01 -6.6769e+00 -8.3348e+00 -3.3253e+01 -6.8839e+00 -8.3465e+00  3.4969e+01  1.0000e+00
 2.9207e-01  5.7119e-01  1.3757e+00  3.1155e+00  3.4808e+00  1.1478e-01  4.6729e+00  1.0000e+00
-2.0498e-01  5.1557e-01 -2.1357e+00 -3.9727e-01  3.9153e+00  7.4617e+00  8.4359e+00  1.0000e+00
-1.6003e-03  1.4714e+00  5.6274e-01  1.7719e+01  1.7153e+00  4.7435e+00  1.8423e+01  1.0000e+00
 2.6410e+00  1.3629e+00 -8.3725e-01  4.0667e+00 -2.3937e-01  2.9598e+00  5.0354e+00  1.0000e+00
-3.5545e-01  1.9541e+00  1.0065e-01 -1.3114e+01  1.6120e+00 -1.3108e+01  1.8612e+01  1.0000e+00
-2.4048e-01  1.5020e+00  3.3776e-01 -2.1341e+01  8.6587e-01  3.7157e+00  2.1680e+01  1.0000e+00
 4.1418e-01  3.3294e+00  1.8275e+00 -5.4701e-01  1.2290e+00 -6.6315e-01  1.4998e+00  1.0000e+00
 1.5770e+00  3.7388e-01 -1.2308e+00 -7.6595e+00  6.9779e+00 -7.4609e-01  1.0388e+01  1.0000e+00
 2.5842e+00  8.1125e+00 -2.6628e+00  3.2926e+00  9.4311e+00 -4.1808e+00  1.0829e+01  1.0000e+00
-7.3169e-01  2.9753e+00  3.9912e-01 -5.0822e+00  1.2894e-02  5.1988e-01  5.1087e+00  1.0000e+00
-3.9736e+01  4.3116e+01 -2.6161e+01 -4.1903e+01  4.4145e+01 -2.6605e+01  6.6427e+01  1.0000e+00
-4.7341e-01  1.3004e+00  1.2136e+00 -1.2954e+00  1.8763e+00  9.8941e-01  2.4855e+00  1.0000e+00
 6.2980e-01 -9.6023e-02  6.0132e-01  7.8471e+00  2.1513e+00 -1.6605e+00  8.3043e+00  1.0000e+00
-1.3342e+01 -6.5180e+00 -1.3081e+01 -1.9517e+01 -1.0574e+01 -1.9869e+01  2.9791e+01  1.0000e+00
-4.9967e-01  9.2704e-01 -1.5151e-01 -1.7288e-01 -2.1673e+00  9.3957e-01  2.3685e+00  1.0000e+00
-6.4898e-01 -2.1277e+01 -1.1819e+01 -5.8866e-01 -2.1730e+01 -1.2405e+01  2.5029e+01  1.0000e+00
-8.0297e-01  1.4355e+00  2.3895e-01  3.1730e+00 -2.0765e+00 -1.2601e+01  1.3159e+01  1.0000e+00
 1.2982e+01 -1.8865e+01 -1.8072e+01  1.5847e+01 -1.8867e+01 -1.6925e+01  2.9892e+01  1.0000e+00
-2.8117e-01  1.4670e+00  2.2960e-01  1.9936e+01  1.2169e+01  4.3078e+00  2.3750e+01  1.0000e+00
-4.6036e+01  1.1687e+01 -2.4190e+01 -9.0973e+01  2.1555e+01 -4.8357e+01  1.0526e+02  1.0000e+00
 1.8037e+00  1.2680e+01  4.8955e+00  2.3338e+00  1.0923e+01  3.6099e+00  1.1739e+01  1.0000e+00
 6.5228e+00 -1.3062e+01  2.0729e+01  6.9964e+00 -1.3384e+01  2.1606e+01  2.6361e+01  1.0000e+00
-1.6873e+00 -1.0363e-02 -3.2063e-01 -1.7148e+01 -2.2299e+01 -9.9155e+00  2.9826e+01  1.0000e+00
-2.7366e+01  1.5531e+01 -6.2811e+00 -4.2256e+01  2.3308e+01 -9.8968e+00  4.9263e+01  1.0000e+00
-6.3085e-01  1.8551e+00  5.0274e-01 -5.0288e+00  7.8781e+00 -5.6851e-01  9.3636e+00  1.0000e+00
-7.2979e-01  1.3931e+00  6.8950e-02 -8.1856e+00  3.3217e+00  4.4144e+00  9.8754e+00  1.0000e+00
-1.5177e+01 -5.1395e+00  8.9500e+00 -1.4788e+01 -5.0505e+00  8.4332e+00  1.7757e+01  1.0000e+00
-5.7828e-01  1.2665e+00  7.8895e-01 -3.9270e+00  1.5105e+01  8.4325e+00  1.7740e+01  1.0000e+00
-3.9206e+00  9.6740e+00  1.4472e+00 -8.8869e+00  1.9897e+01  2.7218e+00  2.1961e+01  1.0000e+00
 2.4895e+01 -3.1843e+01 -2.5536e+00  2.6805e+01 -3.4025e+01 -2.7874e+00  4.3405e+01  1.0000e+00
-5.4046e-01  1.9268e+00  6.1805e-01  1.0123e+01 -1.9739e+01 -7.6336e+00  2.3460e+01  1.0000e+00
 7.6981e-01 -2.4452e+00  1.7569e+00 -1.2201e+00 -4.6773e-01  1.3528e+00  1.8809e+00  1.0000e+00
-1.4477e-01  2.0580e+00 -1.1154e-01 -1.0530e+01 -1.5392e+00 -2.9027e+00  1.1031e+01  1.0000e+00
 4.6635e-01  1.6850e+00  8.5680e-01 -1.3826e+01  6.9032e+00 -5.2744e+00  1.6329e+01  1.0000e+00
-1.9087e+00  2.7032e+00 -2.9339e+00 -2.6570e+00  2.9934e+00 -6.8328e+00  7.9187e+00  1.0000e+00
-2.8568e-02  1.7561e+00  2.2463e-01  1.1553e+01 -7.4681e+00  8.8525e+00  1.6359e+01  1.0000e+00
 1.8898e-02  1.7046e+00  5.6597e-01  1.4423e+01 -8.9666e+00  1.9394e+01  2.5779e+01  1.0000e+00
-6.9920e+00 -2.0017e+00 -1.2645e+00 -4.4184e+00 -9.7086e-02 -2.3345e-01  4.4256e+00  1.0000e+00
-4.6276e-01  1.5584e+00  6.8741e-01 -1.0706e+01  3.8902e+01  1.9288e+01  4.4721e+01  1.0000e+00
-2.1389e-01  1.9911e+00  4.9624e-01 -2.9736e+00  4.2319e-01  6.2957e+00  6.9755e+00  1.0000e+00
-5.2481e-01  1.5050e+00  5.9195e-01  2.1308e+01  1.7253e+00  3.2352e+00  2.1621e+01  1.0000e+00
-3.8217e-01  1.2044e+00  3.6074e-01  1.3880e+01 -4.1536e+00  3.5882e+00  1.4926e+01  1.0000e+00
-6.6777e-02  1.9231e+00  7.2688e-02 -8.7475e+00 -7.9944e+00 -9.6471e+00  1.5281e+01  1.0000e+00
-4.8426e-01  1.2681e+00  8.2017e-02 -2.1729e+01 -3.9865e+00 -9.9616e+00  2.4234e+01  1.0000e+00
 8.3624e+00 -1.9006e+01 -5.0698e+00  2.1689e+01 -5.0288e+01 -1.3213e+01  5.6337e+01  1.0000e+00
-1.6106e+00  1.9023e+00  3.6776e-01 -5.0522e+00  5.0158e+00  3.0623e+00  7.7499e+00  1.0000e+00
-5.6440e+01  4.5510e+01  2.1259e+01 -8.1274e+01  6.5132e+01  3.0714e+01  1.0859e+02  1.0000e+00
 7.6416e-02  1.3919e+00  2.5637e-01  1.2571e+01  3.2451e+00 -2.3232e+01  2.6613e+01  1.0000e+00
-3.2564e-01  2.0971e+00  1.0137e+00 -9.6570e+00  1.0376e+01  5.8840e+00  1.5348e+01  1.0000e+00
-1.8254e+02  5.9328e+00  1.6406e+02 -2.4181e+02  7.3671e+00  2.1773e+02  3.2547e+02  1.0000e+00
-4.9486e-01  1.2934e+00  9.2659e-01 -7.6585e+00  1.0183e+01 -1.6189e+00  1.2844e+01  1.0000e+00
 6.0508e-01  1.9677e+00  8.2914e-01  9.7888e+00  3.6640e+00  7.1300e-01  1.0476e+01  1.0000e+00
 4.2189e-02  1.5060e+00  6.3503e-01 -1.0590e+00  2.1089e+00  1.1804e+01  1.2038e+01  1.0000e+00
-4.5152e+00  6.6154e+00  1.7204e+01 -4.1894e+00  5.8977e+00  1.5699e+01  1.7286e+01  1.0000e+00
 6.1198e+00  3.0226e+00  1.8288e+00  7.2844e-01  2.2211e+00  1.1539e+00  2.6068e+00  1.0000e+00
 1.3277e+01 -7.8237e+00 -1.1312e+01  1.3062e+01 -7.9694e+00 -1.0956e+01  1.8819e+01  1.0000e+00
 8.0754e-01  1.8627e+00 -1.0550e-01 -1.2933e+00 -9.3525e-01  7.5146e+00  7.6822e+00  1.0000e+00
 1.9746e+01 -2.0035e+01 -2.9562e+01  2.1263e+01 -2.1418e+01 -3.1448e+01  4.3587e+01  1.0000e+00
-4.3685e-01  1.2339e+00  6.5223e-02 -3.2802e-01  6.0577e+00  9.7045e+00  1.1445e+01  1.0000e+00
-2.4213e-01  1.9976e+00  4.9224e-01 -6.0659e+00 -5.1704e+00 -1.0800e+01  1.3422e+01  1.0000e+00
-6.3703e-01  1.3204e+00  9.6409e-02 -1.0928e+00 -9.0000e+00 -2.6976e+00  9.4589e+00  1.0000e+00
-1.5782e+01 -2.5443e+01 -2.3848e+01 -2.4908e+01 -4.1507e+01 -3.8277e+01  6.1712e+01  1.0000e+00
 5.8020e-01  1.6085e+00  8.0652e-01  3.5070e-01  5.3306e+00 -3.8003e+00  6.5559e+00  1.0000e+00
-1.0693e-01  1.6400e+00  5.8509e-01 -1.9116e+01 -1.3824e+01  4.1352e+00  2.3950e+01  1.0000e+00
-1.2736e+00  1.4345e+00  5.5812e-01 -6.1181e+00 -2.0220e+00 -5.3360e+00  8.3661e+00  1.0000e+00
 1.9641e-01  2.0624e+00  1.6856e+00  5.5883e-01  1.9744e-01  2.5542e+00  2.6221e+00  1.0000e+00
 4.1150e-01  1.6189e+00  5.6060e-02 -7.5088e+00  1.1852e+01 -6.4648e+00  1.5448e+01  1.0000e+00
-9.3455e-01  2.5011e+00  1.6033e+00  4.4566e+00 -3.4542e+00 -9.4108e+00  1.0971e+01  1.0000e+00
-4.7241e+00  7.4432e+00  2.0851e+01 -4.4082e+00  7.7496e+00  2.0925e+01  2.2745e+01  1.0000e+00
-7.9927e-01  9.8096e-01  4.5706e-01  6.3153e+00  5.1383e+00  1.8716e+01  2.0411e+01  1.0000e+00
-5.6011e-01  2.0730e+00  6.0533e-01 -8.5185e+00 -4.4114e-01 -5.6519e+00  1.0233e+01  1.0000e+00
-4.2825e-01  1.4670e+00  3.1334e-01 -5.6699e+00  6.9409e-01  2.5382e+00  6.2508e+00  1.0000e+00
 5.7215e-01  1.4113e+00  3.1608e-01  2.1371e+00 -2.7765e+00 -6.0850e+00  7.0216e+00  1.0000e+00
 1.4869e+01 -3.7438e+01  6.6657e+01  1.5600e+01 -3.9382e+01  7.0865e+01  8.2560e+01  1.0000e+00
 2.8646e+01  5.4446e+00  2.7080e+01  3.0584e+01  5.7592e+00  2.9097e+01  4.2605e+01  1.0000e+00
-3.1991e+00  1.0058e+00 -1.6981e+00  1.6881e+00 -8.1259e-01 -2.5383e+00  3.1549e+00  1.0000e+00
-1.8456e-01  2.0167e+00 -4.7241e-01  1.0048e+00  3.0952e+00 -3.4330e+00  4.7302e+00  1.0000e+00
-5.2701e-01  1.4286e+00 -1.6984e-03 -5.4245e+00 -1.1981e+01  6.2563e+00  1.4564e+01  1.0000e+00
-7.5407e+00  5.0191e+00  2.9836e+01 -7.9549e+00  5.5168e+00  3.1451e+01  3.2907e+01  1.0000e+00
-1.9527e+01 -3.3150e+00 -1.8428e+01 -2.0232e+01 -2.4749e+00 -1.8689e+01  2.7654e+01  1.0000e+00
-3.5745e+00  8.0763e-01  1.9011e+00 -6.2132e+00 -1.4141e+00  2.3740e+00  6.7999e+00  1.0000e+00
-1.0842e+01 -1.8871e+01 -1.3849e+00 -1.1956e+01 -2.1751e+01 -1.2700e+00  2.4853e+01  1.0000e+00
-6.3909e-02  3.7743e+00  2.1558e-01 -3.4629e+00  9.6556e+00  1.2562e-01  1.0259e+01  1.0000e+00
-5.9272e-01  1.7528e+00  4.3913e-01  1.2073e+01  6.0910e+00  2.8578e+00  1.3821e+01  1.0000e+00
-9.3526e-01  1.1503e+00  4.4076e-01  1.6341e+01  1.6719e+01  1.5577e+00  2.3430e+01  1.0000e+00
-4.2231e-01  1.7728e+00  1.3686e-01  4.4098e+00 -2.4286e+00  2.7093e+00  5.7170e+00  1.0000e+00
-2.6665e-01  1.4690e+00 -5.6254e-03  2.9941e+00 -4.4547e-01 -1.1760e+01  1.2143e+01  1.0000e+00
-1.0222e+01  3.2363e+01 -4.1439e+00 -1.0746e+01  3.4271e+01 -4.3194e+00  3.6175e+01  1.0000e+00
 3.9271e+00  2.6633e+00  5.2189e+00 -3.2451e-01  3.6743e+00  2.7006e+00  4.5715e+00  1.0000e+00
-1.7893e+01 -1.1124e-01 -4.6813e+00 -1.7375e+01  4.2414e-01 -4.6550e+00  1.7993e+01  1.0000e+00
 2.0065e+00  2.1179e+00 -2.5009e+00  1.3104e-02  6.9484e-01  3.7376e+00  3.8017e+00  1.0000e+00
-1.4362e+01 -5.2528e+00  9.8979e+00 -1.4055e+01 -4.3142e+00  9.4148e+00  1.7458e+01  1.0000e+00
-4.2718e-01  2.6251e+00  6.8745e-01 -2.9184e+00  8.1862e+00  3.9041e+00  9.5275e+00  1.0000e+00
 3.8048e+01  1.3829e+01  3.1604e+00  4.0607e+01  1.4925e+01  3.3196e+00  4.3390e+01  1.0000e+00
 1.3565e+01  1.8751e+01  2.6589e+00  1.3965e+01  1.8987e+01  3.0567e+00  2.3767e+01  1.0000e+00
-2.9829e+01 -1.7868e+01 -1.1008e+01 -3.2715e+01 -1.9675e+01 -1.2537e+01  4.0182e+01  1.0000e+00
 2.8910e+00  3.0461e+00 -2.2957e+00  4.0220e+00 -1.3358e-01 -4.9860e+00  6.4073e+00  1.0000e+00
-2.9041e+01 -6.2182e-01 -7.6220e+00 -3.0602e+01 -4.6510e-01 -8.0769e+00  3.1653e+01  1.0000e+00
 2.9827e-01  1.5380e+00  8.9685e-01 -4.2099e+00  2.7826e+00 -2.5915e+00  5.6729e+00  1.0000e+00
-3.7492e-01  1.1675e+00 -1.5388e-03  2.3157e+00 -2.8965e+00 -1.2260e+00  3.9058e+00  1.0000e+00
-5.7299e+00  2.3443e+01 -9.0074e+00 -5.4222e+00  2.4575e+01 -9.5349e+00  2.6912e+01  1.0000e+00
 3.8223e+01  3.1183e+01 -2.3954e+01  4.7150e+01  3.8151e+01 -2.9437e+01  6.7418e+01  1.0000e+00
-6.0062e-01  1.4086e+00  1.2555e+00  5.5448e+00  9.0906e+00  3.7402e+00  1.1286e+01  1.0000e+00
-9.0708e-02  7.6796e-01  2.2423e+00 -7.0482e-02 -6.6356e+00  1.2256e+01  1.3938e+01  1.0000e+00
-6.8332e-01  1.1487e+00  5.3789e-01 -1.6546e+00  1.1031e+00 -1.5419e+01  1.5547e+01  1.0000e+00
 4.3947e+00 -2.9145e+00  1.0724e+00  1.2389e+00  1.2004e+00  3.9589e+00  4.3184e+00  1.0000e+00
 2.8691e+00 -9.8267e-01  7.0700e-01 -5.7367e-02  3.9506e+00 -6.9135e-01  4.0111e+00  1.0000e+00
-1.1246e+00  1.5618e+00  1.3431e+00 -6.0853e-01  6.7877e+00 -2.1259e+00  7.1388e+00  1.0000e+00
-2.2840e+01 -1.1530e+01 -4.0189e+01 -2.4793e+01 -1.2593e+01 -4.3820e+01  5.1899e+01  1.0000e+00
-4.0607e+01 -1.3433e+01 -1.3809e+00 -4.3677e+01 -1.4192e+01 -1.5554e+00  4.5951e+01  1.0000e+00
 4.2713e+00 -2.7475e+00 -4.4253e+00  2.8540e+00  3.1052e-02 -4.7423e-01  2.8933e+00  1.0000e+00
 4.0966e+01  7.1679e+00 -4.3020e+00  4.3875e+01  7.9066e+00 -4.6887e+00  4.4828e+01  1.0000e+00
-3.3448e-01  1.5853e+00  5.4195e-01  1.8004e+01  1.5042e+01  2.5567e+00  2.3600e+01  1.0000e+00
 5.0746e-01  2.6831e+00  3.1672e+00  9.9404e+00  1.1094e+01  2.1598e+01  2.6237e+01  1.0000e+00
-6.8410e-01  1.5514e+00  3.0176e-01 -3.6135e-01  1.3753e+00 -1.1281e+01  1.1370e+01  1.0000e+00
-5.4740e+00  2.3208e+00 -3.9394e-02 -8.6020e+00  2.5708e+00  5.2659e-01  8.9934e+00  1.0000e+00
-1.6201e+00  1.5924e+00  3.7403e-01 -3.6140e+00  6.6478e+00 -2.6310e+00  8.0111e+00  1.0000e+00
 1.5284e-01  1.8170e+00  1.5233e-01  8.5020e-01  2.5371e+00  1.0423e+01  1.0761e+01  1.0000e+00
-2.4605e-01  9.1036e-01  5.5707e-01 -1.8362e+01  3.0561e+00 -2.5631e-03  1.8614e+01  1.0000e+00
-1.5946e+01  1.3552e+01 -2.4339e+00 -1.5867e+01  1.3400e+01 -2.1832e+00  2.0882e+01  1.0000e+00
-8.8726e-01  1.5737e+00  9.5888e-01  1.4552e+01 -6.1855e-01  3.2333e+00  1.4920e+01  1.0000e+00
-1.5846e+01 -4.7404e+00 -2.5292e-01 -1.4839e+01 -4.4041e+00 -4.2290e-01  1.5484e+01  1.0000e+00
 4.4789e-01  1.2996e+00  5.5800e-01  4.8891e+00  3.4776e+00 -6.3603e+00  8.7436e+00  1.0000e+00
 3.4277e+00  3.5528e+00 -1.2033e+00  1.5338e+01  1.0600e+01 -6.8088e+00  1.9849e+01  1.0000e+00
-2.4033e-01  1.4060e+00  7.4154e-01 -3.5681e+00 -1.5682e+01  7.3692e+00  1.7691e+01  1.0000e+00
 4.6003e-02  8.8040e-01  6.9635e-01  1.1210e+01 -1.0069e+01 -3.3327e+00  1.5432e+01  1.0000e+00
 1.3085e+01 -3.2180e+01 -1.5529e+01  1.4000e+01 -3.4203e+01 -1.6546e+01  4.0492e+01  1.0000e+00
-2.9378e+01 -5.1428e+00  2.6446e+01 -3.1470e+01 -5.2537e+00  2.8318e+01  4.2660e+01  1.0000e+00
 1.4755e-01  1.0760e+00  8.1492e-01  1.3635e+00  3.6458e+00  5.5343e+00  6.7660e+00  1.0000e+00
-2.6997e+00 -3.1630e-01 -3.2665e+00  2.6878e-01  3.1156e+00  2.8838e+00  4.2538e+00  1.0000e+00
-1.1533e-01  9.9949e-01  2.7755e-01  4.1202e+00 -1.1862e+01 -1.4527e+00  1.2641e+01  1.0000e+00
-4.6835e-01  1.7762e+00  4.1126e-01 -4.8692e+00  2.4568e+01  2.2453e+00  2.5146e+01  1.0000e+00
-2.3763e+00 -2.6055e+01 -1.8456e+01 -1.7834e+00 -2.7713e+01 -1.9812e+01  3.4113e+01  1.0000e+00
-3.5489e+00  6.1766e+00 -4.0280e+00 -1.6621e+00  3.1963e+00 -2.8276e-01  3.6137e+00  1.0000e+00
-1.3688e+00  1.3404e+00  7.7579e-02 -4.6725e+00  4.6752e+00  7.2631e+00  9.8206e+00  1.0000e+00
-5.2665e-01  1.7515e+00  5.2701e-01  1.1221e+01 -1.3995e+01 -1.1872e-01  1.7938e+01  1.0000e+00
 1.7377e+00  1.1009e+00 -2.3446e-01  5.9334e+00 -1.8345e+00 -5.9052e-01  6.2386e+00  1.0000e+00
-5.4610e+00  2.3563e+01 -9.6983e+00 -5.9164e+00  2.3882e+01 -9.2212e+00  2.6275e+01  1.0000e+00
-5.0788e-01  1.5430e+00  2.5720e-01 -8.0973e-01  9.0117e+00  2.0586e+01  2.2487e+01  1.0000e+00
 1.1339e+00  4.6141e+00  2.8571e+01  1.8325e+00  5.0829e+00  2.8162e+01  2.8676e+01  1.0000e+00
 3.5891e-01  5.5265e+00 -3.3706e+00  1.7778e-01  3.3840e+00 -2.3065e+00  4.0992e+00  1.0000e+00
-3.5463e-01  1.1187e+00  7.6424e-01  1.7141e+00  3.3513e+00 -7.7610e+00  8.6257e+00  1.0000e+00
-4.4918e-01  1.6595e+00  5.2512e-01 -1.0949e+01  2.3815e+01 -8.8173e+00  2.7654e+01  1.0000e+00
-1.9672e-01  1.4846e+00  5.2121e-01 -6.4415e+00  2.6484e+00 -1.4177e+01  1.5795e+01  1.0000e+00
 8.8678e+00  1.8130e+01  9.6085e+00  9.0776e+00  1.8407e+01  9.5262e+00  2.2627e+01  1.0000e+00
 1.3693e-01  1.4211e+00  1.1428e-01  7.6973e+00  1.0228e+01  1.7472e+00  1.2920e+01  1.0000e+00
-1.7760e+00  1.9527e+00  7.4736e-02 -1.6757e+01  2.5128e+00 -2.7702e+00  1.7170e+01  1.0000e+00
-1.6178e-01  1.5349e+00  1.0742e-01  9.7468e+00  9.1826e+00 -5.1914e+00  1.4362e+01  1.0000e+00
-1.1525e+00  1.5814e+00 -3.2462e-01 -7.9228e+00  1.2923e+01 -4.0137e+00  1.5681e+01  1.0000e+00
-6.8997e-01  1.6569e+00  7.5763e-01 -1.7930e+01 -5.6843e+00 -9.9224e-01  1.8836e+01  1.0000e+00
-3.9455e-01  1.8931e+00  9.6494e-02  1.0821e+01 -2.6478e+00  4.8384e+00  1.2146e+01  1.0000e+00
 1.3787e+01 -9.9942e+00 -1.5927e+00  1.3261e+01 -9.4070e+00 -1.3144e+00  1.6312e+01  1.0000e+00
-4.8447e-01  2.0117e+00  4.7784e-01  1.2120e+01  1.1468e+01  5.6201e+00  1.7606e+01  1.0000e+00
 2.5298e+01 -4.8426e+01  3.1025e+01  2.5206e+01 -5.0297e+01  3.2422e+01  6.4933e+01  1.0000e+00
-3.7136e-01  2.7818e+00 -2.0591e+00 -1.2768e-01 -4.2516e+00 -3.6479e+00  5.6036e+00  1.0000e+00
 2.6504e+00 -1.3652e+01 -3.9065e+01  2.7433e+00 -1.4554e+01 -4.1802e+01  4.4348e+01  1.0000e+00
-1.0668e+01 -1.5274e+01 -2.6297e+01 -1.1651e+01 -1.6116e+01 -2.7821e+01  3.4198e+01  1.0000e+00
-1.7955e+00 -2.7890e+01  3.0105e+00 -1.7129e+00 -2.9281e+01  3.1482e+00  2.9499e+01  1.0000e+00
-3.9232e+01 -1.9727e+01 -1.0226e+01 -4.2338e+01 -2.1061e+01 -1.0972e+01  4.8544e+01  1.0000e+00
-7.8634e-01  1.4095e+00  2.8948e-01 -5.6238e+00 -2.1549e+00 -1.6831e+01  1.7876e+01  1.0000e+00
-3.1249e+01 -7.6708e+00 -5.8840e+00 -3.3213e+01 -8.0980e+00 -6.2887e+00  3.4760e+01  1.0000e+00
-1.0885e+00  1.9303e+00 -4.8189e-01 -6.4641e+00  5.9075e+00  2.6397e-01  8.7609e+00  1.0000e+00
-3.2580e-01  1.8259e+00 -2.2604e-01  3.6837e-01 -3.6215e+00  5.1087e+00  6.2730e+00  1.0000e+00
-4.8222e+00  3.4136e-01 -1.5394e+01 -4.8231e+00  8.1106e-01 -1.6012e+01  1.6742e+01  1.0000e+00
-3.6208e-01  1.5142e+00  5.5936e-01  2.6815e+01  3.9458e+00 -4.6715e+00  2.7503e+01  1.0000e+00
-2.6674e-01  1.6383e+00  5.2443e-01  2.9287e+00 -4.1895e+00 -9.8299e+00  1.1080e+01  1.0000e+00
